7777
1 121 0
2 22 1
3 202 1
4 12 1
5 247 1
6 58 0
7 211 1
8 70 0
9 243 0
10 97 1
11 275 1
12 51 1
13 254 1
14 271 1
15 202 0
16 132 0
17 93 0
18 252 1
19 169 0
20 118 0
21 54 1
22 47 1
23 262 0
24 23 1
25 141 1
26 193 1
27 35 1
28 99 1
29 137 0
30 115 0
31 147 0
32 81 1
33 173 1
34 276 0
35 77 0
36 270 1
37 51 1
38 168 0
39 206 0
40 8 1
41 114 0
42 245 1
43 186 1
44 179 0
45 163 0
46 81 0
47 282 0
48 31 1
49 267 1
50 278 0
51 214 0
52 247 1
53 24 0
54 59 1
55 117 1
56 89 0
57 8 1
58 121 0
59 158 1
60 227 0
61 75 0
62 112 0
63 242 0
64 2 1
65 253 1
66 73 0
67 18 1
68 182 0
69 215 0
70 44 1
71 48 0
72 14 1
73 239 0
74 282 1
75 176 1
76 168 1
77 38 1
78 88 0
79 225 0
80 269 0
81 112 1
82 104 0
83 143 1
84 235 1
85 7 0
86 172 1
87 152 0
88 174 1
89 61 1
90 238 1
91 155 1
92 259 1
93 197 1
94 214 0
95 148 1
96 28 1
97 16 0
98 161 1
99 159 1
100 258 1
101 124 1
102 253 1
103 65 0
104 148 1
105 73 1
106 135 1
107 12 1
108 162 1
109 192 1
110 50 1
111 50 0
112 80 1
113 273 1
114 287 1
115 118 1
116 80 1
117 134 1
118 30 0
119 241 1
120 98 1
121 45 0
122 282 1
123 77 0
124 7 1
125 271 1
126 58 0
127 198 0
128 158 1
129 182 1
130 93 1
131 149 0
132 22 1
133 278 0
134 255 0
135 263 1
136 282 0
137 35 0
138 106 1
139 167 1
140 122 1
141 202 1
142 239 1
143 90 1
144 290 1
145 1 1
146 21 1
147 6 1
148 205 0
149 128 1
150 252 1
151 2 1
152 117 1
153 256 0
154 213 1
155 78 1
156 20 0
157 256 1
158 99 0
159 137 0
160 68 1
161 252 1
162 60 1
163 196 1
164 22 0
165 206 0
166 133 1
167 257 1
168 48 1
169 245 1
170 127 1
171 46 0
172 53 1
173 178 0
174 98 1
175 21 0
176 194 1
177 288 0
178 43 1
179 260 1
180 257 0
181 80 1
182 185 1
183 120 0
184 40 1
185 235 0
186 169 1
187 86 1
188 2 1
189 145 1
190 289 1
191 7 1
192 211 1
193 187 0
194 259 1
195 59 1
196 102 1
197 64 1
198 248 0
199 262 1
200 0 1
201 196 1
202 228 1
203 132 1
204 255 1
205 101 1
206 184 1
207 218 1
208 144 1
209 129 1
210 42 1
211 78 1
212 68 1
213 172 1
214 37 0
215 53 1
216 121 0
217 237 1
218 271 0
219 59 1
220 96 1
221 261 1
222 9 0
223 155 1
224 73 1
225 38 1
226 212 1
227 0 1
228 259 1
229 14 1
230 87 0
231 104 0
232 57 1
233 68 0
234 191 0
235 14 1
236 27 0
237 47 0
238 234 0
239 253 1
240 226 0
241 163 0
242 116 1
243 168 1
244 106 1
245 152 1
246 282 1
247 172 1
248 110 0
249 117 1
250 107 0
251 69 1
252 177 1
253 203 1
254 90 1
255 168 1
256 165 0
257 204 0
258 265 0
259 137 0
260 5 0
261 14 0
262 58 1
263 75 1
264 198 1
265 209 1
266 64 0
267 211 0
268 166 1
269 102 1
270 28 1
271 52 0
272 112 1
273 277 1
274 110 0
275 198 1
276 184 1
277 173 1
278 200 1
279 150 1
280 181 1
281 184 1
282 118 1
283 228 1
284 259 0
285 20 0
286 112 0
287 252 1
288 132 1
289 20 1
290 101 1
291 97 1
292 201 1
293 268 1
294 258 1
295 280 1
296 259 1
297 135 1
298 17 1
299 142 1
300 204 1
301 13 1
302 37 0
303 250 0
304 274 1
305 151 0
306 259 0
307 110 1
308 289 1
309 81 1
310 278 1
311 146 0
312 274 1
313 103 0
314 155 0
315 17 1
316 179 0
317 94 0
318 97 1
319 126 0
320 94 0
321 196 0
322 6 0
323 33 0
324 165 0
325 1 1
326 216 1
327 138 1
328 199 1
329 262 1
330 258 0
331 163 0
332 112 1
333 134 1
334 81 1
335 30 1
336 17 1
337 39 1
338 273 0
339 28 1
340 248 1
341 40 0
342 208 1
343 113 1
344 191 1
345 211 1
346 135 1
347 45 0
348 111 1
349 167 1
350 179 1
351 138 1
352 164 1
353 251 1
354 20 1
355 33 0
356 80 1
357 182 0
358 283 1
359 144 0
360 150 1
361 113 0
362 209 1
363 243 1
364 78 0
365 252 1
366 87 1
367 226 1
368 16 1
369 137 1
370 206 0
371 14 1
372 275 1
373 23 1
374 231 0
375 222 1
376 3 1
377 116 0
378 234 1
379 273 1
380 280 0
381 51 1
382 74 0
383 68 1
384 172 0
385 158 1
386 148 1
387 113 1
388 108 1
389 140 1
390 75 0
391 200 1
392 177 0
393 61 0
394 156 1
395 174 0
396 49 1
397 254 1
398 273 1
399 244 0
400 8 1
401 273 1
402 54 1
403 29 1
404 3 1
405 272 1
406 271 0
407 187 1
408 239 1
409 18 1
410 32 1
411 21 1
412 219 0
413 235 0
414 78 1
415 65 1
416 71 1
417 14 0
418 204 1
419 28 0
420 243 1
421 25 0
422 222 1
423 151 1
424 170 1
425 46 1
426 133 1
427 23 0
428 83 0
429 3 1
430 217 1
431 49 0
432 177 1
433 123 0
434 137 1
435 69 1
436 191 0
437 83 0
438 47 1
439 33 1
440 145 1
441 159 0
442 178 0
443 111 1
444 211 0
445 224 1
446 214 1
447 166 1
448 46 1
449 254 1
450 180 1
451 44 0
452 189 0
453 235 1
454 102 1
455 163 1
456 88 1
457 6 0
458 16 0
459 7 1
460 3 1
461 106 1
462 213 1
463 90 1
464 11 1
465 214 0
466 147 1
467 43 1
468 125 0
469 283 1
470 287 1
471 215 1
472 280 0
473 90 1
474 141 0
475 265 1
476 99 1
477 102 0
478 92 0
479 52 1
480 276 1
481 66 0
482 4 1
483 179 1
484 128 1
485 97 1
486 97 1
487 208 0
488 14 0
489 93 0
490 197 1
491 40 0
492 178 0
493 26 1
494 75 0
495 145 1
496 115 0
497 224 1
498 91 1
499 280 1
500 23 1
501 52 0
502 139 1
503 239 0
504 69 1
505 80 0
506 139 1
507 271 1
508 34 0
509 98 0
510 147 1
511 200 1
512 225 0
513 153 1
514 277 0
515 245 1
516 260 0
517 193 0
518 38 1
519 2 1
520 182 1
521 114 1
522 265 0
523 118 0
524 164 0
525 179 1
526 200 0
527 54 1
528 285 1
529 191 1
530 90 0
531 52 1
532 215 0
533 199 1
534 95 1
535 132 1
536 55 0
537 78 1
538 113 0
539 69 1
540 184 1
541 37 1
542 78 1
543 29 0
544 40 1
545 114 1
546 138 1
547 221 1
548 152 0
549 86 1
550 70 1
551 5 1
552 237 1
553 187 1
554 82 0
555 76 1
556 276 0
557 161 1
558 205 0
559 197 1
560 121 1
561 116 0
562 219 1
563 61 0
564 206 1
565 99 1
566 137 0
567 173 1
568 220 1
569 204 1
570 128 0
571 49 0
572 134 1
573 239 1
574 110 0
575 65 1
576 228 1
577 230 1
578 289 1
579 8 0
580 210 1
581 282 1
582 243 0
583 233 1
584 5 1
585 246 1
586 198 1
587 278 0
588 245 0
589 151 1
590 142 0
591 36 1
592 168 0
593 7 0
594 38 1
595 172 0
596 154 1
597 76 1
598 69 1
599 50 0
600 195 0
601 208 0
602 40 1
603 174 1
604 161 1
605 90 0
606 22 0
607 123 1
608 165 1
609 159 1
610 208 1
611 192 0
612 236 0
613 240 1
614 26 0
615 119 1
616 35 1
617 64 0
618 262 1
619 100 1
620 75 1
621 176 1
622 89 1
623 60 0
624 170 1
625 166 1
626 0 0
627 190 1
628 106 1
629 281 1
630 169 1
631 94 1
632 177 1
633 19 1
634 167 1
635 21 1
636 113 1
637 112 1
638 237 1
639 165 1
640 131 1
641 235 0
642 170 1
643 139 1
644 14 1
645 118 1
646 11 1
647 159 1
648 141 1
649 77 1
650 70 0
651 0 1
652 5 1
653 125 1
654 24 1
655 99 1
656 101 1
657 59 0
658 209 1
659 288 1
660 99 1
661 179 1
662 98 1
663 8 0
664 288 1
665 287 1
666 215 1
667 21 0
668 140 1
669 203 1
670 176 1
671 92 0
672 86 1
673 289 1
674 89 0
675 30 1
676 172 1
677 39 1
678 28 1
679 249 0
680 195 0
681 124 1
682 274 1
683 80 1
684 32 1
685 90 1
686 35 1
687 226 1
688 73 1
689 188 1
690 251 1
691 92 1
692 168 1
693 143 1
694 210 1
695 221 1
696 88 1
697 233 0
698 231 1
699 287 0
700 47 1
701 211 0
702 269 1
703 266 1
704 112 0
705 246 1
706 121 1
707 267 0
708 209 1
709 225 1
710 284 1
711 242 1
712 272 1
713 214 1
714 270 1
715 215 1
716 6 0
717 170 1
718 54 1
719 68 1
720 79 1
721 9 0
722 101 1
723 230 0
724 168 0
725 179 1
726 92 1
727 13 1
728 86 0
729 26 1
730 177 0
731 184 1
732 148 1
733 231 0
734 271 1
735 108 0
736 62 0
737 1 1
738 197 1
739 213 1
740 136 1
741 6 1
742 263 1
743 42 0
744 277 0
745 186 1
746 80 1
747 118 0
748 174 1
749 171 0
750 97 1
751 246 1
752 169 1
753 62 1
754 218 0
755 180 1
756 86 0
757 63 1
758 236 0
759 179 1
760 235 1
761 187 0
762 184 0
763 285 0
764 104 1
765 285 1
766 185 1
767 70 1
768 258 0
769 138 1
770 149 1
771 20 0
772 275 1
773 96 1
774 251 1
775 213 1
776 89 1
777 283 1
778 156 1
779 112 1
780 182 0
781 202 1
782 117 1
783 171 0
784 177 0
785 10 0
786 139 0
787 72 0
788 145 1
789 53 1
790 152 1
791 73 0
792 148 1
793 286 0
794 113 0
795 44 1
796 245 0
797 112 1
798 0 0
799 156 0
800 105 1
801 274 1
802 227 1
803 77 0
804 255 0
805 250 1
806 200 1
807 129 0
808 159 0
809 101 1
810 262 1
811 16 1
812 163 1
813 288 1
814 184 1
815 80 1
816 28 0
817 273 0
818 212 1
819 77 0
820 284 1
821 63 0
822 130 1
823 250 1
824 87 1
825 270 0
826 7 0
827 275 1
828 156 1
829 43 1
830 165 0
831 109 1
832 280 1
833 220 1
834 213 1
835 148 0
836 105 1
837 139 1
838 175 1
839 265 1
840 220 0
841 62 1
842 11 1
843 139 0
844 90 1
845 278 1
846 77 1
847 189 1
848 250 1
849 39 1
850 155 1
851 150 1
852 171 0
853 236 1
854 128 0
855 89 1
856 225 0
857 56 1
858 260 1
859 144 1
860 118 0
861 85 1
862 290 1
863 64 1
864 132 1
865 162 1
866 32 0
867 59 0
868 50 1
869 29 0
870 276 1
871 7 1
872 10 1
873 188 0
874 290 0
875 100 0
876 204 1
877 83 1
878 200 1
879 193 1
880 283 0
881 132 0
882 147 0
883 289 1
884 227 1
885 147 0
886 177 1
887 163 1
888 280 1
889 229 0
890 164 0
891 167 0
892 287 1
893 52 1
894 169 1
895 9 1
896 81 1
897 247 1
898 104 1
899 229 1
900 44 0
901 23 1
902 11 1
903 149 1
904 18 0
905 50 1
906 189 1
907 0 1
908 269 1
909 121 0
910 38 1
911 49 1
912 74 1
913 120 0
914 22 1
915 249 0
916 205 1
917 28 1
918 231 1
919 278 1
920 36 1
921 141 0
922 56 1
923 150 1
924 224 0
925 183 0
926 205 0
927 154 1
928 9 1
929 198 0
930 103 0
931 160 1
932 169 0
933 265 1
934 168 1
935 99 1
936 61 1
937 170 1
938 152 1
939 183 0
940 103 1
941 119 0
942 79 0
943 37 0
944 27 0
945 182 1
946 131 1
947 179 0
948 42 0
949 181 1
950 207 1
951 124 0
952 0 0
953 157 0
954 94 1
955 269 0
956 156 1
957 246 1
958 142 1
959 63 0
960 289 1
961 40 1
962 69 1
963 202 1
964 174 1
965 62 1
966 144 0
967 130 1
968 251 1
969 37 1
970 45 0
971 54 0
972 143 1
973 145 0
974 64 1
975 195 1
976 195 0
977 224 1
978 225 0
979 146 1
980 289 1
981 260 1
982 134 1
983 27 1
984 95 1
985 242 0
986 79 1
987 82 0
988 46 1
989 279 1
990 177 1
991 205 1
992 158 1
993 116 1
994 273 1
995 2 1
996 211 1
997 154 1
998 71 0
999 242 1
1000 245 1
1001 47 1
1002 260 0
1003 26 1
1004 98 0
1005 158 0
1006 228 1
1007 96 1
1008 241 1
1009 280 1
1010 214 1
1011 265 1
1012 254 1
1013 251 1
1014 49 0
1015 231 1
1016 135 0
1017 98 1
1018 149 1
1019 151 1
1020 201 1
1021 231 0
1022 152 1
1023 5 0
1024 19 1
1025 96 0
1026 17 1
1027 139 0
1028 199 0
1029 76 1
1030 41 1
1031 283 0
1032 67 1
1033 20 0
1034 247 1
1035 172 1
1036 283 1
1037 36 1
1038 210 1
1039 278 0
1040 99 1
1041 233 0
1042 155 1
1043 159 1
1044 242 0
1045 52 1
1046 23 0
1047 230 0
1048 167 0
1049 15 1
1050 225 1
1051 51 1
1052 70 1
1053 71 0
1054 161 1
1055 280 0
1056 174 1
1057 116 1
1058 75 0
1059 163 0
1060 282 0
1061 112 1
1062 32 0
1063 136 0
1064 74 1
1065 93 1
1066 141 0
1067 256 1
1068 263 1
1069 232 0
1070 158 1
1071 133 1
1072 184 0
1073 110 1
1074 5 0
1075 89 1
1076 229 1
1077 42 1
1078 253 0
1079 231 1
1080 131 0
1081 106 0
1082 240 1
1083 224 0
1084 140 1
1085 86 1
1086 126 0
1087 48 1
1088 240 0
1089 51 1
1090 202 1
1091 273 1
1092 50 1
1093 173 0
1094 264 0
1095 111 1
1096 178 1
1097 117 1
1098 30 1
1099 80 0
1100 246 1
1101 177 1
1102 156 0
1103 133 1
1104 154 1
1105 92 1
1106 64 0
1107 237 0
1108 130 1
1109 189 1
1110 265 1
1111 270 0
1112 30 1
1113 20 1
1114 209 0
1115 261 1
1116 37 1
1117 18 1
1118 143 1
1119 39 1
1120 106 0
1121 102 1
1122 237 1
1123 55 0
1124 200 1
1125 241 1
1126 57 1
1127 66 1
1128 89 0
1129 147 1
1130 279 0
1131 265 1
1132 4 0
1133 250 1
1134 174 1
1135 184 0
1136 192 0
1137 221 0
1138 106 1
1139 276 1
1140 262 0
1141 251 1
1142 187 0
1143 115 0
1144 175 0
1145 86 0
1146 150 1
1147 220 0
1148 84 1
1149 41 1
1150 240 1
1151 19 1
1152 251 1
1153 50 1
1154 257 1
1155 144 0
1156 1 1
1157 27 1
1158 163 1
1159 236 1
1160 175 0
1161 242 0
1162 154 0
1163 219 1
1164 122 1
1165 267 1
1166 225 1
1167 274 0
1168 7 1
1169 24 0
1170 99 0
1171 264 1
1172 13 1
1173 61 0
1174 205 1
1175 286 0
1176 100 1
1177 186 1
1178 180 1
1179 232 1
1180 115 0
1181 145 1
1182 266 0
1183 266 1
1184 255 0
1185 48 1
1186 199 0
1187 227 0
1188 84 1
1189 129 1
1190 34 1
1191 149 1
1192 132 1
1193 128 0
1194 190 0
1195 96 1
1196 49 0
1197 94 1
1198 172 0
1199 99 0
1200 100 1
1201 232 1
1202 200 0
1203 221 1
1204 165 1
1205 22 0
1206 245 1
1207 74 1
1208 216 1
1209 170 1
1210 43 1
1211 191 0
1212 279 1
1213 178 1
1214 95 1
1215 37 0
1216 164 1
1217 204 0
1218 177 0
1219 97 1
1220 286 0
1221 22 1
1222 0 1
1223 98 1
1224 100 1
1225 133 1
1226 275 1
1227 6 0
1228 58 0
1229 194 1
1230 232 1
1231 90 1
1232 272 1
1233 210 0
1234 231 1
1235 272 0
1236 167 1
1237 207 0
1238 192 1
1239 185 0
1240 22 0
1241 176 0
1242 91 0
1243 40 1
1244 138 1
1245 44 1
1246 238 0
1247 217 1
1248 199 1
1249 87 1
1250 215 1
1251 106 1
1252 165 1
1253 61 0
1254 98 0
1255 100 1
1256 45 1
1257 189 1
1258 199 1
1259 58 1
1260 204 0
1261 158 1
1262 7 1
1263 80 0
1264 282 1
1265 117 1
1266 38 1
1267 70 1
1268 16 1
1269 11 1
1270 149 1
1271 265 1
1272 127 1
1273 72 1
1274 133 0
1275 145 1
1276 263 0
1277 260 0
1278 127 0
1279 247 0
1280 278 1
1281 96 0
1282 36 0
1283 261 1
1284 69 0
1285 197 1
1286 123 1
1287 153 1
1288 75 1
1289 26 1
1290 126 1
1291 286 1
1292 214 1
1293 139 1
1294 75 0
1295 231 0
1296 169 0
1297 150 0
1298 265 1
1299 289 1
1300 132 0
1301 1 1
1302 108 1
1303 246 1
1304 151 1
1305 132 0
1306 215 1
1307 147 1
1308 153 1
1309 282 1
1310 92 1
1311 30 1
1312 29 0
1313 207 1
1314 41 0
1315 77 1
1316 142 1
1317 200 0
1318 265 1
1319 173 1
1320 230 1
1321 174 0
1322 203 1
1323 94 0
1324 27 0
1325 33 0
1326 78 1
1327 151 0
1328 276 1
1329 142 0
1330 14 0
1331 262 1
1332 39 1
1333 177 1
1334 98 0
1335 200 0
1336 136 0
1337 222 0
1338 146 0
1339 145 0
1340 142 1
1341 32 1
1342 273 1
1343 69 1
1344 282 1
1345 56 1
1346 140 0
1347 254 0
1348 230 1
1349 223 1
1350 262 0
1351 75 1
1352 279 1
1353 155 0
1354 95 1
1355 47 0
1356 250 1
1357 167 0
1358 2 1
1359 262 1
1360 188 0
1361 92 0
1362 54 0
1363 279 0
1364 258 1
1365 63 1
1366 115 1
1367 45 1
1368 207 1
1369 268 1
1370 272 0
1371 249 0
1372 134 1
1373 235 1
1374 133 1
1375 193 1
1376 233 0
1377 129 0
1378 112 0
1379 52 1
1380 100 0
1381 18 1
1382 285 1
1383 59 0
1384 36 1
1385 213 0
1386 92 0
1387 280 1
1388 98 1
1389 103 1
1390 139 1
1391 32 0
1392 31 1
1393 170 1
1394 50 1
1395 254 1
1396 47 1
1397 106 0
1398 77 0
1399 274 1
1400 263 1
1401 161 1
1402 169 0
1403 0 1
1404 114 0
1405 270 1
1406 140 1
1407 105 0
1408 235 1
1409 85 0
1410 239 1
1411 145 0
1412 93 0
1413 99 1
1414 187 1
1415 54 1
1416 80 1
1417 255 1
1418 106 1
1419 287 1
1420 99 1
1421 245 1
1422 18 1
1423 150 0
1424 106 1
1425 279 1
1426 24 0
1427 81 1
1428 156 1
1429 27 1
1430 64 0
1431 275 0
1432 37 1
1433 164 1
1434 204 1
1435 103 1
1436 167 0
1437 251 0
1438 148 1
1439 209 1
1440 85 1
1441 49 1
1442 103 1
1443 258 1
1444 81 1
1445 83 0
1446 138 1
1447 29 0
1448 16 1
1449 27 1
1450 93 1
1451 3 1
1452 219 1
1453 185 1
1454 135 1
1455 71 1
1456 42 1
1457 101 1
1458 281 1
1459 175 1
1460 126 1
1461 278 1
1462 35 1
1463 149 0
1464 271 0
1465 42 1
1466 78 0
1467 43 0
1468 39 0
1469 145 1
1470 103 1
1471 135 1
1472 76 1
1473 61 1
1474 76 1
1475 230 1
1476 236 1
1477 207 1
1478 4 1
1479 94 0
1480 12 1
1481 89 1
1482 182 1
1483 160 1
1484 131 1
1485 136 0
1486 2 1
1487 182 1
1488 247 0
1489 207 1
1490 252 0
1491 266 1
1492 135 1
1493 208 1
1494 18 1
1495 155 0
1496 148 0
1497 184 1
1498 116 0
1499 31 0
1500 129 1
1501 284 1
1502 209 1
1503 241 1
1504 160 1
1505 230 1
1506 43 1
1507 58 1
1508 159 1
1509 58 1
1510 18 1
1511 239 1
1512 228 1
1513 267 1
1514 278 0
1515 71 0
1516 237 1
1517 279 0
1518 241 1
1519 61 1
1520 126 1
1521 262 0
1522 268 1
1523 119 0
1524 35 1
1525 22 1
1526 161 0
1527 281 0
1528 196 1
1529 182 1
1530 67 1
1531 10 1
1532 59 0
1533 199 1
1534 259 0
1535 181 1
1536 1 1
1537 35 1
1538 212 1
1539 145 1
1540 103 1
1541 72 1
1542 201 0
1543 134 0
1544 122 1
1545 290 0
1546 20 1
1547 202 0
1548 70 1
1549 150 1
1550 111 0
1551 194 0
1552 192 1
1553 122 1
1554 156 1
1555 162 1
1556 207 1
1557 4 1
1558 68 1
1559 254 1
1560 196 1
1561 88 1
1562 65 1
1563 35 0
1564 140 1
1565 235 1
1566 256 1
1567 105 1
1568 140 1
1569 41 1
1570 266 0
1571 35 1
1572 178 1
1573 39 0
1574 210 1
1575 207 0
1576 28 1
1577 71 0
1578 34 0
1579 260 1
1580 31 1
1581 197 1
1582 83 1
1583 184 0
1584 41 1
1585 259 1
1586 199 0
1587 230 0
1588 75 1
1589 103 0
1590 43 1
1591 140 0
1592 54 0
1593 196 1
1594 57 1
1595 65 1
1596 140 1
1597 146 0
1598 76 1
1599 187 0
1600 66 1
1601 164 1
1602 222 1
1603 92 1
1604 144 0
1605 31 1
1606 277 1
1607 290 1
1608 122 0
1609 191 1
1610 100 1
1611 69 1
1612 258 1
1613 204 1
1614 25 0
1615 191 1
1616 59 0
1617 96 0
1618 261 0
1619 58 1
1620 155 1
1621 42 0
1622 0 1
1623 212 0
1624 267 1
1625 103 1
1626 108 1
1627 87 1
1628 127 1
1629 181 0
1630 164 1
1631 274 0
1632 209 1
1633 275 0
1634 8 1
1635 34 0
1636 162 1
1637 13 0
1638 117 1
1639 86 1
1640 78 0
1641 200 1
1642 70 1
1643 2 1
1644 59 1
1645 120 1
1646 6 1
1647 217 1
1648 213 1
1649 134 1
1650 274 1
1651 124 1
1652 244 1
1653 78 1
1654 103 1
1655 225 1
1656 93 1
1657 107 1
1658 162 1
1659 131 1
1660 34 1
1661 216 1
1662 94 0
1663 286 1
1664 84 0
1665 9 1
1666 38 1
1667 275 1
1668 271 1
1669 124 0
1670 258 1
1671 4 0
1672 224 0
1673 286 1
1674 253 1
1675 87 1
1676 149 1
1677 67 0
1678 186 1
1679 31 0
1680 222 1
1681 108 0
1682 175 1
1683 283 0
1684 186 1
1685 10 1
1686 174 1
1687 275 0
1688 188 1
1689 264 0
1690 168 1
1691 177 0
1692 104 0
1693 9 1
1694 46 1
1695 9 0
1696 113 1
1697 238 1
1698 241 0
1699 214 1
1700 86 1
1701 60 1
1702 10 0
1703 139 0
1704 86 1
1705 120 1
1706 236 1
1707 280 0
1708 22 0
1709 80 0
1710 102 0
1711 46 1
1712 238 1
1713 243 0
1714 286 1
1715 96 1
1716 162 0
1717 83 1
1718 233 1
1719 172 1
1720 106 0
1721 54 0
1722 70 0
1723 132 0
1724 104 0
1725 160 1
1726 72 1
1727 161 1
1728 263 0
1729 271 1
1730 51 1
1731 80 0
1732 264 1
1733 187 1
1734 188 1
1735 6 0
1736 101 0
1737 86 0
1738 165 1
1739 263 1
1740 232 1
1741 185 1
1742 110 0
1743 95 0
1744 231 0
1745 81 1
1746 214 1
1747 235 1
1748 127 1
1749 165 1
1750 231 0
1751 58 1
1752 262 0
1753 243 1
1754 164 1
1755 146 1
1756 87 1
1757 181 0
1758 159 1
1759 20 0
1760 123 1
1761 122 1
1762 65 0
1763 264 0
1764 229 1
1765 247 1
1766 49 1
1767 241 0
1768 252 0
1769 219 1
1770 148 1
1771 2 1
1772 177 1
1773 204 1
1774 199 0
1775 176 1
1776 97 0
1777 139 0
1778 104 1
1779 94 1
1780 22 0
1781 273 0
1782 127 1
1783 154 1
1784 187 1
1785 275 1
1786 250 0
1787 51 1
1788 169 1
1789 213 1
1790 220 0
1791 171 1
1792 167 0
1793 189 0
1794 164 0
1795 85 1
1796 74 1
1797 289 1
1798 62 1
1799 60 1
1800 37 1
1801 65 0
1802 62 1
1803 164 1
1804 142 1
1805 50 1
1806 246 0
1807 130 1
1808 272 1
1809 164 0
1810 52 1
1811 41 1
1812 88 1
1813 99 0
1814 254 1
1815 170 1
1816 267 0
1817 28 1
1818 91 0
1819 10 1
1820 18 1
1821 46 0
1822 22 0
1823 157 1
1824 235 0
1825 149 0
1826 51 1
1827 186 1
1828 31 1
1829 29 0
1830 216 0
1831 58 1
1832 175 1
1833 262 1
1834 19 0
1835 272 1
1836 73 0
1837 104 0
1838 234 0
1839 98 1
1840 63 1
1841 206 1
1842 239 1
1843 285 1
1844 127 0
1845 37 0
1846 255 0
1847 16 1
1848 243 1
1849 177 1
1850 259 0
1851 102 1
1852 216 0
1853 167 1
1854 207 1
1855 78 0
1856 284 1
1857 95 1
1858 126 1
1859 275 1
1860 175 1
1861 107 0
1862 178 1
1863 50 1
1864 110 1
1865 164 1
1866 126 1
1867 182 1
1868 181 0
1869 273 0
1870 96 1
1871 77 0
1872 84 1
1873 124 1
1874 33 1
1875 234 1
1876 160 1
1877 119 0
1878 205 0
1879 209 1
1880 136 0
1881 197 0
1882 57 0
1883 85 1
1884 209 1
1885 75 0
1886 158 0
1887 166 1
1888 96 1
1889 224 1
1890 139 1
1891 78 1
1892 280 0
1893 118 1
1894 106 1
1895 282 0
1896 180 1
1897 16 1
1898 16 1
1899 246 1
1900 230 1
1901 271 0
1902 214 1
1903 79 1
1904 146 0
1905 180 0
1906 242 1
1907 33 1
1908 226 1
1909 135 1
1910 249 0
1911 55 1
1912 54 1
1913 115 1
1914 234 0
1915 37 0
1916 132 1
1917 10 0
1918 195 0
1919 106 1
1920 164 0
1921 75 1
1922 285 1
1923 55 1
1924 31 1
1925 2 1
1926 88 1
1927 159 0
1928 190 1
1929 245 1
1930 85 1
1931 46 1
1932 8 1
1933 12 0
1934 239 1
1935 284 1
1936 115 1
1937 258 1
1938 239 1
1939 70 0
1940 275 0
1941 30 1
1942 192 1
1943 247 1
1944 204 0
1945 256 1
1946 223 0
1947 246 0
1948 161 1
1949 206 1
1950 117 1
1951 252 1
1952 39 1
1953 144 1
1954 13 0
1955 28 1
1956 58 0
1957 132 0
1958 19 1
1959 83 1
1960 60 1
1961 283 0
1962 122 0
1963 286 1
1964 267 0
1965 164 1
1966 140 1
1967 128 1
1968 116 1
1969 228 1
1970 227 1
1971 158 1
1972 117 1
1973 276 0
1974 150 1
1975 99 0
1976 148 1
1977 265 0
1978 69 0
1979 34 0
1980 201 0
1981 201 1
1982 65 0
1983 1 0
1984 51 1
1985 20 1
1986 288 0
1987 13 1
1988 239 1
1989 250 0
1990 98 1
1991 80 0
1992 180 1
1993 256 0
1994 85 1
1995 65 0
1996 230 0
1997 138 0
1998 77 0
1999 185 1
2000 140 1
2001 209 1
2002 154 1
2003 282 1
2004 282 1
2005 263 1
2006 70 0
2007 75 0
2008 168 1
2009 270 0
2010 72 1
2011 19 0
2012 82 0
2013 46 1
2014 68 1
2015 90 1
2016 208 1
2017 116 0
2018 1 1
2019 236 1
2020 119 1
2021 82 1
2022 32 1
2023 179 1
2024 229 1
2025 225 1
2026 234 0
2027 83 1
2028 205 0
2029 278 1
2030 132 1
2031 253 1
2032 147 0
2033 182 1
2034 248 1
2035 140 1
2036 108 0
2037 266 1
2038 151 1
2039 112 1
2040 53 1
2041 162 0
2042 94 1
2043 83 1
2044 146 0
2045 281 0
2046 209 1
2047 67 1
2048 93 0
2049 213 1
2050 179 0
2051 157 0
2052 56 0
2053 199 1
2054 27 1
2055 68 0
2056 160 1
2057 138 1
2058 246 1
2059 262 1
2060 32 1
2061 88 1
2062 267 1
2063 16 1
2064 207 1
2065 181 1
2066 32 0
2067 154 0
2068 242 1
2069 67 0
2070 144 0
2071 120 1
2072 136 0
2073 8 1
2074 189 0
2075 193 1
2076 264 1
2077 202 0
2078 239 1
2079 81 1
2080 188 1
2081 282 1
2082 50 1
2083 80 1
2084 238 0
2085 11 1
2086 54 1
2087 167 1
2088 99 1
2089 23 1
2090 187 0
2091 280 1
2092 269 1
2093 140 1
2094 150 1
2095 144 1
2096 224 0
2097 39 1
2098 20 0
2099 16 1
2100 69 1
2101 152 0
2102 191 1
2103 55 0
2104 235 0
2105 90 1
2106 65 1
2107 0 0
2108 11 0
2109 33 1
2110 133 1
2111 271 1
2112 53 1
2113 112 0
2114 232 1
2115 134 1
2116 218 0
2117 196 1
2118 54 1
2119 211 1
2120 100 1
2121 130 0
2122 89 1
2123 241 1
2124 74 1
2125 34 1
2126 160 1
2127 45 0
2128 127 1
2129 58 1
2130 56 0
2131 109 1
2132 218 0
2133 164 0
2134 37 0
2135 11 0
2136 94 1
2137 13 1
2138 44 1
2139 56 1
2140 268 1
2141 96 1
2142 166 1
2143 122 1
2144 69 0
2145 101 1
2146 143 1
2147 172 1
2148 288 1
2149 113 0
2150 161 0
2151 203 1
2152 38 1
2153 241 1
2154 241 1
2155 262 0
2156 158 1
2157 96 0
2158 240 0
2159 98 1
2160 138 0
2161 206 1
2162 182 1
2163 91 0
2164 195 1
2165 275 1
2166 100 0
2167 91 1
2168 175 1
2169 251 0
2170 110 1
2171 84 1
2172 61 0
2173 105 1
2174 107 0
2175 90 1
2176 174 1
2177 266 0
2178 155 0
2179 15 1
2180 73 0
2181 155 0
2182 250 1
2183 21 1
2184 29 1
2185 31 0
2186 6 1
2187 179 1
2188 36 0
2189 108 0
2190 259 1
2191 160 1
2192 266 1
2193 270 1
2194 4 1
2195 190 0
2196 56 0
2197 251 0
2198 42 0
2199 212 0
2200 55 1
2201 12 1
2202 68 0
2203 159 1
2204 247 1
2205 20 0
2206 237 1
2207 98 1
2208 56 1
2209 114 0
2210 133 0
2211 169 0
2212 100 1
2213 267 1
2214 172 1
2215 15 1
2216 141 1
2217 29 0
2218 250 1
2219 85 1
2220 227 1
2221 162 1
2222 26 1
2223 157 1
2224 77 1
2225 205 1
2226 25 1
2227 172 0
2228 275 1
2229 38 1
2230 46 1
2231 156 0
2232 112 1
2233 198 1
2234 145 0
2235 18 1
2236 129 0
2237 286 1
2238 181 1
2239 269 1
2240 164 1
2241 241 1
2242 7 1
2243 86 1
2244 270 0
2245 211 1
2246 209 0
2247 274 0
2248 1 0
2249 132 1
2250 206 1
2251 0 1
2252 41 0
2253 231 0
2254 210 1
2255 221 1
2256 132 1
2257 43 1
2258 33 1
2259 194 1
2260 25 0
2261 100 1
2262 221 1
2263 4 1
2264 37 1
2265 171 1
2266 287 1
2267 58 1
2268 198 0
2269 0 0
2270 238 1
2271 262 1
2272 195 1
2273 22 0
2274 206 1
2275 12 1
2276 101 1
2277 205 1
2278 259 0
2279 24 1
2280 85 0
2281 50 1
2282 107 0
2283 150 1
2284 169 0
2285 162 1
2286 174 1
2287 258 1
2288 210 0
2289 46 0
2290 267 1
2291 65 0
2292 203 1
2293 170 1
2294 219 1
2295 269 1
2296 131 0
2297 126 0
2298 198 1
2299 284 0
2300 229 0
2301 224 1
2302 60 1
2303 221 1
2304 243 1
2305 104 0
2306 67 1
2307 68 1
2308 210 0
2309 243 1
2310 173 1
2311 182 1
2312 20 0
2313 23 0
2314 35 1
2315 35 0
2316 233 0
2317 148 1
2318 221 0
2319 12 0
2320 86 1
2321 164 1
2322 56 1
2323 225 1
2324 241 1
2325 144 1
2326 138 1
2327 230 0
2328 85 1
2329 117 1
2330 40 1
2331 155 1
2332 151 0
2333 47 0
2334 122 0
2335 286 0
2336 207 1
2337 164 1
2338 193 1
2339 270 1
2340 16 1
2341 38 1
2342 191 1
2343 84 0
2344 2 0
2345 167 1
2346 124 0
2347 57 0
2348 75 1
2349 96 1
2350 195 1
2351 176 1
2352 52 1
2353 116 0
2354 179 1
2355 160 1
2356 281 1
2357 120 1
2358 238 1
2359 197 1
2360 176 1
2361 24 1
2362 167 0
2363 24 1
2364 247 1
2365 210 1
2366 274 1
2367 4 1
2368 207 0
2369 52 1
2370 246 1
2371 61 1
2372 182 1
2373 158 1
2374 126 1
2375 141 0
2376 231 0
2377 21 1
2378 17 1
2379 120 0
2380 197 1
2381 157 0
2382 197 1
2383 19 1
2384 52 1
2385 270 1
2386 55 0
2387 15 0
2388 252 1
2389 137 1
2390 10 0
2391 99 1
2392 184 1
2393 120 1
2394 196 1
2395 207 1
2396 20 1
2397 86 1
2398 5 1
2399 101 1
2400 238 0
2401 95 0
2402 151 0
2403 10 1
2404 25 1
2405 200 1
2406 136 0
2407 47 0
2408 190 0
2409 262 1
2410 148 0
2411 260 1
2412 22 1
2413 125 0
2414 222 0
2415 84 1
2416 46 1
2417 203 1
2418 31 1
2419 49 1
2420 102 0
2421 122 1
2422 288 1
2423 38 1
2424 77 1
2425 23 0
2426 219 1
2427 102 0
2428 110 1
2429 269 1
2430 224 0
2431 242 0
2432 14 0
2433 238 1
2434 109 0
2435 101 0
2436 17 1
2437 220 1
2438 163 0
2439 264 1
2440 8 1
2441 174 1
2442 50 1
2443 210 0
2444 14 1
2445 202 1
2446 22 1
2447 279 1
2448 48 0
2449 81 1
2450 285 1
2451 139 1
2452 176 0
2453 87 0
2454 67 0
2455 289 0
2456 87 0
2457 12 1
2458 251 1
2459 7 1
2460 151 1
2461 244 1
2462 134 1
2463 241 1
2464 230 1
2465 142 0
2466 276 1
2467 6 1
2468 90 1
2469 241 0
2470 154 1
2471 232 1
2472 184 1
2473 89 1
2474 238 1
2475 150 1
2476 108 1
2477 43 1
2478 77 1
2479 195 1
2480 55 0
2481 43 0
2482 68 0
2483 233 0
2484 174 1
2485 55 1
2486 163 0
2487 20 0
2488 12 0
2489 263 1
2490 267 1
2491 120 1
2492 257 1
2493 97 1
2494 187 0
2495 122 0
2496 79 1
2497 23 1
2498 245 1
2499 45 1
2500 180 1
2501 229 1
2502 128 0
2503 202 1
2504 98 1
2505 162 1
2506 36 1
2507 252 0
2508 217 0
2509 77 0
2510 60 1
2511 97 1
2512 135 1
2513 27 1
2514 117 1
2515 281 1
2516 204 0
2517 89 1
2518 208 0
2519 213 0
2520 205 0
2521 182 1
2522 138 1
2523 276 1
2524 202 0
2525 210 0
2526 64 0
2527 173 0
2528 198 1
2529 60 1
2530 45 0
2531 30 0
2532 9 1
2533 62 1
2534 182 1
2535 263 0
2536 130 1
2537 79 1
2538 7 0
2539 105 0
2540 188 1
2541 243 0
2542 102 1
2543 192 1
2544 97 0
2545 65 1
2546 43 1
2547 163 1
2548 17 0
2549 270 1
2550 240 1
2551 37 1
2552 168 1
2553 150 1
2554 242 1
2555 125 1
2556 50 1
2557 132 0
2558 234 1
2559 224 0
2560 25 0
2561 245 1
2562 155 0
2563 152 1
2564 82 1
2565 82 1
2566 144 0
2567 203 1
2568 266 0
2569 229 0
2570 58 1
2571 96 0
2572 172 1
2573 32 1
2574 32 1
2575 217 1
2576 285 0
2577 157 1
2578 59 1
2579 63 0
2580 211 1
2581 265 1
2582 4 0
2583 149 1
2584 272 0
2585 258 0
2586 181 0
2587 210 0
2588 94 0
2589 270 1
2590 239 1
2591 246 1
2592 108 1
2593 124 1
2594 193 1
2595 80 1
2596 72 1
2597 241 0
2598 264 1
2599 148 1
2600 217 1
2601 55 1
2602 271 1
2603 232 1
2604 218 0
2605 232 1
2606 148 1
2607 140 1
2608 40 1
2609 196 0
2610 222 1
2611 88 0
2612 71 0
2613 141 0
2614 168 0
2615 60 1
2616 144 1
2617 263 1
2618 122 1
2619 199 1
2620 187 0
2621 277 1
2622 68 0
2623 103 1
2624 162 1
2625 82 0
2626 56 1
2627 128 1
2628 270 1
2629 234 0
2630 8 1
2631 12 0
2632 181 1
2633 18 0
2634 282 0
2635 123 1
2636 129 1
2637 285 1
2638 268 1
2639 76 1
2640 137 1
2641 4 1
2642 131 1
2643 91 1
2644 174 1
2645 289 0
2646 69 1
2647 75 0
2648 58 1
2649 3 1
2650 82 0
2651 290 1
2652 267 1
2653 179 1
2654 121 1
2655 155 1
2656 216 1
2657 222 1
2658 32 0
2659 199 0
2660 57 1
2661 129 1
2662 270 1
2663 148 1
2664 69 0
2665 149 1
2666 48 1
2667 133 1
2668 172 0
2669 9 0
2670 78 0
2671 1 1
2672 64 0
2673 92 1
2674 246 1
2675 74 0
2676 259 0
2677 232 1
2678 209 1
2679 47 1
2680 11 0
2681 200 1
2682 115 0
2683 116 0
2684 94 0
2685 61 1
2686 61 1
2687 239 0
2688 56 1
2689 23 0
2690 71 0
2691 87 1
2692 102 0
2693 18 0
2694 180 0
2695 39 1
2696 64 1
2697 22 1
2698 22 1
2699 238 1
2700 35 1
2701 61 0
2702 132 1
2703 283 0
2704 49 1
2705 232 0
2706 175 1
2707 221 0
2708 87 1
2709 7 1
2710 77 1
2711 199 0
2712 58 1
2713 92 1
2714 131 0
2715 228 0
2716 110 1
2717 33 0
2718 38 1
2719 172 0
2720 102 1
2721 269 1
2722 141 1
2723 4 1
2724 211 1
2725 267 0
2726 120 1
2727 200 1
2728 167 1
2729 290 0
2730 104 0
2731 235 1
2732 288 1
2733 228 1
2734 64 0
2735 185 1
2736 222 1
2737 184 1
2738 134 1
2739 103 1
2740 262 0
2741 82 0
2742 25 0
2743 10 1
2744 25 1
2745 262 0
2746 267 1
2747 83 1
2748 215 1
2749 40 0
2750 161 1
2751 186 1
2752 159 0
2753 196 1
2754 39 0
2755 57 0
2756 118 0
2757 133 1
2758 163 1
2759 107 1
2760 183 1
2761 57 1
2762 24 1
2763 195 1
2764 223 1
2765 290 1
2766 231 0
2767 218 1
2768 67 1
2769 102 1
2770 163 1
2771 148 1
2772 71 0
2773 196 0
2774 195 1
2775 193 0
2776 152 1
2777 49 1
2778 130 1
2779 218 1
2780 219 0
2781 219 1
2782 142 1
2783 289 1
2784 9 1
2785 57 1
2786 63 1
2787 225 1
2788 289 1
2789 139 1
2790 235 1
2791 52 0
2792 31 1
2793 74 1
2794 85 1
2795 286 0
2796 218 0
2797 234 1
2798 100 1
2799 51 1
2800 104 1
2801 22 1
2802 115 1
2803 72 1
2804 148 1
2805 47 1
2806 283 0
2807 250 1
2808 262 0
2809 247 0
2810 35 0
2811 100 1
2812 197 1
2813 126 0
2814 46 0
2815 147 1
2816 56 1
2817 89 1
2818 157 1
2819 285 1
2820 113 0
2821 169 0
2822 233 1
2823 191 1
2824 163 1
2825 0 1
2826 130 1
2827 192 1
2828 205 0
2829 73 0
2830 235 1
2831 173 1
2832 100 0
2833 203 1
2834 165 1
2835 43 1
2836 9 1
2837 124 1
2838 82 1
2839 186 0
2840 172 1
2841 152 1
2842 26 0
2843 78 0
2844 143 1
2845 253 1
2846 113 1
2847 150 1
2848 108 1
2849 272 0
2850 290 1
2851 0 0
2852 269 0
2853 281 1
2854 181 0
2855 45 1
2856 102 0
2857 136 1
2858 22 1
2859 99 1
2860 137 1
2861 25 0
2862 229 1
2863 234 1
2864 269 0
2865 59 1
2866 272 1
2867 17 0
2868 246 1
2869 81 0
2870 215 1
2871 261 1
2872 94 0
2873 186 1
2874 91 1
2875 54 0
2876 118 1
2877 219 1
2878 25 0
2879 133 1
2880 150 0
2881 272 1
2882 23 1
2883 152 0
2884 67 1
2885 146 1
2886 99 0
2887 80 1
2888 253 1
2889 50 0
2890 31 0
2891 22 1
2892 245 1
2893 206 1
2894 207 1
2895 14 0
2896 12 0
2897 197 0
2898 55 0
2899 14 0
2900 62 1
2901 145 1
2902 16 1
2903 125 1
2904 231 0
2905 93 1
2906 20 0
2907 184 1
2908 160 0
2909 17 1
2910 210 0
2911 142 0
2912 58 1
2913 258 0
2914 168 1
2915 7 0
2916 203 1
2917 162 1
2918 118 1
2919 259 1
2920 203 0
2921 124 0
2922 271 1
2923 261 0
2924 147 1
2925 247 1
2926 18 0
2927 290 1
2928 208 1
2929 252 1
2930 10 1
2931 86 1
2932 152 1
2933 173 1
2934 275 0
2935 132 1
2936 5 1
2937 152 1
2938 13 1
2939 156 1
2940 140 1
2941 258 1
2942 241 1
2943 6 1
2944 286 1
2945 45 1
2946 288 0
2947 249 1
2948 150 1
2949 223 1
2950 75 1
2951 63 0
2952 60 0
2953 97 1
2954 77 0
2955 264 1
2956 75 1
2957 115 1
2958 260 0
2959 277 1
2960 150 1
2961 0 0
2962 194 1
2963 69 1
2964 152 0
2965 250 0
2966 96 1
2967 48 0
2968 8 1
2969 0 1
2970 138 1
2971 73 0
2972 267 1
2973 10 1
2974 50 1
2975 232 1
2976 58 1
2977 120 1
2978 223 1
2979 108 1
2980 252 1
2981 83 0
2982 121 0
2983 244 1
2984 47 1
2985 277 1
2986 279 1
2987 139 0
2988 279 1
2989 233 1
2990 207 0
2991 11 1
2992 116 1
2993 289 1
2994 91 0
2995 226 1
2996 204 0
2997 140 0
2998 211 0
2999 226 1
3000 108 1
3001 183 1
3002 271 0
3003 92 0
3004 242 0
3005 70 0
3006 209 1
3007 133 0
3008 243 0
3009 176 1
3010 268 0
3011 126 1
3012 160 1
3013 247 0
3014 130 1
3015 109 1
3016 134 1
3017 74 0
3018 64 1
3019 145 1
3020 232 0
3021 174 1
3022 36 1
3023 247 0
3024 209 0
3025 93 1
3026 243 1
3027 138 1
3028 256 1
3029 254 1
3030 47 1
3031 104 0
3032 73 1
3033 67 1
3034 117 1
3035 184 1
3036 168 0
3037 240 1
3038 176 1
3039 224 1
3040 37 0
3041 51 0
3042 17 0
3043 163 1
3044 24 1
3045 140 1
3046 198 0
3047 284 1
3048 194 0
3049 180 0
3050 272 0
3051 110 1
3052 202 1
3053 94 0
3054 255 1
3055 243 0
3056 84 0
3057 52 0
3058 223 1
3059 115 1
3060 81 1
3061 59 1
3062 239 1
3063 30 0
3064 143 1
3065 163 1
3066 54 1
3067 45 1
3068 72 1
3069 114 1
3070 197 0
3071 99 0
3072 69 1
3073 92 1
3074 137 0
3075 20 1
3076 202 1
3077 237 0
3078 162 1
3079 33 1
3080 218 0
3081 201 1
3082 241 0
3083 9 1
3084 125 0
3085 121 1
3086 221 0
3087 21 1
3088 143 0
3089 64 1
3090 91 0
3091 239 0
3092 195 0
3093 215 1
3094 225 1
3095 143 1
3096 216 1
3097 196 0
3098 39 1
3099 221 1
3100 70 1
3101 195 0
3102 43 0
3103 62 1
3104 101 1
3105 208 1
3106 242 1
3107 257 1
3108 113 1
3109 243 1
3110 169 0
3111 262 0
3112 179 1
3113 33 1
3114 113 1
3115 122 1
3116 76 1
3117 215 0
3118 274 1
3119 16 1
3120 144 0
3121 16 1
3122 151 0
3123 272 0
3124 194 0
3125 83 1
3126 60 1
3127 230 0
3128 253 1
3129 229 0
3130 288 0
3131 290 0
3132 118 0
3133 193 1
3134 262 1
3135 216 1
3136 204 1
3137 241 1
3138 277 0
3139 101 1
3140 187 1
3141 24 1
3142 10 1
3143 226 1
3144 288 1
3145 78 1
3146 256 1
3147 99 0
3148 31 0
3149 184 0
3150 273 0
3151 149 1
3152 143 1
3153 22 1
3154 62 1
3155 81 1
3156 48 1
3157 236 1
3158 131 0
3159 61 1
3160 76 1
3161 185 1
3162 217 0
3163 124 1
3164 25 1
3165 53 0
3166 219 0
3167 225 1
3168 43 1
3169 263 1
3170 80 1
3171 126 0
3172 190 1
3173 248 0
3174 243 0
3175 220 0
3176 188 0
3177 132 1
3178 107 1
3179 165 1
3180 76 1
3181 140 1
3182 130 0
3183 139 1
3184 62 1
3185 81 1
3186 165 1
3187 41 1
3188 278 0
3189 125 0
3190 78 1
3191 62 0
3192 200 1
3193 121 1
3194 191 0
3195 180 1
3196 213 0
3197 44 0
3198 166 0
3199 28 1
3200 3 1
3201 141 1
3202 56 1
3203 3 1
3204 242 0
3205 46 1
3206 245 0
3207 5 1
3208 42 1
3209 232 1
3210 121 1
3211 273 1
3212 214 0
3213 158 0
3214 240 1
3215 89 1
3216 36 1
3217 183 1
3218 153 1
3219 168 1
3220 55 1
3221 134 1
3222 93 0
3223 225 1
3224 5 1
3225 109 1
3226 28 1
3227 231 1
3228 148 1
3229 103 1
3230 57 1
3231 112 1
3232 162 1
3233 248 0
3234 221 0
3235 160 1
3236 110 0
3237 56 0
3238 204 1
3239 79 1
3240 157 1
3241 106 1
3242 51 1
3243 168 0
3244 207 1
3245 68 1
3246 203 1
3247 129 1
3248 215 0
3249 130 0
3250 243 1
3251 193 1
3252 33 0
3253 37 1
3254 271 1
3255 186 1
3256 44 1
3257 93 0
3258 78 0
3259 35 1
3260 272 0
3261 30 1
3262 23 1
3263 290 1
3264 246 1
3265 123 1
3266 159 1
3267 31 0
3268 15 1
3269 200 1
3270 215 1
3271 163 1
3272 158 1
3273 95 1
3274 258 1
3275 2 1
3276 264 1
3277 164 0
3278 223 1
3279 265 1
3280 32 1
3281 178 1
3282 154 1
3283 154 1
3284 49 1
3285 195 0
3286 220 1
3287 265 1
3288 64 1
3289 94 0
3290 200 0
3291 41 1
3292 192 1
3293 201 1
3294 139 1
3295 74 1
3296 13 1
3297 102 1
3298 233 1
3299 77 1
3300 90 1
3301 288 1
3302 80 0
3303 168 1
3304 40 1
3305 268 1
3306 131 1
3307 185 0
3308 286 0
3309 187 0
3310 270 1
3311 46 0
3312 285 1
3313 161 1
3314 176 1
3315 250 1
3316 282 1
3317 57 1
3318 249 1
3319 278 1
3320 229 0
3321 41 1
3322 46 0
3323 132 1
3324 30 0
3325 176 0
3326 61 0
3327 3 1
3328 112 0
3329 53 1
3330 204 1
3331 4 0
3332 31 1
3333 8 0
3334 28 0
3335 82 0
3336 22 1
3337 66 1
3338 59 0
3339 141 1
3340 226 0
3341 130 0
3342 280 0
3343 113 1
3344 99 1
3345 161 1
3346 242 0
3347 209 1
3348 258 0
3349 65 1
3350 274 0
3351 23 1
3352 271 0
3353 105 0
3354 287 0
3355 159 1
3356 13 1
3357 21 0
3358 194 0
3359 166 1
3360 73 0
3361 16 0
3362 232 0
3363 68 1
3364 213 1
3365 257 1
3366 21 1
3367 233 1
3368 110 0
3369 102 0
3370 34 1
3371 101 1
3372 32 0
3373 112 1
3374 288 1
3375 260 1
3376 23 0
3377 125 1
3378 272 1
3379 195 1
3380 68 1
3381 100 1
3382 214 0
3383 122 0
3384 121 0
3385 171 1
3386 226 1
3387 265 0
3388 166 1
3389 225 1
3390 104 1
3391 265 1
3392 211 1
3393 154 1
3394 64 1
3395 96 0
3396 282 1
3397 253 1
3398 9 1
3399 270 1
3400 79 1
3401 58 1
3402 194 0
3403 13 0
3404 181 0
3405 263 1
3406 173 0
3407 184 1
3408 108 0
3409 285 0
3410 136 1
3411 45 1
3412 57 1
3413 104 0
3414 153 1
3415 260 1
3416 5 1
3417 278 0
3418 152 1
3419 39 0
3420 270 0
3421 99 0
3422 20 1
3423 276 0
3424 70 1
3425 40 0
3426 132 1
3427 136 0
3428 123 1
3429 288 1
3430 95 0
3431 249 1
3432 55 1
3433 70 1
3434 8 1
3435 281 1
3436 152 1
3437 171 1
3438 143 1
3439 40 1
3440 199 1
3441 221 0
3442 197 0
3443 261 0
3444 48 0
3445 77 1
3446 286 1
3447 275 0
3448 42 0
3449 29 0
3450 195 0
3451 70 0
3452 170 0
3453 259 1
3454 169 0
3455 6 0
3456 119 0
3457 149 1
3458 34 0
3459 117 1
3460 149 1
3461 288 1
3462 260 1
3463 257 0
3464 97 0
3465 93 0
3466 76 0
3467 119 1
3468 176 1
3469 70 1
3470 157 0
3471 163 0
3472 43 0
3473 73 0
3474 171 1
3475 253 1
3476 124 0
3477 205 1
3478 33 1
3479 167 1
3480 228 1
3481 194 0
3482 195 0
3483 30 0
3484 172 1
3485 165 1
3486 207 0
3487 56 0
3488 120 1
3489 130 1
3490 91 0
3491 30 0
3492 114 1
3493 80 1
3494 177 1
3495 19 1
3496 18 1
3497 158 1
3498 7 1
3499 64 1
3500 59 1
3501 219 1
3502 38 0
3503 28 0
3504 206 1
3505 191 1
3506 282 0
3507 284 1
3508 228 1
3509 285 0
3510 91 1
3511 260 0
3512 257 1
3513 63 1
3514 87 0
3515 185 1
3516 128 1
3517 184 1
3518 190 1
3519 66 1
3520 110 1
3521 143 1
3522 218 1
3523 239 1
3524 240 1
3525 10 1
3526 277 0
3527 211 1
3528 137 1
3529 279 0
3530 173 1
3531 111 1
3532 88 0
3533 177 0
3534 247 1
3535 124 1
3536 240 0
3537 199 0
3538 174 1
3539 32 1
3540 151 1
3541 256 0
3542 52 1
3543 152 1
3544 191 1
3545 123 1
3546 85 1
3547 114 1
3548 269 1
3549 192 0
3550 15 1
3551 63 0
3552 63 1
3553 133 1
3554 181 1
3555 131 1
3556 270 0
3557 210 0
3558 272 0
3559 252 0
3560 242 1
3561 16 0
3562 59 0
3563 241 1
3564 194 0
3565 65 1
3566 198 1
3567 174 1
3568 131 1
3569 207 0
3570 244 0
3571 93 0
3572 143 1
3573 285 0
3574 83 1
3575 68 1
3576 72 0
3577 102 1
3578 277 1
3579 262 0
3580 225 1
3581 99 0
3582 196 1
3583 102 0
3584 61 0
3585 88 0
3586 127 0
3587 268 1
3588 225 0
3589 166 0
3590 249 0
3591 84 1
3592 89 0
3593 224 1
3594 10 0
3595 287 1
3596 263 1
3597 77 0
3598 109 1
3599 236 1
3600 229 1
3601 215 0
3602 247 0
3603 107 1
3604 225 1
3605 230 1
3606 247 1
3607 276 0
3608 12 0
3609 183 1
3610 176 0
3611 288 1
3612 15 1
3613 88 0
3614 285 1
3615 34 0
3616 99 1
3617 59 1
3618 181 0
3619 7 1
3620 148 1
3621 71 1
3622 63 1
3623 243 0
3624 37 0
3625 128 1
3626 55 1
3627 132 1
3628 200 1
3629 226 1
3630 286 1
3631 188 0
3632 281 1
3633 242 1
3634 154 1
3635 59 1
3636 258 0
3637 209 1
3638 217 0
3639 168 1
3640 37 1
3641 238 0
3642 132 1
3643 225 0
3644 41 0
3645 38 1
3646 224 0
3647 223 1
3648 214 1
3649 157 1
3650 194 0
3651 152 1
3652 117 1
3653 255 0
3654 263 0
3655 69 1
3656 169 0
3657 163 0
3658 128 0
3659 145 1
3660 61 1
3661 267 1
3662 149 1
3663 239 1
3664 113 0
3665 182 1
3666 62 0
3667 240 0
3668 144 1
3669 255 1
3670 108 1
3671 156 0
3672 81 0
3673 59 0
3674 189 1
3675 87 1
3676 127 1
3677 275 0
3678 2 1
3679 89 1
3680 69 1
3681 194 0
3682 85 1
3683 52 1
3684 119 1
3685 55 0
3686 80 1
3687 275 1
3688 12 1
3689 111 0
3690 278 1
3691 191 1
3692 33 1
3693 162 1
3694 138 0
3695 213 1
3696 3 1
3697 80 1
3698 62 1
3699 58 1
3700 179 1
3701 179 1
3702 97 1
3703 192 1
3704 238 1
3705 50 0
3706 274 1
3707 111 1
3708 156 0
3709 114 0
3710 4 0
3711 211 0
3712 215 0
3713 127 0
3714 132 1
3715 198 1
3716 101 0
3717 82 0
3718 281 1
3719 47 0
3720 58 1
3721 193 1
3722 78 0
3723 58 0
3724 57 1
3725 238 1
3726 240 0
3727 100 1
3728 190 1
3729 213 1
3730 215 0
3731 114 1
3732 269 0
3733 224 1
3734 241 1
3735 227 0
3736 140 0
3737 50 1
3738 205 1
3739 193 1
3740 52 1
3741 34 1
3742 38 0
3743 228 1
3744 133 1
3745 31 1
3746 43 0
3747 82 1
3748 112 0
3749 21 0
3750 89 0
3751 71 1
3752 118 1
3753 187 1
3754 261 0
3755 36 0
3756 229 0
3757 55 1
3758 266 0
3759 267 0
3760 205 1
3761 227 0
3762 183 1
3763 10 0
3764 96 0
3765 67 0
3766 19 1
3767 154 1
3768 0 1
3769 202 0
3770 140 0
3771 55 1
3772 79 1
3773 149 1
3774 165 0
3775 225 1
3776 164 0
3777 68 1
3778 211 0
3779 92 1
3780 140 0
3781 264 1
3782 68 1
3783 68 1
3784 210 0
3785 102 0
3786 279 0
3787 200 1
3788 39 0
3789 153 0
3790 215 1
3791 23 0
3792 279 0
3793 144 1
3794 231 1
3795 279 1
3796 166 1
3797 42 1
3798 120 1
3799 44 1
3800 121 0
3801 161 1
3802 43 1
3803 208 0
3804 160 0
3805 26 1
3806 188 0
3807 172 0
3808 234 1
3809 147 0
3810 33 1
3811 26 1
3812 97 1
3813 174 0
3814 210 1
3815 28 1
3816 104 0
3817 180 1
3818 290 1
3819 261 1
3820 229 1
3821 274 0
3822 140 1
3823 74 1
3824 243 0
3825 289 1
3826 66 0
3827 246 0
3828 124 1
3829 182 1
3830 88 0
3831 114 1
3832 139 1
3833 81 0
3834 163 1
3835 38 0
3836 110 1
3837 290 0
3838 177 1
3839 74 0
3840 35 1
3841 176 0
3842 128 1
3843 35 1
3844 2 1
3845 36 1
3846 168 0
3847 283 1
3848 217 0
3849 155 0
3850 156 0
3851 222 1
3852 247 0
3853 288 1
3854 35 1
3855 34 1
3856 174 1
3857 233 1
3858 82 0
3859 36 1
3860 226 0
3861 175 1
3862 285 1
3863 150 1
3864 12 1
3865 41 0
3866 271 1
3867 205 1
3868 256 1
3869 100 1
3870 44 0
3871 102 1
3872 85 1
3873 2 0
3874 53 1
3875 252 0
3876 172 0
3877 153 1
3878 74 1
3879 87 0
3880 90 0
3881 285 1
3882 132 1
3883 37 1
3884 173 1
3885 129 1
3886 12 1
3887 208 1
3888 48 1
3889 4 1
3890 19 1
3891 183 1
3892 163 1
3893 98 0
3894 120 1
3895 64 1
3896 85 1
3897 51 0
3898 290 1
3899 86 1
3900 288 1
3901 161 1
3902 218 0
3903 168 0
3904 28 0
3905 170 1
3906 200 0
3907 41 0
3908 169 0
3909 50 1
3910 96 1
3911 271 1
3912 205 1
3913 170 0
3914 182 1
3915 178 1
3916 243 1
3917 250 0
3918 158 1
3919 239 1
3920 71 1
3921 5 1
3922 211 1
3923 83 0
3924 217 1
3925 119 1
3926 280 0
3927 266 1
3928 163 1
3929 200 1
3930 173 0
3931 265 0
3932 136 1
3933 36 1
3934 123 0
3935 222 1
3936 133 1
3937 236 1
3938 45 0
3939 204 0
3940 224 0
3941 55 0
3942 195 1
3943 178 0
3944 208 1
3945 152 0
3946 175 0
3947 247 1
3948 122 0
3949 55 0
3950 38 1
3951 210 0
3952 276 1
3953 286 1
3954 214 0
3955 63 1
3956 3 1
3957 101 1
3958 180 1
3959 36 1
3960 107 1
3961 250 1
3962 86 1
3963 43 1
3964 260 1
3965 224 1
3966 147 0
3967 209 1
3968 38 1
3969 224 1
3970 143 1
3971 172 0
3972 176 1
3973 116 0
3974 33 0
3975 194 1
3976 82 1
3977 163 1
3978 130 1
3979 117 1
3980 76 1
3981 106 0
3982 225 1
3983 126 0
3984 259 0
3985 27 0
3986 86 1
3987 30 1
3988 244 1
3989 68 1
3990 39 1
3991 127 0
3992 187 1
3993 290 0
3994 268 0
3995 126 1
3996 197 0
3997 276 1
3998 28 1
3999 197 1
4000 201 0
4001 202 1
4002 164 0
4003 30 1
4004 149 1
4005 103 1
4006 132 1
4007 19 1
4008 33 0
4009 118 0
4010 196 0
4011 64 1
4012 279 1
4013 36 0
4014 223 0
4015 76 1
4016 167 1
4017 223 1
4018 250 0
4019 188 1
4020 122 1
4021 6 0
4022 2 1
4023 55 0
4024 106 0
4025 77 1
4026 188 0
4027 208 1
4028 252 1
4029 225 1
4030 187 1
4031 89 0
4032 288 0
4033 134 0
4034 14 1
4035 95 0
4036 93 1
4037 131 1
4038 190 1
4039 193 1
4040 161 0
4041 79 1
4042 151 0
4043 7 1
4044 241 1
4045 37 1
4046 273 1
4047 262 1
4048 147 0
4049 288 1
4050 198 1
4051 38 0
4052 225 0
4053 158 1
4054 158 1
4055 161 0
4056 71 0
4057 149 1
4058 268 1
4059 76 1
4060 128 1
4061 126 1
4062 240 1
4063 182 1
4064 233 1
4065 29 1
4066 272 1
4067 171 1
4068 38 1
4069 71 0
4070 131 1
4071 287 1
4072 212 1
4073 165 1
4074 42 1
4075 178 1
4076 64 1
4077 83 0
4078 110 0
4079 202 1
4080 154 0
4081 223 1
4082 69 1
4083 112 1
4084 174 1
4085 75 1
4086 186 0
4087 216 0
4088 248 1
4089 68 0
4090 72 0
4091 231 1
4092 31 1
4093 211 0
4094 29 1
4095 256 1
4096 94 1
4097 89 1
4098 33 1
4099 43 1
4100 156 1
4101 221 1
4102 252 0
4103 221 1
4104 8 1
4105 270 0
4106 17 0
4107 248 1
4108 5 0
4109 221 1
4110 32 0
4111 248 1
4112 116 1
4113 61 0
4114 18 1
4115 96 1
4116 285 1
4117 288 0
4118 234 1
4119 226 1
4120 248 1
4121 64 1
4122 186 0
4123 54 0
4124 221 1
4125 256 0
4126 202 1
4127 151 1
4128 290 0
4129 207 1
4130 88 0
4131 223 0
4132 69 1
4133 99 1
4134 148 0
4135 287 0
4136 270 1
4137 142 0
4138 143 1
4139 97 1
4140 242 1
4141 98 0
4142 276 1
4143 243 1
4144 233 0
4145 33 1
4146 203 0
4147 174 1
4148 217 1
4149 26 0
4150 78 1
4151 242 0
4152 144 0
4153 284 1
4154 60 1
4155 132 1
4156 184 0
4157 227 1
4158 251 1
4159 246 1
4160 80 1
4161 285 1
4162 277 1
4163 265 1
4164 243 1
4165 18 0
4166 84 0
4167 180 0
4168 124 1
4169 256 1
4170 35 1
4171 257 1
4172 99 1
4173 159 1
4174 114 0
4175 24 1
4176 135 1
4177 186 0
4178 280 1
4179 64 1
4180 254 1
4181 34 1
4182 144 0
4183 16 1
4184 129 1
4185 223 0
4186 141 1
4187 124 1
4188 124 1
4189 71 0
4190 169 1
4191 141 1
4192 177 0
4193 196 0
4194 290 1
4195 170 0
4196 114 1
4197 11 1
4198 191 1
4199 267 0
4200 71 0
4201 224 1
4202 99 1
4203 192 0
4204 112 1
4205 201 1
4206 131 1
4207 35 0
4208 180 0
4209 245 1
4210 263 1
4211 174 1
4212 132 0
4213 86 1
4214 274 0
4215 92 0
4216 2 0
4217 6 0
4218 114 1
4219 95 1
4220 234 1
4221 247 0
4222 118 0
4223 122 0
4224 285 0
4225 219 1
4226 263 1
4227 53 1
4228 27 1
4229 136 1
4230 233 0
4231 127 1
4232 285 1
4233 108 1
4234 103 1
4235 74 1
4236 240 0
4237 151 0
4238 84 0
4239 106 0
4240 121 0
4241 44 0
4242 136 0
4243 229 1
4244 8 1
4245 267 1
4246 74 1
4247 248 1
4248 267 0
4249 207 0
4250 8 1
4251 188 0
4252 82 1
4253 25 0
4254 93 1
4255 275 1
4256 166 1
4257 48 0
4258 189 0
4259 268 1
4260 91 1
4261 241 1
4262 87 1
4263 4 1
4264 3 0
4265 205 1
4266 263 0
4267 0 1
4268 214 0
4269 252 0
4270 187 0
4271 2 1
4272 37 0
4273 167 0
4274 67 1
4275 194 1
4276 128 1
4277 95 1
4278 82 1
4279 18 1
4280 51 1
4281 159 1
4282 98 0
4283 140 1
4284 215 0
4285 130 1
4286 110 1
4287 236 1
4288 213 1
4289 113 1
4290 256 1
4291 179 0
4292 192 1
4293 48 1
4294 113 0
4295 131 1
4296 61 1
4297 219 0
4298 220 1
4299 273 0
4300 201 1
4301 286 1
4302 276 0
4303 198 1
4304 52 1
4305 188 0
4306 99 0
4307 172 1
4308 90 0
4309 45 1
4310 58 1
4311 108 1
4312 237 1
4313 50 0
4314 136 1
4315 50 0
4316 176 0
4317 129 0
4318 17 1
4319 70 0
4320 119 0
4321 149 1
4322 106 1
4323 249 0
4324 282 1
4325 171 0
4326 211 0
4327 200 1
4328 56 1
4329 64 1
4330 53 1
4331 10 1
4332 191 1
4333 101 1
4334 206 1
4335 19 1
4336 200 0
4337 283 1
4338 230 0
4339 274 1
4340 16 1
4341 11 1
4342 143 1
4343 124 1
4344 263 1
4345 163 1
4346 43 0
4347 256 1
4348 52 1
4349 152 1
4350 8 1
4351 33 1
4352 80 1
4353 286 0
4354 38 0
4355 272 1
4356 132 0
4357 21 0
4358 6 0
4359 247 1
4360 105 1
4361 5 1
4362 2 1
4363 92 0
4364 98 0
4365 53 1
4366 187 1
4367 54 1
4368 206 1
4369 286 0
4370 58 1
4371 70 0
4372 32 1
4373 238 1
4374 8 0
4375 17 1
4376 53 1
4377 2 0
4378 54 0
4379 172 1
4380 141 1
4381 289 1
4382 83 0
4383 13 0
4384 164 0
4385 14 0
4386 78 1
4387 185 0
4388 206 1
4389 180 1
4390 66 1
4391 100 1
4392 282 1
4393 237 1
4394 290 0
4395 229 1
4396 114 1
4397 177 1
4398 51 1
4399 258 1
4400 0 1
4401 210 0
4402 96 0
4403 220 1
4404 267 0
4405 289 1
4406 47 0
4407 223 1
4408 262 0
4409 114 1
4410 89 0
4411 141 0
4412 20 1
4413 173 0
4414 19 0
4415 27 1
4416 184 0
4417 130 1
4418 81 1
4419 63 0
4420 200 0
4421 161 0
4422 221 1
4423 56 1
4424 65 1
4425 225 1
4426 223 1
4427 99 0
4428 165 1
4429 23 0
4430 183 1
4431 236 0
4432 28 1
4433 128 1
4434 196 1
4435 198 1
4436 284 1
4437 154 1
4438 225 1
4439 178 1
4440 90 0
4441 216 1
4442 220 0
4443 5 0
4444 67 0
4445 19 0
4446 141 1
4447 67 1
4448 101 1
4449 20 1
4450 127 0
4451 174 1
4452 89 1
4453 74 0
4454 279 0
4455 85 1
4456 106 0
4457 131 0
4458 66 0
4459 191 1
4460 196 1
4461 124 1
4462 206 0
4463 216 1
4464 158 0
4465 86 1
4466 257 1
4467 145 0
4468 69 0
4469 110 1
4470 244 0
4471 167 1
4472 236 0
4473 187 0
4474 144 0
4475 145 0
4476 38 0
4477 96 0
4478 232 1
4479 33 0
4480 60 1
4481 125 1
4482 150 0
4483 81 1
4484 262 1
4485 18 1
4486 126 1
4487 45 1
4488 224 0
4489 114 1
4490 59 1
4491 158 1
4492 9 1
4493 83 1
4494 47 1
4495 81 1
4496 266 1
4497 164 1
4498 218 1
4499 116 1
4500 177 1
4501 144 1
4502 91 0
4503 146 1
4504 192 0
4505 164 0
4506 0 1
4507 58 0
4508 57 0
4509 282 1
4510 288 1
4511 273 0
4512 19 0
4513 160 1
4514 132 1
4515 166 1
4516 151 0
4517 92 0
4518 10 1
4519 6 1
4520 271 1
4521 194 1
4522 234 1
4523 21 1
4524 134 0
4525 167 0
4526 146 1
4527 166 1
4528 5 1
4529 143 0
4530 20 1
4531 217 0
4532 131 1
4533 184 0
4534 28 1
4535 115 1
4536 102 0
4537 51 0
4538 11 0
4539 76 0
4540 115 1
4541 47 1
4542 133 1
4543 167 1
4544 19 1
4545 46 0
4546 132 0
4547 273 0
4548 52 1
4549 145 1
4550 98 1
4551 182 0
4552 19 1
4553 276 1
4554 14 0
4555 237 0
4556 45 1
4557 162 1
4558 269 1
4559 87 0
4560 89 1
4561 69 1
4562 136 1
4563 225 0
4564 249 1
4565 71 1
4566 111 0
4567 287 1
4568 196 1
4569 223 1
4570 74 1
4571 111 1
4572 195 1
4573 68 0
4574 52 1
4575 171 1
4576 28 1
4577 134 1
4578 32 1
4579 123 1
4580 240 1
4581 47 1
4582 189 0
4583 254 0
4584 56 0
4585 76 1
4586 65 1
4587 51 1
4588 232 1
4589 174 1
4590 45 0
4591 197 0
4592 35 0
4593 8 0
4594 201 0
4595 88 1
4596 66 1
4597 242 1
4598 210 1
4599 90 1
4600 132 0
4601 167 1
4602 94 1
4603 229 1
4604 108 0
4605 91 1
4606 197 1
4607 257 0
4608 99 1
4609 39 1
4610 136 0
4611 222 1
4612 34 1
4613 198 1
4614 119 1
4615 281 0
4616 226 1
4617 219 1
4618 146 0
4619 127 1
4620 9 1
4621 147 1
4622 247 1
4623 179 1
4624 118 0
4625 127 1
4626 87 1
4627 198 0
4628 263 1
4629 106 1
4630 196 1
4631 113 1
4632 25 1
4633 222 0
4634 230 1
4635 166 0
4636 278 1
4637 186 0
4638 167 1
4639 61 0
4640 34 0
4641 20 1
4642 18 1
4643 13 1
4644 95 0
4645 174 1
4646 278 0
4647 193 1
4648 100 0
4649 214 1
4650 183 0
4651 49 0
4652 112 1
4653 207 1
4654 51 0
4655 44 0
4656 228 1
4657 8 0
4658 23 1
4659 39 0
4660 203 1
4661 180 1
4662 241 1
4663 264 0
4664 238 0
4665 151 1
4666 17 1
4667 72 1
4668 146 1
4669 210 1
4670 287 1
4671 53 1
4672 59 1
4673 274 0
4674 144 0
4675 263 0
4676 7 0
4677 17 1
4678 266 1
4679 70 0
4680 271 1
4681 115 1
4682 132 1
4683 188 1
4684 237 0
4685 277 1
4686 101 1
4687 229 0
4688 162 1
4689 275 1
4690 37 0
4691 103 1
4692 140 0
4693 33 1
4694 204 1
4695 100 1
4696 66 1
4697 212 1
4698 173 1
4699 247 1
4700 247 1
4701 93 1
4702 43 0
4703 280 0
4704 46 1
4705 220 0
4706 283 0
4707 158 0
4708 246 1
4709 19 1
4710 36 1
4711 52 1
4712 106 1
4713 71 1
4714 113 1
4715 139 0
4716 31 1
4717 188 1
4718 35 0
4719 279 1
4720 213 0
4721 164 1
4722 12 1
4723 78 0
4724 285 1
4725 157 1
4726 279 0
4727 194 1
4728 213 0
4729 115 1
4730 32 0
4731 135 1
4732 196 0
4733 168 0
4734 272 1
4735 52 1
4736 105 1
4737 140 1
4738 18 1
4739 146 1
4740 87 0
4741 74 0
4742 221 0
4743 201 0
4744 14 1
4745 209 0
4746 280 0
4747 141 0
4748 116 1
4749 187 0
4750 206 1
4751 64 1
4752 226 0
4753 199 1
4754 194 1
4755 28 0
4756 66 0
4757 96 1
4758 143 0
4759 201 0
4760 63 1
4761 235 1
4762 203 0
4763 39 0
4764 136 0
4765 189 1
4766 236 0
4767 134 1
4768 228 1
4769 187 0
4770 128 1
4771 183 1
4772 58 1
4773 253 0
4774 58 1
4775 68 1
4776 54 1
4777 236 0
4778 129 1
4779 57 1
4780 242 0
4781 88 1
4782 270 1
4783 99 1
4784 264 1
4785 110 1
4786 210 1
4787 67 0
4788 54 1
4789 179 0
4790 285 1
4791 264 1
4792 0 0
4793 46 1
4794 225 1
4795 135 1
4796 121 1
4797 103 1
4798 185 1
4799 79 1
4800 197 1
4801 31 1
4802 255 1
4803 126 1
4804 158 0
4805 161 0
4806 33 1
4807 232 1
4808 115 0
4809 193 0
4810 152 0
4811 287 0
4812 0 1
4813 145 1
4814 42 1
4815 84 1
4816 154 1
4817 127 1
4818 244 1
4819 167 1
4820 70 1
4821 34 0
4822 234 1
4823 167 0
4824 24 0
4825 169 0
4826 138 1
4827 190 1
4828 4 1
4829 95 0
4830 269 0
4831 57 1
4832 65 1
4833 22 1
4834 209 0
4835 191 1
4836 289 1
4837 91 1
4838 263 1
4839 30 1
4840 98 1
4841 173 1
4842 104 1
4843 146 0
4844 117 1
4845 217 1
4846 191 1
4847 30 1
4848 198 1
4849 14 0
4850 12 1
4851 135 1
4852 170 0
4853 242 1
4854 255 1
4855 170 0
4856 242 0
4857 70 0
4858 156 0
4859 195 1
4860 197 0
4861 171 1
4862 135 1
4863 93 1
4864 284 0
4865 221 1
4866 52 0
4867 16 0
4868 32 1
4869 105 1
4870 11 0
4871 121 0
4872 99 1
4873 49 1
4874 148 1
4875 9 1
4876 136 0
4877 214 1
4878 91 0
4879 85 0
4880 155 0
4881 91 0
4882 111 1
4883 171 1
4884 137 1
4885 202 0
4886 32 1
4887 174 0
4888 286 1
4889 126 1
4890 208 1
4891 261 1
4892 57 0
4893 96 1
4894 232 1
4895 264 1
4896 258 1
4897 14 0
4898 265 0
4899 253 1
4900 232 1
4901 0 1
4902 289 1
4903 135 1
4904 138 1
4905 169 0
4906 138 0
4907 170 1
4908 63 1
4909 114 0
4910 218 0
4911 102 1
4912 245 1
4913 4 1
4914 72 1
4915 40 1
4916 223 0
4917 49 0
4918 277 1
4919 246 1
4920 186 1
4921 241 1
4922 3 0
4923 290 1
4924 127 1
4925 103 1
4926 264 0
4927 11 1
4928 123 1
4929 178 0
4930 12 1
4931 270 1
4932 29 1
4933 196 0
4934 213 0
4935 201 1
4936 16 1
4937 235 1
4938 272 0
4939 149 1
4940 119 1
4941 255 1
4942 228 1
4943 82 1
4944 21 0
4945 26 1
4946 218 0
4947 39 0
4948 34 1
4949 65 1
4950 128 1
4951 157 1
4952 127 1
4953 257 1
4954 76 1
4955 278 1
4956 138 1
4957 28 1
4958 249 0
4959 197 1
4960 110 1
4961 44 1
4962 229 0
4963 86 1
4964 59 0
4965 281 1
4966 127 1
4967 134 1
4968 280 1
4969 102 1
4970 216 0
4971 260 1
4972 102 0
4973 170 0
4974 169 0
4975 71 1
4976 40 1
4977 87 1
4978 260 1
4979 272 1
4980 65 0
4981 18 0
4982 180 1
4983 186 1
4984 253 1
4985 234 0
4986 148 1
4987 12 1
4988 263 1
4989 51 1
4990 30 1
4991 161 1
4992 268 0
4993 79 1
4994 163 1
4995 38 0
4996 124 1
4997 161 0
4998 209 0
4999 214 0
5000 85 1
5001 120 1
5002 132 1
5003 224 1
5004 86 1
5005 278 1
5006 138 1
5007 217 1
5008 137 1
5009 125 0
5010 127 0
5011 9 1
5012 250 1
5013 4 1
5014 257 1
5015 110 1
5016 116 0
5017 56 1
5018 165 1
5019 124 0
5020 5 1
5021 138 1
5022 0 1
5023 31 0
5024 131 1
5025 240 1
5026 90 1
5027 249 1
5028 128 0
5029 280 1
5030 243 0
5031 208 1
5032 132 1
5033 87 1
5034 284 0
5035 288 1
5036 63 0
5037 205 1
5038 230 0
5039 263 1
5040 163 1
5041 99 1
5042 201 1
5043 42 0
5044 81 0
5045 163 0
5046 162 0
5047 163 0
5048 53 0
5049 40 1
5050 203 0
5051 108 0
5052 203 0
5053 101 0
5054 29 1
5055 274 1
5056 56 1
5057 154 0
5058 170 1
5059 35 1
5060 259 1
5061 56 1
5062 19 1
5063 195 1
5064 210 1
5065 181 1
5066 43 1
5067 191 0
5068 82 1
5069 159 0
5070 136 1
5071 12 1
5072 255 1
5073 220 1
5074 103 1
5075 125 1
5076 193 1
5077 263 1
5078 141 1
5079 56 1
5080 142 0
5081 245 1
5082 267 1
5083 171 1
5084 208 0
5085 201 0
5086 181 0
5087 16 1
5088 151 1
5089 19 1
5090 231 1
5091 96 1
5092 97 1
5093 86 0
5094 266 1
5095 69 1
5096 119 1
5097 42 0
5098 230 1
5099 185 1
5100 252 1
5101 231 1
5102 79 1
5103 58 1
5104 192 1
5105 255 1
5106 283 1
5107 37 0
5108 159 1
5109 67 1
5110 36 1
5111 282 1
5112 222 1
5113 282 0
5114 277 1
5115 49 1
5116 73 1
5117 182 1
5118 237 1
5119 123 1
5120 88 1
5121 42 0
5122 179 1
5123 232 1
5124 264 0
5125 244 0
5126 208 0
5127 196 1
5128 40 1
5129 41 1
5130 134 0
5131 5 1
5132 112 1
5133 99 1
5134 168 0
5135 259 1
5136 50 1
5137 108 0
5138 152 1
5139 47 0
5140 90 1
5141 166 0
5142 7 0
5143 208 0
5144 289 0
5145 104 1
5146 112 1
5147 79 1
5148 37 1
5149 22 1
5150 141 1
5151 201 0
5152 95 1
5153 160 0
5154 100 1
5155 113 1
5156 270 1
5157 228 1
5158 60 0
5159 95 1
5160 166 0
5161 222 1
5162 49 1
5163 242 0
5164 252 0
5165 31 0
5166 27 1
5167 34 1
5168 23 1
5169 109 1
5170 173 1
5171 53 1
5172 212 1
5173 232 0
5174 197 1
5175 71 0
5176 268 0
5177 91 0
5178 76 0
5179 144 0
5180 48 0
5181 170 1
5182 179 1
5183 259 1
5184 170 1
5185 65 0
5186 9 0
5187 7 1
5188 139 1
5189 265 1
5190 17 0
5191 150 0
5192 79 0
5193 113 1
5194 24 1
5195 223 1
5196 204 1
5197 209 1
5198 78 1
5199 66 1
5200 286 1
5201 72 1
5202 250 0
5203 288 1
5204 59 1
5205 206 1
5206 47 1
5207 163 0
5208 78 1
5209 53 1
5210 274 1
5211 206 0
5212 151 1
5213 51 1
5214 73 1
5215 249 1
5216 248 0
5217 103 0
5218 171 1
5219 108 1
5220 71 1
5221 109 0
5222 120 1
5223 17 1
5224 290 1
5225 40 0
5226 87 0
5227 232 1
5228 173 1
5229 270 0
5230 140 1
5231 23 1
5232 29 1
5233 107 1
5234 227 1
5235 171 1
5236 269 0
5237 188 0
5238 3 1
5239 67 1
5240 16 0
5241 46 1
5242 156 1
5243 144 0
5244 41 0
5245 284 1
5246 91 1
5247 81 0
5248 174 1
5249 29 1
5250 143 1
5251 210 1
5252 253 1
5253 282 1
5254 84 1
5255 60 0
5256 228 1
5257 266 1
5258 156 0
5259 132 1
5260 242 1
5261 181 1
5262 204 0
5263 193 1
5264 159 0
5265 259 1
5266 225 0
5267 163 1
5268 27 1
5269 245 1
5270 244 1
5271 243 0
5272 152 1
5273 15 1
5274 77 0
5275 16 1
5276 45 0
5277 132 1
5278 168 1
5279 108 0
5280 27 0
5281 109 0
5282 286 1
5283 180 0
5284 198 0
5285 165 1
5286 180 1
5287 104 1
5288 137 0
5289 151 1
5290 69 1
5291 13 1
5292 74 1
5293 135 1
5294 241 1
5295 81 1
5296 28 1
5297 261 1
5298 235 0
5299 108 1
5300 57 1
5301 96 1
5302 161 1
5303 50 1
5304 90 0
5305 252 1
5306 78 1
5307 45 0
5308 181 1
5309 198 1
5310 132 1
5311 140 1
5312 210 1
5313 247 1
5314 32 1
5315 68 0
5316 78 1
5317 98 1
5318 135 1
5319 18 1
5320 58 1
5321 156 0
5322 16 1
5323 92 1
5324 91 1
5325 100 1
5326 278 1
5327 156 1
5328 121 1
5329 92 1
5330 238 1
5331 14 1
5332 95 0
5333 36 1
5334 260 1
5335 196 0
5336 95 0
5337 227 0
5338 263 1
5339 80 0
5340 58 0
5341 59 1
5342 191 0
5343 274 1
5344 98 0
5345 206 1
5346 7 0
5347 133 1
5348 73 1
5349 73 1
5350 285 0
5351 133 1
5352 71 1
5353 263 1
5354 159 0
5355 138 0
5356 3 1
5357 2 1
5358 183 1
5359 246 1
5360 124 0
5361 98 1
5362 154 1
5363 5 1
5364 202 1
5365 41 0
5366 88 1
5367 56 1
5368 45 1
5369 234 0
5370 142 1
5371 130 1
5372 50 1
5373 79 1
5374 150 1
5375 286 0
5376 259 1
5377 176 1
5378 126 1
5379 89 1
5380 1 0
5381 264 1
5382 107 0
5383 249 0
5384 120 1
5385 97 1
5386 44 0
5387 179 1
5388 101 1
5389 99 1
5390 64 1
5391 265 1
5392 280 0
5393 185 1
5394 72 1
5395 183 0
5396 177 0
5397 163 1
5398 247 0
5399 177 1
5400 115 0
5401 110 1
5402 243 1
5403 285 1
5404 27 0
5405 75 0
5406 249 1
5407 186 0
5408 261 1
5409 62 1
5410 127 0
5411 147 1
5412 141 0
5413 99 0
5414 233 1
5415 205 0
5416 32 0
5417 217 0
5418 53 1
5419 99 1
5420 75 1
5421 234 1
5422 285 0
5423 271 1
5424 13 1
5425 38 0
5426 27 1
5427 215 1
5428 267 1
5429 36 0
5430 40 1
5431 267 1
5432 5 1
5433 87 1
5434 175 0
5435 201 1
5436 131 1
5437 283 1
5438 45 1
5439 121 1
5440 45 0
5441 229 1
5442 116 1
5443 42 1
5444 239 0
5445 12 1
5446 91 0
5447 123 0
5448 244 1
5449 217 1
5450 168 1
5451 88 1
5452 12 0
5453 165 1
5454 84 0
5455 178 1
5456 185 1
5457 4 1
5458 41 0
5459 104 0
5460 156 1
5461 39 1
5462 166 1
5463 85 1
5464 113 1
5465 279 0
5466 170 1
5467 29 0
5468 218 1
5469 10 1
5470 189 0
5471 203 1
5472 76 1
5473 126 1
5474 284 1
5475 137 1
5476 117 1
5477 138 1
5478 79 1
5479 143 1
5480 5 1
5481 213 1
5482 238 1
5483 128 1
5484 208 1
5485 208 1
5486 98 1
5487 252 1
5488 67 1
5489 62 1
5490 88 0
5491 241 1
5492 147 1
5493 229 0
5494 82 1
5495 158 1
5496 243 0
5497 34 1
5498 93 1
5499 95 1
5500 73 0
5501 148 0
5502 194 1
5503 148 1
5504 259 0
5505 93 1
5506 150 0
5507 2 0
5508 163 0
5509 232 1
5510 114 1
5511 104 1
5512 241 1
5513 27 1
5514 42 0
5515 116 1
5516 197 1
5517 57 1
5518 113 1
5519 164 1
5520 125 1
5521 169 1
5522 40 0
5523 52 1
5524 173 1
5525 220 0
5526 154 0
5527 124 0
5528 172 1
5529 209 1
5530 44 1
5531 69 0
5532 38 1
5533 113 1
5534 72 1
5535 264 1
5536 274 1
5537 274 1
5538 84 0
5539 258 0
5540 59 1
5541 24 1
5542 220 1
5543 57 1
5544 39 1
5545 56 1
5546 41 0
5547 65 1
5548 24 0
5549 263 1
5550 226 1
5551 96 1
5552 150 1
5553 233 0
5554 115 1
5555 3 1
5556 127 1
5557 128 0
5558 238 0
5559 189 1
5560 192 0
5561 132 1
5562 143 1
5563 54 1
5564 147 1
5565 34 0
5566 2 1
5567 32 1
5568 241 1
5569 158 0
5570 236 0
5571 270 1
5572 250 1
5573 191 1
5574 64 1
5575 246 0
5576 106 1
5577 261 1
5578 56 1
5579 187 0
5580 81 1
5581 58 1
5582 123 0
5583 7 1
5584 158 0
5585 169 1
5586 97 1
5587 207 1
5588 27 0
5589 25 1
5590 227 1
5591 150 1
5592 130 0
5593 63 1
5594 207 1
5595 161 1
5596 275 1
5597 112 1
5598 81 1
5599 181 1
5600 25 1
5601 82 0
5602 270 1
5603 211 0
5604 167 0
5605 191 1
5606 248 1
5607 209 0
5608 202 0
5609 13 0
5610 34 1
5611 146 1
5612 134 0
5613 126 1
5614 88 1
5615 225 0
5616 137 1
5617 267 0
5618 77 1
5619 186 1
5620 164 1
5621 120 0
5622 168 1
5623 208 0
5624 81 0
5625 228 1
5626 136 1
5627 165 0
5628 51 0
5629 257 0
5630 78 1
5631 55 1
5632 240 1
5633 104 0
5634 281 0
5635 42 0
5636 147 1
5637 15 1
5638 231 0
5639 134 1
5640 215 0
5641 200 1
5642 186 0
5643 72 0
5644 106 1
5645 179 0
5646 1 1
5647 171 1
5648 5 1
5649 39 0
5650 76 1
5651 180 0
5652 275 1
5653 19 1
5654 220 1
5655 8 1
5656 287 1
5657 237 1
5658 23 1
5659 160 0
5660 118 1
5661 84 0
5662 22 1
5663 101 1
5664 42 0
5665 54 1
5666 253 1
5667 83 1
5668 201 1
5669 192 1
5670 287 1
5671 15 1
5672 149 1
5673 206 1
5674 41 1
5675 41 1
5676 154 1
5677 20 1
5678 122 1
5679 235 1
5680 33 1
5681 23 0
5682 3 1
5683 3 1
5684 271 1
5685 106 1
5686 136 1
5687 0 1
5688 145 0
5689 198 1
5690 22 1
5691 55 1
5692 106 1
5693 124 0
5694 228 1
5695 163 1
5696 128 1
5697 287 1
5698 64 1
5699 138 0
5700 225 0
5701 52 1
5702 106 1
5703 128 0
5704 30 1
5705 177 0
5706 46 0
5707 1 1
5708 48 1
5709 151 1
5710 287 0
5711 17 0
5712 242 1
5713 27 0
5714 74 0
5715 91 1
5716 119 0
5717 173 1
5718 257 1
5719 247 0
5720 107 1
5721 81 1
5722 107 1
5723 46 1
5724 269 1
5725 203 1
5726 222 1
5727 130 1
5728 5 1
5729 250 1
5730 32 0
5731 150 0
5732 286 1
5733 179 0
5734 73 1
5735 281 1
5736 10 1
5737 75 0
5738 215 1
5739 12 1
5740 59 1
5741 199 1
5742 176 0
5743 225 0
5744 226 1
5745 0 1
5746 37 1
5747 213 1
5748 183 0
5749 26 1
5750 268 1
5751 209 0
5752 118 1
5753 104 1
5754 145 0
5755 266 1
5756 72 1
5757 257 1
5758 243 1
5759 169 1
5760 179 1
5761 240 1
5762 61 1
5763 280 1
5764 263 1
5765 272 0
5766 62 1
5767 259 1
5768 214 1
5769 253 1
5770 252 1
5771 45 1
5772 143 0
5773 22 0
5774 5 1
5775 46 1
5776 101 1
5777 141 0
5778 188 1
5779 147 1
5780 208 1
5781 172 1
5782 59 1
5783 191 1
5784 276 1
5785 82 1
5786 122 1
5787 270 1
5788 201 1
5789 102 0
5790 224 1
5791 131 1
5792 205 0
5793 259 0
5794 173 1
5795 33 1
5796 14 1
5797 132 1
5798 87 1
5799 87 0
5800 216 0
5801 49 1
5802 68 0
5803 54 0
5804 61 1
5805 215 1
5806 44 0
5807 121 0
5808 67 1
5809 91 1
5810 266 1
5811 102 1
5812 70 0
5813 125 1
5814 6 1
5815 0 1
5816 122 1
5817 42 0
5818 109 1
5819 199 0
5820 252 1
5821 226 1
5822 210 0
5823 285 0
5824 208 0
5825 289 1
5826 240 1
5827 235 1
5828 75 0
5829 239 1
5830 22 1
5831 76 1
5832 289 1
5833 105 1
5834 214 1
5835 48 0
5836 199 1
5837 242 0
5838 102 1
5839 135 1
5840 92 0
5841 264 1
5842 6 0
5843 123 1
5844 50 1
5845 256 0
5846 52 1
5847 19 0
5848 190 0
5849 220 1
5850 200 1
5851 59 1
5852 283 1
5853 257 0
5854 17 0
5855 144 1
5856 37 1
5857 213 1
5858 97 0
5859 187 0
5860 148 1
5861 282 1
5862 225 1
5863 22 0
5864 165 1
5865 9 1
5866 219 1
5867 244 0
5868 141 1
5869 45 1
5870 83 1
5871 39 1
5872 78 1
5873 195 1
5874 68 1
5875 94 1
5876 14 1
5877 188 0
5878 126 1
5879 135 1
5880 161 0
5881 106 1
5882 243 1
5883 41 0
5884 41 0
5885 283 1
5886 47 1
5887 275 0
5888 23 1
5889 72 1
5890 72 0
5891 79 1
5892 282 0
5893 66 1
5894 187 1
5895 179 1
5896 85 0
5897 210 1
5898 116 0
5899 162 1
5900 109 1
5901 281 1
5902 247 1
5903 22 0
5904 247 0
5905 102 1
5906 31 0
5907 115 1
5908 189 0
5909 201 1
5910 154 0
5911 206 0
5912 115 1
5913 49 1
5914 116 1
5915 97 1
5916 137 1
5917 123 1
5918 124 0
5919 104 1
5920 271 0
5921 108 1
5922 158 0
5923 65 1
5924 208 0
5925 174 0
5926 96 1
5927 82 1
5928 245 1
5929 183 1
5930 114 1
5931 36 1
5932 108 1
5933 84 1
5934 45 1
5935 83 1
5936 196 0
5937 67 1
5938 187 0
5939 183 1
5940 170 1
5941 237 0
5942 186 1
5943 218 0
5944 191 1
5945 272 1
5946 132 0
5947 5 0
5948 239 1
5949 244 1
5950 49 1
5951 49 0
5952 259 1
5953 81 1
5954 20 1
5955 30 1
5956 70 1
5957 197 1
5958 37 1
5959 167 1
5960 266 1
5961 274 1
5962 228 1
5963 119 1
5964 140 1
5965 201 0
5966 108 1
5967 207 1
5968 139 1
5969 34 1
5970 261 1
5971 90 0
5972 73 0
5973 67 1
5974 182 1
5975 47 1
5976 153 1
5977 36 0
5978 81 1
5979 39 1
5980 227 1
5981 151 1
5982 2 0
5983 215 0
5984 95 1
5985 10 1
5986 23 0
5987 167 1
5988 158 1
5989 237 1
5990 208 0
5991 238 0
5992 86 1
5993 255 1
5994 170 1
5995 129 0
5996 14 1
5997 214 0
5998 119 0
5999 189 1
6000 127 1
6001 20 1
6002 70 1
6003 18 1
6004 162 1
6005 18 1
6006 21 1
6007 212 1
6008 271 1
6009 46 1
6010 241 1
6011 289 1
6012 226 1
6013 44 1
6014 90 0
6015 9 1
6016 204 1
6017 108 0
6018 278 1
6019 243 1
6020 123 1
6021 0 1
6022 226 1
6023 22 1
6024 160 1
6025 98 1
6026 14 1
6027 137 0
6028 17 1
6029 66 1
6030 155 1
6031 64 1
6032 166 0
6033 82 1
6034 40 1
6035 74 0
6036 35 1
6037 78 0
6038 27 0
6039 240 1
6040 200 1
6041 37 0
6042 174 1
6043 226 1
6044 96 1
6045 69 0
6046 170 1
6047 59 1
6048 46 0
6049 262 1
6050 238 1
6051 20 0
6052 120 1
6053 16 1
6054 199 1
6055 74 1
6056 43 1
6057 124 1
6058 26 1
6059 179 0
6060 124 1
6061 114 1
6062 152 0
6063 80 1
6064 118 1
6065 56 0
6066 128 0
6067 79 0
6068 175 1
6069 135 0
6070 91 1
6071 253 1
6072 60 1
6073 122 0
6074 178 1
6075 272 0
6076 60 0
6077 45 0
6078 40 1
6079 152 1
6080 239 1
6081 255 1
6082 285 0
6083 33 0
6084 201 1
6085 24 1
6086 148 0
6087 198 0
6088 136 1
6089 67 0
6090 102 0
6091 96 0
6092 174 1
6093 115 1
6094 38 1
6095 144 1
6096 216 1
6097 63 1
6098 245 1
6099 151 1
6100 67 1
6101 187 1
6102 194 1
6103 196 0
6104 155 0
6105 124 1
6106 51 1
6107 159 1
6108 132 1
6109 180 0
6110 282 1
6111 189 0
6112 204 1
6113 189 1
6114 120 1
6115 53 0
6116 256 1
6117 144 1
6118 75 1
6119 260 0
6120 52 1
6121 258 0
6122 53 1
6123 37 1
6124 173 1
6125 97 1
6126 23 1
6127 143 1
6128 278 1
6129 126 0
6130 121 1
6131 36 1
6132 160 0
6133 17 1
6134 260 1
6135 237 1
6136 111 0
6137 124 1
6138 72 1
6139 91 1
6140 150 1
6141 180 1
6142 183 1
6143 203 0
6144 135 1
6145 18 0
6146 279 1
6147 84 0
6148 265 1
6149 125 1
6150 119 1
6151 286 0
6152 16 1
6153 136 1
6154 52 1
6155 104 1
6156 155 1
6157 147 1
6158 88 0
6159 279 0
6160 128 1
6161 221 0
6162 92 1
6163 5 0
6164 177 1
6165 103 1
6166 264 0
6167 268 1
6168 249 1
6169 109 1
6170 111 0
6171 275 1
6172 238 0
6173 84 1
6174 252 0
6175 0 0
6176 110 1
6177 267 1
6178 266 1
6179 72 1
6180 174 1
6181 189 1
6182 274 1
6183 168 1
6184 50 1
6185 14 0
6186 261 1
6187 167 0
6188 191 1
6189 16 1
6190 64 1
6191 272 0
6192 237 1
6193 148 1
6194 262 1
6195 104 1
6196 136 1
6197 33 0
6198 200 1
6199 123 1
6200 249 1
6201 121 1
6202 198 1
6203 199 0
6204 20 1
6205 251 1
6206 262 1
6207 61 1
6208 222 1
6209 191 1
6210 170 1
6211 78 0
6212 39 0
6213 165 1
6214 83 1
6215 230 0
6216 198 0
6217 32 0
6218 121 1
6219 204 1
6220 218 1
6221 28 1
6222 169 1
6223 169 0
6224 38 1
6225 2 1
6226 136 1
6227 254 1
6228 254 1
6229 186 1
6230 189 0
6231 150 1
6232 217 0
6233 201 1
6234 215 0
6235 251 1
6236 51 1
6237 103 1
6238 77 1
6239 60 0
6240 112 1
6241 64 0
6242 204 1
6243 226 0
6244 218 1
6245 276 1
6246 247 1
6247 212 1
6248 57 1
6249 283 1
6250 9 1
6251 155 1
6252 262 0
6253 51 1
6254 10 0
6255 225 1
6256 204 1
6257 173 0
6258 88 1
6259 56 1
6260 230 0
6261 132 0
6262 207 1
6263 131 0
6264 238 0
6265 16 1
6266 106 1
6267 78 1
6268 169 1
6269 187 1
6270 11 1
6271 73 1
6272 182 1
6273 104 1
6274 95 1
6275 285 1
6276 232 0
6277 283 1
6278 242 1
6279 152 1
6280 277 1
6281 208 1
6282 80 1
6283 231 0
6284 218 1
6285 200 1
6286 20 1
6287 185 0
6288 290 1
6289 181 1
6290 189 0
6291 161 1
6292 104 1
6293 18 1
6294 17 0
6295 15 1
6296 78 0
6297 189 1
6298 21 1
6299 179 1
6300 28 1
6301 177 1
6302 163 0
6303 281 0
6304 100 1
6305 288 1
6306 148 0
6307 190 1
6308 52 1
6309 47 1
6310 149 0
6311 134 0
6312 57 1
6313 157 0
6314 193 0
6315 57 0
6316 226 1
6317 9 1
6318 46 1
6319 1 0
6320 263 1
6321 176 0
6322 219 1
6323 113 1
6324 55 1
6325 80 1
6326 285 1
6327 173 1
6328 278 0
6329 161 0
6330 147 1
6331 141 1
6332 194 1
6333 243 1
6334 242 1
6335 127 1
6336 13 1
6337 43 0
6338 151 1
6339 212 1
6340 57 1
6341 151 0
6342 247 0
6343 134 0
6344 135 1
6345 154 0
6346 286 0
6347 135 0
6348 216 1
6349 169 0
6350 71 1
6351 90 0
6352 81 1
6353 57 1
6354 61 1
6355 209 0
6356 11 1
6357 200 1
6358 165 1
6359 232 0
6360 111 0
6361 62 0
6362 130 1
6363 35 1
6364 25 0
6365 222 1
6366 241 1
6367 244 0
6368 217 0
6369 65 0
6370 51 1
6371 136 0
6372 116 0
6373 92 0
6374 151 0
6375 62 0
6376 191 0
6377 139 1
6378 31 0
6379 117 1
6380 88 0
6381 216 0
6382 163 0
6383 163 1
6384 241 0
6385 107 1
6386 243 0
6387 127 1
6388 60 1
6389 121 1
6390 55 1
6391 245 1
6392 47 1
6393 49 1
6394 8 1
6395 198 1
6396 277 1
6397 196 1
6398 94 1
6399 10 1
6400 37 0
6401 108 1
6402 132 0
6403 151 1
6404 226 1
6405 175 0
6406 226 1
6407 268 1
6408 284 1
6409 92 0
6410 224 0
6411 159 0
6412 215 1
6413 131 0
6414 195 0
6415 94 1
6416 0 1
6417 284 1
6418 209 1
6419 65 1
6420 187 1
6421 165 1
6422 140 1
6423 166 1
6424 200 1
6425 197 1
6426 29 1
6427 115 0
6428 192 1
6429 263 1
6430 128 1
6431 69 1
6432 40 1
6433 1 0
6434 268 1
6435 133 0
6436 46 1
6437 57 0
6438 181 1
6439 121 1
6440 223 1
6441 286 0
6442 155 1
6443 237 1
6444 128 0
6445 184 1
6446 47 1
6447 125 1
6448 87 0
6449 45 1
6450 223 0
6451 0 1
6452 217 0
6453 257 0
6454 53 1
6455 0 0
6456 177 1
6457 268 0
6458 168 0
6459 97 1
6460 196 0
6461 33 1
6462 276 1
6463 71 1
6464 55 0
6465 168 1
6466 66 1
6467 27 1
6468 258 0
6469 192 1
6470 111 0
6471 36 1
6472 251 1
6473 69 0
6474 30 1
6475 196 1
6476 189 1
6477 210 1
6478 127 1
6479 277 0
6480 168 1
6481 200 1
6482 64 1
6483 288 1
6484 251 0
6485 113 1
6486 123 1
6487 131 1
6488 255 0
6489 242 1
6490 138 1
6491 252 1
6492 116 0
6493 241 1
6494 223 1
6495 196 1
6496 123 1
6497 75 1
6498 72 1
6499 280 0
6500 263 0
6501 197 1
6502 22 0
6503 178 0
6504 8 1
6505 12 1
6506 17 1
6507 183 1
6508 207 1
6509 148 1
6510 133 1
6511 241 0
6512 190 1
6513 214 0
6514 129 0
6515 66 1
6516 76 1
6517 227 0
6518 71 1
6519 146 1
6520 15 0
6521 226 1
6522 164 0
6523 227 1
6524 55 1
6525 251 0
6526 169 1
6527 215 1
6528 289 0
6529 70 1
6530 112 1
6531 229 1
6532 170 1
6533 88 1
6534 51 1
6535 61 1
6536 133 0
6537 98 0
6538 177 0
6539 149 0
6540 150 1
6541 191 1
6542 82 0
6543 127 1
6544 284 0
6545 207 1
6546 105 1
6547 64 1
6548 82 1
6549 257 1
6550 127 1
6551 199 0
6552 54 0
6553 69 0
6554 102 1
6555 235 1
6556 98 1
6557 20 1
6558 282 1
6559 0 1
6560 116 1
6561 121 1
6562 124 1
6563 236 1
6564 78 1
6565 79 1
6566 229 1
6567 237 0
6568 55 0
6569 287 0
6570 264 1
6571 181 1
6572 107 0
6573 283 1
6574 120 1
6575 115 1
6576 231 1
6577 197 1
6578 162 0
6579 11 1
6580 54 1
6581 217 1
6582 140 0
6583 48 1
6584 209 1
6585 125 0
6586 15 1
6587 25 0
6588 279 1
6589 253 0
6590 9 1
6591 116 0
6592 53 1
6593 46 0
6594 166 1
6595 228 0
6596 210 1
6597 244 1
6598 58 0
6599 27 0
6600 76 0
6601 221 1
6602 229 0
6603 246 1
6604 3 1
6605 98 1
6606 25 0
6607 24 1
6608 237 0
6609 34 0
6610 159 1
6611 104 1
6612 157 0
6613 169 0
6614 121 1
6615 253 1
6616 88 1
6617 29 1
6618 200 0
6619 16 0
6620 254 1
6621 247 1
6622 68 0
6623 98 1
6624 82 0
6625 220 1
6626 135 1
6627 90 0
6628 122 0
6629 247 1
6630 196 1
6631 180 1
6632 164 0
6633 83 1
6634 256 0
6635 277 1
6636 275 1
6637 270 1
6638 244 0
6639 160 1
6640 272 0
6641 47 0
6642 154 1
6643 179 1
6644 107 0
6645 290 1
6646 84 0
6647 68 1
6648 161 1
6649 31 1
6650 52 1
6651 148 0
6652 21 0
6653 151 1
6654 267 1
6655 41 0
6656 172 1
6657 135 0
6658 226 0
6659 83 0
6660 189 0
6661 148 0
6662 34 0
6663 2 1
6664 139 1
6665 92 0
6666 112 1
6667 259 1
6668 109 1
6669 139 1
6670 201 0
6671 74 1
6672 8 0
6673 150 1
6674 4 1
6675 48 1
6676 56 1
6677 269 1
6678 153 0
6679 25 1
6680 76 0
6681 223 1
6682 130 1
6683 62 1
6684 112 1
6685 64 1
6686 121 0
6687 137 1
6688 150 1
6689 105 1
6690 229 1
6691 87 1
6692 59 1
6693 116 0
6694 78 1
6695 275 1
6696 31 1
6697 83 1
6698 170 1
6699 140 1
6700 87 1
6701 45 1
6702 114 1
6703 79 1
6704 178 1
6705 158 1
6706 77 1
6707 174 1
6708 82 1
6709 119 1
6710 172 1
6711 55 1
6712 82 1
6713 73 1
6714 24 1
6715 14 1
6716 189 1
6717 61 0
6718 242 0
6719 16 1
6720 95 1
6721 18 1
6722 190 1
6723 111 1
6724 222 1
6725 173 1
6726 105 1
6727 47 1
6728 76 1
6729 210 1
6730 105 1
6731 243 1
6732 284 0
6733 46 0
6734 215 1
6735 137 0
6736 7 0
6737 285 1
6738 118 1
6739 211 1
6740 106 0
6741 215 0
6742 31 1
6743 138 1
6744 155 1
6745 238 0
6746 282 1
6747 4 1
6748 266 0
6749 282 0
6750 206 1
6751 272 1
6752 54 1
6753 151 1
6754 111 1
6755 253 1
6756 196 1
6757 200 1
6758 180 1
6759 105 0
6760 136 0
6761 45 0
6762 14 1
6763 205 0
6764 161 1
6765 181 1
6766 65 0
6767 30 1
6768 200 1
6769 32 1
6770 55 0
6771 269 0
6772 233 1
6773 249 1
6774 258 1
6775 229 0
6776 146 1
6777 33 0
6778 94 1
6779 151 1
6780 174 1
6781 103 0
6782 5 1
6783 130 1
6784 86 1
6785 226 1
6786 249 1
6787 132 1
6788 154 1
6789 116 1
6790 184 1
6791 27 0
6792 69 0
6793 262 0
6794 38 1
6795 191 1
6796 256 1
6797 223 0
6798 168 1
6799 176 0
6800 26 1
6801 166 1
6802 118 0
6803 237 0
6804 159 1
6805 165 0
6806 149 0
6807 153 1
6808 252 1
6809 153 1
6810 49 0
6811 13 0
6812 119 0
6813 17 1
6814 69 0
6815 21 1
6816 76 1
6817 141 1
6818 256 1
6819 206 0
6820 182 1
6821 207 0
6822 272 0
6823 29 0
6824 256 1
6825 34 1
6826 38 0
6827 61 0
6828 24 1
6829 184 0
6830 271 1
6831 251 1
6832 163 0
6833 21 1
6834 221 1
6835 252 1
6836 48 1
6837 214 1
6838 269 0
6839 34 1
6840 228 1
6841 280 0
6842 148 0
6843 164 0
6844 128 1
6845 6 0
6846 65 1
6847 258 1
6848 131 1
6849 97 1
6850 217 0
6851 235 0
6852 289 1
6853 35 1
6854 203 1
6855 273 1
6856 201 1
6857 148 1
6858 53 0
6859 230 0
6860 172 1
6861 92 1
6862 266 1
6863 207 0
6864 49 1
6865 198 0
6866 134 0
6867 11 1
6868 102 1
6869 140 0
6870 179 0
6871 186 1
6872 125 0
6873 147 0
6874 158 1
6875 130 1
6876 125 0
6877 17 1
6878 23 1
6879 268 1
6880 9 0
6881 109 1
6882 119 1
6883 276 1
6884 198 1
6885 236 1
6886 279 1
6887 206 1
6888 237 1
6889 31 0
6890 242 1
6891 143 1
6892 125 0
6893 239 1
6894 156 1
6895 251 1
6896 163 1
6897 18 1
6898 220 1
6899 213 0
6900 191 1
6901 276 1
6902 29 1
6903 33 1
6904 25 0
6905 110 0
6906 289 1
6907 84 1
6908 186 1
6909 42 0
6910 279 0
6911 217 0
6912 133 1
6913 174 1
6914 9 0
6915 283 1
6916 25 1
6917 121 1
6918 232 0
6919 92 1
6920 281 1
6921 265 1
6922 196 1
6923 173 0
6924 152 1
6925 174 1
6926 279 1
6927 63 1
6928 106 1
6929 246 1
6930 73 1
6931 25 1
6932 247 1
6933 183 1
6934 41 1
6935 217 0
6936 218 0
6937 51 1
6938 20 1
6939 17 1
6940 211 1
6941 52 1
6942 62 1
6943 92 1
6944 92 1
6945 23 0
6946 56 1
6947 3 0
6948 226 0
6949 263 1
6950 233 0
6951 39 1
6952 120 1
6953 86 1
6954 85 1
6955 52 1
6956 34 0
6957 267 1
6958 282 0
6959 4 1
6960 208 0
6961 280 0
6962 76 1
6963 17 1
6964 242 0
6965 50 0
6966 210 1
6967 116 1
6968 241 0
6969 242 1
6970 45 0
6971 134 0
6972 171 0
6973 206 1
6974 240 1
6975 246 1
6976 237 1
6977 162 1
6978 0 0
6979 128 1
6980 231 1
6981 166 1
6982 39 1
6983 253 1
6984 224 0
6985 87 1
6986 239 1
6987 57 1
6988 72 1
6989 282 1
6990 213 0
6991 241 1
6992 244 1
6993 245 1
6994 63 1
6995 195 0
6996 0 0
6997 247 1
6998 93 0
6999 60 1
7000 154 0
7001 36 1
7002 140 1
7003 253 0
7004 97 1
7005 37 1
7006 283 0
7007 211 1
7008 162 1
7009 221 1
7010 278 1
7011 290 1
7012 259 1
7013 58 1
7014 196 0
7015 150 1
7016 67 0
7017 255 1
7018 21 1
7019 192 1
7020 232 1
7021 200 1
7022 247 1
7023 201 1
7024 56 1
7025 83 1
7026 29 0
7027 62 1
7028 101 0
7029 120 1
7030 269 0
7031 159 0
7032 229 0
7033 284 1
7034 80 1
7035 139 1
7036 154 0
7037 16 0
7038 200 1
7039 0 1
7040 121 1
7041 40 1
7042 229 1
7043 209 1
7044 253 0
7045 138 0
7046 111 1
7047 17 0
7048 160 0
7049 39 0
7050 258 1
7051 32 1
7052 228 1
7053 3 0
7054 7 1
7055 165 0
7056 119 1
7057 18 1
7058 79 0
7059 189 1
7060 36 0
7061 13 0
7062 74 1
7063 197 0
7064 103 1
7065 215 1
7066 156 0
7067 222 1
7068 5 1
7069 1 1
7070 261 0
7071 171 1
7072 175 0
7073 208 1
7074 156 1
7075 36 1
7076 142 1
7077 81 0
7078 142 1
7079 191 0
7080 286 1
7081 55 1
7082 102 1
7083 275 0
7084 275 1
7085 151 0
7086 215 1
7087 74 0
7088 252 1
7089 93 1
7090 128 1
7091 82 1
7092 211 0
7093 258 1
7094 212 0
7095 48 1
7096 44 1
7097 68 1
7098 183 1
7099 285 0
7100 70 1
7101 152 1
7102 240 0
7103 155 1
7104 248 1
7105 59 1
7106 118 1
7107 127 1
7108 44 0
7109 163 0
7110 283 1
7111 174 1
7112 116 0
7113 213 1
7114 35 0
7115 238 1
7116 125 1
7117 161 1
7118 66 0
7119 15 0
7120 14 0
7121 202 0
7122 247 1
7123 264 0
7124 163 0
7125 258 1
7126 118 1
7127 253 1
7128 123 1
7129 14 1
7130 155 1
7131 4 1
7132 93 1
7133 94 1
7134 222 1
7135 245 1
7136 215 1
7137 171 1
7138 226 1
7139 173 1
7140 20 1
7141 25 1
7142 21 1
7143 143 1
7144 195 1
7145 43 1
7146 151 0
7147 110 0
7148 245 1
7149 143 1
7150 53 1
7151 184 1
7152 26 1
7153 181 0
7154 239 1
7155 91 0
7156 265 1
7157 168 1
7158 167 0
7159 201 0
7160 240 1
7161 192 1
7162 64 1
7163 84 0
7164 246 0
7165 256 1
7166 97 0
7167 17 1
7168 244 1
7169 115 1
7170 32 1
7171 191 1
7172 95 0
7173 32 1
7174 151 0
7175 104 1
7176 250 1
7177 263 0
7178 47 0
7179 103 0
7180 24 0
7181 72 1
7182 280 1
7183 275 1
7184 59 1
7185 166 1
7186 47 1
7187 129 1
7188 228 1
7189 175 1
7190 167 1
7191 250 1
7192 24 1
7193 211 1
7194 19 1
7195 135 0
7196 153 0
7197 227 1
7198 68 1
7199 147 1
7200 20 1
7201 282 0
7202 181 1
7203 271 1
7204 53 1
7205 237 1
7206 174 1
7207 86 1
7208 190 1
7209 40 0
7210 60 1
7211 24 1
7212 123 1
7213 127 1
7214 202 1
7215 90 0
7216 98 1
7217 61 1
7218 264 1
7219 138 0
7220 259 0
7221 247 1
7222 53 1
7223 81 0
7224 80 1
7225 193 1
7226 37 1
7227 125 1
7228 239 1
7229 154 1
7230 7 1
7231 144 1
7232 97 1
7233 126 1
7234 19 1
7235 127 0
7236 120 1
7237 161 1
7238 188 1
7239 157 1
7240 136 0
7241 148 0
7242 47 1
7243 136 0
7244 7 0
7245 176 1
7246 14 0
7247 151 0
7248 267 1
7249 243 1
7250 282 0
7251 13 0
7252 225 1
7253 56 1
7254 220 1
7255 130 1
7256 43 0
7257 9 0
7258 33 0
7259 116 1
7260 175 0
7261 85 0
7262 93 1
7263 41 1
7264 254 1
7265 126 1
7266 105 1
7267 128 1
7268 117 0
7269 193 1
7270 137 0
7271 111 0
7272 82 1
7273 10 1
7274 6 1
7275 217 1
7276 189 1
7277 111 0
7278 280 0
7279 154 1
7280 178 1
7281 229 1
7282 192 1
7283 62 1
7284 281 0
7285 64 1
7286 28 1
7287 16 1
7288 66 1
7289 28 0
7290 183 0
7291 285 1
7292 288 1
7293 166 1
7294 289 0
7295 1 0
7296 51 1
7297 199 1
7298 67 1
7299 1 0
7300 257 0
7301 215 0
7302 271 1
7303 167 1
7304 288 0
7305 150 1
7306 180 1
7307 63 1
7308 280 1
7309 226 1
7310 0 0
7311 226 1
7312 228 0
7313 34 1
7314 168 0
7315 61 0
7316 131 1
7317 191 0
7318 247 1
7319 219 0
7320 262 1
7321 226 1
7322 253 1
7323 100 1
7324 260 1
7325 33 0
7326 34 1
7327 51 1
7328 165 1
7329 267 1
7330 151 0
7331 208 0
7332 85 0
7333 164 1
7334 206 0
7335 57 1
7336 233 1
7337 99 1
7338 23 1
7339 209 1
7340 7 1
7341 283 1
7342 242 0
7343 13 0
7344 159 1
7345 190 0
7346 90 0
7347 72 1
7348 246 1
7349 279 1
7350 99 1
7351 78 0
7352 101 0
7353 268 1
7354 148 1
7355 147 1
7356 200 1
7357 228 1
7358 244 1
7359 7 1
7360 2 1
7361 224 1
7362 13 1
7363 39 0
7364 12 1
7365 160 0
7366 166 1
7367 215 1
7368 187 1
7369 131 1
7370 149 0
7371 231 0
7372 188 0
7373 240 1
7374 149 1
7375 24 1
7376 154 1
7377 15 1
7378 284 1
7379 198 0
7380 144 0
7381 179 1
7382 77 0
7383 27 1
7384 35 0
7385 80 1
7386 208 1
7387 274 0
7388 219 1
7389 49 1
7390 242 0
7391 0 0
7392 62 1
7393 45 0
7394 101 0
7395 92 1
7396 82 1
7397 36 0
7398 114 1
7399 195 0
7400 283 1
7401 104 1
7402 35 1
7403 108 1
7404 82 1
7405 72 1
7406 230 0
7407 170 1
7408 119 0
7409 88 1
7410 199 1
7411 268 1
7412 222 1
7413 181 0
7414 107 0
7415 256 0
7416 101 1
7417 71 0
7418 188 1
7419 162 1
7420 45 0
7421 74 1
7422 78 0
7423 48 1
7424 231 1
7425 189 1
7426 87 1
7427 130 1
7428 211 0
7429 94 0
7430 168 0
7431 190 0
7432 160 1
7433 178 1
7434 181 0
7435 129 0
7436 55 1
7437 273 1
7438 219 1
7439 70 0
7440 229 1
7441 39 0
7442 167 0
7443 44 1
7444 252 1
7445 177 1
7446 260 1
7447 139 0
7448 78 1
7449 248 0
7450 107 1
7451 225 0
7452 61 1
7453 35 1
7454 10 1
7455 180 1
7456 136 1
7457 265 1
7458 160 0
7459 162 0
7460 251 1
7461 282 0
7462 156 1
7463 90 1
7464 188 1
7465 233 0
7466 165 0
7467 197 1
7468 146 1
7469 246 1
7470 77 1
7471 136 1
7472 127 1
7473 257 1
7474 191 1
7475 149 1
7476 208 1
7477 112 1
7478 10 1
7479 47 1
7480 280 1
7481 264 1
7482 187 1
7483 151 1
7484 142 0
7485 261 1
7486 14 1
7487 205 1
7488 248 1
7489 168 1
7490 71 1
7491 40 0
7492 228 0
7493 123 1
7494 94 1
7495 208 1
7496 221 0
7497 9 1
7498 92 1
7499 222 1
7500 38 1
7501 257 1
7502 8 0
7503 255 1
7504 82 1
7505 176 1
7506 221 1
7507 203 1
7508 139 1
7509 138 0
7510 267 1
7511 87 0
7512 268 1
7513 55 0
7514 288 1
7515 107 0
7516 210 0
7517 119 0
7518 275 1
7519 246 0
7520 247 1
7521 282 1
7522 118 1
7523 77 1
7524 1 1
7525 261 1
7526 41 0
7527 237 0
7528 154 0
7529 182 0
7530 18 1
7531 218 1
7532 102 1
7533 219 0
7534 160 1
7535 214 1
7536 77 1
7537 66 1
7538 171 1
7539 224 1
7540 129 1
7541 211 1
7542 252 1
7543 251 1
7544 189 1
7545 38 1
7546 171 1
7547 239 1
7548 42 1
7549 99 1
7550 81 1
7551 60 0
7552 290 1
7553 125 1
7554 9 1
7555 113 0
7556 252 1
7557 48 0
7558 253 1
7559 132 0
7560 151 1
7561 162 1
7562 167 0
7563 45 1
7564 17 1
7565 152 1
7566 199 1
7567 28 1
7568 47 1
7569 140 1
7570 242 0
7571 225 1
7572 89 1
7573 188 1
7574 283 0
7575 266 0
7576 262 1
7577 206 1
7578 278 1
7579 118 1
7580 137 0
7581 133 1
7582 223 0
7583 14 1
7584 54 0
7585 98 1
7586 179 0
7587 240 0
7588 16 0
7589 91 1
7590 229 0
7591 182 1
7592 265 1
7593 109 1
7594 90 1
7595 27 1
7596 238 1
7597 43 1
7598 93 1
7599 213 0
7600 274 1
7601 184 0
7602 53 1
7603 201 1
7604 42 1
7605 139 0
7606 99 0
7607 273 0
7608 191 1
7609 97 0
7610 58 0
7611 279 1
7612 57 0
7613 270 0
7614 150 1
7615 7 1
7616 243 1
7617 35 1
7618 96 0
7619 137 1
7620 270 1
7621 211 1
7622 79 1
7623 245 1
7624 24 1
7625 31 0
7626 239 1
7627 182 0
7628 112 0
7629 155 1
7630 62 1
7631 105 1
7632 126 0
7633 82 1
7634 148 1
7635 163 1
7636 237 1
7637 268 0
7638 277 0
7639 35 1
7640 14 0
7641 155 0
7642 116 1
7643 258 0
7644 207 1
7645 230 1
7646 57 0
7647 55 0
7648 247 1
7649 176 1
7650 97 1
7651 263 0
7652 163 0
7653 99 1
7654 171 1
7655 190 1
7656 231 1
7657 179 0
7658 132 0
7659 24 1
7660 41 0
7661 89 1
7662 70 1
7663 21 1
7664 22 0
7665 131 1
7666 17 1
7667 194 1
7668 83 1
7669 69 0
7670 137 1
7671 211 1
7672 85 1
7673 196 1
7674 278 1
7675 38 1
7676 246 0
7677 157 1
7678 43 0
7679 52 1
7680 146 0
7681 246 1
7682 57 1
7683 114 1
7684 183 1
7685 166 1
7686 214 0
7687 137 0
7688 217 0
7689 288 0
7690 34 1
7691 3 0
7692 225 1
7693 15 1
7694 109 0
7695 104 1
7696 22 1
7697 221 0
7698 271 0
7699 282 0
7700 259 1
7701 192 1
7702 275 1
7703 253 0
7704 143 1
7705 208 1
7706 57 1
7707 197 1
7708 143 1
7709 30 1
7710 52 1
7711 279 1
7712 255 0
7713 185 1
7714 286 1
7715 107 1
7716 74 1
7717 177 0
7718 109 0
7719 31 1
7720 129 1
7721 200 1
7722 190 1
7723 208 1
7724 90 0
7725 35 1
7726 112 1
7727 248 0
7728 264 0
7729 21 1
7730 59 1
7731 254 1
7732 199 1
7733 223 1
7734 50 0
7735 71 1
7736 233 1
7737 137 0
7738 149 1
7739 237 0
7740 33 1
7741 91 0
7742 98 1
7743 284 0
7744 221 0
7745 71 0
7746 206 1
7747 155 0
7748 236 1
7749 194 1
7750 113 1
7751 236 1
7752 277 0
7753 250 0
7754 168 1
7755 114 1
7756 240 1
7757 148 1
7758 24 0
7759 150 1
7760 188 1
7761 267 1
7762 26 1
7763 279 1
7764 280 0
7765 28 1
7766 188 1
7767 189 1
7768 56 1
7769 49 1
7770 85 1
7771 196 1
7772 109 0
7773 144 0
7774 226 1
7775 119 0
7776 286 1
7777 288 1
