9749
1 46 0
2 19 0
3 31 0
4 44 0
5 45 0
6 19 0
7 11 1
8 14 1
9 50 1
10 16 1
11 0 0
12 37 1
13 26 1
14 27 1
15 47 1
16 42 1
17 26 1
18 23 1
19 0 0
20 2 1
21 53 1
22 7 0
23 17 1
24 44 0
25 50 1
26 54 1
27 36 1
28 9 1
29 18 1
30 17 1
31 13 0
32 47 0
33 33 1
34 25 1
35 49 0
36 31 0
37 17 1
38 23 1
39 28 1
40 14 1
41 24 0
42 42 0
43 32 0
44 51 1
45 15 1
46 4 0
47 0 0
48 36 1
49 34 1
50 35 1
51 42 0
52 42 0
53 33 1
54 6 1
55 28 1
56 36 1
57 16 1
58 41 0
59 41 1
60 43 1
61 17 1
62 53 1
63 11 0
64 19 0
65 47 1
66 24 1
67 33 1
68 21 1
69 43 1
70 40 0
71 31 0
72 53 0
73 11 1
74 24 1
75 3 1
76 37 1
77 11 0
78 5 1
79 19 0
80 35 1
81 8 0
82 28 1
83 38 1
84 20 1
85 44 1
86 10 0
87 8 0
88 35 0
89 29 0
90 0 0
91 39 0
92 20 1
93 23 1
94 1 1
95 51 1
96 53 1
97 9 1
98 12 0
99 3 1
100 1 1
101 20 1
102 51 0
103 2 0
104 16 0
105 2 1
106 32 0
107 5 1
108 20 1
109 7 1
110 15 0
111 27 1
112 29 1
113 6 1
114 51 1
115 42 1
116 26 1
117 48 1
118 43 0
119 20 1
120 51 0
121 44 1
122 47 1
123 8 1
124 6 0
125 18 0
126 1 1
127 2 1
128 49 0
129 24 0
130 42 1
131 25 0
132 40 0
133 2 0
134 37 1
135 16 1
136 28 0
137 43 0
138 38 1
139 15 1
140 51 1
141 50 1
142 46 1
143 51 1
144 5 1
145 12 1
146 13 1
147 44 1
148 23 1
149 10 1
150 52 1
151 4 1
152 30 1
153 27 1
154 12 1
155 42 1
156 4 0
157 44 1
158 33 1
159 2 1
160 43 1
161 53 0
162 20 1
163 23 1
164 55 1
165 16 1
166 3 1
167 3 0
168 20 0
169 14 0
170 42 1
171 24 1
172 21 1
173 9 0
174 36 1
175 4 0
176 10 1
177 9 1
178 51 1
179 2 1
180 49 1
181 30 0
182 46 1
183 53 0
184 32 0
185 27 0
186 36 1
187 33 1
188 8 0
189 23 1
190 54 1
191 52 0
192 53 0
193 23 1
194 5 1
195 26 0
196 11 1
197 34 0
198 2 1
199 53 1
200 28 1
201 37 0
202 4 0
203 50 0
204 0 1
205 24 0
206 29 1
207 32 1
208 10 0
209 42 1
210 49 0
211 54 0
212 53 0
213 46 1
214 9 1
215 17 1
216 36 1
217 29 1
218 52 1
219 20 0
220 25 1
221 20 1
222 49 1
223 48 1
224 19 1
225 44 1
226 30 0
227 1 1
228 19 1
229 26 1
230 3 0
231 33 1
232 26 1
233 31 1
234 54 1
235 4 1
236 23 0
237 45 0
238 44 0
239 45 1
240 55 1
241 4 1
242 19 1
243 41 1
244 20 1
245 35 0
246 40 0
247 30 1
248 28 0
249 17 0
250 40 0
251 18 1
252 13 0
253 9 1
254 13 0
255 49 1
256 31 1
257 26 1
258 26 1
259 1 0
260 8 1
261 54 1
262 2 1
263 42 0
264 2 1
265 40 0
266 9 1
267 18 1
268 34 1
269 8 1
270 9 1
271 27 1
272 6 1
273 43 1
274 34 1
275 7 1
276 49 1
277 2 1
278 41 1
279 9 1
280 32 1
281 54 1
282 20 1
283 49 0
284 28 1
285 13 1
286 11 1
287 46 1
288 47 0
289 50 1
290 5 1
291 51 1
292 30 1
293 34 1
294 25 1
295 27 1
296 6 0
297 28 1
298 25 0
299 49 0
300 30 1
301 19 1
302 55 1
303 3 1
304 10 1
305 55 1
306 22 0
307 54 1
308 15 1
309 19 0
310 45 1
311 27 1
312 55 1
313 45 1
314 28 0
315 6 1
316 13 0
317 44 0
318 42 1
319 43 1
320 12 1
321 52 1
322 5 1
323 38 1
324 51 1
325 45 0
326 32 1
327 19 0
328 39 0
329 24 1
330 15 0
331 54 0
332 8 1
333 9 1
334 1 1
335 31 1
336 6 1
337 55 1
338 6 0
339 32 1
340 6 0
341 26 0
342 22 1
343 54 1
344 22 1
345 1 0
346 21 1
347 50 1
348 9 1
349 25 0
350 39 0
351 47 0
352 12 1
353 41 1
354 51 1
355 3 0
356 7 0
357 24 1
358 3 1
359 18 0
360 12 0
361 31 0
362 42 1
363 8 1
364 13 1
365 45 0
366 1 1
367 11 1
368 10 0
369 15 1
370 54 0
371 7 1
372 32 0
373 18 1
374 37 1
375 29 1
376 24 1
377 11 0
378 14 1
379 46 0
380 4 0
381 49 1
382 0 0
383 3 0
384 0 0
385 0 0
386 6 1
387 43 1
388 22 1
389 2 0
390 10 1
391 20 0
392 3 1
393 12 0
394 19 1
395 30 1
396 6 1
397 14 0
398 51 0
399 0 0
400 4 1
401 34 1
402 31 0
403 33 0
404 51 1
405 24 1
406 50 0
407 23 1
408 5 1
409 55 1
410 22 0
411 16 0
412 4 1
413 18 0
414 16 1
415 51 0
416 43 0
417 55 0
418 18 1
419 0 1
420 51 1
421 2 1
422 53 1
423 10 1
424 5 1
425 51 1
426 7 0
427 39 0
428 26 0
429 51 1
430 43 1
431 14 1
432 43 1
433 49 0
434 29 1
435 43 1
436 1 1
437 37 1
438 55 1
439 41 1
440 42 0
441 15 1
442 32 1
443 29 1
444 23 1
445 52 1
446 55 0
447 25 0
448 24 1
449 17 1
450 51 1
451 46 1
452 18 1
453 36 1
454 3 1
455 22 1
456 42 1
457 7 1
458 44 0
459 44 1
460 29 0
461 7 1
462 50 1
463 40 1
464 35 0
465 40 0
466 29 0
467 51 1
468 41 1
469 10 1
470 37 1
471 18 0
472 22 1
473 25 0
474 14 0
475 7 1
476 21 1
477 0 0
478 30 0
479 2 1
480 25 1
481 8 1
482 40 1
483 47 0
484 19 1
485 54 0
486 1 0
487 23 0
488 10 1
489 35 1
490 13 0
491 52 1
492 40 1
493 49 1
494 21 1
495 48 1
496 5 1
497 29 1
498 27 1
499 55 1
500 5 1
501 46 1
502 54 0
503 15 1
504 13 1
505 1 1
506 20 1
507 4 1
508 18 1
509 26 1
510 17 1
511 13 1
512 42 0
513 36 1
514 47 0
515 4 1
516 17 1
517 28 1
518 32 0
519 8 1
520 37 1
521 0 1
522 31 1
523 29 0
524 27 1
525 0 1
526 2 1
527 35 1
528 25 1
529 42 0
530 35 0
531 37 1
532 10 1
533 52 0
534 52 1
535 0 1
536 38 0
537 2 1
538 30 0
539 47 0
540 55 0
541 29 1
542 46 1
543 53 0
544 9 1
545 55 1
546 55 1
547 25 1
548 30 0
549 19 1
550 9 1
551 28 0
552 45 1
553 46 0
554 14 0
555 4 1
556 53 1
557 22 1
558 42 1
559 26 1
560 4 1
561 24 0
562 47 0
563 52 1
564 54 0
565 16 1
566 3 1
567 23 1
568 4 1
569 35 1
570 3 0
571 0 1
572 1 0
573 12 1
574 42 1
575 7 1
576 32 1
577 33 0
578 48 0
579 13 0
580 13 1
581 5 1
582 2 0
583 17 1
584 10 1
585 49 1
586 4 0
587 54 1
588 55 1
589 16 0
590 16 1
591 16 0
592 22 1
593 40 1
594 47 1
595 12 1
596 11 0
597 45 1
598 31 1
599 44 0
600 42 1
601 55 1
602 14 1
603 35 1
604 47 0
605 39 1
606 43 0
607 40 0
608 18 1
609 32 1
610 46 0
611 54 1
612 47 0
613 39 1
614 33 1
615 47 1
616 48 1
617 50 1
618 27 1
619 3 0
620 33 1
621 10 1
622 11 0
623 55 1
624 3 1
625 38 1
626 4 1
627 35 1
628 47 1
629 1 1
630 29 1
631 28 1
632 23 1
633 11 1
634 19 1
635 53 1
636 10 1
637 42 0
638 42 1
639 50 1
640 0 1
641 23 0
642 37 1
643 24 1
644 5 1
645 53 0
646 43 1
647 24 0
648 15 0
649 45 1
650 19 1
651 15 1
652 50 0
653 34 0
654 26 1
655 10 1
656 28 0
657 0 1
658 20 0
659 22 1
660 18 0
661 29 0
662 12 0
663 16 1
664 1 1
665 45 1
666 32 0
667 17 1
668 46 1
669 47 1
670 7 0
671 12 0
672 19 1
673 29 0
674 20 1
675 17 1
676 38 1
677 28 1
678 12 1
679 5 1
680 18 0
681 18 1
682 40 1
683 5 1
684 15 0
685 55 1
686 38 1
687 42 0
688 7 1
689 9 0
690 51 1
691 51 1
692 1 1
693 12 1
694 52 0
695 26 0
696 53 0
697 8 1
698 8 1
699 19 1
700 51 1
701 29 1
702 30 0
703 3 0
704 16 1
705 50 0
706 22 1
707 13 1
708 52 1
709 20 0
710 12 1
711 6 1
712 3 1
713 14 1
714 53 0
715 18 1
716 52 1
717 49 1
718 32 1
719 49 1
720 32 1
721 27 1
722 16 1
723 6 1
724 35 0
725 45 0
726 42 1
727 24 1
728 34 1
729 41 1
730 55 0
731 31 1
732 19 1
733 47 0
734 45 1
735 27 1
736 11 1
737 5 1
738 48 1
739 23 0
740 22 0
741 42 0
742 48 1
743 38 0
744 32 0
745 26 0
746 50 0
747 51 0
748 10 0
749 49 1
750 10 1
751 6 1
752 44 1
753 32 0
754 6 1
755 47 0
756 12 0
757 5 1
758 27 1
759 55 1
760 34 1
761 42 1
762 10 0
763 27 1
764 8 0
765 45 1
766 25 1
767 40 1
768 30 0
769 49 0
770 1 1
771 33 1
772 41 1
773 26 1
774 50 0
775 39 1
776 34 0
777 26 1
778 48 1
779 33 1
780 1 1
781 3 1
782 41 0
783 24 1
784 29 0
785 36 0
786 10 0
787 51 0
788 36 1
789 8 1
790 46 0
791 28 1
792 42 0
793 37 1
794 19 1
795 2 0
796 21 1
797 31 0
798 18 0
799 22 1
800 26 1
801 45 0
802 55 1
803 32 1
804 46 1
805 35 1
806 41 1
807 29 1
808 29 1
809 45 0
810 8 1
811 52 1
812 21 1
813 36 1
814 52 1
815 14 0
816 4 0
817 42 1
818 52 0
819 23 0
820 12 1
821 46 1
822 33 1
823 24 0
824 53 0
825 54 1
826 12 0
827 35 1
828 7 1
829 17 0
830 1 1
831 49 0
832 43 1
833 33 1
834 22 1
835 49 0
836 27 1
837 15 1
838 27 0
839 51 1
840 20 0
841 15 1
842 12 1
843 51 1
844 34 1
845 46 1
846 12 1
847 25 1
848 43 1
849 7 0
850 42 1
851 12 1
852 9 1
853 2 1
854 51 1
855 29 1
856 14 1
857 16 1
858 7 1
859 30 0
860 8 1
861 44 0
862 28 0
863 28 0
864 55 0
865 9 1
866 21 1
867 7 0
868 32 0
869 34 1
870 30 0
871 11 0
872 36 1
873 0 0
874 23 1
875 52 1
876 35 0
877 19 1
878 38 1
879 7 1
880 12 1
881 32 0
882 5 0
883 31 1
884 33 1
885 33 0
886 1 1
887 36 1
888 40 1
889 49 1
890 35 1
891 6 1
892 55 1
893 46 0
894 41 1
895 43 1
896 38 1
897 54 0
898 27 1
899 34 0
900 7 1
901 35 1
902 24 0
903 30 0
904 20 1
905 39 0
906 38 1
907 54 1
908 22 1
909 2 1
910 26 0
911 45 1
912 17 1
913 21 1
914 41 1
915 32 1
916 34 1
917 41 0
918 52 1
919 34 1
920 7 0
921 16 0
922 14 1
923 10 1
924 42 1
925 45 1
926 11 1
927 46 1
928 46 1
929 1 1
930 34 0
931 48 0
932 29 0
933 55 0
934 1 0
935 26 0
936 19 0
937 38 1
938 24 1
939 54 1
940 13 1
941 47 1
942 46 1
943 37 1
944 16 1
945 36 1
946 55 1
947 47 0
948 14 0
949 22 1
950 31 0
951 24 1
952 2 1
953 52 1
954 22 1
955 21 1
956 22 1
957 44 1
958 18 0
959 32 0
960 31 1
961 13 0
962 10 1
963 28 1
964 2 1
965 24 1
966 11 1
967 52 1
968 22 0
969 24 1
970 42 1
971 32 1
972 41 0
973 20 1
974 14 0
975 22 1
976 50 1
977 5 1
978 7 1
979 52 1
980 51 1
981 10 1
982 52 0
983 4 0
984 54 0
985 15 1
986 17 1
987 33 1
988 52 1
989 30 1
990 35 0
991 41 1
992 15 0
993 1 1
994 23 0
995 39 1
996 2 1
997 9 1
998 0 1
999 25 0
1000 41 1
1001 23 1
1002 55 1
1003 28 0
1004 39 1
1005 47 1
1006 38 1
1007 31 0
1008 6 1
1009 27 0
1010 13 0
1011 15 0
1012 4 1
1013 38 1
1014 21 1
1015 42 0
1016 31 0
1017 32 0
1018 51 1
1019 10 0
1020 31 1
1021 52 1
1022 1 0
1023 35 0
1024 27 0
1025 4 1
1026 1 1
1027 24 1
1028 44 1
1029 33 1
1030 53 0
1031 0 0
1032 54 0
1033 42 1
1034 22 1
1035 27 1
1036 6 1
1037 51 0
1038 18 0
1039 55 1
1040 6 1
1041 53 0
1042 24 0
1043 37 0
1044 51 1
1045 6 1
1046 2 1
1047 44 1
1048 24 0
1049 49 0
1050 36 1
1051 11 0
1052 11 1
1053 50 0
1054 22 1
1055 42 1
1056 38 1
1057 19 1
1058 29 1
1059 42 1
1060 39 0
1061 25 1
1062 24 1
1063 26 0
1064 13 1
1065 6 0
1066 48 1
1067 19 0
1068 8 0
1069 17 0
1070 32 1
1071 42 0
1072 27 0
1073 4 1
1074 30 1
1075 34 1
1076 23 0
1077 39 0
1078 17 1
1079 7 1
1080 36 0
1081 47 1
1082 55 1
1083 16 0
1084 9 0
1085 22 1
1086 20 1
1087 55 1
1088 38 1
1089 17 1
1090 17 0
1091 10 1
1092 54 1
1093 0 1
1094 26 0
1095 14 0
1096 5 1
1097 19 1
1098 1 0
1099 52 1
1100 52 0
1101 51 0
1102 50 0
1103 49 1
1104 21 1
1105 30 1
1106 45 1
1107 7 1
1108 18 1
1109 27 0
1110 0 1
1111 19 1
1112 0 0
1113 50 1
1114 42 0
1115 51 1
1116 32 1
1117 24 1
1118 8 0
1119 43 0
1120 51 1
1121 51 0
1122 42 1
1123 51 1
1124 51 1
1125 16 0
1126 17 1
1127 40 1
1128 43 0
1129 18 1
1130 32 0
1131 20 0
1132 43 0
1133 19 1
1134 45 1
1135 8 1
1136 48 1
1137 48 1
1138 30 1
1139 6 1
1140 51 0
1141 44 1
1142 42 0
1143 29 1
1144 31 0
1145 11 1
1146 28 0
1147 0 1
1148 4 0
1149 50 0
1150 50 1
1151 2 0
1152 45 1
1153 44 1
1154 22 0
1155 13 1
1156 0 0
1157 53 0
1158 15 1
1159 40 0
1160 41 1
1161 38 1
1162 51 0
1163 12 1
1164 26 1
1165 16 0
1166 48 0
1167 30 0
1168 37 1
1169 26 0
1170 52 1
1171 45 1
1172 25 1
1173 8 1
1174 37 1
1175 55 1
1176 12 0
1177 4 1
1178 44 0
1179 46 0
1180 7 1
1181 3 1
1182 49 1
1183 21 1
1184 4 0
1185 41 1
1186 15 1
1187 22 1
1188 41 1
1189 9 1
1190 6 1
1191 12 1
1192 13 1
1193 9 0
1194 17 1
1195 41 1
1196 30 1
1197 7 1
1198 30 0
1199 5 1
1200 4 1
1201 20 1
1202 5 1
1203 4 1
1204 16 1
1205 52 1
1206 45 0
1207 25 0
1208 25 1
1209 28 1
1210 2 1
1211 34 1
1212 26 0
1213 23 1
1214 54 1
1215 19 0
1216 2 0
1217 22 1
1218 9 0
1219 37 0
1220 47 0
1221 16 1
1222 42 1
1223 7 1
1224 27 1
1225 5 1
1226 33 1
1227 29 1
1228 8 1
1229 27 1
1230 48 0
1231 50 1
1232 54 1
1233 42 0
1234 51 0
1235 1 0
1236 41 1
1237 7 0
1238 10 0
1239 46 0
1240 33 1
1241 51 1
1242 18 1
1243 37 1
1244 45 0
1245 18 1
1246 24 1
1247 17 1
1248 52 1
1249 30 1
1250 51 1
1251 18 0
1252 1 1
1253 16 0
1254 7 0
1255 34 1
1256 26 1
1257 19 1
1258 38 1
1259 40 0
1260 49 1
1261 50 0
1262 38 0
1263 40 0
1264 38 1
1265 50 1
1266 54 1
1267 39 0
1268 5 0
1269 52 1
1270 30 0
1271 36 1
1272 43 0
1273 30 1
1274 40 0
1275 22 0
1276 0 0
1277 19 0
1278 11 1
1279 40 0
1280 41 1
1281 51 1
1282 30 1
1283 24 1
1284 2 1
1285 31 1
1286 34 1
1287 17 0
1288 51 1
1289 31 1
1290 29 1
1291 53 1
1292 53 0
1293 35 0
1294 43 1
1295 26 1
1296 54 1
1297 36 0
1298 24 1
1299 48 0
1300 8 1
1301 42 1
1302 20 1
1303 48 1
1304 19 0
1305 35 0
1306 45 1
1307 46 0
1308 16 1
1309 3 1
1310 46 0
1311 15 0
1312 18 1
1313 1 1
1314 40 1
1315 52 1
1316 2 1
1317 3 1
1318 27 1
1319 21 1
1320 27 1
1321 7 1
1322 0 0
1323 10 1
1324 24 0
1325 3 0
1326 10 1
1327 26 1
1328 55 1
1329 55 1
1330 6 1
1331 0 1
1332 19 1
1333 54 0
1334 23 1
1335 4 0
1336 44 1
1337 50 0
1338 50 1
1339 45 0
1340 2 1
1341 16 1
1342 51 0
1343 26 1
1344 54 1
1345 2 1
1346 21 1
1347 20 0
1348 46 1
1349 14 1
1350 6 0
1351 8 0
1352 55 1
1353 38 1
1354 32 1
1355 51 0
1356 44 1
1357 47 0
1358 37 1
1359 2 0
1360 27 1
1361 48 0
1362 6 1
1363 1 1
1364 55 1
1365 51 1
1366 2 0
1367 55 0
1368 30 0
1369 34 1
1370 33 0
1371 41 1
1372 24 1
1373 29 0
1374 18 0
1375 10 1
1376 35 1
1377 5 1
1378 39 1
1379 6 0
1380 46 1
1381 44 0
1382 45 1
1383 34 1
1384 50 1
1385 26 0
1386 26 1
1387 33 1
1388 51 1
1389 40 0
1390 37 1
1391 26 1
1392 37 0
1393 9 0
1394 6 0
1395 43 0
1396 17 1
1397 29 0
1398 4 1
1399 10 1
1400 43 1
1401 9 1
1402 55 0
1403 8 1
1404 32 1
1405 32 1
1406 27 1
1407 53 1
1408 2 1
1409 52 1
1410 7 0
1411 5 1
1412 40 0
1413 55 1
1414 9 1
1415 10 1
1416 53 1
1417 50 1
1418 46 1
1419 14 0
1420 35 1
1421 4 1
1422 33 0
1423 54 1
1424 32 1
1425 28 1
1426 18 1
1427 48 1
1428 36 0
1429 30 1
1430 8 1
1431 11 1
1432 44 0
1433 25 0
1434 8 1
1435 40 1
1436 14 1
1437 49 1
1438 30 1
1439 50 1
1440 25 0
1441 30 1
1442 25 1
1443 30 0
1444 37 0
1445 19 1
1446 13 1
1447 34 1
1448 36 0
1449 35 0
1450 26 1
1451 55 0
1452 48 1
1453 15 1
1454 7 0
1455 13 1
1456 17 1
1457 44 1
1458 49 1
1459 15 0
1460 48 0
1461 43 1
1462 9 0
1463 7 0
1464 48 1
1465 1 1
1466 30 1
1467 3 0
1468 32 0
1469 13 0
1470 52 1
1471 0 1
1472 53 1
1473 23 1
1474 31 1
1475 28 1
1476 2 1
1477 13 1
1478 4 0
1479 25 0
1480 30 1
1481 55 1
1482 27 1
1483 52 1
1484 44 0
1485 27 1
1486 4 1
1487 6 1
1488 55 0
1489 16 0
1490 37 1
1491 38 1
1492 28 1
1493 34 1
1494 39 1
1495 13 0
1496 30 1
1497 43 0
1498 54 1
1499 28 1
1500 16 1
1501 35 1
1502 50 1
1503 6 1
1504 0 1
1505 9 1
1506 50 1
1507 4 1
1508 11 0
1509 39 1
1510 26 1
1511 48 1
1512 32 1
1513 25 1
1514 26 1
1515 40 1
1516 21 1
1517 47 1
1518 6 0
1519 49 1
1520 3 1
1521 27 1
1522 18 1
1523 44 1
1524 53 1
1525 23 0
1526 47 0
1527 47 0
1528 3 1
1529 37 0
1530 22 1
1531 17 1
1532 26 1
1533 42 0
1534 46 0
1535 6 1
1536 22 1
1537 15 1
1538 48 1
1539 53 1
1540 55 1
1541 37 0
1542 5 1
1543 38 0
1544 53 0
1545 38 1
1546 26 1
1547 6 1
1548 32 1
1549 52 1
1550 12 0
1551 39 0
1552 35 1
1553 3 1
1554 27 0
1555 24 0
1556 46 0
1557 41 1
1558 2 1
1559 43 1
1560 28 1
1561 18 0
1562 33 1
1563 34 0
1564 0 0
1565 55 1
1566 16 1
1567 32 1
1568 6 1
1569 46 1
1570 4 1
1571 27 0
1572 4 1
1573 29 0
1574 21 1
1575 29 0
1576 11 1
1577 31 1
1578 55 1
1579 38 1
1580 23 1
1581 36 1
1582 4 1
1583 18 1
1584 0 0
1585 27 1
1586 46 1
1587 39 1
1588 52 1
1589 24 1
1590 53 0
1591 50 1
1592 28 0
1593 37 1
1594 18 0
1595 35 0
1596 24 1
1597 48 1
1598 36 1
1599 23 1
1600 26 1
1601 24 1
1602 18 0
1603 51 1
1604 44 1
1605 15 0
1606 41 1
1607 34 1
1608 18 0
1609 9 0
1610 18 1
1611 29 1
1612 43 1
1613 55 1
1614 55 0
1615 43 0
1616 26 1
1617 25 1
1618 27 1
1619 26 1
1620 8 0
1621 41 1
1622 34 1
1623 46 1
1624 18 1
1625 40 1
1626 27 1
1627 46 0
1628 18 1
1629 6 1
1630 37 0
1631 26 1
1632 30 1
1633 19 1
1634 0 0
1635 1 1
1636 14 0
1637 1 1
1638 5 1
1639 52 1
1640 31 1
1641 43 1
1642 49 0
1643 1 1
1644 47 1
1645 52 0
1646 42 0
1647 3 1
1648 1 0
1649 1 0
1650 51 0
1651 49 0
1652 44 1
1653 25 1
1654 26 1
1655 40 1
1656 41 0
1657 43 0
1658 45 1
1659 13 1
1660 37 1
1661 33 1
1662 15 1
1663 23 1
1664 43 0
1665 42 1
1666 11 1
1667 16 1
1668 30 1
1669 17 1
1670 47 1
1671 41 0
1672 13 0
1673 35 1
1674 2 1
1675 6 1
1676 26 1
1677 46 1
1678 4 1
1679 26 0
1680 21 1
1681 53 0
1682 49 1
1683 16 0
1684 39 0
1685 48 1
1686 34 0
1687 30 0
1688 30 1
1689 17 1
1690 26 0
1691 55 0
1692 47 1
1693 21 1
1694 42 1
1695 26 1
1696 45 0
1697 40 1
1698 21 1
1699 29 0
1700 17 0
1701 2 0
1702 23 1
1703 11 0
1704 10 1
1705 54 0
1706 21 1
1707 32 1
1708 11 0
1709 48 1
1710 14 1
1711 5 0
1712 26 0
1713 25 1
1714 14 1
1715 20 1
1716 44 1
1717 12 1
1718 40 1
1719 16 0
1720 20 1
1721 55 0
1722 36 1
1723 38 0
1724 53 1
1725 44 0
1726 16 0
1727 54 1
1728 8 1
1729 3 1
1730 46 0
1731 38 1
1732 30 1
1733 53 1
1734 26 1
1735 33 0
1736 12 1
1737 16 1
1738 31 1
1739 39 1
1740 36 1
1741 40 1
1742 45 1
1743 7 1
1744 30 1
1745 4 1
1746 2 1
1747 38 1
1748 45 1
1749 15 1
1750 33 0
1751 45 1
1752 8 1
1753 21 1
1754 11 1
1755 52 0
1756 15 1
1757 12 1
1758 44 0
1759 42 0
1760 54 1
1761 23 1
1762 41 1
1763 16 0
1764 25 1
1765 29 1
1766 7 1
1767 31 0
1768 32 1
1769 23 1
1770 40 1
1771 3 0
1772 24 1
1773 28 0
1774 18 1
1775 15 0
1776 29 0
1777 40 1
1778 27 0
1779 28 1
1780 0 1
1781 22 0
1782 44 1
1783 47 1
1784 17 0
1785 31 1
1786 42 1
1787 25 1
1788 49 0
1789 7 1
1790 52 0
1791 52 0
1792 28 1
1793 40 1
1794 22 1
1795 20 0
1796 54 1
1797 14 1
1798 8 1
1799 30 1
1800 28 0
1801 51 0
1802 24 0
1803 9 0
1804 41 1
1805 14 0
1806 6 1
1807 48 0
1808 31 1
1809 1 1
1810 29 1
1811 20 0
1812 32 0
1813 38 1
1814 8 1
1815 33 1
1816 43 1
1817 35 1
1818 32 0
1819 13 1
1820 44 1
1821 40 1
1822 22 1
1823 52 1
1824 48 1
1825 51 1
1826 43 1
1827 18 1
1828 1 1
1829 43 1
1830 37 1
1831 15 1
1832 33 1
1833 20 1
1834 23 1
1835 52 1
1836 45 1
1837 14 1
1838 52 0
1839 8 0
1840 32 1
1841 50 1
1842 26 1
1843 23 0
1844 53 0
1845 6 1
1846 16 1
1847 27 0
1848 39 1
1849 27 1
1850 24 1
1851 26 1
1852 43 0
1853 8 1
1854 34 1
1855 12 0
1856 44 0
1857 31 0
1858 3 1
1859 11 1
1860 33 1
1861 42 0
1862 6 1
1863 11 0
1864 4 1
1865 20 1
1866 46 0
1867 10 1
1868 30 0
1869 41 0
1870 4 0
1871 19 1
1872 43 1
1873 15 1
1874 17 1
1875 14 1
1876 27 1
1877 12 1
1878 54 0
1879 7 1
1880 45 1
1881 40 1
1882 17 1
1883 37 1
1884 37 1
1885 39 1
1886 3 1
1887 2 0
1888 21 1
1889 5 0
1890 28 1
1891 17 0
1892 44 1
1893 1 0
1894 36 1
1895 14 1
1896 3 0
1897 13 1
1898 32 0
1899 35 1
1900 40 0
1901 39 1
1902 5 1
1903 17 1
1904 3 1
1905 49 1
1906 10 1
1907 14 1
1908 7 1
1909 41 1
1910 47 1
1911 37 1
1912 37 1
1913 54 1
1914 12 0
1915 12 1
1916 36 1
1917 23 1
1918 21 1
1919 52 1
1920 31 1
1921 39 1
1922 40 1
1923 39 1
1924 37 1
1925 19 0
1926 48 1
1927 7 1
1928 18 1
1929 28 0
1930 23 1
1931 10 1
1932 35 0
1933 28 0
1934 26 0
1935 8 1
1936 15 0
1937 26 1
1938 13 1
1939 31 1
1940 2 1
1941 46 1
1942 19 1
1943 9 1
1944 43 1
1945 52 1
1946 5 1
1947 53 1
1948 48 1
1949 9 0
1950 34 1
1951 3 0
1952 33 1
1953 1 0
1954 7 1
1955 8 1
1956 51 1
1957 28 1
1958 20 0
1959 37 1
1960 42 1
1961 41 0
1962 8 1
1963 0 1
1964 31 1
1965 43 0
1966 10 1
1967 11 1
1968 44 1
1969 1 0
1970 29 1
1971 45 1
1972 16 1
1973 23 0
1974 23 1
1975 27 0
1976 22 1
1977 25 0
1978 34 0
1979 55 0
1980 18 1
1981 43 1
1982 18 0
1983 40 1
1984 51 0
1985 2 1
1986 3 0
1987 33 1
1988 32 1
1989 55 1
1990 45 1
1991 33 0
1992 22 0
1993 25 1
1994 51 1
1995 33 1
1996 52 1
1997 49 0
1998 44 0
1999 20 0
2000 43 1
2001 16 0
2002 37 1
2003 49 1
2004 17 1
2005 37 1
2006 42 0
2007 1 1
2008 40 0
2009 32 1
2010 36 1
2011 16 1
2012 54 0
2013 30 1
2014 11 1
2015 34 1
2016 41 1
2017 12 1
2018 11 0
2019 4 1
2020 21 1
2021 35 1
2022 24 0
2023 55 1
2024 47 1
2025 12 1
2026 25 0
2027 27 0
2028 47 0
2029 18 1
2030 20 0
2031 25 1
2032 14 1
2033 51 1
2034 11 1
2035 53 1
2036 10 1
2037 40 0
2038 37 1
2039 11 1
2040 55 0
2041 24 0
2042 5 1
2043 15 1
2044 21 1
2045 54 1
2046 53 1
2047 30 0
2048 29 0
2049 36 0
2050 33 1
2051 0 1
2052 34 1
2053 46 1
2054 8 1
2055 12 1
2056 33 1
2057 55 1
2058 55 1
2059 34 0
2060 32 1
2061 5 0
2062 24 1
2063 41 1
2064 13 1
2065 5 1
2066 39 1
2067 2 0
2068 14 0
2069 1 1
2070 17 0
2071 53 1
2072 17 1
2073 17 1
2074 11 0
2075 37 1
2076 13 1
2077 0 1
2078 30 1
2079 3 1
2080 47 1
2081 18 0
2082 54 0
2083 16 1
2084 52 0
2085 19 0
2086 55 1
2087 32 0
2088 13 0
2089 18 1
2090 30 0
2091 35 1
2092 10 1
2093 8 1
2094 5 1
2095 52 1
2096 4 1
2097 51 1
2098 18 1
2099 55 1
2100 37 1
2101 36 0
2102 20 1
2103 38 0
2104 46 0
2105 10 1
2106 23 1
2107 7 1
2108 9 1
2109 43 0
2110 51 1
2111 35 1
2112 38 1
2113 26 0
2114 50 1
2115 23 0
2116 12 0
2117 36 0
2118 55 0
2119 18 0
2120 42 1
2121 10 1
2122 17 0
2123 28 0
2124 42 0
2125 10 0
2126 54 1
2127 5 1
2128 28 1
2129 5 0
2130 24 1
2131 37 0
2132 15 1
2133 37 0
2134 4 1
2135 44 1
2136 27 1
2137 1 1
2138 41 1
2139 40 1
2140 28 0
2141 32 1
2142 7 1
2143 31 1
2144 36 1
2145 41 1
2146 32 1
2147 10 0
2148 9 1
2149 29 1
2150 31 1
2151 44 1
2152 41 1
2153 55 1
2154 42 0
2155 21 1
2156 1 0
2157 25 1
2158 19 1
2159 12 0
2160 20 1
2161 28 1
2162 45 1
2163 27 1
2164 54 1
2165 35 1
2166 42 1
2167 55 0
2168 37 1
2169 37 1
2170 6 1
2171 22 1
2172 24 1
2173 25 1
2174 47 1
2175 10 1
2176 3 1
2177 47 1
2178 45 1
2179 14 0
2180 27 1
2181 0 1
2182 42 0
2183 41 0
2184 39 0
2185 15 0
2186 33 1
2187 21 1
2188 13 0
2189 28 1
2190 52 1
2191 40 1
2192 45 1
2193 16 0
2194 2 1
2195 22 0
2196 48 1
2197 43 1
2198 7 1
2199 26 0
2200 2 1
2201 43 1
2202 23 1
2203 20 1
2204 23 1
2205 10 1
2206 55 1
2207 3 1
2208 10 1
2209 47 1
2210 17 1
2211 26 0
2212 21 0
2213 12 1
2214 9 0
2215 26 1
2216 24 1
2217 31 0
2218 6 1
2219 52 1
2220 12 1
2221 33 0
2222 41 1
2223 24 1
2224 39 1
2225 32 0
2226 13 1
2227 35 0
2228 40 1
2229 30 1
2230 30 1
2231 30 0
2232 54 1
2233 53 1
2234 25 0
2235 18 1
2236 40 1
2237 33 1
2238 16 1
2239 5 1
2240 1 1
2241 25 1
2242 24 1
2243 17 0
2244 51 1
2245 27 1
2246 32 0
2247 47 0
2248 46 1
2249 18 1
2250 23 0
2251 22 1
2252 33 0
2253 17 1
2254 25 1
2255 33 1
2256 43 0
2257 8 1
2258 46 1
2259 45 0
2260 41 1
2261 35 0
2262 1 0
2263 31 0
2264 40 1
2265 15 1
2266 30 1
2267 38 1
2268 21 1
2269 41 1
2270 5 1
2271 40 0
2272 29 1
2273 13 1
2274 42 1
2275 29 1
2276 42 1
2277 28 1
2278 4 1
2279 2 0
2280 36 1
2281 3 1
2282 39 0
2283 2 1
2284 9 0
2285 34 1
2286 14 1
2287 31 1
2288 35 1
2289 46 1
2290 14 1
2291 48 1
2292 13 1
2293 11 1
2294 7 0
2295 13 0
2296 16 1
2297 38 0
2298 25 1
2299 44 1
2300 36 1
2301 33 0
2302 9 1
2303 21 1
2304 21 1
2305 9 1
2306 16 1
2307 4 1
2308 45 0
2309 54 1
2310 13 1
2311 23 1
2312 51 0
2313 53 0
2314 31 1
2315 39 1
2316 31 1
2317 30 0
2318 48 1
2319 12 1
2320 47 1
2321 17 0
2322 46 1
2323 44 0
2324 4 1
2325 15 1
2326 37 0
2327 55 1
2328 29 0
2329 37 1
2330 5 1
2331 39 1
2332 20 1
2333 45 0
2334 49 0
2335 10 0
2336 7 1
2337 0 0
2338 0 1
2339 17 1
2340 15 1
2341 46 0
2342 0 1
2343 53 1
2344 10 0
2345 1 1
2346 22 0
2347 37 1
2348 38 1
2349 38 1
2350 12 0
2351 39 1
2352 27 1
2353 2 1
2354 12 0
2355 0 0
2356 20 0
2357 47 1
2358 4 1
2359 33 1
2360 46 0
2361 15 1
2362 43 0
2363 38 1
2364 46 0
2365 24 0
2366 37 0
2367 7 1
2368 15 1
2369 4 0
2370 12 0
2371 22 1
2372 19 0
2373 37 0
2374 42 0
2375 6 1
2376 1 1
2377 45 1
2378 41 1
2379 37 1
2380 32 1
2381 19 1
2382 37 1
2383 31 0
2384 3 1
2385 47 1
2386 8 0
2387 16 0
2388 10 0
2389 18 1
2390 37 1
2391 29 1
2392 30 1
2393 51 1
2394 29 0
2395 32 1
2396 22 1
2397 28 1
2398 45 1
2399 23 1
2400 6 1
2401 47 0
2402 11 1
2403 9 0
2404 46 1
2405 18 1
2406 53 0
2407 33 1
2408 33 1
2409 27 1
2410 45 0
2411 36 0
2412 22 0
2413 54 1
2414 35 0
2415 3 0
2416 19 1
2417 40 1
2418 43 0
2419 35 1
2420 6 1
2421 44 1
2422 28 1
2423 54 1
2424 34 1
2425 52 1
2426 13 1
2427 34 0
2428 9 1
2429 47 0
2430 21 1
2431 14 1
2432 14 1
2433 38 1
2434 33 0
2435 34 0
2436 39 1
2437 10 0
2438 11 1
2439 41 0
2440 18 1
2441 12 1
2442 37 1
2443 52 1
2444 30 1
2445 35 1
2446 6 1
2447 3 1
2448 32 1
2449 21 1
2450 27 1
2451 16 1
2452 45 0
2453 45 1
2454 19 0
2455 46 1
2456 51 1
2457 13 1
2458 1 1
2459 23 0
2460 37 1
2461 11 1
2462 20 1
2463 48 1
2464 24 1
2465 14 0
2466 37 1
2467 29 1
2468 41 1
2469 11 1
2470 49 0
2471 41 1
2472 29 1
2473 22 1
2474 32 1
2475 46 1
2476 0 1
2477 25 0
2478 1 0
2479 40 0
2480 14 0
2481 29 1
2482 13 1
2483 6 0
2484 5 1
2485 42 0
2486 3 1
2487 28 0
2488 50 0
2489 31 1
2490 7 0
2491 8 1
2492 7 1
2493 51 0
2494 34 1
2495 2 1
2496 18 1
2497 28 0
2498 17 1
2499 13 1
2500 36 0
2501 46 1
2502 11 1
2503 24 1
2504 52 1
2505 0 1
2506 4 1
2507 19 1
2508 10 0
2509 4 0
2510 50 1
2511 22 1
2512 5 1
2513 28 1
2514 13 0
2515 14 1
2516 25 1
2517 16 0
2518 6 1
2519 26 1
2520 23 1
2521 13 0
2522 3 1
2523 24 1
2524 47 1
2525 43 0
2526 43 1
2527 22 1
2528 27 1
2529 39 1
2530 5 1
2531 33 1
2532 41 0
2533 35 1
2534 2 1
2535 33 1
2536 55 1
2537 38 1
2538 23 1
2539 41 1
2540 2 0
2541 24 0
2542 5 1
2543 22 1
2544 9 0
2545 1 0
2546 43 1
2547 13 1
2548 36 1
2549 20 1
2550 37 1
2551 49 1
2552 12 1
2553 47 1
2554 5 1
2555 34 1
2556 28 0
2557 37 0
2558 33 0
2559 34 0
2560 48 1
2561 25 1
2562 37 1
2563 48 1
2564 14 1
2565 1 1
2566 33 1
2567 39 1
2568 9 1
2569 10 1
2570 47 1
2571 5 1
2572 31 1
2573 21 1
2574 13 1
2575 18 1
2576 18 1
2577 25 1
2578 49 0
2579 2 0
2580 53 1
2581 10 0
2582 37 0
2583 45 1
2584 9 1
2585 28 1
2586 27 1
2587 44 0
2588 28 1
2589 18 0
2590 49 1
2591 15 1
2592 8 0
2593 52 1
2594 26 1
2595 33 1
2596 41 1
2597 23 1
2598 22 0
2599 20 0
2600 51 0
2601 55 1
2602 33 0
2603 49 1
2604 54 0
2605 31 1
2606 32 1
2607 43 1
2608 15 1
2609 11 1
2610 5 1
2611 50 1
2612 16 1
2613 36 0
2614 13 1
2615 37 0
2616 32 1
2617 54 1
2618 9 0
2619 15 1
2620 27 1
2621 22 1
2622 21 1
2623 52 1
2624 17 1
2625 6 0
2626 20 0
2627 53 1
2628 41 1
2629 43 1
2630 18 1
2631 30 0
2632 29 1
2633 45 0
2634 28 1
2635 13 1
2636 19 1
2637 27 1
2638 30 1
2639 44 1
2640 15 1
2641 38 1
2642 3 1
2643 39 1
2644 38 1
2645 27 1
2646 35 0
2647 35 1
2648 55 1
2649 31 0
2650 53 0
2651 51 1
2652 8 0
2653 24 1
2654 29 1
2655 54 1
2656 15 1
2657 47 1
2658 0 1
2659 48 1
2660 1 1
2661 23 0
2662 45 1
2663 13 1
2664 51 1
2665 40 1
2666 0 1
2667 32 1
2668 41 0
2669 31 1
2670 20 0
2671 43 0
2672 50 1
2673 39 1
2674 9 1
2675 1 1
2676 18 1
2677 55 0
2678 34 1
2679 20 1
2680 24 0
2681 45 1
2682 7 0
2683 18 1
2684 5 1
2685 31 1
2686 47 0
2687 30 0
2688 20 1
2689 43 0
2690 28 1
2691 9 1
2692 20 1
2693 38 1
2694 45 1
2695 12 1
2696 15 0
2697 6 0
2698 7 0
2699 39 0
2700 42 1
2701 7 1
2702 0 0
2703 42 1
2704 50 1
2705 35 0
2706 42 0
2707 36 1
2708 36 0
2709 5 1
2710 46 1
2711 23 0
2712 44 1
2713 52 0
2714 22 1
2715 48 1
2716 18 1
2717 9 1
2718 20 1
2719 24 1
2720 48 1
2721 4 0
2722 47 1
2723 25 1
2724 28 0
2725 21 0
2726 16 1
2727 47 1
2728 41 0
2729 40 1
2730 48 1
2731 39 0
2732 0 1
2733 53 1
2734 11 1
2735 3 1
2736 24 1
2737 22 1
2738 16 1
2739 51 1
2740 46 1
2741 46 0
2742 28 0
2743 51 1
2744 10 1
2745 45 1
2746 51 0
2747 52 1
2748 5 1
2749 0 1
2750 55 0
2751 4 0
2752 34 1
2753 23 0
2754 42 1
2755 39 1
2756 18 0
2757 23 0
2758 52 1
2759 28 0
2760 37 0
2761 48 0
2762 29 0
2763 52 1
2764 6 1
2765 19 1
2766 23 0
2767 14 0
2768 2 0
2769 52 1
2770 40 1
2771 5 1
2772 34 1
2773 17 0
2774 14 0
2775 4 1
2776 30 1
2777 36 1
2778 24 1
2779 46 1
2780 12 0
2781 5 0
2782 16 1
2783 20 1
2784 40 1
2785 48 0
2786 5 0
2787 51 1
2788 34 1
2789 37 1
2790 9 1
2791 12 1
2792 21 1
2793 50 1
2794 8 1
2795 44 1
2796 49 0
2797 23 1
2798 52 1
2799 53 1
2800 28 1
2801 45 1
2802 50 1
2803 40 1
2804 20 1
2805 5 1
2806 46 1
2807 36 0
2808 33 0
2809 25 1
2810 15 1
2811 45 0
2812 47 1
2813 27 1
2814 23 1
2815 8 1
2816 37 1
2817 53 1
2818 22 1
2819 4 1
2820 43 1
2821 40 1
2822 34 1
2823 13 1
2824 52 0
2825 36 1
2826 36 0
2827 4 0
2828 5 1
2829 54 1
2830 39 0
2831 48 0
2832 5 1
2833 36 1
2834 12 0
2835 38 1
2836 17 1
2837 17 1
2838 28 1
2839 46 1
2840 13 1
2841 35 1
2842 35 1
2843 4 1
2844 39 1
2845 36 1
2846 50 0
2847 11 1
2848 19 1
2849 34 1
2850 15 1
2851 14 0
2852 24 1
2853 11 1
2854 47 1
2855 4 0
2856 11 1
2857 22 1
2858 47 1
2859 14 0
2860 53 0
2861 22 1
2862 8 1
2863 14 0
2864 9 1
2865 42 1
2866 50 1
2867 41 1
2868 0 0
2869 38 1
2870 38 1
2871 20 1
2872 49 1
2873 24 1
2874 36 1
2875 40 1
2876 1 1
2877 9 1
2878 7 0
2879 20 0
2880 41 0
2881 41 1
2882 31 1
2883 21 0
2884 46 1
2885 7 0
2886 29 0
2887 46 1
2888 53 1
2889 47 1
2890 20 0
2891 51 0
2892 5 1
2893 31 1
2894 37 0
2895 13 1
2896 26 1
2897 1 1
2898 48 0
2899 33 0
2900 49 1
2901 51 1
2902 51 0
2903 12 1
2904 39 1
2905 49 0
2906 19 1
2907 50 1
2908 2 0
2909 6 0
2910 45 1
2911 5 1
2912 2 0
2913 17 1
2914 52 1
2915 1 1
2916 2 1
2917 35 1
2918 22 1
2919 13 1
2920 35 1
2921 18 1
2922 4 1
2923 48 0
2924 21 0
2925 29 1
2926 17 0
2927 27 1
2928 8 0
2929 38 1
2930 7 1
2931 17 1
2932 20 0
2933 47 1
2934 27 1
2935 1 1
2936 19 0
2937 46 1
2938 15 1
2939 13 1
2940 20 1
2941 31 1
2942 4 1
2943 25 1
2944 15 1
2945 24 1
2946 14 1
2947 15 1
2948 5 1
2949 30 1
2950 19 0
2951 24 1
2952 34 1
2953 46 1
2954 36 1
2955 13 0
2956 46 0
2957 21 1
2958 15 1
2959 15 1
2960 21 1
2961 36 1
2962 9 1
2963 39 1
2964 26 1
2965 15 0
2966 28 1
2967 12 1
2968 21 1
2969 23 0
2970 45 1
2971 25 1
2972 49 1
2973 54 1
2974 21 0
2975 23 0
2976 36 1
2977 47 0
2978 40 1
2979 12 0
2980 11 1
2981 24 1
2982 51 1
2983 29 1
2984 6 0
2985 42 1
2986 0 1
2987 15 0
2988 42 1
2989 43 1
2990 50 1
2991 19 0
2992 14 1
2993 44 1
2994 8 1
2995 17 0
2996 11 1
2997 42 1
2998 45 0
2999 47 1
3000 35 1
3001 30 1
3002 44 1
3003 13 1
3004 26 0
3005 7 0
3006 11 1
3007 51 1
3008 20 0
3009 32 1
3010 23 0
3011 31 1
3012 18 1
3013 25 0
3014 0 1
3015 26 0
3016 33 1
3017 54 0
3018 30 0
3019 20 1
3020 52 0
3021 21 1
3022 37 0
3023 1 0
3024 23 1
3025 53 1
3026 26 1
3027 48 0
3028 13 1
3029 19 0
3030 1 1
3031 16 1
3032 45 1
3033 24 1
3034 51 0
3035 4 1
3036 0 1
3037 39 0
3038 49 1
3039 23 1
3040 17 0
3041 30 1
3042 17 1
3043 55 1
3044 24 1
3045 12 1
3046 7 1
3047 44 1
3048 11 1
3049 40 0
3050 0 0
3051 38 1
3052 37 0
3053 22 1
3054 5 0
3055 14 1
3056 49 0
3057 33 1
3058 50 0
3059 25 1
3060 34 1
3061 28 1
3062 49 1
3063 5 0
3064 12 0
3065 11 1
3066 1 1
3067 37 1
3068 54 1
3069 36 0
3070 32 1
3071 49 1
3072 38 1
3073 36 0
3074 26 0
3075 19 1
3076 26 0
3077 29 1
3078 47 0
3079 8 1
3080 8 1
3081 40 0
3082 37 1
3083 16 1
3084 8 1
3085 7 1
3086 31 1
3087 9 0
3088 51 1
3089 15 1
3090 18 0
3091 10 1
3092 10 1
3093 32 1
3094 43 1
3095 29 1
3096 28 1
3097 29 0
3098 18 0
3099 30 1
3100 27 1
3101 10 1
3102 6 0
3103 40 1
3104 33 0
3105 8 1
3106 18 1
3107 8 0
3108 26 1
3109 13 1
3110 8 1
3111 33 1
3112 39 1
3113 15 0
3114 36 0
3115 11 1
3116 50 0
3117 50 1
3118 25 0
3119 3 1
3120 18 0
3121 37 1
3122 53 1
3123 48 1
3124 13 0
3125 5 0
3126 32 0
3127 27 1
3128 29 1
3129 41 1
3130 55 0
3131 1 1
3132 2 1
3133 50 1
3134 53 1
3135 13 1
3136 32 0
3137 35 1
3138 8 0
3139 22 1
3140 17 0
3141 11 0
3142 34 1
3143 48 1
3144 48 0
3145 0 1
3146 14 1
3147 25 0
3148 36 0
3149 43 1
3150 41 1
3151 33 1
3152 2 0
3153 15 1
3154 24 0
3155 0 1
3156 49 1
3157 18 1
3158 18 1
3159 18 0
3160 28 1
3161 26 1
3162 20 1
3163 2 1
3164 54 1
3165 42 1
3166 53 1
3167 41 1
3168 17 1
3169 34 0
3170 38 1
3171 51 1
3172 30 0
3173 26 0
3174 24 1
3175 26 1
3176 46 1
3177 7 1
3178 47 1
3179 19 1
3180 7 1
3181 29 0
3182 25 1
3183 29 1
3184 55 1
3185 36 0
3186 42 1
3187 36 1
3188 44 0
3189 48 1
3190 18 1
3191 18 0
3192 55 0
3193 3 1
3194 19 1
3195 20 1
3196 27 0
3197 0 1
3198 32 1
3199 47 1
3200 36 0
3201 36 1
3202 42 0
3203 6 0
3204 46 1
3205 12 1
3206 41 0
3207 17 1
3208 39 1
3209 54 1
3210 42 1
3211 54 1
3212 37 1
3213 34 1
3214 11 1
3215 13 0
3216 37 1
3217 38 1
3218 50 0
3219 39 1
3220 27 1
3221 49 1
3222 49 1
3223 20 0
3224 14 1
3225 19 1
3226 21 1
3227 37 0
3228 55 0
3229 40 0
3230 10 1
3231 26 1
3232 30 1
3233 39 0
3234 36 1
3235 49 0
3236 41 1
3237 43 1
3238 20 1
3239 51 0
3240 26 1
3241 2 0
3242 0 1
3243 34 1
3244 23 1
3245 34 1
3246 55 1
3247 49 0
3248 52 1
3249 38 1
3250 39 1
3251 8 1
3252 1 0
3253 27 1
3254 43 0
3255 39 1
3256 20 1
3257 28 1
3258 8 1
3259 4 0
3260 8 0
3261 33 1
3262 26 0
3263 21 1
3264 3 1
3265 38 0
3266 18 1
3267 34 1
3268 26 0
3269 8 1
3270 11 0
3271 10 1
3272 0 1
3273 36 1
3274 29 1
3275 8 1
3276 6 1
3277 29 1
3278 52 1
3279 38 1
3280 37 1
3281 49 1
3282 51 1
3283 42 0
3284 1 1
3285 18 1
3286 9 0
3287 29 0
3288 51 1
3289 41 0
3290 50 0
3291 29 1
3292 4 0
3293 17 1
3294 20 1
3295 24 1
3296 4 0
3297 40 0
3298 13 0
3299 5 0
3300 44 0
3301 12 1
3302 36 1
3303 30 1
3304 50 0
3305 7 0
3306 34 1
3307 13 1
3308 7 1
3309 22 1
3310 29 1
3311 13 1
3312 32 1
3313 34 1
3314 48 1
3315 44 1
3316 31 1
3317 2 1
3318 25 1
3319 11 1
3320 33 0
3321 16 0
3322 24 0
3323 33 1
3324 3 1
3325 3 1
3326 14 1
3327 11 0
3328 55 1
3329 3 1
3330 36 1
3331 12 1
3332 16 0
3333 8 1
3334 32 1
3335 14 0
3336 6 0
3337 4 1
3338 4 1
3339 46 1
3340 36 0
3341 24 1
3342 50 1
3343 8 1
3344 32 1
3345 9 1
3346 28 0
3347 25 1
3348 20 1
3349 38 1
3350 20 1
3351 29 1
3352 27 1
3353 41 1
3354 14 0
3355 22 1
3356 9 1
3357 53 1
3358 50 1
3359 21 0
3360 42 1
3361 40 1
3362 35 0
3363 26 1
3364 10 1
3365 20 0
3366 45 1
3367 41 1
3368 11 0
3369 15 1
3370 42 0
3371 45 1
3372 53 1
3373 23 1
3374 32 1
3375 2 1
3376 18 1
3377 16 1
3378 19 1
3379 37 1
3380 36 1
3381 4 1
3382 20 1
3383 26 1
3384 0 1
3385 41 1
3386 7 1
3387 6 0
3388 41 0
3389 36 0
3390 1 0
3391 20 1
3392 9 0
3393 41 1
3394 47 1
3395 2 0
3396 48 1
3397 37 1
3398 19 0
3399 28 1
3400 16 0
3401 31 1
3402 12 1
3403 12 1
3404 35 1
3405 54 1
3406 15 1
3407 24 0
3408 23 1
3409 52 0
3410 15 0
3411 26 1
3412 28 1
3413 44 1
3414 38 1
3415 36 0
3416 54 1
3417 6 1
3418 0 1
3419 31 1
3420 51 1
3421 40 0
3422 16 0
3423 18 1
3424 1 1
3425 37 1
3426 37 0
3427 32 0
3428 54 0
3429 42 0
3430 5 1
3431 19 0
3432 1 0
3433 37 0
3434 12 0
3435 21 0
3436 26 0
3437 2 1
3438 37 1
3439 9 0
3440 4 1
3441 6 1
3442 38 1
3443 35 1
3444 44 1
3445 41 0
3446 11 1
3447 37 1
3448 53 1
3449 38 0
3450 15 0
3451 2 1
3452 32 1
3453 11 1
3454 49 1
3455 19 0
3456 50 1
3457 23 0
3458 48 0
3459 37 0
3460 48 1
3461 54 1
3462 10 0
3463 40 1
3464 21 1
3465 1 0
3466 49 1
3467 45 1
3468 32 0
3469 46 1
3470 44 1
3471 7 0
3472 18 1
3473 39 1
3474 16 1
3475 55 0
3476 26 0
3477 52 1
3478 40 1
3479 12 1
3480 26 1
3481 10 1
3482 41 0
3483 12 1
3484 24 0
3485 26 1
3486 51 0
3487 36 0
3488 31 1
3489 32 0
3490 8 1
3491 0 1
3492 53 1
3493 39 1
3494 0 1
3495 28 1
3496 16 1
3497 29 1
3498 6 1
3499 42 1
3500 11 1
3501 44 1
3502 14 1
3503 28 0
3504 51 1
3505 22 0
3506 20 0
3507 6 0
3508 43 1
3509 40 1
3510 8 1
3511 54 0
3512 34 1
3513 10 1
3514 37 1
3515 0 1
3516 33 1
3517 23 1
3518 20 1
3519 22 1
3520 39 0
3521 3 1
3522 50 0
3523 6 1
3524 38 1
3525 9 1
3526 42 1
3527 38 0
3528 18 0
3529 29 1
3530 13 1
3531 32 0
3532 25 1
3533 38 1
3534 34 1
3535 45 0
3536 32 0
3537 5 1
3538 25 1
3539 8 1
3540 25 1
3541 5 0
3542 8 0
3543 0 1
3544 20 1
3545 26 1
3546 27 0
3547 7 1
3548 41 1
3549 26 1
3550 18 0
3551 5 0
3552 31 1
3553 22 0
3554 46 0
3555 31 0
3556 16 0
3557 11 1
3558 23 1
3559 35 0
3560 24 1
3561 44 0
3562 48 1
3563 32 1
3564 10 1
3565 5 0
3566 1 1
3567 23 0
3568 5 1
3569 32 1
3570 44 1
3571 50 0
3572 43 0
3573 12 0
3574 16 1
3575 22 1
3576 38 1
3577 20 1
3578 30 0
3579 16 1
3580 38 1
3581 13 1
3582 16 1
3583 15 1
3584 50 1
3585 0 1
3586 22 1
3587 26 1
3588 40 1
3589 44 1
3590 14 0
3591 26 1
3592 44 1
3593 51 1
3594 11 1
3595 43 1
3596 17 1
3597 33 0
3598 21 1
3599 39 1
3600 24 0
3601 37 1
3602 19 1
3603 24 0
3604 13 0
3605 44 0
3606 6 0
3607 48 1
3608 13 1
3609 37 1
3610 23 1
3611 1 1
3612 9 1
3613 42 1
3614 11 1
3615 29 1
3616 50 1
3617 49 0
3618 1 1
3619 40 0
3620 29 1
3621 11 0
3622 51 1
3623 38 0
3624 15 0
3625 16 0
3626 28 1
3627 46 1
3628 52 1
3629 52 1
3630 43 1
3631 10 0
3632 4 1
3633 2 0
3634 5 1
3635 45 1
3636 39 1
3637 22 0
3638 43 1
3639 11 0
3640 8 1
3641 8 1
3642 46 1
3643 42 1
3644 16 1
3645 2 1
3646 17 1
3647 48 0
3648 0 1
3649 51 1
3650 4 0
3651 9 1
3652 8 1
3653 47 1
3654 20 1
3655 22 1
3656 14 0
3657 32 1
3658 14 1
3659 55 0
3660 10 1
3661 1 0
3662 53 1
3663 32 1
3664 27 1
3665 44 1
3666 52 0
3667 43 1
3668 12 0
3669 41 1
3670 5 1
3671 44 0
3672 22 0
3673 48 1
3674 8 1
3675 10 1
3676 32 1
3677 29 1
3678 44 1
3679 11 0
3680 17 1
3681 15 1
3682 20 0
3683 3 1
3684 5 1
3685 9 1
3686 35 1
3687 53 1
3688 43 1
3689 22 1
3690 20 1
3691 53 0
3692 12 1
3693 50 1
3694 15 1
3695 40 1
3696 29 1
3697 31 1
3698 10 1
3699 10 1
3700 6 0
3701 49 0
3702 42 1
3703 11 1
3704 20 1
3705 8 1
3706 35 1
3707 5 0
3708 15 1
3709 16 1
3710 28 1
3711 7 1
3712 24 0
3713 35 1
3714 16 1
3715 33 1
3716 17 0
3717 16 1
3718 1 0
3719 16 0
3720 29 1
3721 45 1
3722 13 0
3723 0 1
3724 17 1
3725 3 0
3726 1 1
3727 31 0
3728 33 0
3729 28 1
3730 8 1
3731 40 1
3732 0 1
3733 29 1
3734 51 0
3735 6 1
3736 38 1
3737 33 1
3738 14 1
3739 8 0
3740 18 1
3741 22 0
3742 5 1
3743 13 1
3744 32 1
3745 0 1
3746 16 1
3747 9 1
3748 8 0
3749 2 1
3750 36 0
3751 28 0
3752 44 1
3753 53 0
3754 23 0
3755 19 0
3756 16 1
3757 45 1
3758 6 0
3759 28 1
3760 12 1
3761 46 1
3762 52 1
3763 29 1
3764 6 0
3765 8 1
3766 23 1
3767 44 1
3768 26 0
3769 55 1
3770 47 1
3771 3 0
3772 27 1
3773 38 1
3774 19 1
3775 40 0
3776 23 1
3777 44 1
3778 14 1
3779 8 0
3780 32 0
3781 31 0
3782 20 1
3783 35 1
3784 46 1
3785 9 1
3786 20 1
3787 13 0
3788 29 1
3789 9 1
3790 46 1
3791 7 1
3792 7 0
3793 32 1
3794 36 1
3795 11 1
3796 24 1
3797 20 1
3798 46 1
3799 20 1
3800 18 1
3801 42 1
3802 25 1
3803 14 1
3804 35 1
3805 30 0
3806 0 1
3807 38 1
3808 41 1
3809 53 1
3810 23 1
3811 2 0
3812 51 1
3813 20 1
3814 6 1
3815 46 1
3816 53 1
3817 46 1
3818 15 1
3819 5 1
3820 51 1
3821 3 1
3822 26 1
3823 27 1
3824 24 0
3825 17 1
3826 33 1
3827 6 1
3828 26 0
3829 21 1
3830 51 1
3831 40 0
3832 27 1
3833 0 0
3834 3 1
3835 21 1
3836 9 1
3837 18 1
3838 10 1
3839 31 1
3840 54 1
3841 49 1
3842 52 0
3843 27 0
3844 11 1
3845 39 1
3846 44 0
3847 55 1
3848 23 0
3849 2 1
3850 45 1
3851 9 1
3852 33 1
3853 2 0
3854 1 1
3855 46 0
3856 9 1
3857 54 1
3858 23 1
3859 53 1
3860 2 1
3861 41 1
3862 28 1
3863 45 1
3864 8 1
3865 6 1
3866 40 1
3867 19 0
3868 11 0
3869 44 0
3870 22 0
3871 52 1
3872 2 0
3873 6 1
3874 4 1
3875 4 1
3876 7 1
3877 20 1
3878 53 1
3879 31 1
3880 26 0
3881 42 1
3882 37 1
3883 11 1
3884 51 1
3885 45 1
3886 18 1
3887 18 1
3888 5 0
3889 29 0
3890 51 1
3891 24 0
3892 46 1
3893 22 1
3894 22 1
3895 33 1
3896 3 1
3897 26 1
3898 10 1
3899 1 1
3900 5 1
3901 47 1
3902 0 0
3903 11 0
3904 17 1
3905 23 1
3906 42 1
3907 23 1
3908 3 1
3909 4 1
3910 11 1
3911 42 1
3912 42 1
3913 23 0
3914 18 1
3915 9 0
3916 39 1
3917 14 0
3918 50 1
3919 53 0
3920 34 1
3921 48 1
3922 51 1
3923 36 0
3924 45 1
3925 8 1
3926 7 1
3927 39 1
3928 48 1
3929 53 1
3930 55 0
3931 18 0
3932 7 1
3933 6 0
3934 26 0
3935 54 0
3936 7 1
3937 48 1
3938 30 1
3939 24 1
3940 37 0
3941 43 0
3942 52 1
3943 5 1
3944 18 1
3945 38 0
3946 9 0
3947 40 1
3948 1 0
3949 2 1
3950 17 0
3951 55 1
3952 15 1
3953 50 1
3954 3 1
3955 32 1
3956 19 1
3957 13 1
3958 30 0
3959 27 1
3960 5 1
3961 34 0
3962 34 0
3963 15 1
3964 32 1
3965 30 0
3966 42 1
3967 1 1
3968 4 1
3969 14 1
3970 53 1
3971 17 1
3972 33 0
3973 0 0
3974 17 0
3975 40 1
3976 22 1
3977 21 0
3978 4 0
3979 20 1
3980 22 1
3981 29 1
3982 8 0
3983 33 1
3984 9 1
3985 28 1
3986 21 1
3987 48 1
3988 44 1
3989 46 1
3990 4 0
3991 28 0
3992 17 1
3993 27 1
3994 54 1
3995 2 1
3996 25 1
3997 28 0
3998 30 0
3999 54 1
4000 36 1
4001 55 1
4002 0 1
4003 24 1
4004 7 1
4005 49 1
4006 13 0
4007 38 0
4008 24 0
4009 21 1
4010 24 1
4011 43 0
4012 7 1
4013 35 1
4014 45 1
4015 46 1
4016 4 0
4017 35 1
4018 20 0
4019 32 0
4020 41 1
4021 39 0
4022 15 1
4023 54 0
4024 55 1
4025 46 0
4026 10 0
4027 26 1
4028 16 0
4029 40 0
4030 39 0
4031 55 1
4032 19 1
4033 31 1
4034 21 1
4035 50 1
4036 0 0
4037 45 1
4038 24 0
4039 23 1
4040 14 0
4041 15 0
4042 30 0
4043 11 1
4044 47 1
4045 36 1
4046 9 0
4047 41 1
4048 13 0
4049 35 0
4050 47 1
4051 25 1
4052 47 1
4053 31 1
4054 10 0
4055 23 1
4056 52 0
4057 17 1
4058 8 1
4059 2 1
4060 7 1
4061 53 1
4062 18 0
4063 52 1
4064 38 0
4065 34 1
4066 5 1
4067 4 1
4068 25 1
4069 52 1
4070 19 1
4071 28 1
4072 41 0
4073 26 1
4074 2 1
4075 16 1
4076 11 1
4077 34 0
4078 51 0
4079 12 1
4080 6 0
4081 46 1
4082 17 1
4083 31 1
4084 15 1
4085 46 0
4086 14 1
4087 49 1
4088 48 1
4089 17 1
4090 32 1
4091 27 1
4092 15 1
4093 40 0
4094 20 0
4095 12 1
4096 27 1
4097 5 0
4098 38 1
4099 0 1
4100 32 1
4101 31 1
4102 33 1
4103 14 0
4104 12 0
4105 43 0
4106 34 1
4107 16 1
4108 44 1
4109 44 0
4110 38 0
4111 18 0
4112 44 1
4113 22 1
4114 27 1
4115 7 0
4116 37 0
4117 18 1
4118 30 1
4119 7 1
4120 48 1
4121 16 1
4122 32 0
4123 4 0
4124 17 1
4125 12 1
4126 33 1
4127 33 1
4128 37 1
4129 31 1
4130 46 0
4131 52 1
4132 4 0
4133 9 0
4134 47 1
4135 6 0
4136 50 1
4137 34 0
4138 22 0
4139 31 1
4140 54 1
4141 7 1
4142 18 0
4143 21 1
4144 8 1
4145 48 1
4146 19 1
4147 49 1
4148 43 1
4149 43 1
4150 42 1
4151 42 1
4152 39 1
4153 30 0
4154 26 0
4155 13 1
4156 33 0
4157 24 0
4158 29 1
4159 2 1
4160 27 1
4161 3 1
4162 24 1
4163 14 1
4164 6 0
4165 30 1
4166 18 1
4167 36 0
4168 4 0
4169 47 0
4170 40 0
4171 22 1
4172 49 0
4173 36 1
4174 21 0
4175 28 1
4176 18 1
4177 38 0
4178 36 1
4179 37 1
4180 6 1
4181 3 1
4182 35 1
4183 10 1
4184 35 1
4185 37 1
4186 30 1
4187 21 0
4188 35 1
4189 14 1
4190 8 0
4191 48 1
4192 43 0
4193 36 0
4194 35 0
4195 34 0
4196 53 1
4197 11 1
4198 46 1
4199 0 0
4200 47 1
4201 28 1
4202 42 1
4203 28 1
4204 19 0
4205 5 1
4206 54 1
4207 38 1
4208 35 1
4209 32 1
4210 4 0
4211 41 1
4212 1 0
4213 19 1
4214 41 1
4215 0 1
4216 41 0
4217 37 1
4218 6 0
4219 16 1
4220 21 1
4221 36 1
4222 42 1
4223 44 0
4224 5 1
4225 21 0
4226 55 0
4227 11 0
4228 42 0
4229 47 0
4230 34 0
4231 28 1
4232 4 0
4233 15 1
4234 43 0
4235 19 1
4236 37 1
4237 11 1
4238 42 1
4239 29 1
4240 44 1
4241 0 1
4242 0 1
4243 28 1
4244 10 1
4245 22 0
4246 35 1
4247 32 1
4248 43 1
4249 33 1
4250 6 0
4251 7 1
4252 19 1
4253 11 0
4254 42 0
4255 36 1
4256 35 1
4257 2 1
4258 17 1
4259 30 1
4260 33 0
4261 24 1
4262 30 1
4263 19 1
4264 31 0
4265 16 1
4266 16 1
4267 9 0
4268 11 1
4269 25 1
4270 44 1
4271 52 1
4272 11 0
4273 11 1
4274 12 1
4275 23 1
4276 21 1
4277 26 1
4278 31 1
4279 52 1
4280 26 1
4281 12 1
4282 5 1
4283 46 1
4284 25 0
4285 21 0
4286 46 0
4287 5 0
4288 55 0
4289 13 0
4290 1 0
4291 41 1
4292 12 0
4293 1 0
4294 40 1
4295 18 1
4296 34 0
4297 37 0
4298 19 1
4299 7 1
4300 27 1
4301 41 1
4302 30 0
4303 2 1
4304 6 1
4305 41 1
4306 20 1
4307 53 0
4308 21 1
4309 43 1
4310 20 0
4311 0 0
4312 3 1
4313 6 1
4314 49 1
4315 50 0
4316 26 0
4317 6 1
4318 10 0
4319 31 1
4320 48 0
4321 48 0
4322 11 0
4323 28 1
4324 28 0
4325 6 0
4326 5 1
4327 31 0
4328 28 0
4329 15 1
4330 18 0
4331 10 0
4332 29 1
4333 46 0
4334 8 1
4335 41 0
4336 5 1
4337 52 1
4338 7 0
4339 17 0
4340 8 1
4341 12 1
4342 30 0
4343 5 1
4344 32 1
4345 48 1
4346 14 1
4347 40 0
4348 2 1
4349 27 0
4350 19 0
4351 51 0
4352 30 0
4353 9 1
4354 40 1
4355 1 1
4356 49 1
4357 45 1
4358 9 0
4359 51 1
4360 39 1
4361 37 1
4362 46 1
4363 41 0
4364 19 1
4365 43 1
4366 49 1
4367 46 1
4368 39 1
4369 4 1
4370 9 0
4371 40 1
4372 44 1
4373 51 0
4374 48 1
4375 39 1
4376 17 0
4377 13 0
4378 9 1
4379 24 1
4380 19 1
4381 50 1
4382 18 0
4383 35 1
4384 8 1
4385 49 1
4386 53 0
4387 45 1
4388 46 1
4389 23 1
4390 14 1
4391 39 0
4392 51 0
4393 7 1
4394 3 0
4395 17 0
4396 10 1
4397 34 0
4398 20 0
4399 54 1
4400 4 0
4401 15 1
4402 8 0
4403 27 0
4404 28 1
4405 6 1
4406 41 1
4407 41 1
4408 9 1
4409 24 1
4410 31 1
4411 18 1
4412 37 1
4413 39 1
4414 17 0
4415 14 1
4416 53 1
4417 8 1
4418 17 0
4419 28 1
4420 14 1
4421 55 1
4422 47 1
4423 3 1
4424 41 1
4425 37 1
4426 13 0
4427 43 0
4428 20 1
4429 51 0
4430 31 1
4431 44 1
4432 23 0
4433 2 1
4434 55 1
4435 14 1
4436 49 1
4437 20 1
4438 23 1
4439 9 1
4440 51 1
4441 49 1
4442 31 0
4443 42 1
4444 30 1
4445 17 1
4446 15 0
4447 18 1
4448 25 1
4449 8 0
4450 35 0
4451 6 0
4452 44 1
4453 52 0
4454 34 1
4455 44 1
4456 37 1
4457 21 1
4458 2 1
4459 31 0
4460 29 1
4461 22 1
4462 38 1
4463 27 1
4464 29 1
4465 1 1
4466 10 0
4467 20 1
4468 2 1
4469 50 0
4470 47 1
4471 50 1
4472 3 0
4473 48 0
4474 23 0
4475 38 1
4476 0 1
4477 41 1
4478 13 1
4479 15 1
4480 0 1
4481 35 0
4482 47 0
4483 8 0
4484 41 1
4485 15 0
4486 24 0
4487 28 1
4488 9 1
4489 17 1
4490 27 0
4491 13 1
4492 28 1
4493 51 1
4494 35 1
4495 12 0
4496 10 1
4497 29 1
4498 32 1
4499 19 1
4500 24 0
4501 33 1
4502 12 1
4503 44 1
4504 49 1
4505 22 1
4506 29 1
4507 48 1
4508 2 0
4509 27 1
4510 37 1
4511 40 1
4512 15 1
4513 17 0
4514 35 1
4515 48 1
4516 55 1
4517 19 0
4518 38 0
4519 16 1
4520 38 1
4521 36 1
4522 3 0
4523 53 1
4524 0 0
4525 11 0
4526 31 1
4527 53 1
4528 9 1
4529 22 0
4530 50 1
4531 15 1
4532 48 1
4533 28 1
4534 10 0
4535 30 1
4536 12 1
4537 28 0
4538 23 0
4539 4 1
4540 33 0
4541 28 0
4542 51 0
4543 39 0
4544 7 1
4545 16 1
4546 29 1
4547 19 0
4548 33 1
4549 36 1
4550 21 1
4551 44 1
4552 5 1
4553 32 0
4554 41 1
4555 19 1
4556 36 0
4557 51 1
4558 41 0
4559 3 1
4560 24 1
4561 35 1
4562 34 1
4563 3 1
4564 30 1
4565 7 1
4566 18 1
4567 12 1
4568 12 0
4569 20 1
4570 9 1
4571 40 1
4572 16 1
4573 44 1
4574 54 0
4575 50 1
4576 50 0
4577 44 1
4578 12 0
4579 7 1
4580 38 1
4581 38 0
4582 51 1
4583 49 1
4584 23 0
4585 29 0
4586 53 0
4587 29 1
4588 17 0
4589 55 0
4590 32 1
4591 6 1
4592 7 1
4593 22 1
4594 49 1
4595 45 1
4596 28 1
4597 16 0
4598 6 1
4599 15 1
4600 7 0
4601 29 1
4602 42 1
4603 42 1
4604 43 1
4605 43 1
4606 18 1
4607 29 1
4608 11 1
4609 28 1
4610 8 1
4611 4 1
4612 13 1
4613 44 1
4614 14 1
4615 16 1
4616 16 0
4617 49 1
4618 15 1
4619 30 1
4620 4 0
4621 5 1
4622 51 1
4623 32 1
4624 13 1
4625 35 1
4626 7 1
4627 43 1
4628 44 0
4629 24 0
4630 43 1
4631 47 1
4632 54 0
4633 29 1
4634 4 0
4635 0 0
4636 22 1
4637 15 0
4638 24 0
4639 48 1
4640 37 1
4641 27 0
4642 35 1
4643 32 0
4644 14 0
4645 33 1
4646 9 1
4647 28 1
4648 33 1
4649 4 0
4650 5 1
4651 13 0
4652 10 0
4653 53 1
4654 5 1
4655 39 1
4656 41 1
4657 38 0
4658 9 0
4659 52 1
4660 39 0
4661 48 1
4662 38 1
4663 23 1
4664 6 1
4665 20 0
4666 16 1
4667 7 1
4668 7 0
4669 12 0
4670 33 1
4671 22 1
4672 46 0
4673 48 1
4674 42 0
4675 47 1
4676 42 0
4677 41 1
4678 44 0
4679 8 1
4680 44 1
4681 30 1
4682 7 0
4683 54 1
4684 9 1
4685 34 1
4686 45 1
4687 29 1
4688 28 1
4689 20 0
4690 18 0
4691 24 0
4692 35 0
4693 13 1
4694 26 0
4695 42 0
4696 35 0
4697 2 0
4698 21 1
4699 24 0
4700 50 1
4701 1 0
4702 26 1
4703 43 0
4704 4 1
4705 12 1
4706 43 1
4707 10 1
4708 54 1
4709 14 1
4710 30 1
4711 38 1
4712 41 1
4713 19 1
4714 24 0
4715 21 1
4716 13 0
4717 25 1
4718 21 1
4719 37 1
4720 44 1
4721 47 1
4722 54 1
4723 38 1
4724 49 1
4725 4 1
4726 21 0
4727 0 1
4728 10 0
4729 54 1
4730 46 1
4731 36 1
4732 42 0
4733 26 1
4734 42 1
4735 16 0
4736 41 0
4737 46 1
4738 32 1
4739 3 0
4740 49 1
4741 33 0
4742 49 0
4743 5 1
4744 21 0
4745 21 0
4746 23 0
4747 55 0
4748 46 1
4749 40 1
4750 17 0
4751 32 1
4752 31 0
4753 9 0
4754 19 1
4755 1 0
4756 19 1
4757 10 1
4758 37 1
4759 39 0
4760 3 0
4761 54 0
4762 45 0
4763 43 1
4764 8 1
4765 37 1
4766 51 0
4767 52 1
4768 3 1
4769 2 0
4770 2 0
4771 2 0
4772 22 0
4773 2 1
4774 53 0
4775 6 1
4776 14 1
4777 51 0
4778 42 1
4779 7 1
4780 50 1
4781 44 1
4782 25 1
4783 0 1
4784 45 0
4785 19 0
4786 5 1
4787 37 0
4788 3 1
4789 31 1
4790 32 0
4791 40 1
4792 26 1
4793 34 1
4794 2 0
4795 47 1
4796 54 1
4797 25 1
4798 3 0
4799 20 1
4800 27 1
4801 8 1
4802 30 0
4803 45 1
4804 12 1
4805 17 0
4806 26 1
4807 19 1
4808 5 1
4809 48 1
4810 6 1
4811 27 1
4812 2 0
4813 52 1
4814 6 0
4815 38 0
4816 40 0
4817 34 1
4818 19 1
4819 31 0
4820 52 0
4821 43 1
4822 18 1
4823 2 1
4824 27 1
4825 54 1
4826 18 1
4827 22 1
4828 5 0
4829 50 1
4830 35 1
4831 13 0
4832 46 0
4833 2 1
4834 39 0
4835 8 0
4836 50 1
4837 1 1
4838 26 0
4839 19 1
4840 21 1
4841 31 0
4842 26 1
4843 28 1
4844 16 0
4845 11 1
4846 22 1
4847 23 1
4848 55 0
4849 5 1
4850 26 1
4851 1 0
4852 48 1
4853 32 1
4854 29 1
4855 0 1
4856 36 1
4857 2 1
4858 13 0
4859 22 1
4860 36 0
4861 33 0
4862 41 0
4863 54 0
4864 9 1
4865 47 0
4866 0 1
4867 0 1
4868 35 1
4869 51 0
4870 52 1
4871 27 1
4872 51 1
4873 23 1
4874 44 0
4875 6 1
4876 46 0
4877 51 1
4878 40 0
4879 40 1
4880 37 1
4881 30 1
4882 7 1
4883 15 0
4884 31 1
4885 19 1
4886 30 0
4887 29 1
4888 44 1
4889 17 1
4890 26 1
4891 26 1
4892 48 0
4893 16 1
4894 55 0
4895 10 1
4896 55 1
4897 19 1
4898 23 0
4899 33 1
4900 12 1
4901 10 1
4902 50 1
4903 51 1
4904 20 1
4905 0 1
4906 21 1
4907 30 1
4908 31 1
4909 13 1
4910 14 1
4911 12 0
4912 16 0
4913 4 0
4914 33 1
4915 38 1
4916 41 1
4917 0 1
4918 0 1
4919 2 1
4920 48 1
4921 34 0
4922 12 1
4923 50 0
4924 39 1
4925 3 1
4926 0 1
4927 35 1
4928 54 0
4929 40 1
4930 4 0
4931 44 0
4932 38 1
4933 8 1
4934 40 1
4935 26 0
4936 53 0
4937 54 0
4938 13 1
4939 22 1
4940 24 1
4941 1 0
4942 8 0
4943 9 1
4944 3 1
4945 5 1
4946 55 1
4947 20 1
4948 38 1
4949 28 1
4950 24 0
4951 6 1
4952 3 0
4953 39 0
4954 37 0
4955 36 0
4956 54 0
4957 14 1
4958 2 0
4959 36 1
4960 0 0
4961 53 1
4962 35 1
4963 44 0
4964 30 0
4965 7 0
4966 15 1
4967 28 0
4968 2 1
4969 18 0
4970 17 1
4971 44 1
4972 3 1
4973 6 1
4974 49 0
4975 51 1
4976 12 1
4977 16 1
4978 33 1
4979 48 0
4980 5 1
4981 14 1
4982 36 1
4983 22 1
4984 54 1
4985 21 1
4986 6 1
4987 54 1
4988 36 0
4989 55 1
4990 15 1
4991 7 1
4992 26 1
4993 2 1
4994 13 1
4995 36 1
4996 1 1
4997 23 1
4998 37 1
4999 4 1
5000 14 1
5001 18 0
5002 3 0
5003 14 0
5004 45 1
5005 54 0
5006 48 1
5007 15 1
5008 13 0
5009 47 0
5010 35 0
5011 13 0
5012 5 1
5013 1 1
5014 9 1
5015 45 0
5016 15 0
5017 12 1
5018 32 0
5019 26 0
5020 24 1
5021 49 1
5022 14 0
5023 4 1
5024 49 0
5025 6 1
5026 46 0
5027 48 1
5028 55 1
5029 6 1
5030 23 0
5031 0 1
5032 11 1
5033 24 0
5034 22 1
5035 48 1
5036 3 1
5037 32 1
5038 33 0
5039 13 1
5040 55 0
5041 22 1
5042 22 1
5043 24 1
5044 31 1
5045 13 1
5046 10 1
5047 4 0
5048 25 0
5049 48 0
5050 8 1
5051 7 1
5052 9 1
5053 53 1
5054 43 1
5055 36 1
5056 53 1
5057 31 0
5058 0 1
5059 24 1
5060 14 0
5061 54 1
5062 35 0
5063 13 0
5064 15 1
5065 20 0
5066 13 0
5067 43 0
5068 34 1
5069 32 1
5070 18 1
5071 7 0
5072 54 1
5073 2 1
5074 22 1
5075 13 1
5076 47 1
5077 28 0
5078 54 1
5079 55 1
5080 30 1
5081 5 1
5082 31 1
5083 49 1
5084 0 0
5085 15 1
5086 37 1
5087 1 0
5088 29 1
5089 17 0
5090 13 1
5091 55 0
5092 10 0
5093 15 1
5094 52 0
5095 45 1
5096 17 1
5097 53 1
5098 10 1
5099 42 1
5100 15 0
5101 12 1
5102 47 1
5103 55 0
5104 16 1
5105 39 0
5106 14 0
5107 2 1
5108 49 0
5109 16 0
5110 55 1
5111 55 1
5112 24 0
5113 49 1
5114 26 1
5115 29 1
5116 44 1
5117 45 1
5118 55 1
5119 40 1
5120 28 0
5121 13 1
5122 46 1
5123 35 1
5124 0 1
5125 53 1
5126 26 1
5127 0 1
5128 17 1
5129 13 1
5130 52 1
5131 13 1
5132 13 1
5133 3 0
5134 31 1
5135 52 1
5136 51 0
5137 14 1
5138 49 1
5139 48 1
5140 30 1
5141 33 1
5142 10 1
5143 18 1
5144 10 1
5145 54 0
5146 43 0
5147 30 0
5148 54 0
5149 52 1
5150 5 1
5151 16 1
5152 11 0
5153 25 1
5154 9 0
5155 38 0
5156 31 1
5157 23 0
5158 49 1
5159 36 1
5160 41 0
5161 50 1
5162 30 1
5163 12 0
5164 27 1
5165 41 1
5166 26 1
5167 17 1
5168 1 1
5169 25 1
5170 28 0
5171 33 0
5172 24 1
5173 53 1
5174 9 0
5175 5 1
5176 53 1
5177 7 1
5178 49 0
5179 40 1
5180 13 1
5181 36 0
5182 51 1
5183 44 1
5184 8 1
5185 46 0
5186 21 1
5187 48 1
5188 7 1
5189 31 1
5190 8 0
5191 52 1
5192 20 1
5193 40 0
5194 7 1
5195 17 0
5196 18 0
5197 27 1
5198 19 1
5199 34 0
5200 13 0
5201 32 1
5202 48 1
5203 48 0
5204 54 1
5205 40 1
5206 43 1
5207 19 1
5208 8 1
5209 45 0
5210 12 0
5211 20 1
5212 29 0
5213 12 1
5214 31 1
5215 44 1
5216 14 1
5217 6 0
5218 12 1
5219 14 1
5220 21 1
5221 25 1
5222 19 1
5223 41 1
5224 33 0
5225 26 1
5226 21 1
5227 44 1
5228 46 1
5229 51 1
5230 30 1
5231 9 1
5232 27 1
5233 3 0
5234 14 1
5235 34 0
5236 55 1
5237 12 1
5238 33 0
5239 13 1
5240 12 1
5241 23 1
5242 38 0
5243 36 1
5244 35 1
5245 49 1
5246 54 1
5247 6 0
5248 2 1
5249 8 0
5250 10 0
5251 3 1
5252 15 0
5253 52 0
5254 37 1
5255 10 0
5256 17 1
5257 51 0
5258 13 0
5259 28 1
5260 6 1
5261 10 0
5262 48 1
5263 13 0
5264 25 1
5265 34 0
5266 16 1
5267 28 1
5268 38 0
5269 31 0
5270 18 1
5271 53 1
5272 3 1
5273 19 1
5274 7 0
5275 16 1
5276 38 1
5277 41 1
5278 42 0
5279 49 1
5280 43 1
5281 14 1
5282 49 0
5283 19 1
5284 35 1
5285 35 1
5286 20 1
5287 1 0
5288 32 0
5289 47 0
5290 20 1
5291 20 0
5292 34 1
5293 1 1
5294 27 0
5295 40 1
5296 21 0
5297 2 1
5298 10 1
5299 14 0
5300 41 1
5301 51 1
5302 49 0
5303 53 1
5304 40 1
5305 48 1
5306 52 1
5307 31 1
5308 41 0
5309 4 1
5310 26 0
5311 11 1
5312 27 1
5313 31 1
5314 3 1
5315 51 1
5316 23 1
5317 18 1
5318 10 0
5319 10 0
5320 3 1
5321 23 1
5322 39 1
5323 39 1
5324 31 0
5325 5 1
5326 31 1
5327 18 0
5328 53 0
5329 24 1
5330 6 1
5331 13 0
5332 33 0
5333 14 1
5334 46 1
5335 22 0
5336 50 1
5337 18 1
5338 44 0
5339 26 0
5340 28 0
5341 46 1
5342 15 0
5343 46 1
5344 25 0
5345 53 1
5346 2 0
5347 29 1
5348 26 1
5349 7 1
5350 35 0
5351 35 1
5352 3 0
5353 31 1
5354 22 1
5355 51 1
5356 0 1
5357 37 1
5358 17 0
5359 11 1
5360 11 1
5361 42 1
5362 44 1
5363 17 1
5364 10 1
5365 55 1
5366 38 1
5367 42 1
5368 39 1
5369 17 0
5370 42 0
5371 55 1
5372 22 1
5373 41 1
5374 49 1
5375 50 1
5376 30 0
5377 41 1
5378 3 1
5379 16 0
5380 12 0
5381 42 0
5382 2 1
5383 36 0
5384 14 1
5385 31 1
5386 33 1
5387 11 1
5388 52 1
5389 7 1
5390 17 1
5391 33 1
5392 45 1
5393 49 1
5394 5 1
5395 45 1
5396 50 0
5397 12 1
5398 27 1
5399 22 1
5400 53 1
5401 10 1
5402 13 1
5403 14 1
5404 41 1
5405 22 1
5406 46 1
5407 18 1
5408 41 1
5409 27 1
5410 46 1
5411 48 0
5412 31 1
5413 44 1
5414 4 0
5415 28 1
5416 33 0
5417 32 1
5418 43 1
5419 23 1
5420 35 0
5421 55 1
5422 12 1
5423 4 0
5424 38 1
5425 28 1
5426 31 1
5427 36 1
5428 49 1
5429 32 1
5430 19 1
5431 55 1
5432 26 1
5433 26 0
5434 45 1
5435 10 1
5436 6 1
5437 49 1
5438 51 1
5439 0 1
5440 12 1
5441 45 0
5442 17 1
5443 1 0
5444 18 0
5445 9 1
5446 6 1
5447 2 1
5448 8 0
5449 14 0
5450 46 1
5451 22 1
5452 18 1
5453 55 1
5454 53 1
5455 15 1
5456 11 1
5457 5 1
5458 54 1
5459 40 0
5460 24 0
5461 21 1
5462 25 1
5463 48 1
5464 36 1
5465 15 1
5466 15 1
5467 6 1
5468 20 0
5469 14 0
5470 4 0
5471 51 0
5472 2 0
5473 29 0
5474 46 0
5475 0 1
5476 30 0
5477 30 1
5478 29 1
5479 17 0
5480 52 0
5481 19 1
5482 53 1
5483 12 0
5484 55 0
5485 19 0
5486 24 0
5487 43 1
5488 54 0
5489 50 0
5490 53 1
5491 43 1
5492 40 0
5493 11 0
5494 7 0
5495 6 0
5496 44 0
5497 39 0
5498 18 1
5499 42 1
5500 47 0
5501 5 1
5502 43 1
5503 50 1
5504 33 1
5505 54 1
5506 23 1
5507 42 1
5508 43 0
5509 20 1
5510 33 1
5511 22 0
5512 19 0
5513 30 0
5514 42 1
5515 23 0
5516 46 1
5517 16 1
5518 4 0
5519 27 0
5520 55 1
5521 52 1
5522 50 0
5523 53 1
5524 3 1
5525 0 0
5526 11 1
5527 25 1
5528 28 1
5529 35 1
5530 39 0
5531 31 0
5532 14 1
5533 31 1
5534 42 1
5535 40 0
5536 11 1
5537 15 1
5538 42 0
5539 27 0
5540 13 1
5541 49 1
5542 49 1
5543 38 0
5544 1 1
5545 20 1
5546 4 1
5547 54 1
5548 12 1
5549 22 0
5550 55 1
5551 48 1
5552 11 0
5553 16 0
5554 20 1
5555 51 1
5556 54 1
5557 42 1
5558 31 1
5559 53 0
5560 26 0
5561 41 0
5562 38 0
5563 34 1
5564 37 1
5565 16 0
5566 46 1
5567 31 0
5568 0 1
5569 23 1
5570 2 1
5571 37 0
5572 30 1
5573 16 0
5574 16 1
5575 6 0
5576 55 1
5577 41 1
5578 55 1
5579 55 0
5580 3 1
5581 42 0
5582 48 1
5583 19 0
5584 17 1
5585 52 1
5586 28 1
5587 4 1
5588 25 0
5589 32 1
5590 17 1
5591 36 1
5592 54 0
5593 22 0
5594 9 1
5595 2 0
5596 46 0
5597 46 1
5598 30 1
5599 31 0
5600 36 1
5601 50 0
5602 29 0
5603 52 1
5604 42 1
5605 48 1
5606 51 1
5607 45 1
5608 34 1
5609 30 1
5610 41 1
5611 39 1
5612 5 1
5613 14 1
5614 40 1
5615 50 1
5616 40 0
5617 13 1
5618 11 1
5619 37 1
5620 22 1
5621 26 1
5622 42 0
5623 10 1
5624 50 1
5625 47 1
5626 1 1
5627 51 1
5628 4 1
5629 10 1
5630 22 1
5631 17 0
5632 34 1
5633 45 0
5634 8 1
5635 11 0
5636 23 1
5637 31 1
5638 36 0
5639 13 1
5640 49 0
5641 35 1
5642 19 1
5643 42 1
5644 24 0
5645 20 1
5646 25 1
5647 21 1
5648 51 1
5649 17 1
5650 44 0
5651 17 1
5652 50 1
5653 45 1
5654 41 1
5655 29 0
5656 31 1
5657 14 0
5658 23 1
5659 2 1
5660 20 1
5661 5 1
5662 43 1
5663 33 0
5664 45 1
5665 26 1
5666 7 1
5667 30 1
5668 4 1
5669 15 1
5670 6 1
5671 8 1
5672 37 1
5673 16 1
5674 46 0
5675 35 0
5676 24 0
5677 41 1
5678 52 1
5679 34 1
5680 37 1
5681 3 1
5682 15 1
5683 13 0
5684 21 0
5685 33 1
5686 1 1
5687 49 1
5688 32 1
5689 27 0
5690 12 1
5691 33 0
5692 32 1
5693 16 1
5694 21 0
5695 37 1
5696 22 0
5697 30 1
5698 42 1
5699 9 1
5700 55 0
5701 19 1
5702 12 1
5703 8 1
5704 46 1
5705 50 1
5706 10 0
5707 8 1
5708 30 1
5709 38 0
5710 27 1
5711 21 1
5712 45 1
5713 55 1
5714 6 0
5715 23 0
5716 51 1
5717 15 1
5718 22 1
5719 19 0
5720 26 0
5721 0 0
5722 26 1
5723 7 1
5724 0 0
5725 20 1
5726 10 1
5727 5 1
5728 5 1
5729 54 0
5730 13 0
5731 41 0
5732 15 1
5733 24 0
5734 7 1
5735 35 1
5736 42 1
5737 55 1
5738 11 0
5739 52 1
5740 36 0
5741 23 0
5742 42 1
5743 13 0
5744 16 1
5745 42 1
5746 41 0
5747 47 1
5748 28 0
5749 23 0
5750 43 1
5751 38 0
5752 21 1
5753 41 1
5754 27 1
5755 27 1
5756 38 1
5757 22 1
5758 6 1
5759 55 1
5760 0 0
5761 5 1
5762 54 1
5763 26 1
5764 11 1
5765 30 1
5766 35 1
5767 12 0
5768 33 0
5769 16 1
5770 4 1
5771 37 1
5772 22 1
5773 51 1
5774 47 0
5775 20 1
5776 20 1
5777 17 0
5778 5 1
5779 29 1
5780 5 0
5781 39 1
5782 0 1
5783 25 1
5784 18 1
5785 22 1
5786 13 1
5787 8 1
5788 31 1
5789 49 1
5790 38 1
5791 54 1
5792 6 1
5793 45 1
5794 26 0
5795 51 0
5796 45 0
5797 40 1
5798 15 1
5799 7 0
5800 34 1
5801 39 0
5802 1 1
5803 12 1
5804 35 1
5805 38 0
5806 2 0
5807 27 1
5808 35 0
5809 3 0
5810 2 1
5811 5 1
5812 17 1
5813 5 1
5814 38 0
5815 33 0
5816 26 0
5817 33 0
5818 48 0
5819 43 1
5820 50 0
5821 12 1
5822 46 1
5823 44 1
5824 24 0
5825 55 1
5826 29 0
5827 42 1
5828 34 1
5829 47 1
5830 44 0
5831 2 1
5832 41 1
5833 9 1
5834 24 1
5835 28 1
5836 46 0
5837 38 1
5838 48 1
5839 45 0
5840 41 0
5841 10 1
5842 18 1
5843 29 1
5844 13 1
5845 21 1
5846 30 1
5847 24 1
5848 42 1
5849 17 0
5850 54 1
5851 52 1
5852 14 1
5853 8 1
5854 28 0
5855 6 1
5856 50 1
5857 52 0
5858 37 0
5859 33 0
5860 30 1
5861 20 1
5862 6 1
5863 44 1
5864 5 1
5865 27 0
5866 50 1
5867 15 1
5868 26 0
5869 54 1
5870 45 1
5871 36 1
5872 45 1
5873 36 1
5874 25 0
5875 45 1
5876 35 1
5877 28 0
5878 37 1
5879 2 0
5880 21 1
5881 30 1
5882 36 0
5883 8 1
5884 37 0
5885 45 1
5886 35 1
5887 49 1
5888 41 0
5889 19 0
5890 50 0
5891 34 1
5892 1 1
5893 55 0
5894 23 1
5895 48 1
5896 14 1
5897 29 1
5898 36 1
5899 41 1
5900 12 0
5901 43 0
5902 23 1
5903 0 1
5904 18 1
5905 3 0
5906 51 0
5907 42 1
5908 28 1
5909 2 1
5910 11 1
5911 9 1
5912 1 0
5913 45 1
5914 3 1
5915 54 0
5916 29 0
5917 48 1
5918 46 1
5919 45 1
5920 52 0
5921 20 1
5922 53 1
5923 28 1
5924 1 0
5925 6 0
5926 9 1
5927 6 1
5928 37 0
5929 32 1
5930 50 1
5931 40 1
5932 0 1
5933 3 1
5934 9 1
5935 22 1
5936 48 0
5937 36 1
5938 18 1
5939 40 1
5940 7 0
5941 55 1
5942 45 0
5943 11 0
5944 41 0
5945 34 1
5946 3 1
5947 42 0
5948 19 0
5949 18 1
5950 6 1
5951 17 1
5952 11 1
5953 13 1
5954 30 0
5955 16 1
5956 27 1
5957 38 0
5958 6 0
5959 10 1
5960 21 1
5961 11 1
5962 31 0
5963 52 1
5964 11 1
5965 7 0
5966 54 0
5967 41 0
5968 47 1
5969 47 1
5970 51 1
5971 43 0
5972 8 0
5973 6 1
5974 42 0
5975 5 0
5976 28 1
5977 0 0
5978 38 1
5979 23 1
5980 10 1
5981 51 0
5982 7 1
5983 27 1
5984 18 1
5985 20 1
5986 26 1
5987 3 1
5988 0 1
5989 32 0
5990 9 1
5991 34 1
5992 22 1
5993 50 1
5994 15 1
5995 38 0
5996 15 1
5997 3 0
5998 38 0
5999 5 1
6000 32 0
6001 54 0
6002 0 1
6003 5 0
6004 51 0
6005 27 1
6006 44 1
6007 10 0
6008 24 1
6009 39 1
6010 45 1
6011 50 0
6012 22 1
6013 52 1
6014 11 1
6015 45 0
6016 51 1
6017 30 1
6018 12 1
6019 36 1
6020 2 0
6021 36 0
6022 12 1
6023 24 1
6024 19 1
6025 5 1
6026 52 0
6027 37 1
6028 52 0
6029 47 1
6030 19 1
6031 34 1
6032 47 0
6033 49 0
6034 29 1
6035 35 1
6036 20 0
6037 45 0
6038 46 0
6039 38 0
6040 5 0
6041 1 1
6042 26 1
6043 44 1
6044 0 0
6045 53 1
6046 24 0
6047 17 1
6048 24 0
6049 44 1
6050 8 1
6051 52 1
6052 39 1
6053 30 1
6054 55 1
6055 22 0
6056 39 1
6057 13 1
6058 46 1
6059 55 0
6060 6 1
6061 50 1
6062 51 1
6063 30 1
6064 31 0
6065 41 1
6066 26 1
6067 52 1
6068 23 0
6069 22 1
6070 22 0
6071 50 1
6072 51 1
6073 38 0
6074 50 1
6075 1 1
6076 41 1
6077 14 1
6078 31 1
6079 41 1
6080 31 1
6081 30 1
6082 8 0
6083 10 0
6084 21 0
6085 22 0
6086 44 1
6087 17 0
6088 49 1
6089 50 1
6090 5 1
6091 11 1
6092 30 1
6093 11 0
6094 38 1
6095 36 1
6096 7 0
6097 15 1
6098 45 1
6099 15 0
6100 10 0
6101 37 1
6102 39 1
6103 7 1
6104 38 0
6105 43 0
6106 36 1
6107 17 1
6108 47 0
6109 0 0
6110 9 1
6111 28 1
6112 15 0
6113 0 1
6114 37 0
6115 54 0
6116 37 1
6117 31 1
6118 18 0
6119 20 1
6120 23 1
6121 11 0
6122 45 0
6123 13 0
6124 26 1
6125 51 1
6126 19 1
6127 20 1
6128 50 1
6129 23 0
6130 19 1
6131 8 0
6132 41 0
6133 45 1
6134 5 0
6135 28 0
6136 1 1
6137 31 1
6138 53 1
6139 12 1
6140 26 0
6141 26 0
6142 30 1
6143 32 1
6144 34 1
6145 40 1
6146 44 1
6147 39 1
6148 15 1
6149 18 0
6150 22 0
6151 32 1
6152 14 1
6153 55 1
6154 20 1
6155 2 1
6156 2 1
6157 4 1
6158 43 0
6159 24 1
6160 19 1
6161 4 0
6162 41 1
6163 21 1
6164 39 1
6165 29 1
6166 54 0
6167 14 0
6168 53 0
6169 8 1
6170 48 0
6171 32 1
6172 23 1
6173 50 1
6174 40 0
6175 17 1
6176 11 1
6177 34 1
6178 48 1
6179 6 0
6180 7 1
6181 21 1
6182 41 0
6183 2 1
6184 16 1
6185 24 1
6186 44 0
6187 42 1
6188 4 1
6189 47 1
6190 39 1
6191 31 0
6192 29 1
6193 15 0
6194 50 0
6195 36 1
6196 41 0
6197 47 0
6198 21 1
6199 33 1
6200 27 1
6201 46 1
6202 26 1
6203 51 0
6204 37 1
6205 19 1
6206 34 0
6207 23 1
6208 45 1
6209 52 1
6210 44 1
6211 24 0
6212 19 1
6213 39 1
6214 32 1
6215 6 0
6216 43 1
6217 43 1
6218 54 0
6219 44 1
6220 49 1
6221 8 1
6222 27 0
6223 3 1
6224 53 0
6225 55 1
6226 0 1
6227 54 0
6228 7 0
6229 28 1
6230 23 1
6231 11 1
6232 15 0
6233 23 1
6234 44 1
6235 17 1
6236 44 1
6237 33 1
6238 0 0
6239 15 1
6240 3 1
6241 23 1
6242 5 1
6243 31 0
6244 27 0
6245 20 0
6246 38 1
6247 4 1
6248 13 1
6249 35 0
6250 8 0
6251 23 1
6252 5 1
6253 35 1
6254 4 1
6255 26 1
6256 48 1
6257 19 1
6258 39 1
6259 34 1
6260 54 0
6261 5 1
6262 13 1
6263 2 1
6264 5 0
6265 51 1
6266 17 1
6267 33 1
6268 2 0
6269 51 1
6270 30 1
6271 38 0
6272 39 0
6273 44 0
6274 36 1
6275 32 1
6276 4 1
6277 39 1
6278 15 0
6279 27 1
6280 6 0
6281 2 1
6282 25 0
6283 13 1
6284 0 0
6285 2 1
6286 54 1
6287 37 1
6288 9 1
6289 3 1
6290 31 1
6291 9 1
6292 25 1
6293 36 1
6294 18 1
6295 28 1
6296 13 0
6297 0 0
6298 18 1
6299 34 1
6300 46 1
6301 48 1
6302 28 1
6303 9 1
6304 38 1
6305 11 1
6306 55 1
6307 16 1
6308 53 1
6309 48 1
6310 27 0
6311 7 0
6312 19 1
6313 47 0
6314 5 1
6315 39 0
6316 13 1
6317 23 1
6318 45 1
6319 7 0
6320 52 1
6321 25 0
6322 7 1
6323 4 1
6324 6 0
6325 3 1
6326 41 1
6327 3 0
6328 2 0
6329 26 1
6330 44 0
6331 42 0
6332 26 1
6333 11 1
6334 49 0
6335 27 0
6336 4 1
6337 40 1
6338 7 0
6339 15 1
6340 25 1
6341 31 1
6342 13 0
6343 55 1
6344 53 0
6345 6 0
6346 4 1
6347 10 1
6348 25 1
6349 29 1
6350 23 1
6351 7 1
6352 22 0
6353 23 1
6354 4 0
6355 10 1
6356 41 1
6357 23 1
6358 44 1
6359 53 0
6360 17 1
6361 50 0
6362 35 1
6363 35 0
6364 10 0
6365 22 0
6366 49 1
6367 30 0
6368 45 1
6369 52 1
6370 4 1
6371 6 1
6372 17 1
6373 12 0
6374 20 1
6375 15 1
6376 37 1
6377 26 0
6378 14 0
6379 5 0
6380 14 0
6381 27 0
6382 9 1
6383 31 1
6384 22 1
6385 31 1
6386 18 0
6387 41 1
6388 35 1
6389 9 1
6390 15 1
6391 5 0
6392 17 1
6393 38 0
6394 21 0
6395 25 1
6396 39 1
6397 10 1
6398 5 1
6399 15 1
6400 53 0
6401 22 1
6402 52 1
6403 3 1
6404 29 0
6405 55 1
6406 4 1
6407 25 1
6408 3 1
6409 37 0
6410 35 0
6411 27 1
6412 10 0
6413 35 1
6414 47 0
6415 27 1
6416 26 1
6417 28 1
6418 25 1
6419 38 0
6420 11 1
6421 26 1
6422 9 1
6423 4 1
6424 43 1
6425 5 1
6426 16 0
6427 9 0
6428 38 1
6429 42 1
6430 23 1
6431 2 1
6432 31 1
6433 0 0
6434 29 0
6435 38 1
6436 3 1
6437 23 0
6438 44 1
6439 32 1
6440 54 0
6441 22 1
6442 38 1
6443 25 0
6444 44 1
6445 34 1
6446 49 0
6447 45 1
6448 35 1
6449 24 1
6450 11 0
6451 17 1
6452 55 1
6453 34 1
6454 37 1
6455 27 0
6456 16 1
6457 33 1
6458 49 1
6459 18 1
6460 39 1
6461 17 1
6462 18 1
6463 41 1
6464 19 1
6465 46 1
6466 40 1
6467 12 0
6468 33 1
6469 34 1
6470 40 1
6471 33 0
6472 24 0
6473 38 1
6474 21 0
6475 23 0
6476 38 0
6477 21 1
6478 30 0
6479 37 1
6480 39 1
6481 7 1
6482 20 1
6483 30 1
6484 49 1
6485 35 0
6486 55 0
6487 2 1
6488 30 1
6489 24 1
6490 9 1
6491 40 1
6492 15 1
6493 31 1
6494 35 1
6495 6 1
6496 25 1
6497 26 0
6498 16 1
6499 10 0
6500 10 1
6501 51 1
6502 25 0
6503 32 1
6504 5 1
6505 35 1
6506 32 0
6507 6 1
6508 49 1
6509 5 1
6510 19 1
6511 48 0
6512 9 1
6513 1 1
6514 3 0
6515 3 1
6516 24 0
6517 6 1
6518 19 1
6519 16 1
6520 7 1
6521 39 1
6522 0 1
6523 54 1
6524 36 1
6525 6 0
6526 55 1
6527 11 1
6528 41 0
6529 17 1
6530 47 1
6531 2 0
6532 42 1
6533 16 1
6534 15 0
6535 14 1
6536 12 1
6537 5 1
6538 11 1
6539 30 0
6540 47 1
6541 14 1
6542 3 1
6543 38 1
6544 21 1
6545 32 1
6546 44 1
6547 51 1
6548 11 1
6549 20 0
6550 28 1
6551 48 1
6552 15 1
6553 5 1
6554 24 0
6555 42 1
6556 39 1
6557 45 0
6558 10 1
6559 14 0
6560 51 1
6561 28 1
6562 49 1
6563 53 0
6564 19 0
6565 14 0
6566 51 1
6567 0 1
6568 27 1
6569 6 0
6570 24 1
6571 35 1
6572 33 0
6573 34 0
6574 20 1
6575 4 1
6576 23 0
6577 38 1
6578 40 0
6579 5 1
6580 53 1
6581 19 0
6582 50 1
6583 28 0
6584 8 0
6585 42 1
6586 10 0
6587 8 0
6588 14 1
6589 16 1
6590 34 1
6591 18 1
6592 36 1
6593 3 0
6594 37 1
6595 49 1
6596 52 1
6597 11 0
6598 16 1
6599 37 1
6600 1 0
6601 25 0
6602 12 0
6603 40 1
6604 3 0
6605 30 1
6606 4 1
6607 7 1
6608 49 1
6609 45 0
6610 3 0
6611 33 1
6612 35 1
6613 30 1
6614 52 1
6615 43 0
6616 18 1
6617 49 1
6618 13 0
6619 26 0
6620 1 0
6621 38 1
6622 32 1
6623 30 1
6624 40 0
6625 8 0
6626 42 1
6627 10 1
6628 14 1
6629 0 1
6630 36 1
6631 47 1
6632 24 1
6633 54 1
6634 42 1
6635 54 0
6636 48 1
6637 17 1
6638 9 0
6639 2 1
6640 35 1
6641 4 0
6642 36 0
6643 10 0
6644 0 1
6645 28 0
6646 37 1
6647 3 0
6648 29 0
6649 43 1
6650 33 1
6651 11 1
6652 45 1
6653 18 1
6654 44 1
6655 32 0
6656 55 0
6657 12 1
6658 51 1
6659 54 1
6660 16 1
6661 40 1
6662 15 1
6663 27 1
6664 13 1
6665 27 1
6666 23 1
6667 0 1
6668 52 0
6669 51 0
6670 6 1
6671 48 1
6672 47 0
6673 26 1
6674 51 1
6675 6 1
6676 35 1
6677 17 1
6678 18 1
6679 22 1
6680 27 0
6681 5 1
6682 1 1
6683 47 1
6684 31 1
6685 21 1
6686 53 1
6687 28 1
6688 26 1
6689 16 1
6690 22 1
6691 16 1
6692 13 0
6693 36 1
6694 7 0
6695 30 0
6696 21 1
6697 13 1
6698 9 1
6699 3 0
6700 31 1
6701 6 0
6702 6 0
6703 2 1
6704 32 1
6705 37 0
6706 24 1
6707 25 1
6708 55 1
6709 36 0
6710 48 0
6711 25 1
6712 14 0
6713 35 1
6714 27 0
6715 31 1
6716 31 0
6717 16 1
6718 16 1
6719 53 0
6720 4 1
6721 16 1
6722 55 0
6723 18 1
6724 30 1
6725 45 1
6726 33 0
6727 20 0
6728 53 1
6729 38 1
6730 6 1
6731 11 0
6732 51 1
6733 2 0
6734 13 1
6735 29 1
6736 1 0
6737 54 1
6738 54 1
6739 40 0
6740 38 0
6741 19 1
6742 44 0
6743 46 1
6744 8 1
6745 49 1
6746 42 0
6747 36 0
6748 0 1
6749 17 1
6750 46 0
6751 55 1
6752 3 1
6753 32 1
6754 53 0
6755 14 0
6756 30 1
6757 19 0
6758 1 0
6759 27 0
6760 22 0
6761 8 0
6762 49 1
6763 54 1
6764 50 1
6765 8 0
6766 46 1
6767 16 1
6768 29 1
6769 35 1
6770 17 1
6771 46 1
6772 50 1
6773 33 0
6774 4 1
6775 29 0
6776 8 0
6777 43 1
6778 49 0
6779 52 1
6780 40 1
6781 52 1
6782 19 0
6783 48 0
6784 29 1
6785 19 0
6786 28 1
6787 21 1
6788 43 0
6789 26 1
6790 42 1
6791 26 0
6792 21 1
6793 20 0
6794 38 1
6795 27 0
6796 28 0
6797 21 1
6798 20 1
6799 40 1
6800 48 1
6801 7 1
6802 21 0
6803 10 0
6804 50 0
6805 24 1
6806 21 1
6807 54 1
6808 7 1
6809 25 0
6810 43 1
6811 19 1
6812 44 0
6813 48 1
6814 21 1
6815 25 1
6816 4 1
6817 1 1
6818 28 1
6819 17 0
6820 33 1
6821 42 1
6822 35 1
6823 8 1
6824 27 1
6825 39 1
6826 38 0
6827 15 0
6828 27 1
6829 18 0
6830 39 1
6831 30 1
6832 43 1
6833 36 1
6834 28 0
6835 37 1
6836 23 1
6837 27 1
6838 48 0
6839 13 1
6840 21 0
6841 18 1
6842 40 1
6843 14 1
6844 40 0
6845 44 0
6846 28 0
6847 19 0
6848 19 0
6849 15 0
6850 54 1
6851 20 1
6852 44 1
6853 8 1
6854 34 1
6855 24 0
6856 43 0
6857 44 1
6858 4 1
6859 38 1
6860 43 1
6861 20 0
6862 14 0
6863 16 1
6864 40 0
6865 8 0
6866 52 1
6867 27 0
6868 27 1
6869 5 1
6870 26 0
6871 45 1
6872 0 0
6873 40 0
6874 44 0
6875 16 0
6876 1 1
6877 31 1
6878 5 1
6879 16 1
6880 47 1
6881 51 0
6882 4 1
6883 28 1
6884 42 1
6885 37 1
6886 47 1
6887 9 1
6888 28 1
6889 35 1
6890 24 0
6891 47 1
6892 17 1
6893 9 0
6894 38 1
6895 51 1
6896 18 1
6897 17 1
6898 52 1
6899 54 1
6900 47 1
6901 19 1
6902 45 1
6903 14 0
6904 46 0
6905 17 1
6906 14 0
6907 24 1
6908 0 0
6909 21 1
6910 42 1
6911 12 0
6912 30 1
6913 11 0
6914 42 0
6915 17 1
6916 12 1
6917 1 1
6918 34 1
6919 43 0
6920 33 0
6921 23 0
6922 53 1
6923 46 1
6924 48 1
6925 20 1
6926 51 1
6927 7 0
6928 29 0
6929 20 1
6930 11 0
6931 49 1
6932 2 1
6933 8 1
6934 50 1
6935 29 1
6936 40 1
6937 3 1
6938 11 1
6939 43 1
6940 29 0
6941 21 0
6942 7 0
6943 18 1
6944 30 1
6945 35 1
6946 43 1
6947 48 1
6948 7 1
6949 50 1
6950 20 1
6951 13 1
6952 3 1
6953 50 0
6954 33 0
6955 1 1
6956 28 1
6957 55 0
6958 19 1
6959 55 0
6960 7 1
6961 19 1
6962 7 1
6963 24 0
6964 37 1
6965 40 0
6966 26 0
6967 30 1
6968 37 0
6969 12 1
6970 45 1
6971 29 0
6972 5 0
6973 36 1
6974 13 1
6975 18 1
6976 13 1
6977 55 1
6978 18 0
6979 44 0
6980 10 1
6981 40 1
6982 50 1
6983 35 0
6984 22 0
6985 14 1
6986 45 0
6987 28 1
6988 0 1
6989 19 0
6990 27 1
6991 2 1
6992 43 1
6993 30 1
6994 49 0
6995 4 1
6996 30 1
6997 48 1
6998 43 1
6999 40 1
7000 3 0
7001 5 1
7002 10 1
7003 27 1
7004 26 1
7005 33 1
7006 35 1
7007 23 1
7008 5 1
7009 12 1
7010 55 1
7011 25 0
7012 30 1
7013 38 1
7014 29 0
7015 51 0
7016 28 0
7017 33 0
7018 19 1
7019 18 0
7020 18 1
7021 11 1
7022 14 1
7023 4 1
7024 55 1
7025 1 0
7026 2 1
7027 12 0
7028 13 0
7029 17 1
7030 0 1
7031 27 1
7032 38 1
7033 51 0
7034 48 0
7035 14 0
7036 48 1
7037 31 1
7038 44 1
7039 50 1
7040 21 1
7041 26 1
7042 47 0
7043 23 1
7044 16 1
7045 54 1
7046 5 0
7047 29 1
7048 13 1
7049 28 0
7050 6 0
7051 39 1
7052 13 1
7053 29 0
7054 35 1
7055 13 1
7056 4 0
7057 7 1
7058 46 1
7059 7 1
7060 38 0
7061 7 0
7062 15 1
7063 31 1
7064 29 1
7065 18 0
7066 31 1
7067 17 0
7068 16 1
7069 13 1
7070 55 1
7071 35 0
7072 19 0
7073 22 1
7074 0 0
7075 0 1
7076 34 1
7077 11 0
7078 12 1
7079 6 1
7080 14 1
7081 4 0
7082 9 1
7083 17 0
7084 37 0
7085 5 0
7086 26 1
7087 23 1
7088 11 1
7089 38 1
7090 2 0
7091 19 1
7092 31 1
7093 54 1
7094 40 1
7095 13 1
7096 52 1
7097 44 0
7098 47 0
7099 15 0
7100 21 0
7101 48 0
7102 30 1
7103 4 1
7104 44 1
7105 37 1
7106 9 1
7107 51 0
7108 14 1
7109 52 1
7110 37 1
7111 54 1
7112 34 0
7113 22 1
7114 32 0
7115 22 1
7116 27 1
7117 12 0
7118 14 0
7119 26 0
7120 43 1
7121 1 0
7122 48 1
7123 45 1
7124 29 0
7125 6 1
7126 18 1
7127 11 0
7128 30 1
7129 46 1
7130 40 0
7131 44 0
7132 12 0
7133 52 0
7134 1 1
7135 53 1
7136 14 1
7137 49 1
7138 35 0
7139 14 1
7140 7 1
7141 43 0
7142 8 0
7143 45 1
7144 17 1
7145 29 1
7146 33 1
7147 36 0
7148 3 1
7149 55 1
7150 38 1
7151 17 1
7152 20 1
7153 44 0
7154 32 1
7155 48 1
7156 46 1
7157 32 1
7158 3 1
7159 4 0
7160 25 0
7161 45 1
7162 20 0
7163 31 1
7164 41 0
7165 51 1
7166 52 0
7167 4 1
7168 6 0
7169 55 1
7170 18 1
7171 5 1
7172 52 0
7173 46 1
7174 27 1
7175 43 1
7176 53 1
7177 23 1
7178 41 0
7179 8 1
7180 13 0
7181 17 1
7182 40 0
7183 9 0
7184 38 1
7185 13 0
7186 41 1
7187 49 0
7188 8 1
7189 4 1
7190 3 1
7191 55 1
7192 7 0
7193 41 1
7194 5 1
7195 42 1
7196 20 0
7197 52 1
7198 49 1
7199 19 0
7200 14 0
7201 1 0
7202 2 1
7203 4 1
7204 2 0
7205 29 0
7206 39 0
7207 45 0
7208 19 1
7209 6 1
7210 7 0
7211 11 1
7212 36 0
7213 0 0
7214 52 0
7215 29 0
7216 3 1
7217 34 0
7218 49 0
7219 0 1
7220 15 1
7221 1 0
7222 27 1
7223 29 1
7224 5 1
7225 55 1
7226 12 0
7227 8 1
7228 41 1
7229 30 0
7230 52 1
7231 16 1
7232 2 0
7233 46 1
7234 2 1
7235 30 1
7236 44 0
7237 0 0
7238 46 0
7239 46 0
7240 34 1
7241 47 1
7242 23 1
7243 47 1
7244 33 1
7245 29 1
7246 48 1
7247 13 1
7248 25 1
7249 13 0
7250 34 0
7251 28 1
7252 43 0
7253 6 0
7254 11 1
7255 12 1
7256 9 1
7257 3 1
7258 28 1
7259 24 1
7260 55 0
7261 18 1
7262 11 1
7263 26 1
7264 19 1
7265 31 1
7266 12 1
7267 44 1
7268 41 1
7269 17 1
7270 30 1
7271 41 0
7272 1 1
7273 55 1
7274 23 0
7275 2 0
7276 44 1
7277 54 0
7278 37 1
7279 44 1
7280 49 0
7281 38 1
7282 48 0
7283 44 0
7284 4 1
7285 29 0
7286 19 1
7287 17 1
7288 26 0
7289 2 0
7290 23 1
7291 0 0
7292 9 1
7293 19 1
7294 7 1
7295 15 0
7296 12 1
7297 45 1
7298 47 0
7299 21 1
7300 23 1
7301 13 1
7302 48 1
7303 31 1
7304 30 0
7305 52 1
7306 21 1
7307 16 1
7308 34 0
7309 45 1
7310 28 1
7311 10 0
7312 25 1
7313 28 1
7314 2 0
7315 11 1
7316 27 0
7317 36 0
7318 38 0
7319 5 0
7320 44 1
7321 17 1
7322 37 1
7323 8 1
7324 54 0
7325 10 1
7326 26 1
7327 50 1
7328 44 1
7329 12 0
7330 55 1
7331 0 0
7332 16 0
7333 13 1
7334 31 1
7335 35 0
7336 44 0
7337 52 1
7338 15 0
7339 9 1
7340 27 0
7341 23 1
7342 24 1
7343 49 0
7344 23 0
7345 43 1
7346 54 0
7347 16 1
7348 7 1
7349 37 0
7350 15 1
7351 41 0
7352 38 0
7353 13 1
7354 10 1
7355 50 0
7356 10 1
7357 19 0
7358 2 1
7359 30 1
7360 42 0
7361 55 0
7362 4 1
7363 23 0
7364 12 1
7365 33 1
7366 29 0
7367 55 0
7368 24 0
7369 48 0
7370 2 1
7371 0 1
7372 27 0
7373 30 1
7374 15 0
7375 22 0
7376 22 1
7377 10 1
7378 20 0
7379 6 0
7380 6 0
7381 28 1
7382 26 1
7383 31 1
7384 23 1
7385 53 0
7386 34 0
7387 22 1
7388 0 1
7389 43 1
7390 25 0
7391 41 0
7392 15 1
7393 43 1
7394 13 1
7395 52 1
7396 1 0
7397 23 0
7398 35 1
7399 46 1
7400 45 1
7401 51 1
7402 24 0
7403 37 0
7404 38 0
7405 24 1
7406 33 0
7407 39 1
7408 45 1
7409 12 1
7410 4 1
7411 30 1
7412 0 0
7413 17 1
7414 35 1
7415 5 0
7416 35 0
7417 16 0
7418 2 1
7419 52 1
7420 21 1
7421 15 0
7422 54 1
7423 15 1
7424 49 1
7425 14 1
7426 3 1
7427 3 1
7428 26 0
7429 22 0
7430 52 1
7431 55 1
7432 12 1
7433 4 0
7434 53 1
7435 6 0
7436 45 0
7437 41 0
7438 44 1
7439 14 1
7440 52 1
7441 19 0
7442 2 0
7443 3 0
7444 11 0
7445 2 0
7446 21 0
7447 23 0
7448 1 1
7449 15 1
7450 12 1
7451 0 1
7452 11 0
7453 28 1
7454 11 1
7455 21 1
7456 39 0
7457 7 1
7458 31 1
7459 38 1
7460 45 1
7461 34 1
7462 26 0
7463 28 0
7464 13 1
7465 9 1
7466 49 0
7467 10 0
7468 19 1
7469 43 1
7470 8 1
7471 22 1
7472 18 1
7473 17 0
7474 8 1
7475 20 1
7476 24 1
7477 48 1
7478 39 1
7479 5 1
7480 47 1
7481 45 0
7482 7 1
7483 12 1
7484 21 0
7485 25 1
7486 33 0
7487 46 1
7488 5 1
7489 28 1
7490 31 1
7491 51 1
7492 14 1
7493 17 1
7494 47 1
7495 18 0
7496 4 1
7497 47 0
7498 47 1
7499 6 0
7500 27 1
7501 51 1
7502 23 1
7503 23 1
7504 32 0
7505 10 1
7506 12 1
7507 30 1
7508 16 1
7509 9 1
7510 37 1
7511 13 0
7512 19 1
7513 37 0
7514 48 1
7515 32 1
7516 3 1
7517 8 1
7518 52 0
7519 23 1
7520 11 0
7521 4 0
7522 6 0
7523 35 1
7524 50 0
7525 53 1
7526 39 0
7527 41 0
7528 15 1
7529 22 1
7530 49 0
7531 11 1
7532 9 1
7533 48 1
7534 34 1
7535 1 1
7536 17 1
7537 38 1
7538 8 1
7539 14 0
7540 29 1
7541 1 0
7542 22 0
7543 39 1
7544 48 1
7545 13 0
7546 43 1
7547 47 1
7548 27 1
7549 41 1
7550 38 0
7551 36 1
7552 16 1
7553 47 1
7554 19 0
7555 50 0
7556 16 1
7557 44 1
7558 6 1
7559 29 1
7560 33 1
7561 49 1
7562 51 1
7563 1 1
7564 7 0
7565 12 1
7566 14 1
7567 13 1
7568 10 0
7569 23 0
7570 49 1
7571 5 0
7572 21 1
7573 16 1
7574 22 0
7575 51 1
7576 0 1
7577 4 1
7578 12 1
7579 41 0
7580 33 1
7581 48 1
7582 30 1
7583 45 1
7584 49 1
7585 38 1
7586 54 1
7587 36 1
7588 38 0
7589 15 1
7590 10 1
7591 43 1
7592 22 1
7593 29 1
7594 38 1
7595 21 1
7596 52 1
7597 30 0
7598 43 0
7599 36 0
7600 0 1
7601 7 1
7602 6 1
7603 41 1
7604 8 1
7605 16 0
7606 51 0
7607 36 1
7608 20 0
7609 20 0
7610 7 1
7611 41 1
7612 24 1
7613 39 1
7614 2 0
7615 48 1
7616 21 0
7617 40 1
7618 11 0
7619 40 1
7620 11 0
7621 45 0
7622 29 1
7623 32 1
7624 18 1
7625 19 1
7626 7 0
7627 38 1
7628 43 1
7629 42 1
7630 40 1
7631 48 1
7632 3 1
7633 1 0
7634 26 1
7635 42 1
7636 27 1
7637 12 1
7638 1 0
7639 33 1
7640 25 0
7641 13 1
7642 40 1
7643 7 1
7644 16 1
7645 0 1
7646 53 1
7647 30 1
7648 49 1
7649 38 1
7650 1 1
7651 41 1
7652 40 1
7653 12 1
7654 41 1
7655 44 1
7656 25 1
7657 27 1
7658 37 1
7659 20 1
7660 53 1
7661 22 0
7662 37 1
7663 34 1
7664 12 1
7665 50 0
7666 9 0
7667 26 1
7668 16 1
7669 18 1
7670 28 1
7671 36 1
7672 32 1
7673 31 0
7674 27 1
7675 36 1
7676 40 1
7677 2 1
7678 23 1
7679 52 1
7680 20 1
7681 16 1
7682 49 0
7683 46 1
7684 9 1
7685 35 1
7686 39 1
7687 18 0
7688 7 1
7689 53 1
7690 13 1
7691 26 0
7692 4 1
7693 19 0
7694 32 0
7695 30 0
7696 30 1
7697 34 1
7698 1 1
7699 1 1
7700 17 0
7701 47 1
7702 36 1
7703 40 1
7704 27 1
7705 30 1
7706 39 1
7707 21 1
7708 53 1
7709 38 1
7710 25 1
7711 50 0
7712 26 1
7713 7 1
7714 38 1
7715 37 0
7716 29 1
7717 40 0
7718 6 0
7719 21 0
7720 45 0
7721 41 1
7722 35 0
7723 55 1
7724 15 0
7725 46 1
7726 33 1
7727 24 1
7728 53 0
7729 31 1
7730 24 1
7731 19 1
7732 9 1
7733 47 1
7734 51 1
7735 0 0
7736 47 1
7737 37 1
7738 16 0
7739 27 1
7740 2 1
7741 16 0
7742 10 1
7743 7 1
7744 55 0
7745 27 1
7746 20 1
7747 6 1
7748 17 1
7749 13 1
7750 34 0
7751 20 0
7752 39 1
7753 20 0
7754 22 1
7755 14 1
7756 33 0
7757 11 0
7758 38 1
7759 35 1
7760 42 1
7761 46 1
7762 20 1
7763 3 1
7764 17 1
7765 17 0
7766 14 1
7767 5 1
7768 39 1
7769 36 1
7770 1 1
7771 53 1
7772 9 1
7773 46 0
7774 11 1
7775 13 0
7776 55 1
7777 27 1
7778 23 0
7779 24 0
7780 15 1
7781 20 1
7782 23 1
7783 10 1
7784 35 1
7785 35 1
7786 25 1
7787 39 1
7788 24 1
7789 49 1
7790 39 1
7791 1 0
7792 34 1
7793 26 1
7794 28 0
7795 27 1
7796 20 1
7797 1 1
7798 17 1
7799 17 0
7800 42 1
7801 16 1
7802 12 1
7803 13 1
7804 54 1
7805 1 0
7806 53 1
7807 44 0
7808 15 1
7809 18 1
7810 34 1
7811 15 1
7812 36 1
7813 26 0
7814 11 1
7815 17 1
7816 24 1
7817 32 1
7818 18 1
7819 41 1
7820 36 0
7821 21 1
7822 13 0
7823 33 0
7824 9 0
7825 40 1
7826 24 1
7827 25 1
7828 55 1
7829 26 1
7830 7 1
7831 32 1
7832 6 0
7833 35 0
7834 38 0
7835 8 0
7836 31 0
7837 19 1
7838 23 1
7839 41 1
7840 16 1
7841 3 1
7842 8 1
7843 30 0
7844 48 1
7845 41 1
7846 28 1
7847 14 0
7848 10 1
7849 42 1
7850 39 1
7851 34 1
7852 8 1
7853 27 1
7854 18 1
7855 48 1
7856 21 1
7857 20 1
7858 48 1
7859 4 1
7860 18 1
7861 24 1
7862 31 1
7863 9 1
7864 1 1
7865 17 1
7866 14 1
7867 6 1
7868 32 0
7869 38 0
7870 13 1
7871 14 1
7872 9 1
7873 47 1
7874 52 0
7875 27 1
7876 9 0
7877 29 1
7878 18 1
7879 9 1
7880 43 0
7881 11 1
7882 45 0
7883 48 1
7884 35 0
7885 0 1
7886 44 1
7887 51 1
7888 32 1
7889 23 1
7890 6 0
7891 11 1
7892 30 0
7893 55 1
7894 7 1
7895 36 0
7896 18 1
7897 36 1
7898 9 0
7899 13 1
7900 42 1
7901 6 1
7902 52 0
7903 35 1
7904 12 0
7905 9 1
7906 21 1
7907 18 1
7908 44 1
7909 28 1
7910 10 1
7911 30 0
7912 55 0
7913 20 1
7914 6 1
7915 6 0
7916 55 1
7917 30 1
7918 37 1
7919 47 0
7920 53 1
7921 53 1
7922 4 1
7923 54 0
7924 17 1
7925 29 1
7926 18 1
7927 41 1
7928 22 0
7929 50 1
7930 7 1
7931 45 0
7932 52 1
7933 25 1
7934 29 1
7935 12 0
7936 41 0
7937 29 0
7938 24 1
7939 22 0
7940 37 1
7941 54 1
7942 7 1
7943 0 1
7944 28 1
7945 1 1
7946 35 1
7947 9 1
7948 50 1
7949 50 1
7950 19 1
7951 34 0
7952 15 0
7953 33 1
7954 42 1
7955 9 1
7956 3 1
7957 6 0
7958 30 0
7959 39 1
7960 25 1
7961 6 1
7962 55 1
7963 21 0
7964 18 1
7965 17 0
7966 21 1
7967 25 1
7968 10 1
7969 43 1
7970 27 1
7971 3 1
7972 44 1
7973 25 1
7974 39 1
7975 6 0
7976 33 1
7977 38 1
7978 52 1
7979 26 1
7980 42 1
7981 20 1
7982 46 0
7983 11 1
7984 17 0
7985 52 1
7986 51 1
7987 42 1
7988 32 1
7989 3 0
7990 4 0
7991 49 1
7992 45 1
7993 54 0
7994 2 1
7995 25 0
7996 36 1
7997 35 1
7998 3 0
7999 11 1
8000 28 0
8001 16 1
8002 31 1
8003 48 1
8004 54 1
8005 48 1
8006 28 0
8007 24 1
8008 40 0
8009 43 0
8010 15 1
8011 54 1
8012 26 1
8013 47 1
8014 7 0
8015 18 0
8016 34 1
8017 43 1
8018 5 0
8019 42 1
8020 38 1
8021 46 1
8022 3 0
8023 12 1
8024 5 1
8025 53 1
8026 36 1
8027 0 1
8028 12 1
8029 3 1
8030 34 0
8031 22 0
8032 24 0
8033 6 0
8034 13 1
8035 17 1
8036 10 1
8037 46 1
8038 46 1
8039 24 1
8040 10 1
8041 40 1
8042 0 1
8043 36 1
8044 16 1
8045 55 1
8046 29 1
8047 30 1
8048 16 1
8049 10 1
8050 53 0
8051 9 0
8052 4 1
8053 45 1
8054 10 1
8055 14 0
8056 19 1
8057 50 1
8058 22 1
8059 0 0
8060 38 1
8061 40 0
8062 6 1
8063 48 1
8064 20 1
8065 35 1
8066 54 0
8067 49 1
8068 53 0
8069 21 1
8070 37 0
8071 12 1
8072 17 0
8073 4 0
8074 21 1
8075 30 0
8076 45 1
8077 38 0
8078 13 1
8079 17 0
8080 0 0
8081 3 1
8082 9 1
8083 41 1
8084 19 1
8085 38 0
8086 25 0
8087 1 1
8088 0 1
8089 50 0
8090 50 0
8091 48 1
8092 38 1
8093 34 0
8094 28 1
8095 53 1
8096 16 1
8097 28 0
8098 37 0
8099 0 1
8100 4 0
8101 1 1
8102 16 1
8103 0 1
8104 31 0
8105 6 1
8106 18 1
8107 49 1
8108 53 1
8109 20 1
8110 47 1
8111 54 0
8112 42 0
8113 1 0
8114 8 0
8115 8 1
8116 7 1
8117 9 1
8118 19 1
8119 23 0
8120 43 1
8121 4 1
8122 12 0
8123 30 1
8124 10 0
8125 18 1
8126 36 0
8127 49 0
8128 11 0
8129 14 1
8130 35 0
8131 55 0
8132 39 1
8133 49 1
8134 2 0
8135 53 0
8136 46 1
8137 35 0
8138 55 1
8139 35 0
8140 44 1
8141 51 1
8142 54 0
8143 15 1
8144 22 0
8145 53 1
8146 20 0
8147 27 1
8148 30 0
8149 6 1
8150 20 1
8151 6 0
8152 45 1
8153 36 1
8154 35 1
8155 22 0
8156 53 1
8157 32 0
8158 29 1
8159 45 1
8160 45 1
8161 52 1
8162 8 0
8163 14 0
8164 11 1
8165 54 0
8166 48 1
8167 26 0
8168 31 1
8169 49 0
8170 6 0
8171 18 0
8172 0 0
8173 38 1
8174 9 1
8175 24 1
8176 15 1
8177 49 0
8178 11 0
8179 45 1
8180 51 0
8181 38 1
8182 32 1
8183 8 0
8184 54 1
8185 42 0
8186 1 1
8187 31 0
8188 38 0
8189 31 0
8190 42 1
8191 30 1
8192 44 1
8193 48 0
8194 54 1
8195 46 1
8196 48 1
8197 21 1
8198 20 1
8199 0 0
8200 0 0
8201 47 1
8202 46 1
8203 43 1
8204 21 0
8205 28 0
8206 27 0
8207 32 0
8208 50 0
8209 39 0
8210 29 1
8211 26 1
8212 42 1
8213 30 1
8214 46 0
8215 10 1
8216 17 1
8217 15 1
8218 48 1
8219 44 1
8220 30 0
8221 20 0
8222 3 0
8223 0 1
8224 44 1
8225 29 1
8226 54 0
8227 23 0
8228 32 1
8229 31 1
8230 12 0
8231 36 1
8232 11 0
8233 46 1
8234 38 0
8235 1 1
8236 35 0
8237 53 1
8238 42 1
8239 3 1
8240 22 1
8241 32 1
8242 16 1
8243 44 1
8244 20 1
8245 38 1
8246 45 1
8247 31 1
8248 14 1
8249 28 1
8250 39 1
8251 33 1
8252 34 0
8253 8 1
8254 28 1
8255 35 0
8256 28 1
8257 54 1
8258 34 1
8259 21 1
8260 47 1
8261 55 1
8262 6 1
8263 5 1
8264 51 0
8265 40 1
8266 6 1
8267 21 0
8268 32 1
8269 45 1
8270 41 1
8271 23 0
8272 3 1
8273 26 1
8274 48 1
8275 43 1
8276 18 1
8277 4 1
8278 17 0
8279 12 0
8280 42 0
8281 32 1
8282 54 1
8283 0 1
8284 11 0
8285 3 1
8286 21 1
8287 34 1
8288 47 0
8289 13 1
8290 19 1
8291 7 0
8292 44 1
8293 30 0
8294 20 1
8295 2 1
8296 8 1
8297 6 1
8298 0 1
8299 5 1
8300 20 1
8301 32 0
8302 34 1
8303 34 1
8304 39 0
8305 17 1
8306 49 1
8307 9 1
8308 20 1
8309 10 1
8310 50 1
8311 15 1
8312 55 1
8313 17 1
8314 53 1
8315 51 1
8316 14 0
8317 27 0
8318 6 1
8319 25 0
8320 54 1
8321 33 1
8322 12 1
8323 52 1
8324 33 1
8325 1 0
8326 43 0
8327 54 0
8328 7 1
8329 42 0
8330 21 0
8331 5 1
8332 33 1
8333 11 1
8334 39 1
8335 13 1
8336 24 1
8337 52 1
8338 0 1
8339 36 1
8340 38 1
8341 46 1
8342 39 0
8343 53 1
8344 44 1
8345 34 1
8346 45 0
8347 29 1
8348 16 0
8349 29 1
8350 5 1
8351 4 1
8352 1 0
8353 33 1
8354 32 1
8355 20 0
8356 36 1
8357 9 1
8358 22 0
8359 33 0
8360 13 1
8361 44 0
8362 50 1
8363 32 0
8364 41 1
8365 34 0
8366 17 1
8367 44 1
8368 7 1
8369 4 0
8370 4 1
8371 7 0
8372 42 1
8373 43 0
8374 6 1
8375 43 0
8376 15 0
8377 46 1
8378 32 1
8379 44 1
8380 12 1
8381 49 0
8382 30 1
8383 32 1
8384 27 1
8385 45 1
8386 13 1
8387 55 1
8388 52 1
8389 48 1
8390 30 1
8391 46 1
8392 35 1
8393 39 1
8394 42 0
8395 14 0
8396 18 1
8397 28 1
8398 12 1
8399 54 1
8400 9 1
8401 55 1
8402 24 1
8403 21 1
8404 25 1
8405 47 1
8406 18 0
8407 29 1
8408 41 1
8409 33 0
8410 8 1
8411 26 1
8412 22 1
8413 3 1
8414 27 1
8415 3 0
8416 28 1
8417 42 0
8418 1 1
8419 1 0
8420 46 0
8421 11 1
8422 53 1
8423 29 1
8424 37 1
8425 49 0
8426 38 1
8427 55 0
8428 43 0
8429 24 1
8430 27 1
8431 19 1
8432 29 0
8433 36 0
8434 53 0
8435 26 1
8436 37 1
8437 19 1
8438 45 1
8439 0 1
8440 24 0
8441 55 1
8442 38 0
8443 51 1
8444 25 0
8445 47 1
8446 30 1
8447 53 0
8448 0 1
8449 3 0
8450 23 1
8451 9 0
8452 18 0
8453 23 0
8454 45 0
8455 18 0
8456 41 0
8457 4 0
8458 40 0
8459 16 1
8460 3 0
8461 47 0
8462 2 0
8463 5 1
8464 45 1
8465 24 1
8466 5 1
8467 1 0
8468 13 1
8469 15 0
8470 15 1
8471 0 1
8472 18 1
8473 48 1
8474 28 0
8475 53 1
8476 1 0
8477 32 1
8478 16 1
8479 30 1
8480 30 1
8481 42 1
8482 39 1
8483 27 1
8484 51 1
8485 39 1
8486 3 1
8487 19 1
8488 12 1
8489 9 0
8490 5 1
8491 39 0
8492 34 1
8493 33 0
8494 38 1
8495 39 1
8496 29 0
8497 16 1
8498 52 0
8499 49 1
8500 30 1
8501 10 1
8502 40 1
8503 40 1
8504 25 1
8505 5 1
8506 39 0
8507 4 1
8508 45 0
8509 51 1
8510 53 1
8511 39 1
8512 28 1
8513 23 1
8514 28 0
8515 40 0
8516 33 1
8517 4 1
8518 7 0
8519 54 1
8520 5 1
8521 47 0
8522 33 1
8523 29 1
8524 42 1
8525 49 0
8526 27 1
8527 50 0
8528 0 1
8529 47 0
8530 2 1
8531 55 0
8532 49 1
8533 37 1
8534 16 0
8535 18 1
8536 23 0
8537 34 1
8538 13 1
8539 6 1
8540 0 1
8541 23 1
8542 0 0
8543 50 0
8544 3 1
8545 53 1
8546 41 0
8547 25 1
8548 39 1
8549 19 1
8550 10 1
8551 45 1
8552 31 0
8553 2 0
8554 54 1
8555 28 1
8556 32 1
8557 49 1
8558 36 1
8559 0 1
8560 37 1
8561 14 1
8562 49 1
8563 0 1
8564 14 0
8565 0 1
8566 41 1
8567 25 1
8568 36 0
8569 45 1
8570 20 1
8571 1 0
8572 36 1
8573 52 1
8574 46 0
8575 24 1
8576 50 1
8577 33 1
8578 6 1
8579 44 1
8580 38 1
8581 28 1
8582 18 0
8583 8 1
8584 9 1
8585 2 1
8586 38 0
8587 49 1
8588 6 0
8589 2 1
8590 25 1
8591 8 1
8592 49 0
8593 31 1
8594 4 1
8595 3 1
8596 48 1
8597 17 0
8598 53 1
8599 34 1
8600 6 1
8601 3 1
8602 47 1
8603 30 1
8604 9 1
8605 35 0
8606 44 1
8607 22 1
8608 53 1
8609 5 1
8610 40 1
8611 51 1
8612 8 1
8613 12 0
8614 38 1
8615 35 1
8616 50 1
8617 41 1
8618 2 1
8619 39 0
8620 17 1
8621 13 0
8622 14 1
8623 10 1
8624 40 1
8625 37 0
8626 8 1
8627 42 0
8628 29 0
8629 45 1
8630 28 1
8631 9 1
8632 46 1
8633 7 1
8634 50 1
8635 43 1
8636 33 0
8637 0 1
8638 44 1
8639 27 0
8640 10 1
8641 37 0
8642 8 0
8643 2 1
8644 5 1
8645 18 1
8646 55 1
8647 55 1
8648 21 1
8649 37 0
8650 38 0
8651 11 0
8652 33 0
8653 47 0
8654 7 1
8655 33 1
8656 10 0
8657 4 1
8658 6 1
8659 40 0
8660 38 0
8661 45 0
8662 13 1
8663 27 1
8664 36 1
8665 19 1
8666 1 0
8667 1 1
8668 26 1
8669 39 1
8670 50 1
8671 35 0
8672 55 1
8673 47 1
8674 29 1
8675 2 0
8676 2 0
8677 49 1
8678 4 0
8679 34 1
8680 52 1
8681 26 1
8682 12 1
8683 15 1
8684 4 1
8685 0 1
8686 39 1
8687 11 1
8688 42 1
8689 12 0
8690 2 0
8691 27 1
8692 14 0
8693 3 0
8694 8 1
8695 27 1
8696 3 0
8697 2 1
8698 9 0
8699 38 0
8700 24 0
8701 37 1
8702 1 1
8703 13 1
8704 35 1
8705 42 0
8706 48 1
8707 25 0
8708 1 0
8709 9 0
8710 34 0
8711 14 1
8712 17 1
8713 37 0
8714 41 1
8715 41 1
8716 1 0
8717 0 0
8718 54 1
8719 13 1
8720 8 0
8721 54 0
8722 53 1
8723 47 0
8724 20 1
8725 8 1
8726 20 1
8727 20 0
8728 6 1
8729 8 0
8730 5 1
8731 41 1
8732 39 1
8733 33 1
8734 40 1
8735 39 1
8736 47 1
8737 16 1
8738 29 1
8739 27 1
8740 31 1
8741 16 1
8742 42 1
8743 17 1
8744 22 1
8745 9 0
8746 43 0
8747 3 1
8748 20 0
8749 32 1
8750 11 0
8751 36 0
8752 22 1
8753 15 1
8754 12 1
8755 13 1
8756 6 1
8757 23 1
8758 49 1
8759 10 1
8760 34 0
8761 12 0
8762 53 1
8763 15 0
8764 35 1
8765 6 1
8766 32 1
8767 1 1
8768 48 1
8769 1 0
8770 43 0
8771 48 1
8772 11 1
8773 26 0
8774 24 0
8775 5 1
8776 23 0
8777 7 0
8778 0 1
8779 23 0
8780 39 1
8781 50 0
8782 40 1
8783 37 1
8784 36 0
8785 21 1
8786 21 1
8787 17 1
8788 53 1
8789 21 1
8790 8 0
8791 8 0
8792 11 1
8793 36 0
8794 7 0
8795 31 1
8796 41 1
8797 29 0
8798 29 0
8799 26 1
8800 16 0
8801 33 1
8802 44 1
8803 54 1
8804 6 1
8805 48 1
8806 30 0
8807 29 1
8808 40 1
8809 37 1
8810 21 1
8811 5 1
8812 45 0
8813 16 1
8814 28 1
8815 29 1
8816 17 1
8817 10 1
8818 25 0
8819 31 0
8820 28 1
8821 29 0
8822 32 0
8823 27 1
8824 36 0
8825 32 0
8826 4 1
8827 32 1
8828 0 1
8829 53 1
8830 18 1
8831 1 1
8832 16 1
8833 25 0
8834 4 1
8835 0 1
8836 48 1
8837 18 1
8838 0 0
8839 8 1
8840 38 1
8841 6 1
8842 6 1
8843 5 1
8844 15 0
8845 18 1
8846 12 1
8847 37 0
8848 0 0
8849 22 1
8850 31 0
8851 21 1
8852 36 0
8853 15 1
8854 53 1
8855 0 1
8856 48 1
8857 31 1
8858 14 1
8859 28 1
8860 6 1
8861 31 1
8862 50 0
8863 54 0
8864 3 1
8865 39 1
8866 43 1
8867 25 0
8868 11 0
8869 27 1
8870 48 0
8871 29 1
8872 2 1
8873 6 1
8874 8 0
8875 46 1
8876 8 0
8877 16 0
8878 18 1
8879 21 0
8880 35 0
8881 8 0
8882 48 0
8883 53 1
8884 2 0
8885 53 1
8886 35 1
8887 42 1
8888 14 1
8889 54 1
8890 26 1
8891 20 1
8892 34 1
8893 6 1
8894 34 1
8895 26 1
8896 16 1
8897 43 1
8898 53 0
8899 52 1
8900 48 1
8901 18 1
8902 3 1
8903 50 1
8904 37 0
8905 23 1
8906 5 1
8907 10 1
8908 47 1
8909 43 0
8910 28 0
8911 7 0
8912 33 1
8913 36 1
8914 3 1
8915 13 1
8916 26 1
8917 8 0
8918 4 1
8919 31 0
8920 34 1
8921 16 1
8922 50 1
8923 46 1
8924 27 1
8925 52 1
8926 32 1
8927 43 1
8928 22 0
8929 39 1
8930 41 1
8931 6 1
8932 52 0
8933 25 1
8934 0 0
8935 25 1
8936 8 1
8937 42 1
8938 52 0
8939 44 1
8940 50 1
8941 7 1
8942 12 1
8943 35 1
8944 3 1
8945 44 0
8946 39 1
8947 39 1
8948 32 1
8949 19 1
8950 34 0
8951 35 1
8952 53 1
8953 44 1
8954 53 1
8955 42 0
8956 41 1
8957 2 1
8958 44 1
8959 16 1
8960 40 1
8961 3 0
8962 23 1
8963 42 1
8964 20 1
8965 0 0
8966 17 1
8967 24 1
8968 0 0
8969 33 1
8970 13 1
8971 13 1
8972 12 1
8973 36 0
8974 54 1
8975 16 1
8976 41 1
8977 30 0
8978 47 0
8979 47 0
8980 6 1
8981 49 1
8982 10 1
8983 22 0
8984 37 0
8985 32 1
8986 18 1
8987 18 1
8988 5 0
8989 0 1
8990 19 1
8991 10 0
8992 4 0
8993 52 1
8994 40 1
8995 30 1
8996 3 1
8997 54 0
8998 8 0
8999 8 1
9000 4 1
9001 25 1
9002 29 0
9003 21 1
9004 9 1
9005 6 1
9006 22 1
9007 32 0
9008 24 1
9009 46 0
9010 40 1
9011 39 1
9012 28 1
9013 40 1
9014 42 1
9015 50 1
9016 16 1
9017 36 1
9018 46 1
9019 49 0
9020 23 0
9021 28 1
9022 40 1
9023 40 1
9024 41 1
9025 41 1
9026 50 0
9027 36 0
9028 30 0
9029 27 0
9030 53 0
9031 30 1
9032 25 0
9033 44 1
9034 53 1
9035 39 1
9036 4 1
9037 34 0
9038 41 1
9039 21 1
9040 48 1
9041 20 1
9042 39 1
9043 33 0
9044 5 1
9045 38 1
9046 49 1
9047 41 1
9048 48 0
9049 2 0
9050 34 1
9051 49 1
9052 37 1
9053 11 1
9054 45 0
9055 17 1
9056 6 1
9057 48 1
9058 37 1
9059 44 0
9060 37 1
9061 14 1
9062 7 0
9063 17 1
9064 12 1
9065 44 0
9066 28 1
9067 12 1
9068 49 1
9069 0 1
9070 55 1
9071 44 0
9072 54 0
9073 36 1
9074 13 1
9075 47 0
9076 18 1
9077 49 1
9078 28 1
9079 25 1
9080 37 1
9081 54 0
9082 36 0
9083 3 0
9084 34 1
9085 36 0
9086 5 0
9087 7 1
9088 29 1
9089 8 1
9090 51 1
9091 21 1
9092 12 0
9093 40 1
9094 32 1
9095 8 1
9096 7 0
9097 7 0
9098 0 1
9099 41 0
9100 54 1
9101 36 1
9102 30 0
9103 32 1
9104 15 0
9105 47 1
9106 7 0
9107 8 1
9108 35 1
9109 43 1
9110 26 1
9111 9 1
9112 41 0
9113 45 0
9114 10 1
9115 44 1
9116 35 0
9117 53 1
9118 11 0
9119 14 1
9120 53 1
9121 21 1
9122 25 1
9123 47 1
9124 6 0
9125 0 1
9126 29 0
9127 33 1
9128 49 1
9129 23 1
9130 36 0
9131 52 0
9132 19 0
9133 10 1
9134 6 1
9135 41 1
9136 53 1
9137 31 1
9138 4 1
9139 11 1
9140 40 1
9141 10 1
9142 44 0
9143 51 1
9144 10 1
9145 24 0
9146 14 1
9147 46 1
9148 54 1
9149 49 1
9150 8 1
9151 32 1
9152 49 0
9153 12 1
9154 54 1
9155 47 1
9156 18 1
9157 36 0
9158 44 1
9159 11 0
9160 19 1
9161 13 1
9162 40 0
9163 35 1
9164 28 1
9165 12 0
9166 31 1
9167 10 1
9168 4 0
9169 5 1
9170 45 0
9171 26 1
9172 37 1
9173 37 1
9174 6 0
9175 32 1
9176 51 1
9177 27 1
9178 0 1
9179 43 0
9180 19 0
9181 33 1
9182 11 1
9183 42 1
9184 9 0
9185 43 1
9186 11 1
9187 13 0
9188 3 1
9189 41 1
9190 10 1
9191 3 0
9192 14 1
9193 9 1
9194 37 0
9195 27 1
9196 19 0
9197 18 0
9198 31 0
9199 15 0
9200 35 1
9201 46 0
9202 55 1
9203 22 0
9204 37 1
9205 36 1
9206 49 1
9207 21 1
9208 14 0
9209 22 1
9210 11 1
9211 19 1
9212 38 0
9213 29 1
9214 41 1
9215 22 1
9216 30 1
9217 10 0
9218 0 1
9219 16 1
9220 8 1
9221 53 1
9222 20 0
9223 48 0
9224 33 1
9225 54 0
9226 33 1
9227 42 1
9228 39 0
9229 53 0
9230 44 1
9231 29 1
9232 17 0
9233 32 1
9234 40 0
9235 39 1
9236 13 1
9237 33 1
9238 39 1
9239 36 1
9240 25 0
9241 12 1
9242 37 0
9243 1 1
9244 39 1
9245 29 1
9246 19 1
9247 30 1
9248 51 1
9249 37 1
9250 23 1
9251 12 1
9252 42 1
9253 38 1
9254 15 0
9255 50 1
9256 37 1
9257 42 0
9258 45 1
9259 23 1
9260 43 1
9261 40 1
9262 7 1
9263 10 1
9264 29 0
9265 38 1
9266 36 1
9267 1 1
9268 39 1
9269 16 1
9270 42 1
9271 23 0
9272 0 1
9273 26 1
9274 22 1
9275 2 1
9276 13 1
9277 23 1
9278 9 1
9279 23 1
9280 48 1
9281 3 1
9282 23 1
9283 35 1
9284 12 1
9285 30 1
9286 45 1
9287 22 1
9288 15 1
9289 20 1
9290 25 1
9291 30 0
9292 17 1
9293 43 1
9294 14 0
9295 32 1
9296 40 0
9297 20 1
9298 9 0
9299 55 1
9300 35 0
9301 4 0
9302 50 1
9303 54 0
9304 42 0
9305 31 0
9306 9 1
9307 17 1
9308 43 0
9309 20 1
9310 40 1
9311 33 1
9312 16 0
9313 0 1
9314 52 0
9315 15 1
9316 36 0
9317 40 0
9318 53 1
9319 25 1
9320 25 1
9321 18 1
9322 30 1
9323 44 1
9324 48 0
9325 44 1
9326 44 0
9327 9 1
9328 18 1
9329 38 0
9330 33 1
9331 14 1
9332 40 0
9333 28 1
9334 4 1
9335 44 1
9336 22 1
9337 47 1
9338 10 1
9339 54 1
9340 11 1
9341 3 1
9342 47 1
9343 29 0
9344 5 1
9345 48 1
9346 33 1
9347 52 1
9348 28 0
9349 39 1
9350 6 1
9351 46 1
9352 2 1
9353 8 1
9354 1 1
9355 38 1
9356 17 1
9357 36 1
9358 37 1
9359 42 1
9360 45 1
9361 9 1
9362 8 1
9363 23 0
9364 14 1
9365 53 0
9366 18 1
9367 32 1
9368 8 1
9369 16 1
9370 15 1
9371 46 1
9372 24 1
9373 10 1
9374 4 1
9375 16 1
9376 15 1
9377 55 1
9378 15 0
9379 28 1
9380 29 1
9381 33 1
9382 52 1
9383 51 1
9384 18 0
9385 54 1
9386 33 1
9387 50 1
9388 38 1
9389 31 0
9390 41 1
9391 35 1
9392 41 1
9393 47 1
9394 41 0
9395 14 1
9396 28 0
9397 45 1
9398 41 1
9399 13 1
9400 19 1
9401 21 0
9402 23 1
9403 22 1
9404 44 0
9405 48 1
9406 12 1
9407 13 0
9408 30 1
9409 39 1
9410 8 0
9411 13 1
9412 45 1
9413 45 1
9414 10 0
9415 2 0
9416 53 0
9417 33 0
9418 7 1
9419 25 1
9420 36 1
9421 8 0
9422 53 1
9423 31 0
9424 49 1
9425 26 1
9426 51 1
9427 6 1
9428 9 1
9429 40 1
9430 37 0
9431 16 1
9432 18 1
9433 38 1
9434 33 1
9435 44 1
9436 33 1
9437 30 1
9438 41 1
9439 41 1
9440 27 1
9441 4 0
9442 34 1
9443 48 1
9444 29 1
9445 46 0
9446 42 1
9447 12 1
9448 23 0
9449 13 1
9450 25 1
9451 38 0
9452 37 1
9453 16 1
9454 26 1
9455 41 1
9456 52 1
9457 4 1
9458 39 0
9459 1 1
9460 12 1
9461 46 1
9462 21 1
9463 43 0
9464 36 1
9465 29 1
9466 42 1
9467 32 1
9468 32 0
9469 30 1
9470 2 1
9471 39 1
9472 44 1
9473 53 1
9474 24 0
9475 7 1
9476 30 1
9477 20 1
9478 39 1
9479 24 1
9480 32 1
9481 49 1
9482 17 0
9483 51 0
9484 25 1
9485 35 1
9486 25 1
9487 26 0
9488 31 1
9489 49 1
9490 5 1
9491 20 0
9492 38 1
9493 15 1
9494 0 1
9495 41 1
9496 5 0
9497 19 1
9498 27 1
9499 0 0
9500 24 1
9501 24 1
9502 7 1
9503 14 1
9504 41 1
9505 5 0
9506 8 1
9507 10 0
9508 34 1
9509 51 0
9510 32 1
9511 35 1
9512 54 1
9513 29 1
9514 37 1
9515 22 1
9516 33 1
9517 22 1
9518 8 1
9519 46 1
9520 28 1
9521 39 1
9522 6 1
9523 50 1
9524 42 1
9525 43 1
9526 10 0
9527 25 1
9528 4 1
9529 2 1
9530 11 1
9531 14 1
9532 38 1
9533 53 1
9534 41 1
9535 39 1
9536 40 0
9537 33 0
9538 24 1
9539 14 0
9540 0 0
9541 53 1
9542 7 1
9543 43 1
9544 4 1
9545 21 1
9546 53 0
9547 29 1
9548 0 1
9549 9 1
9550 54 1
9551 38 1
9552 38 1
9553 12 1
9554 10 0
9555 1 0
9556 52 1
9557 29 1
9558 21 1
9559 40 0
9560 45 0
9561 9 1
9562 9 1
9563 5 1
9564 49 0
9565 35 0
9566 46 1
9567 14 0
9568 1 1
9569 35 0
9570 21 1
9571 47 1
9572 35 1
9573 46 1
9574 21 1
9575 49 1
9576 3 0
9577 37 0
9578 9 0
9579 7 1
9580 41 0
9581 34 1
9582 28 1
9583 4 1
9584 42 1
9585 26 1
9586 44 1
9587 50 0
9588 5 1
9589 47 1
9590 54 0
9591 21 1
9592 28 0
9593 14 1
9594 12 1
9595 24 0
9596 32 1
9597 29 1
9598 2 0
9599 18 0
9600 41 1
9601 20 1
9602 29 0
9603 37 0
9604 54 1
9605 29 0
9606 38 1
9607 38 1
9608 20 1
9609 15 1
9610 42 1
9611 30 1
9612 9 0
9613 6 1
9614 45 0
9615 40 0
9616 53 0
9617 28 1
9618 3 0
9619 30 1
9620 7 1
9621 22 0
9622 38 1
9623 39 1
9624 24 1
9625 19 1
9626 22 1
9627 52 1
9628 5 1
9629 27 1
9630 52 1
9631 9 1
9632 39 1
9633 28 1
9634 15 1
9635 12 0
9636 46 1
9637 51 1
9638 6 1
9639 14 1
9640 17 1
9641 9 1
9642 36 1
9643 38 1
9644 32 1
9645 36 0
9646 44 0
9647 30 1
9648 50 0
9649 38 0
9650 45 1
9651 16 1
9652 52 1
9653 47 0
9654 30 0
9655 17 1
9656 7 1
9657 54 0
9658 55 1
9659 13 1
9660 30 0
9661 28 1
9662 46 1
9663 31 1
9664 45 1
9665 34 1
9666 32 1
9667 53 1
9668 31 1
9669 15 1
9670 33 1
9671 21 1
9672 42 1
9673 52 0
9674 24 1
9675 41 1
9676 26 1
9677 2 1
9678 40 0
9679 41 0
9680 14 0
9681 47 0
9682 38 1
9683 19 1
9684 16 1
9685 43 1
9686 50 1
9687 43 1
9688 35 1
9689 29 1
9690 17 0
9691 3 0
9692 13 1
9693 44 0
9694 22 1
9695 51 1
9696 32 1
9697 11 1
9698 55 0
9699 52 0
9700 48 0
9701 33 1
9702 15 1
9703 30 0
9704 28 1
9705 55 0
9706 2 1
9707 16 1
9708 31 0
9709 53 0
9710 33 1
9711 1 1
9712 18 1
9713 49 0
9714 26 0
9715 17 1
9716 13 0
9717 12 1
9718 39 1
9719 7 1
9720 30 1
9721 40 0
9722 48 1
9723 32 1
9724 29 1
9725 4 0
9726 45 0
9727 0 0
9728 2 0
9729 49 1
9730 23 1
9731 15 0
9732 28 1
9733 48 1
9734 54 1
9735 46 0
9736 46 1
9737 45 0
9738 55 1
9739 46 1
9740 34 1
9741 18 1
9742 25 1
9743 14 0
9744 36 0
9745 40 0
9746 1 1
9747 23 1
9748 12 0
9749 9 0
