1363
1 406 0
2 487 0
3 52 0
4 57 1
5 388 1
6 439 0
7 421 0
8 253 0
9 309 0
10 28 1
11 260 1
12 411 1
13 425 1
14 226 0
15 100 1
16 36 1
17 150 0
18 366 1
19 259 1
20 199 1
21 219 1
22 473 1
23 262 1
24 14 1
25 180 1
26 157 1
27 128 1
28 381 0
29 344 1
30 328 0
31 405 1
32 450 1
33 380 1
34 3 0
35 230 1
36 24 1
37 333 1
38 81 1
39 215 1
40 158 1
41 378 0
42 329 1
43 129 0
44 305 1
45 61 1
46 417 0
47 243 1
48 13 0
49 174 1
50 254 1
51 460 0
52 346 1
53 21 0
54 380 1
55 261 1
56 371 0
57 98 0
58 391 1
59 401 1
60 200 1
61 321 1
62 421 1
63 476 0
64 179 1
65 190 1
66 292 1
67 204 0
68 188 1
69 56 1
70 455 1
71 351 0
72 203 0
73 17 1
74 423 0
75 35 1
76 126 1
77 479 0
78 412 1
79 219 1
80 95 0
81 271 1
82 305 0
83 17 1
84 193 1
85 52 0
86 385 0
87 218 0
88 345 0
89 427 1
90 400 1
91 383 1
92 310 1
93 311 1
94 61 1
95 313 0
96 439 1
97 37 1
98 50 1
99 483 0
100 375 1
101 136 0
102 184 1
103 92 0
104 82 1
105 289 0
106 474 1
107 246 1
108 279 1
109 252 0
110 86 0
111 491 1
112 140 1
113 261 1
114 74 1
115 427 1
116 272 1
117 455 1
118 156 1
119 478 1
120 59 1
121 213 1
122 183 0
123 62 1
124 262 1
125 49 1
126 124 1
127 366 1
128 59 0
129 194 0
130 363 0
131 329 0
132 175 0
133 83 0
134 324 1
135 317 0
136 72 0
137 161 0
138 235 1
139 464 1
140 284 1
141 91 0
142 44 1
143 165 1
144 83 0
145 484 1
146 225 1
147 327 0
148 88 1
149 479 1
150 216 0
151 287 1
152 324 1
153 289 1
154 165 1
155 303 1
156 11 1
157 103 1
158 351 1
159 152 1
160 374 1
161 372 0
162 441 1
163 493 1
164 100 1
165 434 1
166 265 1
167 350 1
168 408 1
169 140 1
170 385 0
171 268 1
172 83 0
173 445 1
174 386 1
175 360 0
176 479 1
177 105 1
178 169 1
179 194 0
180 314 1
181 332 1
182 86 0
183 159 1
184 313 1
185 313 1
186 235 1
187 86 0
188 452 1
189 244 0
190 127 1
191 343 1
192 328 0
193 271 1
194 37 1
195 11 1
196 84 1
197 175 1
198 17 1
199 412 1
200 381 1
201 274 1
202 51 0
203 180 1
204 390 1
205 332 1
206 274 1
207 116 1
208 369 1
209 90 0
210 345 1
211 3 0
212 191 1
213 346 1
214 13 1
215 284 0
216 475 0
217 255 0
218 163 1
219 20 1
220 105 1
221 63 1
222 273 0
223 473 1
224 58 1
225 41 0
226 410 1
227 78 0
228 223 0
229 308 1
230 174 1
231 122 0
232 396 1
233 413 0
234 305 0
235 359 1
236 30 0
237 281 1
238 93 1
239 439 1
240 61 1
241 301 1
242 23 1
243 318 0
244 295 1
245 476 0
246 465 1
247 109 1
248 215 1
249 165 0
250 200 1
251 423 0
252 438 1
253 281 1
254 450 0
255 429 1
256 198 1
257 228 1
258 100 1
259 461 0
260 419 1
261 110 1
262 274 1
263 489 1
264 234 1
265 254 0
266 424 1
267 157 1
268 373 1
269 138 1
270 403 0
271 325 1
272 34 1
273 61 1
274 92 0
275 276 0
276 451 1
277 386 0
278 344 1
279 459 1
280 274 1
281 4 1
282 382 1
283 306 0
284 346 0
285 68 1
286 250 1
287 342 0
288 186 1
289 419 1
290 170 1
291 34 1
292 72 0
293 91 1
294 39 0
295 487 1
296 256 1
297 258 1
298 398 1
299 385 1
300 246 1
301 238 1
302 85 1
303 280 1
304 475 1
305 295 1
306 385 0
307 11 0
308 241 1
309 111 1
310 146 1
311 341 0
312 334 0
313 31 1
314 401 1
315 221 0
316 362 0
317 142 1
318 277 1
319 465 1
320 112 1
321 142 0
322 81 1
323 192 0
324 249 1
325 349 1
326 147 1
327 42 1
328 280 1
329 205 1
330 483 1
331 73 1
332 124 1
333 284 1
334 129 1
335 399 1
336 500 1
337 477 0
338 441 0
339 403 1
340 464 1
341 331 1
342 187 0
343 338 0
344 440 1
345 394 1
346 462 1
347 12 1
348 174 0
349 488 1
350 290 1
351 36 1
352 173 1
353 116 0
354 173 0
355 48 1
356 263 0
357 494 1
358 499 1
359 162 0
360 366 1
361 353 1
362 14 1
363 414 1
364 408 1
365 237 0
366 279 1
367 481 1
368 31 1
369 311 0
370 362 1
371 341 1
372 485 0
373 320 1
374 411 1
375 414 1
376 30 0
377 350 1
378 378 1
379 480 0
380 403 0
381 477 1
382 236 1
383 380 1
384 52 1
385 218 1
386 43 0
387 284 1
388 138 0
389 257 0
390 78 1
391 317 1
392 429 0
393 145 1
394 423 1
395 339 1
396 334 1
397 254 0
398 264 0
399 82 1
400 317 1
401 477 0
402 351 1
403 134 0
404 357 1
405 29 1
406 307 1
407 289 1
408 260 1
409 288 1
410 305 1
411 0 1
412 180 0
413 454 0
414 381 1
415 260 1
416 329 1
417 50 1
418 489 1
419 415 1
420 321 0
421 25 1
422 36 1
423 355 1
424 248 0
425 472 1
426 262 1
427 437 1
428 473 1
429 132 0
430 418 0
431 289 1
432 120 1
433 426 1
434 269 1
435 447 1
436 29 0
437 209 1
438 32 0
439 108 0
440 454 1
441 78 0
442 298 1
443 150 1
444 397 0
445 362 1
446 421 1
447 307 0
448 490 1
449 143 1
450 318 0
451 341 1
452 54 1
453 160 0
454 360 0
455 367 1
456 94 0
457 21 1
458 199 0
459 154 1
460 447 0
461 157 0
462 165 1
463 402 1
464 443 1
465 406 0
466 126 0
467 100 1
468 41 1
469 268 1
470 275 1
471 461 1
472 319 1
473 6 1
474 393 0
475 361 1
476 168 1
477 453 0
478 227 1
479 481 1
480 144 1
481 423 0
482 124 1
483 452 0
484 29 0
485 313 1
486 346 1
487 172 0
488 248 0
489 183 1
490 77 1
491 226 0
492 307 1
493 77 1
494 279 1
495 196 1
496 436 1
497 440 1
498 133 0
499 472 1
500 356 0
501 466 1
502 304 1
503 113 1
504 54 1
505 185 1
506 85 0
507 376 0
508 82 0
509 164 1
510 3 0
511 29 1
512 471 1
513 492 1
514 106 0
515 266 1
516 494 1
517 157 1
518 362 1
519 95 1
520 65 0
521 294 0
522 184 1
523 34 1
524 116 1
525 119 1
526 305 0
527 51 1
528 111 0
529 125 0
530 252 1
531 172 0
532 116 1
533 289 1
534 98 1
535 387 0
536 157 1
537 306 1
538 344 1
539 354 0
540 31 1
541 325 1
542 369 0
543 350 1
544 166 1
545 189 1
546 360 1
547 410 1
548 437 1
549 446 1
550 328 0
551 191 0
552 6 1
553 73 1
554 76 0
555 55 1
556 393 1
557 182 1
558 256 0
559 233 0
560 7 1
561 86 1
562 30 1
563 88 1
564 440 1
565 495 1
566 359 0
567 245 1
568 430 0
569 207 0
570 485 1
571 106 0
572 389 1
573 131 1
574 320 1
575 59 0
576 279 0
577 440 1
578 133 0
579 269 1
580 54 1
581 78 1
582 195 0
583 17 1
584 134 1
585 123 1
586 480 0
587 242 1
588 263 0
589 4 1
590 229 0
591 156 1
592 201 0
593 310 1
594 116 0
595 145 1
596 88 1
597 76 1
598 294 0
599 401 0
600 63 1
601 46 0
602 499 0
603 156 1
604 407 1
605 90 1
606 217 0
607 390 1
608 336 0
609 492 1
610 271 1
611 369 0
612 107 1
613 135 1
614 284 1
615 74 0
616 305 1
617 136 0
618 154 0
619 310 0
620 192 0
621 443 0
622 140 0
623 321 1
624 278 1
625 427 1
626 195 0
627 154 0
628 232 0
629 449 1
630 70 0
631 109 0
632 390 1
633 424 1
634 29 0
635 351 1
636 374 1
637 124 1
638 372 0
639 489 1
640 2 0
641 445 0
642 203 1
643 493 1
644 134 1
645 451 1
646 458 1
647 72 1
648 297 1
649 137 1
650 223 1
651 294 1
652 281 1
653 356 1
654 108 0
655 48 1
656 251 1
657 302 1
658 338 1
659 135 1
660 228 1
661 170 1
662 137 1
663 32 1
664 231 1
665 5 1
666 404 1
667 42 0
668 464 1
669 83 1
670 488 1
671 176 0
672 371 1
673 439 1
674 17 1
675 420 0
676 151 1
677 177 1
678 325 1
679 468 1
680 372 0
681 256 1
682 19 1
683 206 1
684 443 1
685 294 1
686 167 1
687 415 1
688 193 1
689 239 1
690 173 1
691 203 0
692 495 1
693 359 1
694 336 1
695 374 0
696 46 1
697 482 1
698 174 1
699 287 1
700 224 0
701 292 0
702 50 0
703 422 1
704 307 1
705 201 0
706 64 1
707 297 1
708 29 0
709 123 1
710 476 1
711 71 1
712 119 1
713 79 1
714 234 1
715 155 1
716 447 1
717 341 1
718 147 1
719 488 0
720 415 1
721 426 1
722 338 1
723 284 1
724 372 1
725 479 0
726 398 0
727 361 0
728 95 0
729 56 1
730 51 0
731 25 1
732 151 1
733 489 0
734 121 1
735 498 1
736 410 0
737 262 1
738 386 1
739 360 0
740 199 0
741 96 1
742 134 1
743 360 1
744 142 1
745 51 0
746 119 1
747 184 0
748 189 1
749 315 1
750 394 0
751 93 1
752 229 1
753 296 1
754 146 0
755 117 0
756 494 0
757 435 1
758 416 1
759 350 0
760 202 1
761 490 1
762 223 0
763 339 1
764 92 0
765 216 0
766 212 1
767 289 0
768 156 1
769 54 1
770 488 1
771 140 1
772 377 1
773 348 1
774 362 1
775 342 1
776 344 1
777 379 1
778 252 0
779 472 1
780 116 0
781 76 1
782 489 0
783 15 0
784 444 0
785 193 1
786 481 1
787 150 1
788 154 1
789 149 1
790 194 1
791 73 1
792 316 1
793 97 1
794 161 1
795 404 0
796 2 1
797 352 1
798 339 1
799 135 0
800 177 0
801 205 1
802 407 0
803 14 0
804 99 0
805 70 1
806 395 0
807 324 1
808 87 1
809 23 1
810 235 1
811 271 1
812 400 1
813 228 0
814 484 1
815 266 1
816 190 1
817 63 1
818 65 0
819 404 1
820 482 1
821 450 1
822 109 1
823 85 0
824 186 1
825 444 1
826 274 1
827 158 1
828 84 1
829 412 1
830 495 1
831 220 1
832 388 1
833 274 0
834 354 1
835 109 1
836 144 1
837 457 1
838 325 1
839 196 1
840 142 1
841 179 1
842 347 1
843 337 0
844 216 1
845 491 1
846 419 1
847 141 1
848 487 0
849 252 1
850 338 0
851 168 0
852 414 1
853 482 0
854 413 1
855 242 1
856 309 1
857 464 1
858 251 0
859 333 1
860 295 1
861 169 0
862 26 1
863 259 1
864 471 0
865 99 0
866 119 0
867 29 0
868 137 1
869 263 1
870 180 1
871 97 0
872 172 1
873 392 1
874 107 1
875 382 1
876 294 0
877 107 0
878 107 0
879 79 1
880 124 1
881 126 1
882 438 1
883 268 0
884 413 1
885 117 0
886 282 1
887 328 1
888 268 1
889 370 1
890 437 0
891 269 1
892 296 1
893 43 0
894 235 0
895 474 0
896 294 0
897 94 1
898 248 1
899 46 0
900 386 1
901 245 1
902 371 1
903 368 1
904 285 1
905 5 1
906 483 1
907 198 0
908 389 1
909 427 1
910 110 0
911 229 0
912 239 0
913 129 0
914 178 1
915 393 1
916 331 1
917 478 0
918 204 1
919 332 0
920 75 1
921 210 0
922 350 1
923 81 0
924 395 1
925 363 1
926 148 1
927 403 1
928 408 1
929 120 1
930 199 1
931 142 1
932 397 0
933 478 1
934 204 1
935 336 0
936 139 1
937 83 1
938 446 1
939 474 1
940 412 0
941 338 1
942 421 0
943 193 1
944 264 1
945 407 1
946 71 1
947 239 1
948 408 1
949 61 1
950 264 0
951 391 0
952 435 0
953 385 1
954 130 1
955 467 1
956 441 1
957 348 0
958 37 1
959 435 1
960 346 1
961 10 1
962 384 1
963 379 1
964 204 1
965 149 1
966 330 1
967 364 1
968 5 1
969 391 1
970 105 1
971 417 1
972 407 0
973 406 1
974 298 1
975 492 1
976 429 0
977 308 1
978 243 0
979 95 1
980 118 1
981 407 1
982 29 1
983 459 1
984 17 1
985 410 1
986 205 0
987 415 1
988 337 1
989 48 1
990 408 0
991 25 0
992 287 0
993 140 1
994 18 1
995 215 1
996 226 0
997 331 0
998 392 0
999 29 1
1000 137 1
1001 278 1
1002 257 0
1003 446 1
1004 260 0
1005 476 1
1006 279 1
1007 249 1
1008 79 1
1009 334 0
1010 370 1
1011 226 0
1012 170 1
1013 344 0
1014 91 1
1015 216 1
1016 57 1
1017 62 1
1018 434 1
1019 154 0
1020 495 1
1021 360 1
1022 122 1
1023 332 1
1024 490 1
1025 291 1
1026 461 0
1027 448 0
1028 73 1
1029 184 0
1030 410 0
1031 139 0
1032 388 1
1033 26 1
1034 457 1
1035 13 1
1036 49 1
1037 471 0
1038 474 1
1039 119 1
1040 462 1
1041 314 1
1042 428 1
1043 45 0
1044 44 1
1045 412 1
1046 122 1
1047 413 1
1048 500 0
1049 330 1
1050 360 1
1051 399 0
1052 208 1
1053 80 1
1054 419 1
1055 136 1
1056 357 1
1057 47 1
1058 204 0
1059 277 1
1060 315 1
1061 442 1
1062 233 1
1063 193 1
1064 287 1
1065 180 1
1066 105 0
1067 301 0
1068 194 1
1069 241 1
1070 74 0
1071 238 1
1072 73 1
1073 461 0
1074 371 0
1075 266 1
1076 172 1
1077 369 1
1078 61 0
1079 129 1
1080 323 0
1081 487 0
1082 381 1
1083 488 1
1084 416 0
1085 434 1
1086 351 1
1087 420 1
1088 450 1
1089 195 0
1090 109 1
1091 252 1
1092 167 1
1093 179 1
1094 174 1
1095 69 1
1096 364 1
1097 171 1
1098 90 1
1099 65 1
1100 132 0
1101 495 1
1102 162 1
1103 154 0
1104 286 0
1105 179 0
1106 55 1
1107 423 1
1108 298 1
1109 444 0
1110 157 1
1111 462 1
1112 309 0
1113 11 1
1114 284 1
1115 150 1
1116 67 0
1117 393 0
1118 50 1
1119 87 1
1120 388 1
1121 477 1
1122 444 1
1123 157 0
1124 248 1
1125 205 1
1126 354 1
1127 171 1
1128 293 0
1129 60 1
1130 498 1
1131 232 1
1132 100 0
1133 40 0
1134 417 0
1135 232 1
1136 387 0
1137 239 1
1138 100 0
1139 63 1
1140 244 0
1141 245 1
1142 181 0
1143 259 1
1144 91 1
1145 290 0
1146 21 0
1147 400 0
1148 393 0
1149 17 1
1150 60 0
1151 106 1
1152 203 1
1153 269 0
1154 488 0
1155 144 1
1156 346 1
1157 321 1
1158 52 1
1159 494 1
1160 391 1
1161 479 0
1162 298 1
1163 279 0
1164 311 1
1165 492 1
1166 291 0
1167 310 1
1168 436 1
1169 291 1
1170 156 1
1171 147 1
1172 70 1
1173 22 1
1174 40 1
1175 259 1
1176 292 1
1177 336 1
1178 108 0
1179 25 0
1180 157 0
1181 283 1
1182 107 1
1183 188 1
1184 411 1
1185 204 1
1186 160 1
1187 62 1
1188 312 1
1189 99 0
1190 346 1
1191 275 0
1192 87 0
1193 473 0
1194 472 1
1195 108 1
1196 7 0
1197 322 0
1198 223 1
1199 396 0
1200 235 0
1201 448 0
1202 197 1
1203 125 0
1204 93 0
1205 106 1
1206 74 1
1207 323 1
1208 492 1
1209 350 0
1210 286 1
1211 83 1
1212 342 0
1213 400 1
1214 161 1
1215 445 0
1216 140 1
1217 291 0
1218 147 1
1219 91 0
1220 379 1
1221 172 1
1222 78 1
1223 107 1
1224 28 1
1225 271 1
1226 161 1
1227 99 1
1228 4 1
1229 59 1
1230 286 0
1231 309 0
1232 389 1
1233 9 1
1234 255 0
1235 269 1
1236 44 0
1237 333 1
1238 174 1
1239 431 1
1240 142 1
1241 263 1
1242 301 0
1243 298 1
1244 354 0
1245 218 0
1246 355 0
1247 313 1
1248 118 1
1249 279 0
1250 416 0
1251 253 1
1252 228 1
1253 322 1
1254 17 1
1255 352 1
1256 447 0
1257 456 0
1258 223 1
1259 46 1
1260 357 0
1261 464 1
1262 283 1
1263 455 1
1264 90 0
1265 267 1
1266 20 1
1267 460 0
1268 97 1
1269 398 0
1270 26 0
1271 19 1
1272 109 1
1273 468 1
1274 475 0
1275 403 0
1276 23 0
1277 35 1
1278 388 0
1279 199 1
1280 215 1
1281 477 1
1282 231 1
1283 231 1
1284 210 1
1285 188 0
1286 123 1
1287 456 1
1288 429 1
1289 311 1
1290 429 1
1291 481 1
1292 325 1
1293 250 1
1294 498 1
1295 183 1
1296 415 1
1297 441 1
1298 88 0
1299 220 1
1300 45 1
1301 280 1
1302 363 1
1303 147 1
1304 151 1
1305 441 1
1306 164 0
1307 24 1
1308 429 1
1309 441 1
1310 224 1
1311 384 1
1312 275 1
1313 30 1
1314 242 1
1315 407 1
1316 406 0
1317 449 1
1318 169 1
1319 305 1
1320 293 0
1321 393 1
1322 158 1
1323 184 1
1324 192 0
1325 258 0
1326 240 0
1327 46 0
1328 213 0
1329 124 0
1330 74 1
1331 235 0
1332 465 1
1333 240 1
1334 272 0
1335 446 1
1336 283 0
1337 267 1
1338 2 1
1339 274 1
1340 322 1
1341 356 1
1342 420 0
1343 324 1
1344 225 1
1345 80 1
1346 479 0
1347 17 1
1348 245 1
1349 322 1
1350 295 0
1351 81 0
1352 99 0
1353 17 0
1354 293 0
1355 41 0
1356 316 0
1357 176 1
1358 44 1
1359 361 1
1360 194 0
1361 308 1
1362 255 1
1363 108 0
