1281
1 146 1
2 675 1
3 35 0
4 52 0
5 401 1
6 387 1
7 719 1
8 446 1
9 166 1
10 496 0
11 448 1
12 669 1
13 450 1
14 503 1
15 455 1
16 622 1
17 158 1
18 7 1
19 676 0
20 622 0
21 553 1
22 639 1
23 637 1
24 264 1
25 630 0
26 366 0
27 600 1
28 13 1
29 730 1
30 321 1
31 25 1
32 307 0
33 125 0
34 429 1
35 477 0
36 555 1
37 685 1
38 187 1
39 164 1
40 10 1
41 628 0
42 498 1
43 724 1
44 111 1
45 339 1
46 420 1
47 688 1
48 652 0
49 406 0
50 239 1
51 70 0
52 538 0
53 561 0
54 702 0
55 592 0
56 196 1
57 400 1
58 281 0
59 569 1
60 359 1
61 189 0
62 637 0
63 131 0
64 315 1
65 307 1
66 96 1
67 713 1
68 445 1
69 723 1
70 624 1
71 431 1
72 369 0
73 139 0
74 528 1
75 355 1
76 189 0
77 343 1
78 45 0
79 51 1
80 375 1
81 228 1
82 48 1
83 470 0
84 100 1
85 264 1
86 394 1
87 116 0
88 151 0
89 725 1
90 276 1
91 191 1
92 248 1
93 707 1
94 321 1
95 655 0
96 377 0
97 533 0
98 448 1
99 231 1
100 29 1
101 584 1
102 503 1
103 498 0
104 320 1
105 698 1
106 188 1
107 477 0
108 736 1
109 43 1
110 463 1
111 379 0
112 205 0
113 630 0
114 539 1
115 566 0
116 722 1
117 304 1
118 527 1
119 504 0
120 651 0
121 68 1
122 663 0
123 588 1
124 302 1
125 290 1
126 641 0
127 230 1
128 205 0
129 176 0
130 346 0
131 625 0
132 516 1
133 178 0
134 357 1
135 464 1
136 456 1
137 419 1
138 390 1
139 351 1
140 211 1
141 30 1
142 674 0
143 323 1
144 381 0
145 196 1
146 553 0
147 368 0
148 375 1
149 686 1
150 540 0
151 364 1
152 202 1
153 687 0
154 416 1
155 598 1
156 252 1
157 52 1
158 149 0
159 430 1
160 187 1
161 621 1
162 72 0
163 435 1
164 159 1
165 544 1
166 51 1
167 267 0
168 368 1
169 210 1
170 618 0
171 724 0
172 9 0
173 421 0
174 464 0
175 52 0
176 50 1
177 705 1
178 339 0
179 622 1
180 93 1
181 510 1
182 10 0
183 501 0
184 356 1
185 475 1
186 144 0
187 469 1
188 496 0
189 415 0
190 262 0
191 184 1
192 505 1
193 487 0
194 653 0
195 654 1
196 159 0
197 202 1
198 566 0
199 601 1
200 728 0
201 469 1
202 108 0
203 338 0
204 348 1
205 188 0
206 533 1
207 288 1
208 574 1
209 506 0
210 509 1
211 546 1
212 157 1
213 150 0
214 713 1
215 217 0
216 452 0
217 145 1
218 196 1
219 528 1
220 549 1
221 520 1
222 401 1
223 4 0
224 207 1
225 88 1
226 242 1
227 697 1
228 643 1
229 382 0
230 223 1
231 681 1
232 598 1
233 651 0
234 674 0
235 652 1
236 467 1
237 189 1
238 604 0
239 469 0
240 15 0
241 100 1
242 451 1
243 709 0
244 268 1
245 335 1
246 264 1
247 530 1
248 520 0
249 229 1
250 192 1
251 302 0
252 677 1
253 101 1
254 49 1
255 665 1
256 387 0
257 374 0
258 186 0
259 557 1
260 8 1
261 258 0
262 586 1
263 446 0
264 594 1
265 132 1
266 129 0
267 70 1
268 290 0
269 660 0
270 53 1
271 507 1
272 26 1
273 695 0
274 590 0
275 719 1
276 29 1
277 234 1
278 441 1
279 293 1
280 668 1
281 446 1
282 224 0
283 177 1
284 0 1
285 217 0
286 99 0
287 598 0
288 283 0
289 338 1
290 377 0
291 43 1
292 658 1
293 334 1
294 269 1
295 19 1
296 418 0
297 308 1
298 293 1
299 521 1
300 738 1
301 399 0
302 139 0
303 223 1
304 174 1
305 607 1
306 242 1
307 270 1
308 291 0
309 675 1
310 597 1
311 71 1
312 471 1
313 281 1
314 280 0
315 370 0
316 165 1
317 376 0
318 442 1
319 39 1
320 524 1
321 480 1
322 661 0
323 342 0
324 719 0
325 85 1
326 284 1
327 163 0
328 639 0
329 144 1
330 611 0
331 510 1
332 700 0
333 445 0
334 109 1
335 331 1
336 494 1
337 75 0
338 134 1
339 628 1
340 58 0
341 2 0
342 182 1
343 410 0
344 714 0
345 313 1
346 433 1
347 674 0
348 333 1
349 57 1
350 175 1
351 439 1
352 512 1
353 397 1
354 295 1
355 71 1
356 363 1
357 8 0
358 291 1
359 678 1
360 336 1
361 215 1
362 438 0
363 424 0
364 581 0
365 525 1
366 233 0
367 51 0
368 50 0
369 703 1
370 46 1
371 699 0
372 160 1
373 266 1
374 437 1
375 81 1
376 560 0
377 115 1
378 498 1
379 342 1
380 436 1
381 461 0
382 404 1
383 727 1
384 220 1
385 112 0
386 90 1
387 727 0
388 90 1
389 14 1
390 562 1
391 664 0
392 495 1
393 4 0
394 683 1
395 646 1
396 578 1
397 362 1
398 243 0
399 8 1
400 404 1
401 42 0
402 295 1
403 57 0
404 387 1
405 276 0
406 218 0
407 643 0
408 293 1
409 279 1
410 306 1
411 720 0
412 708 0
413 438 1
414 56 0
415 675 1
416 671 1
417 319 0
418 110 0
419 664 1
420 499 1
421 18 0
422 453 0
423 54 1
424 569 0
425 347 1
426 623 0
427 331 1
428 722 1
429 115 0
430 579 0
431 654 0
432 131 1
433 737 0
434 661 1
435 103 1
436 173 1
437 501 0
438 95 1
439 685 1
440 202 1
441 111 1
442 672 0
443 41 1
444 575 1
445 108 0
446 259 1
447 237 0
448 256 1
449 737 0
450 207 0
451 702 0
452 326 1
453 320 1
454 331 1
455 346 1
456 610 1
457 723 1
458 316 1
459 560 0
460 285 0
461 619 1
462 690 1
463 300 0
464 403 1
465 488 1
466 501 1
467 355 1
468 225 0
469 510 1
470 253 1
471 402 0
472 730 0
473 717 1
474 566 1
475 511 1
476 569 0
477 708 1
478 558 1
479 90 1
480 617 1
481 196 1
482 392 1
483 467 1
484 539 1
485 486 0
486 457 0
487 175 0
488 638 1
489 15 0
490 105 1
491 628 1
492 228 1
493 453 1
494 177 0
495 372 1
496 485 0
497 485 1
498 483 0
499 67 0
500 501 1
501 334 1
502 14 0
503 719 1
504 77 1
505 481 1
506 572 0
507 116 1
508 330 0
509 262 1
510 477 1
511 613 1
512 566 1
513 464 1
514 623 1
515 592 1
516 397 1
517 708 0
518 60 1
519 376 1
520 681 0
521 372 0
522 591 1
523 677 1
524 423 0
525 52 1
526 146 0
527 487 1
528 389 0
529 334 0
530 55 1
531 21 0
532 478 1
533 176 1
534 676 1
535 40 1
536 34 1
537 494 1
538 266 1
539 119 1
540 735 1
541 161 0
542 150 0
543 269 1
544 173 1
545 175 1
546 155 0
547 733 0
548 238 1
549 535 0
550 33 0
551 156 1
552 353 0
553 6 1
554 498 1
555 620 0
556 401 1
557 50 0
558 690 1
559 454 1
560 184 0
561 404 1
562 139 1
563 284 1
564 618 1
565 656 0
566 19 1
567 83 0
568 36 1
569 355 0
570 371 1
571 392 1
572 329 0
573 688 1
574 22 1
575 507 1
576 396 1
577 597 0
578 672 1
579 277 0
580 325 1
581 617 0
582 318 1
583 133 1
584 154 1
585 253 1
586 88 1
587 610 1
588 399 1
589 60 1
590 324 1
591 680 1
592 102 1
593 620 1
594 43 0
595 0 0
596 403 1
597 77 1
598 631 0
599 440 0
600 10 0
601 571 1
602 650 0
603 567 1
604 311 1
605 43 1
606 559 1
607 668 1
608 626 1
609 112 1
610 70 1
611 350 0
612 43 1
613 559 1
614 689 1
615 31 1
616 264 1
617 110 1
618 355 0
619 535 1
620 721 1
621 614 1
622 667 1
623 567 1
624 403 1
625 482 1
626 104 1
627 259 0
628 623 0
629 133 0
630 389 1
631 584 0
632 79 1
633 139 1
634 735 1
635 413 1
636 670 0
637 622 1
638 142 1
639 410 1
640 440 1
641 331 0
642 349 1
643 56 1
644 721 0
645 65 0
646 459 1
647 388 1
648 707 1
649 285 1
650 567 1
651 731 1
652 246 1
653 406 1
654 374 1
655 246 0
656 332 0
657 724 1
658 480 1
659 226 0
660 334 1
661 197 1
662 304 0
663 592 1
664 477 1
665 285 0
666 148 1
667 165 1
668 202 1
669 95 1
670 699 1
671 16 1
672 231 1
673 285 0
674 92 0
675 589 1
676 166 1
677 532 0
678 736 1
679 53 1
680 626 1
681 90 1
682 668 0
683 481 1
684 139 0
685 123 1
686 230 0
687 442 0
688 191 1
689 537 1
690 551 1
691 23 1
692 485 1
693 500 1
694 252 1
695 214 1
696 205 0
697 172 1
698 612 0
699 419 1
700 543 0
701 161 1
702 682 0
703 599 1
704 644 0
705 470 1
706 94 1
707 537 1
708 360 1
709 372 1
710 216 1
711 10 1
712 255 1
713 658 0
714 201 0
715 190 1
716 140 0
717 141 1
718 320 0
719 269 0
720 500 1
721 43 1
722 544 1
723 486 1
724 243 0
725 89 0
726 70 1
727 244 0
728 386 1
729 505 0
730 551 1
731 7 0
732 411 0
733 139 0
734 253 1
735 267 1
736 459 0
737 661 1
738 308 1
739 479 1
740 578 1
741 374 1
742 720 1
743 286 1
744 92 1
745 318 0
746 110 1
747 699 1
748 526 1
749 565 0
750 558 0
751 106 0
752 508 1
753 592 0
754 486 0
755 679 1
756 160 1
757 337 1
758 243 0
759 611 1
760 38 1
761 394 0
762 566 0
763 723 1
764 504 1
765 497 1
766 693 1
767 600 1
768 734 1
769 537 1
770 97 1
771 169 1
772 153 1
773 554 1
774 494 1
775 95 1
776 666 1
777 46 1
778 156 1
779 209 0
780 629 1
781 295 1
782 673 1
783 356 0
784 713 1
785 460 0
786 46 0
787 483 1
788 448 0
789 596 1
790 722 1
791 100 0
792 546 1
793 505 0
794 279 0
795 726 1
796 733 0
797 63 1
798 542 1
799 594 1
800 730 1
801 689 1
802 255 0
803 236 1
804 42 1
805 271 0
806 201 0
807 37 1
808 621 0
809 21 1
810 568 0
811 380 0
812 393 1
813 488 1
814 228 0
815 22 1
816 656 1
817 306 0
818 560 0
819 187 1
820 52 1
821 730 1
822 193 1
823 260 0
824 673 0
825 234 1
826 444 1
827 323 1
828 371 0
829 293 0
830 465 1
831 181 1
832 443 1
833 657 1
834 394 1
835 229 0
836 667 1
837 11 1
838 351 0
839 247 1
840 656 1
841 99 1
842 460 1
843 511 1
844 598 0
845 54 0
846 484 1
847 17 1
848 87 0
849 555 1
850 90 1
851 292 0
852 369 0
853 190 1
854 627 0
855 369 1
856 282 1
857 268 1
858 255 0
859 146 0
860 156 0
861 540 1
862 540 1
863 244 1
864 543 1
865 421 0
866 157 1
867 67 0
868 328 1
869 610 1
870 58 1
871 123 0
872 20 1
873 396 1
874 483 1
875 492 1
876 55 1
877 643 1
878 162 1
879 535 0
880 260 0
881 16 1
882 293 1
883 307 0
884 393 1
885 201 0
886 469 1
887 104 1
888 80 1
889 129 1
890 407 1
891 566 1
892 279 1
893 422 1
894 721 1
895 511 0
896 538 1
897 22 1
898 715 0
899 130 1
900 611 1
901 183 1
902 20 1
903 142 1
904 152 0
905 27 1
906 258 1
907 334 1
908 478 1
909 290 0
910 286 1
911 13 0
912 5 0
913 281 0
914 469 1
915 400 1
916 106 1
917 733 1
918 236 0
919 330 0
920 511 1
921 208 1
922 366 0
923 618 1
924 610 0
925 565 0
926 387 0
927 346 1
928 718 1
929 425 1
930 402 1
931 152 0
932 721 1
933 687 0
934 437 1
935 658 1
936 739 0
937 290 0
938 32 1
939 522 0
940 493 1
941 163 1
942 290 0
943 585 1
944 500 1
945 80 1
946 407 0
947 723 1
948 534 1
949 710 1
950 363 0
951 440 1
952 118 1
953 92 0
954 262 0
955 105 1
956 274 0
957 208 1
958 142 1
959 144 0
960 427 1
961 117 0
962 562 0
963 588 0
964 186 1
965 640 1
966 551 1
967 276 1
968 434 1
969 132 1
970 242 0
971 128 0
972 557 1
973 340 1
974 494 1
975 654 1
976 22 0
977 329 0
978 235 1
979 304 0
980 99 1
981 334 0
982 596 1
983 632 1
984 238 1
985 403 0
986 261 1
987 309 1
988 180 0
989 142 1
990 447 1
991 169 0
992 139 1
993 417 1
994 675 1
995 211 1
996 238 0
997 737 1
998 416 0
999 541 1
1000 653 1
1001 447 1
1002 99 0
1003 356 0
1004 719 1
1005 267 1
1006 606 1
1007 207 1
1008 246 0
1009 535 1
1010 657 0
1011 319 0
1012 552 0
1013 354 1
1014 257 1
1015 194 0
1016 411 0
1017 448 1
1018 711 1
1019 102 0
1020 667 1
1021 376 1
1022 169 1
1023 643 1
1024 571 1
1025 700 1
1026 497 1
1027 8 1
1028 596 1
1029 641 1
1030 569 0
1031 336 0
1032 102 1
1033 62 0
1034 162 0
1035 23 0
1036 690 0
1037 675 1
1038 346 0
1039 587 1
1040 382 0
1041 29 1
1042 88 0
1043 553 0
1044 503 1
1045 110 1
1046 654 1
1047 676 1
1048 544 0
1049 89 0
1050 320 0
1051 159 0
1052 615 1
1053 390 0
1054 726 0
1055 502 1
1056 98 1
1057 559 1
1058 673 0
1059 234 1
1060 191 1
1061 185 1
1062 156 0
1063 174 0
1064 225 0
1065 30 1
1066 532 1
1067 127 0
1068 336 1
1069 681 1
1070 120 1
1071 2 1
1072 287 0
1073 456 1
1074 298 1
1075 74 1
1076 347 1
1077 647 1
1078 381 1
1079 567 0
1080 500 1
1081 515 1
1082 151 1
1083 12 1
1084 473 1
1085 122 1
1086 448 1
1087 71 0
1088 50 1
1089 321 1
1090 581 1
1091 150 1
1092 654 0
1093 56 0
1094 242 1
1095 266 1
1096 533 0
1097 347 0
1098 737 1
1099 484 1
1100 364 1
1101 323 1
1102 94 0
1103 121 1
1104 285 0
1105 546 1
1106 149 0
1107 367 1
1108 66 0
1109 463 1
1110 360 1
1111 415 0
1112 188 0
1113 150 0
1114 486 0
1115 707 1
1116 604 0
1117 288 1
1118 48 0
1119 155 1
1120 215 1
1121 511 1
1122 710 1
1123 531 0
1124 615 0
1125 448 1
1126 401 0
1127 440 0
1128 251 1
1129 34 1
1130 640 0
1131 264 0
1132 343 1
1133 515 1
1134 273 1
1135 36 1
1136 736 1
1137 216 1
1138 50 0
1139 106 0
1140 315 1
1141 264 1
1142 730 1
1143 565 1
1144 659 1
1145 395 1
1146 704 1
1147 376 1
1148 524 1
1149 10 0
1150 186 0
1151 650 0
1152 645 0
1153 252 0
1154 186 0
1155 725 1
1156 224 1
1157 581 1
1158 267 1
1159 560 1
1160 369 0
1161 58 1
1162 239 1
1163 692 1
1164 690 0
1165 184 1
1166 60 0
1167 422 0
1168 325 1
1169 26 1
1170 344 1
1171 377 0
1172 313 1
1173 148 1
1174 729 1
1175 131 0
1176 288 1
1177 56 0
1178 728 1
1179 602 0
1180 23 1
1181 179 0
1182 245 0
1183 101 1
1184 692 1
1185 497 0
1186 191 1
1187 230 0
1188 457 1
1189 397 1
1190 398 1
1191 168 1
1192 81 1
1193 525 0
1194 285 0
1195 113 1
1196 538 1
1197 443 1
1198 310 0
1199 29 1
1200 724 1
1201 612 1
1202 713 0
1203 680 0
1204 480 1
1205 188 1
1206 229 0
1207 137 1
1208 581 1
1209 484 1
1210 414 0
1211 538 1
1212 254 1
1213 359 0
1214 98 1
1215 139 1
1216 226 0
1217 258 0
1218 165 0
1219 681 1
1220 691 1
1221 148 0
1222 486 0
1223 595 1
1224 363 1
1225 609 1
1226 249 0
1227 353 1
1228 700 1
1229 431 0
1230 464 0
1231 194 1
1232 686 0
1233 202 1
1234 67 0
1235 121 0
1236 325 0
1237 251 1
1238 710 0
1239 554 0
1240 497 1
1241 423 1
1242 142 0
1243 613 0
1244 113 0
1245 214 1
1246 240 1
1247 581 1
1248 224 0
1249 298 0
1250 291 1
1251 362 1
1252 105 1
1253 104 1
1254 83 0
1255 462 1
1256 446 1
1257 691 0
1258 234 1
1259 56 1
1260 181 1
1261 238 1
1262 42 1
1263 608 0
1264 226 1
1265 662 0
1266 2 1
1267 499 1
1268 261 0
1269 236 1
1270 626 1
1271 236 1
1272 155 1
1273 234 0
1274 64 1
1275 102 1
1276 612 1
1277 31 1
1278 471 1
1279 284 1
1280 169 0
1281 579 0
