1945
1 36 1
2 105 1
3 60 0
4 32 0
5 181 0
6 47 0
7 129 1
8 186 0
9 101 0
10 136 1
11 133 0
12 144 1
13 5 1
14 178 1
15 155 1
16 77 1
17 18 1
18 37 1
19 191 1
20 142 1
21 98 1
22 104 1
23 202 0
24 79 1
25 50 1
26 126 0
27 115 1
28 83 0
29 10 1
30 71 0
31 195 1
32 152 1
33 130 0
34 89 1
35 57 1
36 85 0
37 15 1
38 182 1
39 74 0
40 115 0
41 73 1
42 108 0
43 104 1
44 106 1
45 44 1
46 75 1
47 123 0
48 47 0
49 11 0
50 169 1
51 170 1
52 23 0
53 36 1
54 202 0
55 62 1
56 36 1
57 150 1
58 121 1
59 134 0
60 164 0
61 204 1
62 12 0
63 61 1
64 175 0
65 202 1
66 146 1
67 193 1
68 150 1
69 173 0
70 139 1
71 56 0
72 169 1
73 119 0
74 53 1
75 110 0
76 24 0
77 53 1
78 30 0
79 101 1
80 190 0
81 143 1
82 63 1
83 100 1
84 160 0
85 159 1
86 104 1
87 66 0
88 16 1
89 155 1
90 31 1
91 86 0
92 173 0
93 97 1
94 51 1
95 0 1
96 92 0
97 173 1
98 73 1
99 166 1
100 139 0
101 124 1
102 133 0
103 108 1
104 175 1
105 18 0
106 123 0
107 62 1
108 41 1
109 93 1
110 153 1
111 134 1
112 35 0
113 200 1
114 174 1
115 141 1
116 82 1
117 149 0
118 52 0
119 164 0
120 116 0
121 28 1
122 83 0
123 128 1
124 47 1
125 15 0
126 111 1
127 40 1
128 50 1
129 56 0
130 201 0
131 130 1
132 56 1
133 93 1
134 132 1
135 134 0
136 31 0
137 79 1
138 50 1
139 36 0
140 21 1
141 95 0
142 204 1
143 78 1
144 171 0
145 71 1
146 128 1
147 43 1
148 75 1
149 91 1
150 190 0
151 49 0
152 182 0
153 132 1
154 136 0
155 128 1
156 17 1
157 87 0
158 154 0
159 70 1
160 97 1
161 86 1
162 142 0
163 5 1
164 64 0
165 19 1
166 116 0
167 67 1
168 203 1
169 125 1
170 168 1
171 89 0
172 69 1
173 1 1
174 139 0
175 142 1
176 10 0
177 55 0
178 159 1
179 167 0
180 158 0
181 70 1
182 55 1
183 166 1
184 136 0
185 190 1
186 139 1
187 84 1
188 46 0
189 25 1
190 157 1
191 14 1
192 195 1
193 117 1
194 133 1
195 169 1
196 64 1
197 157 0
198 176 1
199 176 1
200 3 1
201 4 1
202 33 1
203 148 1
204 173 1
205 63 1
206 138 1
207 93 1
208 149 1
209 76 0
210 89 1
211 166 0
212 77 1
213 70 1
214 33 0
215 157 0
216 2 0
217 180 1
218 46 0
219 118 1
220 94 0
221 145 1
222 56 0
223 159 0
224 42 0
225 83 0
226 72 1
227 82 0
228 163 1
229 197 1
230 198 1
231 31 1
232 108 1
233 36 0
234 134 1
235 172 1
236 132 0
237 54 1
238 149 1
239 194 0
240 40 1
241 120 1
242 116 1
243 59 1
244 153 1
245 70 0
246 204 1
247 145 1
248 115 1
249 59 1
250 132 0
251 72 0
252 142 0
253 46 1
254 139 1
255 75 0
256 107 1
257 89 1
258 196 0
259 97 1
260 203 1
261 88 1
262 71 1
263 106 0
264 9 1
265 27 1
266 194 1
267 0 1
268 25 1
269 15 0
270 83 1
271 142 1
272 86 1
273 10 0
274 180 1
275 19 1
276 74 1
277 179 1
278 141 1
279 128 1
280 43 1
281 91 1
282 54 0
283 167 1
284 140 1
285 42 1
286 74 0
287 8 1
288 13 1
289 33 0
290 127 1
291 168 0
292 163 1
293 144 1
294 19 1
295 49 1
296 23 0
297 98 1
298 28 1
299 161 0
300 43 1
301 189 0
302 189 1
303 73 1
304 14 1
305 192 1
306 162 1
307 140 1
308 96 1
309 20 1
310 152 1
311 181 1
312 6 1
313 51 1
314 140 0
315 0 0
316 10 1
317 96 1
318 187 1
319 199 1
320 74 1
321 140 1
322 141 0
323 157 1
324 159 0
325 150 1
326 44 1
327 78 1
328 204 0
329 89 1
330 141 1
331 120 1
332 80 1
333 150 0
334 184 0
335 61 1
336 129 0
337 90 1
338 74 0
339 98 0
340 18 0
341 137 0
342 172 0
343 115 0
344 144 1
345 108 0
346 93 1
347 29 0
348 38 1
349 32 1
350 120 0
351 74 1
352 92 0
353 112 1
354 5 1
355 196 0
356 53 0
357 88 1
358 141 0
359 193 0
360 1 1
361 165 1
362 123 1
363 64 1
364 171 1
365 180 1
366 193 1
367 136 0
368 10 1
369 43 0
370 51 0
371 39 0
372 165 1
373 126 1
374 127 1
375 186 1
376 10 1
377 20 1
378 138 1
379 92 1
380 186 1
381 196 1
382 119 1
383 52 1
384 170 1
385 147 1
386 135 0
387 122 1
388 110 1
389 199 0
390 162 0
391 164 1
392 125 1
393 104 1
394 68 0
395 166 1
396 63 0
397 22 1
398 83 1
399 108 1
400 174 0
401 67 0
402 35 1
403 202 1
404 32 1
405 181 1
406 173 1
407 163 1
408 123 1
409 154 0
410 56 1
411 40 1
412 73 1
413 98 0
414 141 1
415 0 0
416 56 1
417 14 1
418 55 1
419 34 0
420 4 1
421 78 0
422 153 1
423 69 0
424 99 1
425 62 0
426 138 1
427 71 1
428 167 0
429 165 1
430 174 1
431 14 1
432 31 0
433 117 0
434 41 1
435 178 1
436 163 0
437 21 0
438 90 1
439 185 1
440 112 1
441 141 0
442 147 0
443 56 0
444 180 1
445 13 0
446 184 1
447 177 0
448 56 0
449 102 1
450 37 1
451 147 1
452 131 1
453 110 1
454 56 0
455 1 1
456 135 1
457 13 1
458 156 1
459 190 1
460 90 1
461 79 1
462 25 1
463 85 0
464 143 1
465 183 1
466 61 1
467 180 1
468 90 1
469 5 1
470 178 1
471 112 0
472 155 1
473 187 1
474 201 1
475 36 1
476 174 1
477 158 1
478 168 1
479 80 0
480 22 1
481 86 0
482 187 1
483 72 0
484 149 1
485 16 1
486 87 1
487 25 1
488 53 0
489 145 0
490 185 0
491 138 1
492 93 1
493 148 1
494 132 0
495 167 0
496 85 1
497 35 0
498 113 0
499 142 1
500 186 0
501 179 1
502 84 1
503 109 0
504 12 1
505 191 0
506 27 1
507 146 1
508 15 1
509 182 1
510 117 1
511 98 1
512 196 0
513 69 1
514 38 1
515 162 0
516 167 0
517 93 1
518 140 0
519 186 1
520 46 1
521 147 1
522 96 1
523 197 1
524 183 1
525 57 1
526 116 1
527 97 1
528 89 1
529 9 1
530 175 1
531 151 1
532 108 1
533 186 0
534 36 0
535 200 1
536 139 1
537 159 1
538 31 0
539 144 1
540 125 0
541 106 1
542 155 0
543 149 1
544 168 0
545 170 1
546 130 1
547 73 1
548 158 0
549 80 0
550 18 1
551 76 1
552 18 1
553 191 0
554 188 0
555 60 1
556 131 1
557 150 1
558 165 1
559 124 1
560 49 1
561 64 1
562 4 1
563 9 1
564 193 1
565 156 1
566 169 0
567 168 0
568 61 1
569 35 1
570 86 0
571 157 1
572 59 0
573 98 1
574 197 0
575 152 0
576 111 0
577 17 0
578 152 1
579 77 0
580 120 1
581 152 0
582 58 1
583 73 1
584 69 1
585 168 1
586 3 1
587 170 1
588 19 0
589 85 0
590 84 0
591 55 0
592 47 1
593 110 1
594 103 1
595 140 1
596 13 0
597 107 1
598 1 1
599 195 1
600 85 1
601 21 1
602 75 1
603 152 1
604 51 1
605 108 0
606 69 1
607 128 1
608 36 1
609 117 0
610 20 1
611 160 0
612 143 0
613 109 0
614 39 1
615 11 1
616 54 1
617 10 0
618 20 1
619 20 1
620 201 1
621 4 1
622 92 1
623 187 1
624 168 1
625 62 1
626 154 1
627 19 0
628 83 1
629 33 1
630 24 1
631 44 0
632 79 1
633 4 0
634 15 1
635 173 0
636 160 0
637 82 1
638 107 0
639 175 0
640 165 1
641 56 0
642 54 1
643 6 1
644 1 1
645 55 0
646 89 0
647 108 1
648 157 1
649 65 1
650 142 1
651 186 0
652 6 1
653 146 0
654 129 1
655 186 1
656 152 1
657 4 0
658 115 0
659 141 0
660 54 1
661 147 1
662 94 1
663 107 0
664 167 0
665 15 1
666 3 1
667 0 1
668 62 0
669 125 1
670 59 1
671 81 1
672 146 0
673 10 1
674 97 0
675 179 1
676 146 1
677 92 1
678 176 0
679 83 1
680 171 1
681 40 1
682 98 1
683 186 0
684 189 1
685 153 1
686 10 0
687 52 0
688 116 1
689 12 0
690 11 0
691 163 1
692 110 1
693 195 0
694 47 1
695 14 1
696 175 0
697 187 0
698 97 1
699 29 1
700 73 1
701 126 1
702 7 1
703 39 1
704 39 1
705 135 0
706 39 0
707 7 1
708 145 1
709 27 0
710 76 1
711 0 0
712 100 0
713 118 1
714 156 1
715 75 1
716 125 0
717 111 1
718 180 1
719 54 1
720 0 0
721 68 1
722 79 0
723 191 1
724 78 0
725 9 0
726 60 1
727 204 0
728 201 1
729 155 1
730 61 1
731 182 0
732 26 1
733 119 1
734 38 0
735 17 1
736 159 0
737 81 1
738 168 0
739 54 0
740 83 0
741 199 0
742 75 1
743 101 1
744 112 1
745 23 0
746 80 1
747 159 0
748 91 1
749 110 1
750 43 1
751 171 1
752 13 1
753 32 0
754 116 1
755 19 1
756 150 1
757 142 0
758 8 0
759 96 0
760 93 1
761 94 1
762 121 1
763 78 0
764 124 0
765 142 1
766 113 1
767 165 1
768 159 1
769 102 1
770 82 1
771 69 1
772 138 0
773 54 0
774 49 1
775 65 1
776 66 1
777 116 1
778 6 1
779 199 1
780 179 1
781 95 1
782 43 1
783 11 0
784 53 1
785 70 1
786 36 1
787 168 1
788 148 1
789 116 0
790 167 1
791 140 1
792 141 0
793 15 0
794 44 1
795 76 0
796 148 0
797 108 1
798 27 1
799 189 1
800 35 1
801 14 0
802 195 1
803 41 1
804 202 1
805 136 1
806 141 1
807 197 1
808 126 1
809 21 0
810 18 1
811 190 1
812 68 1
813 153 1
814 13 1
815 177 1
816 191 0
817 121 1
818 175 1
819 117 1
820 122 1
821 135 0
822 123 0
823 135 1
824 138 0
825 9 1
826 54 1
827 118 1
828 91 1
829 13 0
830 0 1
831 156 1
832 183 1
833 172 1
834 34 1
835 124 1
836 137 1
837 11 0
838 186 0
839 102 1
840 101 1
841 74 1
842 110 1
843 76 1
844 58 1
845 104 1
846 79 0
847 47 0
848 132 0
849 10 0
850 100 1
851 122 1
852 194 0
853 90 1
854 77 1
855 94 1
856 102 1
857 133 1
858 160 0
859 6 0
860 96 0
861 75 1
862 170 1
863 34 1
864 138 1
865 61 0
866 182 0
867 72 1
868 113 1
869 145 1
870 153 1
871 168 0
872 0 0
873 61 1
874 103 1
875 177 0
876 180 1
877 173 0
878 172 1
879 40 0
880 50 1
881 146 1
882 83 0
883 202 0
884 178 1
885 186 1
886 179 1
887 179 1
888 45 1
889 139 0
890 107 1
891 146 1
892 164 1
893 27 1
894 121 1
895 36 1
896 173 1
897 202 1
898 200 0
899 50 1
900 141 1
901 98 0
902 185 1
903 92 1
904 112 0
905 177 0
906 143 0
907 99 1
908 33 1
909 30 1
910 196 1
911 123 1
912 50 1
913 16 1
914 119 0
915 15 1
916 101 0
917 173 1
918 191 1
919 110 0
920 91 1
921 113 1
922 1 0
923 133 0
924 135 0
925 190 1
926 32 1
927 91 1
928 28 1
929 130 1
930 177 1
931 2 1
932 56 1
933 157 1
934 37 0
935 143 0
936 149 1
937 160 0
938 62 1
939 187 1
940 53 1
941 123 1
942 80 1
943 170 0
944 120 1
945 55 1
946 37 1
947 168 0
948 34 1
949 140 1
950 188 1
951 200 1
952 133 1
953 82 1
954 42 1
955 190 0
956 34 1
957 183 1
958 122 1
959 19 1
960 42 0
961 132 1
962 137 1
963 178 1
964 16 1
965 40 1
966 196 1
967 136 0
968 194 1
969 117 0
970 77 0
971 133 1
972 7 1
973 20 1
974 59 1
975 169 0
976 117 1
977 184 1
978 195 0
979 19 1
980 69 0
981 9 0
982 96 0
983 187 1
984 158 1
985 123 1
986 201 0
987 144 0
988 165 0
989 137 1
990 2 0
991 124 1
992 199 1
993 172 1
994 55 1
995 201 1
996 48 1
997 187 0
998 151 1
999 31 1
1000 63 1
1001 137 1
1002 4 0
1003 66 1
1004 39 1
1005 192 0
1006 101 0
1007 162 1
1008 11 1
1009 85 1
1010 117 1
1011 194 1
1012 87 1
1013 109 1
1014 142 0
1015 139 1
1016 91 0
1017 63 1
1018 151 1
1019 62 1
1020 132 1
1021 26 0
1022 164 0
1023 128 1
1024 116 1
1025 40 0
1026 92 0
1027 198 0
1028 1 1
1029 11 1
1030 39 1
1031 146 1
1032 22 1
1033 22 0
1034 137 1
1035 158 1
1036 140 0
1037 95 1
1038 171 1
1039 72 0
1040 32 1
1041 114 1
1042 143 1
1043 103 1
1044 8 1
1045 85 1
1046 64 0
1047 181 0
1048 34 1
1049 54 0
1050 90 1
1051 34 0
1052 195 0
1053 125 1
1054 151 1
1055 42 1
1056 108 1
1057 104 1
1058 63 0
1059 194 0
1060 121 1
1061 125 1
1062 106 1
1063 69 1
1064 105 1
1065 110 1
1066 137 1
1067 17 1
1068 71 1
1069 86 1
1070 140 0
1071 202 1
1072 82 0
1073 91 1
1074 108 1
1075 19 1
1076 157 0
1077 7 1
1078 41 0
1079 202 1
1080 0 1
1081 140 1
1082 51 1
1083 62 1
1084 98 1
1085 142 1
1086 73 0
1087 76 1
1088 40 1
1089 101 1
1090 46 1
1091 175 1
1092 59 1
1093 61 1
1094 57 1
1095 46 0
1096 168 0
1097 197 1
1098 142 0
1099 139 0
1100 204 0
1101 68 1
1102 14 1
1103 26 1
1104 110 0
1105 1 1
1106 44 1
1107 157 1
1108 156 1
1109 3 0
1110 75 0
1111 70 0
1112 38 0
1113 55 0
1114 121 1
1115 12 1
1116 69 1
1117 198 1
1118 23 1
1119 140 0
1120 150 1
1121 86 1
1122 115 1
1123 96 0
1124 55 1
1125 78 1
1126 156 1
1127 170 1
1128 11 1
1129 169 0
1130 15 1
1131 54 1
1132 58 1
1133 170 0
1134 68 1
1135 11 1
1136 46 0
1137 6 1
1138 140 1
1139 26 1
1140 0 1
1141 124 1
1142 50 1
1143 145 1
1144 114 0
1145 200 1
1146 89 1
1147 11 0
1148 99 1
1149 25 1
1150 86 1
1151 185 0
1152 135 1
1153 92 1
1154 91 1
1155 65 1
1156 19 1
1157 46 1
1158 77 1
1159 135 1
1160 99 1
1161 118 1
1162 184 1
1163 132 1
1164 110 1
1165 44 1
1166 195 1
1167 127 0
1168 15 1
1169 201 0
1170 134 1
1171 202 0
1172 48 1
1173 23 0
1174 34 1
1175 116 1
1176 88 1
1177 121 0
1178 163 0
1179 147 0
1180 3 1
1181 64 1
1182 15 1
1183 121 1
1184 7 0
1185 142 1
1186 181 1
1187 95 1
1188 187 0
1189 152 1
1190 73 0
1191 153 0
1192 96 1
1193 25 1
1194 120 0
1195 128 1
1196 163 1
1197 118 1
1198 185 1
1199 9 0
1200 154 1
1201 132 1
1202 88 1
1203 155 0
1204 140 1
1205 88 1
1206 169 0
1207 172 0
1208 106 0
1209 119 1
1210 169 0
1211 148 0
1212 34 1
1213 104 0
1214 98 0
1215 4 1
1216 61 0
1217 178 1
1218 160 1
1219 16 1
1220 31 1
1221 108 1
1222 141 1
1223 60 1
1224 73 0
1225 69 1
1226 19 0
1227 168 0
1228 75 0
1229 71 1
1230 184 1
1231 19 1
1232 11 0
1233 192 1
1234 127 1
1235 66 0
1236 110 1
1237 156 1
1238 50 0
1239 94 0
1240 192 1
1241 163 1
1242 177 0
1243 63 1
1244 198 0
1245 19 1
1246 10 1
1247 16 0
1248 34 0
1249 193 0
1250 11 1
1251 117 0
1252 30 1
1253 174 1
1254 83 1
1255 2 0
1256 26 1
1257 81 1
1258 89 1
1259 51 1
1260 76 1
1261 58 1
1262 112 1
1263 108 1
1264 81 1
1265 107 1
1266 157 1
1267 14 0
1268 91 1
1269 66 1
1270 51 1
1271 41 1
1272 30 1
1273 79 1
1274 64 1
1275 2 1
1276 202 1
1277 26 0
1278 136 1
1279 54 1
1280 29 0
1281 109 1
1282 182 1
1283 172 1
1284 111 1
1285 39 0
1286 103 1
1287 37 1
1288 0 1
1289 50 1
1290 45 0
1291 2 0
1292 114 0
1293 155 0
1294 166 0
1295 62 0
1296 166 1
1297 181 1
1298 94 1
1299 9 1
1300 183 0
1301 164 0
1302 132 1
1303 12 1
1304 117 1
1305 199 0
1306 119 1
1307 4 1
1308 28 0
1309 80 1
1310 165 1
1311 186 1
1312 112 1
1313 67 1
1314 108 0
1315 3 1
1316 128 1
1317 172 1
1318 167 0
1319 189 1
1320 48 1
1321 41 1
1322 183 1
1323 201 0
1324 1 0
1325 202 1
1326 17 1
1327 91 1
1328 144 1
1329 133 1
1330 33 0
1331 138 1
1332 102 1
1333 15 1
1334 89 0
1335 147 0
1336 187 1
1337 101 1
1338 32 1
1339 174 1
1340 176 0
1341 201 1
1342 152 1
1343 121 1
1344 43 1
1345 143 0
1346 186 1
1347 38 1
1348 184 1
1349 149 0
1350 57 1
1351 1 1
1352 80 0
1353 204 1
1354 0 1
1355 147 1
1356 144 1
1357 165 1
1358 27 1
1359 187 1
1360 133 1
1361 153 1
1362 201 1
1363 202 1
1364 44 1
1365 47 1
1366 37 1
1367 140 0
1368 155 1
1369 26 1
1370 112 1
1371 127 1
1372 113 0
1373 147 1
1374 173 1
1375 11 1
1376 49 1
1377 14 1
1378 155 0
1379 25 0
1380 162 1
1381 96 1
1382 123 1
1383 114 0
1384 176 1
1385 24 1
1386 111 1
1387 137 1
1388 39 0
1389 162 1
1390 3 0
1391 112 1
1392 135 0
1393 103 1
1394 142 1
1395 82 1
1396 201 1
1397 96 1
1398 8 1
1399 195 0
1400 149 1
1401 64 0
1402 171 0
1403 75 1
1404 77 0
1405 17 0
1406 3 1
1407 136 1
1408 55 1
1409 22 0
1410 166 1
1411 92 1
1412 83 1
1413 81 1
1414 197 1
1415 74 1
1416 91 1
1417 199 1
1418 137 0
1419 66 1
1420 104 0
1421 94 1
1422 10 1
1423 42 0
1424 64 0
1425 60 0
1426 171 0
1427 190 1
1428 140 0
1429 142 1
1430 143 1
1431 74 0
1432 152 0
1433 90 1
1434 138 1
1435 95 1
1436 37 0
1437 144 1
1438 12 0
1439 116 1
1440 47 1
1441 104 1
1442 129 0
1443 65 1
1444 159 0
1445 201 0
1446 18 1
1447 128 1
1448 139 1
1449 49 0
1450 171 1
1451 113 1
1452 131 0
1453 52 0
1454 37 1
1455 17 1
1456 143 1
1457 102 1
1458 7 1
1459 135 1
1460 175 1
1461 62 1
1462 202 1
1463 159 1
1464 2 1
1465 7 0
1466 152 1
1467 177 1
1468 174 1
1469 21 0
1470 197 0
1471 93 0
1472 161 1
1473 1 1
1474 162 1
1475 135 1
1476 66 1
1477 123 1
1478 186 0
1479 204 1
1480 84 1
1481 159 0
1482 127 0
1483 115 1
1484 159 1
1485 105 1
1486 179 1
1487 88 1
1488 190 1
1489 103 1
1490 26 1
1491 77 0
1492 30 1
1493 157 1
1494 76 0
1495 202 1
1496 163 1
1497 197 1
1498 84 1
1499 185 1
1500 42 0
1501 196 1
1502 82 0
1503 154 1
1504 172 1
1505 13 0
1506 87 1
1507 87 1
1508 90 1
1509 131 0
1510 198 1
1511 124 1
1512 83 1
1513 40 1
1514 24 1
1515 4 0
1516 110 0
1517 85 1
1518 76 1
1519 57 0
1520 88 0
1521 38 1
1522 165 1
1523 92 1
1524 166 0
1525 11 0
1526 150 1
1527 114 1
1528 53 0
1529 197 1
1530 181 1
1531 145 1
1532 200 1
1533 75 0
1534 62 1
1535 118 1
1536 0 1
1537 125 1
1538 78 1
1539 12 0
1540 35 0
1541 203 0
1542 164 1
1543 13 1
1544 68 0
1545 90 0
1546 5 0
1547 130 0
1548 60 0
1549 75 0
1550 135 1
1551 71 1
1552 144 1
1553 98 1
1554 9 0
1555 62 1
1556 139 0
1557 29 0
1558 177 1
1559 112 0
1560 51 0
1561 84 0
1562 34 0
1563 58 0
1564 11 1
1565 15 1
1566 123 1
1567 80 1
1568 83 0
1569 83 1
1570 88 1
1571 140 1
1572 3 0
1573 122 1
1574 10 1
1575 19 0
1576 32 0
1577 119 1
1578 114 0
1579 163 1
1580 107 1
1581 71 1
1582 62 0
1583 89 1
1584 131 1
1585 34 1
1586 116 0
1587 39 1
1588 142 1
1589 98 1
1590 195 1
1591 10 1
1592 17 0
1593 91 1
1594 103 1
1595 58 0
1596 26 0
1597 34 1
1598 82 1
1599 31 1
1600 96 0
1601 24 1
1602 40 0
1603 129 0
1604 24 1
1605 131 0
1606 144 0
1607 39 1
1608 67 1
1609 92 1
1610 181 1
1611 181 1
1612 76 0
1613 93 0
1614 137 1
1615 168 1
1616 197 0
1617 37 1
1618 57 0
1619 13 1
1620 193 1
1621 98 1
1622 82 1
1623 90 1
1624 64 1
1625 120 1
1626 129 0
1627 46 1
1628 108 0
1629 163 1
1630 64 0
1631 70 1
1632 119 0
1633 92 1
1634 71 1
1635 55 1
1636 46 0
1637 191 1
1638 85 1
1639 78 1
1640 56 1
1641 191 1
1642 89 1
1643 188 0
1644 176 1
1645 36 1
1646 71 0
1647 95 1
1648 10 1
1649 163 1
1650 89 1
1651 142 0
1652 166 1
1653 62 1
1654 2 0
1655 199 1
1656 135 0
1657 40 1
1658 15 0
1659 15 0
1660 173 1
1661 26 0
1662 159 0
1663 26 1
1664 106 1
1665 50 1
1666 0 1
1667 130 1
1668 116 1
1669 12 1
1670 130 1
1671 178 0
1672 194 0
1673 84 0
1674 40 0
1675 199 1
1676 155 0
1677 49 0
1678 144 1
1679 78 1
1680 61 0
1681 39 1
1682 117 0
1683 25 1
1684 159 0
1685 151 0
1686 43 1
1687 148 1
1688 142 0
1689 40 0
1690 131 1
1691 192 0
1692 57 1
1693 192 0
1694 113 1
1695 43 0
1696 197 1
1697 31 1
1698 49 1
1699 141 0
1700 95 0
1701 91 1
1702 11 1
1703 175 0
1704 66 1
1705 135 0
1706 50 1
1707 73 1
1708 163 1
1709 106 0
1710 131 1
1711 41 1
1712 29 1
1713 29 1
1714 133 1
1715 86 1
1716 57 0
1717 165 1
1718 10 1
1719 22 1
1720 150 1
1721 73 1
1722 79 1
1723 105 1
1724 6 0
1725 108 0
1726 159 1
1727 57 1
1728 22 1
1729 67 1
1730 56 1
1731 181 1
1732 128 1
1733 187 1
1734 78 1
1735 14 0
1736 164 0
1737 21 1
1738 32 0
1739 75 1
1740 138 0
1741 176 1
1742 132 1
1743 80 0
1744 119 1
1745 107 1
1746 100 1
1747 85 1
1748 26 0
1749 166 0
1750 74 1
1751 129 1
1752 64 0
1753 73 1
1754 77 1
1755 137 1
1756 128 0
1757 107 1
1758 142 0
1759 7 1
1760 134 0
1761 29 1
1762 204 0
1763 54 1
1764 184 0
1765 131 0
1766 197 0
1767 88 0
1768 7 0
1769 157 1
1770 106 1
1771 99 1
1772 202 0
1773 89 0
1774 190 1
1775 198 1
1776 10 1
1777 152 0
1778 138 0
1779 36 0
1780 21 1
1781 174 1
1782 22 0
1783 74 0
1784 17 0
1785 117 0
1786 122 1
1787 157 0
1788 12 1
1789 56 0
1790 140 1
1791 121 0
1792 75 1
1793 160 1
1794 73 0
1795 130 1
1796 161 1
1797 110 1
1798 161 1
1799 11 1
1800 12 1
1801 101 1
1802 142 1
1803 51 0
1804 98 1
1805 155 1
1806 160 0
1807 187 1
1808 142 0
1809 42 1
1810 136 0
1811 105 1
1812 71 1
1813 75 0
1814 199 0
1815 4 1
1816 15 0
1817 143 1
1818 160 1
1819 109 1
1820 98 0
1821 90 0
1822 133 0
1823 87 1
1824 11 1
1825 81 1
1826 101 1
1827 40 1
1828 202 1
1829 201 1
1830 1 1
1831 3 0
1832 108 0
1833 176 1
1834 138 0
1835 122 1
1836 142 0
1837 91 0
1838 81 1
1839 140 1
1840 107 1
1841 37 0
1842 3 0
1843 178 1
1844 195 0
1845 202 1
1846 178 1
1847 12 0
1848 150 1
1849 149 1
1850 63 1
1851 121 0
1852 75 0
1853 72 0
1854 187 1
1855 46 0
1856 28 1
1857 94 1
1858 163 0
1859 37 1
1860 41 1
1861 150 0
1862 38 0
1863 100 1
1864 145 1
1865 71 0
1866 113 0
1867 8 1
1868 199 1
1869 144 1
1870 93 1
1871 66 1
1872 70 1
1873 159 1
1874 27 0
1875 185 1
1876 27 1
1877 87 1
1878 90 0
1879 51 1
1880 28 0
1881 41 1
1882 109 1
1883 129 0
1884 134 1
1885 81 1
1886 55 0
1887 148 1
1888 107 1
1889 158 1
1890 96 1
1891 0 1
1892 68 1
1893 193 1
1894 71 1
1895 194 0
1896 165 1
1897 42 0
1898 81 1
1899 176 1
1900 38 0
1901 35 0
1902 202 1
1903 15 1
1904 81 1
1905 36 1
1906 111 1
1907 97 0
1908 127 1
1909 133 1
1910 128 1
1911 97 1
1912 154 1
1913 159 1
1914 109 0
1915 44 1
1916 185 1
1917 37 1
1918 60 1
1919 84 0
1920 25 1
1921 115 1
1922 159 1
1923 110 0
1924 97 1
1925 77 0
1926 165 0
1927 111 1
1928 112 1
1929 148 0
1930 198 0
1931 165 1
1932 66 1
1933 157 1
1934 56 1
1935 64 0
1936 158 1
1937 14 1
1938 191 1
1939 196 1
1940 167 1
1941 107 1
1942 42 1
1943 40 0
1944 81 1
1945 173 1
