2884
1 61 0
2 160 1
3 40 0
4 42 1
5 46 1
6 172 0
7 4 1
8 1 0
9 36 1
10 76 1
11 8 1
12 159 0
13 5 1
14 133 0
15 160 1
16 12 1
17 48 0
18 147 0
19 31 1
20 37 0
21 63 1
22 14 1
23 187 1
24 104 1
25 15 1
26 76 0
27 95 1
28 3 0
29 110 1
30 166 1
31 15 1
32 102 1
33 95 1
34 24 1
35 182 1
36 15 1
37 15 1
38 57 0
39 179 1
40 170 0
41 153 1
42 158 0
43 159 0
44 26 0
45 169 1
46 150 1
47 48 0
48 187 1
49 51 0
50 14 1
51 85 1
52 28 0
53 126 1
54 47 1
55 57 1
56 116 0
57 140 0
58 136 1
59 179 1
60 179 0
61 99 0
62 82 0
63 131 1
64 35 1
65 97 0
66 31 1
67 18 1
68 155 1
69 83 0
70 194 1
71 96 0
72 29 1
73 134 1
74 18 1
75 5 1
76 144 1
77 143 1
78 190 1
79 111 1
80 5 0
81 148 0
82 68 1
83 35 1
84 55 0
85 169 1
86 4 0
87 41 1
88 51 0
89 70 0
90 166 1
91 11 1
92 118 1
93 152 1
94 106 1
95 145 1
96 82 1
97 88 1
98 8 0
99 51 1
100 114 0
101 184 0
102 163 1
103 23 1
104 145 1
105 28 1
106 108 1
107 42 0
108 66 0
109 18 1
110 68 0
111 29 0
112 5 0
113 45 1
114 179 1
115 16 1
116 62 1
117 89 1
118 42 1
119 184 1
120 146 1
121 48 0
122 123 0
123 158 1
124 157 1
125 40 1
126 16 0
127 120 1
128 125 1
129 41 1
130 6 1
131 80 0
132 1 1
133 38 0
134 27 0
135 104 0
136 111 0
137 104 1
138 115 0
139 101 1
140 116 1
141 175 1
142 149 1
143 93 1
144 71 1
145 61 1
146 63 1
147 18 0
148 55 1
149 176 0
150 150 1
151 194 1
152 42 1
153 172 1
154 111 0
155 108 1
156 92 0
157 37 1
158 189 1
159 65 1
160 137 1
161 81 1
162 12 1
163 10 1
164 94 1
165 89 1
166 76 0
167 182 1
168 3 1
169 20 0
170 178 1
171 19 0
172 89 1
173 61 0
174 59 1
175 87 1
176 125 0
177 75 0
178 79 1
179 77 1
180 143 1
181 95 0
182 65 0
183 81 1
184 181 1
185 55 1
186 169 1
187 179 1
188 131 0
189 85 0
190 172 1
191 64 0
192 85 1
193 112 0
194 163 1
195 14 0
196 99 1
197 7 1
198 131 0
199 106 1
200 63 1
201 154 0
202 108 0
203 168 1
204 183 1
205 173 0
206 103 0
207 8 0
208 54 0
209 96 1
210 54 0
211 6 1
212 92 1
213 190 0
214 103 0
215 17 1
216 7 0
217 75 1
218 181 1
219 98 1
220 174 0
221 75 1
222 186 1
223 14 1
224 142 1
225 8 1
226 92 0
227 27 0
228 28 1
229 17 1
230 63 0
231 41 0
232 78 1
233 191 1
234 104 1
235 107 1
236 42 1
237 104 0
238 9 0
239 19 1
240 100 0
241 25 0
242 41 1
243 54 1
244 13 1
245 140 1
246 174 1
247 85 0
248 110 0
249 189 1
250 47 1
251 42 1
252 27 1
253 191 0
254 9 0
255 60 0
256 42 1
257 174 1
258 76 1
259 92 0
260 173 1
261 38 1
262 31 1
263 81 1
264 144 1
265 32 1
266 49 0
267 25 1
268 160 1
269 180 0
270 103 0
271 22 1
272 136 0
273 40 1
274 170 0
275 174 1
276 109 0
277 44 1
278 146 1
279 153 1
280 73 1
281 31 0
282 4 1
283 72 0
284 145 0
285 77 1
286 109 1
287 138 1
288 108 0
289 68 1
290 182 1
291 103 1
292 3 1
293 109 1
294 144 0
295 184 1
296 193 0
297 18 0
298 143 1
299 106 1
300 153 1
301 19 0
302 94 1
303 118 0
304 79 0
305 157 0
306 172 1
307 35 1
308 151 0
309 135 0
310 152 1
311 191 1
312 16 0
313 91 1
314 110 0
315 125 1
316 125 1
317 136 0
318 112 1
319 99 1
320 184 1
321 130 1
322 66 0
323 147 1
324 54 0
325 190 1
326 84 0
327 33 1
328 139 1
329 4 1
330 66 0
331 190 0
332 85 1
333 155 0
334 129 0
335 66 0
336 59 1
337 90 0
338 39 1
339 148 1
340 68 1
341 172 0
342 7 1
343 125 1
344 74 0
345 73 0
346 3 1
347 9 1
348 138 1
349 92 1
350 95 1
351 129 1
352 32 1
353 152 0
354 5 1
355 36 1
356 188 1
357 98 0
358 91 0
359 18 1
360 96 0
361 50 1
362 98 1
363 189 0
364 96 0
365 180 1
366 183 0
367 91 1
368 10 0
369 158 0
370 26 0
371 89 0
372 80 0
373 86 1
374 87 0
375 81 1
376 135 0
377 155 1
378 63 1
379 147 0
380 46 0
381 96 0
382 119 0
383 122 1
384 40 1
385 17 1
386 25 1
387 152 1
388 165 1
389 149 0
390 87 1
391 179 1
392 105 0
393 4 0
394 33 1
395 6 0
396 28 1
397 182 1
398 33 1
399 148 1
400 134 1
401 12 0
402 15 1
403 137 0
404 147 1
405 176 1
406 193 0
407 133 1
408 173 1
409 144 1
410 161 1
411 30 0
412 63 1
413 13 1
414 66 1
415 170 0
416 71 1
417 104 0
418 90 1
419 139 0
420 9 1
421 148 1
422 153 1
423 49 1
424 29 0
425 82 1
426 88 0
427 56 1
428 2 1
429 120 1
430 169 1
431 79 1
432 21 0
433 132 1
434 101 1
435 93 1
436 68 1
437 56 0
438 5 0
439 30 1
440 172 0
441 96 1
442 97 1
443 156 0
444 160 1
445 173 1
446 49 1
447 52 0
448 46 1
449 122 1
450 132 0
451 2 1
452 6 0
453 100 0
454 36 0
455 46 1
456 115 1
457 18 0
458 106 1
459 55 0
460 0 1
461 79 0
462 90 0
463 60 1
464 188 0
465 28 1
466 141 1
467 70 0
468 155 1
469 160 1
470 173 1
471 77 1
472 160 1
473 177 1
474 81 1
475 16 1
476 9 1
477 3 1
478 98 1
479 175 0
480 117 1
481 156 1
482 172 0
483 17 0
484 74 1
485 1 1
486 127 0
487 145 1
488 113 1
489 165 1
490 170 1
491 148 1
492 148 1
493 83 0
494 87 1
495 82 1
496 10 0
497 140 1
498 13 1
499 187 1
500 11 1
501 139 1
502 139 1
503 104 1
504 27 1
505 191 1
506 127 0
507 181 0
508 40 1
509 137 1
510 72 1
511 8 0
512 6 1
513 9 0
514 178 0
515 107 0
516 62 0
517 73 1
518 80 0
519 131 1
520 56 1
521 177 0
522 16 0
523 7 1
524 173 0
525 122 0
526 41 0
527 72 0
528 24 1
529 134 1
530 150 1
531 136 1
532 38 0
533 91 0
534 191 1
535 165 1
536 94 1
537 174 0
538 56 1
539 39 0
540 70 0
541 151 1
542 165 1
543 164 0
544 178 0
545 135 1
546 90 1
547 23 1
548 158 1
549 185 1
550 13 1
551 146 0
552 48 1
553 91 1
554 118 1
555 10 0
556 36 0
557 110 1
558 190 1
559 134 1
560 184 0
561 179 1
562 24 1
563 79 1
564 188 0
565 81 1
566 164 1
567 53 0
568 31 1
569 60 0
570 86 0
571 82 1
572 104 1
573 68 1
574 77 1
575 17 1
576 21 1
577 17 1
578 142 1
579 167 1
580 105 0
581 147 0
582 153 1
583 98 0
584 89 0
585 78 0
586 168 1
587 170 1
588 29 1
589 115 0
590 184 1
591 45 0
592 72 0
593 190 1
594 98 1
595 160 0
596 88 0
597 22 1
598 186 1
599 170 1
600 150 1
601 61 0
602 85 1
603 72 0
604 146 1
605 93 0
606 64 1
607 18 1
608 141 0
609 162 0
610 115 0
611 120 1
612 113 0
613 189 1
614 134 1
615 56 1
616 89 1
617 85 1
618 25 0
619 160 0
620 156 1
621 179 1
622 137 1
623 102 0
624 83 1
625 127 1
626 69 0
627 79 1
628 133 0
629 158 1
630 109 1
631 34 0
632 9 0
633 49 1
634 20 0
635 78 1
636 80 0
637 142 0
638 132 0
639 105 0
640 185 0
641 91 1
642 29 1
643 181 0
644 116 1
645 40 0
646 104 1
647 168 1
648 132 1
649 20 1
650 172 1
651 6 1
652 161 1
653 146 1
654 69 1
655 186 0
656 32 1
657 59 1
658 125 0
659 96 0
660 129 1
661 17 0
662 149 0
663 152 0
664 147 1
665 110 0
666 143 1
667 120 1
668 137 1
669 80 1
670 194 1
671 11 1
672 26 0
673 160 1
674 182 0
675 9 0
676 136 1
677 27 1
678 151 1
679 48 1
680 96 1
681 100 1
682 148 0
683 26 0
684 164 1
685 108 1
686 50 1
687 67 1
688 61 1
689 167 0
690 161 0
691 38 1
692 75 1
693 65 1
694 117 0
695 134 1
696 145 0
697 62 1
698 132 1
699 194 1
700 68 1
701 136 1
702 32 1
703 134 1
704 109 1
705 15 1
706 154 1
707 117 0
708 185 0
709 132 0
710 41 1
711 125 1
712 50 0
713 28 0
714 21 1
715 155 0
716 135 1
717 146 1
718 45 1
719 134 1
720 130 0
721 168 1
722 74 1
723 191 1
724 18 0
725 44 0
726 140 1
727 184 1
728 101 1
729 50 0
730 111 1
731 22 1
732 46 1
733 159 0
734 193 1
735 117 1
736 119 1
737 91 1
738 188 1
739 129 1
740 88 1
741 9 1
742 20 1
743 96 1
744 82 1
745 183 0
746 95 1
747 184 0
748 51 1
749 105 1
750 118 1
751 51 0
752 58 0
753 107 1
754 101 0
755 129 0
756 20 0
757 162 1
758 8 1
759 101 1
760 148 1
761 94 1
762 166 1
763 63 1
764 104 1
765 12 1
766 68 0
767 70 1
768 144 1
769 177 0
770 92 0
771 179 1
772 188 1
773 159 0
774 149 0
775 30 1
776 26 1
777 91 1
778 81 1
779 154 1
780 194 0
781 85 1
782 168 1
783 66 0
784 78 1
785 40 1
786 166 0
787 93 0
788 43 1
789 161 0
790 122 1
791 40 0
792 61 0
793 85 0
794 29 0
795 71 0
796 83 0
797 163 1
798 57 0
799 174 1
800 90 0
801 49 0
802 110 0
803 26 0
804 72 1
805 91 0
806 191 1
807 87 0
808 6 0
809 71 1
810 88 0
811 130 0
812 43 1
813 33 1
814 73 1
815 107 0
816 31 0
817 96 0
818 110 1
819 167 1
820 122 0
821 120 1
822 133 1
823 175 1
824 123 1
825 174 1
826 4 0
827 188 1
828 81 0
829 148 0
830 105 0
831 61 1
832 28 0
833 22 0
834 24 0
835 64 1
836 192 1
837 136 0
838 136 1
839 142 1
840 106 1
841 149 1
842 170 1
843 31 0
844 108 0
845 149 0
846 179 0
847 27 1
848 112 1
849 90 0
850 110 0
851 27 0
852 84 1
853 110 1
854 152 1
855 29 1
856 117 1
857 113 0
858 65 1
859 21 1
860 1 0
861 130 0
862 125 0
863 4 1
864 78 0
865 51 1
866 122 0
867 107 1
868 113 1
869 170 1
870 18 1
871 73 0
872 55 1
873 101 0
874 8 1
875 37 1
876 165 1
877 128 1
878 2 1
879 10 1
880 100 1
881 81 1
882 78 1
883 172 1
884 83 0
885 6 1
886 24 1
887 109 1
888 10 1
889 139 1
890 77 1
891 161 0
892 89 1
893 82 1
894 166 1
895 111 1
896 93 1
897 37 0
898 125 0
899 175 1
900 101 1
901 53 0
902 5 1
903 77 0
904 117 1
905 167 1
906 138 1
907 114 0
908 38 0
909 190 0
910 161 0
911 148 1
912 110 1
913 171 0
914 139 0
915 120 0
916 76 1
917 43 1
918 81 1
919 35 1
920 81 0
921 3 1
922 146 1
923 123 1
924 185 1
925 0 1
926 37 0
927 151 0
928 78 1
929 60 1
930 22 1
931 7 0
932 31 1
933 52 1
934 177 1
935 183 1
936 34 0
937 155 0
938 47 1
939 42 1
940 13 1
941 128 0
942 130 0
943 70 1
944 150 0
945 170 1
946 182 0
947 143 0
948 39 1
949 70 1
950 93 0
951 85 1
952 183 1
953 52 1
954 67 0
955 140 1
956 9 1
957 3 1
958 97 1
959 24 1
960 142 0
961 97 0
962 117 1
963 88 1
964 51 1
965 50 0
966 156 1
967 16 0
968 119 1
969 52 1
970 162 0
971 78 1
972 137 1
973 115 1
974 94 0
975 159 1
976 12 0
977 44 1
978 45 0
979 29 1
980 34 1
981 179 1
982 86 1
983 12 0
984 68 1
985 8 0
986 61 0
987 79 1
988 40 1
989 177 0
990 12 1
991 49 1
992 74 1
993 92 1
994 30 1
995 26 1
996 73 0
997 127 0
998 11 0
999 176 1
1000 8 1
1001 182 0
1002 14 1
1003 11 1
1004 134 0
1005 62 0
1006 6 1
1007 42 1
1008 76 1
1009 10 0
1010 127 1
1011 109 0
1012 47 1
1013 104 0
1014 52 1
1015 9 1
1016 141 0
1017 68 1
1018 131 1
1019 82 1
1020 12 1
1021 21 0
1022 194 0
1023 38 1
1024 136 1
1025 120 1
1026 152 1
1027 13 0
1028 76 1
1029 1 1
1030 74 1
1031 61 1
1032 142 1
1033 47 1
1034 82 1
1035 148 0
1036 85 1
1037 180 0
1038 171 1
1039 32 0
1040 12 1
1041 119 1
1042 188 1
1043 108 0
1044 188 1
1045 70 1
1046 59 1
1047 26 0
1048 134 0
1049 84 1
1050 15 1
1051 54 1
1052 145 1
1053 185 0
1054 131 1
1055 172 1
1056 48 1
1057 179 1
1058 168 1
1059 49 1
1060 141 0
1061 40 1
1062 191 1
1063 79 1
1064 80 0
1065 90 0
1066 12 1
1067 67 1
1068 56 1
1069 151 0
1070 20 1
1071 7 1
1072 97 1
1073 176 0
1074 23 1
1075 44 0
1076 22 1
1077 42 1
1078 151 1
1079 87 1
1080 95 1
1081 70 0
1082 66 1
1083 137 1
1084 68 1
1085 182 1
1086 93 1
1087 156 0
1088 120 1
1089 6 0
1090 106 1
1091 180 0
1092 134 1
1093 86 1
1094 87 1
1095 66 1
1096 28 0
1097 162 0
1098 147 1
1099 89 1
1100 69 0
1101 108 1
1102 9 1
1103 31 1
1104 145 1
1105 146 1
1106 154 0
1107 57 1
1108 31 1
1109 123 1
1110 190 1
1111 45 0
1112 138 0
1113 185 1
1114 56 1
1115 177 1
1116 94 1
1117 33 1
1118 98 1
1119 105 1
1120 40 0
1121 171 0
1122 60 1
1123 31 1
1124 50 1
1125 148 0
1126 156 0
1127 135 1
1128 146 1
1129 189 1
1130 15 1
1131 139 1
1132 133 1
1133 85 1
1134 108 0
1135 151 0
1136 186 0
1137 86 1
1138 100 1
1139 81 1
1140 145 0
1141 134 0
1142 100 1
1143 10 1
1144 139 1
1145 65 1
1146 114 1
1147 136 0
1148 54 0
1149 155 1
1150 156 0
1151 55 1
1152 110 0
1153 137 0
1154 131 1
1155 105 0
1156 124 1
1157 126 0
1158 187 1
1159 20 0
1160 79 0
1161 158 1
1162 34 1
1163 117 1
1164 65 1
1165 189 1
1166 60 1
1167 112 1
1168 130 1
1169 126 1
1170 144 1
1171 87 0
1172 148 1
1173 43 1
1174 94 0
1175 16 1
1176 88 0
1177 111 0
1178 18 1
1179 82 0
1180 178 1
1181 49 1
1182 65 0
1183 86 0
1184 27 1
1185 72 0
1186 121 0
1187 185 1
1188 117 1
1189 87 0
1190 163 0
1191 128 1
1192 21 0
1193 50 0
1194 145 1
1195 63 0
1196 148 1
1197 43 1
1198 85 1
1199 24 1
1200 19 1
1201 157 1
1202 128 1
1203 20 1
1204 180 0
1205 133 1
1206 149 0
1207 77 1
1208 111 0
1209 149 1
1210 4 1
1211 128 1
1212 69 0
1213 109 1
1214 173 0
1215 139 0
1216 101 1
1217 138 1
1218 120 0
1219 151 0
1220 76 1
1221 193 1
1222 156 1
1223 140 1
1224 13 1
1225 139 1
1226 179 0
1227 108 1
1228 115 1
1229 146 1
1230 94 1
1231 159 1
1232 131 1
1233 102 1
1234 72 0
1235 101 1
1236 20 1
1237 51 1
1238 180 0
1239 59 1
1240 157 1
1241 83 1
1242 142 0
1243 133 1
1244 153 1
1245 29 1
1246 115 0
1247 121 0
1248 34 0
1249 108 1
1250 26 1
1251 127 1
1252 120 1
1253 34 0
1254 113 1
1255 172 1
1256 36 1
1257 156 0
1258 124 1
1259 181 1
1260 51 1
1261 8 0
1262 142 1
1263 23 1
1264 96 0
1265 27 0
1266 152 1
1267 109 1
1268 76 1
1269 56 0
1270 176 1
1271 136 0
1272 160 0
1273 69 1
1274 64 1
1275 112 0
1276 137 1
1277 26 1
1278 121 1
1279 4 0
1280 119 1
1281 84 0
1282 57 1
1283 27 1
1284 81 1
1285 194 1
1286 183 0
1287 147 1
1288 105 1
1289 110 1
1290 15 1
1291 157 1
1292 19 0
1293 175 0
1294 171 0
1295 102 1
1296 16 1
1297 111 0
1298 124 1
1299 79 1
1300 93 0
1301 139 1
1302 87 1
1303 102 1
1304 52 1
1305 39 1
1306 179 1
1307 159 1
1308 123 1
1309 150 1
1310 125 1
1311 66 1
1312 182 0
1313 87 1
1314 188 1
1315 188 0
1316 118 1
1317 107 1
1318 97 0
1319 74 1
1320 38 0
1321 156 1
1322 53 1
1323 31 1
1324 66 1
1325 147 1
1326 177 0
1327 76 0
1328 69 1
1329 148 1
1330 8 0
1331 88 1
1332 147 1
1333 75 0
1334 149 0
1335 137 0
1336 7 1
1337 81 1
1338 92 0
1339 109 1
1340 166 1
1341 26 1
1342 147 1
1343 186 1
1344 138 1
1345 23 1
1346 86 0
1347 83 1
1348 179 1
1349 154 1
1350 52 1
1351 126 1
1352 135 0
1353 119 1
1354 65 0
1355 62 1
1356 34 0
1357 185 1
1358 62 0
1359 142 0
1360 188 1
1361 158 1
1362 81 1
1363 57 1
1364 144 1
1365 72 1
1366 52 0
1367 60 0
1368 150 1
1369 91 0
1370 152 0
1371 57 1
1372 113 1
1373 112 1
1374 163 1
1375 121 0
1376 29 0
1377 174 1
1378 70 1
1379 115 0
1380 187 0
1381 21 1
1382 63 1
1383 104 1
1384 6 0
1385 39 0
1386 26 1
1387 22 1
1388 149 1
1389 187 1
1390 193 1
1391 17 1
1392 70 1
1393 143 0
1394 167 0
1395 32 0
1396 56 1
1397 76 1
1398 8 1
1399 10 0
1400 119 0
1401 44 1
1402 151 1
1403 90 1
1404 72 1
1405 162 1
1406 68 1
1407 36 0
1408 115 0
1409 22 0
1410 116 1
1411 52 0
1412 48 0
1413 36 0
1414 52 1
1415 9 1
1416 101 1
1417 189 0
1418 187 1
1419 101 1
1420 39 0
1421 74 1
1422 120 1
1423 117 1
1424 34 1
1425 0 1
1426 66 1
1427 0 1
1428 120 1
1429 42 1
1430 88 0
1431 89 0
1432 172 1
1433 185 1
1434 168 1
1435 100 1
1436 32 0
1437 119 1
1438 157 0
1439 131 1
1440 52 1
1441 19 1
1442 124 1
1443 105 1
1444 189 0
1445 161 0
1446 138 1
1447 143 0
1448 139 1
1449 84 1
1450 96 1
1451 63 0
1452 36 1
1453 152 1
1454 162 1
1455 62 1
1456 93 0
1457 77 1
1458 167 1
1459 10 0
1460 75 0
1461 182 1
1462 32 0
1463 134 0
1464 7 0
1465 27 1
1466 147 1
1467 37 1
1468 144 0
1469 121 0
1470 22 1
1471 3 1
1472 136 1
1473 76 1
1474 7 1
1475 80 1
1476 131 1
1477 168 1
1478 136 1
1479 79 1
1480 69 1
1481 119 1
1482 2 1
1483 145 0
1484 89 1
1485 130 1
1486 194 1
1487 38 1
1488 85 1
1489 183 1
1490 141 1
1491 47 1
1492 75 1
1493 112 0
1494 66 0
1495 32 1
1496 103 0
1497 97 1
1498 179 1
1499 190 1
1500 57 1
1501 191 1
1502 2 0
1503 64 0
1504 22 1
1505 53 0
1506 187 1
1507 112 1
1508 60 1
1509 151 0
1510 93 1
1511 134 0
1512 78 1
1513 45 1
1514 89 0
1515 74 1
1516 105 1
1517 75 1
1518 106 1
1519 67 1
1520 63 0
1521 163 1
1522 160 1
1523 62 1
1524 176 0
1525 151 1
1526 140 1
1527 14 1
1528 133 0
1529 152 1
1530 106 0
1531 175 0
1532 170 0
1533 190 0
1534 67 1
1535 148 0
1536 55 0
1537 125 1
1538 68 0
1539 112 0
1540 145 1
1541 63 1
1542 99 1
1543 53 1
1544 143 0
1545 65 0
1546 110 0
1547 70 1
1548 40 1
1549 105 1
1550 0 1
1551 176 0
1552 174 0
1553 143 1
1554 39 1
1555 102 0
1556 69 0
1557 19 0
1558 182 1
1559 77 1
1560 151 1
1561 184 0
1562 194 1
1563 23 1
1564 191 0
1565 85 1
1566 58 0
1567 120 1
1568 113 0
1569 23 1
1570 68 1
1571 80 1
1572 163 1
1573 177 1
1574 45 0
1575 24 1
1576 142 0
1577 134 0
1578 139 1
1579 53 0
1580 157 0
1581 71 1
1582 77 0
1583 124 0
1584 71 1
1585 19 0
1586 16 0
1587 149 1
1588 72 0
1589 73 0
1590 130 1
1591 185 1
1592 177 1
1593 91 1
1594 153 1
1595 68 0
1596 26 1
1597 74 0
1598 142 1
1599 166 1
1600 156 0
1601 29 0
1602 30 1
1603 29 0
1604 54 1
1605 91 1
1606 139 1
1607 134 1
1608 77 1
1609 182 0
1610 46 1
1611 156 0
1612 66 1
1613 48 0
1614 172 1
1615 98 1
1616 17 1
1617 177 0
1618 117 1
1619 88 0
1620 53 1
1621 33 1
1622 132 1
1623 185 1
1624 69 1
1625 55 1
1626 99 1
1627 126 0
1628 118 0
1629 118 0
1630 134 1
1631 100 0
1632 89 0
1633 137 1
1634 161 0
1635 55 0
1636 81 0
1637 16 1
1638 60 1
1639 38 0
1640 51 1
1641 116 1
1642 109 1
1643 188 0
1644 161 1
1645 66 1
1646 6 1
1647 190 1
1648 120 1
1649 173 0
1650 34 1
1651 172 0
1652 121 1
1653 72 1
1654 67 0
1655 54 1
1656 75 1
1657 140 0
1658 90 0
1659 155 1
1660 118 1
1661 96 1
1662 64 1
1663 91 1
1664 96 0
1665 15 1
1666 170 0
1667 185 1
1668 181 1
1669 22 1
1670 45 1
1671 43 1
1672 119 1
1673 49 1
1674 190 1
1675 9 1
1676 170 1
1677 109 1
1678 69 1
1679 163 0
1680 141 1
1681 39 1
1682 172 1
1683 85 0
1684 159 0
1685 151 1
1686 183 1
1687 68 1
1688 122 1
1689 60 1
1690 66 1
1691 102 1
1692 47 0
1693 147 0
1694 88 1
1695 153 1
1696 167 0
1697 151 1
1698 94 0
1699 46 0
1700 20 0
1701 6 1
1702 136 1
1703 55 1
1704 131 1
1705 120 1
1706 125 0
1707 43 1
1708 178 1
1709 161 0
1710 51 1
1711 106 1
1712 184 0
1713 39 1
1714 43 1
1715 81 1
1716 27 0
1717 140 1
1718 35 0
1719 37 1
1720 55 0
1721 108 1
1722 124 1
1723 30 0
1724 86 1
1725 178 0
1726 54 1
1727 32 1
1728 92 1
1729 67 1
1730 96 0
1731 71 1
1732 108 1
1733 97 1
1734 23 0
1735 54 1
1736 164 1
1737 131 1
1738 57 1
1739 5 0
1740 163 1
1741 86 1
1742 17 1
1743 5 1
1744 129 1
1745 117 1
1746 160 0
1747 25 0
1748 16 1
1749 156 1
1750 129 0
1751 184 0
1752 49 1
1753 63 1
1754 92 1
1755 122 1
1756 123 0
1757 22 1
1758 72 1
1759 122 1
1760 39 0
1761 104 1
1762 44 1
1763 144 1
1764 124 0
1765 166 1
1766 187 1
1767 28 0
1768 87 1
1769 87 1
1770 31 0
1771 179 1
1772 162 0
1773 39 0
1774 100 1
1775 113 1
1776 145 0
1777 82 0
1778 23 1
1779 121 1
1780 76 0
1781 144 1
1782 187 1
1783 49 0
1784 7 1
1785 2 0
1786 157 1
1787 132 1
1788 187 1
1789 36 1
1790 10 1
1791 171 0
1792 110 1
1793 150 0
1794 158 0
1795 25 1
1796 41 0
1797 175 0
1798 86 1
1799 51 1
1800 172 1
1801 71 0
1802 107 1
1803 131 1
1804 118 1
1805 65 0
1806 60 1
1807 157 0
1808 167 0
1809 47 1
1810 61 1
1811 170 1
1812 181 1
1813 75 0
1814 119 1
1815 104 1
1816 120 1
1817 103 1
1818 55 0
1819 4 0
1820 78 1
1821 175 1
1822 178 0
1823 52 1
1824 121 1
1825 86 1
1826 111 1
1827 30 1
1828 22 1
1829 41 1
1830 171 0
1831 178 1
1832 193 1
1833 1 1
1834 193 1
1835 167 0
1836 142 1
1837 26 1
1838 156 1
1839 80 1
1840 117 1
1841 137 0
1842 38 0
1843 3 1
1844 145 1
1845 142 1
1846 63 1
1847 157 1
1848 150 1
1849 54 1
1850 163 0
1851 36 0
1852 45 1
1853 107 0
1854 12 0
1855 156 0
1856 98 1
1857 164 1
1858 138 0
1859 137 0
1860 151 1
1861 20 1
1862 148 1
1863 20 1
1864 140 1
1865 191 1
1866 168 1
1867 158 0
1868 94 1
1869 159 1
1870 3 1
1871 41 1
1872 90 1
1873 49 1
1874 117 1
1875 60 1
1876 142 1
1877 32 1
1878 130 1
1879 71 0
1880 193 1
1881 191 1
1882 99 0
1883 124 0
1884 164 1
1885 171 1
1886 80 1
1887 13 0
1888 162 1
1889 143 0
1890 121 1
1891 30 1
1892 28 1
1893 103 1
1894 181 1
1895 174 0
1896 180 0
1897 157 1
1898 1 1
1899 21 1
1900 113 1
1901 10 1
1902 82 1
1903 40 0
1904 86 0
1905 6 1
1906 131 0
1907 147 1
1908 37 1
1909 123 1
1910 168 0
1911 142 1
1912 144 1
1913 109 1
1914 129 1
1915 184 1
1916 0 0
1917 112 1
1918 90 1
1919 4 0
1920 80 1
1921 60 0
1922 114 0
1923 175 1
1924 7 1
1925 47 1
1926 145 1
1927 6 0
1928 37 1
1929 113 1
1930 118 1
1931 85 1
1932 101 1
1933 72 1
1934 161 1
1935 44 1
1936 88 0
1937 129 1
1938 56 1
1939 31 1
1940 152 1
1941 177 1
1942 12 1
1943 70 1
1944 171 0
1945 88 0
1946 157 1
1947 84 0
1948 182 1
1949 194 0
1950 105 1
1951 66 0
1952 87 1
1953 12 1
1954 49 0
1955 145 0
1956 61 1
1957 48 1
1958 55 1
1959 191 1
1960 45 1
1961 64 1
1962 2 1
1963 10 0
1964 48 0
1965 77 0
1966 119 0
1967 158 1
1968 83 1
1969 93 1
1970 86 1
1971 11 1
1972 177 1
1973 93 1
1974 117 0
1975 135 1
1976 46 0
1977 109 0
1978 24 1
1979 172 1
1980 0 1
1981 165 0
1982 71 1
1983 70 0
1984 171 1
1985 92 0
1986 18 1
1987 82 1
1988 101 0
1989 37 0
1990 137 1
1991 125 0
1992 48 1
1993 103 1
1994 97 1
1995 83 1
1996 8 1
1997 27 1
1998 122 1
1999 38 1
2000 5 1
2001 167 0
2002 172 1
2003 90 1
2004 168 1
2005 41 1
2006 43 1
2007 165 0
2008 144 1
2009 102 1
2010 27 1
2011 82 0
2012 178 1
2013 181 1
2014 146 1
2015 15 1
2016 94 0
2017 113 1
2018 175 1
2019 89 1
2020 74 1
2021 64 0
2022 41 1
2023 80 0
2024 175 0
2025 171 1
2026 45 1
2027 176 1
2028 175 1
2029 140 0
2030 126 1
2031 22 0
2032 81 1
2033 35 0
2034 83 0
2035 14 1
2036 0 1
2037 80 1
2038 52 1
2039 166 1
2040 20 1
2041 174 0
2042 13 1
2043 32 0
2044 62 1
2045 119 1
2046 71 1
2047 85 0
2048 21 1
2049 18 1
2050 56 1
2051 133 1
2052 50 1
2053 37 1
2054 51 1
2055 74 1
2056 157 1
2057 75 1
2058 147 1
2059 163 1
2060 152 0
2061 7 1
2062 168 0
2063 181 1
2064 24 0
2065 37 0
2066 104 1
2067 76 1
2068 128 0
2069 1 1
2070 60 0
2071 189 1
2072 67 0
2073 65 1
2074 177 0
2075 34 0
2076 189 0
2077 34 1
2078 140 0
2079 96 0
2080 92 0
2081 117 1
2082 176 1
2083 95 1
2084 178 1
2085 161 1
2086 111 1
2087 5 1
2088 30 1
2089 71 1
2090 172 1
2091 85 1
2092 86 1
2093 5 1
2094 12 1
2095 135 1
2096 107 1
2097 45 1
2098 122 1
2099 70 0
2100 48 1
2101 155 1
2102 65 0
2103 16 1
2104 103 1
2105 114 1
2106 131 1
2107 51 0
2108 191 0
2109 189 1
2110 97 1
2111 52 1
2112 59 1
2113 37 1
2114 49 0
2115 98 1
2116 83 1
2117 1 0
2118 90 0
2119 55 1
2120 43 1
2121 79 1
2122 173 1
2123 70 0
2124 194 0
2125 118 0
2126 193 1
2127 45 0
2128 79 1
2129 178 1
2130 128 1
2131 97 1
2132 11 1
2133 104 1
2134 55 1
2135 167 1
2136 133 1
2137 79 1
2138 122 1
2139 26 1
2140 85 1
2141 156 0
2142 58 1
2143 80 1
2144 27 1
2145 137 1
2146 83 0
2147 112 1
2148 78 1
2149 134 1
2150 53 0
2151 104 1
2152 98 0
2153 109 0
2154 76 1
2155 85 0
2156 23 1
2157 117 0
2158 120 1
2159 158 0
2160 132 0
2161 47 1
2162 80 0
2163 181 1
2164 120 0
2165 35 1
2166 166 1
2167 103 0
2168 67 1
2169 161 1
2170 92 1
2171 177 1
2172 37 1
2173 9 1
2174 101 0
2175 48 0
2176 12 1
2177 125 1
2178 194 1
2179 189 1
2180 43 1
2181 164 1
2182 109 0
2183 84 1
2184 158 0
2185 64 1
2186 108 1
2187 110 0
2188 18 1
2189 174 1
2190 31 1
2191 97 1
2192 62 0
2193 75 1
2194 145 0
2195 181 1
2196 38 1
2197 8 1
2198 96 0
2199 68 1
2200 148 1
2201 120 1
2202 179 0
2203 78 1
2204 94 0
2205 62 1
2206 24 1
2207 41 1
2208 59 1
2209 87 1
2210 124 1
2211 70 1
2212 97 1
2213 54 1
2214 109 1
2215 63 1
2216 60 1
2217 191 1
2218 91 1
2219 181 1
2220 71 1
2221 183 0
2222 80 1
2223 121 0
2224 17 0
2225 88 0
2226 154 0
2227 49 1
2228 176 1
2229 188 1
2230 31 1
2231 93 0
2232 112 1
2233 141 1
2234 103 0
2235 66 1
2236 48 1
2237 142 0
2238 151 1
2239 140 1
2240 149 0
2241 55 0
2242 64 1
2243 104 1
2244 12 1
2245 76 1
2246 26 1
2247 73 1
2248 130 1
2249 18 1
2250 20 1
2251 153 1
2252 140 1
2253 69 1
2254 108 1
2255 137 0
2256 114 1
2257 109 0
2258 168 0
2259 164 1
2260 55 0
2261 163 1
2262 86 1
2263 91 1
2264 1 1
2265 66 1
2266 194 1
2267 28 0
2268 192 0
2269 108 1
2270 178 1
2271 106 1
2272 54 1
2273 88 1
2274 173 0
2275 147 1
2276 41 0
2277 181 1
2278 97 1
2279 87 1
2280 58 1
2281 125 1
2282 50 0
2283 69 0
2284 190 0
2285 24 0
2286 39 0
2287 15 1
2288 90 1
2289 187 1
2290 99 1
2291 101 1
2292 128 0
2293 11 1
2294 36 1
2295 134 1
2296 125 1
2297 24 1
2298 156 1
2299 95 1
2300 82 1
2301 2 1
2302 189 1
2303 86 1
2304 60 1
2305 152 1
2306 91 0
2307 44 1
2308 84 1
2309 60 1
2310 26 1
2311 86 1
2312 2 0
2313 71 1
2314 77 1
2315 182 0
2316 29 0
2317 25 1
2318 140 0
2319 174 1
2320 62 1
2321 104 0
2322 128 0
2323 183 0
2324 142 0
2325 9 0
2326 114 0
2327 131 1
2328 79 1
2329 147 1
2330 112 0
2331 59 1
2332 190 0
2333 104 1
2334 68 1
2335 13 1
2336 87 0
2337 95 1
2338 76 0
2339 105 1
2340 4 1
2341 131 1
2342 83 1
2343 174 1
2344 14 0
2345 62 1
2346 4 1
2347 141 1
2348 78 1
2349 6 0
2350 6 0
2351 20 1
2352 142 1
2353 182 1
2354 71 1
2355 181 1
2356 146 1
2357 132 1
2358 124 0
2359 68 1
2360 176 1
2361 138 0
2362 191 1
2363 51 1
2364 73 1
2365 159 1
2366 16 1
2367 46 0
2368 39 0
2369 121 0
2370 192 1
2371 124 1
2372 164 0
2373 50 0
2374 45 1
2375 171 1
2376 60 0
2377 12 1
2378 137 0
2379 69 0
2380 188 0
2381 163 1
2382 152 1
2383 175 1
2384 181 0
2385 45 1
2386 148 1
2387 66 1
2388 102 1
2389 149 1
2390 175 1
2391 174 1
2392 112 1
2393 36 1
2394 121 0
2395 138 1
2396 11 1
2397 131 1
2398 59 0
2399 98 1
2400 151 0
2401 95 1
2402 184 1
2403 160 1
2404 151 1
2405 44 1
2406 46 0
2407 110 1
2408 148 1
2409 85 1
2410 124 1
2411 128 0
2412 73 1
2413 170 1
2414 114 1
2415 177 1
2416 88 1
2417 47 1
2418 112 1
2419 40 0
2420 0 1
2421 71 1
2422 174 1
2423 143 1
2424 5 1
2425 74 0
2426 129 1
2427 69 1
2428 11 0
2429 140 1
2430 56 1
2431 68 1
2432 140 0
2433 160 1
2434 1 0
2435 125 1
2436 29 1
2437 181 1
2438 121 1
2439 75 1
2440 35 1
2441 60 1
2442 95 1
2443 45 0
2444 179 1
2445 37 1
2446 52 1
2447 123 1
2448 93 1
2449 54 1
2450 33 1
2451 34 0
2452 119 0
2453 9 0
2454 22 0
2455 172 1
2456 105 0
2457 27 1
2458 173 0
2459 112 1
2460 130 1
2461 70 0
2462 194 1
2463 52 1
2464 26 1
2465 193 1
2466 30 1
2467 60 0
2468 120 1
2469 67 1
2470 154 1
2471 4 1
2472 22 1
2473 71 1
2474 43 0
2475 30 0
2476 144 0
2477 100 1
2478 167 0
2479 174 1
2480 130 1
2481 64 1
2482 77 1
2483 182 1
2484 66 0
2485 16 0
2486 166 0
2487 158 1
2488 186 0
2489 128 1
2490 156 1
2491 147 1
2492 131 1
2493 187 1
2494 76 1
2495 41 1
2496 16 0
2497 44 1
2498 101 1
2499 162 0
2500 153 0
2501 133 1
2502 71 1
2503 124 1
2504 2 1
2505 36 0
2506 87 0
2507 75 0
2508 175 0
2509 194 1
2510 39 0
2511 136 1
2512 84 1
2513 21 1
2514 84 0
2515 98 0
2516 39 0
2517 38 0
2518 4 1
2519 45 1
2520 91 1
2521 170 1
2522 9 1
2523 75 0
2524 118 0
2525 114 1
2526 121 0
2527 152 1
2528 174 0
2529 135 0
2530 102 0
2531 105 0
2532 141 0
2533 191 0
2534 50 1
2535 23 1
2536 61 1
2537 193 1
2538 49 1
2539 0 1
2540 86 1
2541 69 1
2542 108 0
2543 90 0
2544 139 1
2545 23 0
2546 136 1
2547 127 0
2548 83 1
2549 33 1
2550 36 1
2551 148 1
2552 189 1
2553 174 1
2554 158 0
2555 83 1
2556 32 0
2557 129 1
2558 51 0
2559 167 0
2560 121 0
2561 176 1
2562 62 0
2563 17 1
2564 103 1
2565 85 1
2566 45 0
2567 47 1
2568 56 0
2569 151 0
2570 73 1
2571 135 1
2572 64 1
2573 185 1
2574 32 1
2575 49 1
2576 24 0
2577 88 1
2578 77 1
2579 105 1
2580 94 0
2581 130 1
2582 100 0
2583 119 1
2584 77 0
2585 114 1
2586 181 0
2587 0 1
2588 130 1
2589 171 1
2590 20 1
2591 60 0
2592 123 0
2593 4 1
2594 193 1
2595 125 1
2596 171 1
2597 172 0
2598 111 1
2599 43 1
2600 43 0
2601 82 0
2602 22 1
2603 19 1
2604 74 1
2605 187 0
2606 88 1
2607 11 0
2608 73 1
2609 157 1
2610 63 1
2611 37 1
2612 20 0
2613 54 1
2614 177 0
2615 63 1
2616 126 1
2617 188 1
2618 101 1
2619 106 1
2620 142 0
2621 13 1
2622 23 1
2623 58 1
2624 174 1
2625 40 0
2626 47 1
2627 149 1
2628 30 1
2629 138 1
2630 173 1
2631 171 1
2632 91 1
2633 126 0
2634 183 1
2635 111 1
2636 75 1
2637 105 1
2638 22 1
2639 133 1
2640 56 1
2641 178 0
2642 62 1
2643 109 0
2644 81 1
2645 172 0
2646 126 0
2647 36 0
2648 58 1
2649 87 0
2650 139 1
2651 116 0
2652 0 1
2653 56 0
2654 61 0
2655 158 0
2656 174 1
2657 159 1
2658 146 0
2659 7 1
2660 126 1
2661 159 0
2662 72 1
2663 19 1
2664 102 0
2665 116 1
2666 48 1
2667 4 0
2668 130 0
2669 138 1
2670 60 1
2671 181 1
2672 115 0
2673 149 1
2674 24 1
2675 38 1
2676 79 0
2677 19 1
2678 8 0
2679 26 1
2680 83 1
2681 95 0
2682 118 0
2683 53 1
2684 31 1
2685 184 0
2686 37 1
2687 71 0
2688 59 0
2689 29 0
2690 53 1
2691 174 1
2692 75 1
2693 156 1
2694 171 1
2695 66 0
2696 136 0
2697 130 1
2698 133 1
2699 52 0
2700 119 0
2701 1 1
2702 150 0
2703 52 1
2704 97 0
2705 166 1
2706 88 0
2707 26 1
2708 15 1
2709 52 1
2710 110 1
2711 118 1
2712 25 1
2713 50 1
2714 176 1
2715 0 1
2716 83 1
2717 0 1
2718 140 0
2719 121 1
2720 72 1
2721 131 1
2722 42 1
2723 1 0
2724 85 1
2725 183 1
2726 111 0
2727 185 1
2728 98 1
2729 167 0
2730 83 1
2731 118 0
2732 108 0
2733 144 1
2734 109 0
2735 35 1
2736 162 0
2737 19 0
2738 68 1
2739 73 1
2740 13 1
2741 25 0
2742 106 1
2743 133 0
2744 124 1
2745 28 1
2746 144 0
2747 50 1
2748 137 0
2749 178 1
2750 137 0
2751 105 0
2752 123 1
2753 181 1
2754 84 1
2755 150 0
2756 187 1
2757 94 0
2758 64 1
2759 47 1
2760 9 1
2761 72 1
2762 93 0
2763 150 1
2764 61 1
2765 26 0
2766 90 0
2767 176 0
2768 67 0
2769 15 1
2770 94 1
2771 121 0
2772 86 1
2773 124 1
2774 186 0
2775 82 0
2776 185 1
2777 160 1
2778 148 1
2779 125 1
2780 120 1
2781 153 1
2782 154 1
2783 100 1
2784 168 0
2785 51 1
2786 93 1
2787 93 0
2788 4 0
2789 73 1
2790 4 0
2791 130 1
2792 181 0
2793 83 1
2794 82 0
2795 88 0
2796 164 1
2797 156 0
2798 52 1
2799 90 1
2800 116 0
2801 160 0
2802 124 0
2803 132 1
2804 19 1
2805 191 0
2806 37 0
2807 151 1
2808 160 0
2809 97 0
2810 53 0
2811 121 1
2812 104 1
2813 153 1
2814 82 1
2815 54 0
2816 128 1
2817 152 0
2818 145 0
2819 186 1
2820 167 0
2821 127 0
2822 119 1
2823 167 1
2824 124 1
2825 3 1
2826 127 1
2827 72 1
2828 145 0
2829 64 0
2830 145 1
2831 170 1
2832 139 1
2833 8 1
2834 90 1
2835 193 1
2836 120 0
2837 139 1
2838 82 0
2839 0 1
2840 181 0
2841 188 0
2842 194 1
2843 21 1
2844 35 1
2845 115 1
2846 77 0
2847 3 1
2848 24 1
2849 116 0
2850 77 1
2851 48 1
2852 113 0
2853 113 1
2854 172 0
2855 78 1
2856 183 0
2857 16 1
2858 76 1
2859 3 1
2860 62 1
2861 37 1
2862 82 1
2863 99 1
2864 119 1
2865 92 0
2866 8 0
2867 71 0
2868 72 1
2869 60 1
2870 170 0
2871 147 1
2872 148 0
2873 18 0
2874 139 0
2875 81 1
2876 79 0
2877 18 1
2878 97 1
2879 139 1
2880 78 0
2881 23 1
2882 116 1
2883 146 1
2884 22 1
