3703
1 436 0
2 315 1
3 460 0
4 232 1
5 296 0
6 342 1
7 19 0
8 91 1
9 106 1
10 236 1
11 58 0
12 354 1
13 65 1
14 108 1
15 10 1
16 422 1
17 273 1
18 162 1
19 106 1
20 272 1
21 303 1
22 29 1
23 497 1
24 289 1
25 75 0
26 291 0
27 310 1
28 138 0
29 440 1
30 226 1
31 95 1
32 392 0
33 5 1
34 159 0
35 72 1
36 210 1
37 170 1
38 327 1
39 494 1
40 395 1
41 333 0
42 333 1
43 389 0
44 76 0
45 279 1
46 270 1
47 8 1
48 372 1
49 341 0
50 259 0
51 155 1
52 418 1
53 271 1
54 117 1
55 47 1
56 21 0
57 255 1
58 81 1
59 454 0
60 464 1
61 89 1
62 232 1
63 16 0
64 245 0
65 327 1
66 466 0
67 98 1
68 370 1
69 248 1
70 259 0
71 56 1
72 239 1
73 264 1
74 13 1
75 40 1
76 4 0
77 403 1
78 360 1
79 31 1
80 405 0
81 168 1
82 403 1
83 375 1
84 265 1
85 384 0
86 44 0
87 366 0
88 381 1
89 165 1
90 406 1
91 501 1
92 468 1
93 342 1
94 381 1
95 425 1
96 227 1
97 278 0
98 488 1
99 461 0
100 334 1
101 334 1
102 343 1
103 223 1
104 455 1
105 243 1
106 223 1
107 462 1
108 201 1
109 73 1
110 168 0
111 494 0
112 215 1
113 150 1
114 44 1
115 76 1
116 77 1
117 319 1
118 302 1
119 269 0
120 56 1
121 238 0
122 313 1
123 28 1
124 57 0
125 155 0
126 161 1
127 250 1
128 40 1
129 271 1
130 136 0
131 25 1
132 386 1
133 263 1
134 12 1
135 504 0
136 101 0
137 414 1
138 500 1
139 491 1
140 106 0
141 345 0
142 419 1
143 273 0
144 491 1
145 106 0
146 453 1
147 403 1
148 105 1
149 81 0
150 255 1
151 319 0
152 317 1
153 332 1
154 301 1
155 433 1
156 22 1
157 237 1
158 364 0
159 25 0
160 112 1
161 101 0
162 397 0
163 25 0
164 294 0
165 249 0
166 186 0
167 467 0
168 493 0
169 445 1
170 243 1
171 259 1
172 209 1
173 336 1
174 64 0
175 47 1
176 55 1
177 305 1
178 349 1
179 12 1
180 503 0
181 250 1
182 20 1
183 316 1
184 136 0
185 365 1
186 259 1
187 274 0
188 111 1
189 165 0
190 467 1
191 419 1
192 495 0
193 32 1
194 178 1
195 39 0
196 439 1
197 427 1
198 131 0
199 31 1
200 58 1
201 209 1
202 78 1
203 348 1
204 83 1
205 498 0
206 288 0
207 198 1
208 194 1
209 246 1
210 409 1
211 111 1
212 137 1
213 365 0
214 273 1
215 97 1
216 422 1
217 210 1
218 351 0
219 318 0
220 129 1
221 110 1
222 286 1
223 324 1
224 167 0
225 483 0
226 417 0
227 482 0
228 123 0
229 317 1
230 368 1
231 356 1
232 283 1
233 481 0
234 249 0
235 127 1
236 167 1
237 424 1
238 174 1
239 59 1
240 375 1
241 480 0
242 126 1
243 404 0
244 428 1
245 275 1
246 194 1
247 205 1
248 390 1
249 169 1
250 37 1
251 142 1
252 162 1
253 221 0
254 439 1
255 240 1
256 317 1
257 159 1
258 301 0
259 322 0
260 343 1
261 78 0
262 421 0
263 71 1
264 94 1
265 2 1
266 99 1
267 470 1
268 340 1
269 160 1
270 28 1
271 212 1
272 311 1
273 485 1
274 60 0
275 399 1
276 24 1
277 64 0
278 456 1
279 313 0
280 443 0
281 311 1
282 89 0
283 367 1
284 25 1
285 332 0
286 119 0
287 28 0
288 108 1
289 33 0
290 377 1
291 133 1
292 33 1
293 409 1
294 399 0
295 164 1
296 163 1
297 443 1
298 313 1
299 311 1
300 23 1
301 459 1
302 379 0
303 68 0
304 124 1
305 217 1
306 162 1
307 465 1
308 176 1
309 380 1
310 217 0
311 476 0
312 76 1
313 261 1
314 415 1
315 290 0
316 340 1
317 76 1
318 427 1
319 264 1
320 379 0
321 110 0
322 461 0
323 432 0
324 69 0
325 270 1
326 414 1
327 228 1
328 284 0
329 4 0
330 186 1
331 195 1
332 235 0
333 370 1
334 44 0
335 271 0
336 239 1
337 155 1
338 14 1
339 328 0
340 18 0
341 437 0
342 402 1
343 485 1
344 279 1
345 443 0
346 413 1
347 49 0
348 33 0
349 302 1
350 110 0
351 129 0
352 12 1
353 107 1
354 500 0
355 176 1
356 158 0
357 8 0
358 336 0
359 303 0
360 106 1
361 205 1
362 3 0
363 159 1
364 236 0
365 180 0
366 158 1
367 326 1
368 155 1
369 263 1
370 431 0
371 164 1
372 110 0
373 206 1
374 227 0
375 186 0
376 380 1
377 415 1
378 208 1
379 487 0
380 226 0
381 421 1
382 34 1
383 117 1
384 170 1
385 407 1
386 450 0
387 247 0
388 305 0
389 64 1
390 87 0
391 494 1
392 270 1
393 479 1
394 103 1
395 486 0
396 253 1
397 277 1
398 273 1
399 38 1
400 404 1
401 102 0
402 140 1
403 472 1
404 432 1
405 101 0
406 348 0
407 43 0
408 58 0
409 154 0
410 41 1
411 120 1
412 233 1
413 143 1
414 421 0
415 445 1
416 256 1
417 299 0
418 20 1
419 404 1
420 364 0
421 28 0
422 158 1
423 454 0
424 89 1
425 7 1
426 373 1
427 491 0
428 87 0
429 170 1
430 444 0
431 19 0
432 286 1
433 87 1
434 146 1
435 388 1
436 53 0
437 346 1
438 50 1
439 495 1
440 467 0
441 336 1
442 192 1
443 66 1
444 80 1
445 483 1
446 414 0
447 282 1
448 316 1
449 132 1
450 422 0
451 97 0
452 61 1
453 250 1
454 301 0
455 251 1
456 305 1
457 228 0
458 101 0
459 405 1
460 160 1
461 269 1
462 380 0
463 400 0
464 483 1
465 283 0
466 176 1
467 0 1
468 385 1
469 350 1
470 53 1
471 7 0
472 380 1
473 417 1
474 226 1
475 226 1
476 329 1
477 18 1
478 103 1
479 25 1
480 7 0
481 111 1
482 317 1
483 422 0
484 429 1
485 446 1
486 497 1
487 335 0
488 318 1
489 350 1
490 260 0
491 493 0
492 128 0
493 288 0
494 492 1
495 447 1
496 250 1
497 245 0
498 298 0
499 327 0
500 496 1
501 199 1
502 284 1
503 424 0
504 477 0
505 271 1
506 407 1
507 316 1
508 400 0
509 462 0
510 42 1
511 448 1
512 86 1
513 489 1
514 418 1
515 102 1
516 142 1
517 23 1
518 465 1
519 86 1
520 211 0
521 232 1
522 246 1
523 277 0
524 278 0
525 157 1
526 201 1
527 242 1
528 424 1
529 234 1
530 100 1
531 376 1
532 268 1
533 231 1
534 341 1
535 295 1
536 304 0
537 294 0
538 201 0
539 254 0
540 435 1
541 361 1
542 75 1
543 114 0
544 393 0
545 465 1
546 315 1
547 298 1
548 298 0
549 440 0
550 408 0
551 316 1
552 388 1
553 321 1
554 373 0
555 125 0
556 111 1
557 130 1
558 80 1
559 314 1
560 89 0
561 24 1
562 174 1
563 44 1
564 413 0
565 236 0
566 344 1
567 153 0
568 221 1
569 445 0
570 241 0
571 22 0
572 114 1
573 168 0
574 397 1
575 297 0
576 386 0
577 452 1
578 272 0
579 157 0
580 105 1
581 192 1
582 3 0
583 373 1
584 449 1
585 448 1
586 8 1
587 100 1
588 184 1
589 450 1
590 379 0
591 125 1
592 192 1
593 450 0
594 198 0
595 340 1
596 58 1
597 382 0
598 441 0
599 420 1
600 125 1
601 66 1
602 395 0
603 322 0
604 501 0
605 218 1
606 139 1
607 198 1
608 46 1
609 492 0
610 380 1
611 110 1
612 423 1
613 129 1
614 304 1
615 306 0
616 474 1
617 125 1
618 100 1
619 0 0
620 411 0
621 34 1
622 192 0
623 7 1
624 443 1
625 482 1
626 389 1
627 319 0
628 208 1
629 228 1
630 54 0
631 504 0
632 469 0
633 454 0
634 200 0
635 228 0
636 370 1
637 287 1
638 57 0
639 295 1
640 355 1
641 381 1
642 494 1
643 176 1
644 206 1
645 205 1
646 64 1
647 418 1
648 462 0
649 160 1
650 452 0
651 331 1
652 146 1
653 441 0
654 474 1
655 266 1
656 132 1
657 194 0
658 405 0
659 386 1
660 404 1
661 502 0
662 424 1
663 497 1
664 412 1
665 100 1
666 103 1
667 305 1
668 107 1
669 15 1
670 34 0
671 31 1
672 491 0
673 355 1
674 157 1
675 194 1
676 456 0
677 87 1
678 236 1
679 318 0
680 366 0
681 65 1
682 413 1
683 281 1
684 174 0
685 293 1
686 140 1
687 442 1
688 111 1
689 147 1
690 91 1
691 393 1
692 95 0
693 485 1
694 122 1
695 474 1
696 280 1
697 452 0
698 472 1
699 404 1
700 88 0
701 416 1
702 12 1
703 489 1
704 209 0
705 460 0
706 34 1
707 477 1
708 390 0
709 22 0
710 386 0
711 495 0
712 160 1
713 483 0
714 301 0
715 335 1
716 70 1
717 246 1
718 230 0
719 274 1
720 495 0
721 368 1
722 139 0
723 221 1
724 428 0
725 99 1
726 370 1
727 99 0
728 161 0
729 220 0
730 21 0
731 42 0
732 431 0
733 309 1
734 148 0
735 157 0
736 374 0
737 231 0
738 58 0
739 99 1
740 258 0
741 424 1
742 355 1
743 216 0
744 162 0
745 103 1
746 115 1
747 409 0
748 501 0
749 265 1
750 358 1
751 351 1
752 73 1
753 302 0
754 91 0
755 179 1
756 95 1
757 102 0
758 183 0
759 91 1
760 383 1
761 224 1
762 406 0
763 103 0
764 409 1
765 177 1
766 353 1
767 490 0
768 234 1
769 52 1
770 252 1
771 304 1
772 463 1
773 494 1
774 354 0
775 115 0
776 341 1
777 361 1
778 31 1
779 274 1
780 394 0
781 265 1
782 103 1
783 231 1
784 168 1
785 225 1
786 211 1
787 463 0
788 498 1
789 311 1
790 27 1
791 210 1
792 396 1
793 240 0
794 159 1
795 496 0
796 23 0
797 358 1
798 137 0
799 464 0
800 65 1
801 354 1
802 275 1
803 446 1
804 327 1
805 246 1
806 376 1
807 352 0
808 151 1
809 256 0
810 163 1
811 425 1
812 133 1
813 313 1
814 498 1
815 137 1
816 456 0
817 401 0
818 500 1
819 57 1
820 292 1
821 305 1
822 388 0
823 430 1
824 373 0
825 344 1
826 124 0
827 218 1
828 106 1
829 23 0
830 365 0
831 291 1
832 348 1
833 172 1
834 159 1
835 294 1
836 162 1
837 176 0
838 381 0
839 147 1
840 416 1
841 349 0
842 385 0
843 361 0
844 223 1
845 219 1
846 174 0
847 467 0
848 327 0
849 495 0
850 430 0
851 62 1
852 9 0
853 200 1
854 407 1
855 269 1
856 467 1
857 488 1
858 310 1
859 401 1
860 291 0
861 245 1
862 255 0
863 179 1
864 408 0
865 126 1
866 17 1
867 117 1
868 493 0
869 45 1
870 293 1
871 343 1
872 495 1
873 166 1
874 233 1
875 462 0
876 245 0
877 113 1
878 477 0
879 140 1
880 25 1
881 411 1
882 83 0
883 202 0
884 408 0
885 96 1
886 124 1
887 14 0
888 395 1
889 44 1
890 377 1
891 276 0
892 339 1
893 247 1
894 311 1
895 321 1
896 283 1
897 7 1
898 385 1
899 135 1
900 86 1
901 113 1
902 300 1
903 392 1
904 442 1
905 447 1
906 68 1
907 499 1
908 303 1
909 280 1
910 191 0
911 8 0
912 20 0
913 471 0
914 359 1
915 255 1
916 466 0
917 218 1
918 126 1
919 80 1
920 171 0
921 378 0
922 441 1
923 208 1
924 175 1
925 350 0
926 282 1
927 471 1
928 3 1
929 270 1
930 167 1
931 437 0
932 456 0
933 457 1
934 457 0
935 208 0
936 189 0
937 430 0
938 82 0
939 432 1
940 318 1
941 253 1
942 265 0
943 465 1
944 285 1
945 260 1
946 317 0
947 143 1
948 39 1
949 480 0
950 328 1
951 115 1
952 398 0
953 272 0
954 307 1
955 300 1
956 39 1
957 283 0
958 402 1
959 134 1
960 102 1
961 197 1
962 217 1
963 318 1
964 131 1
965 315 1
966 106 1
967 101 1
968 99 1
969 42 1
970 67 1
971 223 1
972 457 0
973 410 0
974 379 1
975 99 0
976 502 1
977 464 1
978 265 1
979 99 1
980 199 1
981 484 1
982 406 1
983 372 0
984 453 0
985 103 1
986 251 0
987 189 1
988 395 1
989 187 0
990 202 1
991 314 1
992 144 1
993 42 1
994 45 1
995 501 0
996 118 1
997 112 1
998 56 0
999 221 1
1000 393 0
1001 87 1
1002 279 1
1003 476 1
1004 439 1
1005 2 1
1006 6 0
1007 402 1
1008 151 1
1009 255 0
1010 147 1
1011 69 1
1012 227 1
1013 419 1
1014 227 1
1015 354 0
1016 21 0
1017 388 1
1018 281 1
1019 32 1
1020 147 1
1021 351 0
1022 484 0
1023 438 1
1024 321 0
1025 460 1
1026 2 0
1027 363 0
1028 206 1
1029 141 1
1030 479 1
1031 111 0
1032 62 0
1033 362 1
1034 422 1
1035 53 1
1036 125 0
1037 285 1
1038 281 0
1039 302 1
1040 37 0
1041 194 1
1042 283 0
1043 403 0
1044 463 0
1045 485 0
1046 164 1
1047 61 0
1048 154 1
1049 64 1
1050 10 0
1051 269 1
1052 150 0
1053 240 0
1054 336 1
1055 157 0
1056 363 1
1057 479 1
1058 33 1
1059 259 1
1060 46 0
1061 125 1
1062 466 1
1063 504 1
1064 240 1
1065 320 0
1066 382 1
1067 452 0
1068 201 0
1069 21 1
1070 360 0
1071 472 1
1072 92 1
1073 426 0
1074 453 1
1075 319 1
1076 487 1
1077 272 1
1078 126 0
1079 192 1
1080 30 1
1081 245 0
1082 226 1
1083 2 1
1084 448 1
1085 22 0
1086 268 1
1087 16 0
1088 65 1
1089 116 0
1090 251 0
1091 75 1
1092 374 1
1093 311 1
1094 247 0
1095 496 1
1096 73 1
1097 252 1
1098 497 1
1099 289 1
1100 344 1
1101 238 1
1102 434 0
1103 31 1
1104 325 1
1105 76 1
1106 144 0
1107 372 0
1108 61 0
1109 143 1
1110 245 1
1111 215 1
1112 68 1
1113 180 0
1114 351 0
1115 62 0
1116 409 1
1117 433 1
1118 183 1
1119 400 0
1120 240 0
1121 141 1
1122 190 1
1123 26 0
1124 255 1
1125 188 1
1126 1 1
1127 380 1
1128 501 0
1129 129 0
1130 220 1
1131 234 1
1132 53 0
1133 25 0
1134 188 1
1135 306 1
1136 26 1
1137 441 0
1138 85 1
1139 96 1
1140 200 1
1141 469 1
1142 250 1
1143 270 1
1144 29 1
1145 290 1
1146 219 1
1147 441 0
1148 249 1
1149 70 0
1150 16 1
1151 495 1
1152 385 0
1153 392 1
1154 461 0
1155 440 1
1156 334 1
1157 491 1
1158 312 0
1159 460 1
1160 284 1
1161 153 1
1162 399 1
1163 337 0
1164 185 1
1165 209 1
1166 345 1
1167 377 1
1168 260 1
1169 326 1
1170 314 1
1171 2 1
1172 228 1
1173 358 0
1174 379 0
1175 6 1
1176 188 1
1177 291 1
1178 383 0
1179 292 0
1180 93 0
1181 399 0
1182 330 1
1183 226 1
1184 232 0
1185 502 0
1186 376 0
1187 320 1
1188 122 0
1189 202 1
1190 48 1
1191 288 1
1192 501 1
1193 385 0
1194 265 1
1195 73 1
1196 303 1
1197 358 0
1198 440 1
1199 414 0
1200 194 1
1201 277 1
1202 478 0
1203 165 0
1204 265 0
1205 158 1
1206 204 1
1207 112 1
1208 16 1
1209 209 0
1210 299 1
1211 268 1
1212 384 0
1213 359 0
1214 268 1
1215 49 1
1216 241 1
1217 23 1
1218 485 1
1219 376 1
1220 251 1
1221 188 0
1222 476 0
1223 285 1
1224 493 0
1225 469 1
1226 339 1
1227 13 1
1228 420 1
1229 166 1
1230 269 1
1231 209 1
1232 171 0
1233 287 1
1234 117 0
1235 26 1
1236 255 1
1237 386 1
1238 210 1
1239 414 0
1240 222 1
1241 48 1
1242 172 0
1243 408 0
1244 63 0
1245 339 0
1246 420 1
1247 406 0
1248 409 0
1249 238 1
1250 481 0
1251 457 1
1252 175 1
1253 154 1
1254 133 1
1255 147 0
1256 71 1
1257 41 1
1258 324 1
1259 466 1
1260 81 1
1261 283 1
1262 477 1
1263 83 1
1264 1 1
1265 32 1
1266 282 0
1267 344 1
1268 456 1
1269 406 0
1270 191 0
1271 1 0
1272 310 1
1273 69 0
1274 54 1
1275 147 0
1276 397 1
1277 266 1
1278 176 1
1279 379 1
1280 299 1
1281 289 1
1282 462 0
1283 97 1
1284 256 1
1285 59 1
1286 113 1
1287 272 0
1288 170 1
1289 115 1
1290 0 1
1291 427 1
1292 254 1
1293 395 1
1294 166 1
1295 237 1
1296 176 1
1297 171 0
1298 284 0
1299 109 1
1300 333 0
1301 44 1
1302 297 0
1303 432 1
1304 287 1
1305 254 0
1306 439 1
1307 314 1
1308 498 1
1309 315 1
1310 475 0
1311 186 0
1312 202 1
1313 347 1
1314 188 1
1315 83 0
1316 188 0
1317 92 0
1318 7 1
1319 9 0
1320 263 1
1321 211 1
1322 68 1
1323 81 0
1324 226 0
1325 287 1
1326 72 1
1327 476 1
1328 394 1
1329 323 1
1330 338 0
1331 228 1
1332 97 0
1333 135 1
1334 474 0
1335 27 1
1336 37 1
1337 496 1
1338 327 0
1339 234 0
1340 31 0
1341 311 0
1342 52 0
1343 446 1
1344 163 0
1345 153 1
1346 166 0
1347 218 1
1348 264 1
1349 434 1
1350 127 1
1351 466 0
1352 330 0
1353 269 0
1354 160 0
1355 267 0
1356 149 1
1357 295 0
1358 422 1
1359 277 1
1360 63 0
1361 278 1
1362 306 1
1363 122 0
1364 479 0
1365 367 0
1366 142 0
1367 265 1
1368 415 1
1369 186 0
1370 162 0
1371 262 1
1372 88 1
1373 142 0
1374 423 0
1375 221 1
1376 344 0
1377 344 0
1378 120 1
1379 345 1
1380 147 0
1381 196 1
1382 98 1
1383 324 1
1384 121 0
1385 79 0
1386 21 1
1387 157 1
1388 89 0
1389 182 1
1390 213 0
1391 122 1
1392 465 0
1393 398 0
1394 57 0
1395 242 1
1396 446 1
1397 56 0
1398 463 0
1399 115 1
1400 14 0
1401 429 1
1402 231 0
1403 145 0
1404 447 1
1405 462 1
1406 293 1
1407 341 0
1408 175 1
1409 467 1
1410 36 1
1411 437 1
1412 273 0
1413 151 0
1414 502 1
1415 444 1
1416 156 0
1417 114 1
1418 12 1
1419 336 1
1420 149 1
1421 244 1
1422 440 1
1423 257 0
1424 449 1
1425 410 1
1426 491 1
1427 25 1
1428 465 1
1429 52 1
1430 138 0
1431 104 1
1432 427 1
1433 310 1
1434 478 1
1435 460 0
1436 502 0
1437 59 1
1438 347 1
1439 176 1
1440 97 1
1441 339 0
1442 54 0
1443 410 1
1444 169 0
1445 106 0
1446 83 1
1447 163 1
1448 429 0
1449 444 1
1450 176 1
1451 153 1
1452 161 1
1453 172 1
1454 157 0
1455 362 1
1456 498 1
1457 472 1
1458 122 0
1459 195 1
1460 470 1
1461 227 1
1462 7 0
1463 54 1
1464 492 1
1465 467 0
1466 22 0
1467 337 0
1468 394 1
1469 321 0
1470 487 0
1471 368 1
1472 441 0
1473 156 1
1474 342 0
1475 45 1
1476 216 1
1477 423 1
1478 291 1
1479 289 0
1480 99 1
1481 4 1
1482 367 1
1483 440 1
1484 479 1
1485 370 1
1486 64 0
1487 133 1
1488 130 0
1489 193 1
1490 271 1
1491 342 1
1492 140 1
1493 272 1
1494 366 1
1495 272 0
1496 308 0
1497 217 1
1498 179 1
1499 55 1
1500 37 1
1501 311 1
1502 287 0
1503 169 1
1504 297 1
1505 453 1
1506 162 0
1507 112 1
1508 180 1
1509 296 1
1510 3 0
1511 69 0
1512 473 1
1513 110 1
1514 134 0
1515 434 1
1516 220 1
1517 340 1
1518 181 0
1519 487 0
1520 433 0
1521 103 1
1522 355 0
1523 22 1
1524 161 0
1525 71 1
1526 10 1
1527 104 1
1528 123 1
1529 192 1
1530 76 1
1531 430 0
1532 430 1
1533 365 1
1534 337 1
1535 213 1
1536 345 1
1537 490 1
1538 93 1
1539 292 0
1540 460 1
1541 48 1
1542 134 0
1543 78 1
1544 63 1
1545 10 1
1546 460 0
1547 435 0
1548 335 1
1549 120 1
1550 205 1
1551 61 1
1552 144 0
1553 308 0
1554 189 1
1555 187 0
1556 89 1
1557 244 1
1558 17 1
1559 42 1
1560 156 0
1561 219 0
1562 189 0
1563 58 1
1564 6 0
1565 320 1
1566 73 1
1567 325 1
1568 58 1
1569 83 1
1570 358 1
1571 20 1
1572 68 1
1573 232 1
1574 150 0
1575 299 1
1576 462 1
1577 484 0
1578 229 0
1579 233 0
1580 282 1
1581 76 0
1582 497 1
1583 134 1
1584 226 0
1585 364 1
1586 116 0
1587 89 1
1588 212 1
1589 403 1
1590 225 1
1591 230 1
1592 277 1
1593 396 1
1594 313 0
1595 438 1
1596 306 0
1597 74 0
1598 107 1
1599 416 1
1600 121 1
1601 479 1
1602 290 1
1603 489 0
1604 14 0
1605 426 1
1606 214 1
1607 489 1
1608 427 1
1609 122 1
1610 66 1
1611 21 0
1612 131 1
1613 233 0
1614 437 1
1615 133 1
1616 117 0
1617 357 1
1618 372 1
1619 33 1
1620 358 1
1621 188 1
1622 172 0
1623 120 1
1624 114 0
1625 25 1
1626 364 1
1627 181 0
1628 208 0
1629 363 1
1630 189 0
1631 260 1
1632 234 1
1633 342 0
1634 16 0
1635 50 1
1636 396 1
1637 441 1
1638 410 0
1639 358 0
1640 366 0
1641 266 1
1642 429 1
1643 283 1
1644 491 1
1645 406 0
1646 201 1
1647 110 0
1648 340 1
1649 98 0
1650 389 1
1651 292 0
1652 386 1
1653 477 1
1654 352 1
1655 444 1
1656 275 1
1657 0 1
1658 215 1
1659 465 1
1660 493 1
1661 6 1
1662 89 1
1663 186 0
1664 131 1
1665 415 1
1666 500 0
1667 430 1
1668 431 1
1669 302 1
1670 295 1
1671 53 1
1672 9 0
1673 399 0
1674 405 1
1675 54 1
1676 355 1
1677 144 0
1678 244 0
1679 503 1
1680 176 1
1681 19 1
1682 112 1
1683 115 1
1684 414 0
1685 451 1
1686 153 1
1687 403 0
1688 187 1
1689 15 1
1690 286 0
1691 42 0
1692 197 0
1693 142 1
1694 78 1
1695 378 0
1696 117 1
1697 426 1
1698 409 1
1699 401 0
1700 15 1
1701 151 1
1702 481 1
1703 465 0
1704 481 1
1705 385 0
1706 180 1
1707 398 1
1708 243 1
1709 381 0
1710 311 1
1711 71 1
1712 214 1
1713 219 0
1714 163 1
1715 66 1
1716 92 1
1717 415 1
1718 335 0
1719 432 1
1720 485 1
1721 203 1
1722 369 0
1723 100 0
1724 266 0
1725 428 0
1726 364 0
1727 62 0
1728 122 0
1729 327 1
1730 26 1
1731 26 1
1732 173 1
1733 387 0
1734 8 0
1735 449 1
1736 189 1
1737 216 0
1738 377 0
1739 160 1
1740 493 0
1741 211 0
1742 212 1
1743 55 1
1744 184 1
1745 182 1
1746 405 1
1747 395 1
1748 346 0
1749 211 1
1750 154 1
1751 409 0
1752 369 1
1753 463 1
1754 132 1
1755 447 0
1756 268 0
1757 102 1
1758 57 1
1759 377 1
1760 169 1
1761 14 0
1762 464 0
1763 209 1
1764 249 1
1765 221 1
1766 137 1
1767 308 1
1768 447 0
1769 377 1
1770 451 0
1771 329 1
1772 102 1
1773 324 1
1774 150 1
1775 468 1
1776 385 1
1777 17 1
1778 453 1
1779 211 1
1780 276 1
1781 229 1
1782 187 1
1783 44 0
1784 432 1
1785 337 1
1786 437 1
1787 222 0
1788 87 0
1789 261 0
1790 305 1
1791 186 1
1792 335 1
1793 25 1
1794 498 1
1795 110 1
1796 231 1
1797 245 1
1798 1 1
1799 176 1
1800 407 1
1801 441 0
1802 237 1
1803 441 1
1804 333 1
1805 125 1
1806 50 0
1807 387 1
1808 77 1
1809 297 1
1810 211 0
1811 340 1
1812 376 0
1813 490 0
1814 504 1
1815 439 1
1816 305 1
1817 308 1
1818 95 0
1819 429 1
1820 3 1
1821 125 0
1822 428 0
1823 67 0
1824 486 0
1825 71 1
1826 401 1
1827 265 1
1828 187 1
1829 211 1
1830 41 1
1831 223 0
1832 83 1
1833 451 0
1834 338 1
1835 237 1
1836 492 1
1837 91 1
1838 436 1
1839 415 0
1840 152 1
1841 172 0
1842 88 0
1843 388 1
1844 250 1
1845 92 0
1846 308 1
1847 267 1
1848 475 1
1849 199 1
1850 83 1
1851 346 1
1852 360 0
1853 47 1
1854 157 1
1855 271 0
1856 73 1
1857 359 1
1858 443 1
1859 67 1
1860 471 1
1861 175 1
1862 103 1
1863 295 1
1864 150 0
1865 11 0
1866 493 1
1867 438 1
1868 289 1
1869 269 0
1870 73 1
1871 251 0
1872 40 1
1873 4 1
1874 482 0
1875 300 0
1876 297 0
1877 352 0
1878 480 1
1879 36 0
1880 198 1
1881 56 0
1882 404 1
1883 164 0
1884 104 1
1885 196 1
1886 30 1
1887 458 1
1888 182 0
1889 183 1
1890 96 0
1891 170 0
1892 83 1
1893 423 0
1894 226 0
1895 319 0
1896 135 1
1897 307 1
1898 431 0
1899 356 0
1900 28 0
1901 275 0
1902 57 0
1903 195 1
1904 186 1
1905 466 1
1906 491 1
1907 237 1
1908 282 0
1909 128 1
1910 243 0
1911 57 1
1912 384 1
1913 479 1
1914 464 1
1915 409 1
1916 445 1
1917 112 1
1918 475 1
1919 304 1
1920 315 0
1921 0 1
1922 464 1
1923 370 1
1924 22 1
1925 312 0
1926 70 1
1927 206 1
1928 362 1
1929 328 1
1930 73 1
1931 375 1
1932 411 0
1933 77 0
1934 491 1
1935 99 1
1936 143 1
1937 164 0
1938 471 1
1939 411 0
1940 157 0
1941 387 1
1942 217 1
1943 245 0
1944 336 0
1945 463 0
1946 367 1
1947 489 1
1948 12 1
1949 284 0
1950 5 1
1951 366 1
1952 112 1
1953 452 0
1954 189 0
1955 200 1
1956 206 1
1957 203 0
1958 305 1
1959 61 0
1960 145 1
1961 174 0
1962 487 0
1963 415 1
1964 353 0
1965 127 1
1966 139 1
1967 203 1
1968 148 1
1969 463 0
1970 71 1
1971 246 1
1972 442 1
1973 263 0
1974 22 1
1975 445 1
1976 411 1
1977 309 0
1978 339 1
1979 17 1
1980 480 1
1981 175 0
1982 201 1
1983 500 1
1984 91 1
1985 182 0
1986 313 1
1987 2 1
1988 1 1
1989 492 1
1990 152 0
1991 325 1
1992 108 0
1993 13 1
1994 482 0
1995 263 0
1996 243 0
1997 267 0
1998 447 1
1999 288 1
2000 350 0
2001 397 0
2002 22 1
2003 475 1
2004 293 0
2005 181 1
2006 18 1
2007 65 0
2008 264 0
2009 202 0
2010 177 1
2011 327 0
2012 28 1
2013 426 0
2014 486 0
2015 205 1
2016 309 1
2017 118 0
2018 125 1
2019 489 0
2020 179 1
2021 359 1
2022 301 1
2023 390 1
2024 65 0
2025 436 0
2026 115 1
2027 291 1
2028 45 1
2029 315 1
2030 51 0
2031 492 0
2032 246 1
2033 320 1
2034 328 1
2035 284 1
2036 100 0
2037 200 1
2038 192 1
2039 91 0
2040 240 1
2041 129 0
2042 483 1
2043 127 1
2044 262 0
2045 49 1
2046 86 1
2047 235 0
2048 276 1
2049 198 0
2050 51 0
2051 168 0
2052 250 1
2053 182 1
2054 16 0
2055 329 1
2056 497 1
2057 240 0
2058 2 1
2059 498 1
2060 372 1
2061 72 0
2062 213 1
2063 286 1
2064 54 0
2065 217 1
2066 24 0
2067 391 1
2068 383 1
2069 346 0
2070 475 1
2071 284 1
2072 257 1
2073 0 0
2074 387 1
2075 19 1
2076 104 1
2077 274 0
2078 95 1
2079 436 0
2080 102 1
2081 322 0
2082 96 1
2083 30 1
2084 343 1
2085 441 1
2086 176 1
2087 410 1
2088 240 1
2089 256 1
2090 472 1
2091 5 1
2092 501 0
2093 455 1
2094 402 0
2095 375 1
2096 97 0
2097 260 1
2098 467 1
2099 235 1
2100 363 1
2101 315 1
2102 460 0
2103 31 1
2104 193 1
2105 14 1
2106 191 0
2107 231 0
2108 366 1
2109 414 1
2110 197 1
2111 397 1
2112 39 1
2113 117 1
2114 139 0
2115 3 1
2116 153 0
2117 166 1
2118 100 1
2119 0 1
2120 113 1
2121 454 0
2122 33 1
2123 55 1
2124 59 1
2125 293 1
2126 248 1
2127 180 1
2128 34 1
2129 423 1
2130 278 1
2131 237 1
2132 306 1
2133 169 1
2134 230 1
2135 262 1
2136 183 1
2137 144 1
2138 22 1
2139 246 1
2140 230 0
2141 471 0
2142 353 1
2143 395 1
2144 72 1
2145 122 1
2146 368 1
2147 412 1
2148 393 1
2149 204 0
2150 313 1
2151 24 1
2152 308 0
2153 409 1
2154 501 1
2155 40 1
2156 318 1
2157 267 0
2158 220 1
2159 183 0
2160 32 1
2161 272 1
2162 295 1
2163 131 1
2164 390 1
2165 435 1
2166 431 1
2167 323 0
2168 257 1
2169 126 1
2170 7 1
2171 42 1
2172 307 1
2173 189 1
2174 466 0
2175 448 1
2176 307 0
2177 460 1
2178 24 0
2179 414 0
2180 118 1
2181 174 1
2182 434 0
2183 279 1
2184 288 1
2185 69 1
2186 268 1
2187 250 0
2188 488 0
2189 159 0
2190 441 0
2191 72 1
2192 452 1
2193 475 0
2194 315 1
2195 386 1
2196 358 1
2197 478 0
2198 116 1
2199 103 1
2200 353 1
2201 395 1
2202 284 0
2203 253 1
2204 209 1
2205 347 1
2206 144 0
2207 456 1
2208 9 0
2209 197 1
2210 439 1
2211 320 0
2212 202 1
2213 209 1
2214 174 1
2215 418 1
2216 485 0
2217 206 1
2218 11 1
2219 161 0
2220 501 1
2221 433 0
2222 490 1
2223 366 1
2224 372 0
2225 453 0
2226 204 1
2227 229 1
2228 191 1
2229 353 1
2230 246 1
2231 18 1
2232 137 1
2233 186 1
2234 313 0
2235 436 1
2236 418 1
2237 12 1
2238 311 1
2239 465 1
2240 504 1
2241 115 1
2242 244 1
2243 239 1
2244 277 1
2245 431 0
2246 421 0
2247 378 1
2248 235 0
2249 268 0
2250 475 0
2251 488 1
2252 60 1
2253 354 0
2254 3 1
2255 112 1
2256 289 0
2257 339 1
2258 133 0
2259 94 0
2260 295 1
2261 58 0
2262 31 1
2263 331 1
2264 126 1
2265 6 0
2266 294 0
2267 113 1
2268 52 1
2269 288 0
2270 343 0
2271 191 1
2272 324 1
2273 358 0
2274 233 1
2275 497 0
2276 101 0
2277 301 0
2278 117 1
2279 27 0
2280 288 1
2281 35 0
2282 90 0
2283 499 1
2284 245 0
2285 264 1
2286 379 0
2287 345 1
2288 110 1
2289 217 1
2290 279 1
2291 366 1
2292 328 1
2293 141 0
2294 356 0
2295 384 1
2296 270 0
2297 284 1
2298 196 1
2299 65 1
2300 257 1
2301 87 1
2302 414 0
2303 396 1
2304 260 0
2305 362 1
2306 386 0
2307 44 1
2308 14 1
2309 350 1
2310 421 1
2311 71 1
2312 277 1
2313 176 1
2314 197 1
2315 477 1
2316 199 0
2317 215 0
2318 120 0
2319 194 0
2320 282 1
2321 44 0
2322 408 1
2323 68 0
2324 407 1
2325 354 1
2326 209 1
2327 206 1
2328 344 0
2329 17 1
2330 252 0
2331 119 1
2332 115 0
2333 189 1
2334 3 1
2335 178 1
2336 502 1
2337 145 1
2338 6 1
2339 390 1
2340 194 1
2341 366 1
2342 228 1
2343 14 0
2344 79 0
2345 237 0
2346 154 1
2347 346 1
2348 253 1
2349 66 0
2350 481 1
2351 170 1
2352 162 1
2353 447 1
2354 91 1
2355 211 1
2356 201 1
2357 317 0
2358 274 1
2359 58 1
2360 496 1
2361 248 1
2362 281 0
2363 481 0
2364 253 0
2365 419 0
2366 421 1
2367 271 0
2368 29 0
2369 381 1
2370 107 1
2371 34 0
2372 294 1
2373 300 1
2374 245 0
2375 46 1
2376 350 1
2377 382 1
2378 12 0
2379 289 1
2380 468 1
2381 58 1
2382 422 1
2383 160 1
2384 171 0
2385 200 0
2386 258 1
2387 216 1
2388 147 0
2389 244 0
2390 0 1
2391 124 1
2392 147 1
2393 106 0
2394 426 0
2395 493 1
2396 161 1
2397 471 0
2398 4 0
2399 158 1
2400 296 1
2401 15 1
2402 154 0
2403 230 1
2404 311 1
2405 189 1
2406 261 1
2407 290 1
2408 448 1
2409 130 1
2410 354 1
2411 388 0
2412 298 0
2413 155 1
2414 109 1
2415 477 1
2416 233 1
2417 17 1
2418 287 1
2419 250 1
2420 285 0
2421 471 1
2422 314 0
2423 78 1
2424 215 1
2425 189 1
2426 394 0
2427 74 0
2428 56 1
2429 490 1
2430 171 0
2431 133 0
2432 80 1
2433 420 0
2434 466 1
2435 460 1
2436 234 1
2437 421 1
2438 311 0
2439 435 1
2440 270 0
2441 85 0
2442 325 0
2443 415 1
2444 84 1
2445 42 1
2446 492 1
2447 288 1
2448 393 0
2449 434 1
2450 503 1
2451 229 1
2452 444 1
2453 409 0
2454 207 1
2455 272 1
2456 20 1
2457 132 1
2458 213 1
2459 222 0
2460 5 1
2461 115 1
2462 69 1
2463 127 1
2464 236 0
2465 8 0
2466 75 1
2467 95 1
2468 450 0
2469 332 0
2470 339 0
2471 124 0
2472 87 1
2473 201 1
2474 433 1
2475 160 1
2476 384 0
2477 60 1
2478 242 0
2479 39 1
2480 310 0
2481 409 0
2482 352 1
2483 467 1
2484 66 1
2485 11 1
2486 461 1
2487 328 1
2488 21 0
2489 478 0
2490 76 0
2491 17 0
2492 476 0
2493 37 0
2494 331 1
2495 321 0
2496 191 0
2497 84 1
2498 291 0
2499 402 0
2500 408 1
2501 393 1
2502 111 1
2503 104 1
2504 307 1
2505 216 0
2506 277 1
2507 35 1
2508 445 1
2509 24 0
2510 149 1
2511 476 1
2512 199 1
2513 446 0
2514 169 0
2515 478 1
2516 319 0
2517 503 1
2518 144 1
2519 125 0
2520 246 0
2521 25 1
2522 204 0
2523 335 0
2524 133 1
2525 484 1
2526 401 1
2527 252 0
2528 139 0
2529 215 1
2530 167 1
2531 380 1
2532 116 0
2533 41 1
2534 110 1
2535 273 1
2536 136 1
2537 443 1
2538 359 1
2539 115 1
2540 261 1
2541 404 0
2542 178 0
2543 320 0
2544 479 1
2545 188 0
2546 286 1
2547 257 0
2548 138 1
2549 158 1
2550 26 1
2551 168 1
2552 359 1
2553 199 0
2554 8 1
2555 268 1
2556 37 1
2557 494 0
2558 386 1
2559 162 1
2560 406 1
2561 131 1
2562 42 1
2563 152 1
2564 248 1
2565 430 1
2566 370 1
2567 132 0
2568 266 1
2569 1 1
2570 208 1
2571 105 1
2572 504 1
2573 90 0
2574 32 1
2575 374 1
2576 164 0
2577 188 0
2578 17 1
2579 455 1
2580 279 1
2581 235 1
2582 35 1
2583 504 1
2584 262 1
2585 204 0
2586 336 0
2587 345 1
2588 100 1
2589 416 1
2590 250 0
2591 200 1
2592 353 1
2593 184 1
2594 358 1
2595 265 0
2596 76 0
2597 412 1
2598 431 1
2599 108 1
2600 478 1
2601 287 1
2602 317 1
2603 274 0
2604 59 1
2605 112 1
2606 33 1
2607 286 1
2608 263 1
2609 387 0
2610 233 0
2611 317 1
2612 210 1
2613 49 1
2614 197 1
2615 458 0
2616 31 1
2617 108 1
2618 436 1
2619 261 1
2620 197 0
2621 433 1
2622 248 1
2623 313 1
2624 314 0
2625 190 1
2626 477 0
2627 419 0
2628 360 1
2629 453 0
2630 188 0
2631 356 1
2632 276 1
2633 131 0
2634 38 1
2635 331 1
2636 395 1
2637 95 1
2638 37 1
2639 278 1
2640 166 1
2641 23 0
2642 167 0
2643 454 0
2644 36 0
2645 142 1
2646 371 1
2647 6 0
2648 88 1
2649 417 1
2650 159 1
2651 496 1
2652 65 0
2653 321 0
2654 56 0
2655 83 0
2656 259 1
2657 494 0
2658 111 1
2659 12 1
2660 341 1
2661 439 1
2662 282 1
2663 484 0
2664 212 1
2665 126 1
2666 268 1
2667 49 0
2668 270 1
2669 503 1
2670 160 1
2671 111 0
2672 255 1
2673 409 0
2674 39 1
2675 143 1
2676 204 1
2677 284 0
2678 218 0
2679 486 1
2680 288 1
2681 430 1
2682 358 0
2683 453 1
2684 411 1
2685 79 0
2686 162 0
2687 116 1
2688 424 1
2689 479 0
2690 3 1
2691 474 1
2692 395 1
2693 256 1
2694 146 0
2695 101 1
2696 41 1
2697 115 0
2698 68 1
2699 152 0
2700 144 0
2701 176 1
2702 50 1
2703 352 1
2704 312 1
2705 501 1
2706 73 1
2707 151 1
2708 285 1
2709 72 1
2710 275 1
2711 428 1
2712 335 1
2713 345 0
2714 236 1
2715 445 0
2716 358 1
2717 315 1
2718 475 1
2719 446 1
2720 117 1
2721 226 1
2722 407 1
2723 221 1
2724 415 1
2725 248 1
2726 96 1
2727 130 1
2728 343 1
2729 397 1
2730 98 0
2731 83 1
2732 83 0
2733 494 1
2734 189 0
2735 470 1
2736 372 1
2737 59 1
2738 198 1
2739 158 1
2740 203 0
2741 360 1
2742 206 1
2743 293 1
2744 24 0
2745 253 1
2746 84 0
2747 140 1
2748 297 0
2749 288 1
2750 127 1
2751 355 1
2752 73 1
2753 336 1
2754 324 1
2755 380 1
2756 462 0
2757 389 1
2758 289 1
2759 342 1
2760 429 1
2761 502 0
2762 493 0
2763 310 1
2764 401 1
2765 401 0
2766 480 0
2767 86 1
2768 362 0
2769 320 1
2770 479 1
2771 271 1
2772 61 1
2773 229 1
2774 466 1
2775 292 0
2776 290 1
2777 95 1
2778 493 1
2779 260 1
2780 60 1
2781 43 0
2782 474 0
2783 150 0
2784 113 1
2785 76 0
2786 363 0
2787 153 1
2788 199 1
2789 403 1
2790 144 1
2791 180 1
2792 41 1
2793 408 1
2794 242 0
2795 48 0
2796 319 1
2797 471 0
2798 287 1
2799 250 1
2800 216 1
2801 50 1
2802 369 0
2803 127 1
2804 214 0
2805 291 0
2806 282 1
2807 421 0
2808 375 1
2809 487 1
2810 488 0
2811 481 0
2812 189 1
2813 288 0
2814 192 1
2815 439 0
2816 493 1
2817 112 1
2818 255 1
2819 421 1
2820 332 0
2821 457 1
2822 374 1
2823 62 1
2824 194 1
2825 423 0
2826 142 1
2827 42 1
2828 475 1
2829 369 1
2830 430 1
2831 200 1
2832 289 1
2833 338 1
2834 115 0
2835 138 1
2836 90 1
2837 119 0
2838 27 1
2839 270 1
2840 226 1
2841 398 1
2842 149 1
2843 261 0
2844 400 0
2845 415 1
2846 497 1
2847 373 0
2848 424 1
2849 16 1
2850 22 0
2851 43 0
2852 313 0
2853 138 0
2854 412 1
2855 123 1
2856 158 1
2857 131 0
2858 86 1
2859 493 1
2860 147 0
2861 442 1
2862 77 0
2863 49 1
2864 79 1
2865 97 0
2866 288 0
2867 281 1
2868 437 0
2869 65 1
2870 390 1
2871 107 1
2872 338 0
2873 418 1
2874 259 1
2875 36 1
2876 439 1
2877 108 0
2878 417 0
2879 74 1
2880 358 1
2881 93 1
2882 446 0
2883 371 1
2884 422 1
2885 285 1
2886 186 1
2887 485 1
2888 192 0
2889 6 1
2890 433 0
2891 420 0
2892 149 1
2893 379 0
2894 383 0
2895 120 0
2896 254 1
2897 377 1
2898 216 1
2899 69 1
2900 308 0
2901 3 1
2902 308 0
2903 142 1
2904 448 0
2905 75 0
2906 258 1
2907 374 0
2908 216 1
2909 99 1
2910 331 0
2911 330 1
2912 500 0
2913 276 1
2914 74 1
2915 479 1
2916 328 1
2917 0 1
2918 28 1
2919 260 0
2920 358 0
2921 45 1
2922 23 0
2923 149 1
2924 229 1
2925 400 1
2926 467 0
2927 137 1
2928 56 0
2929 303 1
2930 388 1
2931 141 1
2932 322 1
2933 410 1
2934 350 1
2935 19 1
2936 197 1
2937 383 0
2938 45 1
2939 21 0
2940 342 1
2941 397 1
2942 208 1
2943 396 0
2944 72 1
2945 90 1
2946 100 1
2947 233 1
2948 1 1
2949 470 1
2950 0 1
2951 118 1
2952 115 1
2953 485 0
2954 90 0
2955 501 0
2956 423 1
2957 298 1
2958 52 1
2959 87 1
2960 12 0
2961 146 1
2962 476 1
2963 165 1
2964 147 0
2965 458 0
2966 181 1
2967 412 0
2968 201 1
2969 85 1
2970 460 1
2971 352 0
2972 104 1
2973 134 0
2974 402 0
2975 348 1
2976 465 1
2977 157 1
2978 437 1
2979 105 1
2980 81 0
2981 361 0
2982 197 1
2983 120 1
2984 289 1
2985 319 1
2986 420 1
2987 185 0
2988 379 0
2989 244 1
2990 169 1
2991 321 0
2992 77 0
2993 195 0
2994 429 0
2995 290 1
2996 425 0
2997 334 1
2998 43 0
2999 145 0
3000 288 1
3001 138 1
3002 125 1
3003 290 1
3004 271 0
3005 411 0
3006 117 1
3007 65 1
3008 267 1
3009 405 1
3010 122 1
3011 263 1
3012 403 0
3013 227 0
3014 175 0
3015 407 1
3016 398 0
3017 228 0
3018 431 0
3019 152 0
3020 110 1
3021 133 0
3022 352 1
3023 51 1
3024 87 1
3025 439 1
3026 141 1
3027 385 1
3028 423 0
3029 114 1
3030 108 0
3031 185 0
3032 56 0
3033 154 1
3034 57 0
3035 247 1
3036 432 0
3037 462 1
3038 274 1
3039 461 0
3040 464 1
3041 199 1
3042 222 0
3043 273 0
3044 254 0
3045 368 1
3046 403 1
3047 431 0
3048 91 0
3049 71 0
3050 386 0
3051 383 1
3052 327 1
3053 155 1
3054 348 0
3055 86 0
3056 68 1
3057 36 1
3058 431 1
3059 498 1
3060 258 1
3061 105 1
3062 476 0
3063 244 0
3064 178 0
3065 211 1
3066 262 0
3067 2 0
3068 496 0
3069 314 0
3070 335 1
3071 275 1
3072 180 1
3073 189 1
3074 249 1
3075 421 1
3076 105 0
3077 225 0
3078 119 0
3079 206 1
3080 347 1
3081 491 1
3082 136 1
3083 323 1
3084 212 0
3085 96 0
3086 95 0
3087 445 1
3088 312 1
3089 12 1
3090 445 0
3091 126 1
3092 17 0
3093 256 1
3094 451 1
3095 63 0
3096 4 1
3097 27 0
3098 104 0
3099 336 1
3100 46 1
3101 358 1
3102 433 0
3103 46 1
3104 57 1
3105 365 0
3106 54 1
3107 177 0
3108 472 0
3109 274 1
3110 457 1
3111 341 1
3112 453 0
3113 232 1
3114 281 0
3115 435 0
3116 124 1
3117 31 1
3118 149 0
3119 294 0
3120 203 1
3121 270 1
3122 274 1
3123 395 0
3124 442 1
3125 289 0
3126 64 1
3127 486 0
3128 56 0
3129 199 1
3130 410 1
3131 227 0
3132 485 0
3133 82 1
3134 469 0
3135 402 1
3136 159 0
3137 491 1
3138 244 1
3139 305 1
3140 108 1
3141 205 0
3142 349 1
3143 251 1
3144 28 1
3145 304 1
3146 142 1
3147 30 0
3148 351 0
3149 251 0
3150 118 1
3151 45 1
3152 11 1
3153 340 0
3154 480 1
3155 66 0
3156 297 0
3157 322 1
3158 87 0
3159 108 0
3160 81 1
3161 183 1
3162 439 1
3163 345 1
3164 392 1
3165 297 0
3166 440 0
3167 350 1
3168 442 0
3169 336 1
3170 326 1
3171 130 1
3172 236 1
3173 393 1
3174 16 1
3175 67 1
3176 475 0
3177 455 1
3178 463 1
3179 391 1
3180 83 1
3181 356 1
3182 21 0
3183 100 1
3184 454 0
3185 72 1
3186 334 1
3187 22 1
3188 149 0
3189 455 1
3190 40 1
3191 465 0
3192 335 0
3193 487 1
3194 273 1
3195 206 1
3196 51 1
3197 5 0
3198 393 0
3199 232 0
3200 36 1
3201 246 1
3202 68 1
3203 64 1
3204 312 1
3205 13 0
3206 166 1
3207 363 1
3208 455 1
3209 423 1
3210 213 1
3211 210 0
3212 317 1
3213 471 1
3214 387 1
3215 177 1
3216 65 1
3217 423 1
3218 254 1
3219 419 1
3220 64 0
3221 414 1
3222 34 1
3223 360 1
3224 179 1
3225 275 1
3226 470 1
3227 285 0
3228 262 1
3229 117 1
3230 80 1
3231 197 1
3232 279 1
3233 413 0
3234 164 0
3235 157 1
3236 388 1
3237 87 0
3238 472 1
3239 474 1
3240 221 0
3241 167 1
3242 359 1
3243 31 1
3244 333 1
3245 395 0
3246 4 1
3247 188 0
3248 269 1
3249 379 0
3250 491 1
3251 291 0
3252 164 1
3253 426 1
3254 388 1
3255 344 1
3256 201 1
3257 424 0
3258 20 0
3259 239 1
3260 165 1
3261 396 0
3262 283 1
3263 15 0
3264 176 0
3265 42 1
3266 492 1
3267 165 1
3268 274 1
3269 416 0
3270 43 0
3271 328 1
3272 395 1
3273 367 1
3274 265 1
3275 398 0
3276 297 1
3277 162 1
3278 436 0
3279 189 1
3280 133 1
3281 470 1
3282 127 1
3283 405 1
3284 351 1
3285 120 1
3286 200 1
3287 202 0
3288 258 0
3289 134 0
3290 166 0
3291 77 0
3292 452 1
3293 101 1
3294 45 1
3295 120 1
3296 84 1
3297 365 0
3298 350 1
3299 175 1
3300 210 1
3301 154 1
3302 306 1
3303 129 1
3304 420 0
3305 278 1
3306 426 0
3307 174 1
3308 224 1
3309 318 1
3310 60 1
3311 10 0
3312 153 0
3313 357 1
3314 270 0
3315 262 0
3316 457 1
3317 15 1
3318 334 1
3319 452 0
3320 476 1
3321 27 1
3322 211 1
3323 332 1
3324 476 1
3325 200 0
3326 213 0
3327 177 1
3328 149 1
3329 498 0
3330 257 1
3331 462 1
3332 301 1
3333 31 0
3334 185 1
3335 77 0
3336 338 0
3337 115 0
3338 306 0
3339 42 1
3340 87 1
3341 376 1
3342 15 1
3343 295 0
3344 278 1
3345 213 1
3346 174 0
3347 241 1
3348 210 0
3349 302 1
3350 384 1
3351 180 1
3352 484 1
3353 329 1
3354 237 1
3355 124 1
3356 176 1
3357 321 0
3358 178 1
3359 490 0
3360 30 1
3361 488 1
3362 435 1
3363 308 1
3364 125 1
3365 165 0
3366 47 0
3367 289 1
3368 203 0
3369 445 0
3370 47 0
3371 395 0
3372 195 1
3373 44 1
3374 390 1
3375 392 0
3376 227 1
3377 186 1
3378 228 0
3379 365 0
3380 163 1
3381 358 0
3382 1 1
3383 304 1
3384 323 1
3385 207 1
3386 376 1
3387 223 0
3388 443 0
3389 2 1
3390 363 1
3391 311 1
3392 332 0
3393 377 0
3394 116 0
3395 409 1
3396 397 1
3397 52 1
3398 33 1
3399 165 1
3400 229 1
3401 357 1
3402 99 0
3403 234 0
3404 477 0
3405 432 1
3406 193 1
3407 50 1
3408 365 0
3409 75 1
3410 226 1
3411 323 0
3412 375 1
3413 146 1
3414 360 1
3415 395 1
3416 313 0
3417 252 1
3418 18 1
3419 78 1
3420 285 1
3421 460 0
3422 378 1
3423 60 0
3424 499 1
3425 281 1
3426 249 1
3427 35 0
3428 36 0
3429 91 1
3430 122 1
3431 43 0
3432 362 1
3433 476 1
3434 411 1
3435 438 0
3436 122 1
3437 232 1
3438 27 1
3439 300 1
3440 58 0
3441 442 0
3442 243 1
3443 494 1
3444 222 1
3445 305 0
3446 195 1
3447 342 1
3448 272 0
3449 62 1
3450 430 1
3451 438 0
3452 17 0
3453 109 1
3454 87 0
3455 199 1
3456 47 0
3457 15 1
3458 176 1
3459 199 0
3460 219 1
3461 372 1
3462 414 1
3463 96 1
3464 151 1
3465 427 1
3466 287 0
3467 257 1
3468 155 1
3469 44 1
3470 404 1
3471 455 1
3472 446 0
3473 371 1
3474 36 1
3475 212 0
3476 131 1
3477 232 0
3478 489 0
3479 356 1
3480 115 1
3481 346 1
3482 268 1
3483 335 0
3484 94 1
3485 227 1
3486 184 1
3487 8 1
3488 276 1
3489 444 1
3490 74 1
3491 63 0
3492 365 1
3493 380 1
3494 252 1
3495 48 1
3496 205 1
3497 331 1
3498 122 0
3499 20 1
3500 169 1
3501 211 1
3502 54 1
3503 175 1
3504 294 1
3505 206 0
3506 333 1
3507 203 1
3508 194 1
3509 106 0
3510 443 1
3511 376 0
3512 110 0
3513 179 1
3514 498 1
3515 12 1
3516 76 0
3517 145 1
3518 138 0
3519 24 1
3520 501 1
3521 363 1
3522 61 1
3523 86 0
3524 206 1
3525 264 1
3526 413 1
3527 421 0
3528 404 0
3529 385 0
3530 429 1
3531 122 1
3532 316 0
3533 131 1
3534 149 1
3535 449 0
3536 452 0
3537 37 1
3538 502 0
3539 264 1
3540 449 1
3541 43 0
3542 225 1
3543 5 1
3544 122 0
3545 17 1
3546 417 0
3547 113 1
3548 473 1
3549 245 1
3550 29 1
3551 397 1
3552 125 1
3553 491 1
3554 187 0
3555 459 1
3556 408 0
3557 51 1
3558 461 0
3559 320 0
3560 8 0
3561 258 1
3562 39 1
3563 216 1
3564 246 0
3565 326 1
3566 212 1
3567 252 1
3568 215 1
3569 459 1
3570 118 1
3571 95 1
3572 410 0
3573 216 0
3574 202 1
3575 74 0
3576 437 1
3577 198 1
3578 333 0
3579 180 1
3580 437 0
3581 350 0
3582 287 0
3583 481 0
3584 470 1
3585 466 1
3586 477 0
3587 171 0
3588 270 1
3589 378 1
3590 486 1
3591 246 0
3592 413 1
3593 19 0
3594 488 1
3595 383 1
3596 268 1
3597 60 1
3598 393 0
3599 115 0
3600 34 1
3601 3 0
3602 201 0
3603 18 1
3604 190 1
3605 1 1
3606 410 1
3607 219 1
3608 388 1
3609 189 1
3610 67 1
3611 353 0
3612 363 1
3613 15 1
3614 12 1
3615 171 0
3616 275 0
3617 186 1
3618 415 0
3619 71 1
3620 95 1
3621 407 0
3622 16 0
3623 15 0
3624 494 1
3625 337 1
3626 339 0
3627 20 1
3628 94 1
3629 11 0
3630 234 1
3631 286 1
3632 491 0
3633 176 1
3634 239 1
3635 132 1
3636 454 1
3637 31 0
3638 222 0
3639 504 0
3640 318 1
3641 401 1
3642 18 1
3643 484 1
3644 20 1
3645 420 0
3646 375 1
3647 459 1
3648 236 1
3649 392 1
3650 6 1
3651 440 0
3652 187 0
3653 56 1
3654 80 1
3655 250 0
3656 459 1
3657 179 0
3658 131 0
3659 286 1
3660 351 0
3661 34 1
3662 469 1
3663 144 1
3664 185 1
3665 239 0
3666 118 1
3667 281 1
3668 207 1
3669 278 1
3670 22 1
3671 247 0
3672 237 0
3673 83 1
3674 215 1
3675 14 1
3676 132 0
3677 349 0
3678 103 0
3679 364 1
3680 87 1
3681 109 0
3682 406 1
3683 74 1
3684 357 0
3685 396 1
3686 442 1
3687 489 1
3688 195 1
3689 105 0
3690 503 1
3691 33 1
3692 302 1
3693 361 1
3694 437 1
3695 323 1
3696 453 0
3697 293 1
3698 14 1
3699 25 1
3700 281 1
3701 379 1
3702 190 1
3703 22 1
