1312
1 118 1
2 187 1
3 511 0
4 852 1
5 181 0
6 211 0
7 211 1
8 22 0
9 306 1
10 136 1
11 584 1
12 21 1
13 866 1
14 547 1
15 319 1
16 282 1
17 18 1
18 447 1
19 232 1
20 634 0
21 549 1
22 719 1
23 817 1
24 284 1
25 378 0
26 454 1
27 812 1
28 657 1
29 338 1
30 481 0
31 933 1
32 111 1
33 89 1
34 417 1
35 713 0
36 495 1
37 753 0
38 879 0
39 812 1
40 566 0
41 360 0
42 26 0
43 432 0
44 803 1
45 823 1
46 444 0
47 0 1
48 580 1
49 954 0
50 251 1
51 826 1
52 802 1
53 897 1
54 38 1
55 636 1
56 692 1
57 560 0
58 121 1
59 257 0
60 779 1
61 81 0
62 709 0
63 635 0
64 11 0
65 79 1
66 64 0
67 849 1
68 437 1
69 419 1
70 344 1
71 15 1
72 5 1
73 611 1
74 504 0
75 971 1
76 885 0
77 299 1
78 973 1
79 675 1
80 395 0
81 184 1
82 596 1
83 182 0
84 652 0
85 364 1
86 514 0
87 968 0
88 795 1
89 565 1
90 400 0
91 455 1
92 460 0
93 671 1
94 625 1
95 451 1
96 133 1
97 337 1
98 524 1
99 699 1
100 57 0
101 124 0
102 379 1
103 26 0
104 544 0
105 346 1
106 0 1
107 21 1
108 492 1
109 831 1
110 71 0
111 11 0
112 773 0
113 774 0
114 707 0
115 346 1
116 410 1
117 272 1
118 339 1
119 820 0
120 731 1
121 684 0
122 903 1
123 128 1
124 334 1
125 466 1
126 193 1
127 450 1
128 665 1
129 56 0
130 570 1
131 89 1
132 712 1
133 626 0
134 501 0
135 872 1
136 564 0
137 899 1
138 214 1
139 815 0
140 923 1
141 874 0
142 614 0
143 939 1
144 581 0
145 604 0
146 333 0
147 84 1
148 895 0
149 50 1
150 108 1
151 500 1
152 510 1
153 91 1
154 300 1
155 210 1
156 140 0
157 292 0
158 441 1
159 890 0
160 179 1
161 45 1
162 60 1
163 415 0
164 679 1
165 224 1
166 403 1
167 395 1
168 900 1
169 494 1
170 250 0
171 376 1
172 725 0
173 1 1
174 836 0
175 60 1
176 338 0
177 465 0
178 979 1
179 290 1
180 281 1
181 398 1
182 14 1
183 453 1
184 136 1
185 67 1
186 508 1
187 617 1
188 128 0
189 271 1
190 526 1
191 916 0
192 277 1
193 199 0
194 133 0
195 866 1
196 843 1
197 34 0
198 914 1
199 709 1
200 372 0
201 373 1
202 156 1
203 66 0
204 624 0
205 104 1
206 589 0
207 872 0
208 354 1
209 978 0
210 417 1
211 822 1
212 77 0
213 70 1
214 361 0
215 977 1
216 412 1
217 549 1
218 292 1
219 692 1
220 873 1
221 924 1
222 753 1
223 200 1
224 739 0
225 452 0
226 974 0
227 369 0
228 163 0
229 74 1
230 75 1
231 113 0
232 354 1
233 815 1
234 134 1
235 500 1
236 255 1
237 341 1
238 108 0
239 973 1
240 655 1
241 940 1
242 731 1
243 633 0
244 604 1
245 275 1
246 696 1
247 22 0
248 812 0
249 633 1
250 296 1
251 810 0
252 429 1
253 497 0
254 549 1
255 321 1
256 927 0
257 786 0
258 442 1
259 425 1
260 80 0
261 662 1
262 850 1
263 762 1
264 378 1
265 560 1
266 481 1
267 82 0
268 394 1
269 384 1
270 1 1
271 19 1
272 742 1
273 379 1
274 98 0
275 183 1
276 361 0
277 794 1
278 305 0
279 825 1
280 904 1
281 214 0
282 628 0
283 249 0
284 796 1
285 821 1
286 115 1
287 582 1
288 423 1
289 74 1
290 701 1
291 619 0
292 942 0
293 226 1
294 921 0
295 787 1
296 310 1
297 180 0
298 233 1
299 817 1
300 822 0
301 763 1
302 271 1
303 811 0
304 178 1
305 151 1
306 982 1
307 878 1
308 55 1
309 963 0
310 29 1
311 755 1
312 703 0
313 133 1
314 140 1
315 902 1
316 461 1
317 916 1
318 802 1
319 363 1
320 484 1
321 796 1
322 141 1
323 198 1
324 651 0
325 109 0
326 864 1
327 939 1
328 655 1
329 376 0
330 879 1
331 694 0
332 736 1
333 929 1
334 225 1
335 471 0
336 662 1
337 951 0
338 894 1
339 16 0
340 182 1
341 178 0
342 910 0
343 566 0
344 62 1
345 313 1
346 93 1
347 234 0
348 489 1
349 401 0
350 407 1
351 279 1
352 92 0
353 809 0
354 251 0
355 483 1
356 791 1
357 416 1
358 715 1
359 234 1
360 780 1
361 575 1
362 410 1
363 720 1
364 909 1
365 549 0
366 849 0
367 259 1
368 10 1
369 863 0
370 830 0
371 695 1
372 944 1
373 290 0
374 45 1
375 309 1
376 912 1
377 635 1
378 630 0
379 174 0
380 268 1
381 729 1
382 488 0
383 11 0
384 88 1
385 680 1
386 94 1
387 491 0
388 438 0
389 650 1
390 162 1
391 164 1
392 699 0
393 268 1
394 27 1
395 822 1
396 22 0
397 350 1
398 411 1
399 928 0
400 92 1
401 354 1
402 855 0
403 161 1
404 483 0
405 632 1
406 706 1
407 655 1
408 533 1
409 687 1
410 302 1
411 696 1
412 852 0
413 754 1
414 264 0
415 779 1
416 179 0
417 383 0
418 834 0
419 280 1
420 291 0
421 898 1
422 645 1
423 274 1
424 509 0
425 595 1
426 343 1
427 71 0
428 290 0
429 411 1
430 379 1
431 670 0
432 195 1
433 609 0
434 533 1
435 219 1
436 737 1
437 677 0
438 623 1
439 513 1
440 850 0
441 879 0
442 352 0
443 261 1
444 631 1
445 956 1
446 799 0
447 505 1
448 712 1
449 881 0
450 939 0
451 926 0
452 90 1
453 28 1
454 507 1
455 862 1
456 586 0
457 423 1
458 484 1
459 436 1
460 213 0
461 79 1
462 66 0
463 864 1
464 635 1
465 880 1
466 717 1
467 139 1
468 377 1
469 538 0
470 629 1
471 194 1
472 934 0
473 105 1
474 78 1
475 487 1
476 789 0
477 240 1
478 86 1
479 490 0
480 801 1
481 168 0
482 64 1
483 359 0
484 395 1
485 262 1
486 169 0
487 271 1
488 914 0
489 555 0
490 677 1
491 220 0
492 544 1
493 353 1
494 501 1
495 208 1
496 85 0
497 773 0
498 523 0
499 511 0
500 965 1
501 958 1
502 166 0
503 191 0
504 381 0
505 929 1
506 724 0
507 556 0
508 466 0
509 674 1
510 609 1
511 221 1
512 114 1
513 684 1
514 79 1
515 572 0
516 905 1
517 52 1
518 632 0
519 104 0
520 5 1
521 24 1
522 55 1
523 853 1
524 347 1
525 344 1
526 362 1
527 507 1
528 417 1
529 50 0
530 339 1
531 397 1
532 26 0
533 268 1
534 692 1
535 528 0
536 262 1
537 282 1
538 974 0
539 759 0
540 535 1
541 229 0
542 606 1
543 149 1
544 865 1
545 375 0
546 663 0
547 401 1
548 158 1
549 203 1
550 961 1
551 404 1
552 141 0
553 478 1
554 598 0
555 388 0
556 213 0
557 806 1
558 370 1
559 698 1
560 172 0
561 392 0
562 783 1
563 460 1
564 398 1
565 648 1
566 251 0
567 455 0
568 676 0
569 363 1
570 947 0
571 280 1
572 305 0
573 836 0
574 74 1
575 767 1
576 480 0
577 17 0
578 808 0
579 77 1
580 981 0
581 357 1
582 714 0
583 401 1
584 602 0
585 537 1
586 372 1
587 662 1
588 839 1
589 208 1
590 904 1
591 96 1
592 6 1
593 520 0
594 431 1
595 796 1
596 259 1
597 517 0
598 903 1
599 236 1
600 618 1
601 103 1
602 526 0
603 603 1
604 215 1
605 231 1
606 643 0
607 456 1
608 282 1
609 240 1
610 430 1
611 78 0
612 143 1
613 519 1
614 449 0
615 503 1
616 464 0
617 10 1
618 307 1
619 307 1
620 201 1
621 578 1
622 707 1
623 351 0
624 947 0
625 718 1
626 564 1
627 19 1
628 247 1
629 689 1
630 229 1
631 700 0
632 735 1
633 619 1
634 179 0
635 501 1
636 242 0
637 82 0
638 66 1
639 954 1
640 944 0
641 343 1
642 341 1
643 88 0
644 821 1
645 301 1
646 827 1
647 600 1
648 567 1
649 557 0
650 19 1
651 63 0
652 170 0
653 146 0
654 498 0
655 186 0
656 644 1
657 824 1
658 812 0
659 510 1
660 546 1
661 557 1
662 668 1
663 968 0
664 249 0
665 917 1
666 536 0
667 369 1
668 62 1
669 863 1
670 551 1
671 860 0
672 515 0
673 133 1
674 548 0
675 753 1
676 310 0
677 420 0
678 340 1
679 165 1
680 786 1
681 778 0
682 16 1
683 965 0
684 599 1
685 399 1
686 830 0
687 298 0
688 895 0
689 545 1
690 11 1
691 491 0
692 561 0
693 236 1
694 252 1
695 506 0
696 421 0
697 392 0
698 384 1
699 275 0
700 155 1
701 85 1
702 950 1
703 203 0
704 736 1
705 258 1
706 982 1
707 909 1
708 596 1
709 396 0
710 404 1
711 902 1
712 59 1
713 118 0
714 525 1
715 362 1
716 84 1
717 521 1
718 672 0
719 833 1
720 328 1
721 27 0
722 776 0
723 806 1
724 939 1
725 173 0
726 962 0
727 40 0
728 242 0
729 401 0
730 471 1
731 223 1
732 67 1
733 447 1
734 325 1
735 99 0
736 323 1
737 901 0
738 824 0
739 423 1
740 862 1
741 978 1
742 608 1
743 798 0
744 112 1
745 474 0
746 818 1
747 979 1
748 378 1
749 561 1
750 658 1
751 294 1
752 628 1
753 32 0
754 854 1
755 183 1
756 68 1
757 429 0
758 131 1
759 383 0
760 298 0
761 586 1
762 490 0
763 939 1
764 944 1
765 429 1
766 113 1
767 616 1
768 774 1
769 225 1
770 41 1
771 233 1
772 425 0
773 546 1
774 746 1
775 639 1
776 722 1
777 34 0
778 744 0
779 937 1
780 425 1
781 259 1
782 945 1
783 216 1
784 381 1
785 316 1
786 610 1
787 291 1
788 148 0
789 608 1
790 782 1
791 796 0
792 346 1
793 589 1
794 659 0
795 650 1
796 845 0
797 559 1
798 642 1
799 558 1
800 978 1
801 301 1
802 359 1
803 656 1
804 366 1
805 259 0
806 305 0
807 525 1
808 741 1
809 677 0
810 592 1
811 436 0
812 109 1
813 276 0
814 628 1
815 710 1
816 724 1
817 162 1
818 380 0
819 527 1
820 860 1
821 750 1
822 697 0
823 832 0
824 261 1
825 870 1
826 628 1
827 323 0
828 255 1
829 505 1
830 369 1
831 361 0
832 19 0
833 49 1
834 198 0
835 1 1
836 219 0
837 175 1
838 883 1
839 307 1
840 388 0
841 935 0
842 356 0
843 691 0
844 714 1
845 350 0
846 284 0
847 129 1
848 91 0
849 543 0
850 674 0
851 204 1
852 153 1
853 746 1
854 323 1
855 53 1
856 102 1
857 584 1
858 119 1
859 6 0
860 424 1
861 772 0
862 908 1
863 772 1
864 15 0
865 225 1
866 797 1
867 359 1
868 728 1
869 842 0
870 30 1
871 619 1
872 820 0
873 512 0
874 431 1
875 628 1
876 795 1
877 419 1
878 254 1
879 655 0
880 460 0
881 720 1
882 165 0
883 79 0
884 137 1
885 801 1
886 753 0
887 220 1
888 496 1
889 385 1
890 107 1
891 638 1
892 287 1
893 478 1
894 121 1
895 651 0
896 870 1
897 694 0
898 323 1
899 706 1
900 551 1
901 467 1
902 800 0
903 830 1
904 276 0
905 95 0
906 102 1
907 222 1
908 566 1
909 850 1
910 770 1
911 205 1
912 665 1
913 549 1
914 529 0
915 384 0
916 634 0
917 337 1
918 396 1
919 602 0
920 255 1
921 72 1
922 206 0
923 666 0
924 914 1
925 477 1
926 811 1
927 214 1
928 438 1
929 417 1
930 874 1
931 904 1
932 589 1
933 895 0
934 201 1
935 594 1
936 67 1
937 734 1
938 800 0
939 966 1
940 709 1
941 287 1
942 982 1
943 949 1
944 120 1
945 260 1
946 119 1
947 455 0
948 198 1
949 550 0
950 639 1
951 856 0
952 666 1
953 820 1
954 862 1
955 149 1
956 198 1
957 60 1
958 778 0
959 552 1
960 247 1
961 829 1
962 834 1
963 916 0
964 426 0
965 368 1
966 483 0
967 628 0
968 686 0
969 568 1
970 282 1
971 912 1
972 89 1
973 676 1
974 838 1
975 702 0
976 978 0
977 389 1
978 687 1
979 716 0
980 643 0
981 50 0
982 260 0
983 228 1
984 158 1
985 287 1
986 529 1
987 841 0
988 124 1
989 342 1
990 699 1
991 1 0
992 527 1
993 377 1
994 711 0
995 119 0
996 130 1
997 433 0
998 848 0
999 113 1
1000 473 0
1001 383 0
1002 455 1
1003 476 0
1004 695 1
1005 479 1
1006 798 1
1007 39 1
1008 790 0
1009 331 1
1010 445 1
1011 727 1
1012 620 1
1013 806 0
1014 757 1
1015 426 1
1016 255 0
1017 104 1
1018 971 1
1019 226 1
1020 255 1
1021 108 1
1022 41 0
1023 251 0
1024 403 1
1025 204 1
1026 953 1
1027 280 1
1028 124 1
1029 913 0
1030 941 1
1031 64 0
1032 22 0
1033 842 0
1034 670 0
1035 691 0
1036 550 1
1037 915 1
1038 786 1
1039 359 0
1040 606 0
1041 893 1
1042 512 1
1043 21 0
1044 131 1
1045 454 1
1046 146 0
1047 140 1
1048 608 0
1049 177 1
1050 828 0
1051 75 1
1052 523 1
1053 2 0
1054 110 0
1055 370 0
1056 846 1
1057 227 0
1058 309 0
1059 850 0
1060 39 1
1061 289 0
1062 680 0
1063 274 1
1064 269 0
1065 438 1
1066 96 0
1067 427 1
1068 440 1
1069 865 1
1070 632 1
1071 202 0
1072 451 1
1073 788 1
1074 518 1
1075 962 1
1076 895 1
1077 663 0
1078 697 1
1079 735 1
1080 164 1
1081 919 0
1082 543 0
1083 800 1
1084 713 1
1085 470 1
1086 852 1
1087 855 1
1088 942 0
1089 921 1
1090 169 1
1091 954 1
1092 182 0
1093 512 1
1094 426 1
1095 702 0
1096 373 1
1097 771 1
1098 921 1
1099 836 1
1100 204 1
1101 27 0
1102 834 0
1103 313 1
1104 397 1
1105 206 0
1106 85 1
1107 567 0
1108 730 0
1109 3 0
1110 280 0
1111 603 1
1112 120 1
1113 506 0
1114 818 0
1115 627 0
1116 520 1
1117 936 1
1118 392 0
1119 99 0
1120 355 1
1121 291 0
1122 402 1
1123 547 1
1124 875 0
1125 160 1
1126 33 0
1127 744 1
1128 11 0
1129 210 0
1130 384 1
1131 628 1
1132 427 1
1133 211 1
1134 765 1
1135 544 0
1136 456 0
1137 416 1
1138 550 1
1139 846 1
1140 451 1
1141 452 0
1142 706 1
1143 637 0
1144 319 1
1145 323 1
1146 540 1
1147 544 1
1148 468 1
1149 722 1
1150 906 0
1151 226 0
1152 53 0
1153 92 1
1154 542 1
1155 885 1
1156 880 1
1157 333 1
1158 487 1
1159 176 1
1160 673 1
1161 446 1
1162 307 0
1163 132 1
1164 602 1
1165 864 1
1166 72 1
1167 742 0
1168 589 0
1169 570 1
1170 708 0
1171 981 1
1172 745 1
1173 64 0
1174 157 0
1175 895 0
1176 580 1
1177 900 0
1178 204 1
1179 598 0
1180 823 1
1181 187 1
1182 425 1
1183 941 1
1184 540 1
1185 921 1
1186 919 0
1187 710 1
1188 105 1
1189 849 1
1190 934 0
1191 932 1
1192 957 1
1193 353 1
1194 817 0
1195 825 1
1196 286 1
1197 487 1
1198 718 1
1199 501 1
1200 892 0
1201 460 1
1202 293 1
1203 524 0
1204 960 1
1205 580 0
1206 5 1
1207 377 1
1208 393 1
1209 980 1
1210 538 0
1211 722 1
1212 690 1
1213 391 0
1214 590 1
1215 619 1
1216 266 1
1217 342 0
1218 201 1
1219 877 1
1220 31 0
1221 928 1
1222 18 1
1223 839 0
1224 811 1
1225 397 1
1226 593 1
1227 45 0
1228 280 0
1229 563 1
1230 184 1
1231 306 0
1232 134 1
1233 930 1
1234 291 1
1235 353 1
1236 233 0
1237 279 0
1238 378 0
1239 422 0
1240 889 0
1241 491 1
1242 874 1
1243 637 1
1244 813 0
1245 962 0
1246 256 0
1247 385 0
1248 772 1
1249 726 0
1250 11 1
1251 322 0
1252 153 0
1253 256 1
1254 575 1
1255 658 1
1256 354 1
1257 819 0
1258 622 0
1259 256 1
1260 609 1
1261 386 0
1262 358 1
1263 272 1
1264 942 0
1265 66 1
1266 854 1
1267 55 1
1268 829 0
1269 476 0
1270 830 1
1271 820 0
1272 235 0
1273 366 1
1274 64 1
1275 166 1
1276 776 1
1277 395 1
1278 259 0
1279 136 1
1280 521 0
1281 27 0
1282 510 0
1283 336 0
1284 234 1
1285 695 1
1286 882 0
1287 201 1
1288 123 0
1289 911 1
1290 45 0
1291 781 0
1292 565 1
1293 811 0
1294 699 1
1295 882 1
1296 166 0
1297 468 1
1298 832 1
1299 952 1
1300 552 0
1301 82 1
1302 132 1
1303 504 0
1304 691 0
1305 363 1
1306 365 1
1307 414 0
1308 192 1
1309 531 0
1310 206 1
1311 63 1
1312 194 0
