8370
1 331 0
2 403 1
3 301 1
4 567 1
5 472 1
6 280 1
7 190 0
8 268 1
9 456 1
10 478 1
11 584 1
12 528 1
13 59 0
14 793 1
15 505 1
16 261 1
17 147 0
18 483 1
19 322 1
20 298 1
21 411 1
22 650 1
23 415 1
24 239 1
25 204 1
26 496 1
27 296 1
28 585 0
29 413 0
30 262 1
31 306 0
32 129 1
33 698 0
34 657 1
35 359 1
36 267 1
37 231 1
38 69 0
39 533 1
40 215 0
41 291 1
42 224 1
43 678 1
44 698 1
45 316 1
46 384 0
47 426 1
48 586 0
49 636 0
50 29 0
51 652 1
52 463 1
53 156 1
54 227 1
55 105 1
56 692 1
57 95 1
58 739 1
59 422 1
60 239 1
61 282 1
62 58 1
63 647 1
64 530 1
65 340 0
66 730 1
67 366 0
68 5 0
69 422 1
70 722 1
71 429 1
72 680 1
73 215 1
74 240 1
75 173 1
76 318 0
77 368 0
78 673 0
79 285 1
80 182 1
81 706 1
82 560 1
83 803 0
84 292 1
85 307 1
86 451 0
87 557 1
88 771 1
89 679 1
90 352 0
91 188 1
92 4 1
93 311 1
94 514 1
95 256 1
96 409 1
97 307 1
98 731 1
99 477 1
100 465 0
101 166 1
102 463 0
103 176 1
104 193 0
105 130 0
106 405 1
107 480 1
108 630 1
109 30 1
110 575 0
111 539 0
112 758 1
113 651 1
114 653 1
115 397 0
116 611 1
117 164 1
118 552 0
119 193 0
120 707 1
121 801 1
122 396 1
123 464 1
124 202 0
125 301 1
126 535 1
127 459 1
128 383 0
129 422 1
130 123 0
131 284 0
132 79 1
133 506 0
134 300 1
135 320 1
136 777 1
137 248 1
138 532 1
139 329 1
140 149 1
141 454 1
142 167 1
143 675 0
144 398 1
145 529 1
146 45 1
147 198 1
148 772 0
149 512 1
150 345 0
151 776 0
152 327 1
153 424 1
154 435 1
155 537 1
156 326 1
157 211 0
158 279 0
159 554 0
160 113 1
161 708 0
162 594 1
163 607 1
164 307 1
165 323 1
166 325 1
167 716 0
168 576 1
169 209 0
170 592 0
171 538 1
172 680 1
173 109 1
174 578 1
175 333 1
176 689 1
177 606 1
178 400 1
179 779 1
180 461 1
181 302 0
182 653 1
183 135 1
184 43 1
185 370 1
186 601 1
187 251 0
188 32 1
189 124 1
190 211 1
191 244 0
192 196 0
193 313 1
194 760 1
195 245 0
196 78 1
197 136 1
198 263 1
199 91 1
200 372 1
201 697 0
202 312 0
203 384 0
204 495 0
205 464 1
206 721 1
207 305 1
208 501 1
209 210 1
210 408 1
211 612 1
212 758 1
213 160 1
214 208 0
215 269 0
216 223 1
217 495 0
218 43 1
219 389 1
220 330 1
221 756 0
222 504 1
223 665 0
224 376 1
225 152 0
226 272 1
227 213 1
228 700 0
229 425 0
230 135 1
231 185 1
232 603 0
233 158 1
234 257 1
235 128 1
236 342 1
237 335 1
238 642 0
239 550 1
240 4 1
241 745 1
242 653 1
243 249 1
244 28 1
245 146 1
246 312 1
247 31 0
248 278 0
249 504 0
250 491 1
251 633 1
252 213 0
253 623 1
254 666 0
255 3 1
256 249 1
257 702 1
258 403 1
259 140 0
260 569 1
261 350 0
262 697 0
263 738 0
264 81 0
265 452 1
266 4 1
267 103 0
268 751 0
269 15 1
270 28 1
271 784 1
272 31 0
273 445 1
274 323 1
275 621 1
276 382 1
277 470 1
278 617 0
279 183 1
280 580 1
281 781 1
282 418 1
283 558 0
284 553 0
285 470 1
286 670 1
287 369 0
288 381 1
289 323 0
290 341 1
291 538 1
292 612 1
293 745 0
294 345 0
295 625 1
296 262 0
297 453 1
298 419 1
299 547 1
300 36 0
301 496 1
302 724 1
303 595 1
304 376 1
305 751 1
306 559 1
307 383 0
308 181 0
309 39 0
310 755 1
311 395 1
312 199 1
313 394 1
314 311 1
315 533 1
316 656 1
317 241 1
318 346 1
319 615 1
320 451 1
321 382 1
322 540 1
323 633 1
324 591 1
325 190 1
326 279 1
327 492 1
328 130 0
329 607 1
330 525 1
331 544 0
332 622 1
333 446 1
334 318 0
335 633 0
336 311 1
337 231 0
338 723 0
339 760 1
340 233 1
341 790 1
342 478 1
343 746 0
344 53 1
345 805 1
346 378 1
347 702 1
348 18 0
349 344 1
350 338 1
351 615 0
352 122 1
353 443 0
354 407 0
355 288 0
356 38 1
357 95 0
358 490 1
359 66 1
360 78 1
361 632 1
362 104 1
363 645 1
364 612 0
365 213 1
366 663 1
367 298 0
368 616 1
369 572 1
370 74 0
371 38 0
372 68 0
373 383 0
374 729 1
375 612 0
376 18 1
377 206 1
378 708 1
379 0 1
380 292 0
381 156 1
382 797 0
383 683 1
384 382 1
385 566 0
386 1 0
387 323 1
388 492 0
389 383 1
390 666 0
391 725 1
392 123 1
393 316 1
394 480 0
395 282 0
396 40 1
397 671 0
398 402 0
399 379 1
400 494 1
401 183 1
402 246 1
403 320 0
404 723 1
405 656 1
406 640 1
407 202 1
408 443 1
409 537 1
410 590 1
411 393 1
412 522 1
413 409 0
414 303 0
415 83 1
416 431 1
417 803 0
418 282 1
419 358 1
420 768 1
421 523 0
422 525 1
423 55 1
424 431 1
425 589 1
426 109 1
427 593 0
428 176 1
429 498 1
430 487 0
431 541 1
432 357 0
433 783 1
434 596 1
435 342 1
436 284 1
437 656 0
438 533 1
439 720 1
440 247 0
441 114 1
442 421 0
443 498 1
444 406 1
445 341 0
446 520 0
447 754 0
448 601 1
449 215 1
450 807 0
451 446 1
452 120 1
453 31 1
454 756 1
455 805 1
456 190 1
457 57 1
458 79 1
459 718 1
460 249 1
461 322 0
462 315 1
463 345 0
464 743 1
465 811 1
466 627 1
467 526 1
468 488 1
469 589 1
470 251 1
471 377 1
472 766 1
473 807 0
474 255 0
475 274 1
476 468 1
477 216 1
478 614 1
479 397 1
480 63 1
481 792 0
482 349 1
483 626 1
484 5 0
485 211 1
486 493 0
487 697 1
488 533 1
489 480 1
490 668 1
491 235 1
492 292 1
493 293 0
494 768 1
495 148 1
496 595 0
497 464 1
498 142 0
499 724 1
500 434 0
501 403 0
502 466 0
503 317 0
504 243 1
505 485 1
506 493 0
507 421 1
508 682 1
509 143 1
510 102 1
511 410 1
512 741 1
513 339 1
514 94 0
515 218 0
516 128 1
517 154 1
518 419 1
519 536 1
520 455 1
521 516 1
522 439 1
523 430 0
524 350 1
525 455 1
526 620 1
527 660 1
528 438 1
529 374 0
530 192 1
531 571 1
532 725 1
533 670 1
534 383 0
535 504 0
536 112 1
537 483 1
538 656 1
539 615 1
540 184 0
541 400 0
542 66 1
543 617 0
544 190 0
545 546 0
546 282 1
547 458 1
548 785 0
549 35 1
550 463 1
551 704 1
552 258 1
553 70 0
554 553 1
555 49 1
556 453 1
557 806 1
558 697 1
559 533 1
560 790 1
561 212 0
562 327 0
563 208 1
564 740 0
565 165 1
566 293 0
567 476 0
568 187 1
569 162 1
570 497 1
571 175 1
572 416 0
573 167 0
574 779 0
575 698 1
576 477 1
577 770 1
578 277 1
579 614 1
580 732 1
581 672 1
582 591 1
583 29 1
584 392 1
585 216 1
586 726 0
587 782 1
588 314 0
589 139 0
590 346 1
591 792 1
592 444 0
593 325 1
594 425 1
595 190 1
596 661 1
597 67 0
598 141 0
599 728 0
600 42 1
601 610 0
602 277 1
603 39 1
604 470 1
605 627 1
606 526 0
607 582 1
608 54 1
609 144 0
610 544 1
611 579 1
612 140 1
613 342 1
614 497 1
615 569 0
616 143 1
617 250 1
618 700 0
619 766 0
620 546 1
621 116 1
622 698 0
623 741 1
624 548 1
625 418 0
626 162 1
627 427 1
628 340 0
629 338 1
630 781 0
631 319 0
632 216 0
633 286 1
634 368 0
635 216 1
636 86 1
637 685 1
638 786 1
639 723 1
640 440 1
641 556 0
642 23 1
643 415 1
644 695 1
645 388 1
646 359 1
647 285 1
648 786 1
649 434 1
650 322 1
651 198 1
652 170 0
653 134 0
654 438 0
655 420 0
656 695 1
657 179 0
658 89 1
659 24 1
660 45 1
661 146 0
662 629 1
663 167 0
664 513 1
665 698 1
666 194 1
667 753 1
668 722 1
669 263 0
670 686 0
671 737 1
672 602 1
673 229 0
674 452 1
675 741 0
676 175 1
677 657 1
678 16 1
679 348 0
680 123 1
681 307 0
682 73 1
683 437 0
684 77 1
685 408 1
686 326 1
687 274 1
688 190 1
689 317 1
690 512 1
691 83 0
692 75 1
693 434 1
694 507 0
695 620 1
696 772 1
697 134 1
698 117 1
699 92 1
700 215 0
701 712 1
702 20 1
703 167 1
704 433 0
705 609 1
706 484 1
707 330 1
708 374 1
709 405 1
710 245 0
711 698 1
712 650 1
713 559 1
714 102 1
715 716 1
716 339 0
717 368 1
718 300 1
719 326 1
720 529 1
721 375 0
722 569 0
723 515 1
724 168 0
725 767 1
726 644 0
727 127 1
728 182 1
729 191 1
730 279 0
731 679 1
732 220 1
733 489 1
734 280 1
735 195 0
736 692 1
737 766 1
738 542 1
739 333 1
740 331 1
741 633 1
742 695 1
743 399 1
744 388 1
745 672 1
746 194 1
747 796 1
748 528 1
749 690 1
750 229 1
751 561 0
752 154 0
753 311 1
754 737 1
755 348 1
756 119 0
757 741 0
758 683 1
759 389 0
760 427 0
761 190 0
762 541 1
763 792 0
764 401 0
765 576 1
766 497 1
767 739 0
768 348 1
769 534 1
770 638 1
771 38 1
772 560 1
773 24 1
774 617 1
775 198 1
776 416 1
777 364 1
778 318 0
779 724 1
780 767 1
781 292 1
782 321 0
783 45 1
784 780 1
785 697 1
786 727 1
787 627 1
788 457 1
789 92 1
790 251 0
791 4 0
792 190 1
793 322 0
794 221 0
795 737 0
796 476 0
797 382 0
798 759 1
799 654 0
800 273 1
801 28 1
802 215 0
803 662 1
804 249 1
805 445 1
806 311 0
807 678 0
808 327 1
809 764 0
810 175 1
811 478 1
812 415 1
813 636 0
814 799 1
815 29 1
816 202 0
817 201 1
818 791 1
819 32 1
820 71 1
821 237 0
822 436 1
823 70 1
824 612 1
825 498 1
826 787 1
827 626 0
828 780 1
829 751 1
830 681 1
831 535 1
832 103 1
833 811 1
834 297 1
835 631 0
836 18 1
837 505 1
838 481 1
839 160 1
840 106 0
841 11 1
842 332 0
843 226 1
844 597 1
845 575 1
846 455 1
847 291 0
848 544 1
849 150 1
850 74 1
851 720 1
852 348 1
853 302 1
854 743 1
855 620 0
856 630 1
857 440 1
858 779 0
859 204 1
860 586 1
861 538 1
862 587 1
863 52 0
864 60 1
865 102 0
866 740 1
867 305 1
868 176 0
869 614 1
870 579 1
871 466 1
872 808 1
873 302 1
874 515 1
875 34 1
876 228 0
877 26 1
878 344 1
879 76 0
880 37 0
881 618 1
882 510 1
883 562 0
884 473 1
885 303 1
886 540 1
887 391 1
888 373 1
889 7 1
890 710 1
891 686 1
892 125 1
893 451 1
894 301 0
895 384 1
896 216 0
897 625 1
898 623 1
899 679 0
900 248 0
901 32 1
902 449 1
903 266 0
904 627 1
905 407 0
906 639 1
907 405 0
908 257 1
909 175 0
910 326 1
911 652 1
912 14 1
913 780 0
914 349 1
915 675 1
916 325 1
917 328 1
918 642 1
919 293 1
920 378 1
921 168 1
922 245 1
923 723 1
924 371 1
925 249 1
926 724 1
927 751 1
928 63 1
929 318 1
930 61 0
931 520 1
932 643 1
933 103 1
934 708 0
935 684 0
936 607 1
937 233 1
938 122 0
939 297 1
940 307 0
941 701 1
942 145 0
943 712 1
944 54 0
945 131 0
946 152 1
947 257 1
948 765 1
949 778 0
950 21 1
951 121 1
952 198 1
953 178 0
954 7 1
955 569 1
956 777 0
957 288 0
958 607 0
959 72 1
960 727 1
961 532 0
962 366 0
963 373 1
964 414 1
965 734 0
966 498 1
967 574 1
968 719 1
969 772 1
970 414 1
971 306 1
972 740 1
973 487 1
974 292 1
975 138 1
976 519 0
977 29 1
978 156 1
979 713 1
980 250 1
981 515 1
982 431 1
983 387 1
984 215 0
985 329 1
986 61 1
987 763 1
988 172 1
989 33 1
990 753 1
991 427 0
992 596 0
993 41 1
994 45 1
995 587 1
996 331 1
997 799 1
998 566 1
999 365 1
1000 719 1
1001 353 1
1002 26 1
1003 278 1
1004 497 0
1005 419 0
1006 237 1
1007 651 1
1008 244 1
1009 37 1
1010 388 0
1011 94 1
1012 101 1
1013 179 0
1014 208 1
1015 390 1
1016 180 0
1017 404 1
1018 803 0
1019 160 1
1020 504 1
1021 111 1
1022 122 1
1023 272 1
1024 151 1
1025 165 0
1026 689 1
1027 769 0
1028 340 1
1029 154 1
1030 434 1
1031 418 1
1032 799 1
1033 575 0
1034 448 1
1035 463 1
1036 580 0
1037 636 1
1038 33 1
1039 11 0
1040 729 1
1041 233 0
1042 437 1
1043 93 1
1044 647 1
1045 268 0
1046 302 0
1047 392 1
1048 452 1
1049 264 1
1050 156 1
1051 549 1
1052 811 1
1053 626 1
1054 224 0
1055 538 1
1056 570 0
1057 500 1
1058 471 1
1059 481 1
1060 351 0
1061 652 1
1062 134 1
1063 697 0
1064 710 1
1065 183 1
1066 141 0
1067 544 1
1068 47 0
1069 739 1
1070 506 1
1071 166 1
1072 178 0
1073 212 1
1074 770 1
1075 221 1
1076 385 1
1077 717 0
1078 292 1
1079 615 1
1080 14 1
1081 565 1
1082 228 0
1083 50 1
1084 410 1
1085 302 1
1086 195 0
1087 366 0
1088 645 1
1089 534 1
1090 781 1
1091 666 1
1092 2 1
1093 383 1
1094 681 0
1095 807 0
1096 739 1
1097 606 1
1098 612 0
1099 185 1
1100 387 0
1101 312 0
1102 465 1
1103 712 1
1104 766 1
1105 656 0
1106 130 1
1107 30 1
1108 22 1
1109 750 1
1110 355 1
1111 96 1
1112 570 1
1113 191 1
1114 56 1
1115 333 0
1116 373 0
1117 537 1
1118 20 1
1119 78 0
1120 379 1
1121 462 1
1122 186 1
1123 151 0
1124 662 1
1125 421 1
1126 99 0
1127 240 1
1128 731 1
1129 225 0
1130 72 1
1131 496 1
1132 145 1
1133 226 0
1134 411 0
1135 706 0
1136 549 1
1137 809 0
1138 358 1
1139 453 0
1140 805 1
1141 734 0
1142 334 0
1143 760 0
1144 103 0
1145 305 1
1146 240 0
1147 376 1
1148 777 1
1149 305 1
1150 417 0
1151 676 0
1152 308 1
1153 398 1
1154 575 1
1155 384 0
1156 667 1
1157 168 1
1158 223 1
1159 764 1
1160 610 0
1161 257 0
1162 568 0
1163 177 1
1164 746 1
1165 417 1
1166 435 0
1167 13 0
1168 463 1
1169 108 0
1170 204 1
1171 303 1
1172 553 1
1173 571 0
1174 97 1
1175 613 1
1176 289 1
1177 255 1
1178 201 0
1179 331 1
1180 670 1
1181 808 1
1182 539 1
1183 791 1
1184 498 1
1185 492 0
1186 334 1
1187 272 1
1188 777 0
1189 606 0
1190 307 0
1191 278 0
1192 786 1
1193 395 1
1194 721 1
1195 633 1
1196 172 1
1197 625 1
1198 715 1
1199 165 1
1200 445 1
1201 46 1
1202 395 1
1203 41 1
1204 348 1
1205 175 1
1206 563 1
1207 194 1
1208 174 1
1209 221 1
1210 13 1
1211 170 1
1212 180 1
1213 406 1
1214 341 1
1215 238 1
1216 170 1
1217 753 0
1218 357 1
1219 679 1
1220 706 1
1221 58 0
1222 495 0
1223 503 0
1224 106 1
1225 16 1
1226 521 0
1227 627 0
1228 736 1
1229 293 1
1230 301 0
1231 807 1
1232 326 0
1233 792 1
1234 807 1
1235 86 1
1236 455 1
1237 99 1
1238 474 1
1239 71 1
1240 268 1
1241 455 1
1242 28 1
1243 187 0
1244 0 1
1245 785 0
1246 523 1
1247 529 1
1248 223 0
1249 720 0
1250 677 1
1251 673 1
1252 216 0
1253 535 1
1254 71 1
1255 214 1
1256 204 1
1257 639 1
1258 694 0
1259 508 0
1260 249 1
1261 752 1
1262 769 1
1263 809 1
1264 486 1
1265 720 1
1266 788 0
1267 181 1
1268 49 0
1269 638 1
1270 20 0
1271 214 0
1272 463 0
1273 213 0
1274 622 0
1275 550 1
1276 143 1
1277 341 1
1278 712 1
1279 601 1
1280 563 0
1281 246 1
1282 30 1
1283 486 0
1284 654 0
1285 767 1
1286 105 1
1287 654 0
1288 777 1
1289 668 1
1290 285 1
1291 400 0
1292 649 0
1293 37 1
1294 588 1
1295 444 1
1296 334 1
1297 387 1
1298 628 1
1299 199 0
1300 126 1
1301 85 0
1302 78 1
1303 555 1
1304 304 0
1305 384 0
1306 326 1
1307 528 1
1308 222 1
1309 789 1
1310 392 1
1311 90 0
1312 620 1
1313 33 1
1314 293 1
1315 659 1
1316 142 0
1317 161 1
1318 427 0
1319 17 1
1320 392 1
1321 18 0
1322 695 1
1323 145 1
1324 300 0
1325 669 0
1326 51 1
1327 115 1
1328 180 1
1329 49 0
1330 137 1
1331 403 1
1332 396 0
1333 9 1
1334 791 0
1335 251 1
1336 751 1
1337 30 0
1338 572 1
1339 493 0
1340 52 0
1341 506 0
1342 51 0
1343 531 1
1344 525 1
1345 215 1
1346 476 1
1347 206 1
1348 125 1
1349 637 0
1350 565 0
1351 474 1
1352 669 1
1353 323 0
1354 191 1
1355 242 1
1356 676 0
1357 347 1
1358 311 1
1359 469 1
1360 401 1
1361 764 1
1362 489 1
1363 447 1
1364 696 1
1365 474 0
1366 670 1
1367 138 0
1368 150 1
1369 709 0
1370 788 1
1371 585 0
1372 641 1
1373 76 1
1374 508 0
1375 487 1
1376 416 1
1377 483 0
1378 106 1
1379 217 0
1380 712 1
1381 438 1
1382 582 1
1383 38 1
1384 549 1
1385 261 1
1386 641 1
1387 118 1
1388 230 1
1389 364 0
1390 739 1
1391 344 0
1392 232 0
1393 512 1
1394 455 0
1395 83 1
1396 608 1
1397 679 1
1398 41 0
1399 52 1
1400 161 1
1401 56 0
1402 424 1
1403 459 0
1404 123 1
1405 90 0
1406 617 1
1407 714 0
1408 772 1
1409 697 0
1410 86 1
1411 769 1
1412 0 1
1413 582 1
1414 49 1
1415 141 1
1416 212 0
1417 768 0
1418 127 1
1419 800 1
1420 180 0
1421 623 0
1422 267 1
1423 588 1
1424 448 1
1425 396 1
1426 195 1
1427 171 0
1428 498 0
1429 804 1
1430 652 1
1431 269 0
1432 85 0
1433 197 0
1434 639 0
1435 217 0
1436 17 0
1437 803 0
1438 307 0
1439 20 1
1440 805 1
1441 232 1
1442 280 1
1443 138 0
1444 666 1
1445 23 1
1446 585 1
1447 311 1
1448 517 1
1449 69 1
1450 447 0
1451 672 0
1452 69 1
1453 503 1
1454 750 0
1455 74 1
1456 696 1
1457 440 1
1458 464 1
1459 451 1
1460 219 0
1461 332 1
1462 767 1
1463 662 1
1464 661 0
1465 324 1
1466 528 1
1467 760 0
1468 600 1
1469 484 0
1470 484 1
1471 222 1
1472 619 0
1473 40 1
1474 751 0
1475 665 0
1476 722 0
1477 717 1
1478 337 1
1479 658 1
1480 807 0
1481 236 0
1482 353 1
1483 631 1
1484 143 0
1485 433 0
1486 371 1
1487 260 1
1488 259 0
1489 771 0
1490 303 0
1491 110 1
1492 318 0
1493 643 0
1494 90 1
1495 596 1
1496 658 1
1497 118 0
1498 770 1
1499 661 1
1500 561 1
1501 806 0
1502 446 0
1503 52 0
1504 310 1
1505 659 0
1506 388 1
1507 580 1
1508 294 1
1509 304 1
1510 654 1
1511 224 1
1512 429 0
1513 207 0
1514 356 1
1515 809 1
1516 660 0
1517 792 1
1518 244 1
1519 754 0
1520 609 1
1521 109 1
1522 67 1
1523 401 1
1524 41 1
1525 745 1
1526 302 1
1527 704 1
1528 577 1
1529 59 1
1530 232 0
1531 226 0
1532 614 0
1533 127 0
1534 805 1
1535 109 0
1536 424 1
1537 296 0
1538 662 1
1539 607 1
1540 100 1
1541 96 1
1542 207 0
1543 644 1
1544 164 1
1545 92 1
1546 515 1
1547 475 0
1548 34 0
1549 684 1
1550 426 1
1551 137 1
1552 198 0
1553 284 0
1554 642 1
1555 15 0
1556 129 1
1557 655 1
1558 422 1
1559 62 1
1560 133 1
1561 169 1
1562 551 1
1563 719 1
1564 188 1
1565 121 1
1566 325 1
1567 408 0
1568 203 1
1569 80 1
1570 281 0
1571 284 0
1572 775 1
1573 501 0
1574 369 0
1575 480 1
1576 229 1
1577 92 1
1578 235 1
1579 308 1
1580 343 0
1581 548 1
1582 443 1
1583 133 1
1584 101 1
1585 433 1
1586 631 0
1587 548 1
1588 600 1
1589 487 1
1590 310 0
1591 413 0
1592 558 1
1593 262 1
1594 258 1
1595 482 1
1596 509 1
1597 779 1
1598 439 0
1599 541 1
1600 390 1
1601 677 1
1602 390 0
1603 557 0
1604 159 1
1605 88 1
1606 709 1
1607 764 0
1608 761 1
1609 758 0
1610 538 1
1611 72 1
1612 399 1
1613 129 0
1614 460 1
1615 320 1
1616 98 0
1617 0 1
1618 675 0
1619 175 1
1620 299 0
1621 246 0
1622 519 0
1623 404 0
1624 165 0
1625 751 1
1626 531 1
1627 447 0
1628 616 1
1629 466 1
1630 758 0
1631 55 1
1632 482 1
1633 41 0
1634 368 1
1635 121 0
1636 234 1
1637 49 1
1638 564 1
1639 485 1
1640 558 1
1641 374 1
1642 433 1
1643 149 0
1644 95 1
1645 9 1
1646 345 1
1647 406 0
1648 687 0
1649 113 0
1650 418 0
1651 664 0
1652 601 1
1653 102 1
1654 109 0
1655 591 1
1656 765 1
1657 698 1
1658 729 0
1659 131 0
1660 406 1
1661 375 1
1662 772 1
1663 520 1
1664 171 1
1665 399 1
1666 623 1
1667 752 0
1668 151 1
1669 274 1
1670 384 0
1671 682 0
1672 773 0
1673 232 1
1674 358 1
1675 210 0
1676 14 1
1677 457 1
1678 309 1
1679 130 0
1680 552 1
1681 579 1
1682 781 1
1683 529 1
1684 315 1
1685 703 1
1686 42 1
1687 545 1
1688 650 1
1689 201 1
1690 651 1
1691 714 0
1692 752 1
1693 393 1
1694 277 0
1695 483 1
1696 809 0
1697 379 0
1698 523 1
1699 406 0
1700 653 0
1701 234 0
1702 379 1
1703 208 1
1704 254 1
1705 735 0
1706 332 0
1707 757 1
1708 505 1
1709 275 0
1710 372 1
1711 799 1
1712 763 1
1713 87 0
1714 784 0
1715 9 0
1716 300 1
1717 263 0
1718 779 1
1719 160 0
1720 391 1
1721 636 0
1722 229 1
1723 750 1
1724 428 1
1725 703 1
1726 480 1
1727 110 1
1728 566 0
1729 415 0
1730 201 1
1731 104 1
1732 423 0
1733 445 0
1734 104 0
1735 120 1
1736 443 1
1737 161 1
1738 33 1
1739 593 1
1740 388 1
1741 449 1
1742 683 1
1743 809 1
1744 267 1
1745 729 0
1746 346 1
1747 724 1
1748 466 1
1749 669 1
1750 717 1
1751 7 1
1752 487 1
1753 774 1
1754 344 1
1755 737 1
1756 792 1
1757 298 0
1758 444 1
1759 41 0
1760 216 1
1761 122 1
1762 56 1
1763 273 0
1764 145 1
1765 34 0
1766 673 1
1767 151 1
1768 288 0
1769 378 1
1770 421 1
1771 62 0
1772 186 0
1773 573 1
1774 409 1
1775 284 1
1776 82 1
1777 697 1
1778 194 0
1779 415 1
1780 610 0
1781 711 1
1782 1 0
1783 328 1
1784 484 0
1785 431 1
1786 274 1
1787 3 1
1788 40 1
1789 33 1
1790 133 1
1791 585 0
1792 233 0
1793 354 1
1794 383 0
1795 277 1
1796 161 0
1797 406 1
1798 548 1
1799 774 1
1800 706 1
1801 635 1
1802 641 0
1803 383 1
1804 724 1
1805 74 0
1806 243 0
1807 16 1
1808 71 0
1809 413 1
1810 82 1
1811 635 1
1812 376 1
1813 729 1
1814 473 0
1815 653 1
1816 594 0
1817 289 1
1818 55 1
1819 46 1
1820 30 1
1821 580 0
1822 535 0
1823 259 1
1824 721 1
1825 248 1
1826 60 1
1827 558 1
1828 376 1
1829 302 0
1830 675 1
1831 727 0
1832 373 1
1833 634 1
1834 631 0
1835 719 1
1836 556 1
1837 200 1
1838 24 1
1839 71 1
1840 642 1
1841 491 0
1842 467 1
1843 81 0
1844 466 1
1845 391 0
1846 282 0
1847 295 0
1848 18 1
1849 594 0
1850 796 1
1851 576 1
1852 741 1
1853 572 1
1854 177 1
1855 453 1
1856 473 0
1857 710 0
1858 123 1
1859 482 1
1860 685 1
1861 182 1
1862 688 1
1863 320 1
1864 593 1
1865 53 1
1866 357 1
1867 626 1
1868 592 0
1869 561 0
1870 540 1
1871 776 0
1872 87 1
1873 406 1
1874 162 1
1875 309 0
1876 703 1
1877 512 0
1878 724 1
1879 227 0
1880 688 0
1881 347 1
1882 96 1
1883 28 1
1884 56 1
1885 399 1
1886 545 1
1887 307 1
1888 546 1
1889 353 1
1890 544 1
1891 498 1
1892 664 0
1893 523 1
1894 784 1
1895 591 1
1896 540 1
1897 157 0
1898 40 1
1899 21 1
1900 284 0
1901 448 1
1902 538 0
1903 403 1
1904 656 1
1905 735 1
1906 116 1
1907 576 0
1908 127 1
1909 543 0
1910 546 0
1911 268 1
1912 201 1
1913 664 0
1914 120 0
1915 94 1
1916 48 1
1917 175 1
1918 240 1
1919 613 1
1920 32 0
1921 225 1
1922 711 0
1923 115 1
1924 598 0
1925 692 1
1926 490 1
1927 360 1
1928 82 1
1929 689 0
1930 652 0
1931 361 1
1932 512 1
1933 228 1
1934 380 1
1935 590 0
1936 565 1
1937 315 1
1938 314 0
1939 244 0
1940 599 1
1941 753 1
1942 594 0
1943 724 1
1944 267 1
1945 634 1
1946 325 1
1947 561 1
1948 797 1
1949 287 1
1950 573 1
1951 531 0
1952 390 0
1953 54 1
1954 787 1
1955 313 1
1956 745 1
1957 360 0
1958 64 1
1959 146 0
1960 381 0
1961 760 1
1962 473 1
1963 241 0
1964 807 0
1965 332 1
1966 347 1
1967 158 0
1968 407 1
1969 138 0
1970 266 1
1971 710 0
1972 783 0
1973 480 0
1974 39 0
1975 120 1
1976 349 0
1977 637 0
1978 330 1
1979 790 1
1980 348 0
1981 402 1
1982 116 1
1983 130 1
1984 528 1
1985 92 0
1986 798 1
1987 748 1
1988 569 1
1989 802 0
1990 797 1
1991 539 1
1992 744 1
1993 97 0
1994 751 0
1995 95 0
1996 140 0
1997 246 0
1998 569 0
1999 779 0
2000 155 0
2001 344 1
2002 370 1
2003 663 0
2004 204 1
2005 245 1
2006 271 0
2007 276 1
2008 657 0
2009 786 1
2010 204 1
2011 391 1
2012 76 0
2013 355 1
2014 524 1
2015 195 0
2016 703 1
2017 329 1
2018 328 0
2019 710 1
2020 341 1
2021 721 1
2022 437 1
2023 569 0
2024 313 0
2025 387 1
2026 366 1
2027 371 1
2028 682 0
2029 353 1
2030 558 1
2031 583 1
2032 597 0
2033 218 1
2034 602 0
2035 644 1
2036 582 0
2037 743 1
2038 247 1
2039 811 1
2040 797 1
2041 588 0
2042 430 1
2043 302 1
2044 383 1
2045 692 1
2046 713 0
2047 331 0
2048 72 1
2049 609 1
2050 743 1
2051 559 0
2052 503 0
2053 229 0
2054 744 1
2055 8 1
2056 691 1
2057 588 1
2058 252 1
2059 607 0
2060 488 1
2061 763 0
2062 459 1
2063 73 0
2064 96 1
2065 715 1
2066 65 0
2067 49 1
2068 461 1
2069 16 1
2070 15 0
2071 630 1
2072 130 1
2073 770 1
2074 483 1
2075 205 1
2076 807 1
2077 301 1
2078 515 0
2079 495 1
2080 812 1
2081 393 1
2082 614 1
2083 143 1
2084 475 0
2085 410 1
2086 507 0
2087 707 0
2088 633 1
2089 776 1
2090 172 0
2091 784 0
2092 647 0
2093 374 1
2094 402 0
2095 471 1
2096 209 0
2097 789 1
2098 248 1
2099 28 1
2100 357 1
2101 479 0
2102 422 1
2103 445 1
2104 793 1
2105 624 0
2106 86 0
2107 318 1
2108 623 1
2109 594 1
2110 259 1
2111 124 0
2112 59 0
2113 802 1
2114 298 0
2115 296 1
2116 779 1
2117 217 1
2118 90 0
2119 709 1
2120 580 0
2121 223 1
2122 302 1
2123 343 1
2124 500 1
2125 649 0
2126 376 1
2127 738 1
2128 139 0
2129 253 1
2130 254 1
2131 34 1
2132 266 1
2133 119 0
2134 424 0
2135 182 0
2136 535 0
2137 46 0
2138 458 1
2139 461 1
2140 268 1
2141 414 0
2142 580 1
2143 590 0
2144 576 1
2145 98 1
2146 89 1
2147 562 1
2148 708 0
2149 221 1
2150 452 0
2151 266 1
2152 320 1
2153 277 0
2154 211 1
2155 433 1
2156 545 1
2157 66 0
2158 129 0
2159 542 1
2160 441 1
2161 233 1
2162 284 1
2163 640 1
2164 174 1
2165 8 1
2166 775 1
2167 310 0
2168 97 1
2169 2 1
2170 23 1
2171 543 0
2172 793 1
2173 147 1
2174 452 1
2175 324 1
2176 27 1
2177 365 1
2178 50 0
2179 0 1
2180 319 0
2181 605 1
2182 607 1
2183 564 0
2184 446 1
2185 523 1
2186 267 0
2187 548 0
2188 618 0
2189 111 1
2190 82 0
2191 661 0
2192 503 0
2193 744 1
2194 484 1
2195 778 1
2196 263 1
2197 272 1
2198 429 1
2199 272 1
2200 667 1
2201 609 1
2202 236 0
2203 123 0
2204 550 0
2205 623 1
2206 180 1
2207 497 1
2208 440 1
2209 747 1
2210 682 1
2211 670 1
2212 226 0
2213 513 1
2214 475 1
2215 795 1
2216 768 0
2217 206 1
2218 691 1
2219 556 0
2220 74 1
2221 3 1
2222 593 0
2223 448 1
2224 683 1
2225 655 1
2226 37 1
2227 196 1
2228 152 0
2229 428 1
2230 682 1
2231 468 1
2232 757 1
2233 93 1
2234 514 1
2235 6 1
2236 771 1
2237 598 0
2238 265 1
2239 527 1
2240 371 1
2241 199 1
2242 637 0
2243 182 1
2244 291 1
2245 115 1
2246 776 1
2247 307 1
2248 199 1
2249 297 0
2250 806 1
2251 0 1
2252 314 1
2253 258 1
2254 342 1
2255 470 1
2256 96 1
2257 631 1
2258 6 1
2259 221 1
2260 121 0
2261 781 0
2262 674 0
2263 559 0
2264 187 1
2265 39 0
2266 347 1
2267 454 0
2268 393 1
2269 183 1
2270 439 1
2271 145 1
2272 588 1
2273 535 1
2274 287 1
2275 402 1
2276 602 1
2277 247 0
2278 157 0
2279 33 1
2280 604 0
2281 602 0
2282 680 0
2283 555 1
2284 466 0
2285 750 1
2286 657 1
2287 138 0
2288 369 1
2289 781 1
2290 126 1
2291 251 1
2292 497 1
2293 701 1
2294 246 1
2295 263 1
2296 563 0
2297 744 1
2298 618 1
2299 446 0
2300 490 1
2301 119 0
2302 789 1
2303 521 0
2304 441 1
2305 188 0
2306 616 1
2307 806 0
2308 447 0
2309 219 1
2310 371 1
2311 485 0
2312 44 1
2313 62 1
2314 659 1
2315 689 0
2316 401 0
2317 181 1
2318 575 1
2319 477 1
2320 134 1
2321 281 1
2322 614 1
2323 315 0
2324 478 0
2325 696 1
2326 771 1
2327 236 1
2328 541 1
2329 420 0
2330 316 0
2331 233 1
2332 46 1
2333 605 1
2334 59 1
2335 580 0
2336 690 1
2337 209 1
2338 400 1
2339 495 1
2340 1 1
2341 425 0
2342 503 1
2343 285 1
2344 470 1
2345 128 1
2346 511 1
2347 447 0
2348 531 1
2349 120 0
2350 264 1
2351 293 1
2352 13 0
2353 389 0
2354 782 0
2355 802 1
2356 773 1
2357 252 0
2358 586 1
2359 449 1
2360 752 0
2361 786 1
2362 449 1
2363 762 0
2364 169 1
2365 267 1
2366 280 1
2367 331 1
2368 573 0
2369 217 1
2370 546 1
2371 22 1
2372 131 0
2373 725 1
2374 567 1
2375 471 0
2376 204 1
2377 144 1
2378 374 1
2379 330 0
2380 731 1
2381 733 1
2382 668 1
2383 571 0
2384 481 0
2385 480 1
2386 505 0
2387 231 1
2388 531 1
2389 50 0
2390 16 1
2391 792 1
2392 721 1
2393 384 0
2394 784 1
2395 582 1
2396 254 1
2397 167 0
2398 263 1
2399 47 1
2400 223 1
2401 713 1
2402 784 1
2403 61 0
2404 31 1
2405 788 0
2406 634 1
2407 590 1
2408 400 1
2409 580 0
2410 631 1
2411 584 1
2412 361 0
2413 749 1
2414 186 1
2415 555 1
2416 265 1
2417 80 1
2418 343 1
2419 493 0
2420 9 1
2421 176 1
2422 177 1
2423 695 1
2424 683 1
2425 704 1
2426 567 1
2427 573 0
2428 737 0
2429 740 0
2430 2 0
2431 275 0
2432 449 0
2433 13 1
2434 253 1
2435 353 0
2436 485 0
2437 415 1
2438 805 1
2439 750 1
2440 515 1
2441 363 1
2442 626 0
2443 141 1
2444 710 1
2445 661 0
2446 61 1
2447 489 1
2448 234 1
2449 489 0
2450 519 0
2451 259 1
2452 68 0
2453 363 1
2454 727 0
2455 736 1
2456 696 1
2457 699 0
2458 488 1
2459 247 0
2460 664 1
2461 40 1
2462 542 1
2463 178 1
2464 542 1
2465 529 1
2466 207 0
2467 762 1
2468 405 1
2469 91 1
2470 613 1
2471 748 1
2472 625 1
2473 194 1
2474 172 1
2475 441 0
2476 615 1
2477 259 1
2478 767 0
2479 630 1
2480 46 0
2481 10 1
2482 77 0
2483 284 1
2484 27 1
2485 556 1
2486 145 1
2487 80 0
2488 636 1
2489 581 0
2490 225 1
2491 342 0
2492 446 1
2493 694 1
2494 793 0
2495 407 1
2496 613 0
2497 35 0
2498 131 1
2499 114 1
2500 450 1
2501 310 1
2502 104 1
2503 631 1
2504 419 1
2505 246 1
2506 363 1
2507 750 1
2508 700 1
2509 152 1
2510 330 1
2511 463 1
2512 486 1
2513 576 1
2514 573 1
2515 287 1
2516 303 0
2517 560 1
2518 742 1
2519 90 1
2520 532 0
2521 257 0
2522 435 0
2523 648 0
2524 13 0
2525 759 1
2526 625 0
2527 797 0
2528 417 1
2529 426 1
2530 762 0
2531 387 1
2532 252 0
2533 170 1
2534 23 0
2535 284 0
2536 106 1
2537 394 1
2538 736 1
2539 375 1
2540 539 1
2541 603 0
2542 240 1
2543 405 1
2544 658 1
2545 590 0
2546 487 1
2547 370 1
2548 377 1
2549 108 1
2550 555 1
2551 712 0
2552 444 1
2553 468 1
2554 32 1
2555 59 0
2556 674 1
2557 678 1
2558 192 1
2559 269 0
2560 43 1
2561 155 0
2562 533 1
2563 212 1
2564 7 0
2565 499 0
2566 222 1
2567 488 0
2568 446 1
2569 790 0
2570 742 0
2571 804 1
2572 454 1
2573 215 1
2574 449 1
2575 193 1
2576 285 0
2577 778 0
2578 383 0
2579 672 1
2580 7 0
2581 217 1
2582 511 1
2583 407 1
2584 605 1
2585 132 1
2586 175 1
2587 648 1
2588 58 1
2589 540 0
2590 290 1
2591 510 1
2592 24 1
2593 337 1
2594 163 0
2595 308 0
2596 309 0
2597 724 1
2598 174 1
2599 229 1
2600 457 1
2601 10 0
2602 562 1
2603 772 1
2604 710 1
2605 70 0
2606 175 1
2607 518 1
2608 811 1
2609 118 1
2610 561 0
2611 88 0
2612 707 0
2613 387 1
2614 72 1
2615 357 1
2616 732 1
2617 671 1
2618 782 1
2619 289 1
2620 640 1
2621 376 0
2622 695 1
2623 280 1
2624 447 1
2625 610 1
2626 335 1
2627 8 1
2628 207 1
2629 621 0
2630 767 0
2631 318 1
2632 43 1
2633 111 1
2634 72 0
2635 201 0
2636 270 1
2637 225 1
2638 415 1
2639 355 1
2640 659 1
2641 568 1
2642 116 0
2643 733 1
2644 483 1
2645 358 1
2646 462 1
2647 66 1
2648 364 0
2649 273 1
2650 88 0
2651 659 1
2652 807 0
2653 20 0
2654 331 1
2655 782 0
2656 606 1
2657 681 1
2658 56 1
2659 802 1
2660 330 1
2661 732 0
2662 534 1
2663 808 1
2664 486 1
2665 32 0
2666 252 1
2667 442 1
2668 517 0
2669 411 0
2670 102 0
2671 781 0
2672 673 1
2673 374 1
2674 438 1
2675 779 1
2676 220 1
2677 13 1
2678 761 1
2679 350 1
2680 599 0
2681 518 0
2682 583 1
2683 41 0
2684 364 0
2685 646 0
2686 343 0
2687 686 1
2688 773 1
2689 197 0
2690 365 1
2691 678 1
2692 126 1
2693 282 1
2694 210 0
2695 264 1
2696 280 1
2697 358 1
2698 685 1
2699 661 0
2700 362 1
2701 214 0
2702 618 1
2703 418 0
2704 334 1
2705 733 1
2706 289 1
2707 794 1
2708 231 1
2709 490 0
2710 407 1
2711 193 1
2712 235 1
2713 248 1
2714 461 0
2715 99 1
2716 101 1
2717 225 0
2718 155 1
2719 241 1
2720 768 0
2721 698 0
2722 759 0
2723 415 1
2724 454 1
2725 129 1
2726 357 0
2727 245 0
2728 383 1
2729 455 1
2730 101 1
2731 364 1
2732 378 1
2733 432 1
2734 742 1
2735 533 1
2736 21 1
2737 697 0
2738 608 1
2739 223 0
2740 715 0
2741 52 1
2742 184 0
2743 607 1
2744 547 1
2745 109 0
2746 558 1
2747 605 1
2748 5 0
2749 412 1
2750 653 1
2751 387 0
2752 60 1
2753 397 0
2754 81 1
2755 105 1
2756 727 1
2757 811 1
2758 211 1
2759 176 1
2760 609 1
2761 348 0
2762 513 0
2763 801 1
2764 688 1
2765 776 0
2766 42 1
2767 146 0
2768 700 0
2769 771 1
2770 106 1
2771 520 1
2772 545 1
2773 442 1
2774 633 1
2775 211 1
2776 413 0
2777 49 1
2778 454 1
2779 710 0
2780 192 0
2781 369 1
2782 778 1
2783 91 1
2784 0 1
2785 390 1
2786 192 1
2787 450 1
2788 694 1
2789 190 1
2790 775 0
2791 454 1
2792 715 0
2793 566 1
2794 295 0
2795 196 1
2796 323 0
2797 231 1
2798 22 0
2799 465 0
2800 695 0
2801 697 1
2802 217 0
2803 321 0
2804 736 0
2805 368 1
2806 667 1
2807 583 1
2808 22 1
2809 436 1
2810 800 1
2811 559 1
2812 140 0
2813 678 1
2814 622 0
2815 753 1
2816 695 0
2817 89 1
2818 727 0
2819 198 1
2820 677 1
2821 46 1
2822 653 1
2823 611 1
2824 154 1
2825 747 0
2826 622 0
2827 207 0
2828 793 1
2829 679 0
2830 157 1
2831 617 1
2832 445 0
2833 707 1
2834 60 0
2835 520 0
2836 168 1
2837 211 1
2838 139 0
2839 438 0
2840 244 1
2841 434 1
2842 620 1
2843 570 1
2844 224 1
2845 712 0
2846 812 0
2847 744 1
2848 411 0
2849 68 1
2850 485 1
2851 150 1
2852 98 1
2853 416 1
2854 127 0
2855 285 0
2856 168 0
2857 748 1
2858 58 1
2859 330 0
2860 452 0
2861 175 0
2862 502 1
2863 405 1
2864 500 0
2865 326 1
2866 5 0
2867 581 0
2868 348 1
2869 663 0
2870 794 1
2871 357 0
2872 364 1
2873 693 0
2874 307 1
2875 216 1
2876 763 1
2877 153 0
2878 7 1
2879 307 1
2880 543 1
2881 680 1
2882 620 1
2883 161 0
2884 142 0
2885 386 0
2886 714 1
2887 596 1
2888 790 0
2889 443 0
2890 196 0
2891 799 1
2892 560 0
2893 599 1
2894 777 1
2895 17 1
2896 237 1
2897 242 1
2898 655 0
2899 200 0
2900 737 1
2901 676 1
2902 271 1
2903 413 1
2904 690 0
2905 42 0
2906 458 1
2907 544 1
2908 247 1
2909 284 0
2910 747 0
2911 718 1
2912 754 0
2913 216 1
2914 60 1
2915 91 0
2916 512 1
2917 132 1
2918 169 1
2919 541 1
2920 344 1
2921 199 1
2922 691 1
2923 519 1
2924 15 0
2925 91 1
2926 291 1
2927 122 1
2928 466 1
2929 339 0
2930 265 1
2931 20 0
2932 140 1
2933 503 1
2934 452 0
2935 435 1
2936 80 1
2937 542 1
2938 319 1
2939 651 0
2940 806 1
2941 39 1
2942 493 1
2943 27 1
2944 10 1
2945 750 0
2946 306 1
2947 807 1
2948 432 0
2949 22 0
2950 807 1
2951 624 1
2952 33 0
2953 601 0
2954 356 1
2955 441 1
2956 369 1
2957 388 0
2958 152 1
2959 274 0
2960 291 0
2961 192 0
2962 737 1
2963 555 1
2964 194 0
2965 751 1
2966 789 1
2967 18 1
2968 425 1
2969 684 1
2970 0 1
2971 640 0
2972 303 1
2973 742 0
2974 386 1
2975 373 0
2976 169 1
2977 786 1
2978 508 1
2979 528 1
2980 615 1
2981 401 1
2982 784 1
2983 355 0
2984 548 0
2985 688 1
2986 48 1
2987 673 1
2988 486 1
2989 563 1
2990 315 1
2991 248 0
2992 689 1
2993 88 1
2994 259 0
2995 352 1
2996 24 0
2997 407 1
2998 682 1
2999 715 1
3000 498 1
3001 720 1
3002 292 1
3003 653 1
3004 692 1
3005 349 1
3006 527 0
3007 679 1
3008 573 0
3009 53 1
3010 325 1
3011 648 1
3012 100 1
3013 100 1
3014 514 1
3015 709 0
3016 347 1
3017 500 1
3018 139 1
3019 115 0
3020 499 0
3021 213 1
3022 3 0
3023 127 1
3024 356 1
3025 105 0
3026 585 1
3027 540 1
3028 505 1
3029 164 1
3030 152 1
3031 728 0
3032 676 1
3033 649 0
3034 267 1
3035 589 1
3036 171 1
3037 735 1
3038 146 0
3039 506 0
3040 229 1
3041 693 1
3042 62 1
3043 196 1
3044 3 1
3045 284 1
3046 420 0
3047 410 0
3048 125 0
3049 609 0
3050 197 1
3051 101 0
3052 697 1
3053 298 0
3054 72 1
3055 42 1
3056 357 0
3057 625 1
3058 97 1
3059 742 0
3060 123 0
3061 11 0
3062 167 1
3063 336 0
3064 422 1
3065 685 0
3066 27 1
3067 498 1
3068 564 1
3069 264 1
3070 542 1
3071 447 1
3072 228 0
3073 506 0
3074 590 0
3075 749 0
3076 403 1
3077 198 1
3078 123 1
3079 618 1
3080 422 1
3081 675 0
3082 787 0
3083 684 1
3084 98 1
3085 685 0
3086 197 1
3087 726 1
3088 89 0
3089 262 0
3090 364 1
3091 335 0
3092 714 1
3093 35 1
3094 579 1
3095 80 1
3096 654 1
3097 148 1
3098 57 1
3099 110 0
3100 724 0
3101 795 1
3102 625 0
3103 44 1
3104 638 1
3105 337 1
3106 260 0
3107 467 1
3108 716 0
3109 753 1
3110 97 0
3111 181 0
3112 530 1
3113 78 1
3114 104 1
3115 497 1
3116 493 0
3117 692 1
3118 130 1
3119 208 1
3120 798 1
3121 712 1
3122 727 0
3123 161 0
3124 623 1
3125 623 0
3126 690 1
3127 170 1
3128 76 0
3129 505 0
3130 759 0
3131 764 0
3132 424 1
3133 745 1
3134 76 1
3135 264 1
3136 195 0
3137 61 1
3138 40 1
3139 251 0
3140 79 1
3141 81 1
3142 376 1
3143 118 0
3144 9 1
3145 387 1
3146 568 1
3147 150 1
3148 736 0
3149 733 0
3150 546 1
3151 629 1
3152 425 1
3153 361 1
3154 668 1
3155 639 1
3156 429 1
3157 458 1
3158 482 1
3159 199 1
3160 142 0
3161 770 1
3162 112 1
3163 76 0
3164 757 1
3165 113 1
3166 258 1
3167 174 1
3168 376 1
3169 659 1
3170 335 1
3171 489 1
3172 148 1
3173 266 0
3174 711 1
3175 631 1
3176 806 1
3177 261 1
3178 695 1
3179 219 0
3180 412 1
3181 317 1
3182 262 1
3183 52 0
3184 782 1
3185 135 1
3186 384 0
3187 578 1
3188 758 1
3189 104 1
3190 6 1
3191 776 1
3192 266 1
3193 673 0
3194 317 1
3195 543 0
3196 411 1
3197 98 1
3198 49 1
3199 577 0
3200 48 1
3201 645 1
3202 278 0
3203 474 1
3204 764 0
3205 391 1
3206 11 1
3207 770 1
3208 333 1
3209 748 1
3210 709 1
3211 78 1
3212 37 0
3213 491 0
3214 81 1
3215 428 0
3216 723 1
3217 72 0
3218 426 1
3219 168 1
3220 67 1
3221 335 1
3222 423 1
3223 678 1
3224 677 1
3225 349 1
3226 34 1
3227 390 0
3228 358 0
3229 481 1
3230 648 0
3231 79 0
3232 111 1
3233 257 0
3234 452 1
3235 670 0
3236 494 1
3237 107 1
3238 807 0
3239 616 1
3240 586 1
3241 754 0
3242 90 1
3243 447 1
3244 723 0
3245 398 0
3246 779 1
3247 627 1
3248 383 0
3249 370 0
3250 252 0
3251 52 0
3252 174 1
3253 361 0
3254 700 1
3255 594 0
3256 71 0
3257 603 1
3258 621 0
3259 365 0
3260 107 1
3261 600 1
3262 182 0
3263 719 1
3264 486 1
3265 342 1
3266 258 1
3267 181 1
3268 309 0
3269 110 1
3270 461 0
3271 424 1
3272 749 1
3273 449 0
3274 207 1
3275 599 0
3276 519 1
3277 143 0
3278 556 1
3279 208 0
3280 80 1
3281 232 1
3282 700 0
3283 280 0
3284 466 0
3285 147 0
3286 604 0
3287 403 1
3288 541 1
3289 607 0
3290 41 1
3291 572 0
3292 291 1
3293 204 1
3294 274 1
3295 587 1
3296 718 1
3297 447 1
3298 743 1
3299 557 1
3300 627 1
3301 267 1
3302 218 0
3303 468 1
3304 709 1
3305 772 0
3306 167 1
3307 8 1
3308 757 1
3309 247 0
3310 624 0
3311 328 1
3312 351 1
3313 323 1
3314 200 0
3315 433 1
3316 282 0
3317 756 1
3318 312 0
3319 770 1
3320 430 1
3321 224 1
3322 772 1
3323 810 0
3324 444 1
3325 122 0
3326 589 0
3327 786 1
3328 169 1
3329 731 0
3330 441 1
3331 139 0
3332 562 1
3333 167 1
3334 250 1
3335 349 1
3336 364 1
3337 219 1
3338 806 1
3339 795 0
3340 460 1
3341 448 0
3342 310 1
3343 686 0
3344 795 0
3345 359 1
3346 467 1
3347 335 1
3348 336 1
3349 356 1
3350 136 1
3351 776 1
3352 466 1
3353 579 0
3354 398 0
3355 651 1
3356 421 1
3357 360 0
3358 218 1
3359 721 0
3360 349 0
3361 625 0
3362 520 0
3363 542 1
3364 159 1
3365 140 0
3366 546 1
3367 551 0
3368 41 0
3369 168 1
3370 634 0
3371 809 0
3372 617 1
3373 484 1
3374 345 0
3375 791 1
3376 659 1
3377 452 1
3378 260 1
3379 165 1
3380 23 1
3381 715 0
3382 733 1
3383 524 0
3384 526 1
3385 156 1
3386 454 0
3387 100 1
3388 19 0
3389 36 1
3390 731 1
3391 1 0
3392 373 1
3393 454 0
3394 145 1
3395 240 1
3396 435 0
3397 493 1
3398 105 1
3399 72 1
3400 406 1
3401 490 1
3402 704 0
3403 61 1
3404 685 1
3405 29 0
3406 680 1
3407 691 1
3408 807 0
3409 60 1
3410 706 0
3411 63 0
3412 765 0
3413 194 1
3414 270 1
3415 200 0
3416 5 1
3417 479 1
3418 545 1
3419 129 1
3420 393 1
3421 531 1
3422 512 0
3423 255 0
3424 496 1
3425 400 0
3426 126 0
3427 796 1
3428 774 0
3429 705 1
3430 767 1
3431 663 1
3432 292 1
3433 178 0
3434 380 0
3435 197 1
3436 221 1
3437 789 1
3438 647 1
3439 181 1
3440 58 0
3441 797 1
3442 800 0
3443 18 1
3444 714 1
3445 503 1
3446 325 1
3447 383 0
3448 192 1
3449 152 1
3450 624 1
3451 289 0
3452 587 0
3453 520 0
3454 7 0
3455 261 1
3456 224 0
3457 5 0
3458 781 1
3459 483 0
3460 257 1
3461 48 0
3462 281 1
3463 710 0
3464 502 0
3465 801 1
3466 721 0
3467 668 0
3468 53 0
3469 181 0
3470 586 0
3471 694 1
3472 442 1
3473 532 1
3474 477 0
3475 358 1
3476 130 1
3477 259 0
3478 102 0
3479 395 0
3480 528 1
3481 428 0
3482 171 0
3483 441 0
3484 169 1
3485 39 1
3486 6 1
3487 509 1
3488 129 0
3489 124 1
3490 754 1
3491 528 1
3492 399 1
3493 806 1
3494 453 1
3495 49 0
3496 36 0
3497 359 0
3498 271 1
3499 754 1
3500 119 1
3501 384 1
3502 224 1
3503 652 1
3504 386 1
3505 716 1
3506 201 1
3507 722 0
3508 729 1
3509 45 1
3510 613 1
3511 293 0
3512 326 1
3513 612 1
3514 150 1
3515 794 1
3516 44 0
3517 718 0
3518 523 0
3519 378 1
3520 275 0
3521 179 1
3522 467 1
3523 20 1
3524 558 1
3525 508 0
3526 727 0
3527 517 1
3528 395 1
3529 348 0
3530 380 1
3531 570 0
3532 772 1
3533 693 1
3534 787 1
3535 334 0
3536 294 0
3537 481 0
3538 111 1
3539 332 0
3540 76 1
3541 292 0
3542 583 1
3543 554 1
3544 68 0
3545 711 0
3546 742 0
3547 627 0
3548 698 1
3549 126 0
3550 276 1
3551 432 1
3552 483 1
3553 520 0
3554 112 1
3555 773 1
3556 390 0
3557 747 0
3558 248 0
3559 81 1
3560 332 0
3561 274 1
3562 203 0
3563 718 0
3564 107 1
3565 26 0
3566 246 1
3567 141 1
3568 314 1
3569 510 1
3570 211 1
3571 369 1
3572 722 1
3573 516 1
3574 791 1
3575 797 1
3576 333 1
3577 327 0
3578 670 1
3579 703 0
3580 18 1
3581 348 1
3582 130 0
3583 180 0
3584 661 1
3585 625 1
3586 670 0
3587 415 0
3588 240 1
3589 247 1
3590 471 0
3591 285 1
3592 812 1
3593 38 1
3594 355 1
3595 389 1
3596 413 1
3597 638 1
3598 169 1
3599 743 0
3600 451 0
3601 644 1
3602 493 0
3603 398 0
3604 687 1
3605 707 1
3606 631 0
3607 660 1
3608 57 1
3609 810 1
3610 137 1
3611 540 1
3612 66 1
3613 604 1
3614 126 0
3615 7 1
3616 33 1
3617 395 1
3618 652 1
3619 769 1
3620 625 1
3621 383 1
3622 108 0
3623 339 0
3624 439 0
3625 332 0
3626 478 1
3627 636 0
3628 425 1
3629 535 1
3630 718 1
3631 638 1
3632 704 1
3633 542 0
3634 769 1
3635 581 0
3636 672 1
3637 290 0
3638 136 1
3639 456 1
3640 721 1
3641 661 1
3642 36 0
3643 441 1
3644 668 0
3645 278 1
3646 785 1
3647 589 0
3648 79 1
3649 730 0
3650 326 0
3651 128 0
3652 159 1
3653 477 1
3654 803 1
3655 381 1
3656 664 1
3657 607 0
3658 470 1
3659 427 1
3660 478 1
3661 408 1
3662 563 1
3663 68 0
3664 257 1
3665 434 1
3666 239 1
3667 279 1
3668 735 1
3669 450 1
3670 387 1
3671 378 0
3672 3 1
3673 449 0
3674 732 1
3675 798 1
3676 523 1
3677 602 0
3678 332 1
3679 671 1
3680 411 1
3681 683 0
3682 364 1
3683 805 1
3684 416 1
3685 199 0
3686 215 1
3687 551 1
3688 261 1
3689 447 0
3690 5 0
3691 332 0
3692 336 1
3693 312 0
3694 546 1
3695 768 1
3696 786 0
3697 551 1
3698 53 0
3699 379 1
3700 740 1
3701 782 1
3702 667 1
3703 684 1
3704 463 0
3705 50 1
3706 262 0
3707 507 1
3708 258 1
3709 777 1
3710 499 1
3711 136 1
3712 68 1
3713 565 1
3714 417 0
3715 345 1
3716 788 0
3717 565 1
3718 590 1
3719 512 0
3720 265 0
3721 463 1
3722 699 1
3723 313 1
3724 486 0
3725 136 1
3726 765 0
3727 400 1
3728 715 1
3729 465 1
3730 362 0
3731 174 1
3732 635 1
3733 167 1
3734 685 1
3735 407 1
3736 752 0
3737 665 0
3738 538 1
3739 538 1
3740 766 0
3741 385 1
3742 701 1
3743 249 1
3744 448 1
3745 433 1
3746 223 1
3747 334 1
3748 43 0
3749 213 0
3750 446 1
3751 53 1
3752 433 1
3753 778 1
3754 639 0
3755 126 1
3756 364 1
3757 253 0
3758 806 0
3759 366 0
3760 727 0
3761 761 1
3762 348 0
3763 751 0
3764 294 1
3765 307 0
3766 526 1
3767 67 0
3768 21 0
3769 61 0
3770 536 1
3771 763 1
3772 208 1
3773 419 1
3774 216 0
3775 153 1
3776 527 0
3777 23 0
3778 139 0
3779 209 1
3780 680 0
3781 684 1
3782 386 0
3783 50 1
3784 540 1
3785 579 1
3786 621 0
3787 674 1
3788 243 0
3789 786 1
3790 8 1
3791 344 0
3792 795 1
3793 597 0
3794 651 0
3795 66 1
3796 19 1
3797 177 1
3798 444 1
3799 569 0
3800 94 1
3801 758 1
3802 619 1
3803 487 1
3804 655 0
3805 263 0
3806 341 1
3807 385 1
3808 240 0
3809 768 1
3810 486 0
3811 107 0
3812 772 0
3813 666 1
3814 267 0
3815 85 1
3816 512 1
3817 18 0
3818 404 1
3819 123 0
3820 475 0
3821 664 0
3822 260 1
3823 650 0
3824 729 1
3825 334 1
3826 627 0
3827 417 1
3828 481 1
3829 254 1
3830 448 1
3831 51 1
3832 124 0
3833 222 1
3834 85 1
3835 530 0
3836 242 1
3837 74 1
3838 618 0
3839 758 1
3840 272 1
3841 446 1
3842 476 1
3843 182 0
3844 77 0
3845 648 1
3846 531 1
3847 673 1
3848 280 1
3849 371 0
3850 183 1
3851 681 0
3852 226 0
3853 438 1
3854 422 0
3855 76 0
3856 417 1
3857 290 1
3858 328 1
3859 549 1
3860 664 1
3861 118 0
3862 594 0
3863 792 1
3864 384 0
3865 182 0
3866 763 1
3867 502 0
3868 316 0
3869 775 1
3870 20 1
3871 375 0
3872 316 0
3873 29 1
3874 80 1
3875 237 1
3876 472 1
3877 636 0
3878 656 0
3879 315 1
3880 477 0
3881 549 1
3882 303 0
3883 358 1
3884 689 1
3885 300 0
3886 114 1
3887 658 1
3888 39 0
3889 16 1
3890 775 1
3891 129 0
3892 118 0
3893 443 1
3894 78 1
3895 757 1
3896 766 1
3897 492 1
3898 488 0
3899 386 1
3900 681 0
3901 584 1
3902 59 1
3903 735 1
3904 58 1
3905 296 1
3906 515 1
3907 533 0
3908 700 1
3909 350 0
3910 432 1
3911 31 1
3912 544 0
3913 152 1
3914 71 1
3915 661 1
3916 735 1
3917 244 1
3918 617 1
3919 158 1
3920 428 1
3921 206 1
3922 634 0
3923 518 1
3924 658 1
3925 242 1
3926 106 0
3927 173 1
3928 553 1
3929 134 0
3930 374 1
3931 319 1
3932 415 1
3933 33 1
3934 240 0
3935 651 0
3936 400 1
3937 308 1
3938 294 1
3939 252 0
3940 392 1
3941 739 0
3942 279 1
3943 658 0
3944 181 1
3945 398 1
3946 775 1
3947 607 1
3948 791 1
3949 352 1
3950 341 1
3951 396 1
3952 558 1
3953 472 1
3954 472 1
3955 501 1
3956 729 0
3957 305 1
3958 282 0
3959 537 0
3960 698 0
3961 529 0
3962 350 1
3963 793 1
3964 473 0
3965 56 0
3966 33 0
3967 497 1
3968 98 1
3969 140 0
3970 635 1
3971 133 1
3972 578 1
3973 257 0
3974 99 0
3975 266 1
3976 673 1
3977 400 1
3978 628 0
3979 294 1
3980 223 1
3981 289 1
3982 558 0
3983 357 1
3984 697 1
3985 492 1
3986 80 1
3987 582 1
3988 574 1
3989 461 1
3990 576 1
3991 658 1
3992 220 1
3993 647 0
3994 136 0
3995 324 1
3996 233 1
3997 615 1
3998 97 1
3999 713 1
4000 411 1
4001 580 1
4002 773 0
4003 660 0
4004 698 1
4005 394 0
4006 546 1
4007 85 1
4008 564 1
4009 313 1
4010 370 1
4011 247 1
4012 516 1
4013 660 1
4014 532 1
4015 106 1
4016 140 1
4017 700 1
4018 790 0
4019 389 1
4020 365 1
4021 324 1
4022 533 1
4023 376 0
4024 652 1
4025 740 1
4026 23 1
4027 79 0
4028 546 1
4029 96 1
4030 487 0
4031 719 0
4032 75 1
4033 482 1
4034 95 0
4035 482 1
4036 351 1
4037 314 1
4038 727 1
4039 679 1
4040 644 1
4041 286 1
4042 535 1
4043 718 1
4044 292 0
4045 289 1
4046 771 1
4047 103 0
4048 801 1
4049 408 1
4050 153 1
4051 299 0
4052 639 1
4053 86 1
4054 569 1
4055 62 1
4056 314 0
4057 578 1
4058 469 0
4059 61 1
4060 239 1
4061 237 1
4062 546 1
4063 308 1
4064 680 1
4065 128 1
4066 794 0
4067 279 0
4068 305 1
4069 116 1
4070 74 1
4071 785 0
4072 281 1
4073 180 1
4074 789 1
4075 208 0
4076 592 1
4077 491 1
4078 785 0
4079 124 1
4080 703 1
4081 427 0
4082 189 1
4083 1 1
4084 15 0
4085 66 1
4086 618 0
4087 477 0
4088 344 1
4089 347 1
4090 654 0
4091 45 1
4092 511 1
4093 268 1
4094 278 1
4095 646 1
4096 400 0
4097 362 0
4098 723 1
4099 595 0
4100 804 1
4101 14 1
4102 210 1
4103 206 0
4104 659 1
4105 384 1
4106 620 1
4107 689 0
4108 476 1
4109 557 0
4110 293 1
4111 677 1
4112 407 1
4113 793 0
4114 99 1
4115 810 1
4116 747 0
4117 210 0
4118 12 1
4119 208 1
4120 725 1
4121 115 1
4122 531 1
4123 606 1
4124 704 0
4125 703 0
4126 496 1
4127 388 1
4128 548 0
4129 162 0
4130 454 1
4131 493 0
4132 738 0
4133 42 1
4134 307 1
4135 365 0
4136 597 1
4137 262 0
4138 794 0
4139 265 1
4140 728 1
4141 380 0
4142 723 0
4143 12 1
4144 647 0
4145 48 0
4146 89 0
4147 186 1
4148 187 0
4149 521 1
4150 801 0
4151 224 1
4152 63 1
4153 410 0
4154 51 0
4155 240 1
4156 586 1
4157 701 1
4158 86 0
4159 219 1
4160 644 1
4161 531 0
4162 565 1
4163 748 1
4164 210 1
4165 189 0
4166 39 1
4167 48 0
4168 409 0
4169 715 1
4170 644 0
4171 749 1
4172 273 1
4173 423 1
4174 294 0
4175 603 1
4176 666 0
4177 45 0
4178 304 0
4179 112 1
4180 515 0
4181 223 0
4182 792 1
4183 412 1
4184 486 1
4185 358 0
4186 780 1
4187 490 1
4188 688 0
4189 110 1
4190 253 0
4191 294 1
4192 546 1
4193 34 0
4194 398 1
4195 62 1
4196 771 0
4197 656 0
4198 68 1
4199 81 0
4200 80 1
4201 626 1
4202 735 0
4203 42 1
4204 727 1
4205 534 0
4206 377 0
4207 29 1
4208 432 0
4209 470 0
4210 533 0
4211 687 1
4212 84 1
4213 185 1
4214 295 0
4215 461 0
4216 461 0
4217 177 1
4218 333 0
4219 503 1
4220 696 0
4221 169 0
4222 562 0
4223 125 1
4224 585 0
4225 768 1
4226 638 1
4227 797 1
4228 114 1
4229 61 1
4230 191 0
4231 295 1
4232 552 1
4233 546 0
4234 202 0
4235 74 0
4236 216 1
4237 100 1
4238 765 1
4239 715 1
4240 331 1
4241 29 1
4242 499 0
4243 634 1
4244 506 1
4245 288 1
4246 728 1
4247 47 1
4248 810 1
4249 294 1
4250 584 1
4251 608 0
4252 121 1
4253 766 1
4254 444 0
4255 365 1
4256 526 1
4257 687 0
4258 732 1
4259 91 1
4260 145 0
4261 388 1
4262 717 1
4263 37 0
4264 783 1
4265 424 0
4266 209 1
4267 297 1
4268 439 0
4269 159 0
4270 673 1
4271 356 1
4272 430 0
4273 677 0
4274 493 1
4275 284 1
4276 89 1
4277 209 1
4278 49 1
4279 462 0
4280 333 1
4281 84 1
4282 617 1
4283 383 1
4284 386 1
4285 391 1
4286 578 0
4287 143 1
4288 732 0
4289 299 0
4290 775 1
4291 806 1
4292 198 1
4293 612 0
4294 203 0
4295 590 0
4296 658 1
4297 21 1
4298 565 0
4299 783 1
4300 702 0
4301 139 1
4302 51 0
4303 417 1
4304 289 1
4305 383 1
4306 810 0
4307 625 0
4308 333 0
4309 765 1
4310 196 1
4311 15 1
4312 726 0
4313 14 0
4314 196 1
4315 371 1
4316 101 1
4317 63 1
4318 548 0
4319 124 0
4320 707 0
4321 599 0
4322 394 1
4323 654 1
4324 591 1
4325 774 1
4326 91 1
4327 584 1
4328 581 0
4329 238 1
4330 92 1
4331 373 1
4332 62 0
4333 347 1
4334 671 1
4335 391 0
4336 488 1
4337 211 0
4338 344 1
4339 307 1
4340 169 0
4341 665 0
4342 245 0
4343 19 0
4344 299 1
4345 301 0
4346 622 1
4347 586 1
4348 52 1
4349 482 1
4350 101 1
4351 231 0
4352 806 1
4353 169 0
4354 5 1
4355 215 1
4356 744 1
4357 189 1
4358 582 1
4359 514 1
4360 789 0
4361 461 0
4362 677 1
4363 470 1
4364 677 1
4365 395 1
4366 523 1
4367 309 1
4368 335 1
4369 40 0
4370 709 0
4371 25 0
4372 647 1
4373 328 1
4374 746 1
4375 485 0
4376 599 1
4377 263 1
4378 690 0
4379 703 1
4380 138 1
4381 274 0
4382 422 1
4383 364 1
4384 572 1
4385 608 0
4386 738 0
4387 620 1
4388 602 1
4389 744 0
4390 732 1
4391 769 1
4392 60 1
4393 492 1
4394 218 1
4395 247 0
4396 177 1
4397 204 1
4398 615 1
4399 54 1
4400 237 0
4401 354 1
4402 237 0
4403 490 0
4404 51 1
4405 73 1
4406 593 1
4407 811 1
4408 571 1
4409 345 0
4410 137 1
4411 87 1
4412 56 0
4413 425 0
4414 124 1
4415 801 0
4416 652 1
4417 280 1
4418 258 0
4419 426 1
4420 134 1
4421 602 0
4422 38 1
4423 77 1
4424 356 1
4425 96 1
4426 202 1
4427 564 0
4428 798 0
4429 116 1
4430 165 0
4431 227 1
4432 202 1
4433 404 0
4434 787 0
4435 525 0
4436 272 1
4437 100 0
4438 426 1
4439 430 0
4440 600 1
4441 786 1
4442 466 1
4443 2 1
4444 223 1
4445 316 0
4446 546 1
4447 148 1
4448 560 1
4449 152 1
4450 325 1
4451 153 1
4452 257 1
4453 662 0
4454 186 1
4455 163 0
4456 562 1
4457 530 0
4458 429 1
4459 176 1
4460 406 1
4461 796 1
4462 791 0
4463 75 1
4464 194 1
4465 584 1
4466 170 1
4467 58 1
4468 501 1
4469 53 1
4470 511 1
4471 416 0
4472 107 0
4473 553 0
4474 666 1
4475 376 1
4476 164 0
4477 399 0
4478 1 1
4479 192 0
4480 780 0
4481 470 1
4482 210 0
4483 564 1
4484 760 1
4485 342 1
4486 588 0
4487 228 1
4488 647 1
4489 174 1
4490 452 0
4491 515 1
4492 420 1
4493 515 1
4494 86 1
4495 372 1
4496 425 1
4497 758 0
4498 314 1
4499 44 1
4500 69 0
4501 474 0
4502 655 1
4503 50 1
4504 180 1
4505 500 1
4506 285 1
4507 436 0
4508 627 1
4509 69 0
4510 600 1
4511 276 1
4512 226 1
4513 358 0
4514 486 1
4515 556 1
4516 544 1
4517 722 1
4518 184 1
4519 630 1
4520 508 1
4521 752 1
4522 276 1
4523 441 1
4524 269 0
4525 314 0
4526 461 1
4527 592 1
4528 812 1
4529 170 0
4530 539 0
4531 550 1
4532 209 0
4533 166 0
4534 742 0
4535 268 1
4536 57 0
4537 741 0
4538 338 1
4539 178 1
4540 634 1
4541 173 1
4542 25 1
4543 725 1
4544 412 1
4545 19 1
4546 75 1
4547 732 1
4548 538 1
4549 433 0
4550 638 0
4551 170 1
4552 664 1
4553 783 0
4554 467 0
4555 306 1
4556 396 0
4557 81 1
4558 755 0
4559 768 1
4560 644 1
4561 249 1
4562 298 1
4563 759 0
4564 9 1
4565 569 0
4566 591 1
4567 284 1
4568 25 0
4569 142 0
4570 158 0
4571 291 1
4572 684 1
4573 485 0
4574 121 1
4575 168 0
4576 169 1
4577 182 1
4578 341 0
4579 0 1
4580 585 1
4581 185 1
4582 252 0
4583 317 1
4584 479 1
4585 280 1
4586 95 1
4587 456 1
4588 454 1
4589 348 1
4590 78 1
4591 38 1
4592 689 0
4593 224 1
4594 426 0
4595 322 0
4596 549 0
4597 317 0
4598 732 1
4599 21 1
4600 36 0
4601 545 1
4602 628 1
4603 421 1
4604 639 0
4605 355 1
4606 227 1
4607 719 0
4608 123 0
4609 75 0
4610 109 1
4611 258 1
4612 415 1
4613 402 1
4614 152 1
4615 242 0
4616 235 1
4617 642 1
4618 485 1
4619 643 0
4620 774 1
4621 783 0
4622 334 0
4623 47 1
4624 574 0
4625 517 1
4626 276 1
4627 285 1
4628 293 1
4629 781 1
4630 376 0
4631 143 1
4632 508 1
4633 171 1
4634 791 0
4635 247 0
4636 188 1
4637 696 0
4638 662 1
4639 490 1
4640 622 0
4641 617 1
4642 480 1
4643 286 0
4644 287 1
4645 483 0
4646 788 1
4647 784 1
4648 109 0
4649 418 0
4650 144 1
4651 349 1
4652 70 0
4653 120 0
4654 732 1
4655 665 1
4656 315 1
4657 704 1
4658 314 1
4659 21 1
4660 755 1
4661 774 1
4662 73 1
4663 723 1
4664 643 1
4665 592 0
4666 749 1
4667 630 0
4668 362 1
4669 3 1
4670 302 0
4671 332 1
4672 80 1
4673 679 1
4674 723 1
4675 506 1
4676 715 1
4677 92 1
4678 155 1
4679 481 1
4680 409 1
4681 283 0
4682 390 1
4683 674 1
4684 360 1
4685 298 1
4686 287 1
4687 790 1
4688 363 0
4689 518 1
4690 622 1
4691 694 0
4692 434 1
4693 255 1
4694 54 1
4695 85 1
4696 753 1
4697 563 0
4698 791 0
4699 592 1
4700 43 1
4701 756 0
4702 217 0
4703 208 1
4704 655 1
4705 40 1
4706 448 1
4707 743 1
4708 786 0
4709 169 0
4710 678 0
4711 490 0
4712 133 1
4713 458 0
4714 419 0
4715 205 1
4716 637 0
4717 302 0
4718 392 0
4719 621 0
4720 747 0
4721 698 1
4722 93 1
4723 207 1
4724 324 0
4725 661 0
4726 141 1
4727 317 1
4728 333 1
4729 142 1
4730 767 1
4731 156 1
4732 496 1
4733 387 0
4734 479 1
4735 64 0
4736 612 0
4737 551 1
4738 87 1
4739 281 1
4740 645 1
4741 356 0
4742 467 1
4743 3 1
4744 146 1
4745 494 0
4746 493 0
4747 447 1
4748 50 1
4749 574 0
4750 785 1
4751 454 1
4752 97 1
4753 799 1
4754 461 1
4755 106 0
4756 396 0
4757 21 1
4758 647 1
4759 360 1
4760 738 1
4761 649 0
4762 446 0
4763 672 1
4764 61 0
4765 537 1
4766 581 1
4767 128 1
4768 693 1
4769 373 0
4770 137 0
4771 144 1
4772 697 1
4773 94 1
4774 514 1
4775 512 0
4776 6 0
4777 368 1
4778 387 0
4779 459 0
4780 416 0
4781 805 1
4782 684 0
4783 618 0
4784 234 1
4785 416 0
4786 657 0
4787 415 1
4788 237 1
4789 260 0
4790 228 1
4791 132 1
4792 63 0
4793 442 0
4794 483 1
4795 654 1
4796 595 1
4797 25 1
4798 521 0
4799 541 1
4800 8 1
4801 637 1
4802 216 1
4803 150 0
4804 503 1
4805 146 0
4806 693 1
4807 721 0
4808 289 1
4809 148 0
4810 761 1
4811 368 1
4812 390 1
4813 520 1
4814 792 0
4815 609 0
4816 148 1
4817 163 0
4818 427 0
4819 572 0
4820 802 1
4821 358 1
4822 507 1
4823 380 0
4824 126 1
4825 265 1
4826 273 0
4827 373 1
4828 781 1
4829 272 0
4830 329 1
4831 258 1
4832 11 0
4833 352 1
4834 245 1
4835 65 1
4836 340 0
4837 103 0
4838 200 0
4839 585 0
4840 521 1
4841 401 0
4842 425 1
4843 155 1
4844 42 0
4845 664 1
4846 5 0
4847 114 0
4848 285 0
4849 209 1
4850 87 1
4851 519 1
4852 452 1
4853 461 1
4854 615 1
4855 734 1
4856 593 0
4857 628 1
4858 39 0
4859 354 1
4860 152 1
4861 531 1
4862 69 0
4863 741 1
4864 53 0
4865 395 0
4866 166 0
4867 568 0
4868 479 1
4869 213 1
4870 773 0
4871 115 1
4872 780 1
4873 514 1
4874 469 0
4875 411 1
4876 583 1
4877 289 0
4878 775 1
4879 517 0
4880 110 0
4881 157 0
4882 768 1
4883 651 1
4884 452 0
4885 226 1
4886 509 0
4887 477 0
4888 595 1
4889 237 0
4890 802 0
4891 384 1
4892 534 1
4893 735 1
4894 646 0
4895 267 0
4896 48 1
4897 221 0
4898 415 0
4899 193 1
4900 433 0
4901 222 0
4902 25 0
4903 360 1
4904 633 1
4905 628 1
4906 189 1
4907 704 0
4908 627 1
4909 729 1
4910 575 1
4911 405 1
4912 686 1
4913 382 1
4914 195 1
4915 343 1
4916 259 1
4917 268 1
4918 775 1
4919 660 1
4920 168 1
4921 727 1
4922 429 0
4923 590 1
4924 187 1
4925 460 0
4926 201 1
4927 83 1
4928 756 1
4929 118 1
4930 795 1
4931 276 0
4932 536 1
4933 280 1
4934 360 0
4935 603 0
4936 358 1
4937 151 1
4938 323 1
4939 542 1
4940 758 0
4941 537 1
4942 564 1
4943 544 1
4944 27 0
4945 155 1
4946 65 1
4947 573 1
4948 163 1
4949 365 0
4950 737 1
4951 316 0
4952 673 0
4953 335 1
4954 151 0
4955 203 0
4956 576 0
4957 811 1
4958 303 1
4959 344 1
4960 146 1
4961 95 1
4962 118 1
4963 77 1
4964 464 0
4965 314 1
4966 598 0
4967 749 1
4968 40 1
4969 396 1
4970 336 0
4971 287 1
4972 36 1
4973 182 0
4974 337 1
4975 425 1
4976 781 1
4977 204 1
4978 698 0
4979 122 1
4980 479 0
4981 3 0
4982 576 0
4983 477 1
4984 211 1
4985 807 1
4986 169 1
4987 156 0
4988 77 0
4989 300 0
4990 375 1
4991 653 1
4992 187 1
4993 184 0
4994 82 1
4995 746 0
4996 7 1
4997 581 1
4998 689 1
4999 142 0
5000 61 1
5001 144 1
5002 741 1
5003 191 0
5004 149 0
5005 176 1
5006 159 1
5007 622 1
5008 629 0
5009 743 1
5010 622 1
5011 783 1
5012 367 1
5013 154 1
5014 551 1
5015 653 1
5016 188 1
5017 353 1
5018 363 1
5019 445 1
5020 791 1
5021 546 1
5022 393 1
5023 808 0
5024 671 1
5025 186 1
5026 111 0
5027 51 0
5028 707 1
5029 232 1
5030 12 1
5031 568 1
5032 135 1
5033 639 0
5034 407 1
5035 765 1
5036 648 0
5037 34 1
5038 608 1
5039 761 1
5040 277 0
5041 456 0
5042 45 1
5043 621 0
5044 222 1
5045 139 0
5046 681 1
5047 757 1
5048 2 1
5049 256 1
5050 611 0
5051 306 1
5052 461 0
5053 185 0
5054 692 0
5055 232 1
5056 590 0
5057 544 1
5058 137 1
5059 329 1
5060 148 0
5061 104 1
5062 118 1
5063 342 0
5064 387 1
5065 40 1
5066 316 1
5067 710 0
5068 196 1
5069 543 0
5070 538 0
5071 231 1
5072 405 0
5073 460 1
5074 70 1
5075 656 1
5076 199 1
5077 557 1
5078 564 1
5079 761 0
5080 439 1
5081 647 1
5082 90 1
5083 474 1
5084 136 1
5085 117 0
5086 166 1
5087 499 0
5088 634 1
5089 55 0
5090 690 1
5091 432 1
5092 169 0
5093 149 0
5094 17 1
5095 381 1
5096 653 1
5097 153 1
5098 269 1
5099 785 1
5100 18 1
5101 21 1
5102 760 1
5103 265 1
5104 666 1
5105 795 0
5106 541 1
5107 130 0
5108 345 1
5109 385 0
5110 699 0
5111 573 1
5112 492 1
5113 225 1
5114 295 1
5115 109 1
5116 364 0
5117 575 0
5118 651 1
5119 648 0
5120 670 0
5121 558 1
5122 800 0
5123 619 1
5124 477 0
5125 205 1
5126 469 1
5127 658 1
5128 202 1
5129 665 1
5130 590 1
5131 566 1
5132 661 0
5133 207 1
5134 111 0
5135 514 0
5136 428 1
5137 690 0
5138 458 0
5139 257 1
5140 444 0
5141 241 0
5142 751 1
5143 571 0
5144 724 0
5145 392 0
5146 709 1
5147 397 0
5148 229 1
5149 811 1
5150 402 1
5151 63 0
5152 38 0
5153 187 1
5154 193 1
5155 374 0
5156 417 1
5157 492 1
5158 702 0
5159 5 0
5160 184 1
5161 57 1
5162 298 0
5163 392 0
5164 570 1
5165 622 0
5166 414 0
5167 745 1
5168 137 1
5169 703 1
5170 74 1
5171 722 0
5172 68 0
5173 112 0
5174 161 1
5175 326 1
5176 271 1
5177 181 0
5178 349 1
5179 39 1
5180 720 0
5181 20 1
5182 44 0
5183 283 1
5184 395 0
5185 266 0
5186 438 0
5187 226 0
5188 331 0
5189 787 1
5190 212 0
5191 594 1
5192 439 0
5193 317 1
5194 291 1
5195 649 0
5196 528 1
5197 29 1
5198 132 1
5199 264 1
5200 241 1
5201 507 1
5202 706 1
5203 696 1
5204 14 1
5205 227 1
5206 725 1
5207 787 1
5208 294 0
5209 650 1
5210 403 1
5211 539 0
5212 667 1
5213 201 1
5214 391 1
5215 24 1
5216 182 1
5217 253 1
5218 774 1
5219 378 0
5220 806 1
5221 280 1
5222 369 1
5223 581 0
5224 302 1
5225 190 1
5226 660 1
5227 334 1
5228 563 0
5229 579 1
5230 755 0
5231 773 1
5232 644 1
5233 278 0
5234 350 1
5235 336 1
5236 203 0
5237 572 1
5238 627 1
5239 745 0
5240 514 1
5241 331 1
5242 117 0
5243 141 1
5244 710 1
5245 8 1
5246 265 1
5247 42 1
5248 750 0
5249 701 1
5250 731 0
5251 708 1
5252 352 0
5253 204 0
5254 318 1
5255 360 0
5256 582 0
5257 704 1
5258 54 1
5259 567 0
5260 752 1
5261 682 1
5262 54 1
5263 55 1
5264 231 1
5265 601 1
5266 246 1
5267 25 1
5268 720 1
5269 29 1
5270 121 0
5271 0 1
5272 23 1
5273 345 1
5274 491 1
5275 106 1
5276 186 0
5277 144 1
5278 699 1
5279 555 1
5280 465 1
5281 589 1
5282 595 1
5283 252 1
5284 354 1
5285 483 1
5286 426 0
5287 689 0
5288 452 0
5289 604 1
5290 399 0
5291 70 1
5292 686 1
5293 336 1
5294 736 1
5295 768 0
5296 421 1
5297 42 1
5298 670 1
5299 216 0
5300 87 1
5301 765 1
5302 692 1
5303 473 1
5304 372 1
5305 216 0
5306 162 1
5307 54 0
5308 10 1
5309 687 1
5310 468 1
5311 77 1
5312 129 1
5313 604 1
5314 737 1
5315 521 0
5316 462 1
5317 35 1
5318 624 0
5319 183 1
5320 772 1
5321 465 0
5322 196 1
5323 236 1
5324 97 1
5325 463 0
5326 752 1
5327 153 1
5328 169 0
5329 623 1
5330 274 1
5331 428 0
5332 314 1
5333 588 1
5334 158 0
5335 64 1
5336 680 1
5337 563 1
5338 236 1
5339 593 1
5340 664 0
5341 410 0
5342 293 1
5343 427 1
5344 17 1
5345 311 1
5346 79 0
5347 538 1
5348 145 0
5349 274 0
5350 594 0
5351 745 1
5352 623 0
5353 35 0
5354 804 0
5355 135 1
5356 381 1
5357 200 1
5358 618 1
5359 78 1
5360 376 1
5361 437 0
5362 640 0
5363 359 1
5364 553 1
5365 599 1
5366 727 1
5367 305 1
5368 291 1
5369 339 0
5370 478 1
5371 124 0
5372 530 1
5373 475 1
5374 708 0
5375 481 1
5376 454 1
5377 236 1
5378 345 1
5379 8 1
5380 172 0
5381 174 1
5382 404 0
5383 624 0
5384 330 1
5385 733 1
5386 134 1
5387 365 0
5388 125 1
5389 510 1
5390 91 1
5391 46 1
5392 361 1
5393 581 1
5394 633 1
5395 546 1
5396 708 1
5397 79 1
5398 709 0
5399 750 1
5400 118 0
5401 545 1
5402 471 0
5403 672 0
5404 447 1
5405 126 1
5406 57 1
5407 594 1
5408 777 1
5409 311 0
5410 463 1
5411 345 0
5412 519 0
5413 735 0
5414 392 1
5415 397 1
5416 41 1
5417 763 0
5418 794 1
5419 618 1
5420 501 0
5421 477 1
5422 426 1
5423 163 0
5424 700 1
5425 743 1
5426 273 1
5427 218 1
5428 210 1
5429 717 0
5430 568 1
5431 300 0
5432 185 1
5433 63 0
5434 382 1
5435 105 1
5436 122 0
5437 628 1
5438 351 1
5439 694 1
5440 207 0
5441 343 1
5442 410 0
5443 537 1
5444 212 1
5445 411 0
5446 253 1
5447 87 1
5448 472 0
5449 115 1
5450 342 0
5451 112 0
5452 558 1
5453 768 1
5454 474 1
5455 658 1
5456 215 1
5457 427 1
5458 260 1
5459 434 0
5460 348 1
5461 762 1
5462 253 1
5463 796 0
5464 755 1
5465 522 1
5466 74 1
5467 503 1
5468 71 1
5469 238 1
5470 294 1
5471 737 1
5472 595 0
5473 78 1
5474 257 0
5475 269 0
5476 54 1
5477 150 0
5478 10 1
5479 788 1
5480 554 1
5481 804 1
5482 73 1
5483 770 0
5484 463 0
5485 445 1
5486 602 1
5487 777 0
5488 475 0
5489 749 1
5490 64 1
5491 280 1
5492 747 1
5493 181 1
5494 73 1
5495 464 1
5496 408 1
5497 766 0
5498 459 0
5499 380 1
5500 430 0
5501 622 1
5502 704 1
5503 682 1
5504 139 0
5505 609 1
5506 579 0
5507 77 0
5508 262 1
5509 457 0
5510 492 0
5511 473 1
5512 73 1
5513 78 1
5514 93 1
5515 152 0
5516 794 1
5517 252 1
5518 302 1
5519 317 0
5520 740 0
5521 400 0
5522 757 0
5523 529 0
5524 245 0
5525 52 1
5526 604 1
5527 334 1
5528 139 1
5529 719 1
5530 380 0
5531 510 0
5532 587 1
5533 557 1
5534 639 0
5535 273 0
5536 742 1
5537 337 1
5538 660 1
5539 648 0
5540 794 1
5541 339 1
5542 412 1
5543 204 1
5544 27 1
5545 539 0
5546 737 1
5547 524 1
5548 510 1
5549 344 0
5550 652 0
5551 168 1
5552 801 1
5553 455 1
5554 559 1
5555 6 0
5556 745 1
5557 68 0
5558 529 1
5559 651 0
5560 138 1
5561 474 0
5562 125 1
5563 330 1
5564 777 1
5565 481 1
5566 233 1
5567 140 1
5568 97 1
5569 380 1
5570 395 1
5571 138 0
5572 241 0
5573 182 1
5574 802 1
5575 24 0
5576 721 1
5577 513 0
5578 194 1
5579 178 1
5580 459 1
5581 286 1
5582 6 1
5583 424 0
5584 287 0
5585 514 1
5586 700 1
5587 765 1
5588 369 0
5589 409 0
5590 722 0
5591 564 1
5592 442 1
5593 174 0
5594 618 1
5595 305 0
5596 278 0
5597 712 1
5598 528 1
5599 388 1
5600 70 0
5601 439 1
5602 252 1
5603 655 0
5604 35 1
5605 245 0
5606 440 1
5607 86 1
5608 16 0
5609 460 0
5610 691 1
5611 653 1
5612 299 0
5613 441 1
5614 64 1
5615 339 1
5616 428 1
5617 660 1
5618 680 1
5619 0 0
5620 509 1
5621 171 0
5622 810 0
5623 205 0
5624 27 0
5625 402 1
5626 373 1
5627 630 0
5628 795 1
5629 197 0
5630 597 1
5631 259 1
5632 258 1
5633 404 1
5634 119 1
5635 351 0
5636 159 1
5637 519 1
5638 534 0
5639 737 1
5640 86 1
5641 791 0
5642 324 1
5643 75 1
5644 622 0
5645 431 0
5646 319 0
5647 129 1
5648 551 1
5649 213 1
5650 202 1
5651 240 1
5652 29 0
5653 28 1
5654 748 1
5655 635 1
5656 602 0
5657 237 1
5658 164 0
5659 175 0
5660 94 1
5661 702 1
5662 238 1
5663 746 1
5664 630 1
5665 402 1
5666 466 0
5667 137 1
5668 99 0
5669 0 0
5670 686 1
5671 624 1
5672 191 1
5673 344 0
5674 683 1
5675 83 1
5676 67 1
5677 134 1
5678 560 0
5679 37 0
5680 537 0
5681 152 0
5682 591 0
5683 195 0
5684 778 1
5685 235 0
5686 586 1
5687 69 1
5688 418 1
5689 75 1
5690 688 1
5691 253 0
5692 700 1
5693 571 1
5694 210 0
5695 334 1
5696 557 1
5697 692 0
5698 286 0
5699 291 1
5700 24 0
5701 658 1
5702 328 1
5703 86 1
5704 651 1
5705 789 1
5706 643 1
5707 793 0
5708 372 1
5709 487 1
5710 425 1
5711 26 0
5712 251 0
5713 15 1
5714 302 1
5715 544 1
5716 20 0
5717 203 0
5718 626 0
5719 604 0
5720 773 1
5721 747 1
5722 566 1
5723 76 1
5724 788 0
5725 218 1
5726 573 1
5727 325 0
5728 473 1
5729 58 1
5730 647 1
5731 612 1
5732 256 1
5733 281 0
5734 46 0
5735 290 0
5736 409 0
5737 366 0
5738 461 0
5739 42 0
5740 761 1
5741 592 0
5742 260 1
5743 42 1
5744 199 1
5745 450 1
5746 781 1
5747 780 0
5748 252 0
5749 50 0
5750 76 0
5751 629 1
5752 319 1
5753 647 0
5754 379 1
5755 158 1
5756 705 0
5757 359 1
5758 609 0
5759 640 0
5760 581 1
5761 108 1
5762 283 1
5763 529 0
5764 323 1
5765 344 1
5766 674 0
5767 640 0
5768 97 0
5769 715 0
5770 675 0
5771 315 0
5772 566 1
5773 475 1
5774 341 0
5775 682 1
5776 335 0
5777 414 1
5778 620 1
5779 96 1
5780 220 1
5781 40 0
5782 356 0
5783 17 1
5784 666 1
5785 685 1
5786 548 1
5787 282 1
5788 372 1
5789 420 1
5790 2 1
5791 578 0
5792 589 0
5793 466 1
5794 632 1
5795 36 1
5796 512 1
5797 444 0
5798 513 1
5799 264 1
5800 135 1
5801 649 1
5802 647 1
5803 741 0
5804 631 0
5805 674 1
5806 392 1
5807 235 1
5808 373 0
5809 319 1
5810 773 1
5811 555 1
5812 187 0
5813 38 0
5814 402 1
5815 576 1
5816 194 1
5817 732 1
5818 286 1
5819 802 1
5820 195 1
5821 247 1
5822 45 1
5823 510 0
5824 694 0
5825 121 1
5826 126 1
5827 637 1
5828 618 0
5829 524 1
5830 733 1
5831 256 1
5832 700 1
5833 465 0
5834 22 0
5835 600 0
5836 628 1
5837 314 1
5838 27 1
5839 33 1
5840 350 1
5841 72 1
5842 342 0
5843 300 1
5844 83 1
5845 433 0
5846 55 1
5847 196 1
5848 619 1
5849 439 1
5850 626 1
5851 368 0
5852 16 0
5853 56 1
5854 203 0
5855 519 1
5856 322 1
5857 540 1
5858 811 1
5859 322 1
5860 607 1
5861 408 1
5862 387 1
5863 115 1
5864 207 1
5865 345 1
5866 780 1
5867 784 1
5868 93 1
5869 594 0
5870 440 1
5871 360 0
5872 402 1
5873 369 0
5874 437 0
5875 805 1
5876 143 1
5877 404 1
5878 759 1
5879 234 1
5880 260 0
5881 742 1
5882 234 1
5883 779 1
5884 251 1
5885 379 1
5886 371 1
5887 395 1
5888 581 1
5889 684 1
5890 720 0
5891 760 1
5892 18 0
5893 336 1
5894 58 1
5895 440 1
5896 91 0
5897 57 1
5898 593 0
5899 408 1
5900 94 0
5901 722 1
5902 223 1
5903 181 0
5904 334 1
5905 765 1
5906 238 0
5907 292 1
5908 6 0
5909 543 1
5910 709 0
5911 707 0
5912 295 1
5913 637 1
5914 542 0
5915 106 1
5916 530 1
5917 45 1
5918 643 1
5919 500 0
5920 34 0
5921 405 0
5922 674 1
5923 284 1
5924 592 1
5925 501 1
5926 753 0
5927 799 0
5928 101 0
5929 66 1
5930 366 1
5931 222 0
5932 756 0
5933 591 0
5934 249 1
5935 260 0
5936 808 1
5937 310 1
5938 61 1
5939 48 1
5940 119 1
5941 651 1
5942 699 0
5943 50 1
5944 203 1
5945 140 0
5946 45 1
5947 407 0
5948 140 1
5949 85 1
5950 787 1
5951 427 1
5952 766 1
5953 150 1
5954 29 1
5955 177 0
5956 502 0
5957 776 0
5958 409 0
5959 698 1
5960 698 1
5961 124 1
5962 711 1
5963 242 1
5964 227 1
5965 183 1
5966 672 1
5967 495 1
5968 46 1
5969 718 1
5970 30 0
5971 792 0
5972 667 1
5973 430 1
5974 278 0
5975 62 0
5976 663 1
5977 417 1
5978 228 1
5979 111 1
5980 173 1
5981 412 0
5982 170 1
5983 737 0
5984 494 0
5985 292 1
5986 725 1
5987 566 0
5988 536 1
5989 597 0
5990 253 0
5991 733 1
5992 356 1
5993 744 1
5994 752 1
5995 795 1
5996 659 0
5997 469 0
5998 812 1
5999 801 1
6000 790 1
6001 773 0
6002 61 1
6003 792 1
6004 465 1
6005 354 1
6006 747 1
6007 332 1
6008 367 0
6009 385 0
6010 628 1
6011 175 0
6012 271 0
6013 2 1
6014 792 0
6015 519 1
6016 594 1
6017 414 0
6018 515 1
6019 195 1
6020 726 0
6021 396 1
6022 10 1
6023 460 1
6024 502 0
6025 440 1
6026 722 1
6027 302 1
6028 446 1
6029 774 1
6030 50 0
6031 136 0
6032 469 1
6033 241 1
6034 700 1
6035 662 1
6036 740 1
6037 783 0
6038 729 1
6039 639 1
6040 218 1
6041 490 0
6042 636 1
6043 631 1
6044 39 0
6045 204 1
6046 338 1
6047 488 1
6048 646 1
6049 490 1
6050 676 1
6051 656 1
6052 585 1
6053 52 1
6054 244 1
6055 674 1
6056 712 0
6057 667 1
6058 86 1
6059 314 1
6060 589 0
6061 783 1
6062 368 0
6063 677 0
6064 454 1
6065 245 1
6066 449 1
6067 676 0
6068 715 0
6069 477 1
6070 361 1
6071 118 0
6072 444 0
6073 305 1
6074 214 1
6075 167 1
6076 402 1
6077 672 0
6078 106 1
6079 728 1
6080 401 1
6081 633 0
6082 249 0
6083 258 0
6084 735 1
6085 621 1
6086 583 1
6087 54 1
6088 223 1
6089 256 1
6090 489 0
6091 750 1
6092 315 0
6093 604 1
6094 656 0
6095 492 1
6096 435 0
6097 282 0
6098 74 1
6099 346 1
6100 541 1
6101 34 0
6102 650 1
6103 37 0
6104 203 1
6105 7 1
6106 471 1
6107 525 1
6108 63 1
6109 150 0
6110 591 1
6111 720 1
6112 465 1
6113 408 0
6114 240 1
6115 290 1
6116 664 1
6117 36 1
6118 168 0
6119 71 0
6120 121 0
6121 573 0
6122 590 1
6123 565 0
6124 113 1
6125 316 1
6126 56 1
6127 428 0
6128 167 1
6129 3 1
6130 532 1
6131 132 0
6132 373 1
6133 395 0
6134 809 1
6135 423 1
6136 300 0
6137 709 0
6138 225 0
6139 487 0
6140 687 0
6141 552 1
6142 213 1
6143 530 1
6144 513 1
6145 543 1
6146 336 0
6147 372 1
6148 598 1
6149 194 1
6150 176 1
6151 466 1
6152 556 1
6153 310 0
6154 334 1
6155 629 1
6156 542 1
6157 462 1
6158 46 1
6159 645 0
6160 467 1
6161 548 1
6162 806 1
6163 455 0
6164 384 1
6165 451 1
6166 777 1
6167 793 0
6168 222 1
6169 244 0
6170 597 1
6171 275 1
6172 184 0
6173 591 1
6174 426 0
6175 546 1
6176 554 1
6177 393 1
6178 143 1
6179 405 0
6180 195 1
6181 30 0
6182 148 0
6183 435 0
6184 623 0
6185 437 1
6186 249 1
6187 488 1
6188 146 0
6189 175 0
6190 445 1
6191 407 1
6192 189 1
6193 244 1
6194 592 0
6195 614 1
6196 448 1
6197 702 1
6198 410 1
6199 477 0
6200 513 0
6201 628 1
6202 324 1
6203 706 0
6204 80 1
6205 230 1
6206 544 1
6207 790 1
6208 381 1
6209 575 0
6210 626 0
6211 702 0
6212 777 0
6213 612 1
6214 425 1
6215 350 0
6216 702 1
6217 398 1
6218 793 0
6219 684 0
6220 683 1
6221 664 1
6222 250 0
6223 658 1
6224 617 1
6225 791 0
6226 307 1
6227 446 1
6228 782 0
6229 156 0
6230 33 0
6231 30 1
6232 427 1
6233 135 0
6234 797 0
6235 791 1
6236 432 1
6237 592 1
6238 470 1
6239 255 0
6240 367 1
6241 460 1
6242 423 1
6243 211 1
6244 662 1
6245 297 1
6246 61 1
6247 617 1
6248 510 0
6249 406 1
6250 270 1
6251 104 1
6252 781 1
6253 81 1
6254 643 0
6255 222 1
6256 324 1
6257 137 1
6258 286 1
6259 650 1
6260 716 0
6261 18 0
6262 216 1
6263 776 1
6264 85 1
6265 730 1
6266 508 0
6267 567 0
6268 472 0
6269 424 1
6270 494 0
6271 10 1
6272 26 1
6273 263 0
6274 251 1
6275 447 0
6276 802 0
6277 442 0
6278 611 0
6279 686 1
6280 529 1
6281 562 1
6282 380 1
6283 210 0
6284 230 1
6285 665 1
6286 791 1
6287 485 1
6288 332 0
6289 316 1
6290 603 1
6291 494 1
6292 494 1
6293 552 0
6294 284 0
6295 498 0
6296 783 1
6297 303 0
6298 642 0
6299 713 0
6300 658 0
6301 783 1
6302 505 1
6303 395 1
6304 145 0
6305 363 1
6306 739 1
6307 37 0
6308 736 1
6309 467 1
6310 524 0
6311 530 1
6312 723 0
6313 355 0
6314 289 1
6315 366 0
6316 85 0
6317 525 1
6318 547 1
6319 370 1
6320 83 1
6321 383 1
6322 288 0
6323 185 0
6324 520 0
6325 173 1
6326 315 0
6327 482 1
6328 479 0
6329 533 1
6330 603 1
6331 657 0
6332 179 1
6333 789 0
6334 554 1
6335 361 0
6336 589 1
6337 646 1
6338 676 0
6339 275 0
6340 426 0
6341 370 1
6342 94 1
6343 722 1
6344 387 1
6345 283 0
6346 40 1
6347 375 0
6348 6 0
6349 700 1
6350 452 1
6351 384 0
6352 504 1
6353 48 1
6354 559 0
6355 260 0
6356 527 0
6357 668 1
6358 180 1
6359 136 1
6360 531 1
6361 254 1
6362 301 1
6363 545 1
6364 736 1
6365 54 1
6366 436 0
6367 115 0
6368 166 1
6369 572 1
6370 810 1
6371 652 1
6372 161 1
6373 656 0
6374 595 0
6375 419 1
6376 722 0
6377 394 1
6378 490 1
6379 273 0
6380 559 0
6381 300 0
6382 31 1
6383 388 0
6384 88 0
6385 677 0
6386 735 1
6387 121 1
6388 534 1
6389 748 1
6390 22 0
6391 140 0
6392 782 1
6393 466 1
6394 416 0
6395 384 1
6396 577 1
6397 667 1
6398 364 1
6399 316 1
6400 145 0
6401 48 0
6402 207 1
6403 229 1
6404 457 1
6405 568 1
6406 28 1
6407 166 1
6408 752 1
6409 212 1
6410 314 0
6411 27 1
6412 545 1
6413 197 1
6414 447 0
6415 304 1
6416 450 1
6417 170 0
6418 32 1
6419 341 0
6420 73 1
6421 723 1
6422 314 1
6423 421 1
6424 464 0
6425 119 1
6426 740 1
6427 367 1
6428 351 1
6429 569 1
6430 20 1
6431 333 1
6432 736 1
6433 70 0
6434 412 1
6435 199 1
6436 262 0
6437 96 0
6438 754 1
6439 94 1
6440 94 0
6441 694 1
6442 683 1
6443 249 0
6444 323 0
6445 775 1
6446 389 1
6447 569 1
6448 309 1
6449 267 1
6450 805 1
6451 717 0
6452 331 0
6453 95 1
6454 29 0
6455 756 0
6456 726 0
6457 712 1
6458 396 1
6459 4 1
6460 478 1
6461 573 1
6462 18 0
6463 122 0
6464 478 1
6465 804 0
6466 366 1
6467 234 1
6468 465 1
6469 234 1
6470 273 0
6471 372 0
6472 326 0
6473 537 0
6474 498 1
6475 139 1
6476 264 0
6477 786 1
6478 796 1
6479 364 1
6480 807 1
6481 686 1
6482 7 1
6483 567 0
6484 191 0
6485 476 1
6486 735 0
6487 161 1
6488 384 0
6489 725 1
6490 750 0
6491 801 0
6492 518 0
6493 238 1
6494 379 0
6495 472 1
6496 714 1
6497 489 1
6498 207 1
6499 703 0
6500 233 0
6501 128 0
6502 724 0
6503 403 0
6504 497 1
6505 120 0
6506 122 1
6507 636 0
6508 393 1
6509 652 1
6510 175 1
6511 334 1
6512 412 1
6513 307 0
6514 9 1
6515 528 1
6516 73 0
6517 152 1
6518 455 1
6519 602 1
6520 381 0
6521 574 1
6522 587 1
6523 653 0
6524 538 1
6525 695 1
6526 559 1
6527 299 1
6528 550 0
6529 532 1
6530 313 1
6531 802 0
6532 413 0
6533 448 1
6534 207 0
6535 763 0
6536 715 1
6537 278 1
6538 432 0
6539 167 0
6540 366 1
6541 380 1
6542 589 0
6543 25 1
6544 227 1
6545 72 1
6546 315 1
6547 436 1
6548 526 1
6549 539 0
6550 64 1
6551 508 1
6552 768 1
6553 534 1
6554 414 0
6555 55 1
6556 260 1
6557 647 1
6558 57 0
6559 117 1
6560 740 1
6561 580 0
6562 574 0
6563 725 1
6564 30 1
6565 775 1
6566 127 1
6567 384 0
6568 766 1
6569 794 0
6570 561 0
6571 658 0
6572 227 0
6573 613 0
6574 675 1
6575 325 1
6576 675 1
6577 599 0
6578 51 1
6579 479 1
6580 150 1
6581 499 0
6582 422 0
6583 684 1
6584 743 0
6585 254 1
6586 456 0
6587 10 1
6588 102 1
6589 724 1
6590 540 1
6591 77 0
6592 83 0
6593 595 1
6594 376 0
6595 540 0
6596 213 1
6597 559 0
6598 52 1
6599 522 0
6600 37 1
6601 797 1
6602 385 1
6603 120 1
6604 372 0
6605 776 1
6606 22 1
6607 12 0
6608 717 0
6609 808 1
6610 624 0
6611 317 1
6612 517 0
6613 415 1
6614 4 1
6615 61 0
6616 655 0
6617 290 1
6618 362 1
6619 226 0
6620 764 1
6621 589 1
6622 797 1
6623 647 1
6624 151 1
6625 247 1
6626 120 1
6627 309 1
6628 383 1
6629 148 1
6630 604 0
6631 183 0
6632 578 0
6633 185 0
6634 394 0
6635 49 0
6636 110 0
6637 642 1
6638 181 1
6639 61 0
6640 629 1
6641 617 1
6642 628 1
6643 83 0
6644 26 1
6645 95 0
6646 195 1
6647 587 0
6648 263 1
6649 88 1
6650 448 1
6651 268 1
6652 285 1
6653 163 0
6654 84 1
6655 554 1
6656 43 1
6657 159 1
6658 472 1
6659 380 0
6660 228 0
6661 394 1
6662 265 0
6663 707 1
6664 451 1
6665 695 1
6666 442 0
6667 400 0
6668 4 1
6669 136 1
6670 297 0
6671 557 1
6672 803 1
6673 768 1
6674 469 1
6675 471 1
6676 566 1
6677 386 0
6678 789 0
6679 301 1
6680 586 0
6681 268 1
6682 658 0
6683 698 1
6684 496 1
6685 505 0
6686 466 1
6687 77 0
6688 231 1
6689 675 0
6690 367 1
6691 339 1
6692 386 0
6693 707 1
6694 762 0
6695 299 0
6696 703 1
6697 506 1
6698 746 1
6699 152 1
6700 168 1
6701 165 1
6702 417 1
6703 34 0
6704 274 1
6705 290 1
6706 797 1
6707 273 1
6708 52 0
6709 242 0
6710 118 0
6711 292 1
6712 619 0
6713 556 1
6714 132 1
6715 491 1
6716 63 1
6717 691 1
6718 86 1
6719 70 1
6720 131 0
6721 513 0
6722 499 1
6723 564 1
6724 708 1
6725 308 1
6726 45 1
6727 590 1
6728 586 1
6729 726 0
6730 552 1
6731 774 1
6732 248 1
6733 37 1
6734 74 0
6735 206 1
6736 790 1
6737 399 1
6738 202 0
6739 784 0
6740 466 1
6741 434 1
6742 67 1
6743 117 0
6744 56 1
6745 313 0
6746 435 1
6747 166 1
6748 437 1
6749 528 1
6750 389 1
6751 227 1
6752 150 1
6753 598 1
6754 531 1
6755 205 1
6756 604 1
6757 206 1
6758 606 1
6759 21 1
6760 109 1
6761 213 0
6762 119 1
6763 493 0
6764 92 1
6765 256 0
6766 698 1
6767 603 0
6768 620 1
6769 143 0
6770 223 1
6771 278 0
6772 497 0
6773 195 1
6774 564 0
6775 463 0
6776 305 1
6777 483 1
6778 565 1
6779 169 0
6780 126 1
6781 649 0
6782 173 1
6783 370 1
6784 338 1
6785 319 0
6786 126 1
6787 330 1
6788 592 1
6789 179 1
6790 496 0
6791 282 1
6792 261 1
6793 736 1
6794 683 1
6795 182 1
6796 595 1
6797 331 0
6798 213 1
6799 749 1
6800 479 1
6801 622 0
6802 118 1
6803 738 1
6804 174 1
6805 564 0
6806 503 1
6807 168 0
6808 798 1
6809 288 1
6810 262 1
6811 742 0
6812 812 0
6813 569 0
6814 471 1
6815 273 1
6816 271 1
6817 252 0
6818 544 1
6819 41 0
6820 38 1
6821 330 1
6822 638 1
6823 2 1
6824 100 1
6825 556 0
6826 26 1
6827 163 1
6828 501 0
6829 805 1
6830 424 1
6831 620 0
6832 670 1
6833 594 0
6834 806 1
6835 306 1
6836 183 1
6837 82 1
6838 77 0
6839 142 1
6840 453 1
6841 295 1
6842 127 0
6843 260 1
6844 377 1
6845 543 0
6846 596 1
6847 762 0
6848 734 1
6849 610 1
6850 367 1
6851 268 1
6852 250 1
6853 314 0
6854 512 1
6855 15 0
6856 666 0
6857 388 1
6858 524 1
6859 608 1
6860 166 1
6861 155 0
6862 200 1
6863 159 0
6864 649 1
6865 603 1
6866 383 1
6867 263 1
6868 486 1
6869 716 1
6870 545 0
6871 93 1
6872 797 1
6873 378 0
6874 395 1
6875 106 1
6876 590 1
6877 266 0
6878 122 1
6879 421 1
6880 705 1
6881 484 1
6882 347 1
6883 96 1
6884 267 0
6885 206 1
6886 486 1
6887 152 1
6888 291 1
6889 733 1
6890 782 1
6891 434 1
6892 44 1
6893 47 1
6894 636 0
6895 692 1
6896 190 1
6897 804 0
6898 52 1
6899 558 1
6900 410 0
6901 642 1
6902 5 0
6903 309 1
6904 22 0
6905 737 1
6906 580 1
6907 306 0
6908 570 1
6909 300 1
6910 576 1
6911 109 1
6912 52 1
6913 246 1
6914 510 1
6915 502 1
6916 265 0
6917 760 1
6918 637 0
6919 77 0
6920 809 1
6921 406 0
6922 115 1
6923 710 1
6924 575 1
6925 21 1
6926 699 1
6927 615 1
6928 553 1
6929 366 0
6930 607 0
6931 358 0
6932 142 0
6933 84 1
6934 317 1
6935 136 1
6936 731 1
6937 645 1
6938 764 1
6939 797 1
6940 250 1
6941 619 0
6942 458 1
6943 398 1
6944 224 0
6945 203 1
6946 329 0
6947 645 1
6948 622 0
6949 761 1
6950 401 1
6951 195 0
6952 381 0
6953 431 1
6954 79 1
6955 613 1
6956 175 0
6957 789 0
6958 351 1
6959 586 0
6960 403 1
6961 349 1
6962 538 1
6963 146 0
6964 422 0
6965 797 1
6966 747 0
6967 653 1
6968 529 0
6969 158 1
6970 441 1
6971 203 1
6972 702 1
6973 191 0
6974 63 0
6975 3 1
6976 753 1
6977 141 0
6978 45 0
6979 92 0
6980 705 1
6981 232 0
6982 579 1
6983 466 0
6984 98 0
6985 414 1
6986 338 1
6987 342 1
6988 552 0
6989 468 1
6990 252 1
6991 592 0
6992 334 0
6993 182 1
6994 531 1
6995 33 1
6996 105 0
6997 328 0
6998 93 1
6999 735 1
7000 361 0
7001 486 0
7002 464 1
7003 682 0
7004 304 1
7005 85 0
7006 73 1
7007 505 1
7008 108 1
7009 542 1
7010 716 1
7011 572 1
7012 352 0
7013 448 0
7014 637 0
7015 147 0
7016 784 1
7017 150 1
7018 405 1
7019 150 0
7020 679 1
7021 776 0
7022 667 1
7023 102 0
7024 665 1
7025 356 1
7026 731 1
7027 332 1
7028 527 0
7029 225 1
7030 92 0
7031 615 0
7032 517 0
7033 254 1
7034 539 0
7035 328 1
7036 394 0
7037 667 1
7038 515 0
7039 534 1
7040 112 0
7041 691 1
7042 517 1
7043 623 0
7044 745 1
7045 660 1
7046 486 1
7047 656 1
7048 169 0
7049 54 1
7050 12 1
7051 623 1
7052 675 1
7053 165 1
7054 190 0
7055 255 1
7056 533 1
7057 87 1
7058 667 1
7059 546 1
7060 255 1
7061 379 1
7062 611 1
7063 119 1
7064 643 1
7065 431 0
7066 312 1
7067 3 0
7068 719 1
7069 61 0
7070 624 0
7071 153 0
7072 529 1
7073 91 0
7074 705 1
7075 738 1
7076 217 1
7077 645 1
7078 37 1
7079 551 1
7080 448 1
7081 277 1
7082 165 1
7083 689 0
7084 773 1
7085 736 1
7086 578 1
7087 683 0
7088 72 0
7089 432 1
7090 353 1
7091 436 1
7092 418 1
7093 96 0
7094 542 1
7095 78 1
7096 326 0
7097 125 0
7098 714 1
7099 318 0
7100 508 1
7101 200 1
7102 642 0
7103 77 1
7104 599 1
7105 434 0
7106 622 1
7107 220 0
7108 80 1
7109 193 1
7110 718 1
7111 801 0
7112 704 1
7113 477 0
7114 683 1
7115 790 1
7116 548 1
7117 161 0
7118 3 1
7119 33 0
7120 503 1
7121 7 1
7122 280 0
7123 618 0
7124 298 1
7125 171 1
7126 592 1
7127 757 0
7128 27 0
7129 599 0
7130 728 1
7131 31 1
7132 510 1
7133 595 0
7134 186 1
7135 626 1
7136 38 1
7137 267 1
7138 616 1
7139 680 0
7140 638 1
7141 628 1
7142 765 0
7143 410 1
7144 750 1
7145 445 1
7146 529 1
7147 638 0
7148 425 0
7149 494 1
7150 803 1
7151 811 0
7152 452 0
7153 103 0
7154 92 0
7155 112 1
7156 331 1
7157 657 1
7158 11 0
7159 585 0
7160 774 1
7161 123 1
7162 205 1
7163 471 1
7164 123 1
7165 751 0
7166 784 1
7167 710 1
7168 769 1
7169 433 1
7170 293 0
7171 533 1
7172 797 1
7173 662 0
7174 142 1
7175 266 0
7176 163 1
7177 104 1
7178 92 0
7179 508 1
7180 483 1
7181 651 0
7182 706 1
7183 632 1
7184 59 1
7185 466 0
7186 554 0
7187 732 1
7188 642 1
7189 43 1
7190 527 1
7191 397 1
7192 453 1
7193 568 1
7194 19 1
7195 270 0
7196 219 0
7197 467 1
7198 167 1
7199 285 1
7200 539 1
7201 90 1
7202 202 0
7203 328 0
7204 101 0
7205 570 1
7206 435 1
7207 260 1
7208 166 0
7209 130 0
7210 33 1
7211 198 1
7212 264 0
7213 688 1
7214 706 0
7215 168 1
7216 176 0
7217 223 0
7218 591 1
7219 165 1
7220 433 1
7221 508 1
7222 401 0
7223 699 1
7224 539 1
7225 508 1
7226 172 1
7227 335 1
7228 68 0
7229 133 0
7230 694 1
7231 717 0
7232 70 0
7233 192 0
7234 190 1
7235 295 0
7236 603 1
7237 434 1
7238 269 0
7239 514 0
7240 661 1
7241 322 1
7242 425 1
7243 535 1
7244 379 0
7245 209 1
7246 479 0
7247 73 0
7248 810 1
7249 720 0
7250 378 1
7251 565 0
7252 516 1
7253 683 1
7254 586 1
7255 535 1
7256 103 1
7257 777 1
7258 213 1
7259 776 1
7260 109 1
7261 607 1
7262 609 1
7263 80 1
7264 701 1
7265 303 1
7266 759 0
7267 758 1
7268 321 1
7269 190 1
7270 767 0
7271 528 1
7272 280 0
7273 340 1
7274 747 0
7275 595 0
7276 798 0
7277 387 0
7278 13 1
7279 466 1
7280 211 1
7281 736 1
7282 336 0
7283 374 1
7284 251 1
7285 751 1
7286 232 0
7287 262 0
7288 468 0
7289 271 1
7290 660 1
7291 201 0
7292 198 1
7293 505 1
7294 811 1
7295 436 0
7296 684 1
7297 121 0
7298 550 0
7299 619 0
7300 2 1
7301 761 1
7302 778 0
7303 257 0
7304 567 0
7305 591 1
7306 336 0
7307 324 1
7308 322 1
7309 256 0
7310 744 0
7311 40 1
7312 561 1
7313 577 1
7314 168 1
7315 286 1
7316 695 1
7317 728 1
7318 199 1
7319 603 0
7320 700 1
7321 445 0
7322 115 1
7323 268 1
7324 542 0
7325 24 1
7326 727 1
7327 30 0
7328 549 1
7329 774 1
7330 745 1
7331 643 0
7332 805 1
7333 797 1
7334 485 1
7335 468 1
7336 479 0
7337 105 0
7338 626 1
7339 542 0
7340 409 1
7341 583 1
7342 386 1
7343 799 1
7344 162 0
7345 595 1
7346 519 1
7347 231 1
7348 738 0
7349 213 1
7350 312 1
7351 537 1
7352 293 1
7353 328 1
7354 526 1
7355 216 1
7356 134 0
7357 201 1
7358 109 1
7359 397 1
7360 458 0
7361 443 0
7362 604 1
7363 186 1
7364 399 1
7365 694 0
7366 346 1
7367 200 0
7368 571 1
7369 500 1
7370 95 1
7371 162 1
7372 212 0
7373 504 1
7374 305 0
7375 102 0
7376 268 1
7377 438 1
7378 161 1
7379 99 1
7380 534 1
7381 782 1
7382 722 0
7383 462 0
7384 452 0
7385 275 1
7386 376 1
7387 532 1
7388 555 1
7389 175 1
7390 635 0
7391 321 1
7392 578 0
7393 474 1
7394 326 1
7395 242 1
7396 64 1
7397 438 1
7398 135 1
7399 777 1
7400 559 1
7401 644 0
7402 431 1
7403 789 0
7404 97 1
7405 789 0
7406 428 1
7407 578 0
7408 812 0
7409 688 0
7410 568 0
7411 451 1
7412 651 1
7413 361 0
7414 731 1
7415 70 1
7416 320 0
7417 110 1
7418 20 1
7419 435 0
7420 237 1
7421 359 0
7422 219 1
7423 369 1
7424 687 1
7425 54 0
7426 684 1
7427 262 1
7428 337 1
7429 250 1
7430 459 0
7431 244 1
7432 790 1
7433 229 1
7434 196 1
7435 192 1
7436 586 0
7437 609 1
7438 186 1
7439 778 1
7440 733 0
7441 258 1
7442 281 1
7443 314 1
7444 654 1
7445 384 1
7446 395 1
7447 22 1
7448 738 1
7449 692 0
7450 671 0
7451 309 0
7452 133 1
7453 191 1
7454 595 1
7455 135 0
7456 499 1
7457 307 1
7458 424 1
7459 96 1
7460 452 0
7461 321 1
7462 51 0
7463 162 1
7464 350 1
7465 665 0
7466 681 1
7467 407 0
7468 590 1
7469 75 1
7470 509 1
7471 643 1
7472 115 0
7473 731 1
7474 269 1
7475 560 1
7476 250 1
7477 511 0
7478 166 0
7479 32 1
7480 469 1
7481 234 1
7482 613 0
7483 661 1
7484 181 0
7485 273 1
7486 458 1
7487 397 0
7488 809 1
7489 54 0
7490 653 0
7491 742 1
7492 192 1
7493 714 0
7494 55 1
7495 385 1
7496 140 1
7497 372 1
7498 203 1
7499 654 0
7500 467 0
7501 341 0
7502 218 1
7503 195 1
7504 808 1
7505 803 0
7506 374 1
7507 248 1
7508 682 1
7509 681 1
7510 405 1
7511 771 0
7512 628 1
7513 241 1
7514 306 1
7515 482 1
7516 765 1
7517 641 0
7518 503 1
7519 708 0
7520 28 0
7521 657 1
7522 127 0
7523 725 1
7524 565 1
7525 243 1
7526 356 1
7527 213 0
7528 532 1
7529 269 1
7530 291 0
7531 554 1
7532 516 1
7533 738 1
7534 160 1
7535 214 1
7536 29 0
7537 102 1
7538 474 0
7539 476 0
7540 117 1
7541 706 1
7542 108 1
7543 155 1
7544 315 1
7545 176 1
7546 117 1
7547 116 1
7548 54 1
7549 594 0
7550 429 0
7551 159 1
7552 377 0
7553 125 0
7554 30 1
7555 587 1
7556 507 0
7557 375 0
7558 97 1
7559 522 1
7560 142 0
7561 285 1
7562 371 0
7563 648 1
7564 197 0
7565 395 1
7566 181 1
7567 595 1
7568 2 1
7569 107 1
7570 263 0
7571 747 1
7572 440 1
7573 83 1
7574 28 1
7575 461 1
7576 1 0
7577 185 1
7578 89 0
7579 307 0
7580 206 1
7581 667 1
7582 199 0
7583 455 0
7584 111 1
7585 557 1
7586 767 1
7587 87 1
7588 802 0
7589 442 1
7590 286 1
7591 755 1
7592 346 0
7593 169 1
7594 717 0
7595 231 0
7596 121 1
7597 7 0
7598 45 0
7599 33 0
7600 535 0
7601 286 1
7602 269 0
7603 393 0
7604 54 0
7605 598 0
7606 681 0
7607 705 1
7608 179 1
7609 160 0
7610 292 1
7611 516 0
7612 801 0
7613 0 1
7614 495 0
7615 190 0
7616 378 0
7617 461 0
7618 360 1
7619 416 0
7620 633 0
7621 19 0
7622 253 0
7623 794 1
7624 540 1
7625 25 1
7626 44 1
7627 512 1
7628 574 0
7629 65 1
7630 545 0
7631 474 0
7632 243 1
7633 268 1
7634 487 1
7635 283 1
7636 642 1
7637 319 1
7638 214 0
7639 269 1
7640 197 1
7641 284 1
7642 590 0
7643 273 1
7644 495 1
7645 362 0
7646 105 1
7647 661 0
7648 469 0
7649 461 0
7650 556 0
7651 206 1
7652 802 1
7653 222 1
7654 12 0
7655 712 1
7656 540 1
7657 206 1
7658 735 0
7659 423 0
7660 329 0
7661 155 1
7662 319 1
7663 537 1
7664 688 1
7665 119 1
7666 440 1
7667 572 0
7668 605 1
7669 387 1
7670 473 1
7671 337 0
7672 793 1
7673 28 1
7674 779 1
7675 644 0
7676 747 1
7677 484 1
7678 313 0
7679 229 1
7680 716 1
7681 129 0
7682 183 0
7683 282 1
7684 438 1
7685 103 1
7686 466 0
7687 53 1
7688 739 0
7689 672 1
7690 43 1
7691 510 0
7692 0 1
7693 231 1
7694 712 0
7695 11 0
7696 319 1
7697 224 1
7698 352 1
7699 801 1
7700 118 1
7701 75 0
7702 287 1
7703 541 1
7704 533 1
7705 184 1
7706 414 1
7707 308 1
7708 386 1
7709 237 1
7710 511 1
7711 411 0
7712 711 0
7713 275 1
7714 85 0
7715 227 0
7716 110 0
7717 543 0
7718 754 1
7719 121 0
7720 426 0
7721 560 1
7722 754 1
7723 196 1
7724 105 0
7725 368 1
7726 436 1
7727 389 1
7728 357 1
7729 585 1
7730 683 1
7731 401 1
7732 625 1
7733 133 1
7734 725 1
7735 305 0
7736 314 0
7737 689 1
7738 431 0
7739 93 1
7740 261 1
7741 340 0
7742 506 1
7743 542 1
7744 335 0
7745 248 0
7746 638 0
7747 755 1
7748 290 1
7749 527 1
7750 653 0
7751 50 0
7752 640 0
7753 733 1
7754 567 0
7755 549 1
7756 798 1
7757 790 1
7758 315 1
7759 297 1
7760 590 1
7761 612 1
7762 704 0
7763 375 1
7764 139 1
7765 706 0
7766 677 1
7767 702 1
7768 683 1
7769 517 1
7770 391 0
7771 775 0
7772 85 0
7773 378 1
7774 214 1
7775 806 1
7776 730 1
7777 729 1
7778 669 1
7779 312 0
7780 704 1
7781 543 0
7782 149 1
7783 14 1
7784 810 1
7785 779 1
7786 540 1
7787 275 1
7788 435 1
7789 535 1
7790 271 1
7791 151 1
7792 644 1
7793 320 0
7794 683 1
7795 252 1
7796 593 1
7797 85 1
7798 415 1
7799 271 0
7800 386 1
7801 555 0
7802 733 1
7803 248 1
7804 182 0
7805 761 1
7806 254 0
7807 152 0
7808 735 0
7809 342 0
7810 616 1
7811 122 1
7812 576 1
7813 81 0
7814 61 1
7815 100 0
7816 345 0
7817 70 1
7818 429 0
7819 131 1
7820 44 1
7821 574 1
7822 502 0
7823 707 1
7824 142 0
7825 540 0
7826 585 1
7827 96 1
7828 624 0
7829 37 1
7830 40 1
7831 643 0
7832 549 0
7833 160 1
7834 787 1
7835 286 0
7836 694 1
7837 639 0
7838 529 0
7839 318 1
7840 280 1
7841 371 0
7842 462 0
7843 157 0
7844 155 0
7845 468 1
7846 87 0
7847 335 0
7848 767 1
7849 556 0
7850 298 1
7851 269 1
7852 645 1
7853 73 0
7854 139 1
7855 788 0
7856 191 1
7857 473 1
7858 324 1
7859 436 1
7860 334 1
7861 430 0
7862 713 0
7863 0 1
7864 772 1
7865 350 1
7866 96 0
7867 514 1
7868 469 1
7869 45 1
7870 488 1
7871 784 0
7872 121 1
7873 274 1
7874 584 1
7875 681 1
7876 312 0
7877 37 1
7878 6 0
7879 634 1
7880 673 1
7881 300 0
7882 300 1
7883 208 0
7884 344 1
7885 320 0
7886 28 1
7887 209 0
7888 490 1
7889 105 0
7890 704 0
7891 690 1
7892 27 0
7893 415 1
7894 520 0
7895 322 0
7896 162 1
7897 92 1
7898 624 1
7899 174 1
7900 308 1
7901 499 0
7902 296 0
7903 563 1
7904 702 1
7905 313 1
7906 152 1
7907 552 0
7908 672 0
7909 781 0
7910 146 1
7911 515 1
7912 99 0
7913 526 1
7914 417 1
7915 145 1
7916 460 1
7917 326 1
7918 49 1
7919 239 0
7920 501 1
7921 288 1
7922 497 1
7923 588 0
7924 750 1
7925 492 1
7926 601 0
7927 148 1
7928 67 1
7929 121 1
7930 72 1
7931 720 0
7932 665 1
7933 798 0
7934 310 1
7935 409 1
7936 287 1
7937 407 1
7938 724 1
7939 83 1
7940 493 1
7941 501 1
7942 35 1
7943 736 1
7944 265 0
7945 586 1
7946 66 0
7947 379 1
7948 482 1
7949 389 0
7950 99 1
7951 546 1
7952 682 1
7953 112 1
7954 400 1
7955 197 1
7956 36 0
7957 116 1
7958 289 0
7959 173 1
7960 407 1
7961 402 1
7962 763 0
7963 148 1
7964 656 1
7965 412 1
7966 522 1
7967 83 1
7968 363 0
7969 494 1
7970 715 1
7971 598 1
7972 332 1
7973 578 1
7974 263 1
7975 119 1
7976 453 1
7977 655 1
7978 0 1
7979 23 1
7980 37 1
7981 109 0
7982 658 1
7983 460 1
7984 712 0
7985 158 0
7986 20 1
7987 62 1
7988 167 1
7989 162 1
7990 334 0
7991 612 0
7992 312 1
7993 133 0
7994 767 1
7995 480 1
7996 102 1
7997 305 1
7998 292 1
7999 724 1
8000 661 1
8001 70 1
8002 336 1
8003 790 1
8004 528 0
8005 445 1
8006 743 0
8007 592 1
8008 208 0
8009 310 1
8010 392 1
8011 476 1
8012 77 0
8013 766 1
8014 488 0
8015 71 1
8016 257 1
8017 773 1
8018 597 1
8019 608 1
8020 154 0
8021 117 0
8022 239 0
8023 82 1
8024 132 0
8025 119 0
8026 693 1
8027 774 1
8028 318 1
8029 649 1
8030 347 1
8031 652 1
8032 372 1
8033 140 1
8034 60 0
8035 224 1
8036 743 0
8037 54 0
8038 561 1
8039 126 1
8040 607 1
8041 728 0
8042 595 1
8043 199 1
8044 359 1
8045 416 1
8046 266 1
8047 7 0
8048 624 1
8049 549 1
8050 406 1
8051 654 1
8052 626 0
8053 16 1
8054 110 0
8055 578 0
8056 143 1
8057 146 1
8058 124 1
8059 349 0
8060 704 0
8061 454 1
8062 777 1
8063 550 0
8064 120 1
8065 214 0
8066 570 1
8067 373 1
8068 30 1
8069 268 1
8070 288 0
8071 613 0
8072 281 1
8073 112 1
8074 47 0
8075 154 1
8076 170 1
8077 418 1
8078 12 0
8079 722 1
8080 764 1
8081 737 1
8082 502 1
8083 660 1
8084 442 1
8085 183 0
8086 716 1
8087 349 1
8088 742 0
8089 100 1
8090 678 1
8091 237 0
8092 49 0
8093 169 1
8094 320 1
8095 517 1
8096 525 1
8097 794 1
8098 494 1
8099 257 1
8100 512 0
8101 41 1
8102 178 1
8103 355 0
8104 361 0
8105 407 1
8106 709 0
8107 17 1
8108 810 1
8109 330 0
8110 588 1
8111 589 1
8112 799 1
8113 25 1
8114 722 0
8115 359 0
8116 232 0
8117 346 0
8118 55 1
8119 272 1
8120 98 1
8121 398 1
8122 266 1
8123 263 1
8124 358 0
8125 335 1
8126 138 0
8127 189 0
8128 192 1
8129 115 0
8130 251 1
8131 32 0
8132 139 1
8133 648 0
8134 22 0
8135 611 0
8136 787 0
8137 683 0
8138 612 1
8139 13 0
8140 482 1
8141 46 1
8142 215 1
8143 255 0
8144 204 1
8145 19 1
8146 355 1
8147 693 1
8148 754 1
8149 689 1
8150 390 1
8151 652 1
8152 439 0
8153 114 1
8154 411 1
8155 719 0
8156 231 0
8157 456 1
8158 510 1
8159 609 1
8160 592 1
8161 356 1
8162 191 0
8163 630 1
8164 274 0
8165 663 0
8166 504 1
8167 784 1
8168 781 0
8169 691 0
8170 781 1
8171 215 1
8172 59 0
8173 400 1
8174 79 1
8175 470 0
8176 13 1
8177 562 1
8178 572 1
8179 91 0
8180 395 1
8181 453 1
8182 199 0
8183 784 1
8184 264 1
8185 57 1
8186 202 1
8187 754 1
8188 698 0
8189 18 1
8190 539 1
8191 391 0
8192 12 1
8193 266 1
8194 29 1
8195 128 0
8196 621 1
8197 266 1
8198 760 0
8199 498 1
8200 411 1
8201 767 1
8202 14 1
8203 630 1
8204 806 1
8205 755 1
8206 403 1
8207 594 1
8208 797 1
8209 510 1
8210 727 0
8211 193 1
8212 162 1
8213 298 0
8214 208 0
8215 77 1
8216 539 1
8217 742 1
8218 250 1
8219 531 1
8220 474 0
8221 775 1
8222 562 0
8223 234 1
8224 113 1
8225 314 1
8226 326 0
8227 318 1
8228 723 1
8229 353 1
8230 355 1
8231 247 0
8232 785 1
8233 714 0
8234 491 0
8235 221 0
8236 661 0
8237 784 0
8238 250 0
8239 466 0
8240 706 1
8241 146 1
8242 230 0
8243 462 0
8244 590 0
8245 581 0
8246 188 0
8247 538 0
8248 192 1
8249 706 1
8250 626 1
8251 346 0
8252 52 0
8253 149 1
8254 523 1
8255 421 1
8256 338 0
8257 390 1
8258 541 1
8259 464 0
8260 611 0
8261 774 1
8262 3 1
8263 470 1
8264 125 1
8265 388 1
8266 477 1
8267 736 1
8268 807 1
8269 587 0
8270 688 1
8271 444 1
8272 272 1
8273 292 0
8274 629 1
8275 396 1
8276 498 1
8277 169 1
8278 44 0
8279 206 1
8280 189 0
8281 677 1
8282 271 1
8283 705 1
8284 428 0
8285 293 0
8286 752 0
8287 27 1
8288 758 1
8289 289 0
8290 585 1
8291 757 1
8292 231 0
8293 282 0
8294 752 0
8295 200 0
8296 594 1
8297 59 1
8298 175 1
8299 641 1
8300 754 1
8301 417 0
8302 45 1
8303 415 0
8304 274 1
8305 643 1
8306 578 1
8307 641 1
8308 456 1
8309 594 1
8310 109 1
8311 34 1
8312 124 1
8313 21 0
8314 369 1
8315 658 1
8316 538 0
8317 514 0
8318 217 1
8319 651 0
8320 9 1
8321 294 1
8322 257 1
8323 93 1
8324 310 1
8325 51 1
8326 179 0
8327 633 1
8328 503 1
8329 603 1
8330 258 0
8331 124 0
8332 221 1
8333 321 1
8334 756 0
8335 685 0
8336 642 1
8337 49 1
8338 611 1
8339 309 0
8340 584 0
8341 284 1
8342 202 1
8343 10 1
8344 514 1
8345 519 1
8346 572 1
8347 511 1
8348 469 1
8349 741 0
8350 747 0
8351 687 1
8352 290 1
8353 172 1
8354 633 1
8355 766 1
8356 598 0
8357 679 1
8358 664 1
8359 202 1
8360 812 0
8361 648 1
8362 551 1
8363 629 1
8364 120 1
8365 130 1
8366 682 0
8367 141 1
8368 251 0
8369 3 0
8370 306 1
