1193
1 387 0
2 10 1
3 460 0
4 266 0
5 256 0
6 67 0
7 272 1
8 323 1
9 478 1
10 236 0
11 349 0
12 372 1
13 173 1
14 88 0
15 212 1
16 421 1
17 76 0
18 432 1
19 301 0
20 138 0
21 198 1
22 358 0
23 215 1
24 39 0
25 67 0
26 175 0
27 468 1
28 165 0
29 479 1
30 245 1
31 50 1
32 317 1
33 273 1
34 7 0
35 135 1
36 138 1
37 13 1
38 466 0
39 353 0
40 97 1
41 274 1
42 13 1
43 164 1
44 241 0
45 262 0
46 361 1
47 10 0
48 101 0
49 116 0
50 33 1
51 235 0
52 247 1
53 12 0
54 139 0
55 224 1
56 279 1
57 339 0
58 98 0
59 132 0
60 173 1
61 1 1
62 369 1
63 388 0
64 444 1
65 72 1
66 248 1
67 311 1
68 387 1
69 383 0
70 351 1
71 106 1
72 451 1
73 98 1
74 293 0
75 233 1
76 456 1
77 7 0
78 394 1
79 301 1
80 74 1
81 174 1
82 25 0
83 480 1
84 471 1
85 113 1
86 160 1
87 309 0
88 327 0
89 17 1
90 469 0
91 262 0
92 146 1
93 269 1
94 9 0
95 406 0
96 457 1
97 69 1
98 240 1
99 239 0
100 270 1
101 390 1
102 403 1
103 385 0
104 282 0
105 39 1
106 315 0
107 195 1
108 402 1
109 347 1
110 61 1
111 158 0
112 21 1
113 176 0
114 438 0
115 148 1
116 431 1
117 483 1
118 244 1
119 253 1
120 447 0
121 453 1
122 424 1
123 81 1
124 457 1
125 96 1
126 38 0
127 212 0
128 143 1
129 301 1
130 466 0
131 147 1
132 162 1
133 420 1
134 188 1
135 278 1
136 309 1
137 254 1
138 237 1
139 417 1
140 108 1
141 70 0
142 429 0
143 355 1
144 184 0
145 11 1
146 449 1
147 405 1
148 451 0
149 363 1
150 355 1
151 449 0
152 398 1
153 254 0
154 215 1
155 188 1
156 42 1
157 301 1
158 54 1
159 219 1
160 170 0
161 63 1
162 51 1
163 407 1
164 468 1
165 317 1
166 437 1
167 344 0
168 476 1
169 159 1
170 446 1
171 359 1
172 437 1
173 135 1
174 174 1
175 391 1
176 416 1
177 309 1
178 416 1
179 314 1
180 343 1
181 78 1
182 403 1
183 303 1
184 196 1
185 428 1
186 472 0
187 306 1
188 474 1
189 88 1
190 309 0
191 337 1
192 109 1
193 50 1
194 50 0
195 266 1
196 170 1
197 30 1
198 429 1
199 311 1
200 141 0
201 125 0
202 384 0
203 380 1
204 385 1
205 194 1
206 292 0
207 109 0
208 35 1
209 101 1
210 186 0
211 310 1
212 56 1
213 274 1
214 188 1
215 454 1
216 13 0
217 286 0
218 354 1
219 430 0
220 479 0
221 123 0
222 13 0
223 347 0
224 53 1
225 284 1
226 159 1
227 427 0
228 448 1
229 213 0
230 462 1
231 140 1
232 104 1
233 365 1
234 268 1
235 56 1
236 276 0
237 206 0
238 73 1
239 1 1
240 345 1
241 197 1
242 392 0
243 64 1
244 13 1
245 165 1
246 290 1
247 125 0
248 226 1
249 197 0
250 142 1
251 417 1
252 94 1
253 53 1
254 352 1
255 125 0
256 339 0
257 59 0
258 121 0
259 260 0
260 233 0
261 441 1
262 225 0
263 261 1
264 232 1
265 289 1
266 56 1
267 455 0
268 18 0
269 149 0
270 393 1
271 242 0
272 89 0
273 470 0
274 88 1
275 176 1
276 331 0
277 19 1
278 189 0
279 351 1
280 83 1
281 458 1
282 35 1
283 122 1
284 279 1
285 85 0
286 39 0
287 93 0
288 123 0
289 339 0
290 150 1
291 363 1
292 307 1
293 382 1
294 6 1
295 93 0
296 63 0
297 61 0
298 321 1
299 301 0
300 434 0
301 130 1
302 207 1
303 115 0
304 448 1
305 372 1
306 144 0
307 424 0
308 292 1
309 440 0
310 229 1
311 220 0
312 428 0
313 52 0
314 444 0
315 207 1
316 402 1
317 378 1
318 53 1
319 284 1
320 122 0
321 444 0
322 80 0
323 210 1
324 363 1
325 15 1
326 41 0
327 228 1
328 178 1
329 394 0
330 296 0
331 358 1
332 432 1
333 483 0
334 404 1
335 331 1
336 111 1
337 285 1
338 14 1
339 77 1
340 320 1
341 314 1
342 159 1
343 175 1
344 485 1
345 304 1
346 346 1
347 337 1
348 86 1
349 291 1
350 444 0
351 191 0
352 255 0
353 91 1
354 146 1
355 477 1
356 410 1
357 172 1
358 191 0
359 250 1
360 91 0
361 146 1
362 391 1
363 243 1
364 161 1
365 311 1
366 331 1
367 337 0
368 322 0
369 199 1
370 428 1
371 448 1
372 325 1
373 264 0
374 311 1
375 368 1
376 244 1
377 184 0
378 342 1
379 457 1
380 454 1
381 285 0
382 128 1
383 229 0
384 76 1
385 263 1
386 281 1
387 199 0
388 188 0
389 467 1
390 153 1
391 76 1
392 37 1
393 207 0
394 350 1
395 228 0
396 121 1
397 448 1
398 310 1
399 43 0
400 281 1
401 235 0
402 192 0
403 26 1
404 73 1
405 54 0
406 185 1
407 454 0
408 223 1
409 433 1
410 183 1
411 66 0
412 180 1
413 384 1
414 367 0
415 390 1
416 396 1
417 386 1
418 234 0
419 313 1
420 249 0
421 364 1
422 329 1
423 318 1
424 19 1
425 301 0
426 101 0
427 337 1
428 226 1
429 116 0
430 323 1
431 247 0
432 306 1
433 334 0
434 389 1
435 23 0
436 358 0
437 247 1
438 63 1
439 97 0
440 175 0
441 115 1
442 110 0
443 220 1
444 348 1
445 422 1
446 187 1
447 248 1
448 329 1
449 210 0
450 86 0
451 45 0
452 283 1
453 477 1
454 202 1
455 429 0
456 317 1
457 316 1
458 3 1
459 425 1
460 48 1
461 368 1
462 55 1
463 392 0
464 56 1
465 278 0
466 10 1
467 249 1
468 446 1
469 154 1
470 158 1
471 370 1
472 134 1
473 246 0
474 229 0
475 321 0
476 206 1
477 344 1
478 162 1
479 308 1
480 195 0
481 23 1
482 84 1
483 13 1
484 343 0
485 36 1
486 412 0
487 2 1
488 268 0
489 198 0
490 412 1
491 119 0
492 65 0
493 392 1
494 57 0
495 108 0
496 461 1
497 289 1
498 65 0
499 420 1
500 300 1
501 422 1
502 207 1
503 117 1
504 165 1
505 148 1
506 178 0
507 221 0
508 393 0
509 450 1
510 2 1
511 46 0
512 351 1
513 184 1
514 469 1
515 338 0
516 405 0
517 171 0
518 360 0
519 432 1
520 116 1
521 447 1
522 23 0
523 199 1
524 458 1
525 41 1
526 65 1
527 99 1
528 86 1
529 177 1
530 232 1
531 13 1
532 452 0
533 107 1
534 472 0
535 26 1
536 295 1
537 57 1
538 318 1
539 79 0
540 81 1
541 93 0
542 40 1
543 55 1
544 308 1
545 343 1
546 411 0
547 35 1
548 372 1
549 363 0
550 25 1
551 121 1
552 39 0
553 471 0
554 415 1
555 477 1
556 333 1
557 135 0
558 276 1
559 161 1
560 424 1
561 469 1
562 206 1
563 68 1
564 477 1
565 111 1
566 483 1
567 485 1
568 243 1
569 54 1
570 26 0
571 330 1
572 446 1
573 395 1
574 169 0
575 482 1
576 236 1
577 285 1
578 143 1
579 196 1
580 447 1
581 128 1
582 371 1
583 459 0
584 258 1
585 448 1
586 220 1
587 475 1
588 100 0
589 76 1
590 114 1
591 207 1
592 197 1
593 455 1
594 21 1
595 453 1
596 303 1
597 87 0
598 53 0
599 464 0
600 403 1
601 109 1
602 60 0
603 146 0
604 311 0
605 261 0
606 443 1
607 120 1
608 137 1
609 474 0
610 402 0
611 458 1
612 367 1
613 68 0
614 435 1
615 75 0
616 301 1
617 319 1
618 112 1
619 352 1
620 181 1
621 193 1
622 258 1
623 441 1
624 233 1
625 66 1
626 213 0
627 198 1
628 244 1
629 344 1
630 142 1
631 375 1
632 435 1
633 148 1
634 334 0
635 315 1
636 121 1
637 316 0
638 166 1
639 287 1
640 42 1
641 379 1
642 53 0
643 11 1
644 188 1
645 3 1
646 438 1
647 436 1
648 247 1
649 278 1
650 261 0
651 441 0
652 128 1
653 105 1
654 371 1
655 38 1
656 407 1
657 332 1
658 339 1
659 102 1
660 361 1
661 34 1
662 145 1
663 212 1
664 230 1
665 317 1
666 428 1
667 48 0
668 373 0
669 195 0
670 376 0
671 334 1
672 482 1
673 101 1
674 353 1
675 355 1
676 457 1
677 371 1
678 35 0
679 338 0
680 249 1
681 101 1
682 272 1
683 91 0
684 134 1
685 396 1
686 351 0
687 151 1
688 253 1
689 343 1
690 287 0
691 179 1
692 432 1
693 204 0
694 478 1
695 245 1
696 56 1
697 430 1
698 327 0
699 466 1
700 153 1
701 315 1
702 132 1
703 26 1
704 64 1
705 337 1
706 411 1
707 271 0
708 410 1
709 167 1
710 194 1
711 154 1
712 421 0
713 240 1
714 282 1
715 66 1
716 108 1
717 114 1
718 24 1
719 458 1
720 171 1
721 101 1
722 168 0
723 283 1
724 24 0
725 324 1
726 39 0
727 130 1
728 238 1
729 66 1
730 420 1
731 448 1
732 176 1
733 432 1
734 365 1
735 119 1
736 55 0
737 464 0
738 87 1
739 145 1
740 55 1
741 478 1
742 292 1
743 386 0
744 322 1
745 226 1
746 246 0
747 446 1
748 94 1
749 454 1
750 138 1
751 341 0
752 457 1
753 247 1
754 409 0
755 486 1
756 375 1
757 221 1
758 429 0
759 373 1
760 234 0
761 12 0
762 130 1
763 248 1
764 194 0
765 347 1
766 133 1
767 39 0
768 181 0
769 160 0
770 24 0
771 230 1
772 298 1
773 73 1
774 234 1
775 166 1
776 389 1
777 125 1
778 469 0
779 406 1
780 419 0
781 340 1
782 129 1
783 0 1
784 329 1
785 245 1
786 300 1
787 245 1
788 271 0
789 352 1
790 277 1
791 150 1
792 360 0
793 361 0
794 310 1
795 180 1
796 378 1
797 139 0
798 76 0
799 331 1
800 281 1
801 420 0
802 395 0
803 206 0
804 328 1
805 348 1
806 84 1
807 447 1
808 435 1
809 130 1
810 432 1
811 331 0
812 6 1
813 344 1
814 273 0
815 318 1
816 277 1
817 479 0
818 410 1
819 196 0
820 251 0
821 31 1
822 217 1
823 292 1
824 461 1
825 423 1
826 225 1
827 243 1
828 83 1
829 314 0
830 119 1
831 85 1
832 377 1
833 244 1
834 425 0
835 213 1
836 160 1
837 355 0
838 385 1
839 374 1
840 244 1
841 111 0
842 240 1
843 46 1
844 117 1
845 341 1
846 168 1
847 464 1
848 166 1
849 21 1
850 5 1
851 443 0
852 142 1
853 374 1
854 303 1
855 62 0
856 233 1
857 192 0
858 190 1
859 141 1
860 430 0
861 205 1
862 84 1
863 150 1
864 234 1
865 186 1
866 238 0
867 385 1
868 284 1
869 82 0
870 195 1
871 310 0
872 149 1
873 247 1
874 85 1
875 308 1
876 215 1
877 288 0
878 40 0
879 381 1
880 442 0
881 8 1
882 371 0
883 235 1
884 10 0
885 418 1
886 293 0
887 465 0
888 406 1
889 444 0
890 276 1
891 181 0
892 442 1
893 453 1
894 83 1
895 419 1
896 90 1
897 380 1
898 483 1
899 124 1
900 108 1
901 360 1
902 446 1
903 188 1
904 226 1
905 31 1
906 74 0
907 338 0
908 174 0
909 342 1
910 483 1
911 127 0
912 195 1
913 211 1
914 298 1
915 28 1
916 52 1
917 152 1
918 390 1
919 38 1
920 148 0
921 145 1
922 261 0
923 82 1
924 131 1
925 207 1
926 193 1
927 364 1
928 17 1
929 411 1
930 85 0
931 384 1
932 172 0
933 467 1
934 370 1
935 36 1
936 237 0
937 85 0
938 326 0
939 278 1
940 85 1
941 247 1
942 482 1
943 11 1
944 361 0
945 477 1
946 205 1
947 415 1
948 404 1
949 115 1
950 393 1
951 319 1
952 481 1
953 304 1
954 233 1
955 122 0
956 412 0
957 428 1
958 156 1
959 250 1
960 36 0
961 308 1
962 278 1
963 282 0
964 124 1
965 314 1
966 211 0
967 323 1
968 212 1
969 357 0
970 235 1
971 257 1
972 192 0
973 80 1
974 300 1
975 210 1
976 403 1
977 410 1
978 416 0
979 51 1
980 264 1
981 232 1
982 342 1
983 25 0
984 208 1
985 6 1
986 374 1
987 435 1
988 293 1
989 90 0
990 191 0
991 275 1
992 162 1
993 450 1
994 403 1
995 124 0
996 211 1
997 0 1
998 425 1
999 114 0
1000 407 0
1001 421 1
1002 45 0
1003 35 1
1004 230 1
1005 277 1
1006 256 1
1007 359 1
1008 94 1
1009 2 0
1010 167 1
1011 339 0
1012 483 1
1013 107 1
1014 195 1
1015 398 1
1016 172 0
1017 71 1
1018 47 1
1019 387 0
1020 381 1
1021 211 0
1022 391 0
1023 231 1
1024 67 1
1025 157 0
1026 191 0
1027 275 0
1028 349 0
1029 270 1
1030 434 0
1031 4 0
1032 177 1
1033 167 0
1034 14 1
1035 14 1
1036 225 1
1037 377 0
1038 457 0
1039 446 0
1040 18 1
1041 420 0
1042 127 1
1043 59 0
1044 252 1
1045 365 0
1046 173 0
1047 467 1
1048 277 1
1049 87 1
1050 196 0
1051 348 1
1052 475 1
1053 64 1
1054 192 1
1055 144 1
1056 459 1
1057 250 1
1058 435 1
1059 237 0
1060 301 0
1061 380 1
1062 148 1
1063 169 1
1064 171 1
1065 378 0
1066 338 1
1067 132 1
1068 309 1
1069 116 1
1070 370 0
1071 55 1
1072 169 1
1073 272 0
1074 277 1
1075 299 0
1076 456 0
1077 397 1
1078 66 1
1079 204 1
1080 315 0
1081 266 1
1082 484 1
1083 324 1
1084 427 1
1085 152 1
1086 44 1
1087 165 0
1088 175 1
1089 481 1
1090 121 1
1091 375 1
1092 485 0
1093 357 0
1094 26 1
1095 451 0
1096 1 1
1097 339 0
1098 461 1
1099 136 0
1100 447 1
1101 224 0
1102 157 0
1103 50 1
1104 1 1
1105 130 1
1106 168 0
1107 44 0
1108 135 1
1109 380 1
1110 308 1
1111 165 1
1112 69 1
1113 139 1
1114 343 0
1115 275 0
1116 225 0
1117 458 0
1118 63 1
1119 59 1
1120 214 0
1121 17 1
1122 39 1
1123 210 1
1124 295 0
1125 484 1
1126 429 0
1127 256 1
1128 330 0
1129 54 1
1130 163 0
1131 470 1
1132 172 1
1133 115 1
1134 293 1
1135 130 0
1136 26 1
1137 64 1
1138 358 1
1139 388 1
1140 210 1
1141 431 1
1142 379 0
1143 163 1
1144 258 0
1145 389 0
1146 208 1
1147 154 1
1148 158 1
1149 446 0
1150 106 1
1151 134 0
1152 67 1
1153 346 0
1154 304 1
1155 254 1
1156 463 1
1157 328 1
1158 231 1
1159 240 1
1160 370 1
1161 255 1
1162 177 0
1163 302 1
1164 341 1
1165 448 1
1166 181 1
1167 241 1
1168 443 1
1169 337 1
1170 178 0
1171 437 0
1172 134 1
1173 173 0
1174 432 1
1175 30 1
1176 218 0
1177 69 0
1178 357 1
1179 74 1
1180 464 0
1181 321 1
1182 280 0
1183 238 1
1184 156 0
1185 476 0
1186 24 1
1187 152 1
1188 367 0
1189 355 1
1190 82 1
1191 289 1
1192 332 1
1193 39 1
