3872
1 109 0
2 46 1
3 109 1
4 15 1
5 31 1
6 91 0
7 16 1
8 76 1
9 18 1
10 52 0
11 41 0
12 3 0
13 80 0
14 22 1
15 85 1
16 30 1
17 84 1
18 81 0
19 10 1
20 67 1
21 72 1
22 47 1
23 82 0
24 5 1
25 75 1
26 70 1
27 8 1
28 87 1
29 101 0
30 25 1
31 99 1
32 48 1
33 14 0
34 96 1
35 107 1
36 0 1
37 93 0
38 39 1
39 53 0
40 47 1
41 36 1
42 17 0
43 21 1
44 74 1
45 43 0
46 87 1
47 96 1
48 97 1
49 36 1
50 17 0
51 70 1
52 94 0
53 6 1
54 110 1
55 0 0
56 11 1
57 104 1
58 22 1
59 14 0
60 26 1
61 78 1
62 82 1
63 20 1
64 56 0
65 85 1
66 22 0
67 84 1
68 38 1
69 20 0
70 32 1
71 24 1
72 110 1
73 65 1
74 84 0
75 59 1
76 78 1
77 47 1
78 82 1
79 51 0
80 5 0
81 43 0
82 11 1
83 26 0
84 100 1
85 79 1
86 61 0
87 5 1
88 3 1
89 22 0
90 91 1
91 80 0
92 100 1
93 41 0
94 25 1
95 100 1
96 7 1
97 52 1
98 41 1
99 9 1
100 66 0
101 103 1
102 22 0
103 17 1
104 61 1
105 106 1
106 3 1
107 33 1
108 33 1
109 6 1
110 56 0
111 83 1
112 20 0
113 75 1
114 95 0
115 85 0
116 56 1
117 8 0
118 9 0
119 97 1
120 59 1
121 105 1
122 108 1
123 107 0
124 43 0
125 31 0
126 49 1
127 45 1
128 20 0
129 65 0
130 87 0
131 107 1
132 109 0
133 104 1
134 24 0
135 20 1
136 12 0
137 86 0
138 94 0
139 92 1
140 26 0
141 67 0
142 8 1
143 27 0
144 11 0
145 85 1
146 72 1
147 72 0
148 79 1
149 20 1
150 96 1
151 68 1
152 54 1
153 58 1
154 9 1
155 6 1
156 104 0
157 52 1
158 75 1
159 23 1
160 2 0
161 66 1
162 72 0
163 28 1
164 85 1
165 26 1
166 88 1
167 8 0
168 72 1
169 62 0
170 100 1
171 58 0
172 83 0
173 88 1
174 20 1
175 15 0
176 50 0
177 39 0
178 43 0
179 104 1
180 56 0
181 29 1
182 47 0
183 57 1
184 97 0
185 31 0
186 70 1
187 62 1
188 89 1
189 82 1
190 40 1
191 73 1
192 61 1
193 43 1
194 61 1
195 62 1
196 48 0
197 91 1
198 11 1
199 46 1
200 99 1
201 25 0
202 108 1
203 42 1
204 15 0
205 77 0
206 52 1
207 29 1
208 93 1
209 99 0
210 102 1
211 102 1
212 83 1
213 76 1
214 10 1
215 32 1
216 82 1
217 108 1
218 85 0
219 47 1
220 105 1
221 39 0
222 105 1
223 41 0
224 22 0
225 14 0
226 20 0
227 105 0
228 88 1
229 86 0
230 75 1
231 89 0
232 6 1
233 59 0
234 8 1
235 23 1
236 60 1
237 41 0
238 12 1
239 25 0
240 52 1
241 100 1
242 44 1
243 6 0
244 46 1
245 2 1
246 42 1
247 49 0
248 2 1
249 81 1
250 44 1
251 6 1
252 48 1
253 101 1
254 12 1
255 36 0
256 54 0
257 78 1
258 1 1
259 2 1
260 8 1
261 110 1
262 31 1
263 39 1
264 39 0
265 95 0
266 55 0
267 70 1
268 31 1
269 105 1
270 16 1
271 100 1
272 100 0
273 103 0
274 35 1
275 90 1
276 103 1
277 86 0
278 71 0
279 108 0
280 76 1
281 76 0
282 76 1
283 66 0
284 37 1
285 32 0
286 25 1
287 6 1
288 24 0
289 5 1
290 44 1
291 43 0
292 66 1
293 1 0
294 84 1
295 19 1
296 85 1
297 12 1
298 71 1
299 40 0
300 72 1
301 103 0
302 28 1
303 1 1
304 100 1
305 52 1
306 94 0
307 11 0
308 106 1
309 9 1
310 5 1
311 71 0
312 64 0
313 22 0
314 95 1
315 74 0
316 17 1
317 43 0
318 109 1
319 39 1
320 43 1
321 73 0
322 69 1
323 9 1
324 90 1
325 85 0
326 99 1
327 15 1
328 10 1
329 70 1
330 93 1
331 103 1
332 34 1
333 38 1
334 72 0
335 72 1
336 50 1
337 75 0
338 60 0
339 73 0
340 95 1
341 76 1
342 34 1
343 77 0
344 11 1
345 91 1
346 63 1
347 45 1
348 0 1
349 20 1
350 101 1
351 69 1
352 68 1
353 101 0
354 110 0
355 108 0
356 104 1
357 8 1
358 106 0
359 12 0
360 3 1
361 104 1
362 68 1
363 54 1
364 63 1
365 81 0
366 48 1
367 88 1
368 13 0
369 74 1
370 83 0
371 107 1
372 86 1
373 44 0
374 30 0
375 81 1
376 42 1
377 41 1
378 54 1
379 9 0
380 103 1
381 54 0
382 71 1
383 98 0
384 109 1
385 38 0
386 16 0
387 98 1
388 90 1
389 14 0
390 81 1
391 35 0
392 51 0
393 4 0
394 54 1
395 54 1
396 97 1
397 29 1
398 21 1
399 82 1
400 71 0
401 42 1
402 36 1
403 20 1
404 54 0
405 17 0
406 70 0
407 88 1
408 71 0
409 57 1
410 47 1
411 54 1
412 42 0
413 31 0
414 93 1
415 83 1
416 5 1
417 23 1
418 36 1
419 109 1
420 18 0
421 55 0
422 9 0
423 91 0
424 14 0
425 88 1
426 31 0
427 35 0
428 56 1
429 78 0
430 61 1
431 25 1
432 57 1
433 108 1
434 32 0
435 66 1
436 62 1
437 20 0
438 95 1
439 93 0
440 91 1
441 0 1
442 43 1
443 78 1
444 94 1
445 71 1
446 37 1
447 52 1
448 34 0
449 71 1
450 96 0
451 110 1
452 30 1
453 61 0
454 72 0
455 13 1
456 55 1
457 57 1
458 94 1
459 79 1
460 63 1
461 64 1
462 24 1
463 78 0
464 107 1
465 7 1
466 57 0
467 22 0
468 77 1
469 103 1
470 68 1
471 32 1
472 64 0
473 51 0
474 48 1
475 67 1
476 51 0
477 42 0
478 77 1
479 16 0
480 99 0
481 48 1
482 22 1
483 23 1
484 95 1
485 79 0
486 13 1
487 64 1
488 83 1
489 15 1
490 68 1
491 73 1
492 43 0
493 83 1
494 66 1
495 76 1
496 4 1
497 41 1
498 76 0
499 67 1
500 20 1
501 1 0
502 88 0
503 53 0
504 3 0
505 74 1
506 91 1
507 79 1
508 34 1
509 77 1
510 33 1
511 95 1
512 48 1
513 57 1
514 31 0
515 74 0
516 101 1
517 79 0
518 23 1
519 80 0
520 89 1
521 39 1
522 73 0
523 85 0
524 53 1
525 89 1
526 35 1
527 6 0
528 93 0
529 38 1
530 18 1
531 58 1
532 71 0
533 28 0
534 47 0
535 3 1
536 34 1
537 87 1
538 44 1
539 45 0
540 106 1
541 13 0
542 39 1
543 47 0
544 25 1
545 27 1
546 81 1
547 104 1
548 53 1
549 17 0
550 70 1
551 8 1
552 57 1
553 43 1
554 91 1
555 28 0
556 105 0
557 50 1
558 61 1
559 47 1
560 73 0
561 71 0
562 102 1
563 25 0
564 26 1
565 27 1
566 56 1
567 83 0
568 73 1
569 96 1
570 38 1
571 22 1
572 107 0
573 59 1
574 59 1
575 26 1
576 63 1
577 5 1
578 43 1
579 92 1
580 66 0
581 99 0
582 96 1
583 59 1
584 80 1
585 105 1
586 51 0
587 92 0
588 29 1
589 97 1
590 28 1
591 51 1
592 102 1
593 28 1
594 80 1
595 37 1
596 70 0
597 40 0
598 39 1
599 107 1
600 84 0
601 16 1
602 58 0
603 12 1
604 89 1
605 6 1
606 4 0
607 39 1
608 108 1
609 75 1
610 70 1
611 54 0
612 80 0
613 78 1
614 23 0
615 68 1
616 5 1
617 73 1
618 22 0
619 91 0
620 18 0
621 59 1
622 38 1
623 12 1
624 107 0
625 1 1
626 30 1
627 37 1
628 31 1
629 59 0
630 19 1
631 103 0
632 42 0
633 28 1
634 32 1
635 6 1
636 41 1
637 67 1
638 105 1
639 3 1
640 107 1
641 109 1
642 53 1
643 19 1
644 92 1
645 28 0
646 89 1
647 18 1
648 78 0
649 26 1
650 49 1
651 102 0
652 98 0
653 110 1
654 78 1
655 24 0
656 110 0
657 95 0
658 110 1
659 78 0
660 75 0
661 86 1
662 8 1
663 74 1
664 33 1
665 26 1
666 74 0
667 54 1
668 17 1
669 95 1
670 107 1
671 53 0
672 83 1
673 100 1
674 92 0
675 108 1
676 55 1
677 51 0
678 70 1
679 90 0
680 108 1
681 16 0
682 76 1
683 74 1
684 65 0
685 12 1
686 8 1
687 109 1
688 43 0
689 56 1
690 107 0
691 23 1
692 78 1
693 56 1
694 30 1
695 29 1
696 94 0
697 98 1
698 57 0
699 86 0
700 62 0
701 13 1
702 53 0
703 44 1
704 52 1
705 63 1
706 94 1
707 93 1
708 101 1
709 39 1
710 68 0
711 47 0
712 107 1
713 103 1
714 90 1
715 5 1
716 66 1
717 104 1
718 24 0
719 47 1
720 19 0
721 6 1
722 26 0
723 5 1
724 21 0
725 89 1
726 107 0
727 22 0
728 53 1
729 98 0
730 33 1
731 7 1
732 4 1
733 102 1
734 31 0
735 45 1
736 89 1
737 106 1
738 86 0
739 72 0
740 97 1
741 78 1
742 17 0
743 27 1
744 55 0
745 96 1
746 110 0
747 70 1
748 45 0
749 84 1
750 40 0
751 69 0
752 64 0
753 74 1
754 5 1
755 87 0
756 86 1
757 78 1
758 95 1
759 56 1
760 1 1
761 61 1
762 85 1
763 57 0
764 23 1
765 90 0
766 101 1
767 82 1
768 105 1
769 93 1
770 23 1
771 95 0
772 5 1
773 36 0
774 50 1
775 21 1
776 74 1
777 46 1
778 45 1
779 61 1
780 74 0
781 73 1
782 81 0
783 60 1
784 84 1
785 16 1
786 46 1
787 39 0
788 4 1
789 41 1
790 56 1
791 100 0
792 28 1
793 61 1
794 20 0
795 23 0
796 104 1
797 100 1
798 24 1
799 39 1
800 27 1
801 97 1
802 107 1
803 14 1
804 42 0
805 49 1
806 53 1
807 0 1
808 66 1
809 95 1
810 13 1
811 10 1
812 97 0
813 81 0
814 43 0
815 59 0
816 64 0
817 84 1
818 5 1
819 2 1
820 89 1
821 27 1
822 82 0
823 1 1
824 81 1
825 12 1
826 37 1
827 101 0
828 75 0
829 34 1
830 21 1
831 70 0
832 73 0
833 28 1
834 24 0
835 7 0
836 75 0
837 85 1
838 55 1
839 25 0
840 64 1
841 62 1
842 53 1
843 67 1
844 6 0
845 17 1
846 77 0
847 54 0
848 13 1
849 0 1
850 53 1
851 33 1
852 36 1
853 5 0
854 35 0
855 110 1
856 60 1
857 83 0
858 107 0
859 72 1
860 82 1
861 22 0
862 59 1
863 22 1
864 99 1
865 51 0
866 83 1
867 104 0
868 32 1
869 92 1
870 21 0
871 49 1
872 94 1
873 26 1
874 2 0
875 85 1
876 18 0
877 14 1
878 14 0
879 91 1
880 1 1
881 90 1
882 108 0
883 85 1
884 23 1
885 90 1
886 99 1
887 67 1
888 43 0
889 55 0
890 74 1
891 11 1
892 20 0
893 52 1
894 55 1
895 30 0
896 57 1
897 22 1
898 86 1
899 19 1
900 56 1
901 35 1
902 20 1
903 68 1
904 78 0
905 101 1
906 36 1
907 75 1
908 71 1
909 31 0
910 101 0
911 13 0
912 5 1
913 96 1
914 25 1
915 30 1
916 106 0
917 67 1
918 51 1
919 71 1
920 30 0
921 60 0
922 107 0
923 63 1
924 92 1
925 84 0
926 91 0
927 13 1
928 15 1
929 18 1
930 106 1
931 4 1
932 55 1
933 58 0
934 30 1
935 66 1
936 73 1
937 68 1
938 32 1
939 78 1
940 49 1
941 89 1
942 31 0
943 67 1
944 93 1
945 80 1
946 74 0
947 20 0
948 90 1
949 7 0
950 30 0
951 70 0
952 81 1
953 55 1
954 40 0
955 68 0
956 15 0
957 60 1
958 31 1
959 33 1
960 94 0
961 43 0
962 81 1
963 70 0
964 75 1
965 11 0
966 33 1
967 91 0
968 101 0
969 58 0
970 57 1
971 54 0
972 2 1
973 7 0
974 13 0
975 99 1
976 96 1
977 107 1
978 87 0
979 8 1
980 25 1
981 38 0
982 41 1
983 3 0
984 53 1
985 107 1
986 76 0
987 13 1
988 106 0
989 105 0
990 3 0
991 58 1
992 65 1
993 47 1
994 9 1
995 26 1
996 16 0
997 34 1
998 83 1
999 23 1
1000 98 0
1001 77 1
1002 62 0
1003 23 1
1004 53 1
1005 8 1
1006 51 1
1007 96 0
1008 61 1
1009 91 1
1010 28 0
1011 97 0
1012 71 1
1013 95 0
1014 109 1
1015 9 0
1016 78 1
1017 41 1
1018 8 0
1019 28 1
1020 75 1
1021 6 1
1022 95 0
1023 14 1
1024 16 1
1025 108 1
1026 53 1
1027 82 1
1028 4 1
1029 49 0
1030 14 0
1031 40 0
1032 28 0
1033 62 1
1034 88 0
1035 97 0
1036 61 1
1037 9 1
1038 87 1
1039 32 0
1040 12 1
1041 29 0
1042 14 1
1043 72 1
1044 59 1
1045 73 1
1046 62 0
1047 47 1
1048 26 1
1049 15 1
1050 24 1
1051 48 1
1052 97 1
1053 20 1
1054 23 1
1055 58 1
1056 24 0
1057 41 0
1058 81 1
1059 49 1
1060 6 1
1061 37 1
1062 8 0
1063 100 1
1064 77 1
1065 30 1
1066 51 1
1067 16 1
1068 77 1
1069 52 1
1070 83 1
1071 76 1
1072 28 1
1073 86 1
1074 2 1
1075 74 0
1076 88 0
1077 18 0
1078 85 1
1079 12 1
1080 56 1
1081 34 1
1082 3 1
1083 86 1
1084 29 1
1085 11 0
1086 78 0
1087 108 0
1088 87 1
1089 99 0
1090 100 1
1091 39 1
1092 62 1
1093 56 1
1094 57 1
1095 81 1
1096 52 1
1097 51 1
1098 108 1
1099 77 1
1100 105 0
1101 27 0
1102 57 1
1103 10 1
1104 100 0
1105 65 1
1106 1 1
1107 108 1
1108 103 0
1109 93 1
1110 64 1
1111 45 0
1112 3 0
1113 2 1
1114 5 0
1115 78 0
1116 49 1
1117 66 1
1118 11 1
1119 81 0
1120 67 0
1121 30 0
1122 81 1
1123 13 1
1124 23 0
1125 4 1
1126 105 1
1127 33 1
1128 29 1
1129 108 1
1130 48 1
1131 79 1
1132 10 1
1133 34 0
1134 51 0
1135 73 1
1136 33 1
1137 68 1
1138 13 1
1139 69 1
1140 19 1
1141 5 1
1142 64 0
1143 10 1
1144 67 0
1145 62 1
1146 75 0
1147 43 0
1148 6 1
1149 47 0
1150 75 1
1151 58 0
1152 53 1
1153 104 1
1154 38 0
1155 96 1
1156 76 1
1157 63 1
1158 82 1
1159 5 0
1160 73 1
1161 95 0
1162 91 1
1163 63 1
1164 98 1
1165 36 1
1166 60 0
1167 52 0
1168 103 0
1169 63 1
1170 48 1
1171 81 1
1172 91 1
1173 37 1
1174 100 0
1175 94 1
1176 103 0
1177 93 0
1178 99 1
1179 10 1
1180 97 0
1181 31 1
1182 23 1
1183 101 0
1184 63 1
1185 90 1
1186 43 1
1187 8 1
1188 87 0
1189 27 1
1190 28 1
1191 20 1
1192 81 0
1193 44 0
1194 100 0
1195 39 1
1196 94 1
1197 73 0
1198 88 1
1199 66 1
1200 58 1
1201 94 1
1202 47 1
1203 14 1
1204 36 0
1205 40 1
1206 44 0
1207 26 1
1208 63 1
1209 77 0
1210 7 1
1211 20 1
1212 69 1
1213 100 1
1214 98 1
1215 28 1
1216 41 1
1217 36 1
1218 54 1
1219 52 1
1220 25 0
1221 37 1
1222 42 0
1223 77 0
1224 67 1
1225 91 1
1226 101 1
1227 57 0
1228 34 0
1229 98 1
1230 94 0
1231 9 0
1232 20 1
1233 54 1
1234 30 1
1235 47 1
1236 29 1
1237 66 0
1238 81 0
1239 110 0
1240 16 1
1241 53 0
1242 31 1
1243 58 0
1244 39 0
1245 29 1
1246 55 0
1247 100 1
1248 76 1
1249 39 1
1250 32 1
1251 103 0
1252 105 0
1253 67 1
1254 83 1
1255 55 0
1256 39 1
1257 99 1
1258 49 1
1259 19 1
1260 33 1
1261 53 1
1262 79 1
1263 53 1
1264 78 1
1265 33 0
1266 2 1
1267 55 0
1268 76 1
1269 14 1
1270 71 1
1271 88 1
1272 7 0
1273 12 1
1274 64 1
1275 28 0
1276 20 1
1277 68 1
1278 64 1
1279 25 0
1280 95 1
1281 24 1
1282 24 1
1283 36 0
1284 84 1
1285 89 1
1286 60 1
1287 96 1
1288 84 1
1289 65 1
1290 21 1
1291 76 0
1292 4 1
1293 22 1
1294 36 0
1295 93 1
1296 106 0
1297 0 1
1298 79 0
1299 61 0
1300 27 1
1301 37 1
1302 48 0
1303 96 1
1304 13 0
1305 0 1
1306 26 0
1307 69 0
1308 102 1
1309 33 1
1310 29 0
1311 99 1
1312 14 1
1313 96 1
1314 77 1
1315 86 1
1316 28 1
1317 74 0
1318 88 1
1319 38 0
1320 44 1
1321 18 1
1322 107 0
1323 34 1
1324 69 1
1325 66 1
1326 75 1
1327 4 1
1328 96 1
1329 13 1
1330 89 1
1331 49 1
1332 54 1
1333 75 0
1334 65 0
1335 14 1
1336 34 1
1337 9 0
1338 62 0
1339 70 1
1340 52 0
1341 59 1
1342 21 0
1343 48 1
1344 105 1
1345 62 1
1346 50 0
1347 23 0
1348 65 1
1349 76 1
1350 94 0
1351 18 0
1352 6 0
1353 47 1
1354 65 1
1355 29 1
1356 25 0
1357 23 1
1358 92 1
1359 46 0
1360 74 0
1361 104 1
1362 108 1
1363 0 1
1364 108 1
1365 24 0
1366 49 1
1367 108 1
1368 63 1
1369 64 1
1370 44 0
1371 24 1
1372 11 1
1373 109 1
1374 1 1
1375 73 1
1376 41 0
1377 81 0
1378 76 1
1379 94 1
1380 40 1
1381 54 0
1382 102 0
1383 86 1
1384 90 1
1385 72 1
1386 74 0
1387 34 1
1388 77 1
1389 19 0
1390 76 0
1391 35 1
1392 100 1
1393 89 1
1394 80 0
1395 80 1
1396 80 0
1397 40 1
1398 17 0
1399 67 1
1400 47 1
1401 71 1
1402 58 0
1403 96 1
1404 78 1
1405 96 0
1406 38 1
1407 42 1
1408 19 1
1409 85 1
1410 35 1
1411 109 1
1412 72 1
1413 69 1
1414 46 0
1415 78 1
1416 98 1
1417 45 1
1418 85 1
1419 62 0
1420 87 1
1421 89 1
1422 9 0
1423 93 1
1424 34 1
1425 69 1
1426 63 1
1427 15 0
1428 99 0
1429 54 0
1430 43 1
1431 11 0
1432 1 0
1433 68 1
1434 87 1
1435 79 0
1436 8 1
1437 77 1
1438 19 1
1439 38 0
1440 67 1
1441 64 1
1442 58 1
1443 96 0
1444 45 1
1445 74 1
1446 54 1
1447 59 1
1448 31 1
1449 30 0
1450 87 1
1451 63 1
1452 108 1
1453 53 0
1454 81 1
1455 11 0
1456 30 1
1457 50 1
1458 95 0
1459 16 1
1460 69 1
1461 110 1
1462 65 0
1463 68 1
1464 67 1
1465 96 1
1466 90 1
1467 28 1
1468 18 0
1469 97 0
1470 55 1
1471 78 1
1472 13 0
1473 55 0
1474 46 1
1475 71 0
1476 104 0
1477 69 0
1478 10 1
1479 37 1
1480 6 1
1481 62 0
1482 71 1
1483 67 0
1484 53 1
1485 19 1
1486 44 1
1487 17 1
1488 55 1
1489 48 0
1490 27 1
1491 47 0
1492 72 0
1493 19 0
1494 24 1
1495 101 1
1496 79 1
1497 10 1
1498 83 1
1499 10 0
1500 12 1
1501 68 1
1502 8 1
1503 55 1
1504 100 1
1505 107 1
1506 52 0
1507 88 1
1508 42 1
1509 37 1
1510 105 1
1511 38 1
1512 72 0
1513 105 1
1514 59 1
1515 62 1
1516 27 1
1517 69 0
1518 106 0
1519 40 0
1520 57 0
1521 52 1
1522 73 1
1523 5 0
1524 77 0
1525 70 1
1526 62 0
1527 26 1
1528 91 0
1529 8 1
1530 70 1
1531 1 1
1532 32 1
1533 73 1
1534 25 1
1535 4 0
1536 91 0
1537 74 1
1538 26 1
1539 109 0
1540 4 1
1541 57 0
1542 60 0
1543 83 0
1544 38 1
1545 80 1
1546 104 1
1547 94 0
1548 34 1
1549 45 1
1550 0 0
1551 23 1
1552 105 1
1553 86 1
1554 60 1
1555 57 1
1556 36 0
1557 13 1
1558 80 1
1559 77 1
1560 19 0
1561 4 1
1562 62 0
1563 89 1
1564 95 1
1565 37 0
1566 13 1
1567 18 1
1568 41 0
1569 20 1
1570 71 1
1571 47 1
1572 22 1
1573 33 1
1574 99 1
1575 102 1
1576 40 0
1577 71 1
1578 34 1
1579 29 1
1580 13 1
1581 107 1
1582 68 0
1583 85 1
1584 53 1
1585 40 1
1586 64 1
1587 62 1
1588 90 0
1589 70 0
1590 88 1
1591 26 1
1592 108 0
1593 61 1
1594 87 1
1595 95 0
1596 38 1
1597 8 0
1598 40 1
1599 46 0
1600 21 1
1601 47 0
1602 57 1
1603 2 1
1604 87 1
1605 55 0
1606 16 1
1607 23 0
1608 8 0
1609 38 1
1610 4 0
1611 18 0
1612 54 1
1613 90 0
1614 1 0
1615 17 1
1616 47 0
1617 48 0
1618 108 1
1619 22 1
1620 5 1
1621 90 1
1622 99 0
1623 86 0
1624 27 1
1625 25 0
1626 87 1
1627 66 1
1628 10 1
1629 7 1
1630 65 0
1631 85 0
1632 83 1
1633 98 0
1634 14 1
1635 106 0
1636 27 0
1637 40 1
1638 87 1
1639 56 0
1640 81 0
1641 86 1
1642 13 1
1643 29 1
1644 80 1
1645 27 1
1646 3 1
1647 28 0
1648 75 1
1649 107 1
1650 76 1
1651 49 1
1652 76 1
1653 0 1
1654 46 1
1655 48 1
1656 78 0
1657 14 1
1658 6 0
1659 107 1
1660 22 0
1661 3 1
1662 76 0
1663 52 0
1664 99 1
1665 12 1
1666 92 0
1667 50 1
1668 40 1
1669 103 1
1670 48 0
1671 43 1
1672 5 1
1673 100 1
1674 43 1
1675 90 1
1676 2 1
1677 31 1
1678 66 0
1679 1 1
1680 72 1
1681 0 0
1682 76 1
1683 52 1
1684 42 1
1685 85 1
1686 84 0
1687 98 1
1688 68 0
1689 93 0
1690 66 1
1691 6 0
1692 107 1
1693 87 1
1694 61 1
1695 57 1
1696 44 0
1697 76 1
1698 49 1
1699 7 0
1700 2 1
1701 63 0
1702 103 0
1703 58 1
1704 20 0
1705 54 1
1706 107 1
1707 43 0
1708 91 1
1709 107 1
1710 102 1
1711 64 1
1712 52 0
1713 96 1
1714 40 1
1715 75 1
1716 78 1
1717 71 0
1718 20 0
1719 64 1
1720 52 1
1721 9 0
1722 61 1
1723 93 1
1724 65 1
1725 82 0
1726 24 1
1727 32 1
1728 59 0
1729 61 0
1730 3 1
1731 83 0
1732 105 0
1733 85 1
1734 107 1
1735 48 1
1736 98 1
1737 38 1
1738 102 1
1739 89 1
1740 43 1
1741 2 1
1742 89 0
1743 26 1
1744 45 1
1745 78 0
1746 106 1
1747 70 1
1748 28 1
1749 108 1
1750 24 0
1751 13 1
1752 43 0
1753 0 1
1754 5 0
1755 32 1
1756 90 1
1757 109 1
1758 63 1
1759 47 1
1760 105 1
1761 98 1
1762 110 1
1763 30 1
1764 43 0
1765 103 0
1766 13 0
1767 19 1
1768 102 1
1769 84 1
1770 49 1
1771 38 1
1772 33 1
1773 90 0
1774 1 1
1775 35 0
1776 34 1
1777 88 0
1778 20 0
1779 1 1
1780 28 0
1781 12 1
1782 103 1
1783 91 1
1784 43 0
1785 83 0
1786 4 0
1787 3 0
1788 46 1
1789 75 1
1790 61 1
1791 36 1
1792 14 1
1793 18 0
1794 74 1
1795 91 0
1796 65 1
1797 85 1
1798 17 1
1799 33 0
1800 64 0
1801 35 0
1802 68 1
1803 47 1
1804 13 0
1805 104 1
1806 3 1
1807 1 0
1808 95 1
1809 44 0
1810 91 1
1811 50 1
1812 10 1
1813 96 1
1814 83 0
1815 80 1
1816 18 1
1817 46 0
1818 94 1
1819 31 1
1820 45 1
1821 13 0
1822 106 1
1823 58 0
1824 85 1
1825 38 1
1826 9 1
1827 105 0
1828 46 0
1829 98 0
1830 102 1
1831 49 1
1832 13 0
1833 37 0
1834 19 1
1835 98 1
1836 34 0
1837 47 0
1838 66 0
1839 8 1
1840 90 1
1841 47 1
1842 68 1
1843 60 1
1844 73 1
1845 16 1
1846 57 0
1847 67 0
1848 42 0
1849 60 1
1850 61 0
1851 60 1
1852 99 1
1853 65 1
1854 42 1
1855 36 0
1856 2 0
1857 11 1
1858 66 0
1859 68 0
1860 1 1
1861 26 0
1862 31 1
1863 11 1
1864 86 1
1865 17 0
1866 60 1
1867 14 1
1868 73 1
1869 96 0
1870 36 0
1871 26 0
1872 45 1
1873 43 1
1874 102 1
1875 21 0
1876 25 1
1877 44 1
1878 82 1
1879 71 1
1880 67 1
1881 29 1
1882 54 1
1883 58 1
1884 5 1
1885 72 1
1886 5 1
1887 73 1
1888 18 1
1889 44 0
1890 58 0
1891 54 0
1892 106 0
1893 22 1
1894 94 1
1895 18 0
1896 63 1
1897 1 1
1898 31 1
1899 15 0
1900 95 1
1901 19 1
1902 16 1
1903 91 1
1904 98 0
1905 96 0
1906 83 1
1907 69 1
1908 19 1
1909 45 0
1910 66 0
1911 46 1
1912 51 0
1913 76 1
1914 99 1
1915 61 1
1916 9 1
1917 13 1
1918 3 0
1919 1 1
1920 11 1
1921 87 1
1922 78 1
1923 61 1
1924 19 1
1925 41 1
1926 52 1
1927 45 0
1928 16 1
1929 17 0
1930 43 0
1931 28 1
1932 47 1
1933 18 1
1934 80 1
1935 92 0
1936 7 1
1937 15 0
1938 107 0
1939 13 0
1940 65 1
1941 93 1
1942 24 1
1943 52 0
1944 90 1
1945 97 0
1946 88 1
1947 15 1
1948 101 1
1949 68 1
1950 105 1
1951 102 1
1952 0 1
1953 21 1
1954 76 1
1955 4 0
1956 82 1
1957 30 1
1958 7 1
1959 89 0
1960 33 1
1961 1 0
1962 83 1
1963 28 1
1964 42 0
1965 26 1
1966 86 1
1967 83 0
1968 17 0
1969 75 1
1970 80 1
1971 65 0
1972 0 1
1973 99 0
1974 60 0
1975 45 1
1976 94 0
1977 97 1
1978 3 0
1979 22 1
1980 51 1
1981 75 1
1982 8 1
1983 106 1
1984 93 0
1985 8 0
1986 84 0
1987 55 0
1988 50 1
1989 91 1
1990 62 1
1991 86 1
1992 12 1
1993 52 0
1994 79 1
1995 53 1
1996 65 1
1997 90 1
1998 59 1
1999 98 0
2000 38 1
2001 38 1
2002 61 1
2003 36 0
2004 18 1
2005 104 0
2006 34 1
2007 66 0
2008 33 1
2009 54 0
2010 24 1
2011 13 1
2012 7 0
2013 103 1
2014 71 0
2015 42 0
2016 79 1
2017 2 1
2018 55 1
2019 23 1
2020 47 1
2021 43 1
2022 89 1
2023 68 1
2024 58 1
2025 6 0
2026 60 0
2027 53 1
2028 58 0
2029 68 1
2030 18 0
2031 10 1
2032 72 1
2033 8 1
2034 44 0
2035 89 1
2036 42 1
2037 62 1
2038 13 1
2039 25 0
2040 83 0
2041 36 1
2042 97 0
2043 92 0
2044 17 1
2045 62 1
2046 41 0
2047 73 0
2048 78 0
2049 18 0
2050 47 1
2051 43 1
2052 11 0
2053 103 1
2054 66 1
2055 89 1
2056 94 1
2057 63 1
2058 96 1
2059 13 1
2060 35 0
2061 37 0
2062 30 1
2063 79 1
2064 15 1
2065 1 1
2066 35 1
2067 34 1
2068 32 1
2069 64 0
2070 36 1
2071 18 1
2072 49 0
2073 41 1
2074 15 0
2075 37 1
2076 72 1
2077 67 0
2078 8 1
2079 93 0
2080 74 1
2081 27 1
2082 80 1
2083 38 1
2084 28 0
2085 41 1
2086 27 0
2087 77 1
2088 30 1
2089 53 0
2090 4 1
2091 88 1
2092 47 1
2093 8 1
2094 21 1
2095 72 1
2096 26 0
2097 87 1
2098 101 1
2099 49 1
2100 51 1
2101 17 0
2102 92 0
2103 97 1
2104 43 1
2105 102 1
2106 11 1
2107 12 1
2108 65 1
2109 108 1
2110 4 0
2111 64 1
2112 110 1
2113 19 1
2114 100 1
2115 53 0
2116 41 1
2117 1 1
2118 105 1
2119 79 1
2120 19 1
2121 85 1
2122 38 0
2123 31 1
2124 53 1
2125 73 0
2126 97 1
2127 81 1
2128 1 1
2129 79 1
2130 50 1
2131 82 1
2132 32 0
2133 107 0
2134 64 1
2135 5 1
2136 34 1
2137 4 0
2138 71 0
2139 59 0
2140 4 1
2141 63 1
2142 40 1
2143 80 1
2144 15 1
2145 83 1
2146 62 0
2147 40 1
2148 21 0
2149 2 1
2150 53 0
2151 110 0
2152 92 0
2153 94 1
2154 31 1
2155 58 1
2156 56 0
2157 78 0
2158 96 1
2159 20 1
2160 36 1
2161 59 1
2162 41 1
2163 22 1
2164 18 0
2165 29 1
2166 25 1
2167 40 1
2168 25 0
2169 110 1
2170 59 1
2171 33 1
2172 61 1
2173 36 0
2174 47 1
2175 39 1
2176 42 0
2177 11 1
2178 80 0
2179 27 1
2180 103 1
2181 110 1
2182 79 0
2183 24 1
2184 5 1
2185 43 1
2186 15 0
2187 62 1
2188 18 1
2189 63 1
2190 37 0
2191 31 1
2192 83 1
2193 45 1
2194 10 1
2195 40 0
2196 11 0
2197 20 1
2198 21 0
2199 77 1
2200 1 1
2201 24 0
2202 86 0
2203 33 0
2204 67 1
2205 53 1
2206 81 1
2207 14 1
2208 68 1
2209 99 1
2210 13 0
2211 22 0
2212 10 0
2213 108 1
2214 79 1
2215 102 1
2216 84 0
2217 38 0
2218 43 0
2219 46 0
2220 50 0
2221 45 1
2222 14 1
2223 67 1
2224 59 0
2225 43 1
2226 25 0
2227 91 1
2228 101 1
2229 59 1
2230 52 0
2231 33 1
2232 7 1
2233 18 0
2234 25 1
2235 102 1
2236 105 1
2237 37 1
2238 37 0
2239 32 1
2240 101 1
2241 52 1
2242 82 1
2243 44 0
2244 9 0
2245 25 1
2246 95 0
2247 79 1
2248 70 1
2249 93 1
2250 104 1
2251 54 1
2252 11 1
2253 48 0
2254 78 1
2255 86 1
2256 96 0
2257 76 1
2258 0 0
2259 23 1
2260 106 1
2261 64 1
2262 47 1
2263 22 1
2264 13 1
2265 36 0
2266 89 1
2267 97 1
2268 12 1
2269 90 1
2270 55 1
2271 40 0
2272 27 1
2273 43 1
2274 8 0
2275 30 0
2276 107 0
2277 34 0
2278 10 1
2279 42 1
2280 1 1
2281 74 1
2282 110 1
2283 21 0
2284 88 0
2285 42 1
2286 0 1
2287 66 1
2288 81 0
2289 106 1
2290 57 1
2291 92 0
2292 62 1
2293 89 0
2294 12 0
2295 29 0
2296 41 0
2297 45 1
2298 45 1
2299 104 0
2300 1 0
2301 107 1
2302 0 0
2303 80 0
2304 54 1
2305 59 0
2306 43 1
2307 47 1
2308 48 1
2309 0 1
2310 98 1
2311 14 1
2312 14 1
2313 62 1
2314 68 1
2315 23 1
2316 83 0
2317 64 0
2318 74 1
2319 105 0
2320 50 1
2321 11 1
2322 86 0
2323 21 1
2324 76 0
2325 24 0
2326 102 0
2327 26 1
2328 40 1
2329 6 0
2330 25 1
2331 59 0
2332 100 1
2333 74 0
2334 98 1
2335 22 1
2336 63 1
2337 65 1
2338 25 1
2339 3 1
2340 49 1
2341 47 1
2342 8 1
2343 39 0
2344 44 1
2345 38 1
2346 67 1
2347 9 1
2348 51 1
2349 60 1
2350 93 1
2351 68 0
2352 49 1
2353 26 1
2354 50 0
2355 58 1
2356 50 1
2357 21 1
2358 61 1
2359 47 1
2360 98 1
2361 6 0
2362 65 1
2363 51 1
2364 91 1
2365 36 1
2366 76 1
2367 61 1
2368 9 1
2369 82 1
2370 57 0
2371 40 1
2372 17 1
2373 107 1
2374 63 0
2375 66 1
2376 63 1
2377 105 1
2378 80 0
2379 15 1
2380 98 1
2381 76 1
2382 38 0
2383 13 1
2384 106 1
2385 99 0
2386 7 1
2387 42 0
2388 30 1
2389 95 1
2390 76 1
2391 33 1
2392 64 1
2393 39 0
2394 13 0
2395 36 1
2396 47 1
2397 110 1
2398 20 0
2399 14 1
2400 100 0
2401 8 0
2402 82 1
2403 13 1
2404 31 0
2405 95 1
2406 49 1
2407 17 1
2408 37 0
2409 88 1
2410 52 1
2411 44 0
2412 7 1
2413 14 1
2414 48 0
2415 42 1
2416 82 1
2417 86 1
2418 43 1
2419 106 1
2420 39 1
2421 11 1
2422 48 0
2423 83 0
2424 26 0
2425 77 1
2426 15 1
2427 66 1
2428 47 0
2429 50 0
2430 101 1
2431 74 0
2432 26 0
2433 7 1
2434 91 1
2435 32 1
2436 86 1
2437 100 1
2438 64 1
2439 102 1
2440 74 1
2441 57 1
2442 71 1
2443 54 1
2444 26 0
2445 103 1
2446 79 1
2447 81 0
2448 57 1
2449 63 0
2450 84 1
2451 49 0
2452 20 1
2453 75 1
2454 52 1
2455 64 1
2456 75 0
2457 105 1
2458 68 0
2459 43 1
2460 94 1
2461 52 1
2462 95 1
2463 109 1
2464 104 1
2465 13 1
2466 39 0
2467 18 1
2468 42 1
2469 85 1
2470 49 1
2471 109 1
2472 43 0
2473 50 1
2474 34 0
2475 36 0
2476 63 1
2477 73 1
2478 53 1
2479 81 1
2480 73 1
2481 58 1
2482 98 0
2483 2 1
2484 0 0
2485 64 1
2486 67 1
2487 5 0
2488 48 1
2489 104 1
2490 30 0
2491 93 0
2492 59 0
2493 22 1
2494 67 1
2495 41 1
2496 28 0
2497 83 1
2498 5 0
2499 96 1
2500 3 1
2501 49 1
2502 53 0
2503 4 1
2504 50 1
2505 66 1
2506 78 0
2507 108 1
2508 97 0
2509 80 0
2510 12 1
2511 25 1
2512 102 1
2513 108 1
2514 24 1
2515 107 0
2516 84 0
2517 38 1
2518 40 0
2519 69 1
2520 91 0
2521 104 1
2522 66 1
2523 27 1
2524 10 1
2525 48 1
2526 52 1
2527 56 0
2528 63 1
2529 33 1
2530 30 1
2531 3 0
2532 15 1
2533 23 1
2534 77 1
2535 86 0
2536 109 1
2537 58 1
2538 70 0
2539 0 0
2540 74 1
2541 96 1
2542 3 0
2543 0 1
2544 88 0
2545 95 0
2546 4 1
2547 4 1
2548 74 0
2549 75 0
2550 60 1
2551 40 1
2552 12 1
2553 57 1
2554 65 1
2555 104 1
2556 98 0
2557 96 1
2558 72 1
2559 50 1
2560 70 1
2561 50 0
2562 14 1
2563 35 1
2564 22 1
2565 19 1
2566 42 0
2567 74 0
2568 98 1
2569 79 0
2570 19 1
2571 21 0
2572 103 0
2573 101 1
2574 95 0
2575 106 1
2576 15 1
2577 70 1
2578 92 0
2579 60 1
2580 97 1
2581 19 1
2582 79 1
2583 77 1
2584 56 0
2585 0 1
2586 58 0
2587 75 1
2588 73 1
2589 48 1
2590 47 1
2591 105 1
2592 30 1
2593 34 1
2594 52 1
2595 8 1
2596 3 1
2597 61 0
2598 63 0
2599 82 0
2600 13 1
2601 76 0
2602 37 0
2603 4 1
2604 107 1
2605 109 1
2606 37 1
2607 47 1
2608 109 0
2609 73 0
2610 57 1
2611 31 0
2612 50 1
2613 24 0
2614 60 1
2615 3 1
2616 18 0
2617 26 1
2618 62 1
2619 55 1
2620 76 1
2621 94 1
2622 98 1
2623 4 1
2624 105 1
2625 88 1
2626 41 1
2627 53 1
2628 93 0
2629 87 0
2630 14 1
2631 108 0
2632 52 0
2633 30 1
2634 99 0
2635 54 0
2636 21 1
2637 60 1
2638 10 1
2639 97 1
2640 83 1
2641 49 0
2642 17 0
2643 97 1
2644 63 0
2645 94 1
2646 105 1
2647 51 0
2648 109 1
2649 102 0
2650 49 1
2651 44 1
2652 24 0
2653 71 1
2654 109 0
2655 32 1
2656 66 0
2657 87 1
2658 14 1
2659 25 1
2660 36 0
2661 96 1
2662 93 1
2663 70 1
2664 0 0
2665 71 0
2666 99 1
2667 1 0
2668 49 0
2669 99 0
2670 63 1
2671 70 1
2672 43 0
2673 44 1
2674 9 1
2675 17 1
2676 70 1
2677 10 1
2678 83 1
2679 26 0
2680 23 0
2681 14 1
2682 94 1
2683 77 0
2684 28 1
2685 73 0
2686 79 0
2687 104 1
2688 71 1
2689 2 1
2690 47 1
2691 9 1
2692 66 0
2693 0 1
2694 93 1
2695 63 1
2696 58 0
2697 10 1
2698 34 1
2699 67 0
2700 35 0
2701 37 1
2702 54 1
2703 7 0
2704 67 0
2705 37 1
2706 22 1
2707 2 1
2708 6 1
2709 16 0
2710 23 1
2711 46 0
2712 40 0
2713 5 1
2714 26 1
2715 78 0
2716 95 0
2717 57 1
2718 86 1
2719 106 0
2720 66 1
2721 38 0
2722 78 1
2723 7 1
2724 37 0
2725 66 1
2726 96 1
2727 23 1
2728 50 0
2729 41 0
2730 95 0
2731 19 1
2732 6 0
2733 0 1
2734 22 1
2735 17 1
2736 27 0
2737 7 1
2738 89 1
2739 13 1
2740 31 0
2741 16 1
2742 73 0
2743 94 1
2744 10 1
2745 82 0
2746 84 1
2747 14 1
2748 8 1
2749 13 1
2750 62 0
2751 60 0
2752 78 1
2753 25 0
2754 75 1
2755 72 1
2756 58 1
2757 64 0
2758 70 1
2759 26 1
2760 12 1
2761 15 1
2762 39 1
2763 69 1
2764 37 1
2765 71 0
2766 105 1
2767 20 1
2768 22 1
2769 18 1
2770 25 1
2771 34 0
2772 62 0
2773 97 1
2774 27 1
2775 94 1
2776 2 1
2777 70 1
2778 79 1
2779 23 0
2780 51 1
2781 99 1
2782 55 1
2783 58 0
2784 105 1
2785 6 0
2786 102 1
2787 96 1
2788 73 1
2789 67 0
2790 28 1
2791 22 1
2792 100 1
2793 5 1
2794 61 0
2795 67 0
2796 11 1
2797 39 1
2798 4 0
2799 27 1
2800 56 1
2801 70 1
2802 7 1
2803 93 1
2804 19 1
2805 11 1
2806 40 1
2807 70 1
2808 7 0
2809 91 1
2810 104 1
2811 10 1
2812 44 1
2813 6 1
2814 28 1
2815 99 0
2816 59 0
2817 14 1
2818 55 1
2819 36 1
2820 98 0
2821 4 1
2822 14 1
2823 50 1
2824 40 0
2825 30 0
2826 19 0
2827 90 1
2828 82 1
2829 52 1
2830 70 1
2831 77 1
2832 100 0
2833 26 1
2834 30 1
2835 1 1
2836 102 0
2837 97 0
2838 22 0
2839 78 1
2840 67 1
2841 95 1
2842 89 0
2843 90 0
2844 53 1
2845 52 1
2846 14 1
2847 24 0
2848 0 1
2849 92 1
2850 53 0
2851 99 1
2852 41 1
2853 101 1
2854 64 1
2855 66 1
2856 6 1
2857 100 1
2858 7 1
2859 96 0
2860 104 0
2861 67 1
2862 109 0
2863 3 0
2864 83 1
2865 80 1
2866 20 0
2867 11 0
2868 36 0
2869 6 0
2870 11 1
2871 3 1
2872 4 1
2873 54 1
2874 64 0
2875 66 1
2876 70 1
2877 6 1
2878 106 1
2879 7 1
2880 99 1
2881 104 0
2882 38 0
2883 62 1
2884 109 1
2885 5 1
2886 81 1
2887 20 0
2888 52 1
2889 38 0
2890 106 1
2891 4 1
2892 8 1
2893 23 1
2894 66 0
2895 23 1
2896 0 1
2897 62 1
2898 13 1
2899 2 1
2900 74 0
2901 73 1
2902 67 1
2903 11 1
2904 108 1
2905 6 1
2906 95 1
2907 52 1
2908 67 1
2909 101 0
2910 99 0
2911 76 0
2912 82 1
2913 27 1
2914 33 0
2915 100 1
2916 29 1
2917 33 1
2918 97 1
2919 97 1
2920 35 0
2921 22 1
2922 49 0
2923 6 1
2924 90 0
2925 79 1
2926 9 1
2927 68 1
2928 64 0
2929 69 0
2930 7 1
2931 86 1
2932 62 0
2933 74 1
2934 104 1
2935 78 0
2936 98 0
2937 101 1
2938 4 0
2939 93 1
2940 44 1
2941 3 1
2942 46 1
2943 27 0
2944 49 1
2945 30 1
2946 36 1
2947 33 1
2948 6 1
2949 82 1
2950 102 1
2951 81 1
2952 90 1
2953 67 0
2954 8 1
2955 18 1
2956 0 1
2957 46 1
2958 86 1
2959 91 0
2960 51 0
2961 21 0
2962 68 0
2963 69 1
2964 44 0
2965 67 1
2966 30 1
2967 66 1
2968 101 1
2969 96 0
2970 12 1
2971 43 1
2972 18 0
2973 52 1
2974 104 1
2975 70 0
2976 94 1
2977 15 1
2978 88 1
2979 60 0
2980 6 1
2981 50 0
2982 106 0
2983 97 1
2984 20 1
2985 88 0
2986 78 0
2987 97 0
2988 51 1
2989 32 1
2990 63 1
2991 83 1
2992 83 1
2993 91 1
2994 64 0
2995 16 1
2996 108 1
2997 47 0
2998 64 1
2999 82 1
3000 108 1
3001 57 1
3002 79 1
3003 2 1
3004 74 1
3005 58 0
3006 26 0
3007 73 0
3008 69 1
3009 104 1
3010 34 1
3011 33 0
3012 16 0
3013 76 0
3014 106 0
3015 46 1
3016 47 1
3017 8 1
3018 88 1
3019 28 1
3020 97 1
3021 78 1
3022 57 0
3023 4 1
3024 86 1
3025 30 1
3026 6 1
3027 33 0
3028 25 1
3029 95 1
3030 38 1
3031 5 0
3032 22 1
3033 94 1
3034 18 1
3035 103 0
3036 39 0
3037 69 0
3038 44 1
3039 53 1
3040 70 0
3041 21 1
3042 29 0
3043 91 1
3044 105 1
3045 68 1
3046 105 0
3047 59 1
3048 80 1
3049 9 1
3050 53 1
3051 44 1
3052 64 1
3053 19 0
3054 75 1
3055 9 1
3056 96 1
3057 103 0
3058 25 0
3059 10 1
3060 99 0
3061 104 1
3062 92 1
3063 102 1
3064 35 1
3065 49 0
3066 105 0
3067 63 1
3068 36 1
3069 48 1
3070 95 1
3071 27 1
3072 87 1
3073 95 1
3074 95 1
3075 14 1
3076 13 1
3077 6 0
3078 0 1
3079 108 1
3080 50 1
3081 6 1
3082 22 1
3083 96 1
3084 92 1
3085 52 0
3086 32 1
3087 45 1
3088 92 1
3089 4 1
3090 16 0
3091 101 0
3092 78 1
3093 17 1
3094 99 0
3095 107 1
3096 54 1
3097 76 0
3098 12 1
3099 77 1
3100 37 1
3101 69 1
3102 91 1
3103 71 0
3104 26 1
3105 91 1
3106 35 1
3107 65 0
3108 71 0
3109 21 1
3110 37 0
3111 91 0
3112 71 0
3113 51 1
3114 59 1
3115 17 1
3116 28 1
3117 107 1
3118 31 0
3119 82 1
3120 84 1
3121 40 0
3122 25 0
3123 62 1
3124 17 1
3125 38 1
3126 42 1
3127 29 0
3128 16 1
3129 79 0
3130 90 1
3131 2 1
3132 13 0
3133 16 1
3134 58 1
3135 42 1
3136 42 0
3137 91 0
3138 70 0
3139 47 1
3140 67 0
3141 24 0
3142 97 1
3143 52 1
3144 15 0
3145 18 0
3146 58 1
3147 54 0
3148 70 1
3149 4 1
3150 51 1
3151 101 1
3152 62 1
3153 43 0
3154 65 0
3155 102 1
3156 6 0
3157 71 1
3158 62 1
3159 46 0
3160 85 0
3161 65 1
3162 85 0
3163 103 0
3164 19 1
3165 107 1
3166 87 1
3167 105 1
3168 10 1
3169 53 1
3170 17 0
3171 90 1
3172 1 1
3173 8 1
3174 63 0
3175 22 1
3176 59 1
3177 63 1
3178 95 1
3179 12 1
3180 97 0
3181 74 0
3182 106 0
3183 106 0
3184 47 1
3185 15 1
3186 93 0
3187 80 1
3188 44 1
3189 98 0
3190 24 1
3191 80 1
3192 38 1
3193 58 0
3194 29 1
3195 78 1
3196 78 1
3197 83 1
3198 103 0
3199 13 1
3200 15 1
3201 96 0
3202 74 1
3203 84 1
3204 35 0
3205 109 0
3206 74 1
3207 32 1
3208 51 0
3209 16 1
3210 49 0
3211 90 1
3212 19 1
3213 83 1
3214 81 1
3215 44 1
3216 66 1
3217 87 0
3218 36 1
3219 90 1
3220 73 1
3221 20 0
3222 48 1
3223 30 1
3224 83 1
3225 10 1
3226 82 1
3227 30 1
3228 103 1
3229 106 1
3230 93 0
3231 52 1
3232 9 1
3233 71 0
3234 29 1
3235 58 1
3236 20 1
3237 20 0
3238 12 1
3239 109 1
3240 97 1
3241 109 0
3242 102 1
3243 0 0
3244 24 0
3245 50 1
3246 86 0
3247 48 1
3248 71 1
3249 82 0
3250 0 1
3251 85 0
3252 48 1
3253 82 1
3254 97 0
3255 96 1
3256 29 0
3257 33 0
3258 63 0
3259 56 0
3260 80 0
3261 87 1
3262 38 1
3263 92 0
3264 33 1
3265 39 1
3266 33 1
3267 46 0
3268 60 0
3269 23 1
3270 38 1
3271 70 1
3272 95 1
3273 29 1
3274 78 1
3275 17 1
3276 21 1
3277 44 1
3278 70 1
3279 109 0
3280 29 1
3281 70 1
3282 103 0
3283 25 1
3284 16 1
3285 39 1
3286 49 1
3287 64 1
3288 43 1
3289 73 1
3290 68 1
3291 50 0
3292 78 1
3293 90 0
3294 1 1
3295 23 1
3296 67 0
3297 33 0
3298 92 1
3299 53 1
3300 99 1
3301 105 1
3302 32 1
3303 63 1
3304 40 0
3305 19 0
3306 110 1
3307 80 1
3308 46 1
3309 55 1
3310 36 1
3311 19 0
3312 54 1
3313 53 1
3314 104 1
3315 85 1
3316 81 1
3317 12 0
3318 78 1
3319 71 1
3320 43 1
3321 50 0
3322 43 1
3323 60 0
3324 78 1
3325 26 0
3326 76 0
3327 108 1
3328 40 1
3329 47 1
3330 90 0
3331 67 1
3332 94 1
3333 5 0
3334 97 0
3335 4 0
3336 49 0
3337 12 1
3338 74 1
3339 12 1
3340 76 1
3341 97 1
3342 25 1
3343 53 0
3344 78 0
3345 92 1
3346 5 1
3347 8 1
3348 69 1
3349 95 0
3350 82 1
3351 77 1
3352 43 0
3353 54 1
3354 50 1
3355 99 1
3356 46 1
3357 102 0
3358 62 0
3359 19 1
3360 28 0
3361 88 0
3362 100 0
3363 14 1
3364 102 0
3365 107 1
3366 39 1
3367 35 1
3368 104 1
3369 81 1
3370 97 1
3371 53 1
3372 38 1
3373 97 1
3374 30 1
3375 71 0
3376 5 1
3377 32 1
3378 26 1
3379 105 1
3380 98 0
3381 91 1
3382 58 0
3383 50 1
3384 46 1
3385 36 0
3386 31 1
3387 58 0
3388 16 1
3389 0 1
3390 101 1
3391 46 1
3392 61 1
3393 94 0
3394 7 1
3395 105 0
3396 72 1
3397 73 0
3398 93 0
3399 12 1
3400 25 1
3401 55 1
3402 20 1
3403 67 1
3404 40 0
3405 23 1
3406 80 1
3407 19 0
3408 30 0
3409 6 0
3410 31 1
3411 84 1
3412 78 1
3413 5 1
3414 51 0
3415 83 1
3416 59 1
3417 74 1
3418 74 0
3419 108 0
3420 39 0
3421 27 1
3422 83 0
3423 90 1
3424 100 0
3425 91 1
3426 90 1
3427 58 1
3428 51 1
3429 60 0
3430 74 1
3431 9 1
3432 52 0
3433 94 0
3434 107 0
3435 71 1
3436 53 0
3437 96 1
3438 26 0
3439 79 0
3440 55 1
3441 80 1
3442 65 0
3443 33 0
3444 33 1
3445 101 0
3446 7 1
3447 71 1
3448 75 0
3449 68 1
3450 87 1
3451 49 1
3452 8 0
3453 106 1
3454 103 1
3455 42 0
3456 74 1
3457 23 1
3458 91 1
3459 27 1
3460 32 1
3461 3 0
3462 68 1
3463 92 0
3464 10 1
3465 45 1
3466 70 1
3467 8 0
3468 11 0
3469 46 1
3470 70 0
3471 103 1
3472 40 1
3473 55 0
3474 12 1
3475 79 0
3476 40 1
3477 25 0
3478 90 1
3479 23 0
3480 48 1
3481 80 0
3482 45 1
3483 78 0
3484 85 1
3485 0 1
3486 42 1
3487 20 1
3488 0 0
3489 37 0
3490 40 0
3491 57 0
3492 81 0
3493 71 0
3494 81 1
3495 103 0
3496 96 0
3497 77 0
3498 43 1
3499 79 1
3500 50 0
3501 63 0
3502 65 0
3503 109 0
3504 92 1
3505 20 0
3506 93 0
3507 95 0
3508 42 1
3509 66 1
3510 31 0
3511 83 1
3512 71 0
3513 99 1
3514 87 1
3515 74 1
3516 29 0
3517 1 1
3518 43 1
3519 102 1
3520 86 0
3521 98 0
3522 29 1
3523 74 0
3524 78 1
3525 25 0
3526 28 1
3527 7 1
3528 98 1
3529 96 1
3530 56 1
3531 42 0
3532 19 1
3533 69 1
3534 94 1
3535 28 1
3536 12 1
3537 79 1
3538 90 1
3539 2 1
3540 64 1
3541 100 0
3542 76 1
3543 74 1
3544 44 1
3545 27 1
3546 1 1
3547 15 0
3548 53 0
3549 24 0
3550 27 1
3551 99 1
3552 60 1
3553 82 1
3554 103 1
3555 89 0
3556 105 1
3557 90 1
3558 74 1
3559 75 1
3560 53 1
3561 100 1
3562 2 1
3563 16 0
3564 83 1
3565 26 1
3566 33 1
3567 39 0
3568 23 1
3569 21 1
3570 88 0
3571 12 1
3572 77 1
3573 93 1
3574 44 1
3575 41 1
3576 102 1
3577 93 1
3578 28 1
3579 94 1
3580 90 0
3581 0 0
3582 76 0
3583 105 1
3584 43 1
3585 55 1
3586 7 0
3587 43 1
3588 0 0
3589 7 1
3590 24 1
3591 84 1
3592 71 1
3593 2 0
3594 58 1
3595 41 1
3596 47 1
3597 50 1
3598 22 0
3599 53 1
3600 1 1
3601 26 1
3602 7 1
3603 86 1
3604 87 0
3605 104 1
3606 82 1
3607 9 0
3608 78 1
3609 24 1
3610 101 0
3611 3 1
3612 48 1
3613 43 1
3614 39 1
3615 76 1
3616 36 1
3617 41 1
3618 1 1
3619 43 0
3620 109 0
3621 83 1
3622 48 0
3623 57 1
3624 97 0
3625 92 0
3626 88 0
3627 6 1
3628 38 1
3629 37 1
3630 88 0
3631 110 1
3632 98 1
3633 101 1
3634 109 1
3635 71 1
3636 63 1
3637 11 1
3638 76 1
3639 9 1
3640 91 0
3641 31 1
3642 87 0
3643 87 1
3644 29 1
3645 26 1
3646 62 1
3647 64 0
3648 7 1
3649 31 1
3650 80 0
3651 107 1
3652 27 1
3653 27 0
3654 17 1
3655 48 1
3656 79 1
3657 58 1
3658 59 1
3659 4 1
3660 94 1
3661 87 0
3662 107 1
3663 35 1
3664 35 0
3665 62 1
3666 110 1
3667 30 1
3668 6 0
3669 72 1
3670 87 0
3671 72 0
3672 30 1
3673 104 0
3674 48 1
3675 66 1
3676 79 0
3677 17 1
3678 23 1
3679 20 1
3680 60 1
3681 56 0
3682 22 1
3683 28 0
3684 26 0
3685 52 1
3686 50 1
3687 50 1
3688 27 0
3689 0 1
3690 92 1
3691 47 0
3692 102 0
3693 18 1
3694 57 1
3695 66 1
3696 3 0
3697 8 1
3698 32 1
3699 106 0
3700 77 1
3701 53 1
3702 55 1
3703 90 1
3704 88 1
3705 98 1
3706 40 0
3707 12 0
3708 39 0
3709 39 1
3710 61 1
3711 103 1
3712 110 1
3713 31 0
3714 36 0
3715 30 1
3716 8 1
3717 64 1
3718 17 1
3719 86 1
3720 16 1
3721 4 1
3722 48 1
3723 88 1
3724 39 1
3725 73 0
3726 63 1
3727 106 1
3728 7 0
3729 87 1
3730 98 1
3731 39 1
3732 83 1
3733 59 1
3734 28 1
3735 35 1
3736 101 1
3737 101 1
3738 49 1
3739 67 0
3740 88 1
3741 79 0
3742 35 1
3743 96 0
3744 94 1
3745 79 0
3746 73 1
3747 76 0
3748 103 1
3749 87 1
3750 104 0
3751 65 0
3752 103 1
3753 73 1
3754 75 1
3755 72 0
3756 58 1
3757 34 1
3758 107 0
3759 18 1
3760 85 0
3761 53 1
3762 45 1
3763 34 1
3764 36 1
3765 58 0
3766 73 1
3767 64 1
3768 9 1
3769 49 0
3770 56 0
3771 19 1
3772 43 1
3773 32 1
3774 66 1
3775 12 1
3776 89 1
3777 29 1
3778 25 0
3779 2 0
3780 14 0
3781 84 0
3782 65 0
3783 35 1
3784 6 1
3785 42 0
3786 87 0
3787 59 1
3788 108 0
3789 0 1
3790 83 1
3791 44 0
3792 18 1
3793 84 0
3794 18 1
3795 99 0
3796 28 1
3797 54 1
3798 51 1
3799 110 1
3800 4 1
3801 2 1
3802 43 1
3803 52 1
3804 94 1
3805 44 1
3806 5 1
3807 16 0
3808 96 1
3809 60 1
3810 69 0
3811 29 1
3812 10 1
3813 21 1
3814 3 0
3815 1 0
3816 2 0
3817 39 0
3818 5 1
3819 27 0
3820 25 1
3821 106 0
3822 95 1
3823 47 0
3824 105 1
3825 25 1
3826 45 0
3827 42 1
3828 79 1
3829 50 1
3830 25 1
3831 30 1
3832 106 0
3833 15 0
3834 43 0
3835 41 1
3836 107 1
3837 92 1
3838 48 0
3839 2 0
3840 77 1
3841 98 0
3842 23 1
3843 59 0
3844 35 1
3845 15 1
3846 102 1
3847 88 1
3848 109 1
3849 98 1
3850 87 1
3851 51 0
3852 7 0
3853 57 1
3854 2 1
3855 91 0
3856 27 0
3857 83 1
3858 49 1
3859 36 0
3860 82 1
3861 34 1
3862 90 0
3863 0 1
3864 108 1
3865 71 1
3866 10 1
3867 49 0
3868 37 0
3869 13 1
3870 47 1
3871 60 1
3872 13 0
