956
1 243 0
2 212 1
3 27 1
4 68 1
5 7 0
6 237 1
7 238 0
8 105 0
9 36 1
10 180 0
11 34 1
12 107 1
13 31 1
14 159 1
15 134 0
16 194 1
17 139 1
18 43 1
19 148 1
20 206 1
21 128 1
22 1 0
23 135 1
24 104 1
25 223 1
26 102 1
27 43 0
28 224 1
29 175 1
30 244 1
31 28 0
32 193 1
33 212 1
34 141 0
35 208 1
36 184 1
37 158 1
38 70 1
39 153 1
40 79 1
41 127 1
42 2 1
43 198 1
44 52 0
45 169 1
46 189 0
47 48 0
48 226 1
49 233 0
50 235 1
51 137 0
52 145 1
53 165 1
54 203 0
55 57 1
56 116 0
57 23 1
58 162 1
59 205 1
60 101 0
61 125 1
62 186 1
63 40 1
64 48 1
65 201 0
66 135 1
67 70 1
68 194 1
69 109 0
70 168 1
71 239 1
72 159 1
73 17 0
74 44 0
75 96 1
76 157 1
77 104 0
78 8 1
79 176 1
80 31 0
81 148 1
82 29 1
83 61 1
84 68 1
85 234 1
86 199 1
87 80 0
88 103 1
89 239 1
90 127 1
91 154 1
92 170 1
93 48 0
94 210 1
95 236 1
96 108 0
97 23 1
98 216 1
99 168 1
100 62 0
101 80 1
102 189 0
103 179 1
104 119 1
105 54 1
106 121 0
107 198 1
108 27 0
109 31 1
110 224 0
111 94 0
112 18 1
113 84 1
114 62 0
115 133 0
116 23 1
117 193 0
118 42 0
119 119 1
120 159 1
121 22 1
122 188 0
123 132 1
124 27 1
125 14 1
126 237 0
127 198 1
128 86 0
129 158 0
130 149 1
131 80 0
132 118 1
133 246 0
134 14 1
135 130 1
136 98 1
137 13 1
138 180 0
139 62 1
140 116 1
141 19 0
142 45 1
143 223 1
144 6 1
145 87 1
146 232 1
147 135 1
148 55 1
149 72 1
150 59 1
151 103 1
152 107 1
153 3 1
154 124 1
155 56 0
156 196 1
157 154 0
158 46 0
159 234 1
160 72 1
161 68 0
162 103 1
163 23 0
164 198 1
165 89 1
166 50 0
167 221 1
168 224 1
169 59 0
170 152 1
171 149 1
172 245 1
173 204 0
174 241 1
175 204 1
176 73 0
177 179 0
178 144 1
179 142 1
180 104 1
181 160 0
182 91 1
183 172 1
184 220 0
185 224 1
186 208 1
187 88 1
188 183 1
189 111 0
190 237 1
191 51 1
192 202 0
193 47 0
194 46 1
195 1 1
196 34 1
197 111 1
198 157 1
199 2 0
200 76 1
201 63 0
202 160 0
203 51 1
204 196 1
205 134 1
206 38 1
207 112 1
208 223 0
209 200 1
210 210 0
211 227 1
212 170 1
213 177 1
214 129 0
215 17 1
216 20 0
217 49 0
218 38 1
219 137 1
220 70 0
221 36 0
222 17 1
223 209 1
224 168 0
225 125 1
226 170 1
227 183 1
228 197 1
229 173 1
230 154 1
231 145 1
232 78 1
233 22 0
234 156 1
235 159 1
236 237 0
237 195 0
238 204 0
239 110 1
240 126 1
241 64 1
242 93 0
243 197 0
244 221 1
245 231 1
246 122 1
247 163 1
248 240 1
249 124 1
250 151 1
251 237 0
252 92 1
253 204 1
254 204 0
255 229 0
256 55 1
257 187 1
258 154 1
259 53 1
260 69 1
261 64 1
262 83 1
263 198 0
264 27 0
265 32 0
266 166 1
267 181 0
268 69 0
269 115 1
270 12 0
271 217 1
272 58 1
273 131 1
274 157 1
275 148 1
276 83 0
277 31 0
278 107 1
279 49 1
280 112 1
281 174 1
282 212 1
283 98 1
284 54 1
285 168 0
286 226 1
287 242 1
288 212 0
289 3 1
290 117 1
291 155 1
292 224 1
293 174 1
294 222 1
295 80 0
296 167 1
297 174 0
298 169 1
299 28 0
300 153 1
301 97 0
302 3 1
303 170 1
304 79 1
305 144 1
306 185 1
307 204 1
308 99 1
309 161 1
310 217 0
311 217 1
312 55 1
313 130 1
314 84 0
315 8 1
316 216 1
317 123 1
318 112 0
319 242 1
320 80 1
321 195 1
322 53 0
323 95 1
324 145 1
325 34 0
326 58 1
327 59 0
328 9 1
329 199 1
330 209 1
331 138 0
332 228 1
333 12 0
334 168 1
335 92 0
336 7 0
337 181 0
338 0 0
339 213 1
340 146 1
341 68 0
342 59 1
343 125 1
344 178 1
345 216 1
346 146 1
347 126 1
348 229 1
349 222 1
350 199 1
351 12 0
352 162 1
353 74 1
354 83 1
355 114 1
356 149 1
357 241 1
358 117 1
359 83 1
360 57 1
361 50 1
362 20 1
363 85 1
364 122 0
365 206 1
366 235 1
367 143 1
368 218 1
369 119 1
370 65 0
371 37 1
372 223 1
373 229 0
374 204 1
375 3 1
376 226 0
377 25 0
378 37 0
379 56 1
380 85 1
381 96 0
382 41 0
383 31 1
384 209 0
385 121 1
386 246 0
387 48 1
388 243 1
389 123 0
390 204 0
391 75 1
392 40 1
393 43 1
394 72 0
395 45 1
396 223 1
397 39 1
398 241 0
399 83 1
400 82 1
401 38 0
402 223 0
403 111 1
404 225 1
405 33 1
406 167 1
407 172 1
408 17 1
409 92 1
410 122 1
411 108 1
412 193 1
413 169 1
414 79 1
415 144 0
416 71 1
417 104 1
418 129 0
419 74 1
420 9 1
421 96 1
422 23 1
423 244 0
424 237 1
425 238 1
426 88 1
427 17 1
428 54 0
429 29 1
430 52 1
431 209 1
432 216 1
433 171 0
434 88 1
435 67 1
436 159 1
437 134 1
438 239 1
439 30 1
440 29 1
441 148 0
442 175 1
443 13 1
444 212 0
445 30 0
446 23 0
447 195 1
448 59 0
449 200 1
450 171 1
451 106 0
452 45 1
453 74 1
454 179 0
455 20 1
456 180 0
457 187 1
458 2 1
459 198 0
460 104 1
461 40 1
462 220 1
463 229 1
464 162 1
465 41 1
466 63 1
467 31 1
468 194 1
469 147 1
470 17 1
471 142 1
472 4 1
473 112 1
474 198 0
475 29 1
476 152 0
477 237 0
478 111 1
479 19 1
480 208 0
481 221 1
482 68 0
483 134 0
484 165 0
485 196 0
486 62 1
487 132 1
488 35 0
489 74 0
490 222 0
491 96 1
492 226 1
493 5 1
494 113 1
495 225 0
496 192 0
497 153 0
498 65 0
499 83 0
500 128 1
501 165 0
502 178 1
503 65 1
504 209 0
505 61 1
506 49 1
507 64 1
508 105 1
509 33 1
510 202 0
511 99 0
512 71 1
513 22 0
514 100 1
515 120 1
516 192 0
517 34 1
518 197 1
519 144 1
520 238 1
521 151 0
522 224 1
523 176 1
524 147 1
525 161 0
526 28 1
527 111 0
528 128 1
529 43 1
530 46 0
531 71 1
532 64 1
533 169 1
534 204 0
535 35 1
536 133 0
537 96 1
538 17 1
539 0 0
540 96 1
541 73 1
542 230 1
543 138 1
544 126 1
545 200 1
546 207 1
547 218 0
548 184 0
549 146 1
550 13 1
551 198 1
552 230 1
553 65 1
554 235 0
555 218 1
556 88 1
557 123 0
558 229 1
559 43 0
560 197 1
561 88 0
562 76 1
563 235 1
564 6 0
565 16 1
566 177 0
567 27 1
568 70 1
569 21 1
570 73 1
571 4 0
572 91 1
573 94 1
574 142 1
575 43 1
576 242 1
577 56 1
578 51 1
579 193 1
580 40 1
581 238 1
582 231 0
583 46 0
584 219 1
585 221 1
586 168 0
587 14 1
588 159 0
589 193 1
590 106 0
591 201 0
592 228 1
593 34 0
594 163 1
595 4 0
596 244 1
597 35 1
598 69 0
599 144 0
600 202 0
601 87 1
602 150 1
603 189 1
604 16 0
605 171 1
606 233 1
607 31 1
608 245 0
609 162 0
610 154 1
611 172 1
612 217 1
613 241 1
614 95 0
615 134 1
616 63 0
617 228 1
618 129 0
619 82 1
620 221 1
621 75 0
622 241 0
623 37 1
624 226 1
625 153 1
626 173 1
627 92 1
628 146 1
629 236 1
630 31 1
631 99 1
632 152 1
633 114 0
634 111 0
635 234 0
636 119 1
637 155 0
638 223 1
639 105 1
640 198 1
641 143 0
642 198 1
643 129 0
644 129 1
645 92 1
646 104 1
647 116 1
648 132 0
649 98 0
650 42 1
651 136 1
652 148 1
653 81 0
654 43 1
655 134 1
656 58 0
657 228 0
658 73 0
659 161 1
660 90 0
661 225 0
662 58 1
663 204 1
664 186 1
665 240 1
666 195 0
667 3 1
668 228 1
669 28 1
670 77 0
671 128 1
672 0 1
673 199 1
674 26 1
675 191 1
676 227 1
677 118 1
678 125 0
679 35 0
680 239 0
681 100 0
682 213 1
683 91 1
684 242 0
685 134 1
686 89 0
687 15 0
688 178 1
689 24 1
690 135 1
691 129 1
692 192 1
693 208 0
694 130 0
695 134 0
696 80 1
697 62 0
698 145 1
699 155 1
700 81 1
701 19 0
702 58 1
703 121 1
704 57 1
705 2 1
706 167 1
707 169 1
708 185 1
709 236 1
710 236 0
711 190 1
712 219 1
713 223 0
714 21 1
715 64 1
716 174 1
717 133 1
718 227 1
719 30 0
720 13 1
721 90 0
722 217 1
723 100 0
724 5 1
725 31 1
726 75 0
727 171 1
728 88 0
729 219 1
730 85 1
731 126 1
732 228 0
733 107 0
734 128 1
735 52 1
736 223 1
737 130 1
738 71 1
739 155 1
740 127 1
741 178 1
742 215 0
743 57 1
744 56 1
745 27 1
746 173 1
747 15 1
748 220 1
749 170 1
750 66 1
751 51 1
752 227 0
753 42 1
754 218 0
755 181 1
756 137 1
757 162 1
758 21 1
759 23 0
760 109 1
761 133 0
762 10 1
763 245 1
764 78 0
765 194 1
766 198 1
767 187 0
768 40 1
769 229 0
770 235 0
771 218 1
772 136 1
773 146 1
774 214 1
775 95 1
776 26 1
777 221 1
778 185 0
779 128 1
780 194 0
781 215 0
782 181 1
783 131 1
784 0 1
785 40 1
786 192 0
787 28 0
788 199 1
789 239 1
790 96 1
791 105 1
792 178 1
793 20 1
794 159 1
795 240 1
796 31 1
797 59 1
798 226 1
799 187 1
800 220 0
801 75 1
802 45 1
803 0 1
804 85 1
805 26 0
806 243 1
807 165 1
808 71 1
809 97 1
810 140 1
811 143 1
812 160 1
813 137 1
814 8 1
815 172 0
816 57 0
817 200 0
818 19 1
819 154 0
820 109 1
821 146 1
822 172 1
823 32 1
824 110 1
825 226 1
826 134 0
827 175 1
828 133 0
829 187 0
830 196 1
831 230 1
832 28 0
833 217 1
834 245 1
835 12 1
836 166 1
837 19 1
838 84 1
839 142 1
840 41 0
841 6 1
842 105 1
843 31 1
844 108 1
845 240 0
846 192 0
847 118 0
848 21 0
849 129 1
850 19 0
851 235 1
852 162 1
853 84 0
854 113 0
855 55 0
856 208 1
857 191 1
858 104 0
859 112 1
860 1 0
861 130 1
862 190 0
863 82 0
864 143 1
865 38 1
866 161 1
867 16 0
868 87 1
869 183 1
870 187 0
871 216 1
872 107 1
873 23 1
874 190 0
875 37 1
876 48 1
877 245 1
878 223 0
879 10 0
880 100 1
881 198 1
882 182 0
883 198 1
884 122 0
885 84 1
886 180 1
887 18 1
888 75 1
889 113 1
890 38 0
891 70 1
892 180 1
893 186 1
894 10 1
895 137 1
896 106 1
897 232 1
898 164 1
899 227 1
900 179 1
901 209 1
902 226 1
903 207 0
904 130 1
905 180 1
906 86 1
907 62 0
908 233 0
909 229 0
910 5 1
911 161 1
912 123 1
913 15 1
914 191 0
915 133 0
916 167 1
917 43 1
918 185 1
919 61 0
920 185 0
921 237 0
922 159 0
923 97 1
924 107 1
925 143 1
926 115 1
927 86 1
928 65 1
929 86 1
930 204 0
931 241 0
932 122 1
933 78 1
934 203 1
935 183 1
936 242 1
937 220 1
938 86 1
939 107 1
940 65 0
941 167 0
942 169 1
943 226 0
944 215 1
945 105 0
946 91 1
947 104 1
948 52 0
949 135 1
950 236 0
951 150 1
952 105 0
953 0 1
954 54 1
955 192 1
956 165 1
