5866
1 46 1
2 55 1
3 55 1
4 12 1
5 1 0
6 7 0
7 19 1
8 46 1
9 6 0
10 16 1
11 8 0
12 9 1
13 50 0
14 43 0
15 55 0
16 42 1
17 18 1
18 27 1
19 16 0
20 22 1
21 33 0
22 59 1
23 37 1
24 44 1
25 30 1
26 46 1
27 20 1
28 33 1
29 50 0
30 1 0
31 45 1
32 27 1
33 5 1
34 9 1
35 17 0
36 15 1
37 45 1
38 27 0
39 44 0
40 50 0
41 48 0
42 38 1
43 24 0
44 11 0
45 19 0
46 0 0
47 48 1
48 52 0
49 6 1
50 59 1
51 10 0
52 58 0
53 21 1
54 2 0
55 12 1
56 56 1
57 20 0
58 1 1
59 29 1
60 59 0
61 9 1
62 37 1
63 11 1
64 35 1
65 7 0
66 16 1
67 33 0
68 5 0
69 23 1
70 44 1
71 51 1
72 29 1
73 59 0
74 48 1
75 35 1
76 9 1
77 23 1
78 25 1
79 51 1
80 35 0
81 28 1
82 8 1
83 50 0
84 40 0
85 4 0
86 34 1
87 56 1
88 51 0
89 25 1
90 16 1
91 11 1
92 28 0
93 47 1
94 1 1
95 55 1
96 37 1
97 13 0
98 8 1
99 51 0
100 9 1
101 4 1
102 43 1
103 38 1
104 40 1
105 58 0
106 48 1
107 57 0
108 36 0
109 3 1
110 23 1
111 59 1
112 5 1
113 30 0
114 59 0
115 46 0
116 2 0
117 44 1
118 27 1
119 4 0
120 11 0
121 48 0
122 3 1
123 8 1
124 22 1
125 10 0
126 1 1
127 30 0
128 5 1
129 56 0
130 6 0
131 5 1
132 16 0
133 38 1
134 57 1
135 44 1
136 36 0
137 59 1
138 10 1
139 11 0
140 11 1
141 10 1
142 14 0
143 3 1
144 41 0
145 16 1
146 33 1
147 48 0
148 55 1
149 26 1
150 0 1
151 44 0
152 42 1
153 7 1
154 36 1
155 18 0
156 32 1
157 52 1
158 9 1
159 50 1
160 47 1
161 21 0
162 12 0
163 55 0
164 19 1
165 44 1
166 31 0
167 47 1
168 48 0
169 50 1
170 58 1
171 4 0
172 29 1
173 1 1
174 44 1
175 12 1
176 50 1
177 45 1
178 19 0
179 2 1
180 53 1
181 50 1
182 50 1
183 21 1
184 16 1
185 55 0
186 4 0
187 29 1
188 56 1
189 55 1
190 22 1
191 4 1
192 25 0
193 7 1
194 13 1
195 14 0
196 39 0
197 22 0
198 26 1
199 1 1
200 48 1
201 49 1
202 48 1
203 18 0
204 48 1
205 8 0
206 13 0
207 8 0
208 54 1
209 6 0
210 9 0
211 6 1
212 17 1
213 10 1
214 13 1
215 17 0
216 52 1
217 45 0
218 16 1
219 8 1
220 9 1
221 0 0
222 21 0
223 44 0
224 7 0
225 8 1
226 2 0
227 57 0
228 43 0
229 2 1
230 3 1
231 41 1
232 18 1
233 11 0
234 14 1
235 32 0
236 27 0
237 29 1
238 24 1
239 49 0
240 55 1
241 40 1
242 11 1
243 9 1
244 28 1
245 35 0
246 24 1
247 10 0
248 20 1
249 9 1
250 32 1
251 42 1
252 57 0
253 41 0
254 9 1
255 45 1
256 27 1
257 54 0
258 46 1
259 17 0
260 8 0
261 38 1
262 46 1
263 6 1
264 54 0
265 32 0
266 49 0
267 10 0
268 10 1
269 0 1
270 13 0
271 7 1
272 46 1
273 55 1
274 50 1
275 39 0
276 49 1
277 14 0
278 41 1
279 33 1
280 28 1
281 46 1
282 4 0
283 57 1
284 40 0
285 17 1
286 19 1
287 18 0
288 3 0
289 38 0
290 17 1
291 43 0
292 18 0
293 34 1
294 9 1
295 19 0
296 58 1
297 48 0
298 53 1
299 1 1
300 18 1
301 19 0
302 19 1
303 43 1
304 34 1
305 7 0
306 22 1
307 50 1
308 31 1
309 15 0
310 17 1
311 11 1
312 31 0
313 1 1
314 20 0
315 50 1
316 5 1
317 16 0
318 22 0
319 39 1
320 4 1
321 40 1
322 21 0
323 42 1
324 39 1
325 25 1
326 24 1
327 3 1
328 19 1
329 4 1
330 51 1
331 10 1
332 40 1
333 5 0
334 9 0
335 51 1
336 14 0
337 15 1
338 54 1
339 28 1
340 38 1
341 22 1
342 22 0
343 50 0
344 14 1
345 13 1
346 33 0
347 54 1
348 33 0
349 17 1
350 35 1
351 39 0
352 32 1
353 17 1
354 35 1
355 51 1
356 23 0
357 8 0
358 31 1
359 18 1
360 36 1
361 35 1
362 38 0
363 24 1
364 21 0
365 45 1
366 33 1
367 31 1
368 10 0
369 23 1
370 26 1
371 59 0
372 20 1
373 26 0
374 57 1
375 21 1
376 0 1
377 35 1
378 18 1
379 42 1
380 16 1
381 21 0
382 44 1
383 47 1
384 40 1
385 32 0
386 10 1
387 47 1
388 30 1
389 14 0
390 42 0
391 44 1
392 15 1
393 4 0
394 3 1
395 6 1
396 58 1
397 2 0
398 3 1
399 28 1
400 44 1
401 42 1
402 15 1
403 17 1
404 27 1
405 56 1
406 58 0
407 43 1
408 53 0
409 39 1
410 26 1
411 0 1
412 48 1
413 58 1
414 36 1
415 35 0
416 11 0
417 59 0
418 30 1
419 4 0
420 39 1
421 58 0
422 33 1
423 34 1
424 29 0
425 7 0
426 43 1
427 11 0
428 2 1
429 15 0
430 19 1
431 34 1
432 51 1
433 57 1
434 41 0
435 3 0
436 53 1
437 41 0
438 35 1
439 45 0
440 22 0
441 51 1
442 52 1
443 21 1
444 55 1
445 8 1
446 19 0
447 37 1
448 16 0
449 17 1
450 27 1
451 2 0
452 6 1
453 40 1
454 51 1
455 46 1
456 10 0
457 3 1
458 16 1
459 40 0
460 45 0
461 19 1
462 30 0
463 0 1
464 23 1
465 28 0
466 21 1
467 55 1
468 5 1
469 10 1
470 53 1
471 2 1
472 10 0
473 57 1
474 6 1
475 31 1
476 9 1
477 48 1
478 38 1
479 10 1
480 57 1
481 36 1
482 52 0
483 47 1
484 59 1
485 46 1
486 37 1
487 55 1
488 38 1
489 15 1
490 5 1
491 28 1
492 28 0
493 53 0
494 57 1
495 52 1
496 25 1
497 5 1
498 43 0
499 7 1
500 41 1
501 34 1
502 34 0
503 59 1
504 57 0
505 41 0
506 52 0
507 16 0
508 10 0
509 2 0
510 57 1
511 53 1
512 6 0
513 24 1
514 43 1
515 32 1
516 17 0
517 28 1
518 20 1
519 56 1
520 41 0
521 12 1
522 31 1
523 37 1
524 23 1
525 32 1
526 26 1
527 27 0
528 9 1
529 14 1
530 15 1
531 1 1
532 38 1
533 16 1
534 56 1
535 0 0
536 34 1
537 54 0
538 26 0
539 39 1
540 55 1
541 1 0
542 30 0
543 29 1
544 13 1
545 15 1
546 15 1
547 53 0
548 38 1
549 35 0
550 13 1
551 56 1
552 33 1
553 46 1
554 58 1
555 40 0
556 21 1
557 50 1
558 10 1
559 14 1
560 4 0
561 44 1
562 39 0
563 4 1
564 38 0
565 36 1
566 59 1
567 23 1
568 16 1
569 15 0
570 11 0
571 52 1
572 29 1
573 8 1
574 2 1
575 47 0
576 36 1
577 17 1
578 52 0
579 17 0
580 45 1
581 57 1
582 18 1
583 53 1
584 14 1
585 33 0
586 48 1
587 50 1
588 59 0
589 40 1
590 4 0
591 0 0
592 42 1
593 40 0
594 23 1
595 40 1
596 43 0
597 37 1
598 51 1
599 20 1
600 30 0
601 31 1
602 10 0
603 27 1
604 11 0
605 3 0
606 19 0
607 48 0
608 6 1
609 12 1
610 10 1
611 30 1
612 23 1
613 39 0
614 29 0
615 11 1
616 44 1
617 10 1
618 55 1
619 55 1
620 21 0
621 14 1
622 47 1
623 27 0
624 23 1
625 22 1
626 24 1
627 19 1
628 43 1
629 53 1
630 49 0
631 4 0
632 39 1
633 19 0
634 35 1
635 33 0
636 50 1
637 22 1
638 42 1
639 30 1
640 20 0
641 31 1
642 29 1
643 16 1
644 41 0
645 25 0
646 59 1
647 48 1
648 27 1
649 5 0
650 7 0
651 51 1
652 26 1
653 26 0
654 54 0
655 6 1
656 32 0
657 44 1
658 20 0
659 6 0
660 54 1
661 17 1
662 44 1
663 32 1
664 57 0
665 5 1
666 8 1
667 45 1
668 2 1
669 35 0
670 59 1
671 56 1
672 11 1
673 25 1
674 32 1
675 9 1
676 46 1
677 12 0
678 16 1
679 33 1
680 6 0
681 10 1
682 28 0
683 41 1
684 59 1
685 3 0
686 50 1
687 22 1
688 31 1
689 17 1
690 11 0
691 23 1
692 45 1
693 20 1
694 12 0
695 14 1
696 25 0
697 32 0
698 12 1
699 59 0
700 23 0
701 1 0
702 2 0
703 59 0
704 4 1
705 30 0
706 34 0
707 57 1
708 20 0
709 12 0
710 56 1
711 50 0
712 35 0
713 58 0
714 21 1
715 50 1
716 0 1
717 41 1
718 0 0
719 29 1
720 40 1
721 3 1
722 44 0
723 26 1
724 3 0
725 29 1
726 50 1
727 4 0
728 26 1
729 5 0
730 51 1
731 7 1
732 31 1
733 39 1
734 13 1
735 27 0
736 59 1
737 1 1
738 8 1
739 39 1
740 58 0
741 54 0
742 20 1
743 6 1
744 52 1
745 18 0
746 50 1
747 19 1
748 6 1
749 45 1
750 58 0
751 6 0
752 28 1
753 32 0
754 26 1
755 39 0
756 20 0
757 57 1
758 23 1
759 11 1
760 58 0
761 34 1
762 46 1
763 3 1
764 44 1
765 57 1
766 53 1
767 40 1
768 54 1
769 57 0
770 17 1
771 29 1
772 53 1
773 54 0
774 14 0
775 15 0
776 26 0
777 46 1
778 36 0
779 49 1
780 29 0
781 55 1
782 33 0
783 36 1
784 33 1
785 40 1
786 46 1
787 3 0
788 28 1
789 56 1
790 2 1
791 40 0
792 46 1
793 25 0
794 59 0
795 26 0
796 53 1
797 43 1
798 42 1
799 54 0
800 30 0
801 49 1
802 35 0
803 56 1
804 42 0
805 31 1
806 41 1
807 57 0
808 21 1
809 41 1
810 28 1
811 40 1
812 13 1
813 48 1
814 28 1
815 2 1
816 16 1
817 6 1
818 20 1
819 47 1
820 32 1
821 30 0
822 13 0
823 40 0
824 33 1
825 54 0
826 4 0
827 23 1
828 51 0
829 13 0
830 45 0
831 1 0
832 43 1
833 37 1
834 54 1
835 49 1
836 27 1
837 31 0
838 31 1
839 7 0
840 16 1
841 59 1
842 20 1
843 31 0
844 18 0
845 14 1
846 44 0
847 57 0
848 7 1
849 15 1
850 50 1
851 12 1
852 9 0
853 50 1
854 47 1
855 29 1
856 42 1
857 8 1
858 35 0
859 6 1
860 16 1
861 40 0
862 20 1
863 4 1
864 3 1
865 21 1
866 17 1
867 47 1
868 8 0
869 50 1
870 18 1
871 43 1
872 40 0
873 56 1
874 23 0
875 52 0
876 15 1
877 23 1
878 2 1
879 55 1
880 40 1
881 36 0
882 33 1
883 7 1
884 53 1
885 21 1
886 9 0
887 4 1
888 40 1
889 49 1
890 47 1
891 26 1
892 59 1
893 22 1
894 1 1
895 51 0
896 18 1
897 22 0
898 35 1
899 10 1
900 11 1
901 23 1
902 20 1
903 2 1
904 12 1
905 47 1
906 18 1
907 54 0
908 38 0
909 10 0
910 26 1
911 13 1
912 5 1
913 21 1
914 49 1
915 0 1
916 46 1
917 13 1
918 36 1
919 50 0
920 51 1
921 48 1
922 26 0
923 18 1
924 50 0
925 45 1
926 7 0
927 46 1
928 18 0
929 45 1
930 22 0
931 52 1
932 1 0
933 7 1
934 57 1
935 18 1
936 19 1
937 50 1
938 32 1
939 42 0
940 13 0
941 23 1
942 10 1
943 25 0
944 0 1
945 20 0
946 47 0
947 23 0
948 54 1
949 10 1
950 3 1
951 40 1
952 18 0
953 52 1
954 22 1
955 5 1
956 54 1
957 48 1
958 22 0
959 24 0
960 7 1
961 37 1
962 42 1
963 28 1
964 6 1
965 20 1
966 51 0
967 16 1
968 14 0
969 52 0
970 42 1
971 48 1
972 17 1
973 40 1
974 34 1
975 54 0
976 42 1
977 29 1
978 15 0
979 44 1
980 19 0
981 14 0
982 56 0
983 12 1
984 38 0
985 23 0
986 1 1
987 49 0
988 40 0
989 42 1
990 27 0
991 49 1
992 59 0
993 17 0
994 15 0
995 11 0
996 58 1
997 37 1
998 56 1
999 41 1
1000 53 1
1001 47 1
1002 59 1
1003 56 1
1004 59 1
1005 47 1
1006 6 1
1007 27 1
1008 46 1
1009 55 1
1010 37 1
1011 19 0
1012 32 1
1013 14 1
1014 37 1
1015 54 1
1016 51 1
1017 8 1
1018 11 1
1019 22 0
1020 27 0
1021 36 0
1022 29 1
1023 23 1
1024 31 0
1025 0 0
1026 17 0
1027 28 1
1028 16 1
1029 1 1
1030 29 1
1031 16 1
1032 22 0
1033 2 1
1034 22 1
1035 43 0
1036 10 1
1037 15 0
1038 6 1
1039 47 1
1040 42 1
1041 29 1
1042 8 1
1043 33 1
1044 23 0
1045 10 1
1046 14 1
1047 56 0
1048 44 1
1049 9 1
1050 0 1
1051 39 1
1052 55 0
1053 50 1
1054 26 0
1055 22 1
1056 18 0
1057 59 1
1058 33 0
1059 34 1
1060 51 1
1061 25 1
1062 56 1
1063 34 1
1064 5 1
1065 30 1
1066 12 0
1067 7 0
1068 56 0
1069 1 1
1070 20 1
1071 22 1
1072 7 1
1073 56 0
1074 38 1
1075 14 1
1076 7 1
1077 27 1
1078 1 1
1079 27 1
1080 20 1
1081 55 1
1082 51 1
1083 32 0
1084 53 1
1085 2 1
1086 48 0
1087 51 0
1088 30 1
1089 21 1
1090 1 0
1091 30 1
1092 14 0
1093 56 1
1094 42 0
1095 6 1
1096 13 1
1097 27 1
1098 57 0
1099 44 1
1100 24 1
1101 3 1
1102 54 0
1103 1 1
1104 25 1
1105 26 0
1106 49 1
1107 27 1
1108 46 1
1109 3 1
1110 40 1
1111 15 0
1112 48 1
1113 50 1
1114 26 1
1115 27 1
1116 4 1
1117 48 1
1118 8 1
1119 15 1
1120 55 1
1121 51 1
1122 30 1
1123 31 0
1124 35 0
1125 28 1
1126 21 0
1127 0 1
1128 11 0
1129 54 1
1130 0 1
1131 4 1
1132 43 0
1133 55 1
1134 33 1
1135 16 0
1136 36 1
1137 56 1
1138 10 1
1139 6 1
1140 55 1
1141 44 1
1142 10 0
1143 25 1
1144 19 0
1145 35 0
1146 24 1
1147 16 1
1148 24 0
1149 50 0
1150 6 1
1151 10 0
1152 5 1
1153 32 1
1154 26 0
1155 45 1
1156 4 0
1157 21 1
1158 7 0
1159 20 1
1160 49 0
1161 38 1
1162 19 0
1163 12 1
1164 50 1
1165 24 0
1166 0 1
1167 22 1
1168 25 0
1169 6 1
1170 24 1
1171 57 1
1172 13 1
1173 28 0
1174 49 0
1175 31 1
1176 28 1
1177 36 0
1178 48 1
1179 22 1
1180 43 1
1181 19 1
1182 5 1
1183 41 1
1184 12 1
1185 57 1
1186 31 1
1187 50 1
1188 57 1
1189 57 0
1190 58 1
1191 8 1
1192 21 1
1193 5 1
1194 25 0
1195 33 0
1196 58 0
1197 43 1
1198 10 1
1199 9 1
1200 4 1
1201 52 0
1202 53 1
1203 20 1
1204 0 1
1205 28 0
1206 29 1
1207 17 1
1208 21 1
1209 44 0
1210 34 1
1211 38 0
1212 54 1
1213 19 1
1214 38 1
1215 19 1
1216 26 1
1217 18 0
1218 45 0
1219 1 1
1220 31 1
1221 28 1
1222 6 1
1223 35 1
1224 43 0
1225 49 0
1226 29 0
1227 33 1
1228 40 0
1229 11 1
1230 4 0
1231 54 1
1232 26 1
1233 42 0
1234 27 0
1235 41 1
1236 5 1
1237 51 0
1238 30 0
1239 14 1
1240 37 0
1241 23 1
1242 22 1
1243 13 1
1244 33 1
1245 14 0
1246 40 1
1247 1 0
1248 4 0
1249 18 1
1250 11 1
1251 22 1
1252 45 0
1253 4 0
1254 23 0
1255 22 0
1256 6 0
1257 51 1
1258 34 1
1259 16 0
1260 21 0
1261 38 1
1262 22 0
1263 8 1
1264 6 0
1265 42 0
1266 2 0
1267 19 0
1268 1 1
1269 56 0
1270 26 1
1271 16 0
1272 55 1
1273 54 0
1274 4 1
1275 22 0
1276 32 0
1277 11 0
1278 31 1
1279 4 0
1280 29 1
1281 39 1
1282 42 1
1283 12 1
1284 6 1
1285 59 0
1286 18 1
1287 57 0
1288 15 0
1289 35 1
1290 45 0
1291 37 1
1292 49 0
1293 55 1
1294 51 0
1295 42 0
1296 46 1
1297 36 0
1298 4 1
1299 4 1
1300 48 0
1301 34 0
1302 12 1
1303 12 1
1304 7 1
1305 39 1
1306 29 1
1307 54 0
1308 48 0
1309 15 1
1310 50 1
1311 51 1
1312 2 1
1313 57 1
1314 8 0
1315 8 1
1316 58 1
1317 47 1
1318 7 0
1319 29 1
1320 23 0
1321 51 0
1322 8 1
1323 46 1
1324 36 1
1325 27 0
1326 42 0
1327 46 0
1328 39 1
1329 43 1
1330 38 1
1331 28 1
1332 27 1
1333 30 0
1334 59 1
1335 32 1
1336 52 1
1337 6 1
1338 2 0
1339 49 1
1340 46 1
1341 56 0
1342 27 1
1343 6 1
1344 18 1
1345 38 1
1346 41 1
1347 8 0
1348 14 0
1349 34 1
1350 22 0
1351 36 1
1352 15 0
1353 14 1
1354 20 0
1355 47 1
1356 4 0
1357 35 1
1358 17 1
1359 22 1
1360 23 1
1361 8 0
1362 6 1
1363 57 0
1364 39 1
1365 27 1
1366 22 0
1367 15 0
1368 30 1
1369 46 1
1370 17 1
1371 57 1
1372 8 1
1373 37 1
1374 58 1
1375 46 1
1376 59 0
1377 9 1
1378 55 1
1379 10 0
1380 22 1
1381 36 1
1382 33 1
1383 14 1
1384 6 0
1385 54 0
1386 26 1
1387 37 1
1388 59 1
1389 52 0
1390 13 1
1391 2 1
1392 25 0
1393 53 0
1394 2 0
1395 47 0
1396 41 1
1397 1 0
1398 8 0
1399 10 0
1400 59 0
1401 29 1
1402 31 1
1403 0 0
1404 12 1
1405 12 1
1406 23 0
1407 21 0
1408 10 1
1409 52 0
1410 11 0
1411 37 1
1412 48 1
1413 51 1
1414 37 1
1415 54 1
1416 41 1
1417 54 1
1418 22 0
1419 26 1
1420 39 1
1421 44 1
1422 45 0
1423 42 1
1424 4 1
1425 0 1
1426 6 0
1427 0 1
1428 0 1
1429 42 1
1430 28 1
1431 59 1
1432 52 0
1433 5 1
1434 48 0
1435 40 1
1436 2 1
1437 29 1
1438 22 1
1439 26 0
1440 37 1
1441 34 1
1442 49 1
1443 30 1
1444 9 1
1445 11 0
1446 33 1
1447 38 0
1448 4 1
1449 39 1
1450 6 1
1451 3 0
1452 36 0
1453 47 1
1454 27 1
1455 17 0
1456 33 0
1457 32 1
1458 17 0
1459 55 1
1460 0 0
1461 47 0
1462 17 1
1463 59 0
1464 52 0
1465 57 1
1466 42 1
1467 7 0
1468 24 0
1469 1 1
1470 52 1
1471 48 0
1472 1 0
1473 31 1
1474 7 0
1475 20 0
1476 26 0
1477 33 1
1478 16 1
1479 49 1
1480 54 0
1481 59 1
1482 47 1
1483 40 1
1484 44 0
1485 55 1
1486 44 1
1487 38 1
1488 55 1
1489 48 0
1490 21 0
1491 2 0
1492 0 1
1493 22 1
1494 51 0
1495 17 0
1496 58 1
1497 7 0
1498 14 1
1499 40 1
1500 12 1
1501 11 1
1502 2 1
1503 34 1
1504 52 1
1505 53 1
1506 22 0
1507 52 1
1508 15 0
1509 31 0
1510 18 0
1511 44 1
1512 48 0
1513 45 1
1514 14 0
1515 44 0
1516 45 1
1517 15 1
1518 46 1
1519 37 1
1520 3 1
1521 43 1
1522 10 0
1523 32 1
1524 41 1
1525 31 1
1526 35 1
1527 59 0
1528 43 1
1529 17 1
1530 46 1
1531 25 0
1532 50 1
1533 10 1
1534 22 1
1535 58 1
1536 10 0
1537 35 1
1538 8 1
1539 37 0
1540 55 1
1541 33 0
1542 9 1
1543 38 1
1544 53 1
1545 50 1
1546 50 1
1547 10 0
1548 40 1
1549 0 1
1550 0 1
1551 11 1
1552 39 0
1553 23 1
1554 39 1
1555 12 0
1556 54 1
1557 49 1
1558 2 0
1559 47 1
1560 16 1
1561 34 1
1562 29 0
1563 38 1
1564 56 0
1565 55 1
1566 28 1
1567 0 0
1568 38 0
1569 38 0
1570 8 0
1571 35 1
1572 28 0
1573 57 1
1574 45 1
1575 9 1
1576 7 0
1577 59 1
1578 19 1
1579 38 1
1580 7 0
1581 56 1
1582 32 1
1583 34 1
1584 56 0
1585 19 0
1586 46 1
1587 59 1
1588 12 0
1589 28 1
1590 25 1
1591 50 1
1592 12 1
1593 1 1
1594 18 1
1595 23 1
1596 56 0
1597 44 0
1598 52 1
1599 31 0
1600 6 1
1601 44 1
1602 30 1
1603 59 1
1604 24 1
1605 31 0
1606 49 1
1607 14 0
1608 2 0
1609 17 0
1610 46 0
1611 21 1
1612 51 1
1613 3 0
1614 7 1
1615 23 1
1616 2 0
1617 57 0
1618 27 1
1619 58 1
1620 8 1
1621 33 1
1622 42 1
1623 50 1
1624 54 1
1625 40 0
1626 39 1
1627 6 0
1628 58 1
1629 58 0
1630 29 0
1631 10 1
1632 14 1
1633 47 0
1634 56 1
1635 25 1
1636 6 0
1637 1 1
1638 45 1
1639 8 1
1640 51 1
1641 11 1
1642 49 1
1643 53 0
1644 11 1
1645 36 1
1646 6 1
1647 55 1
1648 45 1
1649 53 1
1650 19 1
1651 37 0
1652 16 0
1653 57 1
1654 22 1
1655 24 0
1656 45 0
1657 35 1
1658 45 1
1659 5 1
1660 13 1
1661 21 1
1662 19 0
1663 31 0
1664 51 1
1665 30 1
1666 35 0
1667 20 0
1668 46 1
1669 37 0
1670 15 0
1671 13 0
1672 29 1
1673 19 1
1674 10 0
1675 54 0
1676 50 1
1677 34 0
1678 24 0
1679 58 0
1680 21 0
1681 9 1
1682 37 1
1683 40 1
1684 39 0
1685 16 0
1686 18 1
1687 38 1
1688 2 1
1689 45 1
1690 6 0
1691 27 1
1692 47 1
1693 57 0
1694 58 0
1695 18 1
1696 17 1
1697 16 1
1698 49 1
1699 1 1
1700 5 1
1701 6 0
1702 31 0
1703 55 1
1704 26 1
1705 30 1
1706 5 1
1707 28 1
1708 43 1
1709 56 0
1710 6 1
1711 1 0
1712 34 1
1713 9 0
1714 58 0
1715 36 0
1716 12 0
1717 20 1
1718 20 1
1719 52 0
1720 40 1
1721 3 1
1722 4 1
1723 30 1
1724 41 1
1725 28 0
1726 24 1
1727 2 1
1728 32 1
1729 7 0
1730 6 1
1731 26 1
1732 18 0
1733 37 1
1734 38 1
1735 9 1
1736 44 0
1737 56 0
1738 27 1
1739 35 0
1740 28 0
1741 56 0
1742 17 1
1743 35 1
1744 54 1
1745 12 1
1746 10 0
1747 10 1
1748 1 1
1749 51 1
1750 9 1
1751 49 0
1752 4 1
1753 33 1
1754 47 1
1755 32 0
1756 3 0
1757 52 1
1758 12 1
1759 2 0
1760 54 0
1761 59 0
1762 29 1
1763 24 0
1764 49 1
1765 1 0
1766 7 1
1767 43 1
1768 12 0
1769 27 0
1770 16 1
1771 59 1
1772 12 0
1773 24 1
1774 10 0
1775 23 1
1776 25 1
1777 52 1
1778 23 1
1779 16 0
1780 16 0
1781 54 0
1782 52 0
1783 19 1
1784 37 1
1785 47 1
1786 22 1
1787 57 1
1788 37 1
1789 51 1
1790 40 1
1791 36 0
1792 20 0
1793 0 1
1794 38 1
1795 40 0
1796 26 1
1797 10 1
1798 56 0
1799 6 1
1800 52 1
1801 11 1
1802 32 0
1803 41 0
1804 13 0
1805 50 1
1806 30 1
1807 52 1
1808 47 1
1809 17 1
1810 1 1
1811 20 1
1812 16 1
1813 30 1
1814 44 0
1815 29 1
1816 15 1
1817 43 1
1818 40 1
1819 49 1
1820 48 1
1821 40 1
1822 58 0
1823 52 1
1824 16 1
1825 11 0
1826 51 0
1827 30 1
1828 37 0
1829 11 1
1830 21 0
1831 43 1
1832 13 1
1833 16 0
1834 43 1
1835 32 0
1836 37 1
1837 26 0
1838 36 1
1839 20 0
1840 12 1
1841 2 1
1842 38 0
1843 3 1
1844 25 0
1845 22 0
1846 48 1
1847 7 1
1848 15 1
1849 39 1
1850 28 1
1851 6 0
1852 15 0
1853 32 1
1854 42 1
1855 36 1
1856 8 1
1857 59 1
1858 3 1
1859 47 1
1860 1 1
1861 50 0
1862 58 1
1863 35 1
1864 20 0
1865 56 0
1866 18 1
1867 38 0
1868 34 1
1869 9 0
1870 48 0
1871 11 1
1872 15 1
1873 19 0
1874 57 0
1875 30 0
1876 7 1
1877 32 0
1878 10 1
1879 11 0
1880 13 1
1881 56 0
1882 9 1
1883 49 1
1884 29 1
1885 51 1
1886 35 0
1887 58 0
1888 57 1
1889 53 0
1890 16 1
1891 45 0
1892 28 0
1893 13 0
1894 16 1
1895 54 0
1896 15 1
1897 37 1
1898 16 0
1899 51 0
1900 8 1
1901 55 1
1902 37 1
1903 25 1
1904 11 1
1905 21 0
1906 26 1
1907 42 1
1908 7 1
1909 33 1
1910 3 1
1911 37 1
1912 9 0
1913 34 0
1914 24 1
1915 4 1
1916 0 1
1917 7 1
1918 45 1
1919 4 1
1920 35 1
1921 15 1
1922 24 0
1923 55 1
1924 37 1
1925 47 1
1926 40 1
1927 51 0
1928 22 1
1929 8 1
1930 43 1
1931 10 0
1932 11 1
1933 12 0
1934 26 1
1935 44 0
1936 43 0
1937 54 1
1938 41 1
1939 31 1
1940 2 0
1941 42 0
1942 27 1
1943 25 1
1944 51 1
1945 28 1
1946 37 1
1947 9 1
1948 32 1
1949 29 0
1950 30 1
1951 51 0
1952 57 0
1953 57 1
1954 19 1
1955 40 1
1956 31 0
1957 48 0
1958 40 1
1959 41 0
1960 30 1
1961 49 0
1962 32 1
1963 40 1
1964 3 1
1965 47 0
1966 14 1
1967 23 1
1968 8 0
1969 33 1
1970 41 1
1971 41 0
1972 12 0
1973 3 1
1974 27 1
1975 15 1
1976 46 1
1977 49 0
1978 54 0
1979 7 1
1980 30 1
1981 15 1
1982 26 1
1983 40 1
1984 51 1
1985 2 0
1986 3 1
1987 37 1
1988 56 0
1989 7 1
1990 17 0
1991 5 0
1992 18 0
1993 13 1
1994 7 0
1995 53 1
1996 8 1
1997 57 0
1998 32 1
1999 8 1
2000 35 0
2001 32 0
2002 37 1
2003 45 0
2004 33 1
2005 41 1
2006 58 1
2007 45 1
2008 24 0
2009 12 1
2010 12 1
2011 52 1
2012 58 0
2013 46 1
2014 11 1
2015 30 1
2016 49 1
2017 8 0
2018 55 0
2019 44 1
2020 29 1
2021 19 0
2022 56 1
2023 35 0
2024 55 0
2025 36 1
2026 45 1
2027 11 1
2028 55 1
2029 50 1
2030 36 0
2031 37 0
2032 6 0
2033 35 1
2034 23 0
2035 29 0
2036 30 1
2037 20 1
2038 37 0
2039 31 1
2040 35 1
2041 24 0
2042 13 1
2043 47 1
2044 17 0
2045 14 1
2046 41 1
2047 10 1
2048 21 1
2049 48 1
2050 41 1
2051 28 0
2052 50 0
2053 22 1
2054 36 0
2055 44 1
2056 37 0
2057 15 0
2058 27 1
2059 58 0
2060 32 1
2061 37 0
2062 48 0
2063 1 1
2064 9 0
2065 37 1
2066 59 1
2067 46 0
2068 38 1
2069 1 0
2070 45 0
2071 9 1
2072 37 1
2073 5 1
2074 27 0
2075 49 0
2076 9 1
2077 4 0
2078 50 1
2079 51 0
2080 47 1
2081 42 1
2082 26 1
2083 20 1
2084 28 0
2085 11 0
2086 51 0
2087 20 1
2088 45 1
2089 26 1
2090 22 0
2091 55 0
2092 26 1
2093 20 0
2094 57 0
2095 0 0
2096 32 1
2097 15 1
2098 2 1
2099 55 1
2100 33 1
2101 20 1
2102 20 0
2103 46 1
2104 58 1
2105 54 0
2106 11 1
2107 51 1
2108 41 1
2109 39 0
2110 7 1
2111 7 1
2112 14 1
2113 22 0
2114 34 0
2115 23 0
2116 8 1
2117 16 1
2118 15 1
2119 10 1
2120 58 0
2121 34 0
2122 53 0
2123 40 0
2124 14 1
2125 58 0
2126 58 0
2127 45 1
2128 4 0
2129 13 1
2130 8 1
2131 37 1
2132 11 0
2133 29 1
2134 40 0
2135 32 1
2136 43 1
2137 49 1
2138 17 1
2139 56 1
2140 40 1
2141 36 1
2142 43 1
2143 35 0
2144 12 1
2145 17 1
2146 8 0
2147 22 1
2148 33 0
2149 29 1
2150 23 0
2151 44 0
2152 53 1
2153 19 1
2154 46 0
2155 25 0
2156 53 1
2157 57 0
2158 15 1
2159 8 1
2160 12 0
2161 32 0
2162 5 1
2163 31 1
2164 30 1
2165 35 1
2166 46 1
2167 43 0
2168 37 1
2169 41 1
2170 2 1
2171 42 1
2172 52 1
2173 9 1
2174 11 1
2175 18 0
2176 27 0
2177 35 1
2178 29 1
2179 54 1
2180 43 1
2181 44 1
2182 34 1
2183 9 1
2184 23 0
2185 19 1
2186 33 0
2187 5 0
2188 33 1
2189 24 0
2190 16 1
2191 52 1
2192 17 1
2193 0 1
2194 10 1
2195 46 1
2196 8 1
2197 23 1
2198 51 1
2199 38 1
2200 58 0
2201 15 1
2202 59 1
2203 48 0
2204 19 1
2205 2 0
2206 39 1
2207 11 1
2208 14 1
2209 27 0
2210 49 0
2211 10 0
2212 37 1
2213 24 1
2214 49 1
2215 18 0
2216 0 1
2217 11 1
2218 46 1
2219 16 1
2220 56 0
2221 33 0
2222 5 1
2223 16 1
2224 47 0
2225 28 1
2226 49 1
2227 19 1
2228 56 0
2229 38 1
2230 46 1
2231 18 1
2232 22 1
2233 21 1
2234 13 0
2235 6 1
2236 48 0
2237 37 1
2238 16 1
2239 5 1
2240 29 1
2241 25 1
2242 4 0
2243 29 1
2244 27 1
2245 31 0
2246 56 0
2247 43 1
2248 10 0
2249 18 1
2250 35 0
2251 18 1
2252 5 1
2253 9 1
2254 33 1
2255 17 0
2256 39 1
2257 4 1
2258 18 1
2259 29 1
2260 25 1
2261 43 1
2262 41 1
2263 31 0
2264 16 1
2265 51 1
2266 14 1
2267 58 0
2268 57 0
2269 33 1
2270 13 1
2271 16 1
2272 9 1
2273 13 0
2274 38 1
2275 57 1
2276 26 0
2277 16 1
2278 52 1
2279 42 1
2280 28 0
2281 35 1
2282 35 1
2283 54 1
2284 25 1
2285 54 0
2286 54 1
2287 15 0
2288 15 0
2289 22 1
2290 54 1
2291 56 1
2292 53 0
2293 11 0
2294 51 1
2295 29 1
2296 20 0
2297 54 1
2298 21 1
2299 20 1
2300 52 1
2301 17 0
2302 9 1
2303 41 1
2304 45 1
2305 17 1
2306 16 1
2307 44 0
2308 9 0
2309 30 1
2310 41 0
2311 11 1
2312 47 1
2313 41 0
2314 47 0
2315 47 1
2316 59 1
2317 10 0
2318 20 0
2319 24 1
2320 47 1
2321 29 1
2322 38 1
2323 48 0
2324 52 1
2325 39 0
2326 9 1
2327 11 1
2328 49 1
2329 57 1
2330 37 1
2331 59 1
2332 40 1
2333 29 0
2334 53 0
2335 58 1
2336 27 1
2337 20 0
2338 16 0
2339 45 0
2340 19 0
2341 26 0
2342 8 1
2343 9 1
2344 14 1
2345 17 1
2346 34 1
2347 21 0
2348 18 0
2349 6 1
2350 36 0
2351 35 1
2352 7 0
2353 2 1
2354 56 0
2355 16 1
2356 56 0
2357 27 1
2358 4 0
2359 53 1
2360 26 0
2361 3 0
2362 11 0
2363 6 0
2364 58 1
2365 24 0
2366 1 1
2367 31 1
2368 39 0
2369 16 1
2370 12 1
2371 34 1
2372 59 0
2373 5 0
2374 30 1
2375 6 1
2376 45 1
2377 57 0
2378 17 1
2379 9 0
2380 8 0
2381 43 1
2382 17 0
2383 55 0
2384 31 1
2385 15 0
2386 28 1
2387 36 1
2388 42 0
2389 14 1
2390 25 0
2391 9 1
2392 22 0
2393 51 0
2394 1 1
2395 48 0
2396 26 0
2397 56 1
2398 29 1
2399 23 1
2400 46 0
2401 35 1
2402 19 0
2403 25 0
2404 46 0
2405 14 1
2406 1 0
2407 5 0
2408 13 1
2409 55 1
2410 49 0
2411 8 1
2412 58 0
2413 50 1
2414 39 1
2415 27 0
2416 43 1
2417 32 0
2418 7 1
2419 55 1
2420 30 1
2421 56 0
2422 24 1
2423 38 0
2424 50 1
2425 44 1
2426 9 1
2427 54 1
2428 41 0
2429 35 1
2430 41 1
2431 38 1
2432 50 0
2433 10 0
2434 1 1
2435 50 1
2436 59 1
2437 46 1
2438 31 0
2439 45 1
2440 50 1
2441 0 1
2442 5 0
2443 0 1
2444 14 1
2445 7 1
2446 22 1
2447 3 1
2448 48 0
2449 9 0
2450 3 1
2451 4 1
2452 29 0
2453 9 1
2454 7 0
2455 22 1
2456 15 1
2457 57 0
2458 53 1
2459 7 1
2460 25 0
2461 55 0
2462 44 1
2463 52 1
2464 56 1
2465 58 0
2466 45 1
2467 45 0
2468 45 0
2469 7 1
2470 49 1
2471 49 1
2472 37 0
2473 26 1
2474 28 1
2475 30 1
2476 24 1
2477 25 1
2478 17 0
2479 24 0
2480 10 0
2481 49 1
2482 17 1
2483 2 1
2484 21 0
2485 46 0
2486 31 0
2487 8 1
2488 6 0
2489 23 1
2490 51 1
2491 12 1
2492 11 0
2493 7 1
2494 46 1
2495 26 1
2496 46 1
2497 44 0
2498 41 0
2499 57 1
2500 48 1
2501 58 1
2502 11 0
2503 4 0
2504 32 0
2505 36 1
2506 12 0
2507 15 1
2508 10 1
2509 44 1
2510 54 1
2511 46 0
2512 9 1
2513 36 1
2514 9 1
2515 38 1
2516 9 1
2517 8 1
2518 34 1
2519 30 0
2520 31 1
2521 5 1
2522 39 1
2523 0 1
2524 43 1
2525 39 1
2526 31 1
2527 2 0
2528 39 1
2529 15 1
2530 57 1
2531 45 1
2532 21 1
2533 11 1
2534 50 1
2535 53 1
2536 31 1
2537 58 1
2538 19 0
2539 45 1
2540 26 0
2541 24 0
2542 33 1
2543 30 1
2544 49 0
2545 53 1
2546 31 1
2547 37 1
2548 8 1
2549 48 1
2550 21 1
2551 13 1
2552 24 1
2553 39 0
2554 53 1
2555 38 1
2556 32 0
2557 9 0
2558 21 1
2559 2 1
2560 16 0
2561 41 1
2562 17 1
2563 32 0
2564 58 1
2565 25 0
2566 45 0
2567 47 1
2568 41 0
2569 46 1
2570 43 1
2571 45 0
2572 19 0
2573 5 1
2574 17 1
2575 34 0
2576 54 1
2577 13 0
2578 17 0
2579 30 1
2580 49 0
2581 10 1
2582 25 1
2583 29 1
2584 17 1
2585 24 0
2586 31 1
2587 0 0
2588 40 1
2589 6 0
2590 5 1
2591 15 1
2592 48 0
2593 4 1
2594 58 1
2595 5 1
2596 21 1
2597 7 0
2598 6 1
2599 28 1
2600 43 0
2601 7 1
2602 37 0
2603 49 0
2604 14 0
2605 7 1
2606 28 0
2607 11 1
2608 43 0
2609 7 0
2610 33 1
2611 22 0
2612 20 1
2613 24 1
2614 57 0
2615 33 1
2616 36 1
2617 38 1
2618 41 0
2619 31 0
2620 7 1
2621 58 1
2622 53 1
2623 28 0
2624 9 1
2625 10 1
2626 32 1
2627 29 1
2628 45 1
2629 3 1
2630 38 1
2631 6 1
2632 1 0
2633 21 1
2634 48 1
2635 21 1
2636 15 1
2637 15 1
2638 22 0
2639 28 1
2640 11 1
2641 58 1
2642 47 1
2643 19 1
2644 6 1
2645 7 1
2646 51 1
2647 51 0
2648 43 1
2649 27 0
2650 49 1
2651 11 1
2652 0 1
2653 56 1
2654 1 1
2655 38 0
2656 39 0
2657 39 1
2658 56 1
2659 52 1
2660 21 1
2661 39 1
2662 57 0
2663 49 1
2664 27 1
2665 56 0
2666 48 0
2667 4 0
2668 25 1
2669 3 1
2670 0 1
2671 31 1
2672 10 1
2673 59 0
2674 9 1
2675 53 1
2676 34 1
2677 19 1
2678 38 1
2679 56 0
2680 8 1
2681 5 1
2682 43 1
2683 38 0
2684 1 0
2685 19 1
2686 7 1
2687 26 1
2688 44 0
2689 59 1
2690 8 1
2691 9 1
2692 0 1
2693 6 1
2694 21 1
2695 36 1
2696 31 1
2697 10 1
2698 43 0
2699 7 1
2700 14 1
2701 31 0
2702 0 0
2703 22 1
2704 22 1
2705 31 0
2706 58 1
2707 56 1
2708 0 1
2709 37 0
2710 50 1
2711 43 0
2712 40 0
2713 20 1
2714 26 1
2715 0 1
2716 38 1
2717 45 1
2718 20 1
2719 16 1
2720 12 1
2721 56 1
2722 27 0
2723 1 1
2724 40 0
2725 33 1
2726 36 1
2727 35 0
2728 53 0
2729 32 1
2730 8 0
2731 43 1
2732 48 1
2733 9 1
2734 19 0
2735 35 1
2736 12 1
2737 34 1
2738 8 1
2739 43 1
2740 58 1
2741 10 0
2742 16 1
2743 43 1
2744 34 0
2745 13 0
2746 39 1
2747 20 1
2748 17 1
2749 28 1
2750 47 1
2751 0 0
2752 18 0
2753 31 1
2754 54 1
2755 15 0
2756 22 1
2757 19 0
2758 4 1
2759 32 1
2760 9 1
2761 12 1
2762 33 1
2763 0 1
2764 46 1
2765 11 1
2766 15 1
2767 26 0
2768 22 1
2769 0 1
2770 4 0
2771 1 0
2772 26 0
2773 49 0
2774 6 1
2775 52 0
2776 50 0
2777 40 0
2778 28 0
2779 50 1
2780 0 0
2781 33 0
2782 4 0
2783 40 1
2784 48 1
2785 36 1
2786 33 1
2787 3 1
2788 34 1
2789 13 1
2790 49 1
2791 40 0
2792 1 1
2793 38 1
2794 52 1
2795 28 1
2796 29 1
2797 51 0
2798 52 1
2799 45 1
2800 56 1
2801 25 0
2802 34 1
2803 12 1
2804 4 0
2805 41 1
2806 22 1
2807 16 0
2808 25 1
2809 37 1
2810 23 0
2811 1 0
2812 59 1
2813 3 1
2814 7 1
2815 24 1
2816 53 1
2817 17 1
2818 10 1
2819 36 1
2820 47 0
2821 52 0
2822 14 0
2823 17 0
2824 4 1
2825 48 1
2826 52 1
2827 12 1
2828 25 1
2829 34 0
2830 55 1
2831 20 1
2832 49 1
2833 8 1
2834 0 1
2835 58 1
2836 45 1
2837 49 1
2838 52 1
2839 30 0
2840 1 1
2841 23 0
2842 59 1
2843 36 1
2844 35 1
2845 40 0
2846 2 1
2847 3 0
2848 39 1
2849 26 0
2850 47 1
2851 18 1
2852 8 1
2853 23 0
2854 7 0
2855 48 1
2856 3 0
2857 46 0
2858 31 0
2859 18 0
2860 17 1
2861 22 1
2862 52 0
2863 54 0
2864 29 1
2865 2 1
2866 38 0
2867 41 0
2868 12 1
2869 30 0
2870 50 0
2871 12 0
2872 13 1
2873 48 1
2874 4 1
2875 36 1
2876 49 1
2877 33 1
2878 7 1
2879 4 1
2880 33 1
2881 53 1
2882 11 0
2883 41 1
2884 22 1
2885 35 0
2886 21 0
2887 50 1
2888 37 1
2889 11 1
2890 28 1
2891 55 1
2892 29 0
2893 59 1
2894 33 1
2895 5 1
2896 54 0
2897 17 1
2898 16 0
2899 29 1
2900 53 1
2901 43 1
2902 43 0
2903 32 1
2904 3 0
2905 45 1
2906 23 1
2907 34 1
2908 46 1
2909 14 1
2910 21 0
2911 25 0
2912 10 0
2913 21 1
2914 24 0
2915 49 1
2916 38 0
2917 15 1
2918 58 0
2919 25 1
2920 23 1
2921 10 0
2922 28 1
2923 24 1
2924 9 0
2925 25 1
2926 57 1
2927 47 1
2928 16 1
2929 18 0
2930 43 1
2931 41 1
2932 32 1
2933 35 1
2934 35 1
2935 9 1
2936 47 1
2937 38 0
2938 55 0
2939 21 0
2940 32 0
2941 27 1
2942 28 1
2943 21 0
2944 7 1
2945 0 1
2946 30 1
2947 3 1
2948 21 1
2949 10 1
2950 15 1
2951 48 0
2952 30 0
2953 10 0
2954 20 1
2955 21 1
2956 18 1
2957 13 1
2958 47 1
2959 7 1
2960 57 1
2961 36 0
2962 41 1
2963 15 1
2964 2 1
2965 43 1
2966 36 0
2967 12 1
2968 41 1
2969 15 1
2970 45 1
2971 37 1
2972 9 0
2973 34 1
2974 17 1
2975 43 1
2976 40 0
2977 27 1
2978 52 0
2979 0 1
2980 51 1
2981 56 1
2982 7 1
2983 25 0
2984 14 1
2985 34 1
2986 0 1
2987 55 0
2988 54 0
2989 59 1
2990 54 0
2991 11 1
2992 2 1
2993 40 1
2994 4 1
2995 25 1
2996 15 1
2997 14 0
2998 13 1
2999 55 1
3000 3 1
3001 18 1
3002 40 0
3003 5 0
3004 26 1
3005 31 0
3006 47 1
3007 55 1
3008 12 1
3009 20 1
3010 7 0
3011 3 1
3012 58 1
3013 37 0
3014 40 0
3015 22 1
3016 53 1
3017 38 1
3018 46 1
3019 52 1
3020 40 0
3021 33 1
3022 57 1
3023 1 1
3024 47 0
3025 9 1
3026 6 1
3027 0 0
3028 13 1
3029 59 1
3030 53 1
3031 20 1
3032 1 1
3033 4 1
3034 27 1
3035 52 1
3036 12 0
3037 27 0
3038 29 0
3039 11 1
3040 49 0
3041 54 1
3042 17 1
3043 43 1
3044 24 1
3045 8 1
3046 3 0
3047 56 1
3048 11 1
3049 36 0
3050 56 1
3051 38 1
3052 37 0
3053 10 0
3054 33 1
3055 6 1
3056 33 0
3057 1 0
3058 46 1
3059 13 1
3060 18 0
3061 20 1
3062 41 1
3063 9 0
3064 8 1
3065 31 1
3066 57 1
3067 57 0
3068 6 1
3069 24 0
3070 20 1
3071 45 1
3072 30 1
3073 44 1
3074 14 0
3075 11 1
3076 10 1
3077 45 1
3078 39 1
3079 36 1
3080 32 1
3081 36 0
3082 1 1
3083 48 1
3084 32 0
3085 31 0
3086 35 1
3087 45 0
3088 47 1
3089 7 1
3090 10 1
3091 26 0
3092 42 0
3093 56 0
3094 51 0
3095 53 1
3096 24 0
3097 37 1
3098 54 1
3099 26 1
3100 31 1
3101 18 1
3102 58 0
3103 56 0
3104 17 1
3105 40 0
3106 14 1
3107 32 1
3108 2 1
3109 9 1
3110 52 1
3111 1 0
3112 23 0
3113 27 1
3114 56 0
3115 35 1
3116 34 1
3117 26 1
3118 49 1
3119 19 1
3120 18 0
3121 25 1
3122 49 1
3123 20 1
3124 17 1
3125 29 1
3126 24 0
3127 11 1
3128 1 1
3129 49 1
3130 15 1
3131 17 1
3132 10 1
3133 22 1
3134 49 1
3135 57 1
3136 24 0
3137 31 0
3138 4 0
3139 50 1
3140 13 0
3141 15 0
3142 34 1
3143 16 0
3144 48 1
3145 24 0
3146 22 0
3147 45 1
3148 16 1
3149 31 0
3150 33 1
3151 5 1
3152 26 1
3153 55 1
3154 20 1
3155 36 1
3156 57 1
3157 2 1
3158 2 1
3159 58 0
3160 16 1
3161 38 1
3162 4 1
3163 10 1
3164 22 0
3165 2 1
3166 45 1
3167 45 0
3168 37 0
3169 26 1
3170 26 1
3171 15 0
3172 46 0
3173 38 0
3174 36 1
3175 22 1
3176 50 1
3177 15 0
3178 23 1
3179 51 0
3180 43 1
3181 41 1
3182 1 1
3183 25 0
3184 59 1
3185 12 1
3186 54 0
3187 32 1
3188 44 1
3189 20 0
3190 30 0
3191 50 1
3192 35 1
3193 7 0
3194 23 1
3195 36 1
3196 51 1
3197 20 0
3198 28 1
3199 7 1
3200 36 0
3201 36 0
3202 38 1
3203 54 0
3204 2 1
3205 28 0
3206 41 1
3207 53 0
3208 15 0
3209 58 0
3210 58 1
3211 30 1
3212 37 1
3213 26 1
3214 27 1
3215 17 1
3216 45 1
3217 18 1
3218 54 0
3219 39 0
3220 19 1
3221 29 1
3222 9 1
3223 0 1
3224 14 1
3225 55 1
3226 25 0
3227 45 0
3228 7 0
3229 52 0
3230 30 1
3231 22 0
3232 54 0
3233 23 1
3234 44 1
3235 37 1
3236 53 1
3237 47 1
3238 12 0
3239 19 1
3240 46 1
3241 22 0
3242 24 0
3243 6 0
3244 3 1
3245 50 1
3246 59 1
3247 33 0
3248 44 1
3249 34 1
3250 51 1
3251 16 0
3252 9 1
3253 31 0
3254 43 0
3255 39 1
3256 56 1
3257 24 1
3258 0 1
3259 44 1
3260 20 1
3261 21 1
3262 38 0
3263 5 1
3264 51 1
3265 42 1
3266 42 1
3267 10 1
3268 54 1
3269 56 1
3270 23 1
3271 58 1
3272 20 1
3273 32 1
3274 45 0
3275 8 0
3276 42 0
3277 17 1
3278 16 1
3279 34 1
3280 53 1
3281 25 0
3282 7 1
3283 10 1
3284 1 0
3285 30 1
3286 25 1
3287 37 1
3288 43 1
3289 49 0
3290 26 1
3291 17 1
3292 12 0
3293 21 1
3294 40 1
3295 20 1
3296 4 1
3297 0 1
3298 5 0
3299 5 0
3300 0 0
3301 24 1
3302 56 0
3303 54 0
3304 10 1
3305 43 1
3306 26 1
3307 29 0
3308 19 1
3309 58 1
3310 45 0
3311 25 0
3312 48 1
3313 2 1
3314 20 1
3315 52 1
3316 27 1
3317 30 0
3318 9 0
3319 47 1
3320 1 0
3321 32 1
3322 16 1
3323 57 0
3324 51 1
3325 35 1
3326 58 1
3327 27 0
3328 19 1
3329 23 1
3330 12 1
3331 52 0
3332 16 1
3333 56 0
3334 40 0
3335 22 1
3336 58 1
3337 0 1
3338 56 0
3339 42 1
3340 52 1
3341 16 0
3342 10 1
3343 20 1
3344 48 1
3345 53 1
3346 44 0
3347 41 1
3348 0 1
3349 2 1
3350 4 1
3351 5 1
3352 19 0
3353 9 0
3354 2 0
3355 54 1
3356 1 1
3357 21 0
3358 38 0
3359 25 1
3360 10 1
3361 28 0
3362 55 1
3363 38 0
3364 30 1
3365 20 1
3366 57 1
3367 29 1
3368 23 0
3369 15 1
3370 22 0
3371 5 0
3372 5 0
3373 19 1
3374 0 1
3375 2 1
3376 2 0
3377 56 1
3378 23 1
3379 45 1
3380 8 1
3381 28 1
3382 16 0
3383 14 1
3384 28 1
3385 57 1
3386 31 1
3387 58 1
3388 13 1
3389 12 0
3390 53 0
3391 16 0
3392 37 1
3393 37 0
3394 31 0
3395 54 0
3396 12 1
3397 37 0
3398 3 1
3399 0 1
3400 4 1
3401 7 1
3402 44 1
3403 4 1
3404 7 1
3405 2 0
3406 23 1
3407 40 0
3408 15 0
3409 0 0
3410 31 1
3411 18 1
3412 0 1
3413 56 1
3414 30 1
3415 20 1
3416 38 1
3417 2 0
3418 8 0
3419 3 0
3420 15 0
3421 0 1
3422 8 1
3423 30 1
3424 49 1
3425 1 1
3426 9 0
3427 40 0
3428 6 0
3429 6 1
3430 17 1
3431 3 0
3432 37 1
3433 1 1
3434 56 1
3435 53 0
3436 2 0
3437 42 1
3438 17 0
3439 25 0
3440 28 1
3441 2 1
3442 38 1
3443 39 1
3444 12 1
3445 5 1
3446 55 1
3447 17 0
3448 57 1
3449 2 0
3450 15 1
3451 58 1
3452 32 0
3453 19 1
3454 37 1
3455 39 1
3456 2 0
3457 35 1
3458 16 1
3459 9 0
3460 44 1
3461 42 0
3462 14 1
3463 56 1
3464 1 0
3465 57 1
3466 37 0
3467 17 1
3468 20 0
3469 34 1
3470 4 1
3471 55 0
3472 46 1
3473 31 1
3474 36 1
3475 7 1
3476 46 1
3477 52 1
3478 24 1
3479 56 1
3480 30 0
3481 26 1
3482 33 1
3483 0 1
3484 4 1
3485 42 1
3486 39 0
3487 8 1
3488 51 0
3489 4 1
3490 4 1
3491 48 0
3492 45 1
3493 35 1
3494 12 0
3495 28 1
3496 0 1
3497 41 1
3498 22 1
3499 10 1
3500 59 1
3501 36 1
3502 14 1
3503 40 1
3504 59 0
3505 26 1
3506 48 0
3507 38 0
3508 39 1
3509 36 0
3510 28 1
3511 26 0
3512 50 1
3513 54 0
3514 33 0
3515 32 0
3516 41 1
3517 55 0
3518 28 1
3519 54 1
3520 11 1
3521 23 1
3522 26 0
3523 26 1
3524 6 0
3525 49 0
3526 58 1
3527 46 0
3528 14 1
3529 45 1
3530 29 1
3531 12 0
3532 1 0
3533 6 0
3534 34 1
3535 49 0
3536 12 1
3537 37 0
3538 57 1
3539 44 1
3540 49 1
3541 13 1
3542 40 1
3543 20 1
3544 32 1
3545 42 0
3546 7 1
3547 3 1
3548 53 0
3549 30 0
3550 54 0
3551 57 0
3552 15 0
3553 46 1
3554 22 0
3555 59 1
3556 48 0
3557 51 0
3558 11 1
3559 15 0
3560 8 1
3561 28 1
3562 44 0
3563 16 1
3564 26 1
3565 41 1
3566 57 1
3567 27 1
3568 5 0
3569 24 0
3570 28 1
3571 30 1
3572 35 0
3573 36 1
3574 32 1
3575 14 1
3576 42 1
3577 48 1
3578 58 0
3579 40 0
3580 42 1
3581 45 1
3582 52 1
3583 51 0
3584 10 1
3585 16 0
3586 22 1
3587 46 1
3588 0 1
3589 28 0
3590 6 1
3591 6 1
3592 8 1
3593 59 1
3594 43 0
3595 23 1
3596 53 1
3597 5 0
3598 13 1
3599 35 1
3600 4 1
3601 53 1
3602 31 0
3603 8 1
3604 45 1
3605 56 1
3606 10 1
3607 24 1
3608 33 0
3609 9 0
3610 47 0
3611 33 1
3612 33 1
3613 10 1
3614 27 1
3615 1 1
3616 30 1
3617 41 1
3618 25 1
3619 16 1
3620 25 0
3621 47 0
3622 51 1
3623 30 0
3624 19 1
3625 32 1
3626 4 1
3627 30 0
3628 44 1
3629 16 1
3630 19 0
3631 26 0
3632 56 1
3633 26 0
3634 49 0
3635 17 1
3636 39 0
3637 26 0
3638 7 1
3639 39 1
3640 28 0
3641 16 0
3642 18 1
3643 54 1
3644 20 1
3645 50 0
3646 5 1
3647 4 0
3648 16 0
3649 7 1
3650 56 0
3651 5 0
3652 12 1
3653 51 1
3654 20 1
3655 30 1
3656 34 1
3657 4 1
3658 26 1
3659 31 1
3660 46 1
3661 9 1
3662 29 1
3663 44 0
3664 35 1
3665 44 1
3666 8 1
3667 51 1
3668 12 1
3669 33 1
3670 57 1
3671 12 0
3672 42 1
3673 8 0
3674 0 0
3675 54 1
3676 52 1
3677 29 1
3678 8 1
3679 59 0
3680 57 1
3681 59 1
3682 16 0
3683 19 1
3684 17 1
3685 1 1
3686 47 0
3687 29 0
3688 15 1
3689 30 1
3690 8 0
3691 53 0
3692 12 1
3693 6 1
3694 27 0
3695 48 1
3696 33 1
3697 23 1
3698 14 1
3699 10 1
3700 26 1
3701 29 0
3702 10 0
3703 27 1
3704 28 1
3705 32 1
3706 7 1
3707 21 1
3708 39 0
3709 24 0
3710 16 0
3711 31 0
3712 44 1
3713 31 1
3714 36 1
3715 21 1
3716 29 1
3717 52 1
3718 41 1
3719 56 0
3720 1 0
3721 37 1
3722 45 0
3723 28 1
3724 9 1
3725 31 1
3726 57 1
3727 7 0
3728 49 1
3729 24 1
3730 56 0
3731 12 1
3732 20 1
3733 5 1
3734 7 0
3735 2 1
3736 14 0
3737 17 1
3738 22 1
3739 16 1
3740 22 1
3741 58 1
3742 41 0
3743 45 1
3744 28 1
3745 40 0
3746 40 1
3747 49 1
3748 40 0
3749 54 1
3750 32 1
3751 56 1
3752 28 1
3753 37 0
3754 51 1
3755 15 1
3756 40 0
3757 25 0
3758 2 0
3759 36 0
3760 4 1
3761 38 0
3762 0 1
3763 37 1
3764 6 1
3765 28 1
3766 19 1
3767 16 0
3768 30 1
3769 31 1
3770 47 0
3771 19 1
3772 43 1
3773 26 1
3774 39 1
3775 0 0
3776 11 1
3777 20 1
3778 58 0
3779 44 1
3780 20 1
3781 27 0
3782 20 1
3783 11 1
3784 30 1
3785 57 1
3786 12 0
3787 29 0
3788 45 1
3789 33 1
3790 50 1
3791 59 1
3792 3 0
3793 12 0
3794 0 0
3795 51 1
3796 52 0
3797 36 0
3798 54 0
3799 56 1
3800 22 0
3801 26 1
3802 1 1
3803 22 1
3804 43 1
3805 2 1
3806 20 1
3807 34 1
3808 57 0
3809 9 1
3810 27 1
3811 2 0
3812 19 0
3813 24 1
3814 18 0
3815 22 1
3816 5 1
3817 6 1
3818 35 0
3819 45 1
3820 7 0
3821 43 1
3822 26 0
3823 35 0
3824 48 1
3825 13 1
3826 45 0
3827 18 0
3828 46 1
3829 53 1
3830 55 0
3831 36 0
3832 55 0
3833 0 1
3834 55 1
3835 41 1
3836 17 0
3837 14 1
3838 42 1
3839 59 1
3840 26 1
3841 29 0
3842 20 0
3843 59 1
3844 23 0
3845 3 1
3846 0 0
3847 19 1
3848 7 1
3849 26 0
3850 57 0
3851 57 0
3852 25 0
3853 42 0
3854 53 0
3855 22 1
3856 45 0
3857 14 1
3858 31 1
3859 57 0
3860 58 1
3861 13 1
3862 24 1
3863 45 1
3864 36 1
3865 26 0
3866 4 1
3867 31 1
3868 19 1
3869 28 0
3870 38 0
3871 24 1
3872 34 0
3873 14 1
3874 44 0
3875 0 0
3876 55 1
3877 24 0
3878 29 1
3879 51 0
3880 6 0
3881 30 0
3882 33 0
3883 31 1
3884 59 1
3885 57 1
3886 42 1
3887 46 0
3888 45 0
3889 13 1
3890 55 1
3891 48 0
3892 10 1
3893 2 0
3894 6 1
3895 37 1
3896 55 0
3897 6 0
3898 2 1
3899 5 1
3900 21 1
3901 23 1
3902 8 1
3903 3 0
3904 1 1
3905 59 0
3906 14 1
3907 23 1
3908 43 1
3909 56 1
3910 3 1
3911 46 1
3912 34 1
3913 11 1
3914 14 1
3915 13 0
3916 3 1
3917 22 1
3918 38 0
3919 41 0
3920 26 1
3921 20 1
3922 19 1
3923 56 1
3924 1 1
3925 44 1
3926 19 1
3927 47 1
3928 16 1
3929 5 1
3930 59 1
3931 58 0
3932 55 0
3933 6 0
3934 30 1
3935 6 1
3936 19 1
3937 20 0
3938 54 1
3939 24 0
3940 53 1
3941 43 0
3942 24 0
3943 49 1
3944 22 1
3945 2 1
3946 13 1
3947 16 1
3948 5 0
3949 34 0
3950 53 1
3951 15 1
3952 51 0
3953 34 1
3954 43 1
3955 24 1
3956 51 1
3957 41 0
3958 30 0
3959 39 1
3960 17 1
3961 58 1
3962 26 1
3963 31 0
3964 20 1
3965 50 1
3966 30 0
3967 17 0
3968 32 0
3969 50 1
3970 41 0
3971 37 0
3972 5 1
3973 32 0
3974 33 1
3975 20 0
3976 46 1
3977 13 0
3978 16 0
3979 36 1
3980 34 1
3981 49 1
3982 24 0
3983 9 0
3984 49 1
3985 48 1
3986 5 1
3987 48 1
3988 28 0
3989 38 0
3990 24 0
3991 52 1
3992 1 0
3993 23 1
3994 34 0
3995 54 1
3996 17 0
3997 12 1
3998 34 1
3999 14 0
4000 12 0
4001 31 0
4002 20 0
4003 12 0
4004 23 1
4005 49 1
4006 33 1
4007 58 1
4008 24 1
4009 37 0
4010 4 1
4011 7 1
4012 51 0
4013 39 0
4014 25 1
4015 34 1
4016 56 1
4017 31 0
4018 16 0
4019 56 1
4020 17 1
4021 27 1
4022 11 1
4023 10 0
4024 31 1
4025 26 1
4026 2 1
4027 34 1
4028 36 1
4029 12 0
4030 7 0
4031 23 1
4032 51 0
4033 11 1
4034 29 0
4035 38 1
4036 36 1
4037 29 0
4038 16 1
4039 7 1
4040 2 1
4041 7 1
4042 58 1
4043 43 1
4044 55 1
4045 28 1
4046 33 1
4047 49 1
4048 45 0
4049 15 0
4050 51 0
4051 53 1
4052 51 1
4053 59 0
4054 38 0
4055 47 0
4056 32 1
4057 29 1
4058 28 1
4059 58 0
4060 59 0
4061 9 1
4062 18 1
4063 32 1
4064 50 1
4065 2 1
4066 41 1
4067 0 1
4068 53 1
4069 32 0
4070 59 1
4071 56 0
4072 5 1
4073 54 1
4074 30 1
4075 40 1
4076 19 1
4077 38 1
4078 47 1
4079 16 0
4080 58 1
4081 10 0
4082 57 1
4083 55 0
4084 3 1
4085 6 0
4086 30 0
4087 33 0
4088 20 1
4089 53 1
4090 12 1
4091 3 1
4092 7 1
4093 52 1
4094 44 1
4095 16 0
4096 19 1
4097 5 1
4098 30 0
4099 52 1
4100 12 1
4101 35 1
4102 45 1
4103 2 0
4104 20 1
4105 39 1
4106 14 1
4107 56 1
4108 8 1
4109 8 1
4110 50 1
4111 26 1
4112 44 0
4113 10 1
4114 15 0
4115 39 1
4116 45 1
4117 54 0
4118 6 1
4119 19 1
4120 44 1
4121 52 1
4122 24 1
4123 12 1
4124 29 1
4125 16 0
4126 37 0
4127 13 1
4128 5 1
4129 27 0
4130 10 1
4131 40 0
4132 12 1
4133 9 1
4134 31 0
4135 38 1
4136 18 0
4137 58 1
4138 2 1
4139 7 0
4140 14 1
4141 35 1
4142 6 1
4143 57 1
4144 56 0
4145 24 1
4146 23 1
4147 45 0
4148 31 1
4149 47 1
4150 6 1
4151 2 0
4152 39 0
4153 50 1
4154 54 1
4155 57 1
4156 13 0
4157 44 1
4158 5 0
4159 6 1
4160 59 1
4161 51 1
4162 28 1
4163 58 1
4164 6 1
4165 54 1
4166 54 0
4167 12 1
4168 40 1
4169 7 0
4170 44 1
4171 26 1
4172 21 1
4173 0 0
4174 45 0
4175 12 0
4176 30 1
4177 6 1
4178 16 1
4179 49 1
4180 26 0
4181 19 1
4182 15 1
4183 46 1
4184 27 1
4185 13 1
4186 42 0
4187 1 1
4188 43 0
4189 14 1
4190 52 1
4191 12 0
4192 15 0
4193 4 0
4194 59 1
4195 38 1
4196 21 1
4197 47 1
4198 14 1
4199 24 1
4200 11 1
4201 44 1
4202 18 1
4203 48 1
4204 31 1
4205 21 0
4206 14 1
4207 38 1
4208 27 1
4209 44 1
4210 20 1
4211 45 0
4212 57 1
4213 11 1
4214 49 0
4215 44 1
4216 5 1
4217 45 1
4218 6 0
4219 8 1
4220 21 1
4221 52 1
4222 46 1
4223 56 1
4224 57 0
4225 33 1
4226 47 0
4227 59 0
4228 42 1
4229 55 0
4230 38 1
4231 16 1
4232 0 1
4233 51 1
4234 19 0
4235 35 1
4236 21 1
4237 7 0
4238 42 0
4239 13 1
4240 28 1
4241 56 1
4242 4 0
4243 52 1
4244 50 1
4245 54 1
4246 11 1
4247 56 0
4248 3 0
4249 9 1
4250 38 0
4251 47 1
4252 55 1
4253 7 1
4254 42 1
4255 8 1
4256 7 0
4257 18 1
4258 45 0
4259 34 0
4260 49 1
4261 40 1
4262 30 1
4263 55 1
4264 15 1
4265 40 1
4266 32 1
4267 45 1
4268 7 1
4269 57 1
4270 4 1
4271 44 1
4272 55 0
4273 59 0
4274 4 1
4275 59 1
4276 53 1
4277 38 1
4278 7 1
4279 48 1
4280 30 0
4281 0 1
4282 41 0
4283 14 1
4284 29 1
4285 13 0
4286 2 1
4287 29 1
4288 51 1
4289 29 1
4290 1 1
4291 41 1
4292 0 1
4293 9 0
4294 44 1
4295 14 1
4296 10 0
4297 9 0
4298 43 1
4299 15 1
4300 27 0
4301 37 1
4302 18 1
4303 18 0
4304 34 0
4305 5 1
4306 0 1
4307 13 1
4308 57 0
4309 51 1
4310 4 1
4311 48 0
4312 3 0
4313 50 1
4314 13 1
4315 50 0
4316 26 1
4317 54 1
4318 26 1
4319 55 0
4320 44 0
4321 20 1
4322 31 1
4323 36 1
4324 48 1
4325 54 1
4326 25 1
4327 59 1
4328 32 1
4329 7 1
4330 38 1
4331 10 1
4332 17 0
4333 50 0
4334 8 1
4335 37 1
4336 29 1
4337 28 1
4338 23 1
4339 13 1
4340 16 0
4341 56 0
4342 50 1
4343 1 1
4344 20 0
4345 52 0
4346 58 1
4347 4 0
4348 58 0
4349 59 1
4350 23 0
4351 51 1
4352 26 1
4353 37 0
4354 8 1
4355 53 1
4356 57 0
4357 57 1
4358 21 1
4359 55 1
4360 51 1
4361 41 1
4362 50 1
4363 5 1
4364 23 1
4365 47 1
4366 25 1
4367 30 1
4368 35 1
4369 40 1
4370 49 1
4371 52 1
4372 8 1
4373 19 1
4374 32 1
4375 11 0
4376 53 0
4377 5 1
4378 21 1
4379 16 0
4380 51 1
4381 22 1
4382 26 0
4383 7 1
4384 44 1
4385 29 1
4386 57 1
4387 5 1
4388 2 0
4389 27 1
4390 30 1
4391 43 1
4392 15 0
4393 51 1
4394 35 1
4395 13 1
4396 54 1
4397 42 1
4398 12 0
4399 6 1
4400 12 1
4401 15 1
4402 48 0
4403 7 1
4404 36 1
4405 10 1
4406 5 1
4407 13 1
4408 25 1
4409 48 1
4410 47 1
4411 18 0
4412 29 1
4413 47 1
4414 25 1
4415 30 1
4416 13 1
4417 40 1
4418 57 0
4419 36 1
4420 14 1
4421 23 1
4422 23 0
4423 23 1
4424 17 1
4425 33 0
4426 13 0
4427 39 1
4428 36 1
4429 23 0
4430 3 0
4431 32 1
4432 31 0
4433 2 0
4434 43 1
4435 54 1
4436 17 1
4437 52 0
4438 39 1
4439 13 0
4440 27 1
4441 45 1
4442 31 1
4443 14 1
4444 34 0
4445 1 1
4446 15 1
4447 46 1
4448 29 1
4449 8 1
4450 19 0
4451 54 1
4452 56 1
4453 8 1
4454 54 1
4455 16 0
4456 1 1
4457 53 0
4458 18 1
4459 23 0
4460 37 1
4461 22 1
4462 50 1
4463 39 0
4464 41 0
4465 17 1
4466 26 0
4467 28 0
4468 42 1
4469 50 1
4470 43 1
4471 50 0
4472 59 1
4473 52 1
4474 51 0
4475 10 0
4476 32 1
4477 21 1
4478 25 0
4479 27 1
4480 24 0
4481 59 1
4482 39 1
4483 12 1
4484 49 0
4485 51 0
4486 0 1
4487 0 1
4488 17 0
4489 9 1
4490 59 0
4491 29 0
4492 36 1
4493 47 1
4494 35 0
4495 0 0
4496 50 1
4497 41 0
4498 20 1
4499 35 1
4500 48 0
4501 33 0
4502 52 1
4503 32 1
4504 9 0
4505 2 1
4506 45 0
4507 40 1
4508 6 1
4509 15 1
4510 33 1
4511 24 0
4512 7 0
4513 37 0
4514 51 0
4515 28 0
4516 31 1
4517 11 1
4518 10 1
4519 24 1
4520 10 0
4521 20 1
4522 51 1
4523 9 0
4524 20 1
4525 23 0
4526 23 1
4527 1 1
4528 53 1
4529 50 1
4530 50 1
4531 7 0
4532 56 0
4533 28 0
4534 46 1
4535 10 1
4536 12 1
4537 36 1
4538 23 0
4539 52 1
4540 1 1
4541 20 0
4542 55 1
4543 47 0
4544 43 1
4545 16 1
4546 33 1
4547 39 0
4548 25 1
4549 28 0
4550 53 0
4551 44 1
4552 1 0
4553 0 1
4554 5 1
4555 51 1
4556 0 1
4557 15 0
4558 17 1
4559 27 0
4560 32 0
4561 27 1
4562 58 0
4563 27 0
4564 6 0
4565 11 1
4566 18 1
4567 56 1
4568 16 0
4569 28 1
4570 41 0
4571 12 1
4572 24 1
4573 20 0
4574 22 1
4575 42 1
4576 22 1
4577 44 0
4578 8 0
4579 27 0
4580 42 0
4581 14 1
4582 27 1
4583 5 0
4584 59 1
4585 49 1
4586 53 1
4587 57 1
4588 13 0
4589 51 0
4590 48 1
4591 14 1
4592 35 0
4593 14 1
4594 45 1
4595 49 1
4596 12 1
4597 20 1
4598 6 1
4599 15 0
4600 51 1
4601 29 0
4602 58 1
4603 46 0
4604 27 0
4605 31 1
4606 2 0
4607 17 1
4608 27 1
4609 12 1
4610 4 0
4611 24 0
4612 49 0
4613 48 1
4614 2 1
4615 44 1
4616 52 1
4617 21 0
4618 23 1
4619 46 0
4620 36 1
4621 57 0
4622 55 1
4623 8 0
4624 37 0
4625 19 0
4626 15 1
4627 51 1
4628 20 1
4629 52 1
4630 19 0
4631 59 1
4632 34 0
4633 45 0
4634 20 1
4635 40 1
4636 50 1
4637 27 1
4638 44 1
4639 52 1
4640 49 0
4641 47 0
4642 39 1
4643 52 1
4644 2 1
4645 57 1
4646 5 0
4647 16 1
4648 1 1
4649 28 0
4650 33 0
4651 1 0
4652 46 0
4653 45 1
4654 57 1
4655 35 1
4656 33 1
4657 26 1
4658 53 0
4659 48 0
4660 47 1
4661 0 1
4662 34 1
4663 15 0
4664 10 1
4665 40 1
4666 44 1
4667 51 1
4668 11 1
4669 36 1
4670 5 0
4671 38 0
4672 26 1
4673 28 1
4674 6 1
4675 59 0
4676 46 1
4677 29 0
4678 8 0
4679 40 1
4680 4 0
4681 46 1
4682 3 1
4683 2 1
4684 57 0
4685 58 1
4686 41 1
4687 25 1
4688 24 0
4689 20 1
4690 46 1
4691 16 0
4692 11 1
4693 45 1
4694 6 0
4695 22 0
4696 39 0
4697 50 0
4698 29 1
4699 40 1
4700 22 1
4701 21 1
4702 58 1
4703 55 1
4704 16 1
4705 52 0
4706 19 0
4707 26 0
4708 30 1
4709 34 0
4710 30 1
4711 46 1
4712 49 0
4713 35 1
4714 20 0
4715 37 0
4716 37 1
4717 29 1
4718 29 1
4719 57 0
4720 24 1
4721 47 1
4722 42 1
4723 6 0
4724 9 0
4725 40 1
4726 21 1
4727 32 1
4728 54 0
4729 22 0
4730 14 0
4731 48 1
4732 58 1
4733 18 0
4734 26 0
4735 4 0
4736 57 1
4737 26 1
4738 48 1
4739 35 1
4740 57 1
4741 29 0
4742 41 0
4743 21 1
4744 53 1
4745 41 1
4746 43 0
4747 51 1
4748 38 1
4749 52 0
4750 17 1
4751 40 1
4752 31 0
4753 37 1
4754 23 0
4755 1 0
4756 27 0
4757 30 1
4758 17 0
4759 27 1
4760 27 0
4761 10 0
4762 29 0
4763 27 0
4764 4 0
4765 57 0
4766 59 0
4767 20 1
4768 27 1
4769 34 1
4770 2 1
4771 54 1
4772 58 1
4773 22 0
4774 1 0
4775 26 1
4776 42 1
4777 23 1
4778 30 0
4779 3 1
4780 2 1
4781 40 1
4782 21 0
4783 24 0
4784 57 1
4785 23 1
4786 33 1
4787 13 0
4788 27 1
4789 47 1
4790 0 1
4791 48 0
4792 42 1
4793 46 0
4794 54 0
4795 39 1
4796 34 1
4797 49 0
4798 11 1
4799 28 0
4800 11 0
4801 52 1
4802 54 1
4803 9 0
4804 32 1
4805 41 1
4806 54 1
4807 7 1
4808 25 1
4809 40 1
4810 26 0
4811 59 0
4812 30 0
4813 40 1
4814 54 1
4815 42 0
4816 52 1
4817 34 1
4818 31 1
4819 59 1
4820 16 1
4821 19 1
4822 54 0
4823 38 0
4824 3 0
4825 22 0
4826 30 1
4827 22 1
4828 1 1
4829 26 0
4830 11 1
4831 45 0
4832 26 1
4833 34 0
4834 47 1
4835 44 1
4836 58 0
4837 13 1
4838 14 1
4839 3 1
4840 53 0
4841 47 1
4842 38 0
4843 8 0
4844 12 1
4845 19 1
4846 26 0
4847 3 0
4848 15 1
4849 41 1
4850 54 0
4851 57 1
4852 20 1
4853 44 0
4854 45 1
4855 44 1
4856 56 1
4857 46 1
4858 33 1
4859 6 1
4860 20 1
4861 45 0
4862 21 1
4863 30 1
4864 17 1
4865 23 0
4866 28 0
4867 4 1
4868 23 1
4869 15 1
4870 20 0
4871 31 1
4872 15 0
4873 43 0
4874 4 1
4875 18 1
4876 58 0
4877 55 0
4878 52 0
4879 40 1
4880 29 0
4881 22 0
4882 15 1
4883 39 0
4884 59 1
4885 31 1
4886 38 0
4887 21 1
4888 4 1
4889 33 0
4890 46 0
4891 18 1
4892 48 1
4893 48 0
4894 31 1
4895 42 1
4896 15 0
4897 59 1
4898 7 1
4899 1 1
4900 16 0
4901 18 1
4902 10 1
4903 39 1
4904 36 0
4905 16 0
4906 57 0
4907 50 1
4908 39 1
4909 9 1
4910 50 0
4911 12 1
4912 32 0
4913 28 0
4914 33 1
4915 46 1
4916 37 1
4917 28 1
4918 28 1
4919 54 0
4920 12 0
4921 10 0
4922 36 0
4923 38 0
4924 31 0
4925 19 1
4926 24 0
4927 11 1
4928 18 1
4929 28 1
4930 0 1
4931 24 0
4932 2 1
4933 16 1
4934 0 1
4935 18 0
4936 13 0
4937 58 1
4938 29 1
4939 50 1
4940 8 1
4941 57 0
4942 24 1
4943 13 0
4944 39 1
4945 17 1
4946 47 1
4947 0 1
4948 34 1
4949 56 0
4950 20 1
4951 22 0
4952 43 1
4953 59 1
4954 49 0
4955 56 1
4956 42 1
4957 22 1
4958 54 0
4959 32 1
4960 8 1
4961 5 1
4962 31 1
4963 20 1
4964 14 1
4965 23 0
4966 31 1
4967 44 1
4968 58 0
4969 18 1
4970 33 1
4971 44 0
4972 51 0
4973 14 1
4974 25 1
4975 11 1
4976 28 1
4977 12 0
4978 5 1
4979 56 1
4980 41 0
4981 30 0
4982 48 0
4983 18 0
4984 58 1
4985 33 1
4986 34 1
4987 30 0
4988 8 1
4989 3 1
4990 15 1
4991 59 0
4992 22 1
4993 34 0
4994 37 1
4995 32 1
4996 25 0
4997 23 0
4998 17 0
4999 52 1
5000 10 0
5001 30 0
5002 27 1
5003 2 1
5004 29 1
5005 2 0
5006 12 1
5007 19 1
5008 5 1
5009 47 1
5010 7 1
5011 45 0
5012 13 1
5013 37 0
5014 41 1
5015 29 1
5016 47 1
5017 20 1
5018 36 0
5019 34 0
5020 20 0
5021 33 1
5022 30 1
5023 52 1
5024 29 1
5025 54 1
5026 42 1
5027 0 1
5028 47 1
5029 10 1
5030 51 1
5031 4 1
5032 15 1
5033 36 1
5034 38 1
5035 48 0
5036 39 1
5037 16 1
5038 5 0
5039 29 0
5040 31 1
5041 54 1
5042 54 0
5043 0 1
5044 15 1
5045 1 0
5046 42 1
5047 28 0
5048 29 1
5049 40 1
5050 8 0
5051 51 1
5052 41 1
5053 41 1
5054 59 1
5055 4 0
5056 17 1
5057 43 1
5058 44 0
5059 44 1
5060 46 1
5061 50 1
5062 43 1
5063 9 0
5064 15 0
5065 4 1
5066 1 0
5067 47 1
5068 46 1
5069 12 1
5070 22 1
5071 15 0
5072 6 1
5073 34 1
5074 34 1
5075 41 0
5076 55 0
5077 32 1
5078 42 1
5079 35 1
5080 22 1
5081 5 1
5082 27 1
5083 57 1
5084 4 0
5085 51 0
5086 25 1
5087 49 1
5088 49 1
5089 13 1
5090 33 0
5091 27 1
5092 10 1
5093 59 1
5094 32 1
5095 33 1
5096 5 1
5097 9 1
5098 14 1
5099 38 0
5100 15 0
5101 36 1
5102 19 1
5103 55 1
5104 48 0
5105 15 0
5106 46 0
5107 34 1
5108 33 1
5109 40 1
5110 51 1
5111 51 0
5112 36 1
5113 21 0
5114 58 1
5115 1 1
5116 4 0
5117 29 1
5118 3 1
5119 24 1
5120 16 1
5121 57 1
5122 14 1
5123 43 1
5124 48 1
5125 37 0
5126 22 1
5127 28 1
5128 13 1
5129 41 1
5130 32 0
5131 17 1
5132 13 1
5133 51 1
5134 3 0
5135 52 0
5136 47 0
5137 6 1
5138 5 1
5139 32 1
5140 6 1
5141 25 0
5142 22 1
5143 10 1
5144 34 1
5145 38 1
5146 19 0
5147 34 1
5148 34 1
5149 40 1
5150 33 1
5151 48 1
5152 59 1
5153 13 1
5154 37 0
5155 50 1
5156 39 1
5157 3 0
5158 9 1
5159 20 0
5160 49 1
5161 42 1
5162 46 0
5163 32 0
5164 27 1
5165 49 0
5166 30 0
5167 13 1
5168 17 1
5169 25 0
5170 56 1
5171 29 0
5172 32 1
5173 13 1
5174 29 1
5175 17 1
5176 25 0
5177 19 1
5178 1 0
5179 24 1
5180 57 1
5181 20 0
5182 35 0
5183 40 1
5184 44 1
5185 38 0
5186 21 1
5187 52 0
5188 31 1
5189 19 0
5190 32 1
5191 12 1
5192 28 1
5193 44 1
5194 15 1
5195 49 0
5196 6 0
5197 23 0
5198 27 1
5199 18 0
5200 1 0
5201 36 1
5202 4 1
5203 0 1
5204 26 1
5205 20 0
5206 47 1
5207 31 1
5208 48 0
5209 29 0
5210 16 0
5211 8 0
5212 13 0
5213 48 1
5214 19 1
5215 36 0
5216 2 1
5217 34 0
5218 24 1
5219 18 1
5220 53 1
5221 25 1
5222 3 1
5223 41 1
5224 5 1
5225 46 0
5226 21 0
5227 28 1
5228 2 1
5229 51 0
5230 14 1
5231 41 1
5232 23 0
5233 59 0
5234 50 1
5235 30 0
5236 47 1
5237 8 1
5238 45 1
5239 25 1
5240 52 1
5241 55 0
5242 42 0
5243 24 0
5244 23 1
5245 5 0
5246 34 1
5247 30 1
5248 54 1
5249 44 1
5250 38 1
5251 3 0
5252 55 1
5253 0 0
5254 45 1
5255 6 1
5256 21 1
5257 35 1
5258 9 0
5259 48 1
5260 14 1
5261 46 1
5262 24 1
5263 37 0
5264 45 0
5265 46 0
5266 12 0
5267 40 1
5268 54 1
5269 23 1
5270 58 1
5271 9 1
5272 23 0
5273 15 1
5274 35 1
5275 40 1
5276 42 1
5277 21 1
5278 42 1
5279 9 1
5280 3 0
5281 34 1
5282 37 0
5283 15 0
5284 39 1
5285 3 1
5286 0 1
5287 41 0
5288 32 0
5289 31 1
5290 36 0
5291 40 0
5292 38 0
5293 9 1
5294 43 0
5295 24 0
5296 13 1
5297 54 1
5298 58 1
5299 6 0
5300 33 1
5301 51 0
5302 5 1
5303 41 1
5304 12 1
5305 36 0
5306 24 1
5307 51 0
5308 1 1
5309 0 0
5310 18 1
5311 23 1
5312 15 1
5313 7 0
5314 11 0
5315 35 0
5316 15 1
5317 2 1
5318 42 0
5319 42 1
5320 55 1
5321 27 0
5322 19 0
5323 59 0
5324 19 0
5325 49 1
5326 23 1
5327 54 0
5328 13 1
5329 44 1
5330 58 0
5331 53 0
5332 29 0
5333 18 1
5334 38 0
5335 58 1
5336 2 1
5337 38 1
5338 44 0
5339 26 1
5340 28 1
5341 26 0
5342 11 1
5343 22 0
5344 5 1
5345 41 1
5346 10 1
5347 1 1
5348 22 1
5349 43 0
5350 3 1
5351 19 1
5352 59 1
5353 11 1
5354 18 1
5355 39 1
5356 36 1
5357 29 1
5358 9 1
5359 3 1
5360 43 0
5361 2 1
5362 4 1
5363 17 1
5364 58 0
5365 11 0
5366 34 0
5367 50 1
5368 3 1
5369 9 1
5370 22 1
5371 7 1
5372 38 1
5373 37 1
5374 21 1
5375 46 1
5376 10 0
5377 41 1
5378 27 0
5379 32 1
5380 52 1
5381 18 1
5382 50 1
5383 0 0
5384 54 1
5385 7 0
5386 41 0
5387 59 0
5388 44 0
5389 51 1
5390 1 1
5391 1 1
5392 1 0
5393 17 1
5394 33 1
5395 45 1
5396 18 1
5397 52 0
5398 55 0
5399 54 1
5400 37 1
5401 50 0
5402 9 0
5403 30 1
5404 9 1
5405 42 1
5406 42 0
5407 6 1
5408 9 1
5409 11 0
5410 58 1
5411 0 1
5412 51 0
5413 0 1
5414 20 1
5415 28 1
5416 41 1
5417 16 0
5418 59 1
5419 27 1
5420 51 0
5421 3 0
5422 36 1
5423 16 0
5424 10 1
5425 20 1
5426 15 0
5427 8 1
5428 57 1
5429 36 0
5430 55 0
5431 15 1
5432 14 1
5433 18 1
5434 1 0
5435 6 1
5436 38 1
5437 25 0
5438 3 0
5439 52 1
5440 0 0
5441 13 0
5442 17 0
5443 57 0
5444 14 0
5445 33 1
5446 22 0
5447 30 1
5448 4 1
5449 34 1
5450 18 0
5451 58 1
5452 42 1
5453 3 0
5454 57 1
5455 43 1
5456 59 1
5457 49 1
5458 2 0
5459 32 1
5460 12 0
5461 9 1
5462 37 1
5463 4 1
5464 20 1
5465 39 1
5466 11 1
5467 26 1
5468 44 1
5469 22 1
5470 24 1
5471 23 1
5472 46 0
5473 33 0
5474 50 1
5475 56 1
5476 54 0
5477 30 0
5478 37 1
5479 5 1
5480 56 1
5481 27 1
5482 13 1
5483 44 1
5484 7 1
5485 31 1
5486 56 1
5487 39 1
5488 58 1
5489 14 0
5490 1 1
5491 43 0
5492 0 1
5493 19 0
5494 31 1
5495 26 0
5496 0 1
5497 19 1
5498 30 0
5499 2 0
5500 55 1
5501 1 1
5502 11 1
5503 10 1
5504 37 0
5505 42 1
5506 27 1
5507 26 1
5508 31 1
5509 4 1
5510 45 1
5511 14 1
5512 7 1
5513 42 1
5514 30 1
5515 59 1
5516 2 1
5517 0 0
5518 32 0
5519 59 0
5520 35 0
5521 40 1
5522 58 1
5523 13 1
5524 35 1
5525 16 0
5526 31 0
5527 49 1
5528 4 1
5529 59 1
5530 59 1
5531 51 1
5532 50 0
5533 59 1
5534 54 1
5535 24 1
5536 31 1
5537 7 1
5538 54 1
5539 51 1
5540 29 1
5541 33 0
5542 37 0
5543 30 0
5544 45 1
5545 8 1
5546 20 1
5547 38 1
5548 36 0
5549 26 1
5550 19 1
5551 36 1
5552 39 1
5553 20 1
5554 4 1
5555 39 0
5556 10 1
5557 26 0
5558 19 1
5559 21 1
5560 18 1
5561 33 1
5562 14 1
5563 42 0
5564 33 1
5565 4 0
5566 50 1
5567 35 1
5568 16 1
5569 47 1
5570 50 1
5571 45 0
5572 22 1
5573 32 0
5574 52 1
5575 30 1
5576 7 0
5577 33 1
5578 59 0
5579 55 0
5580 15 1
5581 10 1
5582 24 0
5583 19 1
5584 17 1
5585 52 0
5586 16 0
5587 0 1
5588 33 1
5589 4 1
5590 17 0
5591 12 1
5592 22 0
5593 30 1
5594 45 1
5595 38 0
5596 2 0
5597 58 1
5598 18 1
5599 7 0
5600 16 1
5601 34 1
5602 21 1
5603 4 1
5604 50 1
5605 56 0
5606 35 0
5607 17 0
5608 46 1
5609 10 1
5610 49 1
5611 23 1
5612 29 1
5613 18 1
5614 40 1
5615 6 0
5616 8 1
5617 21 1
5618 59 1
5619 9 0
5620 26 1
5621 42 0
5622 6 0
5623 58 1
5624 30 1
5625 15 0
5626 49 0
5627 3 1
5628 0 0
5629 50 0
5630 30 1
5631 13 1
5632 30 1
5633 53 1
5634 44 1
5635 3 1
5636 51 0
5637 3 1
5638 36 1
5639 41 1
5640 53 1
5641 11 1
5642 27 1
5643 54 0
5644 28 0
5645 44 1
5646 25 1
5647 21 1
5648 23 1
5649 9 0
5650 52 0
5651 9 0
5652 50 1
5653 25 0
5654 49 1
5655 17 0
5656 47 1
5657 18 1
5658 35 0
5659 34 0
5660 40 0
5661 45 0
5662 7 0
5663 53 1
5664 57 1
5665 30 1
5666 7 1
5667 26 1
5668 36 1
5669 15 1
5670 50 0
5671 0 1
5672 53 1
5673 44 0
5674 14 1
5675 23 0
5676 28 1
5677 53 0
5678 8 1
5679 58 1
5680 33 1
5681 47 1
5682 51 1
5683 21 0
5684 49 0
5685 37 1
5686 1 1
5687 9 1
5688 40 1
5689 15 1
5690 4 1
5691 49 1
5692 40 1
5693 52 1
5694 21 1
5695 37 1
5696 2 1
5697 26 0
5698 22 1
5699 57 1
5700 15 0
5701 43 1
5702 4 0
5703 56 1
5704 30 1
5705 30 0
5706 34 1
5707 52 1
5708 54 0
5709 46 1
5710 11 0
5711 53 1
5712 41 0
5713 51 0
5714 50 1
5715 7 1
5716 23 1
5717 59 1
5718 26 0
5719 55 1
5720 50 1
5721 24 1
5722 38 1
5723 31 0
5724 44 1
5725 32 0
5726 42 1
5727 1 1
5728 29 0
5729 10 1
5730 41 0
5731 9 0
5732 43 1
5733 8 0
5734 55 0
5735 59 0
5736 22 1
5737 3 1
5738 23 0
5739 24 1
5740 44 0
5741 55 1
5742 14 0
5743 33 1
5744 40 1
5745 54 1
5746 37 0
5747 3 0
5748 12 1
5749 23 0
5750 7 0
5751 38 1
5752 37 1
5753 29 1
5754 7 0
5755 59 1
5756 42 1
5757 2 1
5758 42 1
5759 31 1
5760 56 0
5761 21 1
5762 22 1
5763 46 1
5764 35 1
5765 26 0
5766 23 1
5767 4 0
5768 37 0
5769 52 1
5770 12 1
5771 21 1
5772 38 1
5773 43 0
5774 35 0
5775 28 0
5776 32 1
5777 57 1
5778 5 1
5779 21 1
5780 37 1
5781 7 1
5782 44 0
5783 53 0
5784 30 1
5785 58 1
5786 29 1
5787 36 0
5788 27 0
5789 21 0
5790 26 0
5791 26 1
5792 22 1
5793 37 0
5794 50 1
5795 51 1
5796 29 0
5797 12 1
5798 3 0
5799 27 0
5800 42 1
5801 7 0
5802 29 0
5803 12 1
5804 55 1
5805 50 1
5806 14 0
5807 55 0
5808 31 1
5809 55 1
5810 14 0
5811 33 1
5812 37 1
5813 41 1
5814 42 1
5815 57 0
5816 26 0
5817 21 0
5818 40 1
5819 43 1
5820 6 1
5821 40 1
5822 42 0
5823 48 1
5824 52 0
5825 19 1
5826 21 1
5827 34 1
5828 30 1
5829 23 0
5830 16 0
5831 22 1
5832 25 1
5833 21 1
5834 16 0
5835 24 1
5836 22 0
5837 26 1
5838 24 0
5839 9 0
5840 41 0
5841 6 1
5842 6 1
5843 45 1
5844 41 1
5845 25 0
5846 22 1
5847 16 1
5848 22 1
5849 37 1
5850 26 1
5851 44 0
5852 58 1
5853 44 0
5854 8 1
5855 30 1
5856 58 1
5857 36 1
5858 1 0
5859 25 0
5860 22 1
5861 24 1
5862 30 1
5863 16 1
5864 9 1
5865 15 1
5866 54 1
