5618
1 34 1
2 79 1
3 103 0
4 144 0
5 121 0
6 199 1
7 67 1
8 10 1
9 150 1
10 28 1
11 224 1
12 69 0
13 50 0
14 7 1
15 115 0
16 42 1
17 6 1
18 195 1
19 148 1
20 130 1
21 33 0
22 191 1
23 97 1
24 104 1
25 90 0
26 178 1
27 176 1
28 129 0
29 194 0
30 73 1
31 9 1
32 3 1
33 41 0
34 141 1
35 113 1
36 51 0
37 177 1
38 51 0
39 20 0
40 98 1
41 108 1
42 2 0
43 84 0
44 71 1
45 55 0
46 132 1
47 48 1
48 112 1
49 138 1
50 83 0
51 118 0
52 202 1
53 165 1
54 146 0
55 0 1
56 116 0
57 80 1
58 181 1
59 53 1
60 215 0
61 201 1
62 205 1
63 59 0
64 143 1
65 163 1
66 40 0
67 165 0
68 137 0
69 71 1
70 92 0
71 87 1
72 197 1
73 131 1
74 120 1
75 191 1
76 81 1
77 47 1
78 217 0
79 195 1
80 107 1
81 148 1
82 200 1
83 194 1
84 220 1
85 196 0
86 142 1
87 80 0
88 27 1
89 49 1
90 184 1
91 59 0
92 208 0
93 143 1
94 1 1
95 103 1
96 13 1
97 61 0
98 140 0
99 111 0
100 81 1
101 4 1
102 151 1
103 122 1
104 100 1
105 130 1
106 216 0
107 141 1
108 84 1
109 183 0
110 167 1
111 227 0
112 113 1
113 198 1
114 119 0
115 190 1
116 194 1
117 212 1
118 99 1
119 100 1
120 83 1
121 60 0
122 207 0
123 56 1
124 46 0
125 166 0
126 85 1
127 198 1
128 29 1
129 44 1
130 54 1
131 137 0
132 4 0
133 170 1
134 33 1
135 92 0
136 60 1
137 203 1
138 142 0
139 119 0
140 59 1
141 190 0
142 26 1
143 147 1
144 101 0
145 220 1
146 213 1
147 192 1
148 55 1
149 110 1
150 192 1
151 8 1
152 126 0
153 79 0
154 48 0
155 18 1
156 44 1
157 40 1
158 141 1
159 158 1
160 167 0
161 201 1
162 84 1
163 175 1
164 103 1
165 32 0
166 31 0
167 107 0
168 72 1
169 2 1
170 190 1
171 16 0
172 17 0
173 109 0
174 32 1
175 204 0
176 206 1
177 141 1
178 163 0
179 218 1
180 161 0
181 122 0
182 110 1
183 153 0
184 220 1
185 91 1
186 208 1
187 221 1
188 164 1
189 187 1
190 142 1
191 184 1
192 145 1
193 199 1
194 217 1
195 134 1
196 15 1
197 130 0
198 62 1
199 97 0
200 0 0
201 25 1
202 84 1
203 222 0
204 120 0
205 20 1
206 133 0
207 188 1
208 90 0
209 162 1
210 153 1
211 18 0
212 113 1
213 82 1
214 205 1
215 17 1
216 172 1
217 201 0
218 76 0
219 80 1
220 165 1
221 36 1
222 93 1
223 152 0
224 187 1
225 68 1
226 170 1
227 69 1
228 7 0
229 2 1
230 135 0
231 221 0
232 78 1
233 155 1
234 194 1
235 140 0
236 123 1
237 5 1
238 204 1
239 205 1
240 31 1
241 64 0
242 131 1
243 45 1
244 88 1
245 155 0
246 84 0
247 106 1
248 164 1
249 105 0
250 56 1
251 66 0
252 225 1
253 185 1
254 33 1
255 153 1
256 207 1
257 54 0
258 154 1
259 53 1
260 164 0
261 26 1
262 178 0
263 198 1
264 198 1
265 32 1
266 109 0
267 10 1
268 202 1
269 96 1
270 145 0
271 103 0
272 58 1
273 55 1
274 62 1
275 15 1
276 121 0
277 50 0
278 221 0
279 201 0
280 112 1
281 22 0
282 136 0
283 117 0
284 16 1
285 149 0
286 55 1
287 90 0
288 3 1
289 98 1
290 41 0
291 79 1
292 186 1
293 22 1
294 165 1
295 175 0
296 34 0
297 60 1
298 17 1
299 85 1
300 210 0
301 211 0
302 79 0
303 151 1
304 22 1
305 163 0
306 166 0
307 14 0
308 175 1
309 123 0
310 65 1
311 179 0
312 55 1
313 73 0
314 8 1
315 122 1
316 197 1
317 28 1
318 226 0
319 147 1
320 4 0
321 100 1
322 129 1
323 114 1
324 183 1
325 205 0
326 96 0
327 135 1
328 199 1
329 28 1
330 171 1
331 214 1
332 76 1
333 221 0
334 225 0
335 111 1
336 26 0
337 219 1
338 114 1
339 4 1
340 146 0
341 106 1
342 154 0
343 182 0
344 26 1
345 121 1
346 165 1
347 126 1
348 153 0
349 89 1
350 47 1
351 183 1
352 200 0
353 17 1
354 83 1
355 171 0
356 35 0
357 32 0
358 79 1
359 102 0
360 0 1
361 107 0
362 134 1
363 180 0
364 141 0
365 225 0
366 45 1
367 67 1
368 142 0
369 119 1
370 122 1
371 227 0
372 128 1
373 134 0
374 33 1
375 117 0
376 36 0
377 215 1
378 18 1
379 18 1
380 28 1
381 153 0
382 212 0
383 107 1
384 76 1
385 140 0
386 94 1
387 143 1
388 186 1
389 218 0
390 90 0
391 56 1
392 135 1
393 100 0
394 15 1
395 102 1
396 166 0
397 134 0
398 51 1
399 64 0
400 44 1
401 114 1
402 147 1
403 149 0
404 111 1
405 128 1
406 34 1
407 115 1
408 17 1
409 111 1
410 122 0
411 108 0
412 60 0
413 226 0
414 60 1
415 11 1
416 71 1
417 47 1
418 186 1
419 112 1
420 123 1
421 58 0
422 213 1
423 130 1
424 161 0
425 67 0
426 31 0
427 131 1
428 206 1
429 219 1
430 223 0
431 190 0
432 159 0
433 57 0
434 221 1
435 219 1
436 197 1
437 77 0
438 11 1
439 201 1
440 10 1
441 15 0
442 4 0
443 165 1
444 79 1
445 68 1
446 175 0
447 157 0
448 40 1
449 29 1
450 171 0
451 182 0
452 102 1
453 112 0
454 27 1
455 58 1
456 142 0
457 111 1
458 40 1
459 160 0
460 9 1
461 211 0
462 30 1
463 96 1
464 143 1
465 136 1
466 177 1
467 31 1
468 137 0
469 166 1
470 17 1
471 218 0
472 118 1
473 93 1
474 198 1
475 67 0
476 57 1
477 180 0
478 206 1
479 190 0
480 189 1
481 12 1
482 220 1
483 191 0
484 203 1
485 82 1
486 157 1
487 151 1
488 206 0
489 207 0
490 89 1
491 172 0
492 112 1
493 5 1
494 189 1
495 16 1
496 97 1
497 77 0
498 103 1
499 7 0
500 185 1
501 70 1
502 178 1
503 179 0
504 57 1
505 137 1
506 220 1
507 64 1
508 10 1
509 14 1
510 69 1
511 137 0
512 90 1
513 60 0
514 43 1
515 44 0
516 173 0
517 148 1
518 140 1
519 68 1
520 29 1
521 132 1
522 91 0
523 157 1
524 71 1
525 104 1
526 218 1
527 111 0
528 33 1
529 62 1
530 27 1
531 109 1
532 26 1
533 112 0
534 128 1
535 168 1
536 190 1
537 210 1
538 74 0
539 171 1
540 115 1
541 73 0
542 78 1
543 5 1
544 145 1
545 219 0
546 207 1
547 161 1
548 146 0
549 203 0
550 13 0
551 8 1
552 21 1
553 46 0
554 178 1
555 28 0
556 69 1
557 218 1
558 58 1
559 62 1
560 64 1
561 164 0
562 171 0
563 64 1
564 158 1
565 168 0
566 215 1
567 179 1
568 184 0
569 135 0
570 35 1
571 4 1
572 53 1
573 56 1
574 218 1
575 119 1
576 204 0
577 113 0
578 184 1
579 41 1
580 21 1
581 105 1
582 174 0
583 65 0
584 86 1
585 69 1
586 168 1
587 14 0
588 83 0
589 136 0
590 220 0
591 144 0
592 114 1
593 148 0
594 11 1
595 4 1
596 187 0
597 73 1
598 183 1
599 68 1
600 126 0
601 163 1
602 226 0
603 75 1
604 35 1
605 171 0
606 43 0
607 12 1
608 150 1
609 48 1
610 154 1
611 210 0
612 179 1
613 51 0
614 209 1
615 191 1
616 44 1
617 190 1
618 91 0
619 139 0
620 69 1
621 170 1
622 203 1
623 75 1
624 131 1
625 58 1
626 192 0
627 187 0
628 127 1
629 65 0
630 145 1
631 4 0
632 171 1
633 19 1
634 35 0
635 177 1
636 62 1
637 22 1
638 90 0
639 162 1
640 8 1
641 67 0
642 65 1
643 148 0
644 53 1
645 73 0
646 47 1
647 192 1
648 75 1
649 41 0
650 175 1
651 3 1
652 110 0
653 62 0
654 138 1
655 210 1
656 20 1
657 152 0
658 92 1
659 66 0
660 90 1
661 149 1
662 20 1
663 128 1
664 129 1
665 221 1
666 176 1
667 117 0
668 38 0
669 47 1
670 191 1
671 128 0
672 95 1
673 85 0
674 140 1
675 153 1
676 94 0
677 156 1
678 220 1
679 225 0
680 30 1
681 214 1
682 4 1
683 53 1
684 71 0
685 39 1
686 146 0
687 34 1
688 7 0
689 5 1
690 59 1
691 167 1
692 21 1
693 56 1
694 168 0
695 134 0
696 61 1
697 176 1
698 12 1
699 155 0
700 119 1
701 133 1
702 134 0
703 83 1
704 76 1
705 78 1
706 34 1
707 93 0
708 128 0
709 84 1
710 8 0
711 38 0
712 143 1
713 166 0
714 21 1
715 26 1
716 60 1
717 209 1
718 132 1
719 125 1
720 184 1
721 147 1
722 8 1
723 62 0
724 195 1
725 221 1
726 170 1
727 76 0
728 50 1
729 29 0
730 123 1
731 31 0
732 19 1
733 183 0
734 109 1
735 147 1
736 71 0
737 73 1
738 128 1
739 3 1
740 70 1
741 102 1
742 44 0
743 114 1
744 208 1
745 198 1
746 2 1
747 91 0
748 30 0
749 189 0
750 142 1
751 222 1
752 208 1
753 80 0
754 218 1
755 219 1
756 80 1
757 105 1
758 59 1
759 23 0
760 166 0
761 190 1
762 10 1
763 207 0
764 116 0
765 213 1
766 65 0
767 16 1
768 78 0
769 153 1
770 197 0
771 161 1
772 41 0
773 222 0
774 62 1
775 171 0
776 26 0
777 202 1
778 204 0
779 109 1
780 137 1
781 139 1
782 105 1
783 36 1
784 57 1
785 40 1
786 154 0
787 123 1
788 28 1
789 68 1
790 134 1
791 124 0
792 178 1
793 1 1
794 83 1
795 50 1
796 221 1
797 211 1
798 150 1
799 54 0
800 30 1
801 37 1
802 83 1
803 152 1
804 66 1
805 7 0
806 53 1
807 165 1
808 33 0
809 173 1
810 64 1
811 124 0
812 217 0
813 156 1
814 160 1
815 134 1
816 76 1
817 162 1
818 152 1
819 59 1
820 128 0
821 222 1
822 1 1
823 184 1
824 129 0
825 150 1
826 172 1
827 23 0
828 171 1
829 73 1
830 177 1
831 97 1
832 199 0
833 217 0
834 150 1
835 145 0
836 147 0
837 19 1
838 103 1
839 199 1
840 136 0
841 215 1
842 200 1
843 31 0
844 222 1
845 50 1
846 116 1
847 213 1
848 211 1
849 15 1
850 38 1
851 216 1
852 105 1
853 122 0
854 227 1
855 17 1
856 18 1
857 20 0
858 47 1
859 150 0
860 172 0
861 16 1
862 152 1
863 196 0
864 219 1
865 57 1
866 161 0
867 35 0
868 68 0
869 50 1
870 54 1
871 7 0
872 88 0
873 80 0
874 95 1
875 208 0
876 219 0
877 131 1
878 14 1
879 67 1
880 100 0
881 84 1
882 201 0
883 103 1
884 65 0
885 141 1
886 9 1
887 208 1
888 208 1
889 37 1
890 95 1
891 146 0
892 47 1
893 34 0
894 181 1
895 99 1
896 30 0
897 118 1
898 107 0
899 94 0
900 179 1
901 95 0
902 188 1
903 74 1
904 168 1
905 47 1
906 162 0
907 138 1
908 62 1
909 58 1
910 62 0
911 85 1
912 161 1
913 129 1
914 1 0
915 0 0
916 34 1
917 157 1
918 204 0
919 194 0
920 147 1
921 180 0
922 26 1
923 78 1
924 50 1
925 105 1
926 115 1
927 10 1
928 198 0
929 105 1
930 166 1
931 184 1
932 217 1
933 211 1
934 165 1
935 126 1
936 223 1
937 182 1
938 200 0
939 126 0
940 217 0
941 167 0
942 226 1
943 169 1
944 120 1
945 200 0
946 167 0
947 47 1
948 90 1
949 154 0
950 27 0
951 112 0
952 162 0
953 76 1
954 130 1
955 173 1
956 222 1
957 12 1
958 94 1
959 204 1
960 31 1
961 61 1
962 138 1
963 160 1
964 186 0
965 44 1
966 171 1
967 40 1
968 26 1
969 28 1
970 90 1
971 96 1
972 101 1
973 76 1
974 94 1
975 198 0
976 18 1
977 113 0
978 171 1
979 188 0
980 163 1
981 146 0
982 176 1
983 0 1
984 74 1
985 179 0
986 1 1
987 37 0
988 172 1
989 102 1
990 183 0
991 181 0
992 119 1
993 161 0
994 111 1
995 11 1
996 142 0
997 169 1
998 116 1
999 113 1
1000 197 1
1001 143 1
1002 143 1
1003 104 1
1004 83 1
1005 143 1
1006 66 0
1007 27 1
1008 178 1
1009 67 1
1010 97 1
1011 139 1
1012 8 0
1013 134 1
1014 37 1
1015 102 0
1016 99 0
1017 8 0
1018 215 0
1019 118 1
1020 123 0
1021 108 0
1022 161 1
1023 179 1
1024 127 1
1025 204 0
1026 113 0
1027 40 1
1028 196 1
1029 49 1
1030 209 0
1031 28 1
1032 202 1
1033 110 0
1034 166 1
1035 31 0
1036 82 0
1037 39 1
1038 78 0
1039 143 1
1040 42 1
1041 5 1
1042 8 1
1043 81 0
1044 23 1
1045 226 1
1046 86 0
1047 116 0
1048 80 0
1049 21 0
1050 48 0
1051 111 0
1052 223 1
1053 146 1
1054 158 0
1055 82 1
1056 198 1
1057 143 1
1058 165 1
1059 214 0
1060 159 1
1061 13 0
1062 44 0
1063 94 1
1064 161 1
1065 174 1
1066 216 1
1067 127 0
1068 224 1
1069 73 0
1070 140 1
1071 142 1
1072 31 1
1073 104 0
1074 86 1
1075 206 1
1076 91 0
1077 51 1
1078 121 1
1079 63 1
1080 80 0
1081 67 0
1082 99 0
1083 68 1
1084 29 1
1085 38 1
1086 84 1
1087 51 1
1088 42 1
1089 117 1
1090 49 1
1091 162 1
1092 86 1
1093 80 0
1094 162 1
1095 66 1
1096 169 0
1097 99 1
1098 117 0
1099 152 1
1100 96 1
1101 87 1
1102 174 1
1103 85 1
1104 97 1
1105 134 1
1106 85 1
1107 75 0
1108 70 1
1109 183 1
1110 88 0
1111 51 0
1112 204 0
1113 86 1
1114 122 1
1115 27 0
1116 4 0
1117 204 1
1118 56 1
1119 183 1
1120 67 1
1121 87 1
1122 174 1
1123 127 1
1124 107 0
1125 52 1
1126 153 1
1127 12 1
1128 59 1
1129 222 1
1130 156 1
1131 220 0
1132 151 1
1133 127 1
1134 45 1
1135 148 1
1136 204 1
1137 68 0
1138 202 1
1139 198 1
1140 67 1
1141 80 0
1142 142 1
1143 121 1
1144 223 1
1145 203 1
1146 168 1
1147 100 1
1148 180 1
1149 86 0
1150 114 0
1151 142 0
1152 29 1
1153 44 1
1154 194 0
1155 117 0
1156 52 0
1157 57 1
1158 79 1
1159 200 1
1160 97 1
1161 14 1
1162 175 0
1163 144 1
1164 146 1
1165 156 0
1166 24 0
1167 154 1
1168 85 0
1169 90 1
1170 0 0
1171 117 1
1172 193 0
1173 52 1
1174 157 0
1175 151 0
1176 4 0
1177 96 1
1178 84 1
1179 94 0
1180 31 0
1181 67 0
1182 125 0
1183 125 0
1184 12 1
1185 81 1
1186 211 0
1187 98 1
1188 177 1
1189 9 1
1190 190 1
1191 164 1
1192 129 1
1193 161 0
1194 61 0
1195 21 0
1196 82 1
1197 163 1
1198 130 1
1199 9 0
1200 64 1
1201 172 1
1202 77 0
1203 224 0
1204 192 0
1205 148 0
1206 197 1
1207 137 1
1208 117 1
1209 116 1
1210 130 1
1211 74 1
1212 30 0
1213 223 0
1214 86 1
1215 91 0
1216 110 1
1217 198 0
1218 93 1
1219 1 1
1220 19 0
1221 16 1
1222 6 0
1223 119 1
1224 43 1
1225 121 0
1226 161 1
1227 189 1
1228 220 1
1229 155 1
1230 220 1
1231 18 0
1232 86 1
1233 78 0
1234 3 1
1235 41 1
1236 17 0
1237 27 0
1238 30 0
1239 194 1
1240 169 0
1241 35 1
1242 70 1
1243 97 1
1244 213 1
1245 158 0
1246 76 1
1247 97 1
1248 196 1
1249 114 1
1250 59 1
1251 10 1
1252 33 1
1253 148 0
1254 215 0
1255 154 1
1256 6 1
1257 63 1
1258 202 1
1259 172 1
1260 201 1
1261 182 1
1262 82 0
1263 212 0
1264 30 0
1265 54 1
1266 74 1
1267 199 0
1268 133 1
1269 188 1
1270 38 1
1271 64 1
1272 91 0
1273 138 1
1274 76 1
1275 58 1
1276 200 0
1277 131 0
1278 79 0
1279 136 1
1280 17 1
1281 3 1
1282 42 1
1283 216 1
1284 126 1
1285 83 1
1286 78 1
1287 225 1
1288 63 1
1289 23 1
1290 21 1
1291 205 1
1292 109 0
1293 79 1
1294 27 1
1295 102 1
1296 178 0
1297 168 1
1298 112 1
1299 184 1
1300 120 0
1301 190 0
1302 204 1
1303 156 1
1304 127 0
1305 195 1
1306 65 1
1307 174 1
1308 84 1
1309 183 0
1310 14 1
1311 171 0
1312 194 1
1313 201 1
1314 56 1
1315 104 1
1316 214 1
1317 179 0
1318 43 1
1319 17 1
1320 107 1
1321 123 0
1322 188 1
1323 166 0
1324 96 0
1325 171 1
1326 210 1
1327 106 1
1328 15 1
1329 43 1
1330 26 0
1331 52 1
1332 3 0
1333 6 0
1334 143 0
1335 20 0
1336 40 0
1337 210 1
1338 2 0
1339 61 1
1340 58 1
1341 224 0
1342 135 0
1343 6 1
1344 198 1
1345 26 0
1346 197 0
1347 56 1
1348 98 1
1349 34 0
1350 118 0
1351 36 0
1352 3 1
1353 158 0
1354 200 0
1355 119 0
1356 28 0
1357 71 1
1358 5 1
1359 118 1
1360 143 1
1361 20 1
1362 222 1
1363 117 1
1364 171 1
1365 123 1
1366 10 0
1367 219 1
1368 210 0
1369 34 1
1370 173 1
1371 213 1
1372 56 1
1373 169 0
1374 166 0
1375 70 0
1376 203 1
1377 225 1
1378 199 1
1379 94 1
1380 70 1
1381 204 1
1382 165 1
1383 110 1
1384 150 1
1385 102 1
1386 86 1
1387 85 1
1388 191 1
1389 220 0
1390 85 1
1391 14 0
1392 169 1
1393 77 0
1394 158 1
1395 71 1
1396 161 0
1397 97 0
1398 32 1
1399 34 1
1400 155 1
1401 65 1
1402 43 0
1403 156 1
1404 192 0
1405 168 1
1406 227 0
1407 141 1
1408 226 1
1409 112 0
1410 179 1
1411 157 1
1412 36 1
1413 15 0
1414 37 1
1415 54 0
1416 5 1
1417 222 1
1418 58 0
1419 86 1
1420 87 0
1421 104 0
1422 225 1
1423 42 0
1424 40 0
1425 168 1
1426 126 1
1427 120 1
1428 156 1
1429 18 1
1430 4 1
1431 191 0
1432 208 0
1433 89 1
1434 108 0
1435 76 1
1436 218 1
1437 53 1
1438 214 0
1439 14 1
1440 37 0
1441 34 1
1442 85 1
1443 114 1
1444 93 0
1445 11 1
1446 9 1
1447 122 1
1448 160 1
1449 27 1
1450 174 0
1451 39 1
1452 72 1
1453 167 1
1454 219 0
1455 101 1
1456 153 0
1457 224 1
1458 77 0
1459 55 1
1460 48 1
1461 71 0
1462 41 0
1463 47 1
1464 208 1
1465 45 1
1466 210 1
1467 91 1
1468 192 0
1469 145 0
1470 16 1
1471 0 0
1472 169 1
1473 211 1
1474 139 0
1475 8 0
1476 122 1
1477 33 1
1478 76 1
1479 169 1
1480 186 0
1481 227 1
1482 71 1
1483 28 1
1484 152 0
1485 7 1
1486 224 1
1487 158 0
1488 19 1
1489 216 1
1490 213 1
1491 134 1
1492 108 1
1493 58 1
1494 51 1
1495 29 1
1496 214 0
1497 211 0
1498 134 0
1499 124 0
1500 216 0
1501 47 1
1502 170 1
1503 166 1
1504 136 1
1505 137 1
1506 166 1
1507 16 0
1508 15 0
1509 19 0
1510 90 0
1511 92 0
1512 108 1
1513 165 1
1514 134 0
1515 104 1
1516 225 1
1517 123 1
1518 130 1
1519 145 0
1520 3 0
1521 175 0
1522 130 1
1523 20 1
1524 53 1
1525 211 0
1526 119 1
1527 23 1
1528 199 1
1529 29 1
1530 70 1
1531 1 1
1532 74 0
1533 22 1
1534 202 1
1535 46 1
1536 10 1
1537 179 1
1538 200 1
1539 73 1
1540 43 0
1541 201 0
1542 165 1
1543 194 0
1544 5 1
1545 14 1
1546 146 0
1547 142 0
1548 172 0
1549 0 1
1550 120 1
1551 155 0
1552 39 1
1553 59 1
1554 111 0
1555 84 1
1556 222 1
1557 121 0
1558 86 1
1559 83 1
1560 100 1
1561 166 1
1562 161 0
1563 26 1
1564 32 1
1565 55 0
1566 88 1
1567 72 1
1568 122 1
1569 170 1
1570 68 0
1571 191 0
1572 100 0
1573 9 1
1574 189 1
1575 81 1
1576 223 0
1577 95 0
1578 115 1
1579 50 1
1580 163 1
1581 104 1
1582 104 0
1583 166 1
1584 128 1
1585 19 1
1586 166 1
1587 47 1
1588 84 0
1589 28 0
1590 181 0
1591 122 1
1592 144 1
1593 121 1
1594 126 0
1595 227 1
1596 80 1
1597 116 1
1598 100 1
1599 199 0
1600 210 0
1601 212 0
1602 6 1
1603 203 0
1604 120 1
1605 151 0
1606 145 0
1607 38 0
1608 50 0
1609 125 1
1610 118 1
1611 57 1
1612 15 1
1613 171 1
1614 31 1
1615 131 1
1616 182 0
1617 177 1
1618 195 1
1619 82 1
1620 188 1
1621 177 0
1622 66 1
1623 182 1
1624 162 1
1625 112 1
1626 219 0
1627 54 1
1628 130 0
1629 154 0
1630 173 1
1631 190 0
1632 206 1
1633 119 1
1634 80 1
1635 49 1
1636 222 0
1637 145 1
1638 213 1
1639 224 1
1640 195 1
1641 215 1
1642 49 1
1643 209 0
1644 71 1
1645 144 1
1646 210 0
1647 175 1
1648 33 1
1649 149 1
1650 55 1
1651 169 1
1652 196 0
1653 141 1
1654 202 1
1655 132 1
1656 33 1
1657 143 1
1658 177 1
1659 65 1
1660 49 0
1661 69 1
1662 103 0
1663 7 0
1664 99 1
1665 54 1
1666 143 1
1667 8 1
1668 82 1
1669 97 1
1670 75 0
1671 13 0
1672 137 1
1673 223 1
1674 70 1
1675 138 1
1676 74 1
1677 166 1
1678 12 1
1679 118 1
1680 117 1
1681 69 1
1682 169 0
1683 160 1
1684 15 0
1685 112 0
1686 30 1
1687 2 1
1688 86 1
1689 57 0
1690 90 1
1691 63 1
1692 191 1
1693 129 0
1694 190 1
1695 102 0
1696 209 1
1697 112 1
1698 37 1
1699 205 0
1700 89 0
1701 174 1
1702 19 1
1703 91 1
1704 206 1
1705 66 1
1706 149 0
1707 4 1
1708 163 1
1709 104 1
1710 186 1
1711 205 1
1712 166 1
1713 105 1
1714 166 1
1715 60 1
1716 204 0
1717 164 0
1718 200 0
1719 148 0
1720 208 1
1721 51 1
1722 148 1
1723 30 0
1724 221 1
1725 208 1
1726 144 1
1727 134 1
1728 80 1
1729 91 0
1730 126 0
1731 62 1
1732 174 1
1733 145 0
1734 74 1
1735 129 0
1736 68 0
1737 200 1
1738 39 1
1739 71 0
1740 184 0
1741 212 0
1742 41 1
1743 215 1
1744 162 1
1745 156 1
1746 34 0
1747 178 0
1748 37 1
1749 159 1
1750 177 1
1751 181 0
1752 28 0
1753 21 1
1754 203 0
1755 116 1
1756 159 1
1757 64 1
1758 24 1
1759 110 0
1760 162 1
1761 35 0
1762 77 1
1763 192 1
1764 97 1
1765 13 1
1766 199 0
1767 79 1
1768 168 0
1769 99 1
1770 208 1
1771 107 0
1772 120 1
1773 144 1
1774 10 1
1775 119 0
1776 97 1
1777 172 1
1778 155 1
1779 76 1
1780 64 0
1781 102 1
1782 88 0
1783 67 1
1784 85 0
1785 203 1
1786 202 1
1787 9 1
1788 25 1
1789 27 1
1790 196 0
1791 12 1
1792 104 0
1793 12 1
1794 110 0
1795 88 1
1796 194 1
1797 226 1
1798 176 0
1799 114 1
1800 52 0
1801 131 1
1802 188 0
1803 137 1
1804 97 1
1805 38 1
1806 114 0
1807 148 0
1808 23 0
1809 53 1
1810 37 1
1811 80 1
1812 136 0
1813 90 1
1814 176 1
1815 149 1
1816 99 0
1817 43 0
1818 208 0
1819 61 1
1820 132 1
1821 160 1
1822 166 0
1823 40 1
1824 28 1
1825 95 1
1826 39 0
1827 102 1
1828 73 1
1829 47 1
1830 201 0
1831 55 1
1832 37 0
1833 148 1
1834 67 0
1835 128 1
1836 97 1
1837 38 0
1838 156 0
1839 224 1
1840 204 1
1841 38 1
1842 86 0
1843 207 1
1844 121 1
1845 214 0
1846 12 1
1847 199 0
1848 171 0
1849 99 1
1850 100 0
1851 30 1
1852 75 1
1853 20 0
1854 162 0
1855 204 0
1856 140 1
1857 155 0
1858 171 0
1859 191 1
1860 193 1
1861 206 1
1862 22 1
1863 59 1
1864 68 1
1865 8 1
1866 174 1
1867 170 0
1868 106 0
1869 57 1
1870 12 0
1871 179 0
1872 63 1
1873 199 1
1874 45 0
1875 102 1
1876 127 0
1877 20 1
1878 46 1
1879 131 1
1880 25 1
1881 104 1
1882 177 1
1883 25 0
1884 41 0
1885 111 1
1886 131 0
1887 10 0
1888 201 1
1889 5 1
1890 160 0
1891 45 1
1892 220 0
1893 13 1
1894 160 0
1895 186 1
1896 87 1
1897 205 0
1898 124 0
1899 123 0
1900 116 1
1901 7 0
1902 85 0
1903 1 0
1904 227 0
1905 93 0
1906 146 1
1907 6 1
1908 7 1
1909 177 0
1910 195 1
1911 157 1
1912 213 0
1913 106 1
1914 168 1
1915 64 0
1916 24 0
1917 91 0
1918 105 1
1919 184 1
1920 131 1
1921 51 0
1922 204 0
1923 187 0
1924 109 1
1925 167 1
1926 76 1
1927 147 1
1928 34 0
1929 188 0
1930 43 1
1931 46 0
1932 95 0
1933 192 1
1934 50 1
1935 92 1
1936 199 1
1937 18 1
1938 5 1
1939 175 1
1940 146 1
1941 222 1
1942 15 0
1943 73 1
1944 183 0
1945 40 0
1946 73 0
1947 81 1
1948 44 1
1949 173 0
1950 210 1
1951 63 0
1952 213 1
1953 177 1
1954 91 0
1955 136 1
1956 43 0
1957 36 1
1958 76 0
1959 125 1
1960 174 0
1961 61 1
1962 56 0
1963 220 1
1964 219 1
1965 227 1
1966 218 1
1967 203 0
1968 176 1
1969 225 1
1970 65 0
1971 65 1
1972 84 1
1973 183 1
1974 15 1
1975 207 1
1976 34 1
1977 13 0
1978 198 1
1979 223 0
1980 186 1
1981 195 1
1982 74 1
1983 184 1
1984 111 0
1985 62 1
1986 135 1
1987 73 1
1988 32 1
1989 151 0
1990 125 0
1991 41 1
1992 186 1
1993 37 0
1994 91 1
1995 149 0
1996 44 0
1997 45 1
1998 92 1
1999 140 0
2000 215 1
2001 200 1
2002 133 1
2003 129 0
2004 105 1
2005 17 0
2006 214 0
2007 177 0
2008 144 1
2009 132 1
2010 36 0
2011 88 0
2012 202 1
2013 214 1
2014 167 1
2015 90 1
2016 133 1
2017 80 0
2018 139 0
2019 8 1
2020 65 0
2021 19 0
2022 116 0
2023 11 1
2024 199 0
2025 72 1
2026 213 0
2027 119 1
2028 115 1
2029 74 1
2030 36 0
2031 13 1
2032 30 1
2033 11 1
2034 107 1
2035 185 0
2036 78 1
2037 224 1
2038 205 1
2039 31 0
2040 167 1
2041 216 1
2042 85 1
2043 143 1
2044 17 1
2045 26 1
2046 185 0
2047 10 0
2048 165 1
2049 156 0
2050 89 0
2051 4 1
2052 122 1
2053 166 0
2054 24 1
2055 80 1
2056 121 1
2057 147 1
2058 207 1
2059 178 0
2060 68 1
2061 49 1
2062 48 0
2063 13 0
2064 129 0
2065 61 1
2066 71 1
2067 190 0
2068 98 1
2069 97 1
2070 129 1
2071 117 1
2072 49 0
2073 17 0
2074 99 0
2075 25 1
2076 189 1
2077 208 1
2078 182 0
2079 27 1
2080 179 1
2081 90 1
2082 170 0
2083 20 0
2084 196 0
2085 179 1
2086 99 1
2087 152 0
2088 105 1
2089 194 1
2090 154 1
2091 175 1
2092 98 1
2093 140 1
2094 165 0
2095 168 1
2096 44 1
2097 171 0
2098 98 0
2099 43 1
2100 129 1
2101 212 0
2102 80 0
2103 166 1
2104 94 1
2105 210 1
2106 155 0
2107 135 1
2108 101 0
2109 111 0
2110 19 0
2111 187 0
2112 98 1
2113 82 1
2114 142 1
2115 83 1
2116 152 0
2117 76 0
2118 219 0
2119 10 0
2120 178 1
2121 106 1
2122 149 1
2123 148 0
2124 110 0
2125 94 0
2126 82 1
2127 225 0
2128 4 1
2129 181 1
2130 8 1
2131 205 0
2132 119 1
2133 197 0
2134 100 1
2135 212 1
2136 199 0
2137 157 1
2138 137 1
2139 176 1
2140 124 0
2141 180 0
2142 127 1
2143 191 1
2144 60 1
2145 65 1
2146 212 1
2147 34 0
2148 129 1
2149 17 0
2150 227 0
2151 68 0
2152 125 1
2153 139 0
2154 106 0
2155 85 1
2156 161 0
2157 225 0
2158 3 1
2159 224 1
2160 120 1
2161 164 1
2162 137 1
2163 223 1
2164 6 0
2165 71 0
2166 46 0
2167 7 1
2168 169 1
2169 221 1
2170 38 0
2171 66 1
2172 148 1
2173 81 0
2174 23 1
2175 18 1
2176 171 1
2177 35 1
2178 185 1
2179 150 0
2180 91 1
2181 212 0
2182 166 1
2183 81 1
2184 155 1
2185 187 1
2186 201 1
2187 197 0
2188 105 1
2189 60 0
2190 160 1
2191 76 1
2192 65 1
2193 216 1
2194 190 0
2195 214 1
2196 164 0
2197 191 1
2198 207 1
2199 14 0
2200 166 1
2201 147 1
2202 227 1
2203 48 1
2204 199 1
2205 38 1
2206 219 1
2207 23 1
2208 14 0
2209 111 0
2210 181 1
2211 46 1
2212 85 1
2213 24 0
2214 85 1
2215 18 0
2216 12 0
2217 179 1
2218 70 0
2219 148 0
2220 140 0
2221 189 1
2222 89 1
2223 220 1
2224 11 1
2225 112 1
2226 217 1
2227 115 1
2228 200 1
2229 170 1
2230 178 0
2231 114 1
2232 142 1
2233 21 1
2234 97 1
2235 42 1
2236 144 0
2237 157 0
2238 4 0
2239 125 1
2240 41 0
2241 13 0
2242 184 0
2243 137 1
2244 39 1
2245 19 1
2246 56 0
2247 211 1
2248 214 1
2249 198 0
2250 191 1
2251 126 0
2252 17 1
2253 129 0
2254 9 0
2255 53 0
2256 51 0
2257 112 1
2258 210 0
2259 197 0
2260 133 0
2261 43 0
2262 137 1
2263 175 0
2264 64 1
2265 27 1
2266 158 0
2267 166 1
2268 225 1
2269 213 1
2270 109 0
2271 88 0
2272 153 1
2273 217 1
2274 26 1
2275 189 1
2276 206 1
2277 136 0
2278 64 1
2279 42 1
2280 16 1
2281 203 0
2282 11 1
2283 138 1
2284 13 0
2285 30 1
2286 210 1
2287 87 1
2288 123 1
2289 58 1
2290 66 1
2291 80 0
2292 41 0
2293 191 1
2294 87 1
2295 53 0
2296 92 1
2297 66 0
2298 201 1
2299 128 1
2300 148 1
2301 125 1
2302 81 1
2303 53 0
2304 93 1
2305 125 1
2306 148 1
2307 8 1
2308 225 1
2309 114 1
2310 221 1
2311 203 1
2312 227 1
2313 221 0
2314 35 1
2315 203 1
2316 83 1
2317 118 1
2318 116 1
2319 156 1
2320 71 1
2321 173 0
2322 62 0
2323 0 1
2324 184 0
2325 159 1
2326 69 1
2327 83 1
2328 193 1
2329 57 1
2330 1 0
2331 215 0
2332 148 1
2333 53 1
2334 65 0
2335 34 1
2336 51 1
2337 176 1
2338 208 1
2339 189 1
2340 79 1
2341 146 1
2342 44 1
2343 21 0
2344 110 0
2345 41 1
2346 142 1
2347 213 0
2348 150 0
2349 114 0
2350 36 0
2351 155 1
2352 175 1
2353 218 1
2354 68 1
2355 124 1
2356 104 1
2357 99 0
2358 76 1
2359 173 1
2360 2 1
2361 87 0
2362 47 1
2363 222 1
2364 142 1
2365 216 1
2366 61 1
2367 55 1
2368 51 0
2369 196 0
2370 12 1
2371 70 1
2372 167 1
2373 53 1
2374 78 0
2375 6 0
2376 33 1
2377 225 1
2378 197 1
2379 81 1
2380 116 1
2381 79 1
2382 17 1
2383 7 1
2384 211 1
2385 219 1
2386 100 1
2387 144 0
2388 18 0
2389 86 1
2390 1 1
2391 177 1
2392 202 0
2393 147 1
2394 181 1
2395 72 0
2396 86 1
2397 68 1
2398 89 1
2399 203 1
2400 82 0
2401 83 1
2402 43 1
2403 25 0
2404 214 0
2405 158 1
2406 205 0
2407 53 1
2408 85 1
2409 139 1
2410 217 0
2411 140 1
2412 166 0
2413 194 1
2414 87 0
2415 99 1
2416 151 1
2417 140 1
2418 199 1
2419 43 1
2420 66 1
2421 188 1
2422 96 0
2423 26 0
2424 2 1
2425 8 1
2426 165 1
2427 66 1
2428 161 1
2429 131 0
2430 5 0
2431 206 0
2432 218 1
2433 154 1
2434 73 1
2435 146 1
2436 203 1
2437 214 1
2438 151 1
2439 57 0
2440 194 1
2441 144 0
2442 17 1
2443 24 1
2444 62 1
2445 199 1
2446 190 1
2447 27 1
2448 84 1
2449 141 1
2450 183 1
2451 100 0
2452 197 1
2453 33 1
2454 115 1
2455 46 1
2456 171 1
2457 213 1
2458 221 1
2459 139 0
2460 181 0
2461 139 1
2462 92 1
2463 112 1
2464 152 1
2465 154 0
2466 117 1
2467 69 0
2468 129 1
2469 223 1
2470 193 0
2471 97 0
2472 37 1
2473 98 1
2474 124 0
2475 102 0
2476 168 1
2477 25 0
2478 197 0
2479 12 1
2480 178 1
2481 49 1
2482 209 0
2483 170 1
2484 9 1
2485 142 1
2486 223 1
2487 128 0
2488 126 0
2489 95 0
2490 39 0
2491 132 1
2492 227 1
2493 43 1
2494 82 1
2495 122 0
2496 10 0
2497 116 1
2498 77 1
2499 117 0
2500 12 1
2501 94 0
2502 59 0
2503 88 1
2504 8 1
2505 12 1
2506 168 0
2507 75 1
2508 106 1
2509 152 1
2510 174 1
2511 10 0
2512 21 1
2513 192 1
2514 201 1
2515 218 1
2516 129 1
2517 8 1
2518 94 1
2519 162 1
2520 67 1
2521 197 1
2522 123 0
2523 192 0
2524 163 0
2525 207 1
2526 211 1
2527 98 0
2528 147 0
2529 135 1
2530 177 1
2531 105 1
2532 225 1
2533 71 1
2534 14 1
2535 209 0
2536 211 1
2537 106 1
2538 223 1
2539 141 1
2540 218 1
2541 72 1
2542 141 1
2543 222 1
2544 37 1
2545 197 1
2546 43 0
2547 97 1
2548 8 0
2549 132 1
2550 189 0
2551 121 1
2552 96 1
2553 99 1
2554 101 1
2555 38 0
2556 164 1
2557 81 1
2558 69 1
2559 170 0
2560 220 1
2561 125 1
2562 17 0
2563 92 0
2564 178 0
2565 49 0
2566 141 1
2567 131 1
2568 185 0
2569 118 0
2570 31 0
2571 165 1
2572 55 1
2573 77 0
2574 125 1
2575 34 0
2576 174 1
2577 169 1
2578 185 1
2579 6 0
2580 61 1
2581 94 0
2582 13 1
2583 17 1
2584 17 1
2585 60 1
2586 79 0
2587 48 0
2588 64 1
2589 78 1
2590 161 1
2591 111 1
2592 60 1
2593 88 0
2594 118 0
2595 185 1
2596 165 1
2597 187 0
2598 66 1
2599 196 1
2600 127 1
2601 163 0
2602 73 1
2603 145 1
2604 110 1
2605 115 0
2606 124 0
2607 167 1
2608 67 1
2609 7 0
2610 153 1
2611 154 1
2612 32 1
2613 72 1
2614 105 1
2615 213 0
2616 84 0
2617 14 1
2618 149 1
2619 67 1
2620 187 0
2621 106 1
2622 197 1
2623 88 0
2624 105 0
2625 10 1
2626 92 0
2627 137 1
2628 81 1
2629 27 1
2630 38 1
2631 222 0
2632 193 1
2633 69 0
2634 216 1
2635 177 1
2636 123 1
2637 63 0
2638 118 1
2639 160 1
2640 35 0
2641 58 1
2642 155 1
2643 55 1
2644 210 0
2645 211 1
2646 111 0
2647 159 1
2648 19 1
2649 207 0
2650 169 0
2651 215 1
2652 0 1
2653 188 0
2654 217 1
2655 146 1
2656 111 0
2657 183 1
2658 188 0
2659 64 0
2660 93 1
2661 207 0
2662 57 1
2663 85 1
2664 171 1
2665 116 1
2666 24 1
2667 208 1
2668 169 0
2669 159 1
2670 108 1
2671 199 1
2672 70 1
2673 47 1
2674 165 0
2675 5 1
2676 190 0
2677 55 0
2678 170 0
2679 128 1
2680 8 1
2681 29 0
2682 151 0
2683 74 0
2684 193 1
2685 55 0
2686 115 1
2687 98 0
2688 212 1
2689 35 1
2690 44 1
2691 213 0
2692 72 0
2693 42 0
2694 213 0
2695 144 1
2696 7 1
2697 58 1
2698 199 1
2699 55 1
2700 170 1
2701 43 1
2702 168 0
2703 46 1
2704 58 1
2705 91 1
2706 154 1
2707 140 1
2708 132 1
2709 13 1
2710 158 1
2711 127 1
2712 136 1
2713 128 1
2714 122 1
2715 60 1
2716 98 1
2717 153 1
2718 32 0
2719 208 1
2720 84 1
2721 224 0
2722 147 0
2723 25 1
2724 124 0
2725 201 0
2726 0 0
2727 23 1
2728 89 1
2729 32 1
2730 140 1
2731 79 1
2732 0 0
2733 81 0
2734 7 0
2735 155 0
2736 132 1
2737 118 1
2738 92 0
2739 151 1
2740 214 1
2741 58 1
2742 28 1
2743 139 1
2744 22 1
2745 133 1
2746 51 1
2747 188 1
2748 5 0
2749 100 0
2750 119 0
2751 120 0
2752 210 0
2753 91 0
2754 186 0
2755 63 0
2756 154 1
2757 175 1
2758 220 1
2759 104 1
2760 45 0
2761 192 0
2762 9 1
2763 180 1
2764 226 0
2765 59 0
2766 111 1
2767 158 1
2768 10 1
2769 168 0
2770 52 1
2771 157 0
2772 158 1
2773 193 1
2774 222 1
2775 196 1
2776 110 0
2777 184 1
2778 100 1
2779 182 1
2780 204 1
2781 21 0
2782 208 1
2783 196 1
2784 216 1
2785 204 1
2786 189 0
2787 51 1
2788 58 1
2789 73 0
2790 133 0
2791 124 0
2792 217 0
2793 182 1
2794 4 1
2795 220 1
2796 149 1
2797 99 0
2798 208 1
2799 153 1
2800 8 1
2801 25 1
2802 82 1
2803 120 1
2804 124 1
2805 209 1
2806 22 0
2807 76 1
2808 217 0
2809 133 0
2810 167 1
2811 217 1
2812 155 1
2813 39 1
2814 187 1
2815 120 1
2816 125 1
2817 197 1
2818 10 1
2819 120 1
2820 71 1
2821 196 1
2822 26 1
2823 137 0
2824 76 0
2825 24 0
2826 184 0
2827 120 0
2828 133 1
2829 34 1
2830 139 1
2831 92 1
2832 73 0
2833 32 0
2834 168 1
2835 22 1
2836 57 0
2837 121 1
2838 52 1
2839 114 0
2840 73 1
2841 143 1
2842 167 0
2843 156 0
2844 227 0
2845 196 1
2846 134 1
2847 207 0
2848 123 1
2849 110 0
2850 179 0
2851 90 1
2852 140 0
2853 107 1
2854 31 1
2855 108 1
2856 147 1
2857 166 0
2858 91 1
2859 174 1
2860 89 1
2861 34 1
2862 220 1
2863 6 0
2864 41 1
2865 194 1
2866 38 1
2867 17 0
2868 72 1
2869 174 1
2870 134 1
2871 12 0
2872 109 0
2873 156 1
2874 76 1
2875 96 1
2876 49 1
2877 177 1
2878 175 0
2879 172 1
2880 105 1
2881 209 1
2882 227 1
2883 125 0
2884 154 0
2885 191 0
2886 141 1
2887 146 1
2888 169 0
2889 11 1
2890 208 0
2891 199 1
2892 41 0
2893 71 1
2894 153 1
2895 221 0
2896 186 0
2897 173 1
2898 4 1
2899 29 1
2900 173 1
2901 7 0
2902 211 1
2903 140 1
2904 15 1
2905 201 1
2906 47 0
2907 58 1
2908 142 1
2909 110 1
2910 177 0
2911 97 1
2912 94 1
2913 93 0
2914 144 1
2915 61 1
2916 146 1
2917 207 0
2918 10 1
2919 85 1
2920 59 0
2921 70 0
2922 52 1
2923 0 1
2924 45 1
2925 49 1
2926 213 1
2927 131 1
2928 220 1
2929 210 0
2930 151 1
2931 29 0
2932 128 0
2933 215 0
2934 143 1
2935 213 1
2936 179 1
2937 98 0
2938 199 0
2939 213 1
2940 224 0
2941 27 0
2942 196 1
2943 93 1
2944 187 1
2945 144 1
2946 150 1
2947 195 1
2948 213 0
2949 10 1
2950 75 1
2951 120 1
2952 66 0
2953 46 0
2954 104 0
2955 69 0
2956 66 1
2957 97 1
2958 59 0
2959 43 1
2960 69 0
2961 144 1
2962 149 0
2963 75 1
2964 98 1
2965 67 1
2966 96 1
2967 216 1
2968 209 1
2969 3 0
2970 81 1
2971 217 1
2972 201 1
2973 214 1
2974 65 0
2975 67 0
2976 4 1
2977 159 1
2978 112 1
2979 108 0
2980 123 1
2981 188 1
2982 151 1
2983 169 1
2984 14 1
2985 22 1
2986 48 1
2987 31 0
2988 114 0
2989 71 0
2990 78 1
2991 119 1
2992 122 1
2993 40 0
2994 88 0
2995 37 1
2996 111 1
2997 218 0
2998 205 0
2999 199 1
3000 135 1
3001 102 1
3002 4 1
3003 221 1
3004 182 1
3005 103 0
3006 203 0
3007 115 1
3008 60 1
3009 152 1
3010 91 1
3011 147 1
3012 202 1
3013 25 1
3014 100 1
3015 202 1
3016 5 0
3017 206 1
3018 226 0
3019 160 1
3020 52 1
3021 213 0
3022 45 0
3023 157 1
3024 59 1
3025 57 1
3026 42 1
3027 156 1
3028 145 0
3029 227 1
3030 209 0
3031 56 1
3032 49 1
3033 28 0
3034 39 0
3035 16 1
3036 12 1
3037 135 0
3038 149 0
3039 179 0
3040 145 1
3041 162 0
3042 17 1
3043 7 1
3044 60 1
3045 212 0
3046 207 0
3047 44 0
3048 107 0
3049 108 0
3050 32 1
3051 26 1
3052 157 0
3053 118 1
3054 225 1
3055 90 0
3056 93 1
3057 133 0
3058 130 1
3059 61 1
3060 162 1
3061 20 0
3062 101 1
3063 201 1
3064 152 1
3065 127 1
3066 9 1
3067 33 1
3068 102 1
3069 48 1
3070 8 1
3071 45 1
3072 162 1
3073 212 1
3074 122 1
3075 59 0
3076 106 0
3077 213 1
3078 159 1
3079 204 1
3080 56 1
3081 72 1
3082 61 1
3083 36 1
3084 44 1
3085 67 1
3086 11 0
3087 153 1
3088 95 1
3089 43 1
3090 214 0
3091 62 1
3092 198 1
3093 104 0
3094 39 1
3095 17 1
3096 216 1
3097 193 1
3098 210 0
3099 2 0
3100 103 0
3101 78 1
3102 214 1
3103 92 0
3104 173 1
3105 88 1
3106 26 1
3107 56 1
3108 2 1
3109 141 1
3110 28 0
3111 169 1
3112 35 0
3113 99 1
3114 152 0
3115 59 1
3116 202 0
3117 158 1
3118 157 1
3119 43 0
3120 174 1
3121 49 1
3122 85 1
3123 212 1
3124 53 1
3125 161 1
3126 72 1
3127 131 1
3128 25 1
3129 157 0
3130 135 1
3131 221 1
3132 142 1
3133 70 1
3134 205 0
3135 189 1
3136 48 1
3137 139 0
3138 148 1
3139 26 1
3140 37 1
3141 87 1
3142 94 1
3143 4 0
3144 24 1
3145 84 1
3146 166 1
3147 57 1
3148 16 1
3149 151 1
3150 45 0
3151 161 1
3152 170 1
3153 31 1
3154 212 1
3155 96 0
3156 33 0
3157 146 1
3158 206 1
3159 34 1
3160 100 0
3161 194 1
3162 196 0
3163 118 0
3164 166 0
3165 26 0
3166 201 1
3167 93 1
3168 49 1
3169 38 1
3170 182 0
3171 87 1
3172 106 0
3173 146 0
3174 156 1
3175 118 1
3176 86 0
3177 99 1
3178 107 0
3179 87 0
3180 79 0
3181 29 1
3182 73 0
3183 1 1
3184 35 1
3185 204 0
3186 174 0
3187 8 0
3188 68 0
3189 152 1
3190 138 0
3191 74 0
3192 143 1
3193 67 1
3194 179 0
3195 84 1
3196 39 0
3197 116 1
3198 40 1
3199 55 1
3200 156 1
3201 96 0
3202 110 1
3203 186 1
3204 62 1
3205 208 1
3206 185 1
3207 197 0
3208 15 1
3209 154 0
3210 190 1
3211 30 0
3212 157 0
3213 146 1
3214 51 1
3215 77 1
3216 21 1
3217 114 1
3218 66 1
3219 99 0
3220 199 1
3221 101 1
3222 165 1
3223 60 0
3224 122 1
3225 163 1
3226 13 1
3227 117 1
3228 127 1
3229 172 0
3230 42 1
3231 190 0
3232 210 1
3233 227 1
3234 164 0
3235 193 1
3236 209 1
3237 95 1
3238 168 1
3239 115 1
3240 142 0
3241 178 0
3242 48 1
3243 114 0
3244 135 1
3245 158 0
3246 95 1
3247 45 1
3248 212 1
3249 142 0
3250 159 1
3251 88 1
3252 189 1
3253 91 1
3254 127 1
3255 207 1
3256 44 0
3257 0 1
3258 12 1
3259 56 1
3260 188 1
3261 129 1
3262 122 0
3263 149 1
3264 219 1
3265 42 0
3266 186 1
3267 94 1
3268 102 1
3269 80 1
3270 179 0
3271 58 0
3272 20 1
3273 104 0
3274 189 0
3275 212 1
3276 162 1
3277 221 1
3278 76 0
3279 178 1
3280 221 1
3281 37 1
3282 139 1
3283 130 1
3284 121 0
3285 30 1
3286 73 0
3287 85 1
3288 163 1
3289 157 1
3290 122 1
3291 77 1
3292 60 0
3293 129 1
3294 16 1
3295 8 1
3296 88 0
3297 204 0
3298 209 0
3299 29 1
3300 120 1
3301 192 0
3302 164 1
3303 90 0
3304 10 1
3305 43 0
3306 194 1
3307 221 1
3308 223 0
3309 178 1
3310 201 0
3311 37 1
3312 36 0
3313 62 0
3314 152 0
3315 136 1
3316 183 0
3317 42 1
3318 165 1
3319 23 1
3320 169 1
3321 128 1
3322 220 1
3323 177 1
3324 15 1
3325 227 1
3326 118 1
3327 51 0
3328 67 1
3329 203 1
3330 24 1
3331 52 1
3332 16 1
3333 116 1
3334 16 1
3335 178 1
3336 10 1
3337 108 1
3338 200 0
3339 6 0
3340 184 1
3341 220 0
3342 58 1
3343 32 0
3344 204 1
3345 149 0
3346 152 0
3347 209 1
3348 84 1
3349 170 1
3350 40 1
3351 89 1
3352 199 0
3353 69 1
3354 26 1
3355 174 0
3356 97 1
3357 105 1
3358 14 1
3359 85 1
3360 178 1
3361 220 0
3362 223 1
3363 74 1
3364 102 1
3365 212 0
3366 153 1
3367 209 0
3368 59 1
3369 99 0
3370 142 1
3371 101 0
3372 17 0
3373 199 1
3374 132 0
3375 38 0
3376 62 1
3377 200 0
3378 35 0
3379 153 0
3380 80 1
3381 52 1
3382 16 0
3383 146 0
3384 100 0
3385 177 0
3386 79 0
3387 58 0
3388 61 1
3389 144 0
3390 101 1
3391 64 1
3392 1 1
3393 25 0
3394 115 0
3395 174 1
3396 120 1
3397 217 0
3398 63 1
3399 0 1
3400 184 1
3401 211 1
3402 32 0
3403 148 0
3404 103 1
3405 74 0
3406 35 1
3407 172 1
3408 207 0
3409 72 1
3410 163 1
3411 78 0
3412 48 0
3413 224 1
3414 6 1
3415 80 0
3416 206 1
3417 14 1
3418 152 0
3419 135 1
3420 15 0
3421 36 1
3422 152 0
3423 102 1
3424 193 1
3425 13 1
3426 225 1
3427 4 1
3428 174 0
3429 174 0
3430 29 1
3431 159 0
3432 121 0
3433 49 1
3434 140 0
3435 89 1
3436 182 1
3437 222 1
3438 137 1
3439 25 1
3440 76 1
3441 50 0
3442 146 0
3443 135 0
3444 72 1
3445 77 1
3446 139 1
3447 125 0
3448 213 0
3449 110 1
3450 147 1
3451 70 1
3452 128 1
3453 223 1
3454 193 0
3455 171 0
3456 74 0
3457 131 0
3458 64 0
3459 117 0
3460 152 1
3461 42 1
3462 218 0
3463 128 1
3464 145 1
3465 117 0
3466 13 1
3467 197 1
3468 56 1
3469 226 1
3470 16 0
3471 79 1
3472 178 1
3473 115 1
3474 36 0
3475 199 0
3476 214 1
3477 40 0
3478 0 1
3479 212 1
3480 210 1
3481 14 1
3482 93 0
3483 168 0
3484 208 1
3485 186 1
3486 123 1
3487 104 0
3488 51 1
3489 136 0
3490 28 1
3491 48 1
3492 153 0
3493 23 1
3494 60 1
3495 88 0
3496 156 0
3497 53 1
3498 118 0
3499 202 0
3500 191 1
3501 96 1
3502 2 1
3503 208 1
3504 11 0
3505 158 1
3506 12 0
3507 86 1
3508 99 1
3509 108 1
3510 148 1
3511 218 1
3512 86 1
3513 114 0
3514 69 1
3515 92 1
3516 53 0
3517 151 1
3518 208 0
3519 126 1
3520 35 1
3521 47 0
3522 50 0
3523 2 1
3524 30 1
3525 97 1
3526 94 1
3527 58 1
3528 146 1
3529 189 1
3530 65 1
3531 36 0
3532 61 1
3533 174 1
3534 106 0
3535 49 0
3536 144 1
3537 205 1
3538 33 1
3539 116 1
3540 121 1
3541 61 1
3542 88 1
3543 200 1
3544 80 0
3545 222 1
3546 19 1
3547 51 0
3548 5 1
3549 138 0
3550 102 1
3551 57 1
3552 87 0
3553 214 0
3554 46 1
3555 215 1
3556 120 1
3557 171 0
3558 167 1
3559 3 1
3560 92 0
3561 196 1
3562 44 1
3563 208 0
3564 50 0
3565 209 1
3566 93 1
3567 171 0
3568 89 1
3569 72 1
3570 64 1
3571 90 0
3572 107 1
3573 180 0
3574 176 0
3575 98 1
3576 198 0
3577 168 1
3578 118 0
3579 112 1
3580 54 1
3581 93 1
3582 148 1
3583 99 0
3584 226 0
3585 160 1
3586 34 0
3587 34 0
3588 72 1
3589 220 0
3590 186 0
3591 78 1
3592 188 1
3593 203 0
3594 199 1
3595 35 1
3596 197 0
3597 173 1
3598 181 1
3599 143 0
3600 4 1
3601 29 1
3602 115 0
3603 212 0
3604 81 1
3605 224 1
3606 82 0
3607 0 1
3608 141 0
3609 153 1
3610 95 1
3611 153 1
3612 105 1
3613 214 1
3614 159 0
3615 25 1
3616 222 1
3617 5 0
3618 133 1
3619 100 1
3620 193 0
3621 59 1
3622 219 0
3623 138 0
3624 67 1
3625 32 1
3626 40 1
3627 30 1
3628 56 1
3629 220 0
3630 163 0
3631 182 0
3632 104 1
3633 86 1
3634 193 0
3635 29 1
3636 87 1
3637 26 1
3638 163 1
3639 15 1
3640 16 0
3641 196 0
3642 6 0
3643 6 1
3644 32 1
3645 98 0
3646 65 1
3647 172 0
3648 28 1
3649 211 0
3650 20 1
3651 185 0
3652 132 1
3653 219 1
3654 164 0
3655 102 0
3656 70 1
3657 40 0
3658 86 1
3659 187 0
3660 94 1
3661 117 0
3662 125 1
3663 116 0
3664 107 1
3665 164 1
3666 128 1
3667 39 1
3668 120 0
3669 117 0
3670 69 0
3671 24 1
3672 78 1
3673 20 0
3674 144 1
3675 54 1
3676 52 0
3677 185 1
3678 20 1
3679 119 0
3680 189 1
3681 59 0
3682 208 1
3683 139 1
3684 161 1
3685 157 0
3686 35 0
3687 173 1
3688 51 1
3689 66 1
3690 188 1
3691 221 1
3692 96 0
3693 222 1
3694 39 1
3695 48 1
3696 201 0
3697 107 1
3698 26 1
3699 70 0
3700 62 1
3701 221 0
3702 214 1
3703 15 1
3704 148 0
3705 20 1
3706 7 1
3707 153 0
3708 207 1
3709 24 1
3710 64 0
3711 19 1
3712 212 0
3713 7 1
3714 144 0
3715 213 1
3716 125 1
3717 124 1
3718 161 1
3719 164 1
3720 25 1
3721 205 1
3722 213 0
3723 136 1
3724 81 1
3725 211 1
3726 21 1
3727 199 0
3728 145 0
3729 48 1
3730 104 1
3731 72 0
3732 44 0
3733 113 1
3734 139 1
3735 74 0
3736 38 1
3737 197 0
3738 214 0
3739 4 1
3740 70 0
3741 214 1
3742 5 1
3743 129 1
3744 196 1
3745 16 1
3746 16 0
3747 73 1
3748 88 0
3749 54 1
3750 56 1
3751 164 1
3752 196 1
3753 133 1
3754 27 1
3755 39 1
3756 124 1
3757 205 0
3758 14 1
3759 84 1
3760 88 1
3761 86 1
3762 204 1
3763 181 1
3764 150 0
3765 64 0
3766 151 1
3767 88 0
3768 150 1
3769 91 1
3770 131 1
3771 79 1
3772 187 0
3773 206 0
3774 195 1
3775 216 0
3776 179 0
3777 176 0
3778 22 1
3779 8 1
3780 152 1
3781 183 1
3782 104 1
3783 227 0
3784 54 0
3785 9 1
3786 24 1
3787 17 1
3788 177 1
3789 201 1
3790 74 1
3791 215 1
3792 51 0
3793 180 1
3794 96 0
3795 51 1
3796 64 0
3797 144 0
3798 66 1
3799 212 1
3800 22 1
3801 110 1
3802 97 0
3803 46 1
3804 139 0
3805 206 0
3806 224 1
3807 10 1
3808 177 0
3809 153 1
3810 183 0
3811 98 1
3812 211 0
3813 204 0
3814 174 0
3815 202 1
3816 197 1
3817 30 1
3818 227 0
3819 129 1
3820 127 1
3821 139 1
3822 122 1
3823 203 1
3824 144 0
3825 133 1
3826 105 1
3827 150 0
3828 34 1
3829 185 1
3830 103 1
3831 192 1
3832 31 0
3833 156 0
3834 103 0
3835 185 0
3836 197 0
3837 158 1
3838 18 1
3839 179 1
3840 50 1
3841 65 1
3842 104 1
3843 47 1
3844 131 1
3845 135 0
3846 180 0
3847 79 1
3848 127 1
3849 14 0
3850 81 0
3851 21 1
3852 85 0
3853 174 1
3854 101 1
3855 70 1
3856 225 1
3857 110 1
3858 139 1
3859 45 1
3860 178 0
3861 49 1
3862 84 1
3863 129 1
3864 168 1
3865 2 1
3866 148 0
3867 103 0
3868 7 0
3869 124 0
3870 206 1
3871 48 1
3872 118 1
3873 110 1
3874 104 0
3875 72 1
3876 139 0
3877 216 1
3878 53 1
3879 207 1
3880 66 1
3881 30 1
3882 21 0
3883 7 1
3884 215 0
3885 153 1
3886 114 1
3887 202 1
3888 165 0
3889 49 1
3890 43 0
3891 144 1
3892 46 1
3893 194 1
3894 54 1
3895 109 1
3896 187 1
3897 138 1
3898 62 1
3899 41 1
3900 81 0
3901 47 1
3902 200 1
3903 3 0
3904 121 1
3905 227 0
3906 206 1
3907 167 1
3908 79 0
3909 140 1
3910 111 1
3911 58 0
3912 178 1
3913 83 1
3914 146 0
3915 109 1
3916 123 1
3917 226 1
3918 194 1
3919 53 0
3920 86 1
3921 56 0
3922 211 0
3923 104 1
3924 145 1
3925 212 0
3926 55 0
3927 131 0
3928 28 0
3929 65 0
3930 143 1
3931 190 1
3932 103 0
3933 150 1
3934 222 0
3935 174 1
3936 43 1
3937 176 0
3938 30 0
3939 120 0
3940 101 1
3941 7 1
3942 180 1
3943 193 1
3944 142 1
3945 170 0
3946 205 0
3947 112 1
3948 125 1
3949 166 0
3950 41 1
3951 3 1
3952 147 1
3953 142 1
3954 19 1
3955 156 0
3956 171 1
3957 65 1
3958 90 1
3959 135 0
3960 77 0
3961 94 1
3962 14 0
3963 151 1
3964 44 1
3965 62 1
3966 6 1
3967 185 0
3968 32 1
3969 134 1
3970 149 0
3971 205 1
3972 29 1
3973 20 0
3974 105 1
3975 140 1
3976 22 1
3977 25 0
3978 16 0
3979 192 1
3980 70 0
3981 145 0
3982 108 1
3983 33 1
3984 217 1
3985 12 1
3986 17 1
3987 36 1
3988 64 0
3989 182 0
3990 0 1
3991 124 1
3992 133 0
3993 59 1
3994 130 1
3995 210 0
3996 65 1
3997 48 1
3998 34 1
3999 134 1
4000 36 0
4001 211 1
4002 152 0
4003 132 0
4004 107 1
4005 157 1
4006 213 1
4007 130 0
4008 24 1
4009 73 1
4010 16 1
4011 127 0
4012 3 1
4013 75 1
4014 61 0
4015 94 1
4016 128 1
4017 199 1
4018 112 0
4019 56 1
4020 221 1
4021 99 0
4022 71 1
4023 130 0
4024 223 1
4025 38 1
4026 62 0
4027 142 1
4028 144 1
4029 120 1
4030 199 1
4031 107 1
4032 63 1
4033 167 1
4034 197 1
4035 182 0
4036 12 1
4037 185 0
4038 88 1
4039 211 1
4040 110 1
4041 127 0
4042 202 1
4043 43 0
4044 31 1
4045 112 1
4046 165 0
4047 133 1
4048 69 0
4049 207 0
4050 99 0
4051 17 1
4052 3 1
4053 227 1
4054 110 1
4055 191 1
4056 20 0
4057 197 1
4058 148 1
4059 130 0
4060 191 1
4061 213 0
4062 6 1
4063 176 1
4064 206 1
4065 146 1
4066 89 1
4067 204 1
4068 185 1
4069 200 1
4070 203 1
4071 92 1
4072 41 1
4073 6 0
4074 90 1
4075 172 1
4076 151 0
4077 2 1
4078 47 1
4079 52 1
4080 106 0
4081 118 1
4082 165 1
4083 91 1
4084 87 1
4085 222 1
4086 30 0
4087 57 1
4088 164 1
4089 65 0
4090 216 0
4091 111 0
4092 199 1
4093 100 1
4094 80 0
4095 76 1
4096 139 1
4097 185 1
4098 78 1
4099 4 0
4100 144 1
4101 227 0
4102 117 1
4103 50 0
4104 152 0
4105 111 1
4106 158 1
4107 68 0
4108 140 1
4109 164 1
4110 110 1
4111 194 0
4112 224 0
4113 130 1
4114 3 0
4115 27 1
4116 165 1
4117 126 0
4118 114 0
4119 139 1
4120 80 0
4121 196 0
4122 48 0
4123 156 0
4124 221 1
4125 196 1
4126 121 1
4127 157 1
4128 101 1
4129 207 0
4130 226 1
4131 40 0
4132 48 1
4133 21 1
4134 115 1
4135 218 1
4136 198 1
4137 10 1
4138 26 0
4139 223 1
4140 62 0
4141 155 1
4142 126 1
4143 105 1
4144 176 0
4145 120 1
4146 107 1
4147 141 1
4148 115 1
4149 107 1
4150 126 0
4151 2 1
4152 87 1
4153 146 0
4154 210 1
4155 165 1
4156 121 0
4157 32 1
4158 209 0
4159 66 1
4160 11 1
4161 135 1
4162 136 1
4163 46 0
4164 30 0
4165 42 1
4166 54 1
4167 72 0
4168 88 1
4169 43 1
4170 164 1
4171 146 1
4172 105 0
4173 108 1
4174 105 1
4175 48 1
4176 150 1
4177 6 1
4178 52 0
4179 97 0
4180 26 1
4181 43 1
4182 3 1
4183 10 1
4184 123 1
4185 193 0
4186 66 0
4187 133 1
4188 79 1
4189 62 0
4190 220 1
4191 72 1
4192 99 1
4193 4 1
4194 179 1
4195 38 1
4196 45 1
4197 59 1
4198 2 0
4199 156 1
4200 155 1
4201 200 1
4202 6 1
4203 180 1
4204 151 1
4205 57 0
4206 158 1
4207 74 1
4208 27 0
4209 212 1
4210 212 1
4211 201 0
4212 153 0
4213 95 0
4214 133 1
4215 68 0
4216 161 1
4217 69 0
4218 162 1
4219 56 0
4220 69 1
4221 16 1
4222 46 1
4223 44 1
4224 201 0
4225 69 0
4226 83 1
4227 215 0
4228 90 0
4229 163 1
4230 122 0
4231 88 0
4232 60 0
4233 27 1
4234 211 1
4235 95 1
4236 213 0
4237 67 1
4238 6 0
4239 121 1
4240 172 1
4241 164 1
4242 4 0
4243 52 1
4244 38 1
4245 138 0
4246 23 1
4247 20 1
4248 171 1
4249 93 0
4250 146 1
4251 11 1
4252 103 1
4253 163 1
4254 222 1
4255 104 0
4256 19 1
4257 210 0
4258 225 0
4259 166 0
4260 37 0
4261 16 1
4262 90 1
4263 175 0
4264 99 0
4265 220 0
4266 32 0
4267 165 0
4268 115 1
4269 33 1
4270 172 1
4271 80 1
4272 211 1
4273 35 0
4274 112 1
4275 47 1
4276 65 1
4277 14 0
4278 115 1
4279 204 1
4280 18 0
4281 36 1
4282 5 0
4283 218 1
4284 89 1
4285 49 0
4286 194 0
4287 29 1
4288 207 1
4289 173 0
4290 37 1
4291 29 0
4292 72 1
4293 45 0
4294 20 1
4295 206 0
4296 22 0
4297 105 0
4298 19 0
4299 195 1
4300 135 1
4301 157 0
4302 162 1
4303 66 1
4304 22 1
4305 5 0
4306 36 0
4307 193 0
4308 93 1
4309 99 0
4310 64 1
4311 168 1
4312 123 1
4313 146 0
4314 157 1
4315 38 1
4316 146 1
4317 198 1
4318 170 1
4319 223 0
4320 80 1
4321 56 0
4322 67 1
4323 12 0
4324 48 1
4325 78 1
4326 205 1
4327 215 0
4328 80 1
4329 31 1
4330 50 0
4331 106 0
4332 53 1
4333 50 1
4334 128 1
4335 205 0
4336 77 1
4337 112 0
4338 71 1
4339 109 1
4340 40 1
4341 20 1
4342 206 0
4343 133 0
4344 188 0
4345 100 1
4346 22 0
4347 208 1
4348 70 0
4349 71 0
4350 107 1
4351 195 0
4352 98 1
4353 133 1
4354 8 1
4355 77 0
4356 201 0
4357 81 1
4358 153 1
4359 43 0
4360 183 1
4361 125 1
4362 122 1
4363 53 1
4364 167 1
4365 179 1
4366 205 0
4367 18 1
4368 47 0
4369 16 1
4370 181 0
4371 136 1
4372 224 1
4373 139 0
4374 8 1
4375 35 1
4376 113 1
4377 185 1
4378 69 0
4379 4 0
4380 183 0
4381 70 1
4382 134 1
4383 7 1
4384 44 1
4385 41 0
4386 165 0
4387 185 1
4388 182 1
4389 99 1
4390 66 1
4391 187 1
4392 99 1
4393 219 1
4394 203 1
4395 193 0
4396 210 1
4397 90 0
4398 156 1
4399 102 1
4400 168 1
4401 3 1
4402 108 1
4403 55 1
4404 72 1
4405 58 1
4406 77 1
4407 121 0
4408 193 1
4409 132 1
4410 155 1
4411 114 1
4412 149 1
4413 59 1
4414 121 1
4415 66 1
4416 109 0
4417 184 0
4418 45 1
4419 84 0
4420 182 1
4421 59 1
4422 191 0
4423 11 1
4424 113 1
4425 129 1
4426 13 0
4427 195 0
4428 24 1
4429 11 0
4430 219 1
4431 224 1
4432 163 1
4433 122 1
4434 223 1
4435 114 1
4436 137 1
4437 28 1
4438 159 1
4439 61 0
4440 183 0
4441 117 1
4442 223 1
4443 146 1
4444 142 0
4445 181 1
4446 39 1
4447 22 1
4448 161 1
4449 200 1
4450 139 1
4451 138 1
4452 80 0
4453 164 1
4454 222 0
4455 88 0
4456 205 1
4457 161 1
4458 78 1
4459 23 1
4460 25 1
4461 142 1
4462 170 0
4463 39 1
4464 113 1
4465 65 0
4466 146 0
4467 88 1
4468 174 1
4469 26 0
4470 55 1
4471 134 1
4472 107 0
4473 52 0
4474 147 1
4475 178 0
4476 68 1
4477 9 1
4478 61 0
4479 147 0
4480 108 1
4481 215 1
4482 219 0
4483 24 1
4484 133 1
4485 123 0
4486 180 1
4487 24 0
4488 113 0
4489 33 1
4490 167 0
4491 221 1
4492 108 0
4493 35 0
4494 83 1
4495 132 1
4496 182 1
4497 5 1
4498 212 1
4499 143 0
4500 96 1
4501 93 0
4502 100 0
4503 140 1
4504 225 1
4505 50 1
4506 189 1
4507 172 0
4508 78 0
4509 27 1
4510 177 1
4511 156 1
4512 67 1
4513 109 1
4514 207 0
4515 184 0
4516 79 1
4517 155 0
4518 214 1
4519 180 1
4520 46 1
4521 164 0
4522 63 0
4523 93 1
4524 104 1
4525 107 1
4526 83 0
4527 217 0
4528 197 1
4529 218 1
4530 122 1
4531 55 1
4532 44 1
4533 184 1
4534 82 0
4535 46 1
4536 156 1
4537 168 1
4538 107 1
4539 148 0
4540 169 1
4541 68 0
4542 79 0
4543 191 0
4544 187 0
4545 28 1
4546 177 1
4547 87 1
4548 97 1
4549 40 0
4550 197 1
4551 128 1
4552 85 1
4553 132 0
4554 101 1
4555 207 0
4556 96 0
4557 99 0
4558 137 1
4559 27 0
4560 32 1
4561 195 0
4562 154 1
4563 219 0
4564 114 0
4565 23 0
4566 150 1
4567 224 1
4568 220 0
4569 4 1
4570 197 1
4571 168 1
4572 48 1
4573 44 0
4574 118 1
4575 54 1
4576 142 1
4577 164 0
4578 92 1
4579 123 1
4580 6 1
4581 62 1
4582 87 1
4583 197 0
4584 203 1
4585 205 1
4586 185 1
4587 57 1
4588 217 0
4589 207 1
4590 204 1
4591 62 0
4592 71 1
4593 218 0
4594 201 1
4595 157 1
4596 48 1
4597 152 0
4598 66 1
4599 3 1
4600 111 0
4601 17 1
4602 142 1
4603 106 1
4604 207 1
4605 43 1
4606 134 1
4607 89 1
4608 135 1
4609 156 1
4610 208 1
4611 120 1
4612 109 0
4613 180 0
4614 182 1
4615 20 1
4616 196 1
4617 165 0
4618 143 1
4619 46 0
4620 144 1
4621 93 1
4622 211 0
4623 44 1
4624 49 1
4625 31 1
4626 75 0
4627 75 1
4628 212 1
4629 148 0
4630 31 1
4631 35 1
4632 10 1
4633 141 1
4634 32 1
4635 64 1
4636 50 1
4637 15 1
4638 128 0
4639 184 0
4640 49 1
4641 11 0
4642 171 1
4643 112 1
4644 146 1
4645 141 0
4646 5 1
4647 208 1
4648 181 0
4649 184 1
4650 81 0
4651 193 0
4652 178 1
4653 213 1
4654 57 1
4655 59 1
4656 189 1
4657 50 0
4658 173 1
4659 108 1
4660 227 1
4661 72 0
4662 214 0
4663 51 0
4664 190 1
4665 184 0
4666 44 0
4667 207 1
4668 131 0
4669 120 1
4670 149 1
4671 98 1
4672 38 1
4673 64 1
4674 114 1
4675 107 1
4676 226 1
4677 149 1
4678 20 0
4679 184 1
4680 28 1
4681 58 1
4682 63 0
4683 98 0
4684 33 1
4685 202 0
4686 185 1
4687 97 1
4688 24 0
4689 224 1
4690 154 1
4691 40 1
4692 71 1
4693 153 1
4694 210 1
4695 106 1
4696 39 0
4697 98 1
4698 5 1
4699 100 1
4700 202 0
4701 9 0
4702 178 1
4703 187 1
4704 88 1
4705 112 1
4706 91 0
4707 182 1
4708 162 1
4709 58 1
4710 6 1
4711 154 1
4712 133 0
4713 179 0
4714 8 1
4715 193 0
4716 157 1
4717 173 1
4718 113 1
4719 81 1
4720 120 1
4721 215 1
4722 150 1
4723 162 1
4724 81 1
4725 16 0
4726 189 1
4727 164 1
4728 210 1
4729 22 1
4730 182 1
4731 216 1
4732 190 1
4733 6 1
4734 98 1
4735 64 1
4736 69 0
4737 218 0
4738 24 0
4739 107 1
4740 177 1
4741 209 1
4742 65 1
4743 21 1
4744 65 0
4745 53 0
4746 31 0
4747 147 0
4748 218 0
4749 100 1
4750 29 1
4751 112 1
4752 19 1
4753 121 1
4754 59 0
4755 181 0
4756 123 0
4757 162 1
4758 113 1
4759 39 1
4760 15 1
4761 214 1
4762 149 0
4763 87 1
4764 76 1
4765 33 1
4766 155 1
4767 8 1
4768 51 1
4769 22 1
4770 146 1
4771 150 1
4772 154 0
4773 34 1
4774 73 0
4775 218 1
4776 198 1
4777 167 1
4778 126 1
4779 63 0
4780 2 1
4781 112 1
4782 45 1
4783 120 1
4784 21 1
4785 11 1
4786 117 1
4787 13 1
4788 51 0
4789 83 0
4790 168 1
4791 0 0
4792 66 1
4793 46 1
4794 210 1
4795 183 1
4796 10 0
4797 157 0
4798 203 0
4799 184 0
4800 191 0
4801 196 1
4802 162 1
4803 141 1
4804 44 1
4805 125 0
4806 102 1
4807 139 1
4808 97 1
4809 148 1
4810 98 1
4811 95 1
4812 186 1
4813 196 0
4814 90 1
4815 174 1
4816 136 0
4817 166 1
4818 139 1
4819 71 1
4820 124 1
4821 199 1
4822 126 1
4823 182 1
4824 99 1
4825 106 1
4826 222 1
4827 94 1
4828 13 1
4829 146 0
4830 215 1
4831 189 1
4832 38 1
4833 226 1
4834 11 1
4835 164 1
4836 70 1
4837 133 1
4838 50 1
4839 207 1
4840 221 1
4841 119 1
4842 74 0
4843 200 1
4844 48 1
4845 223 1
4846 14 0
4847 207 1
4848 99 0
4849 17 1
4850 78 1
4851 33 1
4852 104 1
4853 116 1
4854 57 1
4855 92 1
4856 212 0
4857 70 1
4858 213 0
4859 162 0
4860 176 0
4861 117 1
4862 129 1
4863 30 1
4864 89 0
4865 143 0
4866 16 1
4867 88 1
4868 131 1
4869 63 1
4870 104 1
4871 43 1
4872 171 1
4873 163 1
4874 172 1
4875 222 1
4876 58 1
4877 115 1
4878 208 1
4879 220 1
4880 209 0
4881 10 1
4882 99 1
4883 135 1
4884 107 0
4885 223 1
4886 158 0
4887 105 0
4888 184 1
4889 45 0
4890 154 1
4891 54 0
4892 168 0
4893 204 1
4894 103 1
4895 6 1
4896 135 1
4897 83 0
4898 163 0
4899 25 0
4900 220 0
4901 42 0
4902 106 1
4903 39 1
4904 204 0
4905 208 1
4906 141 1
4907 146 0
4908 219 1
4909 33 1
4910 122 1
4911 180 0
4912 104 0
4913 52 0
4914 57 0
4915 82 1
4916 145 0
4917 4 1
4918 76 0
4919 102 0
4920 144 0
4921 214 1
4922 132 0
4923 170 1
4924 43 1
4925 7 1
4926 48 1
4927 227 1
4928 42 1
4929 208 0
4930 144 1
4931 180 1
4932 218 1
4933 100 1
4934 0 1
4935 150 1
4936 73 1
4937 22 1
4938 41 1
4939 134 1
4940 200 1
4941 69 1
4942 132 0
4943 205 0
4944 135 1
4945 77 1
4946 35 0
4947 144 0
4948 214 0
4949 140 0
4950 8 0
4951 178 0
4952 199 1
4953 107 1
4954 181 0
4955 128 0
4956 186 1
4957 190 1
4958 54 1
4959 68 1
4960 140 1
4961 29 1
4962 175 1
4963 20 1
4964 206 1
4965 179 1
4966 223 0
4967 116 1
4968 118 1
4969 222 1
4970 9 0
4971 224 1
4972 123 1
4973 74 1
4974 157 1
4975 155 1
4976 76 0
4977 48 1
4978 161 0
4979 200 0
4980 17 1
4981 174 1
4982 84 0
4983 222 0
4984 58 1
4985 45 0
4986 142 1
4987 66 0
4988 32 0
4989 3 1
4990 87 1
4991 47 1
4992 130 1
4993 202 1
4994 181 1
4995 8 1
4996 145 1
4997 227 1
4998 17 0
4999 220 1
5000 226 1
5001 174 0
5002 111 1
5003 194 0
5004 185 1
5005 122 1
5006 144 0
5007 223 1
5008 53 0
5009 143 1
5010 175 0
5011 9 1
5012 121 1
5013 109 0
5014 17 1
5015 17 1
5016 155 0
5017 188 1
5018 24 0
5019 214 1
5020 140 1
5021 57 1
5022 66 0
5023 136 0
5024 53 1
5025 174 0
5026 6 0
5027 108 1
5028 191 1
5029 70 0
5030 123 1
5031 28 1
5032 99 0
5033 120 1
5034 158 1
5035 120 1
5036 3 1
5037 160 1
5038 17 1
5039 221 1
5040 151 1
5041 102 1
5042 138 1
5043 72 1
5044 3 1
5045 97 1
5046 18 1
5047 208 1
5048 113 1
5049 28 1
5050 224 0
5051 147 1
5052 113 0
5053 101 1
5054 179 1
5055 4 1
5056 65 1
5057 31 1
5058 104 1
5059 92 1
5060 34 1
5061 38 1
5062 103 0
5063 201 0
5064 135 0
5065 64 0
5066 181 1
5067 179 1
5068 94 0
5069 0 0
5070 178 0
5071 147 0
5072 126 0
5073 22 1
5074 70 0
5075 125 1
5076 91 1
5077 188 1
5078 198 1
5079 215 1
5080 178 1
5081 41 0
5082 51 1
5083 213 0
5084 76 1
5085 207 1
5086 217 0
5087 73 1
5088 109 1
5089 133 1
5090 225 1
5091 87 0
5092 226 1
5093 71 0
5094 224 1
5095 105 0
5096 125 1
5097 93 1
5098 170 1
5099 110 1
5100 63 0
5101 60 1
5102 19 0
5103 199 1
5104 0 1
5105 111 1
5106 166 0
5107 118 1
5108 33 1
5109 148 1
5110 51 0
5111 219 0
5112 204 1
5113 141 1
5114 178 1
5115 181 0
5116 160 0
5117 113 0
5118 147 1
5119 96 1
5120 220 1
5121 177 1
5122 194 1
5123 127 1
5124 60 0
5125 61 0
5126 106 1
5127 76 0
5128 169 1
5129 17 0
5130 44 1
5131 149 1
5132 1 1
5133 171 0
5134 135 1
5135 100 0
5136 35 1
5137 90 0
5138 149 0
5139 32 1
5140 54 1
5141 109 1
5142 178 1
5143 46 1
5144 190 1
5145 26 1
5146 67 0
5147 226 1
5148 226 0
5149 4 1
5150 225 1
5151 48 1
5152 203 0
5153 49 1
5154 145 1
5155 122 1
5156 207 1
5157 147 0
5158 189 1
5159 80 1
5160 61 1
5161 174 1
5162 70 1
5163 212 1
5164 147 0
5165 217 0
5166 126 1
5167 193 0
5168 209 1
5169 13 0
5170 128 1
5171 113 1
5172 140 1
5173 85 0
5174 29 1
5175 41 1
5176 61 1
5177 7 0
5178 193 1
5179 216 1
5180 225 1
5181 44 1
5182 47 1
5183 28 0
5184 56 0
5185 170 0
5186 177 1
5187 112 0
5188 103 1
5189 223 1
5190 152 1
5191 12 0
5192 40 0
5193 164 0
5194 27 0
5195 133 1
5196 162 0
5197 179 1
5198 219 1
5199 42 1
5200 37 0
5201 36 1
5202 40 1
5203 108 1
5204 134 1
5205 80 1
5206 155 0
5207 91 1
5208 144 1
5209 5 0
5210 196 1
5211 212 1
5212 121 1
5213 144 1
5214 175 1
5215 192 1
5216 170 1
5217 214 0
5218 180 1
5219 174 1
5220 197 1
5221 193 0
5222 135 1
5223 125 0
5224 101 0
5225 10 1
5226 57 1
5227 4 0
5228 206 1
5229 111 1
5230 122 1
5231 137 0
5232 107 1
5233 95 1
5234 218 0
5235 162 0
5236 83 1
5237 116 1
5238 201 0
5239 73 0
5240 160 1
5241 175 1
5242 126 0
5243 216 1
5244 131 1
5245 29 1
5246 190 0
5247 138 1
5248 78 0
5249 128 0
5250 62 1
5251 75 1
5252 223 1
5253 168 1
5254 9 1
5255 90 0
5256 129 1
5257 191 0
5258 21 0
5259 132 1
5260 50 1
5261 226 1
5262 132 0
5263 97 1
5264 141 1
5265 82 0
5266 108 1
5267 136 1
5268 138 1
5269 119 1
5270 106 1
5271 105 1
5272 35 0
5273 51 1
5274 35 0
5275 28 1
5276 150 1
5277 129 0
5278 162 0
5279 69 0
5280 27 1
5281 82 1
5282 97 1
5283 27 0
5284 99 0
5285 171 1
5286 144 1
5287 17 0
5288 164 1
5289 55 1
5290 72 1
5291 88 1
5292 110 0
5293 81 0
5294 19 0
5295 168 1
5296 73 0
5297 198 0
5298 46 1
5299 210 0
5300 177 1
5301 171 1
5302 5 1
5303 77 1
5304 60 1
5305 156 1
5306 216 1
5307 159 0
5308 37 1
5309 192 0
5310 162 0
5311 119 1
5312 171 0
5313 211 1
5314 119 1
5315 167 1
5316 135 1
5317 194 1
5318 102 1
5319 114 0
5320 175 1
5321 99 0
5322 91 1
5323 83 0
5324 43 1
5325 217 0
5326 179 1
5327 18 1
5328 1 1
5329 128 0
5330 226 1
5331 221 1
5332 209 1
5333 78 1
5334 2 1
5335 34 1
5336 38 1
5337 146 1
5338 164 1
5339 62 0
5340 64 1
5341 218 0
5342 191 0
5343 154 0
5344 41 1
5345 101 0
5346 154 0
5347 205 1
5348 70 1
5349 7 0
5350 51 1
5351 55 0
5352 191 1
5353 23 1
5354 6 1
5355 123 1
5356 168 0
5357 101 1
5358 153 1
5359 111 0
5360 115 1
5361 38 0
5362 112 0
5363 209 0
5364 118 1
5365 59 1
5366 46 1
5367 62 1
5368 135 0
5369 153 1
5370 202 1
5371 211 0
5372 194 1
5373 61 1
5374 129 1
5375 118 1
5376 190 0
5377 89 1
5378 219 0
5379 44 0
5380 76 1
5381 66 1
5382 38 1
5383 132 1
5384 18 1
5385 103 0
5386 137 0
5387 167 1
5388 188 1
5389 27 0
5390 205 1
5391 121 1
5392 121 1
5393 29 1
5394 69 1
5395 9 1
5396 210 1
5397 40 0
5398 7 0
5399 210 1
5400 49 0
5401 50 1
5402 189 1
5403 78 1
5404 21 1
5405 42 1
5406 54 0
5407 198 1
5408 177 1
5409 59 0
5410 106 0
5411 180 0
5412 159 1
5413 156 0
5414 212 1
5415 208 1
5416 29 0
5417 220 0
5418 35 1
5419 171 1
5420 207 0
5421 87 1
5422 180 0
5423 208 0
5424 106 1
5425 164 0
5426 123 1
5427 104 1
5428 141 0
5429 24 0
5430 187 1
5431 159 0
5432 50 0
5433 222 1
5434 25 1
5435 174 1
5436 182 0
5437 37 0
5438 123 1
5439 52 0
5440 72 0
5441 1 0
5442 137 1
5443 69 1
5444 170 0
5445 177 1
5446 130 1
5447 150 1
5448 64 1
5449 70 1
5450 114 1
5451 94 0
5452 66 0
5453 219 1
5454 165 1
5455 223 0
5456 47 0
5457 25 0
5458 134 1
5459 8 1
5460 204 1
5461 9 1
5462 97 1
5463 76 1
5464 92 1
5465 39 1
5466 179 1
5467 62 1
5468 68 0
5469 10 0
5470 96 0
5471 47 0
5472 34 1
5473 117 0
5474 182 1
5475 32 1
5476 114 1
5477 54 0
5478 217 1
5479 161 1
5480 80 1
5481 75 1
5482 121 0
5483 80 1
5484 223 1
5485 211 1
5486 128 1
5487 39 0
5488 118 1
5489 134 1
5490 85 0
5491 19 1
5492 12 1
5493 199 0
5494 7 0
5495 98 1
5496 120 1
5497 151 1
5498 114 0
5499 218 0
5500 127 1
5501 217 1
5502 35 0
5503 10 0
5504 217 1
5505 30 1
5506 99 0
5507 62 0
5508 139 1
5509 112 0
5510 213 1
5511 38 1
5512 187 1
5513 150 1
5514 210 1
5515 215 1
5516 146 1
5517 168 1
5518 20 1
5519 155 1
5520 95 0
5521 100 1
5522 22 1
5523 109 1
5524 227 1
5525 112 0
5526 7 0
5527 121 1
5528 112 1
5529 71 0
5530 215 1
5531 219 0
5532 50 1
5533 119 1
5534 126 0
5535 96 0
5536 19 0
5537 7 1
5538 162 0
5539 219 1
5540 125 1
5541 177 1
5542 25 1
5543 114 1
5544 129 1
5545 20 1
5546 32 1
5547 38 0
5548 204 1
5549 170 1
5550 7 1
5551 144 0
5552 39 0
5553 68 1
5554 40 1
5555 183 0
5556 178 1
5557 86 1
5558 7 1
5559 129 1
5560 174 1
5561 57 1
5562 194 1
5563 78 1
5564 57 1
5565 76 0
5566 74 1
5567 107 1
5568 160 1
5569 119 1
5570 38 1
5571 153 1
5572 10 0
5573 224 0
5574 16 0
5575 186 1
5576 79 1
5577 201 0
5578 143 0
5579 19 0
5580 87 1
5581 70 1
5582 120 1
5583 79 1
5584 173 0
5585 40 1
5586 76 1
5587 216 1
5588 9 1
5589 136 1
5590 125 0
5591 36 1
5592 142 1
5593 54 0
5594 93 0
5595 62 1
5596 218 1
5597 130 1
5598 114 1
5599 163 1
5600 196 0
5601 58 1
5602 201 0
5603 148 0
5604 62 1
5605 56 0
5606 167 1
5607 197 1
5608 118 1
5609 154 0
5610 145 1
5611 179 1
5612 137 1
5613 18 1
5614 64 0
5615 114 1
5616 188 0
5617 93 1
5618 23 1
