8033
1 271 1
2 390 0
3 550 1
4 12 1
5 36 0
6 602 1
7 39 1
8 81 1
9 426 1
10 126 1
11 18 0
12 269 1
13 265 1
14 363 1
15 110 1
16 297 1
17 428 1
18 622 0
19 536 1
20 532 1
21 568 1
22 234 1
23 127 1
24 354 1
25 45 1
26 111 1
27 175 0
28 293 1
29 145 1
30 346 0
31 405 1
32 2 0
33 45 0
34 534 1
35 607 1
36 495 1
37 280 1
38 497 0
39 394 1
40 310 0
41 38 1
42 488 1
43 159 1
44 11 0
45 159 1
46 560 1
47 358 1
48 112 1
49 536 1
50 334 0
51 420 1
52 398 0
53 281 0
54 457 1
55 452 0
56 456 0
57 545 1
58 61 1
59 439 0
60 374 0
61 414 1
62 512 1
63 211 0
64 525 1
65 612 0
66 596 1
67 403 1
68 455 1
69 603 0
70 74 1
71 401 1
72 269 1
73 189 1
74 373 1
75 395 1
76 584 0
77 388 0
78 295 1
79 426 1
80 60 0
81 403 1
82 158 0
83 365 0
84 205 1
85 239 1
86 104 1
87 166 1
88 301 1
89 60 1
90 341 0
91 136 1
92 613 1
93 92 1
94 481 1
95 460 1
96 287 1
97 548 1
98 383 1
99 416 1
100 604 1
101 224 0
102 18 0
103 438 1
104 95 1
105 343 1
106 303 1
107 67 1
108 361 1
109 548 0
110 43 0
111 99 1
112 585 1
113 125 0
114 274 1
115 271 1
116 547 1
117 309 1
118 227 1
119 234 0
120 596 1
121 108 1
122 413 1
123 538 0
124 327 0
125 340 1
126 181 1
127 50 1
128 435 0
129 441 0
130 66 0
131 310 0
132 556 1
133 528 1
134 82 0
135 464 0
136 61 0
137 299 1
138 105 1
139 606 0
140 11 1
141 160 1
142 99 0
143 308 0
144 386 1
145 601 0
146 183 1
147 423 1
148 245 0
149 246 1
150 435 1
151 354 0
152 12 1
153 327 0
154 206 0
155 543 1
156 602 1
157 402 0
158 279 0
159 585 0
160 182 0
161 466 1
162 177 1
163 455 1
164 554 1
165 99 0
166 141 1
167 207 1
168 448 0
169 255 1
170 183 0
171 229 0
172 224 0
173 201 1
174 64 1
175 517 0
176 60 1
177 605 1
178 579 1
179 17 1
180 483 1
181 210 0
182 545 1
183 126 1
184 301 1
185 370 1
186 529 1
187 619 1
188 596 0
189 605 0
190 337 0
191 264 1
192 185 1
193 627 1
194 8 0
195 619 0
196 109 1
197 472 0
198 596 0
199 371 1
200 338 1
201 104 0
202 63 1
203 343 0
204 273 0
205 33 1
206 158 1
207 358 1
208 524 1
209 456 1
210 344 1
211 381 1
212 627 1
213 465 1
214 183 1
215 207 0
216 292 1
217 110 1
218 391 1
219 363 1
220 124 0
221 625 1
222 51 1
223 609 1
224 47 1
225 458 1
226 227 1
227 202 0
228 423 1
229 172 0
230 218 1
231 476 1
232 48 1
233 206 1
234 389 1
235 462 1
236 322 1
237 144 1
238 149 1
239 299 0
240 540 0
241 580 0
242 326 0
243 344 0
244 163 0
245 70 1
246 254 1
247 240 1
248 475 1
249 99 1
250 372 1
251 92 1
252 362 0
253 426 1
254 339 1
255 65 0
256 212 1
257 369 0
258 141 1
259 2 0
260 588 1
261 43 0
262 596 0
263 501 1
264 79 1
265 22 1
266 519 1
267 495 0
268 335 1
269 115 1
270 368 0
271 267 0
272 166 1
273 460 1
274 65 1
275 604 1
276 519 0
277 209 0
278 271 1
279 273 0
280 33 1
281 151 1
282 394 1
283 157 0
284 290 0
285 117 1
286 429 0
287 588 1
288 363 1
289 268 1
290 232 1
291 438 1
292 233 0
293 589 0
294 79 1
295 204 1
296 508 0
297 23 1
298 358 1
299 346 0
300 428 0
301 29 1
302 189 1
303 183 1
304 379 1
305 337 1
306 37 1
307 85 0
308 136 1
309 115 0
310 252 1
311 321 1
312 31 0
313 376 1
314 500 1
315 395 0
316 535 1
317 516 1
318 382 0
319 634 0
320 499 0
321 95 1
322 461 1
323 147 0
324 204 1
325 170 1
326 574 1
327 573 1
328 184 1
329 344 1
330 386 0
331 335 0
332 505 1
333 360 0
334 264 1
335 371 1
336 44 0
337 5 1
338 4 1
339 468 0
340 398 0
341 22 1
342 487 1
343 300 1
344 259 0
345 78 0
346 98 0
347 289 1
348 613 1
349 222 0
350 365 1
351 354 1
352 417 1
353 272 1
354 495 1
355 621 0
356 93 1
357 588 0
358 596 1
359 608 1
360 246 1
361 215 0
362 448 1
363 314 1
364 511 1
365 25 1
366 478 1
367 1 1
368 95 1
369 38 1
370 371 1
371 214 0
372 25 1
373 401 0
374 412 1
375 191 1
376 410 0
377 360 1
378 268 1
379 7 0
380 551 0
381 371 0
382 404 1
383 12 1
384 10 1
385 447 0
386 60 1
387 202 0
388 185 0
389 64 1
390 327 1
391 604 1
392 10 0
393 309 1
394 353 1
395 416 1
396 333 1
397 22 0
398 508 0
399 593 0
400 69 1
401 257 1
402 415 0
403 207 1
404 412 1
405 546 1
406 518 0
407 198 1
408 203 1
409 164 1
410 181 1
411 175 1
412 73 1
413 608 0
414 216 1
415 465 1
416 321 1
417 399 0
418 530 0
419 59 1
420 234 1
421 403 1
422 478 0
423 629 1
424 474 0
425 587 0
426 88 0
427 526 0
428 317 0
429 100 1
430 414 1
431 159 1
432 1 0
433 202 1
434 521 1
435 188 1
436 223 0
437 221 1
438 550 0
439 105 1
440 367 1
441 401 0
442 177 1
443 601 1
444 140 1
445 368 0
446 624 1
447 12 1
448 451 1
449 507 1
450 467 1
451 442 0
452 1 0
453 115 0
454 236 1
455 306 1
456 270 1
457 408 0
458 341 1
459 290 1
460 425 1
461 394 0
462 550 1
463 390 1
464 613 1
465 53 1
466 306 1
467 485 1
468 515 1
469 225 1
470 178 0
471 77 1
472 580 1
473 252 1
474 201 1
475 126 1
476 549 1
477 398 1
478 283 1
479 180 0
480 407 1
481 56 1
482 77 0
483 387 1
484 499 1
485 66 1
486 492 0
487 490 0
488 613 1
489 90 0
490 625 0
491 163 1
492 93 1
493 368 1
494 72 1
495 622 1
496 130 1
497 550 0
498 568 0
499 157 1
500 271 1
501 474 1
502 359 0
503 559 1
504 412 1
505 501 0
506 222 1
507 306 0
508 575 1
509 32 0
510 572 0
511 483 0
512 46 0
513 259 1
514 58 1
515 412 1
516 632 1
517 443 1
518 565 1
519 51 1
520 381 1
521 102 1
522 566 1
523 267 1
524 433 1
525 502 1
526 311 1
527 422 1
528 99 1
529 329 0
530 455 0
531 471 0
532 343 1
533 166 1
534 11 1
535 600 0
536 119 1
537 344 0
538 461 0
539 549 1
540 260 1
541 621 1
542 125 1
543 269 1
544 448 1
545 365 1
546 55 1
547 78 0
548 473 1
549 20 1
550 453 1
551 226 1
552 38 1
553 616 1
554 523 1
555 115 1
556 296 0
557 60 0
558 510 1
559 629 1
560 294 1
561 584 1
562 554 1
563 104 0
564 263 1
565 226 0
566 94 0
567 3 1
568 381 0
569 615 1
570 491 1
571 402 0
572 189 0
573 558 1
574 157 0
575 372 1
576 261 1
577 157 1
578 332 0
579 557 1
580 370 1
581 17 0
582 593 1
583 573 0
584 624 1
585 593 1
586 633 1
587 625 1
588 179 0
589 235 1
590 449 1
591 145 1
592 277 0
593 240 1
594 548 1
595 545 0
596 303 1
597 97 1
598 576 1
599 585 0
600 580 1
601 411 1
602 260 1
603 122 1
604 306 1
605 133 1
606 314 0
607 188 1
608 566 1
609 542 1
610 575 1
611 120 1
612 373 1
613 489 1
614 244 1
615 236 1
616 339 0
617 125 0
618 405 1
619 395 1
620 581 0
621 189 1
622 157 1
623 202 1
624 163 0
625 567 0
626 554 0
627 339 0
628 253 1
629 598 0
630 624 1
631 44 0
632 204 1
633 284 0
634 400 1
635 43 0
636 550 1
637 592 1
638 602 0
639 160 0
640 260 0
641 226 0
642 129 0
643 456 1
644 116 1
645 245 1
646 604 0
647 418 1
648 442 0
649 140 0
650 97 0
651 546 0
652 416 0
653 76 1
654 19 1
655 506 1
656 312 1
657 444 0
658 20 1
659 181 1
660 34 0
661 227 1
662 64 0
663 177 0
664 62 1
665 70 1
666 493 0
667 155 1
668 477 1
669 15 1
670 459 1
671 126 1
672 611 0
673 570 1
674 192 1
675 109 0
676 526 1
677 222 1
678 331 1
679 453 1
680 66 1
681 545 1
682 498 1
683 191 0
684 289 1
685 178 0
686 85 0
687 242 1
688 231 0
689 42 0
690 286 1
691 8 0
692 480 0
693 125 1
694 622 0
695 569 1
696 460 0
697 612 1
698 537 1
699 4 0
700 368 0
701 296 0
702 487 1
703 499 1
704 74 0
705 500 1
706 49 1
707 522 1
708 95 1
709 62 0
710 576 0
711 135 1
712 460 1
713 73 0
714 266 1
715 545 0
716 260 1
717 436 0
718 95 0
719 189 1
720 190 0
721 513 0
722 554 1
723 126 1
724 398 0
725 89 0
726 170 1
727 89 1
728 321 1
729 350 0
730 231 1
731 562 1
732 451 1
733 589 1
734 13 1
735 72 0
736 189 0
737 436 1
738 328 0
739 114 1
740 108 0
741 414 0
742 420 1
743 266 1
744 22 0
745 43 1
746 225 1
747 94 1
748 326 0
749 580 0
750 183 1
751 536 0
752 588 1
753 472 1
754 256 1
755 364 1
756 155 1
757 627 0
758 3 1
759 31 1
760 223 0
761 254 0
762 36 1
763 483 1
764 389 1
765 52 1
766 438 1
767 310 1
768 274 1
769 37 0
770 92 1
771 244 1
772 528 1
773 164 1
774 479 1
775 540 0
776 261 0
777 501 0
778 501 1
779 9 1
780 134 1
781 185 0
782 633 1
783 321 1
784 628 1
785 160 1
786 101 0
787 308 1
788 633 1
789 526 1
790 32 1
791 530 1
792 576 1
793 575 1
794 94 1
795 46 1
796 3 1
797 158 1
798 77 0
799 274 1
800 180 0
801 139 1
802 195 1
803 276 1
804 277 0
805 21 0
806 576 1
807 587 1
808 296 1
809 316 1
810 468 1
811 610 1
812 578 1
813 473 0
814 598 0
815 82 0
816 546 0
817 416 1
818 10 0
819 292 0
820 202 1
821 580 1
822 213 0
823 25 1
824 408 1
825 264 1
826 44 1
827 78 1
828 366 1
829 8 1
830 20 1
831 456 0
832 288 1
833 22 1
834 279 1
835 569 1
836 612 1
837 616 1
838 396 0
839 57 1
840 331 0
841 404 1
842 545 1
843 356 1
844 383 1
845 589 1
846 439 1
847 327 1
848 632 0
849 375 1
850 20 1
851 107 1
852 174 1
853 180 0
854 87 1
855 89 1
856 542 1
857 143 1
858 325 1
859 86 1
860 221 0
861 460 0
862 435 0
863 94 0
864 493 1
865 66 1
866 137 1
867 487 0
868 253 1
869 230 0
870 253 1
871 108 1
872 170 0
873 606 1
874 108 1
875 552 0
876 90 1
877 338 1
878 522 1
879 315 1
880 260 1
881 236 1
882 538 1
883 57 0
884 113 0
885 481 1
886 599 1
887 519 1
888 190 0
889 614 1
890 532 1
891 611 1
892 259 1
893 497 1
894 96 0
895 511 0
896 543 1
897 102 0
898 185 1
899 580 0
900 431 1
901 13 1
902 365 1
903 522 1
904 372 1
905 202 1
906 383 1
907 249 0
908 468 0
909 145 0
910 281 1
911 278 0
912 110 0
913 621 1
914 524 1
915 585 1
916 341 1
917 73 1
918 481 0
919 610 1
920 446 1
921 488 0
922 331 0
923 193 0
924 205 0
925 95 1
926 337 1
927 26 1
928 103 1
929 100 0
930 562 1
931 297 0
932 6 1
933 332 1
934 307 1
935 63 1
936 469 0
937 305 1
938 2 0
939 322 1
940 178 0
941 43 1
942 140 1
943 320 0
944 65 1
945 220 1
946 462 1
947 253 1
948 229 1
949 305 1
950 233 1
951 20 1
952 268 0
953 217 1
954 172 1
955 470 1
956 314 1
957 223 1
958 567 1
959 54 1
960 312 1
961 617 1
962 142 0
963 593 1
964 161 1
965 265 1
966 616 1
967 446 1
968 594 1
969 512 0
970 567 0
971 458 1
972 217 1
973 65 0
974 574 0
975 139 0
976 387 1
977 384 0
978 340 1
979 249 1
980 589 1
981 244 1
982 156 1
983 177 0
984 83 0
985 223 0
986 401 0
987 254 0
988 85 1
989 117 1
990 432 0
991 269 1
992 369 0
993 62 0
994 360 0
995 551 1
996 183 1
997 242 0
998 216 1
999 431 1
1000 473 1
1001 307 0
1002 49 1
1003 206 1
1004 239 0
1005 152 1
1006 571 0
1007 212 1
1008 431 1
1009 355 1
1010 577 0
1011 454 1
1012 432 0
1013 449 0
1014 472 0
1015 304 1
1016 256 1
1017 533 1
1018 531 1
1019 432 0
1020 412 0
1021 171 1
1022 354 1
1023 3 1
1024 6 0
1025 290 1
1026 622 1
1027 58 0
1028 171 1
1029 416 1
1030 109 0
1031 311 0
1032 47 1
1033 27 0
1034 307 1
1035 78 1
1036 385 0
1037 425 1
1038 616 0
1039 247 1
1040 137 1
1041 554 1
1042 13 0
1043 528 1
1044 468 0
1045 185 1
1046 379 1
1047 291 1
1048 64 1
1049 369 1
1050 120 1
1051 439 1
1052 45 1
1053 610 1
1054 16 0
1055 632 1
1056 118 0
1057 269 1
1058 513 0
1059 299 0
1060 456 1
1061 265 1
1062 331 0
1063 619 1
1064 225 1
1065 115 1
1066 142 1
1067 207 1
1068 141 0
1069 206 0
1070 390 0
1071 302 0
1072 112 1
1073 631 1
1074 83 1
1075 314 1
1076 137 1
1077 97 1
1078 501 1
1079 212 0
1080 410 0
1081 420 1
1082 231 1
1083 97 1
1084 168 1
1085 522 1
1086 498 1
1087 431 0
1088 110 1
1089 586 1
1090 71 0
1091 90 1
1092 209 0
1093 26 0
1094 252 0
1095 151 1
1096 558 0
1097 572 1
1098 557 0
1099 519 0
1100 329 0
1101 13 1
1102 579 0
1103 161 1
1104 220 0
1105 241 0
1106 369 1
1107 492 1
1108 511 1
1109 3 1
1110 115 0
1111 140 0
1112 68 0
1113 185 0
1114 96 1
1115 72 0
1116 459 1
1117 603 0
1118 513 1
1119 450 0
1120 225 0
1121 381 0
1122 380 1
1123 521 1
1124 115 1
1125 368 1
1126 21 1
1127 260 1
1128 571 0
1129 79 1
1130 490 0
1131 434 0
1132 228 1
1133 75 1
1134 523 0
1135 196 1
1136 566 0
1137 56 1
1138 165 1
1139 551 1
1140 460 1
1141 494 1
1142 150 1
1143 570 0
1144 549 0
1145 95 0
1146 149 1
1147 76 1
1148 289 1
1149 475 0
1150 26 0
1151 275 0
1152 605 1
1153 252 1
1154 266 0
1155 400 0
1156 444 0
1157 556 1
1158 372 1
1159 30 1
1160 489 1
1161 48 0
1162 4 0
1163 372 0
1164 260 1
1165 454 1
1166 240 1
1167 227 0
1168 410 1
1169 331 1
1170 4 0
1171 117 0
1172 348 1
1173 393 0
1174 514 0
1175 356 1
1176 533 1
1177 356 1
1178 513 1
1179 187 0
1180 298 0
1181 409 1
1182 85 1
1183 106 1
1184 457 1
1185 512 1
1186 526 1
1187 260 1
1188 17 1
1189 317 0
1190 433 1
1191 248 0
1192 426 1
1193 225 1
1194 55 1
1195 428 1
1196 403 1
1197 248 0
1198 180 1
1199 324 1
1200 149 0
1201 457 0
1202 188 0
1203 280 0
1204 100 0
1205 93 1
1206 619 1
1207 222 1
1208 311 1
1209 64 1
1210 209 1
1211 68 1
1212 44 1
1213 449 1
1214 28 1
1215 219 0
1216 331 0
1217 218 0
1218 115 1
1219 81 1
1220 436 0
1221 98 0
1222 516 1
1223 180 1
1224 108 0
1225 534 1
1226 94 1
1227 278 1
1228 275 0
1229 346 0
1230 214 1
1231 474 1
1232 591 1
1233 422 0
1234 532 0
1235 271 1
1236 35 1
1237 111 1
1238 30 1
1239 84 1
1240 527 0
1241 448 1
1242 577 1
1243 108 0
1244 168 0
1245 514 1
1246 370 1
1247 286 1
1248 394 1
1249 398 0
1250 561 1
1251 617 0
1252 380 1
1253 489 0
1254 368 1
1255 542 1
1256 541 1
1257 231 1
1258 439 1
1259 51 1
1260 151 1
1261 348 1
1262 267 1
1263 213 1
1264 56 0
1265 302 1
1266 622 1
1267 564 1
1268 361 1
1269 136 1
1270 341 0
1271 346 0
1272 390 1
1273 89 1
1274 274 0
1275 152 0
1276 62 1
1277 296 1
1278 491 1
1279 339 1
1280 469 1
1281 514 0
1282 282 1
1283 182 1
1284 211 0
1285 94 1
1286 353 1
1287 157 1
1288 375 0
1289 295 1
1290 370 0
1291 432 1
1292 304 1
1293 110 0
1294 586 0
1295 57 1
1296 456 1
1297 226 1
1298 364 0
1299 104 1
1300 83 1
1301 484 0
1302 632 1
1303 537 1
1304 237 1
1305 379 0
1306 629 1
1307 389 0
1308 253 1
1309 435 1
1310 315 0
1311 616 1
1312 412 0
1313 232 0
1314 608 0
1315 73 1
1316 528 0
1317 477 1
1318 557 1
1319 254 1
1320 553 0
1321 116 1
1322 158 1
1323 186 1
1324 371 1
1325 607 1
1326 462 0
1327 171 1
1328 154 1
1329 373 1
1330 98 0
1331 168 1
1332 362 1
1333 500 0
1334 374 1
1335 427 0
1336 102 1
1337 196 1
1338 407 1
1339 29 1
1340 361 0
1341 186 1
1342 582 0
1343 421 1
1344 118 0
1345 213 0
1346 606 0
1347 183 1
1348 384 1
1349 609 0
1350 152 0
1351 416 1
1352 295 1
1353 514 1
1354 345 0
1355 202 1
1356 529 0
1357 260 1
1358 102 1
1359 562 0
1360 198 1
1361 413 0
1362 521 0
1363 487 1
1364 629 1
1365 387 1
1366 212 0
1367 400 0
1368 130 1
1369 566 1
1370 172 1
1371 547 0
1372 513 0
1373 527 0
1374 203 1
1375 186 1
1376 594 1
1377 554 1
1378 545 1
1379 100 1
1380 217 1
1381 51 1
1382 13 1
1383 294 1
1384 81 0
1385 619 1
1386 351 1
1387 312 1
1388 44 1
1389 202 0
1390 23 1
1391 632 1
1392 345 1
1393 438 1
1394 307 1
1395 152 1
1396 391 1
1397 311 0
1398 13 1
1399 540 1
1400 179 0
1401 339 1
1402 396 1
1403 125 0
1404 212 1
1405 37 1
1406 73 1
1407 201 0
1408 570 1
1409 22 1
1410 536 1
1411 132 0
1412 363 1
1413 46 1
1414 397 1
1415 454 1
1416 451 1
1417 464 0
1418 167 0
1419 1 1
1420 274 1
1421 599 0
1422 65 1
1423 122 0
1424 154 1
1425 235 0
1426 311 0
1427 340 1
1428 160 0
1429 407 1
1430 313 1
1431 484 1
1432 377 0
1433 325 1
1434 268 1
1435 280 1
1436 357 1
1437 254 1
1438 402 1
1439 406 1
1440 512 1
1441 604 0
1442 359 0
1443 220 1
1444 44 1
1445 426 1
1446 203 1
1447 478 1
1448 589 1
1449 489 0
1450 486 1
1451 113 0
1452 371 0
1453 622 1
1454 92 0
1455 52 1
1456 393 1
1457 142 0
1458 322 0
1459 620 1
1460 340 1
1461 72 1
1462 52 1
1463 489 1
1464 67 1
1465 212 1
1466 462 1
1467 127 1
1468 49 0
1469 321 0
1470 492 0
1471 103 1
1472 386 1
1473 351 1
1474 592 0
1475 415 1
1476 106 1
1477 198 1
1478 386 0
1479 149 0
1480 379 1
1481 364 1
1482 52 0
1483 390 1
1484 589 0
1485 235 0
1486 434 1
1487 38 1
1488 575 0
1489 243 1
1490 76 1
1491 187 0
1492 495 0
1493 332 1
1494 421 1
1495 57 1
1496 208 0
1497 357 1
1498 269 1
1499 345 0
1500 172 1
1501 11 1
1502 267 1
1503 149 0
1504 432 0
1505 98 1
1506 407 1
1507 47 1
1508 20 1
1509 506 1
1510 218 1
1511 599 1
1512 333 1
1513 35 1
1514 409 1
1515 174 1
1516 310 1
1517 545 0
1518 236 1
1519 142 0
1520 443 0
1521 533 1
1522 510 0
1523 467 1
1524 316 1
1525 336 1
1526 250 1
1527 309 1
1528 598 1
1529 542 1
1530 66 1
1531 320 0
1532 260 1
1533 310 1
1534 282 1
1535 513 1
1536 50 0
1537 290 1
1538 348 1
1539 447 0
1540 445 0
1541 548 0
1542 434 0
1543 628 1
1544 543 1
1545 135 1
1546 610 1
1547 350 1
1548 35 1
1549 80 0
1550 470 1
1551 391 1
1552 369 1
1553 438 0
1554 154 0
1555 87 1
1556 384 1
1557 9 1
1558 207 0
1559 572 0
1560 531 0
1561 89 0
1562 504 1
1563 98 1
1564 456 1
1565 205 0
1566 128 1
1567 170 1
1568 628 1
1569 563 1
1570 208 0
1571 95 0
1572 8 1
1573 132 0
1574 100 0
1575 314 0
1576 127 1
1577 494 1
1578 199 1
1579 528 1
1580 127 0
1581 296 0
1582 52 1
1583 109 1
1584 416 0
1585 184 0
1586 36 1
1587 574 1
1588 377 0
1589 243 0
1590 125 1
1591 465 1
1592 317 1
1593 241 1
1594 273 1
1595 513 0
1596 216 1
1597 4 0
1598 617 1
1599 306 0
1600 126 1
1601 379 1
1602 120 0
1603 199 1
1604 374 1
1605 331 1
1606 349 1
1607 109 0
1608 477 0
1609 532 1
1610 476 0
1611 491 1
1612 576 0
1613 318 1
1614 592 1
1615 313 1
1616 457 0
1617 237 0
1618 352 1
1619 423 1
1620 228 0
1621 583 0
1622 272 1
1623 600 0
1624 399 0
1625 205 1
1626 264 1
1627 281 0
1628 548 0
1629 113 1
1630 574 1
1631 580 1
1632 469 1
1633 322 0
1634 611 0
1635 270 0
1636 221 0
1637 146 1
1638 275 1
1639 583 0
1640 601 0
1641 271 0
1642 214 1
1643 428 1
1644 501 0
1645 616 1
1646 326 1
1647 185 1
1648 100 0
1649 338 1
1650 609 0
1651 272 1
1652 191 0
1653 37 1
1654 522 1
1655 489 1
1656 130 1
1657 75 0
1658 35 1
1659 455 1
1660 403 1
1661 326 1
1662 354 0
1663 246 1
1664 376 1
1665 515 1
1666 550 1
1667 530 0
1668 571 0
1669 557 1
1670 545 1
1671 303 1
1672 529 0
1673 369 1
1674 240 1
1675 449 0
1676 610 0
1677 94 0
1678 9 1
1679 133 1
1680 281 1
1681 84 0
1682 167 0
1683 295 1
1684 539 0
1685 546 1
1686 628 1
1687 473 0
1688 577 1
1689 435 0
1690 381 0
1691 182 1
1692 382 1
1693 42 1
1694 608 1
1695 133 0
1696 182 1
1697 451 1
1698 189 1
1699 436 0
1700 320 0
1701 526 1
1702 546 1
1703 185 1
1704 556 1
1705 20 1
1706 220 1
1707 23 0
1708 463 1
1709 351 0
1710 226 1
1711 56 1
1712 59 1
1713 114 1
1714 603 1
1715 326 1
1716 247 1
1717 595 1
1718 575 0
1719 622 0
1720 115 1
1721 148 0
1722 194 1
1723 295 0
1724 221 0
1725 458 0
1726 479 1
1727 212 1
1728 372 1
1729 137 1
1730 226 1
1731 621 1
1732 38 1
1733 607 1
1734 68 1
1735 459 1
1736 594 0
1737 511 1
1738 127 0
1739 175 0
1740 158 1
1741 161 1
1742 497 1
1743 525 1
1744 49 1
1745 567 0
1746 475 1
1747 105 1
1748 476 1
1749 476 0
1750 29 1
1751 84 1
1752 264 1
1753 133 1
1754 107 1
1755 97 1
1756 298 1
1757 252 1
1758 617 0
1759 387 0
1760 154 0
1761 299 1
1762 214 1
1763 499 1
1764 474 0
1765 591 1
1766 632 1
1767 483 0
1768 612 1
1769 2 1
1770 281 0
1771 334 0
1772 342 1
1773 89 1
1774 85 1
1775 348 1
1776 145 1
1777 217 0
1778 408 1
1779 406 0
1780 406 1
1781 99 1
1782 387 1
1783 14 1
1784 547 1
1785 432 0
1786 92 0
1787 122 0
1788 82 1
1789 116 1
1790 45 0
1791 391 1
1792 460 0
1793 550 1
1794 48 1
1795 465 1
1796 41 1
1797 215 1
1798 496 1
1799 141 1
1800 222 1
1801 586 1
1802 62 1
1803 106 0
1804 268 0
1805 305 1
1806 35 1
1807 497 0
1808 27 1
1809 77 1
1810 91 0
1811 530 1
1812 456 0
1813 545 0
1814 324 1
1815 74 0
1816 610 1
1817 218 0
1818 90 0
1819 174 1
1820 538 1
1821 30 1
1822 533 1
1823 417 1
1824 296 1
1825 1 1
1826 386 1
1827 505 1
1828 617 0
1829 516 1
1830 451 1
1831 203 1
1832 608 1
1833 456 1
1834 103 0
1835 407 1
1836 467 1
1837 556 1
1838 321 1
1839 290 1
1840 182 1
1841 362 1
1842 163 1
1843 133 1
1844 5 0
1845 437 0
1846 598 1
1847 232 1
1848 410 1
1849 619 0
1850 48 1
1851 496 1
1852 185 1
1853 237 1
1854 112 1
1855 481 1
1856 168 1
1857 229 0
1858 433 1
1859 462 1
1860 361 1
1861 235 1
1862 253 1
1863 245 1
1864 520 0
1865 526 1
1866 613 1
1867 433 1
1868 169 0
1869 19 0
1870 548 1
1871 576 1
1872 65 0
1873 389 0
1874 517 1
1875 285 1
1876 472 1
1877 552 1
1878 345 0
1879 111 0
1880 383 1
1881 141 0
1882 389 1
1883 509 1
1884 594 1
1885 196 1
1886 385 1
1887 573 0
1888 292 1
1889 298 1
1890 536 0
1891 410 1
1892 453 1
1893 448 1
1894 481 0
1895 379 1
1896 545 1
1897 567 1
1898 451 1
1899 206 1
1900 318 1
1901 275 1
1902 532 0
1903 510 1
1904 541 0
1905 356 0
1906 106 1
1907 172 0
1908 442 1
1909 88 1
1910 528 1
1911 502 1
1912 344 1
1913 94 1
1914 224 0
1915 564 1
1916 60 1
1917 602 0
1918 410 1
1919 139 1
1920 0 1
1921 115 1
1922 619 0
1923 30 1
1924 257 1
1925 72 0
1926 570 0
1927 581 1
1928 357 1
1929 433 0
1930 333 1
1931 480 1
1932 566 1
1933 342 1
1934 266 1
1935 14 1
1936 343 1
1937 364 0
1938 401 1
1939 111 1
1940 497 0
1941 157 0
1942 107 1
1943 70 0
1944 136 1
1945 403 1
1946 222 1
1947 219 1
1948 37 0
1949 479 1
1950 400 1
1951 561 1
1952 607 0
1953 412 1
1954 34 1
1955 380 1
1956 56 1
1957 313 1
1958 625 0
1959 621 1
1960 235 0
1961 579 1
1962 622 1
1963 595 0
1964 73 0
1965 312 1
1966 289 1
1967 558 1
1968 513 1
1969 618 1
1970 216 1
1971 436 1
1972 242 1
1973 428 0
1974 482 1
1975 350 1
1976 161 0
1977 524 1
1978 449 0
1979 157 1
1980 280 1
1981 345 1
1982 66 1
1983 180 1
1984 596 1
1985 492 0
1986 503 0
1987 442 1
1988 391 0
1989 342 1
1990 7 1
1991 305 0
1992 343 0
1993 308 0
1994 27 0
1995 28 1
1996 293 1
1997 217 1
1998 627 1
1999 303 1
2000 545 1
2001 107 0
2002 437 1
2003 515 1
2004 133 0
2005 416 1
2006 263 0
2007 300 0
2008 264 1
2009 112 1
2010 432 1
2011 582 0
2012 498 0
2013 441 0
2014 546 1
2015 420 0
2016 254 1
2017 218 1
2018 425 0
2019 234 0
2020 304 1
2021 64 0
2022 86 1
2023 530 1
2024 330 1
2025 626 0
2026 140 0
2027 201 1
2028 80 1
2029 470 1
2030 101 1
2031 432 1
2032 131 1
2033 395 0
2034 98 1
2035 479 1
2036 630 1
2037 335 1
2038 257 0
2039 416 1
2040 230 1
2041 64 1
2042 323 1
2043 357 1
2044 257 1
2045 394 0
2046 431 1
2047 70 0
2048 191 1
2049 483 1
2050 436 1
2051 48 1
2052 220 1
2053 497 1
2054 606 1
2055 414 1
2056 27 0
2057 555 1
2058 92 1
2059 118 1
2060 462 1
2061 72 1
2062 53 1
2063 186 0
2064 584 1
2065 517 0
2066 354 1
2067 166 1
2068 298 1
2069 401 0
2070 290 1
2071 454 0
2072 7 1
2073 25 1
2074 17 0
2075 449 0
2076 14 1
2077 94 1
2078 5 0
2079 296 1
2080 307 1
2081 332 0
2082 101 0
2083 585 1
2084 518 1
2085 26 1
2086 516 0
2087 475 1
2088 220 1
2089 616 1
2090 2 1
2091 65 1
2092 301 0
2093 75 0
2094 432 1
2095 245 1
2096 542 0
2097 115 1
2098 432 0
2099 400 0
2100 393 1
2101 465 1
2102 265 1
2103 156 1
2104 163 1
2105 64 0
2106 551 0
2107 181 0
2108 281 1
2109 509 1
2110 612 0
2111 167 0
2112 54 1
2113 512 1
2114 324 1
2115 143 1
2116 53 0
2117 341 1
2118 270 1
2119 145 1
2120 618 1
2121 599 0
2122 338 1
2123 110 0
2124 379 1
2125 48 1
2126 103 1
2127 225 0
2128 474 0
2129 628 0
2130 363 0
2131 237 0
2132 101 1
2133 84 1
2134 425 1
2135 162 1
2136 438 1
2137 309 0
2138 257 0
2139 111 1
2140 395 1
2141 341 0
2142 358 1
2143 5 1
2144 17 0
2145 352 1
2146 118 1
2147 147 1
2148 518 1
2149 574 1
2150 453 1
2151 74 0
2152 213 1
2153 374 1
2154 151 1
2155 455 1
2156 628 1
2157 402 0
2158 85 1
2159 533 1
2160 397 0
2161 467 1
2162 190 1
2163 91 1
2164 195 0
2165 365 0
2166 116 0
2167 253 1
2168 172 1
2169 156 1
2170 462 1
2171 227 1
2172 122 1
2173 149 1
2174 401 0
2175 293 0
2176 282 0
2177 35 0
2178 89 1
2179 529 0
2180 133 1
2181 289 1
2182 49 1
2183 579 1
2184 528 1
2185 529 0
2186 53 1
2187 160 0
2188 108 0
2189 374 1
2190 341 1
2191 22 0
2192 142 1
2193 445 0
2194 160 1
2195 516 1
2196 583 1
2197 543 0
2198 71 1
2199 203 1
2200 563 1
2201 295 0
2202 219 1
2203 148 1
2204 114 1
2205 187 1
2206 539 1
2207 436 0
2208 259 0
2209 262 1
2210 569 1
2211 70 0
2212 307 1
2213 499 1
2214 449 1
2215 318 0
2216 165 1
2217 351 1
2218 426 1
2219 61 1
2220 371 1
2221 353 1
2222 450 1
2223 306 0
2224 392 0
2225 478 1
2226 69 1
2227 194 1
2228 511 1
2229 103 0
2230 126 1
2231 53 1
2232 392 1
2233 16 1
2234 253 0
2235 81 0
2236 318 1
2237 257 1
2238 581 0
2239 200 1
2240 489 1
2241 15 0
2242 584 1
2243 284 0
2244 267 1
2245 136 1
2246 166 1
2247 33 0
2248 585 1
2249 98 0
2250 120 0
2251 178 0
2252 615 1
2253 564 1
2254 348 1
2255 257 0
2256 164 0
2257 109 1
2258 473 0
2259 559 1
2260 130 0
2261 483 0
2262 241 1
2263 211 1
2264 551 0
2265 371 1
2266 489 0
2267 458 1
2268 342 1
2269 388 1
2270 508 0
2271 241 0
2272 259 0
2273 128 1
2274 93 0
2275 187 0
2276 96 1
2277 511 0
2278 537 1
2279 512 0
2280 388 1
2281 465 1
2282 155 1
2283 69 1
2284 25 1
2285 544 1
2286 444 1
2287 555 0
2288 485 0
2289 157 0
2290 84 1
2291 166 1
2292 373 0
2293 501 0
2294 121 1
2295 69 1
2296 620 1
2297 109 1
2298 171 0
2299 630 0
2300 612 0
2301 87 1
2302 39 1
2303 481 1
2304 40 1
2305 467 1
2306 341 0
2307 289 1
2308 24 0
2309 330 0
2310 526 0
2311 11 1
2312 282 1
2313 1 0
2314 292 1
2315 7 1
2316 519 1
2317 40 0
2318 85 1
2319 439 1
2320 517 0
2321 234 1
2322 253 1
2323 278 1
2324 27 1
2325 414 1
2326 364 1
2327 406 1
2328 539 0
2329 457 1
2330 387 0
2331 449 1
2332 550 1
2333 179 1
2334 368 0
2335 118 1
2336 247 1
2337 450 1
2338 216 1
2339 135 0
2340 59 1
2341 146 1
2342 333 1
2343 419 1
2344 309 1
2345 417 1
2346 54 0
2347 326 1
2348 78 1
2349 596 1
2350 481 1
2351 45 0
2352 407 0
2353 587 1
2354 581 1
2355 216 0
2356 621 1
2357 412 1
2358 264 1
2359 548 0
2360 421 1
2361 628 1
2362 546 1
2363 436 1
2364 173 1
2365 419 1
2366 461 0
2367 106 1
2368 309 1
2369 206 0
2370 137 1
2371 244 1
2372 134 0
2373 435 0
2374 210 1
2375 321 1
2376 20 1
2377 472 1
2378 617 1
2379 539 1
2380 28 0
2381 168 1
2382 137 1
2383 65 1
2384 316 1
2385 50 1
2386 43 1
2387 561 1
2388 307 0
2389 559 1
2390 60 1
2391 514 1
2392 552 0
2393 631 1
2394 616 1
2395 48 1
2396 216 0
2397 476 0
2398 474 1
2399 148 1
2400 161 0
2401 600 0
2402 484 0
2403 365 1
2404 246 0
2405 39 1
2406 536 1
2407 370 1
2408 253 1
2409 345 1
2410 259 1
2411 228 1
2412 593 1
2413 185 0
2414 594 1
2415 587 1
2416 523 0
2417 317 1
2418 437 1
2419 520 0
2420 330 0
2421 346 1
2422 469 1
2423 33 0
2424 440 0
2425 314 1
2426 129 0
2427 539 1
2428 596 0
2429 520 0
2430 406 1
2431 33 1
2432 375 1
2433 15 1
2434 391 0
2435 225 1
2436 444 0
2437 301 1
2438 1 1
2439 350 1
2440 70 1
2441 505 0
2442 555 0
2443 280 1
2444 474 1
2445 437 0
2446 622 1
2447 523 1
2448 178 1
2449 539 1
2450 423 1
2451 4 0
2452 49 1
2453 494 1
2454 632 0
2455 492 0
2456 230 0
2457 267 1
2458 113 0
2459 32 1
2460 70 1
2461 190 1
2462 289 0
2463 412 0
2464 601 1
2465 378 1
2466 430 1
2467 605 1
2468 45 1
2469 522 1
2470 39 0
2471 109 1
2472 92 1
2473 421 1
2474 273 0
2475 150 1
2476 264 1
2477 385 1
2478 412 1
2479 369 0
2480 470 1
2481 109 0
2482 487 1
2483 102 0
2484 536 1
2485 566 1
2486 361 1
2487 203 0
2488 401 1
2489 8 1
2490 426 0
2491 367 0
2492 491 0
2493 592 0
2494 271 1
2495 631 1
2496 431 0
2497 364 0
2498 176 1
2499 172 1
2500 448 0
2501 3 0
2502 136 0
2503 604 0
2504 187 1
2505 561 1
2506 127 1
2507 10 1
2508 395 1
2509 244 1
2510 294 0
2511 131 1
2512 329 0
2513 366 1
2514 319 1
2515 568 1
2516 634 0
2517 298 1
2518 134 0
2519 30 1
2520 236 1
2521 275 1
2522 234 1
2523 340 1
2524 253 1
2525 19 1
2526 166 1
2527 622 0
2528 629 1
2529 350 1
2530 242 1
2531 445 1
2532 211 1
2533 361 0
2534 360 1
2535 23 1
2536 331 1
2537 318 1
2538 584 1
2539 545 0
2540 591 0
2541 99 1
2542 63 0
2543 610 0
2544 424 0
2545 363 1
2546 601 0
2547 257 0
2548 258 0
2549 523 1
2550 366 1
2551 573 1
2552 194 0
2553 604 1
2554 263 0
2555 338 1
2556 427 1
2557 334 1
2558 516 1
2559 532 1
2560 626 1
2561 321 1
2562 417 1
2563 127 1
2564 553 0
2565 25 0
2566 545 1
2567 322 1
2568 211 0
2569 241 1
2570 163 1
2571 50 1
2572 374 1
2573 430 1
2574 42 1
2575 544 1
2576 579 0
2577 618 1
2578 157 1
2579 395 0
2580 109 0
2581 335 1
2582 375 0
2583 109 0
2584 307 1
2585 409 1
2586 286 1
2587 410 1
2588 185 0
2589 256 0
2590 525 1
2591 245 0
2592 388 1
2593 189 1
2594 323 1
2595 605 1
2596 361 1
2597 437 1
2598 321 0
2599 28 1
2600 253 1
2601 447 1
2602 237 1
2603 549 1
2604 429 1
2605 7 0
2606 328 1
2607 146 1
2608 473 0
2609 612 1
2610 268 0
2611 587 1
2612 245 1
2613 79 1
2614 292 1
2615 543 0
2616 536 1
2617 433 1
2618 571 0
2619 561 1
2620 502 1
2621 33 1
2622 178 0
2623 253 0
2624 499 0
2625 170 1
2626 162 0
2627 119 0
2628 495 1
2629 323 0
2630 298 0
2631 46 1
2632 571 0
2633 331 1
2634 168 1
2635 221 1
2636 175 0
2637 215 1
2638 427 1
2639 353 1
2640 56 1
2641 408 1
2642 622 1
2643 609 1
2644 76 1
2645 627 1
2646 521 1
2647 566 0
2648 503 1
2649 322 1
2650 504 0
2651 56 1
2652 155 0
2653 381 1
2654 96 1
2655 223 0
2656 599 0
2657 354 1
2658 516 1
2659 427 1
2660 626 1
2661 324 1
2662 442 1
2663 319 1
2664 502 1
2665 331 1
2666 533 1
2667 399 1
2668 15 0
2669 628 0
2670 220 0
2671 256 0
2672 205 0
2673 129 1
2674 304 0
2675 28 1
2676 324 1
2677 149 1
2678 583 0
2679 426 1
2680 458 1
2681 170 0
2682 493 1
2683 403 1
2684 71 1
2685 604 1
2686 597 1
2687 461 1
2688 184 0
2689 229 1
2690 503 1
2691 134 1
2692 585 0
2693 316 1
2694 101 1
2695 341 0
2696 206 1
2697 265 1
2698 438 0
2699 557 0
2700 414 1
2701 151 1
2702 100 1
2703 527 1
2704 567 1
2705 131 0
2706 363 1
2707 611 1
2708 540 1
2709 212 1
2710 385 0
2711 558 1
2712 415 1
2713 5 0
2714 206 1
2715 85 1
2716 438 1
2717 345 1
2718 205 1
2719 181 1
2720 342 0
2721 556 1
2722 577 0
2723 376 1
2724 175 1
2725 473 1
2726 491 1
2727 500 1
2728 568 1
2729 482 1
2730 418 0
2731 108 1
2732 153 1
2733 109 1
2734 39 1
2735 480 1
2736 602 1
2737 444 1
2738 283 1
2739 368 0
2740 123 1
2741 375 0
2742 586 1
2743 243 1
2744 104 1
2745 8 0
2746 14 1
2747 100 0
2748 562 0
2749 518 0
2750 492 1
2751 340 1
2752 113 1
2753 361 0
2754 319 1
2755 220 0
2756 292 1
2757 414 1
2758 194 1
2759 112 0
2760 104 1
2761 177 0
2762 228 0
2763 270 1
2764 471 0
2765 106 0
2766 500 1
2767 146 1
2768 572 1
2769 375 1
2770 594 1
2771 56 1
2772 541 1
2773 479 1
2774 476 0
2775 382 1
2776 60 1
2777 40 1
2778 193 1
2779 420 1
2780 455 0
2781 343 1
2782 329 1
2783 290 1
2784 353 1
2785 516 0
2786 603 1
2787 548 1
2788 384 1
2789 593 1
2790 324 1
2791 155 1
2792 256 1
2793 13 0
2794 497 1
2795 463 1
2796 324 1
2797 621 0
2798 17 0
2799 270 1
2800 291 1
2801 40 0
2802 64 1
2803 117 1
2804 329 1
2805 31 0
2806 407 0
2807 386 0
2808 365 0
2809 462 1
2810 198 1
2811 536 1
2812 454 1
2813 518 1
2814 147 1
2815 199 0
2816 288 1
2817 47 1
2818 185 1
2819 166 0
2820 232 1
2821 517 0
2822 359 1
2823 17 1
2824 34 0
2825 308 1
2826 127 1
2827 112 0
2828 80 1
2829 409 1
2830 140 1
2831 15 1
2832 214 1
2833 138 0
2834 220 1
2835 263 1
2836 485 1
2837 449 0
2838 407 0
2839 290 1
2840 311 1
2841 38 1
2842 164 1
2843 376 0
2844 130 1
2845 455 0
2846 117 1
2847 48 1
2848 534 1
2849 71 0
2850 482 0
2851 563 1
2852 473 1
2853 533 1
2854 202 1
2855 43 0
2856 143 1
2857 301 0
2858 216 1
2859 543 0
2860 177 1
2861 602 1
2862 192 1
2863 609 0
2864 194 0
2865 202 0
2866 373 0
2867 366 0
2868 492 0
2869 440 1
2870 445 0
2871 557 1
2872 548 1
2873 253 1
2874 249 0
2875 461 0
2876 509 1
2877 78 1
2878 427 0
2879 149 0
2880 83 1
2881 28 1
2882 466 1
2883 16 1
2884 7 1
2885 375 1
2886 296 1
2887 390 1
2888 512 0
2889 331 0
2890 153 0
2891 545 0
2892 569 0
2893 94 1
2894 18 1
2895 340 1
2896 579 0
2897 557 1
2898 111 1
2899 99 1
2900 378 0
2901 563 1
2902 128 0
2903 232 1
2904 318 1
2905 115 1
2906 78 1
2907 484 0
2908 626 0
2909 359 1
2910 171 0
2911 110 0
2912 425 0
2913 526 0
2914 589 1
2915 4 1
2916 448 1
2917 355 1
2918 243 1
2919 565 1
2920 508 1
2921 375 0
2922 48 1
2923 584 1
2924 159 0
2925 40 1
2926 372 1
2927 447 0
2928 166 0
2929 48 1
2930 313 0
2931 436 0
2932 612 0
2933 60 0
2934 100 1
2935 124 1
2936 12 1
2937 553 1
2938 80 0
2939 91 1
2940 167 1
2941 562 0
2942 273 1
2943 51 1
2944 62 1
2945 535 0
2946 135 1
2947 493 1
2948 476 0
2949 310 1
2950 520 1
2951 543 1
2952 290 1
2953 585 1
2954 320 1
2955 601 0
2956 173 1
2957 383 1
2958 252 1
2959 227 1
2960 517 1
2961 46 0
2962 456 0
2963 115 1
2964 442 1
2965 223 1
2966 216 1
2967 217 0
2968 576 1
2969 225 0
2970 200 1
2971 97 0
2972 69 1
2973 169 1
2974 272 1
2975 628 1
2976 515 0
2977 157 0
2978 572 1
2979 610 1
2980 46 1
2981 56 0
2982 322 1
2983 125 1
2984 424 1
2985 509 1
2986 525 1
2987 355 1
2988 444 1
2989 274 1
2990 269 0
2991 221 1
2992 307 0
2993 470 1
2994 634 1
2995 600 1
2996 0 0
2997 299 0
2998 278 1
2999 570 1
3000 123 0
3001 48 1
3002 415 0
3003 600 1
3004 276 1
3005 291 1
3006 507 1
3007 60 1
3008 247 0
3009 400 1
3010 332 1
3011 283 1
3012 378 1
3013 12 1
3014 355 0
3015 72 1
3016 383 1
3017 483 0
3018 516 0
3019 372 1
3020 45 0
3021 68 0
3022 532 1
3023 81 0
3024 7 0
3025 374 1
3026 211 1
3027 20 0
3028 588 1
3029 594 0
3030 598 1
3031 135 0
3032 151 1
3033 494 1
3034 417 0
3035 182 1
3036 252 1
3037 372 1
3038 354 0
3039 286 1
3040 299 1
3041 49 0
3042 32 1
3043 448 0
3044 94 1
3045 278 1
3046 438 0
3047 396 1
3048 381 1
3049 606 1
3050 486 0
3051 618 0
3052 387 0
3053 245 1
3054 173 0
3055 451 1
3056 548 1
3057 331 1
3058 561 1
3059 558 0
3060 543 0
3061 70 0
3062 606 1
3063 284 1
3064 78 1
3065 516 1
3066 392 1
3067 17 1
3068 211 0
3069 234 1
3070 150 1
3071 205 0
3072 550 0
3073 9 1
3074 29 1
3075 481 1
3076 125 1
3077 275 1
3078 374 0
3079 441 1
3080 172 1
3081 366 1
3082 171 1
3083 58 1
3084 2 1
3085 116 1
3086 335 0
3087 215 1
3088 207 1
3089 77 1
3090 140 1
3091 166 1
3092 467 1
3093 346 1
3094 351 0
3095 8 0
3096 459 1
3097 437 1
3098 114 1
3099 371 1
3100 146 0
3101 268 1
3102 158 1
3103 81 1
3104 57 1
3105 595 0
3106 74 0
3107 447 0
3108 552 1
3109 104 0
3110 302 1
3111 141 0
3112 478 0
3113 107 1
3114 431 1
3115 65 1
3116 314 1
3117 416 1
3118 174 1
3119 204 1
3120 13 1
3121 420 0
3122 274 0
3123 620 1
3124 382 0
3125 444 0
3126 194 0
3127 161 1
3128 521 0
3129 614 1
3130 95 1
3131 252 0
3132 370 1
3133 247 0
3134 514 1
3135 132 1
3136 599 1
3137 606 1
3138 134 1
3139 415 1
3140 38 1
3141 550 1
3142 159 1
3143 261 0
3144 328 0
3145 354 1
3146 277 1
3147 190 1
3148 631 0
3149 556 1
3150 238 1
3151 395 0
3152 581 0
3153 425 1
3154 315 0
3155 581 0
3156 422 1
3157 577 1
3158 557 1
3159 618 0
3160 436 1
3161 23 1
3162 309 0
3163 90 1
3164 7 1
3165 157 0
3166 40 1
3167 440 1
3168 277 1
3169 51 1
3170 436 1
3171 295 1
3172 486 1
3173 153 1
3174 441 1
3175 7 0
3176 465 1
3177 305 0
3178 243 0
3179 421 1
3180 383 1
3181 496 1
3182 496 1
3183 395 1
3184 524 0
3185 72 1
3186 444 1
3187 532 1
3188 604 1
3189 60 0
3190 170 1
3191 630 0
3192 90 0
3193 132 1
3194 53 1
3195 576 1
3196 496 1
3197 210 1
3198 88 1
3199 472 1
3200 416 1
3201 286 1
3202 268 1
3203 504 0
3204 217 1
3205 633 1
3206 616 1
3207 388 1
3208 285 0
3209 388 1
3210 438 1
3211 125 1
3212 117 1
3213 6 1
3214 297 0
3215 167 1
3216 380 0
3217 288 1
3218 629 0
3219 244 0
3220 79 1
3221 599 1
3222 219 0
3223 115 1
3224 229 1
3225 200 1
3226 190 0
3227 315 1
3228 17 1
3229 497 1
3230 150 1
3231 377 0
3232 474 1
3233 528 0
3234 179 1
3235 37 0
3236 363 1
3237 302 1
3238 337 1
3239 444 1
3240 286 1
3241 582 0
3242 319 1
3243 141 1
3244 568 1
3245 0 0
3246 24 0
3247 598 1
3248 399 1
3249 324 1
3250 621 1
3251 186 1
3252 354 1
3253 281 1
3254 263 0
3255 614 0
3256 91 1
3257 374 1
3258 180 1
3259 104 1
3260 510 0
3261 181 0
3262 473 1
3263 390 0
3264 1 1
3265 172 0
3266 432 1
3267 320 1
3268 204 0
3269 191 1
3270 48 1
3271 373 0
3272 80 0
3273 542 0
3274 620 1
3275 358 0
3276 107 1
3277 387 1
3278 41 1
3279 174 0
3280 213 0
3281 5 1
3282 62 0
3283 145 1
3284 276 1
3285 90 1
3286 490 1
3287 457 1
3288 568 1
3289 179 1
3290 376 1
3291 397 1
3292 427 1
3293 421 0
3294 275 1
3295 495 1
3296 299 1
3297 490 1
3298 175 1
3299 620 1
3300 320 1
3301 134 0
3302 531 0
3303 94 1
3304 320 1
3305 358 1
3306 161 0
3307 529 0
3308 254 1
3309 413 1
3310 275 1
3311 375 1
3312 123 1
3313 302 1
3314 215 1
3315 107 1
3316 347 1
3317 60 1
3318 189 1
3319 57 0
3320 421 1
3321 547 1
3322 521 1
3323 527 1
3324 121 0
3325 35 1
3326 563 1
3327 337 1
3328 634 0
3329 333 1
3330 267 1
3331 107 1
3332 31 1
3333 216 0
3334 315 1
3335 72 1
3336 38 0
3337 40 1
3338 426 1
3339 57 1
3340 237 1
3341 301 0
3342 495 0
3343 200 1
3344 618 1
3345 58 1
3346 324 1
3347 231 0
3348 325 1
3349 552 1
3350 69 1
3351 90 1
3352 609 0
3353 24 0
3354 62 1
3355 304 0
3356 166 1
3357 441 1
3358 593 0
3359 505 0
3360 525 1
3361 193 1
3362 85 1
3363 553 1
3364 220 1
3365 400 1
3366 452 1
3367 389 1
3368 613 1
3369 175 1
3370 487 0
3371 325 1
3372 435 0
3373 29 0
3374 130 1
3375 327 1
3376 462 0
3377 226 1
3378 293 1
3379 315 0
3380 608 1
3381 168 0
3382 556 1
3383 209 1
3384 328 1
3385 567 1
3386 221 0
3387 183 1
3388 373 0
3389 407 0
3390 103 1
3391 516 0
3392 612 1
3393 462 0
3394 236 1
3395 149 0
3396 207 0
3397 627 1
3398 223 0
3399 20 0
3400 569 1
3401 82 1
3402 194 0
3403 169 1
3404 462 1
3405 427 1
3406 33 1
3407 480 1
3408 400 0
3409 280 1
3410 441 0
3411 203 1
3412 95 0
3413 126 0
3414 380 1
3415 220 0
3416 83 1
3417 462 1
3418 543 1
3419 193 1
3420 565 1
3421 285 1
3422 278 1
3423 600 0
3424 429 0
3425 36 1
3426 24 1
3427 225 1
3428 426 0
3429 431 1
3430 482 0
3431 478 0
3432 302 1
3433 191 1
3434 286 0
3435 573 1
3436 362 1
3437 172 1
3438 337 0
3439 40 0
3440 368 0
3441 342 0
3442 308 1
3443 504 1
3444 277 0
3445 255 1
3446 300 0
3447 47 0
3448 387 1
3449 162 1
3450 615 0
3451 248 0
3452 307 1
3453 339 1
3454 542 0
3455 124 1
3456 447 1
3457 25 1
3458 391 0
3459 204 1
3460 179 0
3461 142 1
3462 549 1
3463 431 0
3464 411 1
3465 332 1
3466 42 1
3467 82 1
3468 350 1
3469 334 1
3470 149 1
3471 525 1
3472 281 1
3473 66 1
3474 436 0
3475 47 1
3476 86 1
3477 452 0
3478 354 1
3479 286 1
3480 190 0
3481 506 1
3482 548 1
3483 565 1
3484 359 1
3485 512 1
3486 79 1
3487 463 1
3488 301 1
3489 374 1
3490 149 0
3491 83 1
3492 595 1
3493 220 1
3494 132 1
3495 438 1
3496 465 1
3497 546 1
3498 247 1
3499 625 1
3500 89 1
3501 481 1
3502 254 0
3503 505 1
3504 179 1
3505 16 1
3506 23 1
3507 548 0
3508 619 1
3509 291 0
3510 623 0
3511 431 0
3512 395 1
3513 189 1
3514 168 0
3515 607 0
3516 31 1
3517 410 1
3518 103 1
3519 199 1
3520 516 1
3521 603 1
3522 306 1
3523 516 1
3524 6 1
3525 399 0
3526 258 1
3527 431 0
3528 529 0
3529 10 1
3530 149 0
3531 312 1
3532 411 0
3533 466 0
3534 359 1
3535 154 0
3536 237 1
3537 137 0
3538 622 1
3539 199 0
3540 174 1
3541 598 1
3542 150 1
3543 435 1
3544 372 0
3545 107 1
3546 412 1
3547 58 1
3548 498 0
3549 60 1
3550 539 1
3551 447 1
3552 320 0
3553 51 1
3554 587 1
3555 284 1
3556 198 0
3557 551 1
3558 6 1
3559 385 1
3560 153 1
3561 248 1
3562 269 1
3563 111 1
3564 181 0
3565 331 0
3566 377 0
3567 227 0
3568 85 0
3569 369 1
3570 513 0
3571 155 0
3572 265 0
3573 416 0
3574 422 1
3575 634 0
3576 17 1
3577 498 1
3578 538 1
3579 395 1
3580 137 0
3581 170 0
3582 227 1
3583 576 1
3584 25 1
3585 341 1
3586 312 1
3587 606 1
3588 560 1
3589 198 1
3590 546 1
3591 281 0
3592 428 1
3593 199 0
3594 103 1
3595 408 1
3596 43 1
3597 120 1
3598 333 1
3599 575 0
3600 364 1
3601 253 1
3602 136 0
3603 603 1
3604 595 0
3605 401 0
3606 355 1
3607 419 0
3608 168 0
3609 464 1
3610 562 1
3611 503 1
3612 173 1
3613 225 1
3614 42 1
3615 221 0
3616 440 1
3617 431 1
3618 55 1
3619 621 1
3620 565 0
3621 507 1
3622 411 1
3623 410 1
3624 259 1
3625 207 1
3626 469 0
3627 140 0
3628 64 0
3629 506 1
3630 524 0
3631 496 0
3632 551 1
3633 246 1
3634 49 1
3635 607 1
3636 604 1
3637 241 1
3638 127 1
3639 309 0
3640 248 1
3641 556 1
3642 593 0
3643 74 0
3644 420 0
3645 105 1
3646 15 1
3647 614 1
3648 251 1
3649 522 1
3650 441 1
3651 265 1
3652 322 1
3653 141 1
3654 515 1
3655 185 1
3656 324 0
3657 194 0
3658 161 1
3659 281 1
3660 191 1
3661 239 1
3662 344 0
3663 129 1
3664 435 1
3665 254 0
3666 503 1
3667 1 1
3668 382 0
3669 633 0
3670 577 1
3671 382 0
3672 282 1
3673 533 1
3674 195 1
3675 389 0
3676 557 1
3677 584 1
3678 203 1
3679 219 0
3680 87 1
3681 229 1
3682 341 1
3683 139 1
3684 357 0
3685 351 0
3686 312 1
3687 549 0
3688 25 1
3689 395 1
3690 618 1
3691 598 0
3692 127 1
3693 156 1
3694 617 1
3695 318 1
3696 198 0
3697 18 1
3698 119 1
3699 620 0
3700 286 1
3701 124 1
3702 420 1
3703 542 0
3704 478 1
3705 22 1
3706 437 1
3707 351 1
3708 524 1
3709 244 1
3710 231 1
3711 576 1
3712 459 1
3713 326 1
3714 116 1
3715 411 1
3716 624 1
3717 342 1
3718 566 1
3719 211 1
3720 536 1
3721 227 1
3722 210 1
3723 268 1
3724 434 0
3725 606 1
3726 432 0
3727 452 1
3728 499 1
3729 184 0
3730 431 1
3731 367 1
3732 480 1
3733 195 0
3734 307 1
3735 177 1
3736 624 0
3737 547 1
3738 332 0
3739 291 0
3740 42 0
3741 163 1
3742 166 1
3743 80 1
3744 108 0
3745 630 1
3746 210 1
3747 324 1
3748 420 0
3749 459 1
3750 267 0
3751 301 0
3752 398 1
3753 447 1
3754 386 0
3755 220 0
3756 365 1
3757 260 1
3758 347 1
3759 546 1
3760 589 1
3761 343 1
3762 260 0
3763 212 0
3764 536 0
3765 138 0
3766 29 0
3767 416 1
3768 10 1
3769 516 1
3770 332 1
3771 174 0
3772 468 0
3773 571 1
3774 124 0
3775 620 1
3776 381 0
3777 235 1
3778 353 0
3779 44 1
3780 475 1
3781 407 0
3782 605 1
3783 281 0
3784 410 1
3785 362 0
3786 247 0
3787 154 1
3788 320 0
3789 253 0
3790 565 1
3791 514 1
3792 558 1
3793 317 0
3794 545 1
3795 516 1
3796 527 1
3797 231 1
3798 469 1
3799 471 1
3800 32 1
3801 336 0
3802 91 1
3803 352 1
3804 573 1
3805 212 1
3806 200 1
3807 179 0
3808 182 0
3809 384 1
3810 207 0
3811 462 1
3812 554 0
3813 589 0
3814 563 1
3815 617 1
3816 615 1
3817 231 1
3818 165 0
3819 475 1
3820 537 0
3821 598 0
3822 121 0
3823 210 0
3824 623 1
3825 388 1
3826 225 0
3827 278 1
3828 266 0
3829 508 1
3830 15 0
3831 146 1
3832 165 1
3833 60 1
3834 310 1
3835 426 1
3836 572 1
3837 299 1
3838 532 0
3839 354 1
3840 461 1
3841 64 0
3842 315 0
3843 179 1
3844 568 1
3845 133 0
3846 535 1
3847 579 1
3848 7 0
3849 396 0
3850 532 1
3851 522 0
3852 570 1
3853 512 0
3854 53 1
3855 337 1
3856 330 1
3857 549 1
3858 101 0
3859 577 0
3860 138 0
3861 618 0
3862 339 0
3863 95 1
3864 551 1
3865 21 1
3866 29 1
3867 266 1
3868 79 1
3869 423 0
3870 358 0
3871 4 0
3872 519 0
3873 49 1
3874 4 1
3875 20 1
3876 50 0
3877 164 1
3878 549 1
3879 101 1
3880 101 1
3881 270 0
3882 23 0
3883 86 1
3884 29 0
3885 227 1
3886 627 1
3887 426 1
3888 135 1
3889 488 1
3890 450 0
3891 258 1
3892 495 1
3893 247 1
3894 31 1
3895 232 1
3896 455 0
3897 246 1
3898 397 1
3899 565 1
3900 191 1
3901 163 0
3902 373 0
3903 43 1
3904 421 1
3905 624 1
3906 389 1
3907 78 1
3908 18 1
3909 16 1
3910 23 0
3911 166 1
3912 109 1
3913 306 1
3914 94 1
3915 273 1
3916 378 1
3917 452 1
3918 383 0
3919 601 1
3920 376 0
3921 390 1
3922 194 0
3923 371 1
3924 151 0
3925 254 1
3926 629 0
3927 2 1
3928 191 0
3929 585 1
3930 529 1
3931 563 1
3932 25 1
3933 381 1
3934 225 1
3935 571 1
3936 294 1
3937 80 1
3938 144 1
3939 49 1
3940 188 1
3941 453 1
3942 74 0
3943 269 1
3944 122 1
3945 542 1
3946 443 0
3947 281 1
3948 200 1
3949 234 0
3950 358 1
3951 375 0
3952 481 0
3953 489 1
3954 263 1
3955 269 1
3956 191 1
3957 626 0
3958 535 1
3959 514 1
3960 472 0
3961 23 1
3962 241 1
3963 106 1
3964 315 1
3965 215 1
3966 495 0
3967 47 1
3968 402 1
3969 315 1
3970 431 0
3971 467 1
3972 20 1
3973 237 1
3974 68 1
3975 570 0
3976 531 1
3977 178 1
3978 246 0
3979 571 1
3980 609 1
3981 599 0
3982 99 1
3983 159 0
3984 539 1
3985 508 1
3986 415 1
3987 308 1
3988 148 1
3989 348 1
3990 19 1
3991 122 1
3992 226 1
3993 53 1
3994 569 1
3995 399 1
3996 132 1
3997 377 1
3998 359 1
3999 74 1
4000 367 1
4001 576 1
4002 280 0
4003 567 1
4004 143 1
4005 9 1
4006 548 0
4007 78 0
4008 409 0
4009 597 0
4010 104 1
4011 252 1
4012 66 1
4013 444 1
4014 515 1
4015 39 1
4016 466 1
4017 371 1
4018 221 0
4019 531 1
4020 567 1
4021 527 1
4022 21 1
4023 605 1
4024 86 1
4025 131 1
4026 277 0
4027 404 1
4028 361 1
4029 127 1
4030 97 1
4031 473 0
4032 146 1
4033 31 0
4034 504 1
4035 88 1
4036 451 1
4037 274 1
4038 571 1
4039 252 1
4040 152 0
4041 197 1
4042 123 1
4043 123 1
4044 180 1
4045 83 1
4046 408 1
4047 189 1
4048 130 1
4049 270 1
4050 131 1
4051 428 1
4052 331 1
4053 404 0
4054 288 1
4055 282 0
4056 397 1
4057 219 1
4058 438 1
4059 363 1
4060 584 1
4061 244 1
4062 368 1
4063 252 1
4064 10 1
4065 482 1
4066 246 0
4067 80 1
4068 318 1
4069 202 1
4070 499 1
4071 396 1
4072 320 1
4073 139 1
4074 315 0
4075 90 1
4076 314 1
4077 598 1
4078 132 0
4079 521 1
4080 103 0
4081 275 1
4082 627 1
4083 275 1
4084 198 1
4085 266 1
4086 310 0
4087 323 0
4088 0 1
4089 103 1
4090 322 1
4091 563 0
4092 512 0
4093 32 1
4094 99 0
4095 136 1
4096 279 0
4097 535 1
4098 125 1
4099 567 0
4100 2 1
4101 385 0
4102 210 1
4103 292 0
4104 520 0
4105 509 1
4106 574 0
4107 201 1
4108 313 1
4109 453 1
4110 145 1
4111 606 1
4112 359 1
4113 45 1
4114 30 1
4115 164 1
4116 160 0
4117 329 1
4118 606 1
4119 564 1
4120 374 1
4121 57 1
4122 224 1
4123 122 1
4124 484 1
4125 306 1
4126 522 1
4127 403 1
4128 140 1
4129 87 1
4130 410 0
4131 195 1
4132 157 1
4133 289 1
4134 511 0
4135 613 0
4136 13 1
4137 548 0
4138 277 1
4139 132 0
4140 594 0
4141 105 1
4142 81 1
4143 77 1
4144 306 1
4145 384 0
4146 408 0
4147 0 1
4148 461 1
4149 52 1
4150 491 1
4151 572 0
4152 49 1
4153 90 1
4154 504 1
4155 437 1
4156 18 1
4157 294 1
4158 400 0
4159 296 1
4160 529 0
4161 136 0
4162 618 1
4163 233 0
4164 401 1
4165 139 1
4166 299 1
4167 102 0
4168 545 1
4169 32 0
4170 399 1
4171 226 1
4172 361 1
4173 500 1
4174 250 0
4175 182 0
4176 200 0
4177 446 1
4178 431 0
4179 619 0
4180 306 0
4181 439 0
4182 175 1
4183 311 1
4184 92 0
4185 483 1
4186 162 1
4187 266 0
4188 588 1
4189 634 0
4190 277 0
4191 347 0
4192 485 1
4193 9 0
4194 179 1
4195 463 1
4196 101 1
4197 457 1
4198 159 1
4199 354 0
4200 461 1
4201 99 0
4202 278 1
4203 503 1
4204 481 1
4205 426 1
4206 34 0
4207 593 0
4208 272 1
4209 149 1
4210 580 1
4211 295 1
4212 222 0
4213 316 0
4214 234 1
4215 624 0
4216 230 0
4217 40 0
4218 446 1
4219 88 1
4220 396 1
4221 407 1
4222 1 1
4223 306 1
4224 317 1
4225 83 1
4226 417 1
4227 309 1
4228 487 0
4229 385 1
4230 18 0
4231 131 1
4232 455 1
4233 106 0
4234 64 1
4235 550 0
4236 66 1
4237 247 1
4238 37 0
4239 333 1
4240 358 1
4241 616 1
4242 159 0
4243 137 1
4244 265 0
4245 74 1
4246 246 1
4247 516 0
4248 368 0
4249 324 1
4250 173 1
4251 242 1
4252 545 1
4253 307 1
4254 392 1
4255 293 0
4256 422 0
4257 248 1
4258 550 1
4259 569 1
4260 264 0
4261 440 0
4262 205 1
4263 560 1
4264 300 1
4265 355 1
4266 472 1
4267 70 1
4268 437 1
4269 322 1
4270 374 0
4271 294 1
4272 240 0
4273 84 1
4274 284 0
4275 319 0
4276 18 1
4277 408 0
4278 437 1
4279 153 1
4280 575 0
4281 560 1
4282 456 1
4283 144 1
4284 364 1
4285 428 1
4286 432 0
4287 249 0
4288 621 0
4289 184 1
4290 351 1
4291 176 1
4292 620 1
4293 584 1
4294 274 1
4295 509 0
4296 595 1
4297 619 1
4298 413 1
4299 15 0
4300 587 0
4301 237 1
4302 523 1
4303 413 1
4304 184 1
4305 145 1
4306 450 1
4307 253 1
4308 262 1
4309 206 0
4310 289 1
4311 108 0
4312 498 1
4313 15 0
4314 213 1
4315 410 0
4316 466 0
4317 534 0
4318 491 1
4319 230 1
4320 259 0
4321 560 1
4322 46 0
4323 501 0
4324 373 1
4325 194 0
4326 145 0
4327 269 1
4328 387 0
4329 277 1
4330 298 1
4331 115 0
4332 57 0
4333 485 0
4334 318 1
4335 582 0
4336 439 1
4337 8 1
4338 43 1
4339 143 1
4340 566 1
4341 436 1
4342 5 0
4343 76 0
4344 330 1
4345 342 1
4346 398 1
4347 124 1
4348 463 1
4349 369 1
4350 38 0
4351 81 1
4352 181 1
4353 312 0
4354 583 1
4355 633 1
4356 157 1
4357 582 1
4358 481 0
4359 540 0
4360 361 0
4361 171 1
4362 70 0
4363 580 1
4364 253 1
4365 37 1
4366 615 1
4367 125 0
4368 185 0
4369 385 1
4370 249 0
4371 632 1
4372 168 1
4373 554 1
4374 587 0
4375 191 1
4376 63 1
4377 430 1
4378 6 0
4379 16 1
4380 31 1
4381 542 0
4382 156 0
4383 172 0
4384 454 1
4385 459 1
4386 282 0
4387 460 1
4388 392 1
4389 457 1
4390 195 1
4391 8 0
4392 360 1
4393 376 1
4394 155 1
4395 618 1
4396 429 0
4397 197 1
4398 542 1
4399 276 1
4400 267 1
4401 415 0
4402 548 1
4403 357 1
4404 611 1
4405 0 0
4406 185 0
4407 413 0
4408 430 1
4409 268 0
4410 522 1
4411 128 1
4412 134 1
4413 252 1
4414 35 0
4415 395 1
4416 613 1
4417 210 0
4418 407 1
4419 181 1
4420 104 1
4421 538 0
4422 173 1
4423 183 1
4424 447 1
4425 538 1
4426 68 1
4427 9 0
4428 341 0
4429 243 1
4430 138 1
4431 37 1
4432 171 0
4433 627 1
4434 163 1
4435 319 0
4436 347 1
4437 532 1
4438 524 1
4439 473 0
4440 532 1
4441 20 1
4442 401 1
4443 159 0
4444 274 0
4445 476 1
4446 390 1
4447 521 1
4448 109 1
4449 498 1
4450 44 1
4451 524 0
4452 381 1
4453 268 1
4454 494 1
4455 591 0
4456 476 1
4457 348 1
4458 633 1
4459 333 1
4460 267 1
4461 42 0
4462 45 0
4463 584 1
4464 426 0
4465 412 1
4466 606 1
4467 218 1
4468 72 1
4469 615 1
4470 578 1
4471 315 1
4472 539 1
4473 2 0
4474 536 1
4475 175 1
4476 502 0
4477 191 0
4478 130 1
4479 52 0
4480 564 1
4481 384 1
4482 114 1
4483 252 1
4484 439 0
4485 111 1
4486 160 1
4487 150 1
4488 447 0
4489 594 0
4490 479 1
4491 509 0
4492 336 1
4493 252 0
4494 190 1
4495 380 1
4496 125 0
4497 11 0
4498 90 1
4499 410 1
4500 488 1
4501 268 1
4502 297 0
4503 62 1
4504 554 0
4505 442 0
4506 140 1
4507 110 1
4508 366 1
4509 300 1
4510 23 1
4511 24 0
4512 167 0
4513 372 0
4514 291 1
4515 143 0
4516 26 0
4517 141 1
4518 170 1
4519 424 0
4520 210 0
4521 480 1
4522 541 1
4523 184 1
4524 310 1
4525 178 1
4526 513 1
4527 466 0
4528 238 0
4529 295 0
4530 350 1
4531 22 1
4532 191 1
4533 48 0
4534 351 1
4535 435 1
4536 62 1
4537 261 1
4538 228 1
4539 232 1
4540 286 1
4541 220 1
4542 605 0
4543 202 0
4544 238 0
4545 86 1
4546 278 1
4547 314 0
4548 255 1
4549 188 1
4550 193 1
4551 509 1
4552 261 1
4553 215 0
4554 580 1
4555 376 1
4556 215 1
4557 380 1
4558 632 0
4559 377 1
4560 437 1
4561 182 1
4562 563 0
4563 542 1
4564 216 0
4565 131 0
4566 68 1
4567 21 0
4568 141 1
4569 168 1
4570 41 0
4571 302 1
4572 499 1
4573 425 0
4574 622 1
4575 97 0
4576 622 1
4577 489 1
4578 133 1
4579 82 1
4580 467 1
4581 124 1
4582 212 1
4583 215 0
4584 374 1
4585 424 1
4586 293 1
4587 12 0
4588 123 0
4589 11 1
4590 588 0
4591 519 0
4592 380 1
4593 474 1
4594 110 1
4595 219 1
4596 127 1
4597 470 1
4598 481 1
4599 50 0
4600 426 1
4601 619 1
4602 558 0
4603 226 1
4604 417 0
4605 141 1
4606 337 1
4607 302 0
4608 382 0
4609 587 0
4610 54 1
4611 419 0
4612 499 0
4613 513 1
4614 297 1
4615 549 1
4616 387 0
4617 156 1
4618 513 1
4619 341 1
4620 611 1
4621 22 1
4622 500 1
4623 388 1
4624 457 1
4625 89 1
4626 505 1
4627 51 1
4628 120 1
4629 72 1
4630 469 1
4631 489 1
4632 504 1
4633 515 0
4634 385 1
4635 35 1
4636 70 1
4637 32 0
4638 374 1
4639 167 1
4640 119 0
4641 57 1
4642 114 1
4643 342 0
4644 22 1
4645 627 1
4646 385 1
4647 61 1
4648 476 1
4649 628 1
4650 163 1
4651 571 0
4652 86 1
4653 145 1
4654 382 1
4655 5 1
4656 553 1
4657 466 0
4658 163 0
4659 243 0
4660 572 0
4661 25 1
4662 74 1
4663 560 0
4664 20 1
4665 125 1
4666 574 0
4667 401 0
4668 31 0
4669 461 1
4670 215 1
4671 263 1
4672 521 0
4673 143 0
4674 251 0
4675 219 1
4676 606 0
4677 494 1
4678 323 0
4679 580 1
4680 314 1
4681 511 0
4682 133 1
4683 262 1
4684 172 0
4685 553 0
4686 546 1
4687 505 0
4688 259 1
4689 475 0
4690 376 1
4691 56 0
4692 296 1
4693 385 1
4694 311 1
4695 312 1
4696 394 1
4697 235 0
4698 449 1
4699 40 1
4700 577 1
4701 366 1
4702 123 1
4703 270 1
4704 226 1
4705 257 0
4706 154 1
4707 306 1
4708 205 1
4709 419 0
4710 380 1
4711 506 0
4712 269 0
4713 15 0
4714 595 0
4715 62 0
4716 632 1
4717 374 1
4718 14 0
4719 502 0
4720 104 1
4721 207 0
4722 422 1
4723 66 1
4724 554 1
4725 500 1
4726 566 1
4727 422 1
4728 469 0
4729 277 1
4730 484 1
4731 323 1
4732 133 1
4733 593 0
4734 56 0
4735 379 1
4736 577 0
4737 411 1
4738 448 1
4739 340 1
4740 312 1
4741 24 0
4742 576 1
4743 436 1
4744 233 1
4745 196 0
4746 418 0
4747 556 1
4748 573 1
4749 47 1
4750 332 1
4751 140 1
4752 361 1
4753 622 1
4754 378 0
4755 526 1
4756 532 0
4757 290 1
4758 347 1
4759 232 0
4760 162 1
4761 20 1
4762 304 1
4763 472 1
4764 449 1
4765 222 1
4766 294 0
4767 405 1
4768 262 0
4769 179 1
4770 77 1
4771 44 0
4772 613 1
4773 432 1
4774 411 1
4775 271 0
4776 442 1
4777 503 1
4778 225 0
4779 338 1
4780 217 0
4781 170 1
4782 271 1
4783 524 1
4784 332 1
4785 523 0
4786 138 1
4787 368 1
4788 252 0
4789 442 0
4790 170 0
4791 593 0
4792 362 1
4793 81 1
4794 159 1
4795 619 1
4796 329 1
4797 244 0
4798 86 1
4799 483 0
4800 201 1
4801 177 1
4802 289 1
4803 449 1
4804 67 1
4805 561 1
4806 319 1
4807 207 1
4808 330 0
4809 625 1
4810 56 1
4811 214 1
4812 120 1
4813 335 1
4814 584 0
4815 617 0
4816 547 0
4817 474 0
4818 61 0
4819 99 1
4820 521 0
4821 349 0
4822 529 0
4823 243 1
4824 193 1
4825 62 1
4826 200 1
4827 627 1
4828 91 1
4829 511 1
4830 511 0
4831 175 1
4832 1 1
4833 609 0
4834 287 0
4835 174 0
4836 83 0
4837 378 1
4838 429 1
4839 193 1
4840 203 1
4841 237 1
4842 523 1
4843 73 1
4844 557 1
4845 4 1
4846 426 1
4847 198 0
4848 185 1
4849 481 0
4850 229 1
4851 2 0
4852 535 1
4853 289 1
4854 350 1
4855 309 1
4856 86 1
4857 306 1
4858 133 1
4859 581 1
4860 320 0
4861 465 1
4862 121 0
4863 530 0
4864 192 1
4865 128 1
4866 388 1
4867 99 0
4868 503 1
4869 610 1
4870 220 0
4871 121 1
4872 180 1
4873 273 1
4874 164 1
4875 353 1
4876 153 1
4877 580 0
4878 212 1
4879 565 1
4880 209 1
4881 192 0
4882 180 1
4883 244 1
4884 29 0
4885 251 1
4886 488 1
4887 541 1
4888 149 0
4889 338 0
4890 391 1
4891 148 0
4892 233 1
4893 168 0
4894 561 1
4895 207 0
4896 140 0
4897 99 1
4898 32 1
4899 361 1
4900 546 0
4901 303 1
4902 325 1
4903 424 0
4904 381 1
4905 146 0
4906 177 0
4907 30 1
4908 379 1
4909 204 0
4910 280 1
4911 442 1
4912 152 1
4913 98 1
4914 233 0
4915 246 1
4916 412 0
4917 528 1
4918 108 0
4919 569 1
4920 437 1
4921 610 0
4922 366 1
4923 373 0
4924 196 0
4925 409 1
4926 339 1
4927 246 0
4928 98 1
4929 33 1
4930 160 1
4931 459 1
4932 177 1
4933 31 1
4934 35 1
4935 123 1
4936 38 1
4937 428 0
4938 104 1
4939 500 0
4940 93 1
4941 117 1
4942 474 1
4943 273 1
4944 64 1
4945 252 1
4946 577 1
4947 145 0
4948 429 0
4949 381 0
4950 135 1
4951 277 1
4952 603 0
4953 554 0
4954 229 0
4955 356 1
4956 42 1
4957 112 1
4958 194 1
4959 437 1
4960 48 1
4961 475 0
4962 131 1
4963 85 1
4964 154 1
4965 373 1
4966 336 1
4967 439 0
4968 78 1
4969 368 1
4970 143 1
4971 629 0
4972 546 0
4973 59 0
4974 475 0
4975 356 1
4976 543 1
4977 497 0
4978 165 0
4979 591 1
4980 406 1
4981 585 1
4982 328 0
4983 403 1
4984 113 1
4985 78 0
4986 209 1
4987 425 0
4988 163 0
4989 218 1
4990 330 0
4991 519 1
4992 127 1
4993 269 1
4994 322 1
4995 597 1
4996 530 0
4997 193 1
4998 302 1
4999 622 1
5000 90 1
5001 20 0
5002 122 1
5003 412 1
5004 279 1
5005 282 1
5006 562 1
5007 204 0
5008 540 0
5009 332 1
5010 47 1
5011 305 1
5012 198 1
5013 157 1
5014 451 1
5015 264 0
5016 202 1
5017 190 1
5018 71 1
5019 594 1
5020 590 1
5021 308 1
5022 400 1
5023 557 1
5024 334 1
5025 509 1
5026 532 1
5027 315 0
5028 42 0
5029 580 1
5030 601 1
5031 384 0
5032 470 0
5033 476 1
5034 533 1
5035 248 1
5036 34 1
5037 356 1
5038 425 1
5039 89 1
5040 516 0
5041 489 1
5042 134 1
5043 500 0
5044 625 0
5045 26 1
5046 12 1
5047 108 1
5048 349 1
5049 380 1
5050 378 1
5051 86 1
5052 541 1
5053 196 1
5054 69 1
5055 439 1
5056 232 1
5057 363 1
5058 454 1
5059 534 1
5060 31 1
5061 385 1
5062 328 0
5063 509 1
5064 435 0
5065 274 1
5066 231 0
5067 567 1
5068 151 0
5069 452 0
5070 397 1
5071 170 1
5072 541 1
5073 344 1
5074 119 1
5075 161 1
5076 160 0
5077 177 1
5078 397 1
5079 515 0
5080 297 0
5081 360 0
5082 507 1
5083 22 1
5084 404 0
5085 236 1
5086 95 0
5087 144 1
5088 289 0
5089 353 1
5090 88 1
5091 542 1
5092 410 1
5093 94 0
5094 127 0
5095 353 1
5096 120 1
5097 309 0
5098 354 1
5099 8 1
5100 170 0
5101 281 1
5102 634 1
5103 250 1
5104 278 1
5105 45 1
5106 466 1
5107 599 1
5108 28 1
5109 405 0
5110 16 0
5111 571 0
5112 186 0
5113 121 1
5114 568 1
5115 21 0
5116 349 0
5117 344 1
5118 93 1
5119 629 1
5120 546 1
5121 87 0
5122 619 1
5123 603 0
5124 93 0
5125 152 1
5126 482 0
5127 238 0
5128 318 0
5129 566 1
5130 472 1
5131 347 1
5132 248 0
5133 526 0
5134 8 1
5135 62 1
5136 552 1
5137 281 0
5138 185 1
5139 532 1
5140 616 1
5141 380 0
5142 122 1
5143 480 1
5144 334 1
5145 48 1
5146 349 0
5147 349 1
5148 444 1
5149 295 1
5150 118 1
5151 363 1
5152 484 0
5153 563 0
5154 252 0
5155 305 1
5156 494 1
5157 53 0
5158 34 1
5159 405 1
5160 294 1
5161 532 1
5162 206 0
5163 597 1
5164 472 0
5165 459 1
5166 600 1
5167 618 0
5168 182 1
5169 475 1
5170 356 1
5171 24 0
5172 197 0
5173 173 0
5174 594 1
5175 592 1
5176 390 1
5177 254 1
5178 86 1
5179 604 1
5180 467 1
5181 505 1
5182 600 1
5183 230 1
5184 384 0
5185 573 0
5186 216 0
5187 297 1
5188 31 1
5189 629 1
5190 407 1
5191 237 1
5192 433 0
5193 99 1
5194 65 1
5195 434 0
5196 481 1
5197 313 1
5198 142 1
5199 578 1
5200 606 1
5201 616 1
5202 479 0
5203 585 1
5204 106 1
5205 485 1
5206 522 1
5207 16 0
5208 563 1
5209 189 0
5210 176 1
5211 518 1
5212 278 0
5213 453 0
5214 89 1
5215 296 1
5216 277 0
5217 239 1
5218 539 0
5219 608 0
5220 133 0
5221 500 1
5222 538 0
5223 326 1
5224 625 1
5225 451 1
5226 496 0
5227 173 1
5228 507 0
5229 536 1
5230 379 1
5231 21 0
5232 458 0
5233 119 1
5234 450 1
5235 365 0
5236 542 1
5237 588 1
5238 105 1
5239 260 1
5240 152 0
5241 245 0
5242 387 0
5243 129 1
5244 393 1
5245 220 0
5246 219 0
5247 135 1
5248 494 0
5249 404 1
5250 338 1
5251 233 0
5252 350 1
5253 40 0
5254 450 1
5255 526 1
5256 361 1
5257 600 0
5258 539 0
5259 373 0
5260 124 1
5261 411 1
5262 184 1
5263 377 1
5264 165 0
5265 336 0
5266 257 1
5267 105 1
5268 114 1
5269 403 0
5270 438 1
5271 524 1
5272 423 0
5273 270 1
5274 575 1
5275 600 0
5276 587 0
5277 391 1
5278 287 0
5279 164 0
5280 263 1
5281 304 1
5282 427 1
5283 485 1
5284 539 1
5285 463 1
5286 540 1
5287 491 1
5288 182 1
5289 631 0
5290 111 0
5291 170 1
5292 338 0
5293 184 1
5294 43 1
5295 419 1
5296 213 1
5297 184 0
5298 483 1
5299 531 0
5300 273 1
5301 71 1
5302 60 0
5303 491 1
5304 37 1
5305 356 1
5306 449 0
5307 196 1
5308 436 0
5309 120 1
5310 93 1
5311 143 1
5312 620 1
5313 297 1
5314 346 1
5315 205 0
5316 545 1
5317 147 1
5318 187 1
5319 197 0
5320 490 1
5321 357 1
5322 429 1
5323 434 1
5324 299 1
5325 59 1
5326 458 1
5327 49 0
5328 513 1
5329 269 1
5330 523 1
5331 193 1
5332 99 1
5333 388 1
5334 343 1
5335 503 1
5336 487 0
5337 488 1
5338 144 1
5339 496 1
5340 198 1
5341 186 1
5342 106 0
5343 457 1
5344 565 1
5345 201 0
5346 550 1
5347 236 1
5348 92 0
5349 293 1
5350 558 1
5351 619 0
5352 379 1
5353 41 1
5354 108 1
5355 324 1
5356 441 1
5357 319 1
5358 94 1
5359 523 0
5360 218 0
5361 462 0
5362 469 0
5363 132 0
5364 28 1
5365 346 1
5366 579 1
5367 345 1
5368 143 1
5369 204 1
5370 272 1
5371 557 1
5372 388 0
5373 617 1
5374 376 1
5375 491 1
5376 580 1
5377 76 1
5378 357 1
5379 332 0
5380 627 1
5381 328 0
5382 350 1
5383 260 0
5384 409 1
5385 102 1
5386 341 0
5387 109 0
5388 259 0
5389 561 0
5390 581 1
5391 586 1
5392 76 1
5393 297 0
5394 228 1
5395 175 1
5396 23 1
5397 157 1
5398 525 1
5399 224 1
5400 222 1
5401 330 1
5402 344 1
5403 15 1
5404 514 1
5405 587 1
5406 342 1
5407 336 1
5408 549 1
5409 216 1
5410 613 0
5411 355 1
5412 251 1
5413 350 1
5414 270 0
5415 433 1
5416 251 1
5417 421 0
5418 559 1
5419 547 1
5420 361 1
5421 248 1
5422 386 0
5423 486 1
5424 560 1
5425 435 0
5426 450 1
5427 523 0
5428 17 0
5429 191 1
5430 170 1
5431 145 1
5432 109 1
5433 373 1
5434 351 0
5435 456 1
5436 133 0
5437 145 0
5438 3 1
5439 177 1
5440 55 1
5441 458 1
5442 117 1
5443 547 1
5444 569 0
5445 423 0
5446 77 0
5447 510 1
5448 484 0
5449 204 1
5450 518 0
5451 278 0
5452 87 0
5453 528 1
5454 412 0
5455 3 0
5456 39 1
5457 314 1
5458 157 0
5459 292 1
5460 322 0
5461 179 0
5462 632 1
5463 579 0
5464 295 1
5465 39 0
5466 166 0
5467 186 1
5468 89 1
5469 327 0
5470 149 1
5471 318 1
5472 141 0
5473 338 1
5474 215 1
5475 381 1
5476 59 1
5477 295 1
5478 607 0
5479 530 1
5480 371 1
5481 437 1
5482 243 1
5483 139 1
5484 52 1
5485 191 1
5486 146 0
5487 374 1
5488 498 1
5489 569 0
5490 56 0
5491 608 1
5492 225 0
5493 164 1
5494 491 0
5495 456 0
5496 620 1
5497 114 1
5498 230 1
5499 552 1
5500 70 1
5501 476 0
5502 601 0
5503 480 0
5504 277 1
5505 527 1
5506 87 1
5507 441 1
5508 126 1
5509 509 1
5510 5 1
5511 194 1
5512 572 1
5513 202 1
5514 555 0
5515 434 0
5516 212 1
5517 190 1
5518 482 0
5519 619 0
5520 450 0
5521 450 1
5522 368 1
5523 198 1
5524 210 1
5525 461 0
5526 386 0
5527 189 0
5528 329 1
5529 474 1
5530 494 1
5531 231 1
5532 540 0
5533 234 1
5534 449 1
5535 504 1
5536 86 1
5537 142 1
5538 559 1
5539 306 1
5540 404 0
5541 333 0
5542 152 0
5543 470 1
5544 270 1
5545 88 1
5546 575 0
5547 193 1
5548 91 1
5549 226 1
5550 629 1
5551 146 0
5552 399 0
5553 535 1
5554 629 1
5555 434 0
5556 330 1
5557 546 0
5558 4 1
5559 321 1
5560 48 1
5561 388 1
5562 79 1
5563 462 1
5564 358 0
5565 59 0
5566 140 1
5567 425 0
5568 486 1
5569 212 1
5570 515 1
5571 235 0
5572 127 0
5573 42 0
5574 512 0
5575 390 1
5576 122 1
5577 533 0
5578 74 0
5579 355 1
5580 405 1
5581 135 1
5582 604 1
5583 434 1
5584 227 1
5585 292 0
5586 6 0
5587 310 1
5588 23 0
5589 249 1
5590 72 1
5591 437 0
5592 132 0
5593 380 1
5594 45 0
5595 623 0
5596 492 1
5597 353 0
5598 33 1
5599 282 0
5600 156 1
5601 359 1
5602 451 0
5603 289 0
5604 370 1
5605 351 1
5606 535 1
5607 622 0
5608 481 0
5609 230 1
5610 444 1
5611 333 1
5612 334 1
5613 128 0
5614 205 1
5615 611 1
5616 333 1
5617 516 1
5618 354 0
5619 609 0
5620 66 0
5621 517 1
5622 471 1
5623 633 1
5624 220 1
5625 200 1
5626 439 0
5627 323 1
5628 585 0
5629 490 1
5630 210 0
5631 493 1
5632 160 1
5633 43 1
5634 529 1
5635 588 0
5636 326 1
5637 553 1
5638 331 0
5639 471 1
5640 128 1
5641 566 0
5642 562 1
5643 64 1
5644 63 1
5645 9 1
5646 370 1
5647 166 1
5648 233 1
5649 394 0
5650 202 0
5651 79 1
5652 175 1
5653 40 1
5654 524 1
5655 407 1
5656 532 0
5657 578 1
5658 585 1
5659 329 1
5660 545 0
5661 270 1
5662 197 1
5663 168 1
5664 622 1
5665 550 1
5666 267 0
5667 76 1
5668 611 1
5669 305 0
5670 620 1
5671 510 0
5672 408 1
5673 334 1
5674 444 1
5675 363 0
5676 358 1
5677 628 1
5678 428 1
5679 343 0
5680 73 1
5681 597 1
5682 236 1
5683 131 0
5684 139 0
5685 62 1
5686 506 0
5687 634 1
5688 375 1
5689 630 1
5690 354 0
5691 539 1
5692 350 0
5693 617 1
5694 51 0
5695 542 1
5696 567 0
5697 456 1
5698 527 0
5699 357 1
5700 380 0
5701 148 1
5702 349 1
5703 516 0
5704 465 0
5705 265 1
5706 219 0
5707 247 0
5708 59 1
5709 61 1
5710 531 0
5711 218 1
5712 466 1
5713 616 0
5714 610 1
5715 382 1
5716 123 1
5717 584 1
5718 26 1
5719 545 1
5720 325 1
5721 34 0
5722 338 1
5723 471 1
5724 494 1
5725 492 1
5726 502 1
5727 211 0
5728 99 1
5729 40 0
5730 531 0
5731 414 1
5732 293 0
5733 468 1
5734 185 1
5735 169 1
5736 547 1
5737 413 0
5738 468 1
5739 4 1
5740 139 1
5741 75 1
5742 564 1
5743 323 1
5744 470 0
5745 94 1
5746 127 1
5747 363 1
5748 237 1
5749 98 0
5750 567 1
5751 283 1
5752 462 1
5753 94 0
5754 302 1
5755 614 0
5756 587 1
5757 432 0
5758 332 1
5759 536 0
5760 461 0
5761 511 1
5762 497 1
5763 366 1
5764 435 0
5765 506 1
5766 88 1
5767 204 0
5768 207 1
5769 202 1
5770 382 1
5771 301 0
5772 228 1
5773 208 0
5774 195 1
5775 78 0
5776 97 0
5777 602 1
5778 185 1
5779 51 1
5780 147 1
5781 337 1
5782 69 1
5783 143 1
5784 190 1
5785 143 1
5786 519 1
5787 271 1
5788 527 0
5789 31 1
5790 581 0
5791 101 0
5792 47 0
5793 622 0
5794 385 1
5795 201 0
5796 579 1
5797 117 1
5798 438 0
5799 282 1
5800 597 1
5801 557 1
5802 219 1
5803 587 0
5804 30 0
5805 190 1
5806 84 1
5807 630 1
5808 351 0
5809 355 1
5810 4 0
5811 618 1
5812 452 1
5813 581 0
5814 352 1
5815 232 1
5816 11 1
5817 146 0
5818 340 1
5819 333 0
5820 81 1
5821 330 1
5822 172 0
5823 288 1
5824 292 1
5825 609 0
5826 556 1
5827 229 1
5828 50 1
5829 613 0
5830 396 1
5831 67 1
5832 365 1
5833 621 1
5834 311 0
5835 424 1
5836 192 1
5837 541 0
5838 429 1
5839 244 0
5840 186 0
5841 366 1
5842 161 0
5843 465 1
5844 121 0
5845 590 1
5846 12 1
5847 266 0
5848 227 1
5849 432 1
5850 556 1
5851 279 1
5852 333 0
5853 469 0
5854 363 0
5855 205 0
5856 273 1
5857 6 1
5858 516 1
5859 630 1
5860 272 1
5861 504 1
5862 600 1
5863 11 0
5864 379 0
5865 80 1
5866 29 1
5867 397 1
5868 529 1
5869 481 1
5870 294 1
5871 156 0
5872 607 1
5873 359 0
5874 617 1
5875 475 1
5876 288 1
5877 523 1
5878 471 1
5879 430 1
5880 342 1
5881 508 1
5882 226 1
5883 91 1
5884 486 0
5885 370 1
5886 608 0
5887 69 1
5888 45 1
5889 418 1
5890 123 0
5891 266 1
5892 594 1
5893 22 0
5894 54 1
5895 629 1
5896 319 1
5897 118 1
5898 122 1
5899 23 0
5900 131 1
5901 118 1
5902 268 0
5903 42 0
5904 592 1
5905 333 1
5906 67 0
5907 492 1
5908 111 0
5909 440 1
5910 316 0
5911 547 1
5912 294 1
5913 531 0
5914 231 1
5915 389 1
5916 297 1
5917 460 1
5918 44 1
5919 236 1
5920 320 0
5921 81 1
5922 517 1
5923 406 1
5924 430 1
5925 152 0
5926 3 0
5927 96 0
5928 86 1
5929 71 1
5930 531 1
5931 37 1
5932 325 0
5933 115 1
5934 357 1
5935 354 1
5936 261 0
5937 421 1
5938 359 0
5939 122 0
5940 388 0
5941 249 1
5942 330 1
5943 46 1
5944 330 1
5945 82 0
5946 571 1
5947 411 0
5948 601 1
5949 615 1
5950 227 1
5951 357 1
5952 127 1
5953 617 0
5954 320 1
5955 624 0
5956 370 0
5957 457 1
5958 577 0
5959 465 1
5960 613 1
5961 491 1
5962 16 1
5963 160 1
5964 143 1
5965 298 0
5966 474 1
5967 209 0
5968 149 1
5969 429 0
5970 295 1
5971 535 1
5972 15 0
5973 79 1
5974 209 1
5975 229 1
5976 440 0
5977 86 0
5978 337 1
5979 424 1
5980 386 1
5981 208 0
5982 84 1
5983 169 1
5984 600 1
5985 68 1
5986 382 1
5987 274 1
5988 309 1
5989 346 1
5990 254 1
5991 63 1
5992 10 0
5993 493 0
5994 388 1
5995 185 1
5996 353 0
5997 350 1
5998 160 1
5999 28 1
6000 474 0
6001 378 0
6002 48 1
6003 603 0
6004 363 1
6005 233 1
6006 240 1
6007 26 1
6008 438 1
6009 582 1
6010 150 0
6011 324 0
6012 509 1
6013 291 0
6014 550 0
6015 152 1
6016 400 1
6017 603 1
6018 531 1
6019 163 1
6020 244 1
6021 226 1
6022 57 1
6023 83 1
6024 121 1
6025 45 0
6026 146 1
6027 124 1
6028 408 0
6029 39 1
6030 92 1
6031 69 0
6032 70 1
6033 297 0
6034 602 1
6035 210 1
6036 213 0
6037 44 1
6038 46 1
6039 116 0
6040 150 0
6041 430 0
6042 522 1
6043 301 1
6044 327 1
6045 602 1
6046 508 1
6047 268 0
6048 66 1
6049 530 1
6050 375 0
6051 228 0
6052 542 1
6053 209 1
6054 400 1
6055 112 1
6056 478 1
6057 187 1
6058 454 1
6059 9 1
6060 179 0
6061 558 1
6062 631 0
6063 623 0
6064 99 0
6065 80 1
6066 616 1
6067 420 1
6068 581 1
6069 468 1
6070 311 1
6071 245 1
6072 479 0
6073 503 1
6074 279 1
6075 430 1
6076 464 1
6077 502 1
6078 529 1
6079 516 1
6080 358 1
6081 460 1
6082 270 1
6083 227 1
6084 224 0
6085 547 0
6086 624 1
6087 39 0
6088 575 1
6089 117 1
6090 404 1
6091 26 1
6092 257 1
6093 51 1
6094 368 0
6095 129 1
6096 521 0
6097 431 1
6098 176 0
6099 357 0
6100 60 1
6101 292 1
6102 420 0
6103 503 1
6104 231 1
6105 563 1
6106 524 1
6107 225 1
6108 466 0
6109 290 1
6110 201 0
6111 284 1
6112 358 0
6113 228 0
6114 88 1
6115 291 1
6116 212 0
6117 191 1
6118 272 1
6119 341 0
6120 36 1
6121 487 1
6122 215 1
6123 71 0
6124 339 0
6125 239 1
6126 131 1
6127 612 1
6128 595 1
6129 381 0
6130 147 0
6131 190 0
6132 613 1
6133 341 1
6134 432 1
6135 103 0
6136 309 1
6137 393 1
6138 26 1
6139 564 1
6140 175 1
6141 254 0
6142 56 1
6143 137 1
6144 420 0
6145 57 1
6146 539 1
6147 285 1
6148 620 1
6149 126 1
6150 31 1
6151 242 1
6152 177 1
6153 223 1
6154 449 0
6155 552 0
6156 312 1
6157 280 0
6158 387 1
6159 368 1
6160 292 0
6161 98 1
6162 30 0
6163 71 1
6164 358 0
6165 409 0
6166 411 1
6167 88 0
6168 9 1
6169 149 1
6170 447 1
6171 432 0
6172 230 0
6173 476 0
6174 478 1
6175 148 0
6176 627 0
6177 315 1
6178 621 0
6179 15 1
6180 568 1
6181 91 1
6182 441 1
6183 290 0
6184 474 1
6185 258 1
6186 489 1
6187 402 0
6188 116 0
6189 52 1
6190 445 1
6191 86 0
6192 446 1
6193 444 1
6194 146 1
6195 133 1
6196 241 0
6197 416 1
6198 396 0
6199 482 0
6200 494 1
6201 522 0
6202 145 1
6203 417 1
6204 517 1
6205 221 1
6206 26 1
6207 106 1
6208 67 1
6209 253 1
6210 367 1
6211 284 1
6212 604 1
6213 12 0
6214 120 1
6215 593 1
6216 585 1
6217 312 1
6218 120 0
6219 357 0
6220 548 1
6221 306 1
6222 236 1
6223 396 1
6224 319 1
6225 516 0
6226 385 0
6227 16 0
6228 215 1
6229 69 0
6230 508 1
6231 299 0
6232 500 1
6233 553 1
6234 46 1
6235 607 1
6236 204 1
6237 518 1
6238 55 1
6239 100 1
6240 277 1
6241 418 1
6242 130 0
6243 358 1
6244 447 1
6245 30 1
6246 455 1
6247 143 1
6248 297 1
6249 290 0
6250 322 1
6251 295 1
6252 532 1
6253 315 0
6254 441 1
6255 310 1
6256 388 0
6257 87 0
6258 512 1
6259 213 1
6260 238 1
6261 10 1
6262 564 0
6263 363 0
6264 199 1
6265 553 0
6266 272 1
6267 396 1
6268 383 0
6269 105 0
6270 475 0
6271 257 1
6272 493 1
6273 96 1
6274 147 1
6275 59 1
6276 544 1
6277 428 0
6278 207 1
6279 56 0
6280 166 1
6281 277 1
6282 180 1
6283 591 0
6284 91 1
6285 102 0
6286 461 1
6287 152 1
6288 52 1
6289 54 1
6290 549 0
6291 578 0
6292 159 1
6293 288 1
6294 520 1
6295 121 1
6296 310 0
6297 466 1
6298 413 1
6299 403 1
6300 468 1
6301 435 1
6302 205 1
6303 605 1
6304 192 1
6305 449 0
6306 113 0
6307 548 1
6308 121 1
6309 630 0
6310 529 0
6311 41 0
6312 499 0
6313 44 1
6314 287 1
6315 138 1
6316 293 0
6317 406 1
6318 518 1
6319 113 1
6320 376 0
6321 174 1
6322 304 1
6323 119 0
6324 273 1
6325 423 0
6326 215 0
6327 365 1
6328 329 0
6329 349 1
6330 206 1
6331 93 1
6332 419 1
6333 347 1
6334 216 1
6335 370 1
6336 371 1
6337 446 1
6338 617 0
6339 465 1
6340 37 1
6341 415 1
6342 75 1
6343 324 0
6344 539 1
6345 377 0
6346 511 0
6347 593 1
6348 318 1
6349 589 1
6350 122 1
6351 491 1
6352 219 1
6353 526 1
6354 217 0
6355 440 1
6356 602 1
6357 498 1
6358 350 0
6359 438 0
6360 211 1
6361 348 0
6362 7 0
6363 374 1
6364 604 1
6365 224 1
6366 10 0
6367 570 0
6368 367 1
6369 406 1
6370 167 1
6371 195 0
6372 417 0
6373 161 0
6374 230 0
6375 371 1
6376 129 1
6377 512 0
6378 391 0
6379 454 1
6380 580 1
6381 437 0
6382 100 1
6383 161 1
6384 182 1
6385 408 1
6386 136 1
6387 469 1
6388 11 1
6389 35 1
6390 571 1
6391 32 1
6392 482 0
6393 187 1
6394 153 1
6395 584 0
6396 34 0
6397 37 1
6398 99 0
6399 586 0
6400 123 1
6401 615 1
6402 312 1
6403 154 1
6404 429 1
6405 549 0
6406 579 1
6407 423 1
6408 474 1
6409 22 1
6410 609 1
6411 74 1
6412 333 0
6413 127 0
6414 294 1
6415 71 0
6416 431 1
6417 26 0
6418 485 0
6419 424 0
6420 353 1
6421 1 1
6422 268 1
6423 72 1
6424 392 0
6425 84 0
6426 50 1
6427 359 0
6428 254 1
6429 181 1
6430 557 1
6431 323 1
6432 288 1
6433 454 1
6434 513 0
6435 409 1
6436 573 1
6437 512 1
6438 192 0
6439 289 1
6440 37 1
6441 300 1
6442 516 0
6443 463 0
6444 495 0
6445 41 0
6446 246 1
6447 128 1
6448 63 1
6449 37 1
6450 182 1
6451 157 1
6452 214 0
6453 302 0
6454 604 1
6455 332 1
6456 314 0
6457 85 1
6458 6 0
6459 330 1
6460 543 1
6461 268 1
6462 94 0
6463 46 1
6464 327 0
6465 91 0
6466 514 1
6467 613 1
6468 276 0
6469 475 1
6470 228 1
6471 243 0
6472 155 1
6473 94 1
6474 218 0
6475 12 1
6476 154 0
6477 273 1
6478 33 1
6479 397 1
6480 386 1
6481 226 1
6482 95 1
6483 342 0
6484 476 1
6485 600 0
6486 348 0
6487 596 0
6488 512 1
6489 21 0
6490 464 0
6491 214 0
6492 305 1
6493 223 1
6494 155 1
6495 47 1
6496 467 1
6497 164 1
6498 469 1
6499 282 1
6500 55 1
6501 356 1
6502 439 1
6503 271 1
6504 356 1
6505 404 1
6506 318 0
6507 169 1
6508 455 1
6509 311 1
6510 363 1
6511 518 1
6512 624 0
6513 106 0
6514 546 1
6515 118 1
6516 619 1
6517 361 1
6518 140 1
6519 88 1
6520 274 1
6521 47 1
6522 469 1
6523 564 0
6524 586 1
6525 257 1
6526 591 1
6527 493 0
6528 172 1
6529 395 1
6530 336 0
6531 50 1
6532 336 1
6533 84 1
6534 393 1
6535 330 0
6536 22 0
6537 624 1
6538 578 1
6539 130 1
6540 151 1
6541 192 1
6542 512 0
6543 44 0
6544 6 0
6545 132 1
6546 302 1
6547 11 0
6548 578 0
6549 472 0
6550 260 1
6551 368 0
6552 536 1
6553 115 1
6554 259 1
6555 358 1
6556 616 1
6557 509 1
6558 593 1
6559 534 1
6560 342 1
6561 299 0
6562 198 0
6563 4 1
6564 398 0
6565 469 1
6566 8 0
6567 290 0
6568 543 1
6569 374 1
6570 7 0
6571 562 0
6572 5 1
6573 474 1
6574 339 1
6575 556 1
6576 397 0
6577 47 1
6578 523 1
6579 94 0
6580 528 1
6581 294 1
6582 115 1
6583 431 1
6584 346 0
6585 176 0
6586 259 1
6587 326 0
6588 524 1
6589 221 0
6590 538 1
6591 259 0
6592 354 1
6593 254 1
6594 359 1
6595 514 1
6596 261 1
6597 146 0
6598 115 1
6599 385 1
6600 104 1
6601 164 1
6602 13 1
6603 621 1
6604 12 1
6605 116 0
6606 341 1
6607 200 1
6608 47 0
6609 295 1
6610 160 1
6611 8 0
6612 340 1
6613 155 0
6614 81 1
6615 265 1
6616 458 0
6617 541 1
6618 268 1
6619 359 1
6620 83 1
6621 188 1
6622 207 1
6623 477 1
6624 200 1
6625 2 0
6626 304 1
6627 130 0
6628 157 0
6629 456 1
6630 183 1
6631 415 0
6632 500 1
6633 463 1
6634 198 0
6635 414 0
6636 11 1
6637 55 1
6638 347 0
6639 449 1
6640 19 1
6641 256 1
6642 454 1
6643 316 1
6644 38 1
6645 198 0
6646 215 1
6647 212 1
6648 285 0
6649 214 0
6650 203 1
6651 106 1
6652 579 1
6653 417 0
6654 43 1
6655 196 1
6656 32 0
6657 369 1
6658 204 1
6659 447 0
6660 179 1
6661 440 0
6662 609 1
6663 459 0
6664 42 1
6665 91 0
6666 15 1
6667 452 0
6668 352 1
6669 243 1
6670 449 1
6671 450 1
6672 248 1
6673 326 0
6674 219 1
6675 44 0
6676 141 1
6677 134 1
6678 494 0
6679 366 1
6680 616 1
6681 138 1
6682 5 1
6683 583 1
6684 165 1
6685 109 0
6686 622 1
6687 454 1
6688 85 1
6689 46 0
6690 283 1
6691 59 0
6692 575 1
6693 532 0
6694 145 1
6695 319 1
6696 71 0
6697 115 1
6698 397 0
6699 425 0
6700 247 1
6701 534 1
6702 443 1
6703 463 1
6704 498 1
6705 189 1
6706 591 0
6707 556 1
6708 426 1
6709 314 1
6710 74 1
6711 55 1
6712 440 0
6713 221 0
6714 226 0
6715 113 0
6716 530 1
6717 66 0
6718 366 1
6719 223 1
6720 387 1
6721 361 1
6722 9 1
6723 216 1
6724 92 1
6725 364 1
6726 513 0
6727 304 1
6728 590 1
6729 504 1
6730 521 0
6731 12 1
6732 630 1
6733 111 0
6734 591 1
6735 576 1
6736 95 1
6737 28 1
6738 568 0
6739 533 1
6740 123 0
6741 176 1
6742 47 0
6743 311 1
6744 356 1
6745 175 0
6746 163 1
6747 16 0
6748 250 0
6749 504 0
6750 438 0
6751 534 1
6752 96 1
6753 630 1
6754 163 0
6755 47 1
6756 148 1
6757 272 1
6758 61 0
6759 181 1
6760 121 1
6761 17 1
6762 528 1
6763 419 0
6764 144 0
6765 351 1
6766 91 1
6767 473 1
6768 162 0
6769 209 1
6770 338 1
6771 604 1
6772 463 1
6773 30 1
6774 183 1
6775 291 1
6776 559 1
6777 565 1
6778 325 1
6779 597 1
6780 629 1
6781 401 1
6782 539 0
6783 257 1
6784 57 0
6785 392 1
6786 63 1
6787 238 1
6788 587 1
6789 392 1
6790 471 0
6791 416 0
6792 349 1
6793 197 1
6794 52 0
6795 494 0
6796 448 0
6797 116 1
6798 492 1
6799 419 1
6800 180 1
6801 293 0
6802 514 1
6803 118 1
6804 148 1
6805 586 1
6806 552 1
6807 363 1
6808 78 1
6809 290 1
6810 61 0
6811 152 0
6812 394 1
6813 220 1
6814 625 1
6815 149 0
6816 165 0
6817 397 1
6818 322 0
6819 502 1
6820 384 1
6821 446 1
6822 185 1
6823 551 0
6824 84 1
6825 369 0
6826 332 0
6827 13 1
6828 147 0
6829 334 1
6830 237 0
6831 292 1
6832 274 1
6833 430 0
6834 563 1
6835 431 1
6836 108 1
6837 597 1
6838 409 1
6839 541 1
6840 61 1
6841 631 1
6842 155 1
6843 477 0
6844 242 1
6845 432 0
6846 1 1
6847 223 0
6848 129 1
6849 229 0
6850 317 0
6851 353 0
6852 252 1
6853 76 1
6854 169 0
6855 504 1
6856 243 1
6857 617 1
6858 502 1
6859 65 1
6860 612 0
6861 565 1
6862 572 1
6863 247 0
6864 173 0
6865 115 1
6866 486 1
6867 264 1
6868 124 0
6869 122 1
6870 308 1
6871 516 1
6872 484 1
6873 314 1
6874 299 1
6875 444 1
6876 218 1
6877 247 1
6878 521 0
6879 205 1
6880 320 0
6881 533 1
6882 129 0
6883 275 0
6884 495 1
6885 547 1
6886 381 0
6887 76 1
6888 276 1
6889 573 1
6890 111 1
6891 216 1
6892 115 1
6893 469 1
6894 307 0
6895 52 0
6896 344 1
6897 164 1
6898 104 1
6899 92 1
6900 186 1
6901 117 1
6902 424 1
6903 155 0
6904 568 0
6905 632 0
6906 461 0
6907 366 0
6908 27 1
6909 561 0
6910 231 1
6911 327 1
6912 547 1
6913 406 1
6914 279 0
6915 592 1
6916 486 1
6917 391 0
6918 253 1
6919 325 1
6920 624 0
6921 223 1
6922 528 1
6923 375 1
6924 138 1
6925 247 1
6926 263 1
6927 294 1
6928 414 0
6929 176 0
6930 555 0
6931 524 0
6932 200 1
6933 38 1
6934 184 1
6935 624 1
6936 43 0
6937 616 1
6938 150 1
6939 468 1
6940 7 1
6941 14 0
6942 3 1
6943 430 1
6944 365 1
6945 467 1
6946 88 1
6947 48 1
6948 629 1
6949 91 0
6950 434 0
6951 344 0
6952 284 1
6953 390 1
6954 30 1
6955 79 1
6956 295 0
6957 292 0
6958 386 1
6959 72 0
6960 34 0
6961 394 1
6962 261 0
6963 403 1
6964 514 1
6965 418 1
6966 567 1
6967 140 0
6968 436 0
6969 0 1
6970 110 1
6971 480 0
6972 158 1
6973 60 0
6974 208 1
6975 26 0
6976 36 1
6977 357 1
6978 213 1
6979 530 0
6980 604 0
6981 397 1
6982 425 1
6983 103 1
6984 424 1
6985 42 0
6986 175 1
6987 304 1
6988 17 1
6989 243 1
6990 488 1
6991 452 1
6992 39 1
6993 172 0
6994 284 1
6995 344 0
6996 372 1
6997 131 0
6998 1 0
6999 381 1
7000 330 1
7001 317 1
7002 295 1
7003 196 1
7004 343 1
7005 515 1
7006 49 0
7007 79 1
7008 491 0
7009 333 1
7010 310 0
7011 377 0
7012 134 0
7013 202 1
7014 100 0
7015 545 1
7016 347 1
7017 277 1
7018 207 0
7019 305 1
7020 261 1
7021 96 0
7022 509 1
7023 391 0
7024 410 1
7025 497 0
7026 117 0
7027 125 1
7028 98 1
7029 370 1
7030 267 0
7031 605 1
7032 493 1
7033 614 1
7034 77 0
7035 599 1
7036 461 1
7037 632 0
7038 228 1
7039 50 1
7040 463 1
7041 81 1
7042 137 1
7043 180 0
7044 525 1
7045 409 1
7046 172 0
7047 129 1
7048 618 0
7049 87 0
7050 377 0
7051 382 0
7052 113 0
7053 523 1
7054 126 1
7055 329 1
7056 479 1
7057 526 1
7058 601 1
7059 192 0
7060 605 1
7061 6 1
7062 338 0
7063 173 0
7064 228 1
7065 374 1
7066 305 1
7067 165 0
7068 501 1
7069 108 0
7070 620 1
7071 573 1
7072 190 1
7073 429 1
7074 527 0
7075 5 1
7076 587 1
7077 633 0
7078 131 1
7079 604 0
7080 416 1
7081 321 1
7082 456 0
7083 496 1
7084 525 1
7085 307 1
7086 392 1
7087 331 1
7088 67 1
7089 95 0
7090 103 1
7091 442 0
7092 105 0
7093 330 1
7094 595 1
7095 588 1
7096 626 1
7097 463 1
7098 102 1
7099 127 1
7100 287 1
7101 494 1
7102 30 0
7103 610 0
7104 307 0
7105 49 0
7106 163 1
7107 450 1
7108 288 1
7109 489 0
7110 436 1
7111 626 1
7112 57 1
7113 231 1
7114 136 0
7115 136 1
7116 143 1
7117 451 1
7118 178 0
7119 262 1
7120 489 1
7121 237 1
7122 160 0
7123 262 0
7124 189 1
7125 63 0
7126 542 1
7127 401 0
7128 500 1
7129 108 1
7130 341 0
7131 417 1
7132 233 1
7133 14 1
7134 17 1
7135 246 1
7136 580 1
7137 500 1
7138 528 0
7139 555 0
7140 235 0
7141 57 1
7142 29 0
7143 90 1
7144 449 1
7145 523 0
7146 436 0
7147 623 1
7148 532 0
7149 437 0
7150 270 1
7151 405 0
7152 517 1
7153 314 1
7154 389 1
7155 485 1
7156 201 1
7157 115 1
7158 351 1
7159 108 0
7160 388 0
7161 304 1
7162 287 0
7163 215 1
7164 286 0
7165 82 0
7166 51 1
7167 129 1
7168 114 1
7169 335 1
7170 26 1
7171 484 0
7172 78 1
7173 449 1
7174 154 1
7175 578 1
7176 539 1
7177 81 1
7178 531 0
7179 359 1
7180 306 0
7181 87 1
7182 278 1
7183 282 0
7184 9 1
7185 253 1
7186 161 0
7187 255 0
7188 43 1
7189 17 0
7190 612 0
7191 88 1
7192 199 1
7193 56 0
7194 458 0
7195 261 1
7196 205 0
7197 471 1
7198 549 1
7199 225 0
7200 101 1
7201 579 1
7202 556 1
7203 485 0
7204 253 1
7205 153 1
7206 454 1
7207 103 1
7208 395 0
7209 97 0
7210 566 0
7211 332 1
7212 64 0
7213 604 0
7214 278 1
7215 521 0
7216 13 1
7217 626 1
7218 14 1
7219 526 1
7220 328 1
7221 498 0
7222 271 0
7223 158 1
7224 118 0
7225 242 1
7226 606 0
7227 170 1
7228 91 0
7229 625 0
7230 318 1
7231 98 1
7232 326 1
7233 259 0
7234 551 1
7235 599 0
7236 179 1
7237 384 1
7238 413 1
7239 474 1
7240 148 1
7241 572 0
7242 4 0
7243 131 0
7244 232 0
7245 456 0
7246 616 1
7247 239 1
7248 2 1
7249 631 1
7250 6 1
7251 154 1
7252 407 0
7253 620 1
7254 423 0
7255 73 1
7256 524 1
7257 39 0
7258 103 1
7259 615 0
7260 283 1
7261 242 1
7262 340 1
7263 564 1
7264 337 1
7265 244 1
7266 514 1
7267 513 1
7268 279 1
7269 464 1
7270 314 0
7271 3 1
7272 532 0
7273 88 0
7274 205 1
7275 319 0
7276 488 1
7277 110 1
7278 401 0
7279 512 0
7280 593 0
7281 439 0
7282 505 1
7283 115 1
7284 172 0
7285 216 1
7286 474 1
7287 54 1
7288 245 1
7289 348 0
7290 202 1
7291 296 0
7292 586 0
7293 225 1
7294 438 1
7295 440 0
7296 217 1
7297 225 1
7298 545 0
7299 228 1
7300 277 0
7301 560 1
7302 20 0
7303 472 1
7304 113 1
7305 73 0
7306 209 1
7307 346 1
7308 132 0
7309 497 1
7310 32 1
7311 316 1
7312 530 1
7313 328 1
7314 232 1
7315 522 1
7316 357 1
7317 610 1
7318 418 1
7319 626 1
7320 632 1
7321 187 0
7322 425 0
7323 351 1
7324 463 1
7325 470 0
7326 500 1
7327 101 0
7328 42 1
7329 201 1
7330 342 1
7331 141 0
7332 520 0
7333 425 0
7334 555 1
7335 184 1
7336 465 1
7337 107 1
7338 263 1
7339 162 1
7340 22 0
7341 578 1
7342 141 1
7343 283 0
7344 465 0
7345 450 1
7346 558 0
7347 220 1
7348 64 1
7349 96 0
7350 410 1
7351 528 1
7352 2 1
7353 488 1
7354 443 1
7355 348 0
7356 632 1
7357 345 1
7358 319 0
7359 313 1
7360 462 0
7361 297 0
7362 84 1
7363 178 1
7364 511 0
7365 124 1
7366 531 1
7367 511 0
7368 2 1
7369 155 1
7370 363 1
7371 268 1
7372 143 1
7373 490 1
7374 598 1
7375 595 0
7376 297 1
7377 160 1
7378 131 1
7379 514 1
7380 597 1
7381 278 1
7382 5 1
7383 384 0
7384 510 1
7385 437 1
7386 392 1
7387 591 0
7388 40 1
7389 339 1
7390 599 0
7391 413 1
7392 549 1
7393 628 1
7394 269 0
7395 45 1
7396 495 1
7397 74 1
7398 469 1
7399 492 1
7400 346 1
7401 566 1
7402 356 0
7403 615 1
7404 318 1
7405 392 1
7406 618 1
7407 536 0
7408 101 1
7409 570 1
7410 394 1
7411 578 1
7412 287 1
7413 112 0
7414 467 0
7415 449 1
7416 256 0
7417 266 1
7418 260 1
7419 358 1
7420 565 1
7421 209 0
7422 270 1
7423 430 0
7424 624 1
7425 91 1
7426 329 1
7427 3 0
7428 44 1
7429 94 0
7430 69 1
7431 40 1
7432 281 1
7433 288 1
7434 545 1
7435 460 0
7436 111 1
7437 373 0
7438 129 1
7439 109 0
7440 518 0
7441 494 0
7442 228 1
7443 194 1
7444 597 1
7445 133 1
7446 181 0
7447 349 0
7448 472 1
7449 352 0
7450 6 1
7451 214 0
7452 196 0
7453 490 1
7454 106 1
7455 436 1
7456 149 1
7457 202 1
7458 142 1
7459 634 1
7460 27 0
7461 128 0
7462 298 0
7463 28 1
7464 472 0
7465 509 1
7466 550 1
7467 587 0
7468 25 0
7469 428 1
7470 398 0
7471 113 1
7472 510 1
7473 282 1
7474 61 0
7475 114 1
7476 406 0
7477 289 1
7478 76 0
7479 196 1
7480 54 1
7481 375 0
7482 150 1
7483 64 1
7484 126 0
7485 291 1
7486 72 1
7487 422 1
7488 77 1
7489 591 0
7490 335 0
7491 219 0
7492 296 0
7493 159 1
7494 182 1
7495 270 1
7496 409 1
7497 190 0
7498 330 1
7499 84 1
7500 96 1
7501 323 1
7502 145 0
7503 99 0
7504 171 1
7505 345 0
7506 110 1
7507 596 1
7508 421 1
7509 137 0
7510 459 1
7511 188 1
7512 410 1
7513 150 1
7514 625 0
7515 539 1
7516 602 0
7517 247 1
7518 329 0
7519 319 1
7520 394 1
7521 356 0
7522 577 1
7523 269 1
7524 422 1
7525 315 1
7526 162 1
7527 464 1
7528 247 1
7529 20 1
7530 205 1
7531 316 1
7532 143 0
7533 270 1
7534 266 1
7535 321 1
7536 603 0
7537 515 0
7538 344 1
7539 258 0
7540 539 0
7541 361 1
7542 442 0
7543 623 0
7544 161 0
7545 276 0
7546 559 1
7547 516 1
7548 512 0
7549 531 0
7550 97 0
7551 162 0
7552 244 0
7553 595 0
7554 183 1
7555 68 1
7556 156 0
7557 145 1
7558 604 1
7559 630 0
7560 142 0
7561 474 1
7562 221 0
7563 126 1
7564 498 0
7565 234 0
7566 233 1
7567 10 1
7568 438 1
7569 415 1
7570 180 1
7571 65 1
7572 254 1
7573 284 1
7574 345 1
7575 339 1
7576 535 1
7577 546 0
7578 525 0
7579 203 0
7580 53 1
7581 340 1
7582 191 1
7583 112 1
7584 312 1
7585 600 1
7586 360 1
7587 186 0
7588 242 1
7589 187 1
7590 99 1
7591 431 1
7592 53 1
7593 104 1
7594 373 1
7595 315 1
7596 102 1
7597 61 0
7598 355 1
7599 273 0
7600 50 0
7601 517 1
7602 269 1
7603 373 0
7604 523 1
7605 447 1
7606 444 1
7607 597 1
7608 571 1
7609 425 0
7610 365 1
7611 84 0
7612 111 1
7613 103 0
7614 302 1
7615 499 1
7616 606 1
7617 119 1
7618 434 1
7619 101 1
7620 411 1
7621 285 1
7622 142 1
7623 59 1
7624 305 0
7625 371 1
7626 575 0
7627 480 1
7628 584 0
7629 517 1
7630 324 1
7631 604 1
7632 113 1
7633 520 0
7634 565 1
7635 211 1
7636 528 1
7637 546 1
7638 109 0
7639 105 1
7640 447 1
7641 434 1
7642 288 1
7643 438 1
7644 227 1
7645 480 1
7646 52 1
7647 196 1
7648 522 0
7649 61 0
7650 60 1
7651 151 1
7652 126 1
7653 615 0
7654 32 1
7655 6 0
7656 553 1
7657 224 1
7658 77 0
7659 435 0
7660 333 1
7661 205 1
7662 79 1
7663 542 1
7664 475 1
7665 419 1
7666 225 1
7667 481 1
7668 624 1
7669 578 1
7670 547 0
7671 485 1
7672 374 1
7673 21 0
7674 95 1
7675 106 1
7676 86 1
7677 170 1
7678 62 0
7679 132 0
7680 29 1
7681 421 1
7682 470 1
7683 589 1
7684 86 1
7685 465 1
7686 466 1
7687 455 1
7688 382 0
7689 6 1
7690 282 1
7691 254 0
7692 408 1
7693 534 1
7694 485 1
7695 356 0
7696 567 1
7697 110 0
7698 394 1
7699 211 0
7700 589 1
7701 478 0
7702 349 1
7703 610 1
7704 124 0
7705 550 1
7706 78 1
7707 131 0
7708 578 1
7709 305 0
7710 47 1
7711 292 0
7712 152 1
7713 374 1
7714 460 1
7715 391 1
7716 619 1
7717 192 1
7718 517 1
7719 414 0
7720 140 1
7721 396 1
7722 490 0
7723 61 1
7724 542 1
7725 219 1
7726 384 1
7727 561 1
7728 271 1
7729 448 1
7730 243 0
7731 503 0
7732 423 1
7733 553 0
7734 211 1
7735 287 1
7736 18 1
7737 554 0
7738 560 1
7739 291 1
7740 339 1
7741 422 1
7742 363 0
7743 609 1
7744 5 1
7745 88 1
7746 612 1
7747 469 1
7748 0 1
7749 55 1
7750 69 1
7751 546 1
7752 383 0
7753 580 1
7754 438 1
7755 132 1
7756 96 0
7757 206 1
7758 251 1
7759 451 0
7760 596 1
7761 498 1
7762 479 1
7763 322 1
7764 68 1
7765 39 1
7766 77 0
7767 217 1
7768 416 1
7769 125 0
7770 391 1
7771 345 1
7772 169 1
7773 296 1
7774 89 1
7775 34 0
7776 0 0
7777 607 1
7778 213 1
7779 307 1
7780 21 1
7781 411 1
7782 297 0
7783 550 1
7784 148 0
7785 281 0
7786 290 1
7787 376 1
7788 534 1
7789 228 0
7790 142 1
7791 23 1
7792 144 0
7793 606 1
7794 275 1
7795 632 1
7796 617 1
7797 387 1
7798 402 1
7799 341 1
7800 335 1
7801 446 1
7802 605 1
7803 433 0
7804 210 1
7805 486 0
7806 281 1
7807 479 1
7808 497 1
7809 141 1
7810 79 0
7811 426 0
7812 546 0
7813 333 0
7814 472 1
7815 212 0
7816 19 0
7817 146 0
7818 204 1
7819 478 1
7820 598 1
7821 115 1
7822 188 1
7823 19 1
7824 403 0
7825 172 0
7826 290 1
7827 535 1
7828 133 0
7829 499 1
7830 257 1
7831 127 0
7832 93 1
7833 249 1
7834 210 1
7835 60 0
7836 406 0
7837 401 0
7838 127 1
7839 629 1
7840 565 1
7841 369 0
7842 121 1
7843 415 1
7844 487 1
7845 208 1
7846 348 0
7847 377 1
7848 601 1
7849 95 1
7850 69 0
7851 333 0
7852 323 1
7853 419 0
7854 504 1
7855 338 1
7856 571 1
7857 21 0
7858 326 0
7859 295 1
7860 64 0
7861 280 1
7862 188 1
7863 211 0
7864 634 0
7865 322 1
7866 446 0
7867 519 0
7868 111 0
7869 577 1
7870 65 1
7871 408 1
7872 344 0
7873 50 1
7874 214 0
7875 207 1
7876 198 1
7877 40 1
7878 502 1
7879 532 1
7880 535 1
7881 545 1
7882 223 1
7883 465 1
7884 90 1
7885 307 1
7886 44 0
7887 141 0
7888 501 1
7889 408 0
7890 521 0
7891 343 1
7892 460 0
7893 470 1
7894 627 1
7895 178 1
7896 578 1
7897 231 0
7898 518 0
7899 493 0
7900 460 1
7901 114 0
7902 230 1
7903 233 1
7904 431 0
7905 153 1
7906 606 1
7907 394 1
7908 236 1
7909 116 1
7910 589 1
7911 113 1
7912 382 1
7913 56 1
7914 389 1
7915 216 1
7916 56 0
7917 59 1
7918 569 1
7919 366 1
7920 292 1
7921 41 1
7922 372 1
7923 52 1
7924 22 1
7925 195 0
7926 454 1
7927 502 1
7928 629 0
7929 451 1
7930 457 1
7931 582 0
7932 354 1
7933 148 0
7934 299 1
7935 12 1
7936 383 1
7937 212 0
7938 488 0
7939 86 1
7940 424 1
7941 480 1
7942 566 1
7943 436 1
7944 262 1
7945 308 1
7946 277 0
7947 581 1
7948 254 1
7949 278 0
7950 593 1
7951 502 1
7952 343 1
7953 453 0
7954 319 0
7955 64 1
7956 162 0
7957 343 1
7958 248 0
7959 18 0
7960 381 1
7961 579 1
7962 566 0
7963 13 1
7964 604 0
7965 104 1
7966 581 1
7967 260 1
7968 26 1
7969 469 0
7970 603 1
7971 445 1
7972 435 0
7973 216 0
7974 281 0
7975 552 1
7976 553 0
7977 36 1
7978 371 1
7979 35 0
7980 324 1
7981 252 0
7982 86 1
7983 543 1
7984 576 0
7985 457 1
7986 276 1
7987 23 1
7988 404 0
7989 126 1
7990 466 0
7991 63 0
7992 523 1
7993 226 0
7994 132 1
7995 585 1
7996 385 1
7997 83 0
7998 64 1
7999 576 1
8000 360 1
8001 525 1
8002 15 0
8003 71 1
8004 145 1
8005 455 0
8006 224 1
8007 353 1
8008 601 0
8009 364 1
8010 190 0
8011 538 1
8012 501 1
8013 397 1
8014 604 1
8015 555 1
8016 86 1
8017 323 1
8018 343 0
8019 506 1
8020 567 1
8021 457 1
8022 201 0
8023 261 0
8024 104 0
8025 249 1
8026 289 1
8027 227 0
8028 130 0
8029 69 1
8030 320 0
8031 412 1
8032 419 1
8033 500 0
