3960
1 186 1
2 155 1
3 65 1
4 182 1
5 121 0
6 47 1
7 29 0
8 86 1
9 36 1
10 66 0
11 148 1
12 69 0
13 50 1
14 83 1
15 115 1
16 42 1
17 158 1
18 157 1
19 186 0
20 92 0
21 33 0
22 39 0
23 97 1
24 104 0
25 90 0
26 26 1
27 100 1
28 53 1
29 80 0
30 111 1
31 85 0
32 117 1
33 155 1
34 179 1
35 37 0
36 165 1
37 25 1
38 127 0
39 134 0
40 60 1
41 108 1
42 78 1
43 84 0
44 71 0
45 169 1
46 170 1
47 48 1
48 112 1
49 176 1
50 159 0
51 80 1
52 88 1
53 51 0
54 32 1
55 152 1
56 116 1
57 80 1
58 181 1
59 129 1
60 139 1
61 49 0
62 167 0
63 21 1
64 105 1
65 87 1
66 116 1
67 13 1
68 175 1
69 33 1
70 54 1
71 11 1
72 159 1
73 169 1
74 158 1
75 115 1
76 119 0
77 123 1
78 65 1
79 81 0
80 145 1
81 148 1
82 48 1
83 80 1
84 30 0
85 44 1
86 104 1
87 156 1
88 141 1
89 125 0
90 146 1
91 21 1
92 18 1
93 67 1
94 1 1
95 65 1
96 127 0
97 23 1
98 178 1
99 111 1
100 119 0
101 4 1
102 113 0
103 8 1
104 100 1
105 168 1
106 178 1
107 27 1
108 46 0
109 183 1
110 53 1
111 189 1
112 75 1
113 160 1
114 119 1
115 76 1
116 42 0
117 174 1
118 137 0
119 24 1
120 121 0
121 98 0
122 93 1
123 18 1
124 122 1
125 90 0
126 161 1
127 160 1
128 105 1
129 6 1
130 16 0
131 175 1
132 156 0
133 18 0
134 147 1
135 54 0
136 136 1
137 89 1
138 180 0
139 81 1
140 21 1
141 0 1
142 64 1
143 33 1
144 101 1
145 106 0
146 23 0
147 78 1
148 55 1
149 186 1
150 40 1
151 84 0
152 12 1
153 117 1
154 86 1
155 18 0
156 82 1
157 2 0
158 179 0
159 120 0
160 167 1
161 11 0
162 122 1
163 175 1
164 179 1
165 184 1
166 31 0
167 107 1
168 148 1
169 40 1
170 38 0
171 54 1
172 169 0
173 71 0
174 184 0
175 52 0
176 130 1
177 65 1
178 49 0
179 142 0
180 123 0
181 160 0
182 110 1
183 1 1
184 106 1
185 15 0
186 94 1
187 69 1
188 126 1
189 35 1
190 142 1
191 184 1
192 145 1
193 47 1
194 103 0
195 134 1
196 129 0
197 92 1
198 176 1
199 21 1
200 38 1
201 139 1
202 8 1
203 108 0
204 158 0
205 58 1
206 133 0
207 188 0
208 14 1
209 86 1
210 39 1
211 56 0
212 37 1
213 120 1
214 53 0
215 17 0
216 172 1
217 125 1
218 76 1
219 118 1
220 89 1
221 150 1
222 131 1
223 114 0
224 187 0
225 68 0
226 132 0
227 107 1
228 83 1
229 2 1
230 173 0
231 31 0
232 78 0
233 41 0
234 4 1
235 102 1
236 47 1
237 119 1
238 14 1
239 129 1
240 145 1
241 140 0
242 131 1
243 159 1
244 88 1
245 155 1
246 84 1
247 30 1
248 50 1
249 29 1
250 132 1
251 142 1
252 187 1
253 71 1
254 109 0
255 115 0
256 17 1
257 54 1
258 116 0
259 167 0
260 88 0
261 178 0
262 26 1
263 46 1
264 84 1
265 32 1
266 109 1
267 10 1
268 50 1
269 20 1
270 183 0
271 27 0
272 96 1
273 55 1
274 100 0
275 129 0
276 159 1
277 164 0
278 31 1
279 163 0
280 188 0
281 136 1
282 174 0
283 117 1
284 130 1
285 187 0
286 169 0
287 128 1
288 3 1
289 98 1
290 117 1
291 3 1
292 148 1
293 174 1
294 89 1
295 99 0
296 148 1
297 98 0
298 93 0
299 161 1
300 58 0
301 59 0
302 79 0
303 113 1
304 174 1
305 87 1
306 52 1
307 90 1
308 61 1
309 85 1
310 27 1
311 141 1
312 131 1
313 111 1
314 160 1
315 160 1
316 45 0
317 66 1
318 112 0
319 109 1
320 4 1
321 100 1
322 91 1
323 152 0
324 69 1
325 15 0
326 134 1
327 173 1
328 9 1
329 104 1
330 171 1
331 100 1
332 0 0
333 145 1
334 149 1
335 111 1
336 64 0
337 105 0
338 114 1
339 118 1
340 108 1
341 182 0
342 2 0
343 30 1
344 64 1
345 83 0
346 13 0
347 164 1
348 153 0
349 127 1
350 85 1
351 69 0
352 162 1
353 17 1
354 45 1
355 171 0
356 73 1
357 108 1
358 41 1
359 178 0
360 76 0
361 145 1
362 58 1
363 104 1
364 141 0
365 35 1
366 83 1
367 181 1
368 180 0
369 43 0
370 46 0
371 189 0
372 90 1
373 96 1
374 147 0
375 41 1
376 150 1
377 25 1
378 18 1
379 132 0
380 66 0
381 1 1
382 174 1
383 107 1
384 0 1
385 102 0
386 170 1
387 67 0
388 110 1
389 104 1
390 52 1
391 94 0
392 135 0
393 24 0
394 53 1
395 26 0
396 128 1
397 172 1
398 13 1
399 178 1
400 44 0
401 152 1
402 185 0
403 187 1
404 187 1
405 166 1
406 148 0
407 153 1
408 93 1
409 149 1
410 46 0
411 70 1
412 98 1
413 188 1
414 136 1
415 125 1
416 71 1
417 9 1
418 110 1
419 74 0
420 9 0
421 58 0
422 23 0
423 54 0
424 9 0
425 67 1
426 183 1
427 131 1
428 92 1
429 105 0
430 109 1
431 114 0
432 121 1
433 57 1
434 31 1
435 143 1
436 83 0
437 1 0
438 125 1
439 125 0
440 162 1
441 91 0
442 42 0
443 51 1
444 155 0
445 68 1
446 99 1
447 157 1
448 116 1
449 67 0
450 57 0
451 182 1
452 26 1
453 150 1
454 141 1
455 96 1
456 180 0
457 73 1
458 116 1
459 160 0
460 85 1
461 59 0
462 30 1
463 20 0
464 143 0
465 98 1
466 101 1
467 145 1
468 175 1
469 90 1
470 93 1
471 142 1
472 80 1
473 17 1
474 46 0
475 181 1
476 19 1
477 28 0
478 168 0
479 0 0
480 37 0
481 126 0
482 182 1
483 77 1
484 89 1
485 6 1
486 157 1
487 75 0
488 168 0
489 55 1
490 165 1
491 58 0
492 188 1
493 43 1
494 37 1
495 92 1
496 135 1
497 115 1
498 103 1
499 7 0
500 71 0
501 184 0
502 64 0
503 179 1
504 57 1
505 61 0
506 182 0
507 26 0
508 10 1
509 52 1
510 107 1
511 23 1
512 166 1
513 174 0
514 43 1
515 82 1
516 97 0
517 148 1
518 140 1
519 106 1
520 181 1
521 132 1
522 91 1
523 157 1
524 33 1
525 142 1
526 66 1
527 187 1
528 109 1
529 24 1
530 65 0
531 71 0
532 178 1
533 36 0
534 166 0
535 130 0
536 114 0
537 134 1
538 36 0
539 19 0
540 115 1
541 111 1
542 40 1
543 119 1
544 183 0
545 105 1
546 55 0
547 123 1
548 108 0
549 165 1
550 13 1
551 46 0
552 173 0
553 46 1
554 178 1
555 180 1
556 31 0
557 180 1
558 20 1
559 24 1
560 64 1
561 164 0
562 19 1
563 64 1
564 158 0
565 16 1
566 139 1
567 103 1
568 146 0
569 135 0
570 111 0
571 42 0
572 129 1
573 18 0
574 142 0
575 157 1
576 166 1
577 37 0
578 32 1
579 117 0
580 135 1
581 67 1
582 98 1
583 103 1
584 124 1
585 183 1
586 168 0
587 90 0
588 159 0
589 60 1
590 144 1
591 30 1
592 152 1
593 110 1
594 163 1
595 80 1
596 73 1
597 187 1
598 31 1
599 30 1
600 50 1
601 11 0
602 150 0
603 37 1
604 111 1
605 133 0
606 119 1
607 88 1
608 36 1
609 162 0
610 40 0
611 20 0
612 103 1
613 89 0
614 19 1
615 1 1
616 44 1
617 0 0
618 15 1
619 25 1
620 31 1
621 94 0
622 127 0
623 37 1
624 93 1
625 172 0
626 154 1
627 149 1
628 13 1
629 103 0
630 69 0
631 4 1
632 19 1
633 19 0
634 35 0
635 63 1
636 100 1
637 22 1
638 52 0
639 10 0
640 160 1
641 181 1
642 179 0
643 186 0
644 91 0
645 35 0
646 9 1
647 78 1
648 37 0
649 155 0
650 137 1
651 41 0
652 186 1
653 176 1
654 24 0
655 96 1
656 172 1
657 114 1
658 130 1
659 66 1
660 14 1
661 187 0
662 134 0
663 52 1
664 167 1
665 145 1
666 138 0
667 155 1
668 152 1
669 85 1
670 39 1
671 166 1
672 171 0
673 85 1
674 102 0
675 39 1
676 56 1
677 42 1
678 106 0
679 73 1
680 106 1
681 100 0
682 118 0
683 91 1
684 109 1
685 153 1
686 70 1
687 72 1
688 121 1
689 157 1
690 21 0
691 53 0
692 135 1
693 170 1
694 92 0
695 134 1
696 175 0
697 62 1
698 12 0
699 79 0
700 43 1
701 171 0
702 172 0
703 159 1
704 114 1
705 40 1
706 34 0
707 17 1
708 90 1
709 122 1
710 46 1
711 0 1
712 105 1
713 128 1
714 21 1
715 140 0
716 60 1
717 171 0
718 170 0
719 49 0
720 70 1
721 33 1
722 84 1
723 176 1
724 43 1
725 69 0
726 170 1
727 114 1
728 126 1
729 105 0
730 161 0
731 107 1
732 171 1
733 69 1
734 33 1
735 147 1
736 109 1
737 111 1
738 128 0
739 79 1
740 108 1
741 64 1
742 120 1
743 76 1
744 132 1
745 8 1
746 40 0
747 129 1
748 106 0
749 75 0
750 28 0
751 146 0
752 18 1
753 42 1
754 66 1
755 29 1
756 80 1
757 67 1
758 173 1
759 61 0
760 128 0
761 114 1
762 86 1
763 93 0
764 154 1
765 137 1
766 103 1
767 130 1
768 154 1
769 77 1
770 7 0
771 9 0
772 3 1
773 184 1
774 24 1
775 95 0
776 26 0
777 126 0
778 166 1
779 109 0
780 99 0
781 25 0
782 143 1
783 36 0
784 133 1
785 40 0
786 116 0
787 123 0
788 28 1
789 106 1
790 172 1
791 10 1
792 26 1
793 115 0
794 159 1
795 126 0
796 183 1
797 173 1
798 112 1
799 54 1
800 30 1
801 189 1
802 45 1
803 76 0
804 142 1
805 121 1
806 91 0
807 127 0
808 71 1
809 21 0
810 178 0
811 10 0
812 103 1
813 118 1
814 8 0
815 172 1
816 76 1
817 86 1
818 0 1
819 97 1
820 52 0
821 70 1
822 153 1
823 70 1
824 53 0
825 74 1
826 134 0
827 23 1
828 171 0
829 73 1
830 25 1
831 21 1
832 123 0
833 27 0
834 74 0
835 69 1
836 147 1
837 171 0
838 141 1
839 47 1
840 136 1
841 139 0
842 10 1
843 31 1
844 108 1
845 164 0
846 154 1
847 137 1
848 97 1
849 15 1
850 0 1
851 102 1
852 29 0
853 160 1
854 37 1
855 169 1
856 132 1
857 58 0
858 85 1
859 36 1
860 96 1
861 130 1
862 0 1
863 44 1
864 143 1
865 171 0
866 47 0
867 187 1
868 68 1
869 50 0
870 168 0
871 83 0
872 50 1
873 156 0
874 133 0
875 132 0
876 105 1
877 93 1
878 52 0
879 105 1
880 100 1
881 46 1
882 163 0
883 27 0
884 103 1
885 141 1
886 9 1
887 94 1
888 170 1
889 189 1
890 57 0
891 146 0
892 9 1
893 72 1
894 181 1
895 61 1
896 68 1
897 42 0
898 145 1
899 170 1
900 141 1
901 133 0
902 150 1
903 112 1
904 92 0
905 47 0
906 48 1
907 24 1
908 138 0
909 20 1
910 176 1
911 123 1
912 85 1
913 91 1
914 39 0
915 0 1
916 186 1
917 43 1
918 166 0
919 80 0
920 71 1
921 28 0
922 26 0
923 78 1
924 50 1
925 105 0
926 77 1
927 86 1
928 8 1
929 105 1
930 52 1
931 32 0
932 141 0
933 97 1
934 127 0
935 88 1
936 109 0
937 30 0
938 162 1
939 12 0
940 103 1
941 53 1
942 150 1
943 55 0
944 120 1
945 10 1
946 167 1
947 123 1
948 14 0
949 40 1
950 103 1
951 150 0
952 48 1
953 152 1
954 92 0
955 135 1
956 184 1
957 88 1
958 132 1
959 14 0
960 107 0
961 137 0
962 62 1
963 8 1
964 186 1
965 120 1
966 171 1
967 116 1
968 64 0
969 142 1
970 52 0
971 58 1
972 177 0
973 0 1
974 94 1
975 84 0
976 132 0
977 189 1
978 95 1
979 74 0
980 49 1
981 184 0
982 176 0
983 152 1
984 188 1
985 103 1
986 1 0
987 189 1
988 20 1
989 102 0
990 107 1
991 29 1
992 119 1
993 47 0
994 35 1
995 11 1
996 28 1
997 17 0
998 116 1
999 151 1
1000 83 1
1001 67 1
1002 29 1
1003 66 1
1004 159 0
1005 67 1
1006 66 1
1007 27 1
1008 26 1
1009 105 1
1010 97 1
1011 139 1
1012 122 0
1013 134 1
1014 37 1
1015 64 1
1016 61 1
1017 8 1
1018 101 1
1019 42 1
1020 47 1
1021 146 0
1022 9 1
1023 103 1
1024 51 0
1025 90 1
1026 37 0
1027 78 0
1028 6 0
1029 11 1
1030 19 0
1031 66 1
1032 12 1
1033 72 1
1034 52 1
1035 183 0
1036 120 1
1037 115 0
1038 116 1
1039 67 0
1040 42 1
1041 119 1
1042 8 1
1043 43 1
1044 23 1
1045 150 1
1046 124 1
1047 116 1
1048 4 1
1049 59 1
1050 10 1
1051 149 1
1052 185 1
1053 70 1
1054 6 1
1055 82 0
1056 8 0
1057 29 1
1058 13 1
1059 24 1
1060 121 1
1061 165 1
1062 6 1
1063 94 1
1064 85 1
1065 60 0
1066 102 1
1067 127 0
1068 186 1
1069 111 0
1070 140 0
1071 142 0
1072 107 1
1073 66 1
1074 48 0
1075 54 1
1076 167 1
1077 127 0
1078 121 1
1079 177 1
1080 80 1
1081 105 1
1082 61 1
1083 182 0
1084 143 0
1085 152 1
1086 8 1
1087 51 0
1088 80 1
1089 41 0
1090 11 1
1091 10 1
1092 124 1
1093 156 0
1094 162 1
1095 66 1
1096 93 1
1097 137 1
1098 117 1
1099 114 0
1100 134 1
1101 163 1
1102 174 1
1103 161 1
1104 135 1
1105 96 1
1106 9 1
1107 37 1
1108 146 0
1109 183 0
1110 50 0
1111 165 1
1112 128 1
1113 10 0
1114 46 0
1115 27 0
1116 4 1
1117 128 0
1118 18 1
1119 145 0
1120 105 1
1121 11 0
1122 60 1
1123 51 1
1124 145 1
1125 128 1
1126 1 0
1127 50 0
1128 21 1
1129 184 1
1130 80 1
1131 144 0
1132 113 1
1133 165 1
1134 83 1
1135 186 0
1136 166 1
1137 106 1
1138 50 1
1139 46 1
1140 105 1
1141 4 1
1142 180 1
1143 45 0
1144 109 1
1145 165 1
1146 54 0
1147 176 1
1148 104 1
1149 10 0
1150 76 1
1151 180 0
1152 105 1
1153 82 1
1154 156 0
1155 155 1
1156 14 1
1157 171 1
1158 117 1
1159 10 1
1160 59 1
1161 128 1
1162 99 1
1163 182 0
1164 70 1
1165 4 0
1166 100 0
1167 2 1
1168 85 0
1169 166 1
1170 114 1
1171 117 1
1172 3 0
1173 128 0
1174 119 0
1175 151 0
1176 118 1
1177 96 1
1178 8 0
1179 132 1
1180 183 1
1181 29 0
1182 125 1
1183 11 1
1184 12 1
1185 157 1
1186 21 0
1187 60 1
1188 177 0
1189 47 1
1190 38 1
1191 88 1
1192 91 1
1193 85 1
1194 175 0
1195 173 1
1196 158 1
1197 163 1
1198 130 1
1199 9 1
1200 64 1
1201 172 1
1202 153 1
1203 110 0
1204 40 1
1205 148 0
1206 159 1
1207 137 0
1208 41 1
1209 154 1
1210 54 1
1211 188 0
1212 144 1
1213 109 1
1214 48 1
1215 129 0
1216 186 1
1217 8 0
1218 55 1
1219 1 0
1220 171 1
1221 168 1
1222 6 0
1223 5 0
1224 43 1
1225 159 1
1226 9 1
1227 113 1
1228 30 0
1229 41 1
1230 144 1
1231 94 1
1232 86 0
1233 2 0
1234 117 1
1235 41 1
1236 55 1
1237 141 1
1238 30 1
1239 4 1
1240 17 1
1241 73 1
1242 32 1
1243 173 1
1244 23 1
1245 44 1
1246 0 1
1247 21 0
1248 44 1
1249 38 1
1250 21 1
1251 162 1
1252 185 1
1253 34 0
1254 63 0
1255 2 1
1256 6 1
1257 101 1
1258 164 0
1259 96 1
1260 11 1
1261 68 1
1262 82 0
1263 98 1
1264 106 0
1265 92 0
1266 112 0
1267 9 1
1268 171 1
1269 36 1
1270 76 0
1271 26 0
1272 15 1
1273 24 1
1274 114 1
1275 172 1
1276 162 0
1277 131 0
1278 41 1
1279 174 0
1280 169 0
1281 79 1
1282 42 1
1283 102 1
1284 126 0
1285 159 1
1286 78 0
1287 187 1
1288 25 1
1289 175 1
1290 135 1
1291 167 0
1292 109 0
1293 155 0
1294 141 0
1295 102 1
1296 26 1
1297 16 1
1298 74 1
1299 184 1
1300 158 0
1301 114 1
1302 52 1
1303 42 0
1304 127 1
1305 119 1
1306 179 1
1307 174 1
1308 8 0
1309 145 1
1310 90 1
1311 171 1
1312 42 0
1313 87 1
1314 18 1
1315 28 1
1316 138 1
1317 27 1
1318 157 0
1319 169 1
1320 183 1
1321 161 0
1322 188 1
1323 166 1
1324 96 0
1325 57 1
1326 172 1
1327 106 0
1328 129 0
1329 43 0
1330 178 1
1331 128 1
1332 117 0
1333 120 1
1334 29 1
1335 172 0
1336 2 0
1337 96 1
1338 2 0
1339 99 1
1340 96 1
1341 186 0
1342 97 1
1343 6 1
1344 8 1
1345 178 0
1346 121 1
1347 18 1
1348 174 1
1349 34 1
1350 42 0
1351 36 1
1352 155 0
1353 44 0
1354 10 1
1355 157 0
1356 104 1
1357 185 1
1358 157 1
1359 42 1
1360 143 1
1361 58 0
1362 146 1
1363 117 1
1364 19 1
1365 47 0
1366 162 0
1367 105 1
1368 20 1
1369 186 0
1370 97 0
1371 137 1
1372 18 0
1373 17 0
1374 128 1
1375 146 0
1376 89 1
1377 149 1
1378 85 1
1379 170 1
1380 32 1
1381 166 0
1382 13 1
1383 34 1
1384 36 0
1385 64 0
1386 86 1
1387 47 1
1388 39 1
1389 182 1
1390 123 1
1391 52 1
1392 55 1
1393 153 1
1394 82 0
1395 147 1
1396 161 1
1397 21 0
1398 108 1
1399 110 1
1400 79 1
1401 179 1
1402 81 1
1403 80 0
1404 2 0
1405 92 1
1406 113 0
1407 141 0
1408 150 1
1409 112 0
1410 141 0
1411 157 1
1412 188 0
1413 91 1
1414 37 0
1415 54 1
1416 81 1
1417 184 0
1418 172 1
1419 86 1
1420 49 1
1421 104 1
1422 35 1
1423 42 1
1424 154 1
1425 130 1
1426 126 1
1427 120 0
1428 80 1
1429 132 1
1430 118 0
1431 39 1
1432 132 0
1433 165 0
1434 108 1
1435 0 0
1436 142 1
1437 129 1
1438 62 1
1439 166 1
1440 37 0
1441 34 1
1442 9 1
1443 0 0
1444 169 1
1445 11 0
1446 123 1
1447 8 0
1448 84 1
1449 179 1
1450 136 1
1451 153 1
1452 186 1
1453 167 1
1454 67 1
1455 177 0
1456 153 1
1457 72 0
1458 77 1
1459 55 1
1460 10 1
1461 147 1
1462 117 1
1463 9 0
1464 132 1
1465 7 1
1466 172 1
1467 167 1
1468 154 1
1469 31 0
1470 92 0
1471 38 0
1472 131 1
1473 21 1
1474 177 1
1475 160 1
1476 46 1
1477 33 0
1478 76 1
1479 169 1
1480 34 0
1481 189 1
1482 147 1
1483 180 1
1484 114 1
1485 45 1
1486 34 1
1487 158 1
1488 95 1
1489 178 1
1490 61 1
1491 172 1
1492 70 1
1493 172 0
1494 51 1
1495 67 1
1496 138 1
1497 97 1
1498 134 1
1499 10 1
1500 102 1
1501 161 1
1502 132 1
1503 14 1
1504 22 0
1505 23 0
1506 52 1
1507 92 1
1508 15 0
1509 171 1
1510 128 1
1511 54 1
1512 108 1
1513 165 0
1514 134 0
1515 104 1
1516 35 0
1517 85 1
1518 16 1
1519 107 1
1520 3 1
1521 23 0
1522 130 1
1523 172 1
1524 91 1
1525 21 0
1526 5 1
1527 99 1
1528 123 1
1529 67 1
1530 146 1
1531 115 1
1532 150 1
1533 60 0
1534 12 1
1535 8 1
1536 10 1
1537 65 0
1538 48 1
1539 187 1
1540 5 0
1541 163 1
1542 89 1
1543 118 1
1544 43 0
1545 90 1
1546 70 1
1547 180 1
1548 20 1
1549 0 0
1550 120 1
1551 41 0
1552 39 1
1553 173 0
1554 149 1
1555 122 1
1556 184 0
1557 159 1
1558 162 1
1559 7 1
1560 176 0
1561 14 0
1562 9 0
1563 178 1
1564 146 0
1565 55 1
1566 88 1
1567 110 1
1568 8 1
1569 18 1
1570 68 1
1571 115 1
1572 138 0
1573 47 1
1574 75 0
1575 119 1
1576 147 0
1577 19 1
1578 39 1
1579 88 1
1580 87 1
1581 66 1
1582 142 1
1583 14 1
1584 166 1
1585 19 1
1586 166 1
1587 9 1
1588 122 0
1589 28 1
1590 105 0
1591 160 1
1592 182 0
1593 121 1
1594 88 1
1595 113 1
1596 156 1
1597 154 1
1598 62 1
1599 161 1
1600 96 0
1601 174 1
1602 120 1
1603 89 1
1604 44 1
1605 151 0
1606 69 1
1607 114 0
1608 12 0
1609 87 0
1610 156 0
1611 171 0
1612 91 0
1613 133 1
1614 107 0
1615 93 0
1616 182 0
1617 177 1
1618 157 0
1619 158 1
1620 188 0
1621 63 1
1622 142 1
1623 30 1
1624 124 0
1625 150 1
1626 29 1
1627 16 1
1628 168 0
1629 78 0
1630 59 1
1631 0 1
1632 54 1
1633 157 1
1634 156 0
1635 125 1
1636 146 1
1637 31 1
1638 175 0
1639 148 0
1640 81 1
1641 101 1
1642 49 1
1643 133 1
1644 71 1
1645 106 0
1646 96 0
1647 175 1
1648 185 1
1649 73 0
1650 169 1
1651 17 0
1652 6 0
1653 27 0
1654 12 1
1655 94 1
1656 185 1
1657 105 1
1658 25 1
1659 65 0
1660 163 1
1661 31 1
1662 179 1
1663 121 0
1664 61 1
1665 130 0
1666 105 1
1667 160 1
1668 6 1
1669 97 1
1670 75 1
1671 13 0
1672 99 1
1673 109 1
1674 70 0
1675 24 1
1676 150 0
1677 14 0
1678 164 0
1679 118 1
1680 41 0
1681 69 0
1682 17 1
1683 160 0
1684 129 1
1685 36 1
1686 68 1
1687 78 1
1688 162 1
1689 95 1
1690 166 1
1691 177 0
1692 77 1
1693 167 0
1694 38 0
1695 178 1
1696 57 1
1697 36 0
1698 189 1
1699 91 0
1700 165 1
1701 136 0
1702 171 1
1703 15 1
1704 16 0
1705 180 0
1706 35 1
1707 118 1
1708 163 1
1709 66 1
1710 186 0
1711 91 1
1712 14 0
1713 29 0
1714 128 1
1715 136 0
1716 52 1
1717 50 1
1718 10 1
1719 72 1
1720 170 1
1721 13 0
1722 34 0
1723 30 0
1724 31 0
1725 18 1
1726 144 0
1727 172 0
1728 42 0
1729 167 0
1730 126 1
1731 176 1
1732 98 1
1733 107 1
1734 188 0
1735 129 1
1736 144 1
1737 86 1
1738 77 1
1739 185 0
1740 108 1
1741 136 0
1742 117 1
1743 25 0
1744 124 1
1745 42 1
1746 110 0
1747 140 1
1748 151 0
1749 121 0
1750 139 1
1751 29 0
1752 104 1
1753 173 0
1754 127 1
1755 2 1
1756 83 0
1757 102 0
1758 62 0
1759 72 0
1760 124 1
1761 149 0
1762 39 1
1763 154 1
1764 59 0
1765 51 1
1766 47 1
1767 3 1
1768 92 0
1769 137 1
1770 56 1
1771 69 0
1772 82 0
1773 144 1
1774 10 0
1775 43 0
1776 135 0
1777 172 0
1778 3 1
1779 76 0
1780 26 1
1781 64 1
1782 12 1
1783 29 1
1784 47 0
1785 127 1
1786 12 0
1787 47 0
1788 177 1
1789 141 0
1790 120 1
1791 126 1
1792 180 1
1793 50 1
1794 148 1
1795 50 1
1796 156 1
1797 150 0
1798 176 1
1799 76 1
1800 52 1
1801 131 0
1802 112 1
1803 61 1
1804 173 1
1805 0 1
1806 0 1
1807 72 1
1808 137 1
1809 167 1
1810 151 1
1811 80 1
1812 136 0
1813 90 1
1814 24 1
1815 149 1
1816 175 1
1817 43 1
1818 170 1
1819 99 1
1820 18 1
1821 160 1
1822 128 1
1823 2 0
1824 66 1
1825 171 1
1826 1 0
1827 140 1
1828 187 1
1829 161 1
1830 11 1
1831 93 1
1832 113 1
1833 186 0
1834 143 1
1835 52 1
1836 97 1
1837 76 0
1838 156 0
1839 110 1
1840 52 0
1841 152 1
1842 48 0
1843 93 1
1844 45 1
1845 62 1
1846 88 1
1847 47 0
1848 95 1
1849 99 0
1850 138 1
1851 106 1
1852 75 0
1853 172 1
1854 162 0
1855 166 1
1856 178 0
1857 79 1
1858 133 1
1859 77 1
1860 41 1
1861 130 0
1862 98 0
1863 135 1
1864 30 0
1865 46 1
1866 98 1
1867 18 1
1868 144 1
1869 19 1
1870 88 1
1871 141 1
1872 25 1
1873 9 1
1874 7 0
1875 140 1
1876 127 1
1877 172 1
1878 160 1
1879 131 1
1880 63 1
1881 66 1
1882 139 1
1883 139 1
1884 79 1
1885 111 1
1886 55 1
1887 48 1
1888 87 1
1889 43 0
1890 46 1
1891 45 1
1892 68 1
1893 13 1
1894 46 0
1895 34 0
1896 125 0
1897 167 1
1898 86 1
1899 161 0
1900 78 1
1901 45 1
1902 47 1
1903 115 1
1904 151 1
1905 131 1
1906 146 0
1907 82 1
1908 7 0
1909 63 1
1910 43 0
1911 157 1
1912 99 1
1913 144 0
1914 54 1
1915 64 1
1916 100 1
1917 167 1
1918 105 1
1919 184 1
1920 55 1
1921 165 1
1922 14 0
1923 35 1
1924 147 0
1925 167 0
1926 0 0
1927 71 0
1928 72 1
1929 188 0
1930 43 1
1931 160 0
1932 171 1
1933 2 0
1934 126 1
1935 54 1
1936 123 1
1937 94 1
1938 81 0
1939 61 0
1940 32 1
1941 32 1
1942 167 1
1943 35 1
1944 31 0
1945 78 1
1946 187 1
1947 119 1
1948 82 1
1949 59 0
1950 20 0
1951 101 1
1952 137 0
1953 177 1
1954 129 1
1955 60 0
1956 81 1
1957 188 1
1958 0 0
1959 11 1
1960 60 1
1961 99 1
1962 132 1
1963 30 1
1964 143 1
1965 37 1
1966 104 1
1967 13 1
1968 138 1
1969 73 0
1970 141 1
1971 141 0
1972 122 0
1973 183 0
1974 167 1
1975 55 0
1976 186 1
1977 89 1
1978 84 0
1979 147 0
1980 110 1
1981 5 1
1982 36 1
1983 70 1
1984 111 1
1985 62 0
1986 173 1
1987 187 1
1988 146 1
1989 37 1
1990 87 0
1991 155 1
1992 148 1
1993 113 1
1994 167 1
1995 73 1
1996 158 1
1997 7 1
1998 92 0
1999 178 1
2000 25 1
2001 162 1
2002 57 1
2003 15 0
2004 143 1
2005 131 0
2006 138 0
2007 25 1
2008 144 1
2009 132 1
2010 112 0
2011 12 1
2012 88 1
2013 176 1
2014 91 1
2015 90 1
2016 19 0
2017 118 0
2018 25 1
2019 84 0
2020 179 1
2021 19 1
2022 116 1
2023 125 0
2024 85 1
2025 186 1
2026 175 1
2027 81 1
2028 115 1
2029 150 1
2030 36 0
2031 127 1
2032 106 1
2033 125 1
2034 183 1
2035 109 1
2036 40 1
2037 110 0
2038 167 0
2039 31 0
2040 15 1
2041 64 1
2042 123 0
2043 67 0
2044 17 0
2045 64 0
2046 71 0
2047 10 1
2048 51 1
2049 118 0
2050 51 1
2051 118 1
2052 160 1
2053 52 1
2054 176 0
2055 4 1
2056 7 1
2057 185 1
2058 17 1
2059 178 0
2060 182 0
2061 87 1
2062 48 1
2063 51 1
2064 129 0
2065 137 1
2066 109 1
2067 76 1
2068 98 1
2069 21 1
2070 15 1
2071 79 1
2072 87 0
2073 55 1
2074 137 1
2075 139 0
2076 189 0
2077 94 1
2078 30 1
2079 141 1
2080 27 0
2081 52 1
2082 56 0
2083 20 1
2084 158 1
2085 141 1
2086 61 1
2087 0 0
2088 105 1
2089 156 0
2090 2 1
2091 175 1
2092 136 0
2093 140 1
2094 127 1
2095 130 1
2096 82 0
2097 95 1
2098 22 0
2099 5 0
2100 53 1
2101 60 0
2102 80 0
2103 166 0
2104 18 1
2105 134 0
2106 41 0
2107 21 1
2108 101 1
2109 149 1
2110 57 1
2111 187 1
2112 174 0
2113 82 1
2114 104 1
2115 83 1
2116 38 0
2117 76 1
2118 105 0
2119 10 1
2120 178 1
2121 144 1
2122 73 0
2123 110 1
2124 34 1
2125 18 1
2126 158 1
2127 35 1
2128 4 0
2129 143 0
2130 8 1
2131 167 1
2132 81 1
2133 159 1
2134 100 1
2135 22 1
2136 123 1
2137 119 1
2138 137 1
2139 176 0
2140 10 1
2141 66 1
2142 13 1
2143 115 0
2144 22 0
2145 27 1
2146 98 1
2147 72 1
2148 53 1
2149 169 1
2150 113 0
2151 144 0
2152 163 1
2153 139 1
2154 106 0
2155 85 0
2156 123 1
2157 187 1
2158 155 0
2159 148 1
2160 82 1
2161 12 1
2162 175 1
2163 71 1
2164 120 1
2165 185 1
2166 46 0
2167 83 0
2168 17 0
2169 31 1
2170 152 1
2171 142 0
2172 72 1
2173 119 1
2174 61 1
2175 18 1
2176 57 0
2177 35 1
2178 109 1
2179 74 0
2180 53 0
2181 174 1
2182 14 1
2183 119 1
2184 3 1
2185 149 0
2186 163 0
2187 45 1
2188 143 0
2189 174 1
2190 46 1
2191 152 1
2192 27 1
2193 140 1
2194 0 1
2195 176 1
2196 88 0
2197 153 1
2198 131 0
2199 128 1
2200 128 0
2201 185 1
2202 189 1
2203 48 1
2204 9 1
2205 152 1
2206 29 0
2207 61 1
2208 14 1
2209 187 0
2210 29 1
2211 160 1
2212 47 1
2213 24 0
2214 9 1
2215 18 1
2216 50 0
2217 141 0
2218 146 1
2219 186 1
2220 26 1
2221 113 1
2222 165 1
2223 106 1
2224 87 1
2225 188 1
2226 179 0
2227 39 1
2228 86 1
2229 18 1
2230 26 1
2231 38 0
2232 142 1
2233 21 1
2234 173 1
2235 156 0
2236 68 0
2237 157 1
2238 156 0
2239 125 1
2240 79 1
2241 165 1
2242 184 1
2243 99 0
2244 77 1
2245 171 1
2246 56 0
2247 173 0
2248 100 0
2249 8 1
2250 115 1
2251 88 1
2252 55 1
2253 129 1
2254 123 0
2255 167 1
2256 89 1
2257 74 0
2258 58 1
2259 159 1
2260 95 0
2261 43 0
2262 61 1
2263 61 1
2264 26 1
2265 141 1
2266 44 0
2267 128 0
2268 187 0
2269 23 1
2270 33 1
2271 126 1
2272 39 0
2273 103 1
2274 178 1
2275 37 1
2276 16 1
2277 136 1
2278 102 1
2279 42 0
2280 168 0
2281 165 1
2282 125 0
2283 24 0
2284 165 1
2285 144 1
2286 134 1
2287 125 1
2288 85 1
2289 172 1
2290 104 1
2291 156 0
2292 3 0
2293 1 1
2294 11 0
2295 129 0
2296 130 1
2297 104 0
2298 11 1
2299 90 0
2300 72 1
2301 87 1
2302 119 0
2303 91 1
2304 55 0
2305 87 1
2306 186 0
2307 84 1
2308 149 1
2309 0 1
2310 31 1
2311 51 0
2312 37 1
2313 31 1
2314 187 0
2315 127 0
2316 159 1
2317 80 0
2318 40 1
2319 4 1
2320 147 1
2321 59 1
2322 138 0
2323 38 0
2324 32 1
2325 159 0
2326 69 1
2327 121 0
2328 79 0
2329 57 0
2330 77 1
2331 139 1
2332 110 1
2333 129 0
2334 103 1
2335 148 1
2336 127 1
2337 100 1
2338 56 1
2339 75 1
2340 79 1
2341 146 1
2342 158 0
2343 59 1
2344 34 1
2345 117 0
2346 104 1
2347 61 1
2348 188 0
2349 76 0
2350 36 0
2351 155 1
2352 137 1
2353 142 1
2354 106 1
2355 86 1
2356 66 1
2357 137 1
2358 114 0
2359 173 0
2360 116 1
2361 163 0
2362 161 0
2363 146 1
2364 28 0
2365 64 1
2366 61 1
2367 131 1
2368 89 1
2369 6 1
2370 12 1
2371 184 1
2372 129 1
2373 15 1
2374 40 1
2375 6 1
2376 185 1
2377 187 1
2378 7 1
2379 119 1
2380 78 0
2381 3 1
2382 17 0
2383 45 0
2384 21 0
2385 105 1
2386 138 0
2387 106 1
2388 132 1
2389 124 1
2390 115 1
2391 139 1
2392 12 0
2393 71 1
2394 181 0
2395 148 0
2396 86 1
2397 106 0
2398 89 0
2399 13 0
2400 6 1
2401 45 1
2402 119 0
2403 25 1
2404 176 0
2405 44 1
2406 91 0
2407 15 1
2408 123 1
2409 25 1
2410 179 1
2411 178 1
2412 128 1
2413 80 1
2414 49 0
2415 137 1
2416 113 0
2417 102 1
2418 47 1
2419 5 1
2420 180 0
2421 36 0
2422 134 1
2423 178 0
2424 40 1
2425 84 0
2426 89 0
2427 104 1
2428 161 0
2429 55 1
2430 81 0
2431 168 1
2432 180 1
2433 40 1
2434 111 0
2435 70 1
2436 89 0
2437 176 0
2438 151 1
2439 95 1
2440 80 0
2441 30 1
2442 55 1
2443 100 0
2444 24 0
2445 47 1
2446 152 0
2447 103 1
2448 8 1
2449 179 0
2450 183 0
2451 24 1
2452 159 1
2453 109 0
2454 77 1
2455 122 0
2456 95 1
2457 137 0
2458 183 1
2459 177 0
2460 105 0
2461 25 1
2462 54 1
2463 112 0
2464 76 1
2465 78 1
2466 155 1
2467 145 1
2468 15 1
2469 147 1
2470 79 1
2471 59 1
2472 37 1
2473 136 1
2474 48 0
2475 140 0
2476 54 0
2477 25 1
2478 7 0
2479 164 1
2480 140 1
2481 49 0
2482 57 1
2483 132 0
2484 161 1
2485 66 1
2486 71 0
2487 128 0
2488 126 0
2489 133 1
2490 1 1
2491 132 1
2492 151 1
2493 157 0
2494 6 0
2495 46 1
2496 86 1
2497 154 1
2498 1 1
2499 117 1
2500 88 1
2501 18 1
2502 21 0
2503 164 1
2504 122 0
2505 126 1
2506 92 0
2507 75 1
2508 30 0
2509 114 0
2510 174 0
2511 86 0
2512 59 1
2513 116 0
2514 49 1
2515 28 1
2516 129 1
2517 8 0
2518 94 1
2519 10 1
2520 181 1
2521 45 0
2522 9 1
2523 40 1
2524 163 1
2525 169 0
2526 21 0
2527 22 1
2528 109 1
2529 135 0
2530 177 1
2531 105 1
2532 111 0
2533 71 0
2534 90 0
2535 133 1
2536 21 1
2537 68 1
2538 109 1
2539 65 0
2540 66 1
2541 34 1
2542 103 1
2543 70 0
2544 189 1
2545 83 0
2546 81 1
2547 97 1
2548 8 0
2549 18 1
2550 151 1
2551 83 0
2552 134 1
2553 99 1
2554 63 0
2555 38 1
2556 12 1
2557 119 1
2558 31 0
2559 132 1
2560 106 1
2561 11 0
2562 17 1
2563 92 0
2564 178 0
2565 125 0
2566 65 0
2567 17 1
2568 71 0
2569 156 1
2570 183 0
2571 165 1
2572 169 0
2573 115 1
2574 87 1
2575 34 0
2576 174 1
2577 93 1
2578 147 0
2579 120 1
2580 99 0
2581 170 0
2582 165 1
2583 169 1
2584 17 1
2585 174 1
2586 41 1
2587 10 0
2588 140 1
2589 116 1
2590 85 0
2591 35 1
2592 98 1
2593 164 1
2594 118 1
2595 185 1
2596 51 0
2597 187 1
2598 66 1
2599 158 1
2600 13 1
2601 87 0
2602 187 1
2603 69 1
2604 34 1
2605 77 1
2606 48 0
2607 91 1
2608 143 0
2609 7 1
2610 153 1
2611 2 1
2612 70 0
2613 34 1
2614 67 0
2615 23 0
2616 46 1
2617 128 1
2618 111 0
2619 181 1
2620 187 0
2621 68 1
2622 83 1
2623 88 0
2624 29 1
2625 10 1
2626 92 1
2627 99 1
2628 5 1
2629 103 0
2630 38 1
2631 146 0
2632 41 1
2633 31 1
2634 178 1
2635 101 1
2636 85 1
2637 25 1
2638 42 1
2639 8 1
2640 111 1
2641 58 1
2642 117 0
2643 169 0
2644 96 1
2645 97 1
2646 111 1
2647 121 1
2648 133 0
2649 17 0
2650 169 0
2651 101 1
2652 0 1
2653 36 1
2654 141 0
2655 108 1
2656 149 1
2657 69 1
2658 36 1
2659 102 0
2660 131 0
2661 169 1
2662 57 1
2663 9 0
2664 57 1
2665 116 1
2666 138 1
2667 94 0
2668 55 1
2669 83 0
2670 70 0
2671 161 1
2672 70 0
2673 9 0
2674 89 0
2675 43 1
2676 114 1
2677 169 1
2678 18 1
2679 166 1
2680 8 1
2681 105 1
2682 113 0
2683 188 0
2684 41 1
2685 169 1
2686 77 0
2687 136 0
2688 174 0
2689 149 1
2690 158 1
2691 99 1
2692 110 1
2693 156 1
2694 61 1
2695 106 0
2696 121 1
2697 20 0
2698 123 1
2699 17 1
2700 94 1
2701 81 1
2702 130 1
2703 122 0
2704 172 1
2705 91 1
2706 78 0
2707 26 0
2708 170 1
2709 127 1
2710 120 0
2711 13 1
2712 60 1
2713 90 1
2714 46 1
2715 60 0
2716 98 0
2717 115 0
2718 70 0
2719 56 1
2720 122 1
2721 186 1
2722 147 0
2723 101 1
2724 10 0
2725 163 1
2726 76 1
2727 175 1
2728 13 1
2729 32 1
2730 178 1
2731 3 1
2732 38 1
2733 119 1
2734 159 1
2735 155 1
2736 132 1
2737 4 0
2738 168 1
2739 113 0
2740 138 1
2741 20 1
2742 66 0
2743 63 0
2744 174 1
2745 133 1
2746 89 1
2747 150 1
2748 157 1
2749 138 1
2750 157 1
2751 120 1
2752 58 1
2753 91 0
2754 34 0
2755 25 0
2756 2 1
2757 99 1
2758 144 1
2759 142 1
2760 159 1
2761 2 1
2762 123 1
2763 180 0
2764 36 1
2765 21 0
2766 35 0
2767 6 0
2768 162 1
2769 130 1
2770 14 0
2771 81 0
2772 6 1
2773 79 1
2774 146 0
2775 82 1
2776 110 0
2777 70 1
2778 138 1
2779 30 0
2780 90 1
2781 173 0
2782 94 0
2783 120 1
2784 178 1
2785 166 1
2786 113 1
2787 13 1
2788 134 0
2789 73 1
2790 19 1
2791 10 1
2792 141 0
2793 68 1
2794 42 1
2795 68 1
2796 149 0
2797 61 0
2798 132 1
2799 115 1
2800 46 1
2801 25 1
2802 44 1
2803 82 1
2804 124 1
2805 171 1
2806 22 1
2807 76 1
2808 65 1
2809 57 1
2810 53 1
2811 141 1
2812 79 1
2813 153 1
2814 187 0
2815 44 1
2816 163 1
2817 7 1
2818 10 0
2819 6 1
2820 147 0
2821 82 1
2822 64 1
2823 137 1
2824 114 1
2825 138 0
2826 32 1
2827 82 1
2828 95 1
2829 34 0
2830 25 1
2831 130 1
2832 149 1
2833 108 1
2834 130 0
2835 98 1
2836 95 1
2837 159 1
2838 52 1
2839 0 1
2840 111 1
2841 143 1
2842 129 0
2843 156 1
2844 75 0
2845 120 1
2846 172 0
2847 93 0
2848 9 0
2849 186 0
2850 27 1
2851 128 1
2852 178 1
2853 183 1
2854 107 0
2855 108 1
2856 33 1
2857 166 1
2858 91 1
2859 98 0
2860 127 1
2861 72 0
2862 182 1
2863 44 1
2864 79 0
2865 42 0
2866 38 1
2867 131 1
2868 72 1
2869 60 1
2870 20 1
2871 12 1
2872 33 1
2873 118 1
2874 114 1
2875 96 1
2876 49 0
2877 63 1
2878 137 0
2879 134 0
2880 143 0
2881 133 1
2882 151 1
2883 11 1
2884 2 0
2885 115 1
2886 141 1
2887 70 1
2888 17 1
2889 11 1
2890 18 0
2891 85 0
2892 79 1
2893 109 0
2894 153 0
2895 145 1
2896 34 1
2897 97 1
2898 156 1
2899 29 0
2900 173 1
2901 83 0
2902 173 0
2903 102 1
2904 53 1
2905 125 1
2906 123 1
2907 134 1
2908 66 1
2909 34 1
2910 101 0
2911 135 1
2912 170 1
2913 131 1
2914 144 0
2915 99 0
2916 108 0
2917 55 1
2918 48 1
2919 85 1
2920 173 0
2921 70 1
2922 128 1
2923 114 0
2924 159 0
2925 125 1
2926 137 1
2927 17 1
2928 106 0
2929 58 0
2930 113 1
2931 181 0
2932 52 0
2933 25 1
2934 105 0
2935 99 0
2936 27 1
2937 98 1
2938 85 1
2939 61 0
2940 72 0
2941 27 1
2942 158 0
2943 131 1
2944 187 1
2945 30 1
2946 150 1
2947 43 1
2948 61 1
2949 10 1
2950 75 1
2951 158 1
2952 180 1
2953 160 1
2954 180 1
2955 31 0
2956 28 0
2957 173 1
2958 97 1
2959 157 0
2960 107 1
2961 106 1
2962 111 1
2963 75 0
2964 22 1
2965 143 1
2966 96 1
2967 102 0
2968 171 1
2969 155 1
2970 5 1
2971 27 1
2972 49 0
2973 24 0
2974 27 1
2975 143 1
2976 80 0
2977 7 0
2978 112 1
2979 70 1
2980 161 0
2981 36 0
2982 37 1
2983 55 0
2984 14 1
2985 174 1
2986 10 0
2987 145 0
2988 114 0
2989 109 1
2990 154 0
2991 81 0
2992 122 0
2993 40 1
2994 164 1
2995 75 1
2996 35 1
2997 104 0
2998 53 1
2999 85 0
3000 173 1
3001 178 1
3002 80 1
3003 145 1
3004 106 1
3005 141 1
3006 127 1
3007 115 0
3008 22 1
3009 0 0
3010 167 1
3011 33 1
3012 88 0
3013 177 0
3014 100 0
3015 12 1
3016 43 1
3017 168 0
3018 36 0
3019 122 0
3020 90 1
3021 23 1
3022 7 0
3023 81 0
3024 97 1
3025 19 1
3026 156 1
3027 80 1
3028 183 1
3029 189 1
3030 133 1
3031 170 0
3032 11 1
3033 104 0
3034 77 1
3035 92 0
3036 12 1
3037 97 0
3038 149 0
3039 141 1
3040 69 0
3041 124 1
3042 17 1
3043 83 0
3044 174 0
3045 98 1
3046 93 1
3047 6 1
3048 31 0
3049 146 1
3050 146 1
3051 178 1
3052 157 1
3053 80 1
3054 73 0
3055 166 0
3056 93 0
3057 171 1
3058 16 1
3059 23 1
3060 48 0
3061 20 1
3062 101 1
3063 49 1
3064 38 1
3065 51 0
3066 47 1
3067 147 0
3068 26 1
3069 124 0
3070 160 0
3071 45 1
3072 10 1
3073 174 1
3074 84 1
3075 21 1
3076 30 1
3077 175 0
3078 159 0
3079 166 0
3080 132 1
3081 186 1
3082 61 1
3083 188 1
3084 82 1
3085 181 1
3086 125 0
3087 115 0
3088 57 0
3089 157 0
3090 100 0
3091 176 1
3092 122 0
3093 66 1
3094 1 1
3095 93 1
3096 64 0
3097 117 1
3098 134 1
3099 116 1
3100 141 0
3101 78 0
3102 138 1
3103 16 0
3104 97 0
3105 50 1
3106 64 0
3107 132 1
3108 2 1
3109 179 0
3110 142 1
3111 131 1
3112 73 1
3113 137 0
3114 76 0
3115 135 1
3116 164 0
3117 6 0
3118 119 1
3119 119 0
3120 98 0
3121 125 1
3122 9 1
3123 60 1
3124 167 1
3125 9 0
3126 34 0
3127 131 1
3128 101 0
3129 119 1
3130 135 1
3131 107 1
3132 180 1
3133 32 0
3134 129 1
3135 37 0
3136 124 0
3137 101 1
3138 34 0
3139 140 1
3140 113 1
3141 125 0
3142 94 1
3143 156 1
3144 138 0
3145 84 1
3146 52 1
3147 95 0
3148 16 0
3149 151 1
3150 83 0
3151 85 1
3152 56 0
3153 145 1
3154 60 1
3155 96 1
3156 147 1
3157 32 1
3158 92 0
3159 148 1
3160 176 1
3161 118 0
3162 44 0
3163 80 0
3164 52 1
3165 102 1
3166 125 1
3167 55 1
3168 87 1
3169 76 0
3170 106 0
3171 125 1
3172 106 1
3173 108 1
3174 156 1
3175 42 1
3176 10 0
3177 175 1
3178 183 1
3179 11 1
3180 3 0
3181 181 1
3182 111 0
3183 115 1
3184 149 1
3185 52 0
3186 174 1
3187 122 1
3188 144 1
3189 0 1
3190 100 0
3191 150 1
3192 105 1
3193 67 1
3194 103 0
3195 46 1
3196 1 0
3197 40 1
3198 78 0
3199 17 1
3200 156 1
3201 96 1
3202 148 0
3203 34 0
3204 62 1
3205 18 1
3206 71 1
3207 83 1
3208 15 1
3209 78 1
3210 38 0
3211 30 1
3212 157 1
3213 146 1
3214 127 1
3215 77 1
3216 135 1
3217 38 1
3218 104 1
3219 99 1
3220 9 1
3221 139 0
3222 89 1
3223 60 0
3224 84 1
3225 125 1
3226 165 0
3227 155 0
3228 127 1
3229 172 0
3230 80 1
3231 152 0
3232 134 1
3233 113 0
3234 164 0
3235 117 1
3236 133 1
3237 57 1
3238 92 0
3239 39 1
3240 66 1
3241 102 1
3242 124 0
3243 76 1
3244 173 1
3245 120 0
3246 19 1
3247 83 1
3248 174 1
3249 104 0
3250 121 1
3251 126 0
3252 189 1
3253 91 1
3254 13 1
3255 169 1
3256 6 1
3257 114 1
3258 50 1
3259 94 0
3260 150 1
3261 91 0
3262 8 1
3263 35 1
3264 181 1
3265 42 1
3266 72 0
3267 170 1
3268 64 1
3269 156 1
3270 103 1
3271 58 0
3272 20 1
3273 142 1
3274 75 1
3275 98 0
3276 162 0
3277 107 1
3278 76 1
3279 64 1
3280 183 1
3281 75 1
3282 177 1
3283 130 1
3284 121 0
3285 30 1
3286 35 0
3287 47 1
3288 163 1
3289 119 1
3290 46 1
3291 77 1
3292 22 0
3293 91 1
3294 130 0
3295 160 1
3296 164 1
3297 90 1
3298 95 1
3299 105 1
3300 120 0
3301 154 1
3302 126 0
3303 14 0
3304 10 0
3305 43 1
3306 156 1
3307 69 1
3308 109 1
3309 178 1
3310 125 0
3311 75 0
3312 188 1
3313 62 1
3314 0 1
3315 22 1
3316 107 1
3317 80 1
3318 89 1
3319 137 1
3320 131 0
3321 52 1
3322 106 1
3323 177 1
3324 91 0
3325 75 1
3326 118 0
3327 127 1
3328 29 0
3329 13 1
3330 62 0
3331 52 1
3332 16 1
3333 116 0
3334 130 0
3335 102 1
3336 48 1
3337 70 1
3338 86 1
3339 82 0
3340 32 1
3341 106 1
3342 20 0
3343 70 1
3344 128 1
3345 73 1
3346 114 0
3347 171 1
3348 160 0
3349 132 1
3350 154 0
3351 165 0
3352 9 0
3353 69 0
3354 102 1
3355 174 1
3356 21 0
3357 181 1
3358 128 1
3359 85 0
3360 140 1
3361 68 1
3362 185 1
3363 188 1
3364 140 0
3365 60 1
3366 77 1
3367 19 0
3368 173 1
3369 175 1
3370 142 1
3371 25 1
3372 55 1
3373 9 0
3374 170 1
3375 152 1
3376 62 1
3377 86 0
3378 73 0
3379 115 1
3380 118 0
3381 128 1
3382 16 0
3383 184 0
3384 138 1
3385 177 1
3386 41 1
3387 58 1
3388 23 1
3389 182 1
3390 63 0
3391 26 1
3392 77 0
3393 177 0
3394 1 1
3395 174 0
3396 82 1
3397 27 0
3398 63 1
3399 0 1
3400 184 1
3401 97 1
3402 184 0
3403 34 0
3404 27 0
3405 112 0
3406 73 1
3407 20 0
3408 55 1
3409 110 0
3410 11 0
3411 78 1
3412 10 1
3413 186 0
3414 120 1
3415 80 1
3416 168 1
3417 52 1
3418 38 1
3419 173 1
3420 15 1
3421 150 1
3422 38 1
3423 140 1
3424 79 1
3425 51 1
3426 149 1
3427 80 1
3428 136 1
3429 136 1
3430 67 1
3431 83 1
3432 7 0
3433 11 0
3434 26 0
3435 13 1
3436 182 0
3437 32 1
3438 137 0
3439 25 1
3440 38 1
3441 12 1
3442 108 1
3443 59 1
3444 72 1
3445 115 1
3446 25 0
3447 87 1
3448 137 1
3449 72 0
3450 185 1
3451 108 1
3452 52 1
3453 109 0
3454 117 1
3455 19 0
3456 112 1
3457 55 1
3458 26 1
3459 79 1
3460 114 0
3461 42 0
3462 104 1
3463 166 0
3464 31 1
3465 117 1
3466 127 1
3467 7 1
3468 170 1
3469 74 0
3470 54 1
3471 155 1
3472 26 1
3473 1 0
3474 36 1
3475 47 1
3476 176 1
3477 2 1
3478 114 1
3479 136 1
3480 20 0
3481 166 1
3482 93 0
3483 130 1
3484 94 1
3485 72 1
3486 9 1
3487 28 1
3488 51 1
3489 174 1
3490 104 1
3491 48 0
3492 115 1
3493 175 1
3494 22 0
3495 88 0
3496 80 0
3497 91 1
3498 42 1
3499 50 1
3500 39 1
3501 96 0
3502 154 1
3503 170 0
3504 49 0
3505 6 1
3506 88 1
3507 48 1
3508 99 0
3509 146 0
3510 148 1
3511 66 0
3512 10 0
3513 114 1
3514 183 1
3515 92 1
3516 91 0
3517 75 1
3518 18 0
3519 164 0
3520 111 1
3521 123 1
3522 126 0
3523 116 1
3524 106 0
3525 59 1
3526 18 1
3527 96 1
3528 184 1
3529 75 1
3530 179 1
3531 112 1
3532 61 1
3533 136 1
3534 144 1
3535 49 1
3536 182 1
3537 167 1
3538 147 1
3539 154 1
3540 159 1
3541 23 0
3542 50 1
3543 10 1
3544 42 0
3545 32 1
3546 57 1
3547 13 0
3548 43 1
3549 100 0
3550 64 1
3551 57 1
3552 125 0
3553 176 0
3554 122 1
3555 139 0
3556 158 1
3557 171 1
3558 91 0
3559 155 1
3560 168 0
3561 158 1
3562 44 0
3563 56 1
3564 126 1
3565 171 1
3566 17 0
3567 57 0
3568 165 1
3569 34 1
3570 178 1
3571 90 1
3572 145 1
3573 66 1
3574 62 1
3575 174 0
3576 122 0
3577 168 0
3578 118 1
3579 150 0
3580 92 0
3581 55 1
3582 72 1
3583 61 0
3584 150 0
3585 46 1
3586 72 1
3587 186 1
3588 110 1
3589 68 1
3590 186 1
3591 116 1
3592 188 0
3593 89 1
3594 123 1
3595 73 1
3596 83 0
3597 135 1
3598 143 1
3599 105 0
3600 4 1
3601 143 0
3602 1 1
3603 98 1
3604 5 1
3605 186 1
3606 120 1
3607 114 0
3608 103 0
3609 39 1
3610 57 0
3611 153 1
3612 143 0
3613 100 1
3614 7 1
3615 101 0
3616 70 1
3617 81 0
3618 95 1
3619 176 1
3620 155 0
3621 97 1
3622 181 1
3623 100 0
3624 29 1
3625 32 0
3626 154 1
3627 30 1
3628 94 0
3629 106 1
3630 49 0
3631 106 1
3632 66 0
3633 86 1
3634 79 1
3635 67 1
3636 49 1
3637 26 1
3638 87 1
3639 129 1
3640 168 0
3641 6 1
3642 158 0
3643 44 0
3644 70 1
3645 60 0
3646 65 0
3647 134 1
3648 66 1
3649 97 1
3650 96 1
3651 185 1
3652 132 0
3653 181 0
3654 50 0
3655 140 0
3656 184 1
3657 154 1
3658 86 0
3659 111 1
3660 56 1
3661 79 1
3662 49 1
3663 154 0
3664 145 1
3665 164 0
3666 128 1
3667 1 1
3668 82 1
3669 3 1
3670 107 1
3671 62 1
3672 2 0
3673 58 0
3674 30 1
3675 54 1
3676 52 1
3677 109 0
3678 58 1
3679 119 1
3680 37 1
3681 59 1
3682 56 1
3683 139 1
3684 47 1
3685 81 0
3686 187 0
3687 59 0
3688 165 1
3689 180 1
3690 188 0
3691 183 1
3692 172 1
3693 146 1
3694 77 1
3695 48 1
3696 163 1
3697 183 0
3698 64 1
3699 70 1
3700 176 1
3701 69 0
3702 100 1
3703 167 1
3704 148 1
3705 172 1
3706 7 0
3707 1 1
3708 169 1
3709 24 0
3710 26 0
3711 171 1
3712 174 1
3713 121 1
3714 106 0
3715 61 1
3716 49 1
3717 162 1
3718 161 1
3719 126 0
3720 101 1
3721 167 1
3722 175 1
3723 98 1
3724 119 1
3725 21 1
3726 97 1
3727 47 0
3728 69 1
3729 124 1
3730 66 1
3731 72 1
3732 120 1
3733 75 1
3734 177 1
3735 112 1
3736 114 1
3737 7 1
3738 62 1
3739 156 0
3740 32 1
3741 138 1
3742 81 1
3743 15 1
3744 158 1
3745 130 0
3746 130 0
3747 149 0
3748 50 0
3749 54 1
3750 132 0
3751 126 1
3752 158 0
3753 57 1
3754 141 0
3755 115 0
3756 10 1
3757 15 1
3758 52 1
3759 46 1
3760 164 1
3761 48 1
3762 90 1
3763 67 1
3764 36 1
3765 178 1
3766 189 1
3767 126 0
3768 150 1
3769 91 1
3770 17 0
3771 79 1
3772 73 1
3773 16 1
3774 119 1
3775 140 0
3776 141 1
3777 100 1
3778 98 0
3779 84 1
3780 0 0
3781 107 1
3782 180 1
3783 151 0
3784 130 1
3785 47 1
3786 62 0
3787 169 1
3788 25 1
3789 163 1
3790 150 1
3791 139 1
3792 13 1
3793 142 1
3794 20 1
3795 51 1
3796 102 1
3797 106 1
3798 104 1
3799 136 1
3800 22 1
3801 186 1
3802 21 1
3803 122 1
3804 63 0
3805 92 1
3806 110 0
3807 124 1
3808 177 0
3809 39 1
3810 107 0
3811 22 1
3812 59 1
3813 14 1
3814 98 1
3815 12 1
3816 45 1
3817 106 0
3818 75 1
3819 15 1
3820 127 1
3821 63 0
3822 46 1
3823 165 1
3824 68 0
3825 133 0
3826 105 1
3827 188 1
3828 186 1
3829 33 0
3830 65 1
3831 116 0
3832 145 1
3833 80 1
3834 65 0
3835 71 1
3836 7 0
3837 44 1
3838 132 1
3839 179 0
3840 126 1
3841 179 1
3842 180 1
3843 9 1
3844 93 1
3845 173 0
3846 180 1
3847 79 1
3848 127 1
3849 166 1
3850 157 0
3851 97 0
3852 85 1
3853 22 0
3854 63 0
3855 32 1
3856 35 1
3857 34 0
3858 101 1
3859 7 0
3860 178 0
3861 163 1
3862 84 1
3863 15 1
3864 16 0
3865 116 1
3866 34 1
3867 141 0
3868 159 1
3869 48 1
3870 168 0
3871 124 1
3872 4 1
3873 34 0
3874 104 1
3875 110 1
3876 25 1
3877 64 1
3878 129 1
3879 131 1
3880 66 1
3881 30 0
3882 173 0
3883 121 1
3884 139 1
3885 77 1
3886 152 1
3887 126 1
3888 165 0
3889 163 0
3890 5 1
3891 68 1
3892 160 1
3893 42 0
3894 16 1
3895 147 1
3896 35 1
3897 176 1
3898 62 1
3899 155 0
3900 81 1
3901 123 1
3902 48 1
3903 3 0
3904 121 1
3905 189 1
3906 54 0
3907 53 1
3908 3 0
3909 26 1
3910 73 0
3911 96 1
3912 64 0
3913 121 1
3914 184 0
3915 33 1
3916 123 1
3917 112 1
3918 118 1
3919 91 0
3920 86 1
3921 170 1
3922 59 1
3923 66 0
3924 31 1
3925 174 1
3926 169 0
3927 17 1
3928 66 1
3929 65 0
3930 29 0
3931 38 1
3932 65 1
3933 36 0
3934 70 1
3935 136 1
3936 119 0
3937 100 0
3938 144 1
3939 44 1
3940 63 1
3941 83 1
3942 104 0
3943 79 1
3944 142 1
3945 132 1
3946 53 1
3947 36 1
3948 125 1
3949 14 1
3950 3 1
3951 155 0
3952 71 1
3953 104 1
3954 133 1
3955 4 1
3956 171 0
3957 141 1
3958 90 1
3959 59 0
3960 77 1
