8877
1 91 1
2 520 1
3 550 1
4 132 1
5 196 0
6 637 0
7 274 0
8 121 0
9 231 1
10 391 0
11 638 1
12 534 0
13 65 1
14 328 1
15 340 0
16 87 1
17 93 1
18 357 1
19 196 1
20 7 1
21 498 1
22 449 1
23 67 0
24 104 1
25 615 1
26 61 1
27 620 1
28 198 1
29 245 0
30 196 1
31 225 1
32 372 1
33 230 1
34 309 0
35 557 1
36 150 1
37 300 1
38 522 1
39 509 1
40 5 1
41 453 1
42 428 0
43 9 1
44 461 1
45 499 1
46 195 0
47 288 0
48 382 1
49 636 1
50 284 0
51 340 1
52 298 1
53 381 1
54 347 0
55 132 1
56 56 1
57 410 1
58 361 1
59 449 1
60 29 0
61 174 1
62 367 1
63 131 1
64 320 0
65 127 0
66 1 1
67 378 1
68 455 1
69 458 0
70 344 0
71 501 1
72 524 1
73 224 1
74 33 1
75 410 0
76 324 0
77 263 1
78 385 0
79 126 1
80 500 0
81 13 1
82 68 1
83 140 1
84 490 1
85 19 1
86 529 0
87 581 1
88 126 1
89 640 0
90 181 0
91 206 1
92 328 1
93 527 1
94 211 0
95 130 0
96 262 0
97 553 0
98 518 1
99 201 0
100 639 1
101 544 1
102 88 1
103 278 1
104 625 0
105 358 1
106 18 0
107 642 1
108 381 1
109 408 1
110 533 1
111 644 1
112 20 0
113 465 1
114 584 1
115 241 0
116 227 1
117 449 0
118 597 1
119 514 0
120 341 1
121 78 1
122 138 1
123 53 0
124 592 1
125 460 1
126 346 1
127 615 1
128 350 1
129 236 1
130 441 1
131 215 1
132 601 0
133 323 0
134 87 1
135 479 0
136 411 1
137 134 1
138 625 1
139 416 0
140 641 1
141 400 1
142 29 1
143 48 1
144 161 1
145 16 1
146 108 1
147 618 1
148 235 0
149 611 1
150 480 1
151 89 1
152 357 1
153 142 1
154 396 1
155 258 1
156 137 1
157 82 0
158 384 0
159 530 0
160 407 1
161 486 1
162 117 1
163 565 1
164 94 1
165 14 1
166 331 1
167 167 0
168 303 0
169 365 1
170 208 0
171 439 1
172 629 1
173 496 1
174 644 1
175 252 1
176 275 1
177 270 0
178 529 1
179 92 0
180 68 1
181 545 0
182 185 1
183 426 0
184 361 1
185 535 0
186 109 1
187 254 1
188 206 0
189 445 0
190 487 0
191 604 0
192 130 0
193 502 1
194 403 0
195 629 1
196 39 1
197 217 1
198 581 1
199 61 1
200 138 1
201 214 1
202 273 1
203 333 1
204 573 1
205 23 0
206 178 1
207 518 1
208 204 1
209 306 1
210 309 1
211 426 1
212 167 1
213 565 1
214 643 0
215 392 1
216 562 0
217 375 1
218 421 0
219 8 0
220 189 1
221 105 0
222 6 1
223 14 1
224 337 0
225 158 1
226 602 0
227 342 1
228 583 0
229 227 1
230 228 1
231 56 1
232 573 0
233 311 1
234 479 1
235 47 1
236 342 0
237 374 0
238 114 1
239 544 1
240 55 1
241 445 0
242 641 0
243 129 0
244 388 1
245 500 1
246 324 1
247 100 1
248 320 1
249 594 1
250 77 0
251 162 1
252 132 1
253 116 1
254 264 1
255 45 0
256 72 1
257 324 1
258 616 0
259 632 1
260 158 1
261 323 1
262 376 1
263 81 1
264 174 0
265 197 0
266 19 1
267 10 1
268 235 0
269 390 0
270 133 1
271 157 1
272 256 0
273 250 1
274 275 1
275 579 1
276 64 1
277 254 1
278 11 1
279 483 1
280 358 0
281 421 0
282 379 1
283 522 1
284 550 1
285 452 1
286 34 0
287 228 1
288 423 1
289 518 1
290 62 0
291 478 1
292 48 0
293 559 0
294 414 0
295 229 1
296 418 0
297 498 0
298 428 0
299 106 1
300 618 1
301 364 1
302 499 0
303 298 1
304 409 1
305 322 0
306 607 1
307 590 0
308 226 0
309 45 1
310 242 1
311 116 1
312 271 0
313 151 1
314 320 0
315 380 1
316 155 1
317 301 0
318 22 0
319 279 1
320 109 1
321 250 1
322 96 0
323 57 0
324 39 1
325 310 0
326 369 1
327 288 1
328 379 1
329 34 1
330 36 0
331 340 1
332 490 0
333 185 1
334 579 1
335 291 1
336 404 0
337 90 1
338 84 1
339 178 0
340 233 0
341 397 1
342 262 1
343 590 0
344 464 1
345 43 1
346 378 1
347 39 1
348 363 1
349 92 1
350 35 1
351 324 1
352 272 1
353 287 1
354 545 1
355 471 1
356 293 0
357 83 1
358 256 1
359 543 0
360 636 0
361 560 1
362 308 1
363 594 1
364 171 0
365 315 0
366 408 0
367 631 1
368 400 0
369 383 1
370 86 1
371 434 0
372 425 1
373 281 1
374 537 0
375 96 0
376 105 1
377 245 0
378 603 1
379 432 0
380 211 0
381 321 0
382 89 1
383 2 1
384 580 1
385 137 1
386 580 0
387 392 1
388 435 1
389 389 0
390 192 1
391 194 1
392 480 1
393 49 1
394 618 1
395 561 1
396 568 0
397 152 1
398 528 0
399 493 0
400 524 1
401 477 1
402 540 1
403 167 1
404 237 1
405 641 1
406 388 1
407 73 0
408 623 1
409 9 0
410 596 1
411 120 1
412 138 1
413 523 1
414 411 0
415 485 1
416 341 1
417 89 1
418 525 1
419 559 1
420 159 0
421 538 1
422 93 1
423 109 1
424 89 0
425 7 0
426 28 0
427 551 0
428 392 0
429 180 1
430 139 0
431 424 0
432 321 1
433 72 1
434 116 0
435 303 1
436 533 1
437 161 0
438 155 1
439 45 1
440 382 1
441 276 0
442 172 1
443 561 0
444 595 1
445 53 0
446 109 0
447 562 1
448 346 1
449 617 1
450 612 1
451 77 1
452 456 1
453 475 1
454 501 1
455 211 1
456 565 1
457 633 1
458 1 0
459 640 1
460 630 1
461 34 0
462 525 0
463 510 1
464 578 1
465 28 1
466 96 1
467 385 0
468 335 1
469 520 1
470 83 0
471 422 0
472 550 0
473 87 1
474 291 1
475 496 0
476 114 1
477 363 1
478 473 1
479 205 1
480 57 1
481 291 1
482 322 0
483 62 0
484 239 0
485 196 1
486 7 1
487 325 1
488 368 1
489 465 1
490 470 0
491 283 1
492 193 1
493 578 1
494 222 0
495 412 0
496 355 1
497 425 0
498 73 0
499 37 1
500 416 1
501 634 1
502 199 1
503 329 1
504 57 1
505 566 0
506 457 1
507 466 0
508 190 1
509 2 1
510 522 1
511 38 1
512 456 1
513 249 1
514 298 1
515 197 1
516 512 0
517 478 0
518 485 0
519 626 0
520 311 1
521 417 1
522 91 0
523 112 1
524 623 1
525 32 0
526 521 1
527 72 0
528 519 1
529 209 1
530 600 0
531 226 1
532 578 1
533 526 0
534 221 1
535 300 1
536 394 1
537 639 0
538 296 1
539 114 0
540 205 1
541 121 0
542 210 0
543 389 0
544 508 0
545 240 1
546 345 1
547 278 1
548 518 1
549 35 0
550 13 0
551 611 1
552 393 1
553 241 1
554 43 0
555 310 1
556 486 1
557 305 1
558 625 0
559 119 0
560 4 1
561 299 1
562 174 1
563 619 1
564 83 0
565 126 0
566 329 0
567 488 0
568 46 0
569 105 0
570 416 0
571 322 1
572 194 1
573 293 1
574 32 0
575 2 1
576 111 0
577 377 1
578 217 1
579 317 1
580 345 1
581 372 1
582 528 0
583 83 1
584 284 1
585 3 0
586 588 0
587 305 1
588 299 0
589 295 1
590 349 1
591 360 1
592 582 1
593 85 0
594 428 0
595 430 1
596 193 0
597 142 0
598 366 0
599 635 1
600 405 0
601 61 1
602 310 1
603 477 1
604 311 1
605 288 0
606 409 0
607 468 0
608 81 1
609 477 1
610 295 1
611 630 1
612 413 1
613 549 0
614 344 0
615 131 1
616 524 0
617 445 0
618 550 0
619 145 1
620 381 1
621 224 1
622 422 0
623 477 0
624 593 1
625 367 1
626 564 1
627 79 1
628 463 1
629 458 1
630 514 0
631 259 1
632 129 1
633 574 0
634 320 0
635 243 0
636 485 0
637 187 1
638 507 1
639 120 0
640 320 1
641 46 1
642 179 1
643 556 0
644 101 1
645 160 1
646 299 1
647 348 1
648 462 1
649 455 1
650 337 0
651 186 0
652 521 0
653 431 1
654 384 1
655 186 1
656 377 0
657 284 1
658 350 1
659 546 0
660 549 1
661 407 0
662 464 0
663 632 0
664 372 1
665 410 1
666 488 0
667 225 1
668 317 1
669 95 0
670 554 0
671 101 1
672 506 1
673 190 1
674 572 0
675 639 0
676 136 1
677 27 1
678 496 1
679 228 0
680 441 1
681 280 1
682 583 1
683 641 1
684 509 1
685 288 0
686 365 1
687 52 1
688 121 1
689 422 1
690 326 0
691 518 1
692 165 1
693 410 1
694 552 0
695 239 1
696 625 1
697 632 1
698 372 1
699 149 1
700 68 1
701 1 1
702 182 1
703 644 0
704 289 1
705 345 1
706 184 1
707 417 1
708 110 1
709 357 0
710 161 0
711 365 1
712 455 0
713 43 1
714 321 0
715 410 0
716 630 1
717 161 1
718 450 0
719 464 0
720 565 0
721 48 0
722 374 0
723 446 1
724 633 1
725 494 0
726 95 0
727 274 0
728 551 1
729 80 1
730 501 1
731 592 1
732 241 1
733 639 0
734 253 0
735 132 1
736 614 0
737 271 0
738 623 1
739 174 0
740 223 1
741 99 0
742 230 1
743 216 1
744 37 0
745 348 1
746 125 1
747 364 1
748 396 1
749 405 1
750 163 1
751 171 1
752 58 0
753 467 1
754 506 0
755 639 1
756 20 0
757 387 0
758 458 1
759 371 1
760 238 1
761 364 0
762 361 1
763 78 0
764 434 0
765 102 1
766 368 1
767 85 1
768 54 1
769 462 1
770 542 1
771 629 1
772 533 1
773 144 1
774 314 1
775 180 1
776 581 1
777 256 1
778 621 1
779 394 1
780 164 1
781 355 1
782 108 1
783 306 1
784 333 0
785 70 0
786 556 1
787 123 0
788 418 1
789 146 1
790 137 0
791 625 1
792 211 0
793 355 1
794 554 0
795 581 0
796 593 0
797 598 1
798 72 0
799 219 1
800 360 1
801 619 1
802 335 1
803 71 0
804 357 0
805 181 0
806 521 1
807 552 0
808 381 0
809 266 1
810 358 1
811 355 0
812 478 1
813 363 1
814 553 1
815 302 1
816 226 1
817 531 1
818 350 1
819 17 1
820 152 0
821 540 0
822 343 0
823 115 1
824 48 0
825 369 1
826 559 1
827 68 0
828 381 1
829 298 1
830 360 1
831 541 1
832 208 1
833 487 1
834 369 1
835 604 1
836 42 1
837 541 1
838 286 1
839 457 0
840 376 1
841 89 0
842 245 1
843 31 0
844 573 1
845 254 1
846 269 1
847 222 0
848 562 1
849 375 0
850 560 1
851 147 1
852 174 1
853 335 0
854 47 1
855 134 0
856 312 1
857 53 1
858 365 1
859 531 0
860 406 1
861 565 0
862 275 0
863 484 0
864 198 0
865 471 1
866 542 0
867 47 1
868 8 0
869 515 1
870 513 0
871 463 0
872 220 0
873 86 1
874 593 1
875 217 1
876 105 1
877 368 0
878 272 1
879 565 0
880 415 1
881 561 1
882 348 1
883 367 1
884 338 1
885 396 1
886 234 0
887 379 0
888 70 1
889 379 1
890 422 0
891 356 1
892 74 1
893 247 0
894 271 1
895 156 0
896 543 0
897 337 0
898 20 1
899 580 0
900 281 1
901 548 1
902 530 1
903 317 1
904 87 1
905 602 0
906 633 1
907 384 1
908 368 0
909 400 1
910 146 1
911 28 1
912 605 0
913 276 1
914 409 1
915 330 0
916 526 0
917 553 1
918 501 1
919 350 1
920 261 1
921 453 1
922 596 1
923 303 0
924 170 1
925 315 0
926 592 1
927 346 1
928 48 1
929 525 1
930 172 1
931 487 0
932 436 0
933 457 1
934 597 1
935 228 0
936 454 0
937 455 0
938 212 1
939 72 0
940 148 1
941 38 1
942 70 0
943 640 1
944 345 0
945 560 1
946 77 1
947 563 1
948 129 1
949 145 1
950 513 0
951 295 1
952 393 1
953 67 0
954 202 1
955 335 0
956 519 1
957 438 1
958 97 1
959 54 1
960 292 1
961 307 1
962 357 1
963 223 1
964 576 1
965 560 1
966 81 1
967 106 0
968 299 1
969 427 0
970 312 1
971 183 0
972 482 0
973 130 1
974 394 1
975 369 0
976 147 0
977 404 0
978 240 1
979 329 1
980 334 0
981 599 1
982 446 1
983 237 0
984 233 0
985 578 0
986 136 1
987 79 0
988 85 1
989 537 0
990 387 1
991 514 1
992 284 1
993 377 1
994 255 1
995 26 0
996 298 1
997 352 1
998 41 0
999 176 1
1000 608 1
1001 167 0
1002 209 0
1003 56 1
1004 449 1
1005 122 1
1006 201 0
1007 72 1
1008 256 1
1009 340 1
1010 502 1
1011 439 1
1012 347 0
1013 239 0
1014 82 1
1015 9 1
1016 516 0
1017 128 0
1018 416 0
1019 367 0
1020 117 1
1021 411 1
1022 464 1
1023 143 1
1024 271 0
1025 570 1
1026 197 0
1027 268 1
1028 511 1
1029 271 1
1030 269 1
1031 631 1
1032 442 0
1033 212 0
1034 292 0
1035 433 1
1036 400 1
1037 75 0
1038 21 1
1039 287 1
1040 42 1
1041 404 0
1042 578 1
1043 123 0
1044 518 1
1045 385 1
1046 14 0
1047 266 1
1048 479 1
1049 24 1
1050 390 0
1051 519 1
1052 640 0
1053 365 1
1054 161 0
1055 292 0
1056 213 0
1057 434 0
1058 63 0
1059 574 1
1060 291 1
1061 55 1
1062 26 1
1063 109 1
1064 140 1
1065 615 0
1066 567 1
1067 22 1
1068 431 1
1069 571 1
1070 380 1
1071 142 1
1072 262 1
1073 86 1
1074 473 1
1075 239 0
1076 322 0
1077 417 1
1078 616 1
1079 192 1
1080 635 0
1081 625 0
1082 636 1
1083 467 0
1084 383 1
1085 362 1
1086 603 0
1087 66 1
1088 420 1
1089 531 0
1090 151 1
1091 360 0
1092 419 1
1093 161 0
1094 642 1
1095 486 1
1096 508 1
1097 537 1
1098 462 1
1099 269 1
1100 99 0
1101 318 1
1102 474 0
1103 271 1
1104 520 1
1105 491 0
1106 274 0
1107 492 0
1108 331 0
1109 423 0
1110 355 1
1111 300 1
1112 63 1
1113 65 0
1114 536 1
1115 72 1
1116 304 1
1117 33 1
1118 113 0
1119 375 1
1120 445 1
1121 6 1
1122 420 0
1123 106 1
1124 500 0
1125 418 1
1126 126 0
1127 420 0
1128 251 0
1129 69 1
1130 150 0
1131 109 0
1132 523 1
1133 580 0
1134 438 1
1135 616 1
1136 516 1
1137 296 1
1138 460 1
1139 381 1
1140 280 1
1141 509 0
1142 220 1
1143 595 1
1144 109 1
1145 590 0
1146 144 1
1147 61 0
1148 189 0
1149 5 1
1150 291 1
1151 205 1
1152 590 0
1153 437 1
1154 251 1
1155 60 0
1156 319 1
1157 276 1
1158 202 1
1159 350 1
1160 229 1
1161 563 1
1162 334 1
1163 387 1
1164 605 1
1165 489 1
1166 360 1
1167 397 0
1168 535 1
1169 51 0
1170 354 0
1171 12 0
1172 28 0
1173 553 1
1174 499 1
1175 526 1
1176 538 0
1177 441 1
1178 408 1
1179 97 0
1180 568 1
1181 604 1
1182 620 1
1183 581 1
1184 522 1
1185 627 1
1186 91 1
1187 245 1
1188 267 0
1189 342 0
1190 403 0
1191 188 1
1192 6 1
1193 515 1
1194 160 1
1195 123 1
1196 538 0
1197 358 0
1198 415 1
1199 354 1
1200 274 1
1201 517 1
1202 323 1
1203 485 0
1204 270 1
1205 58 0
1206 389 0
1207 317 1
1208 231 1
1209 149 0
1210 139 1
1211 458 1
1212 339 0
1213 529 0
1214 458 0
1215 394 1
1216 566 0
1217 453 1
1218 375 1
1219 181 1
1220 451 1
1221 13 1
1222 486 0
1223 575 1
1224 493 0
1225 439 0
1226 344 1
1227 3 1
1228 415 0
1229 131 1
1230 109 1
1231 309 1
1232 131 0
1233 267 0
1234 387 1
1235 491 1
1236 35 0
1237 381 1
1238 165 1
1239 569 1
1240 382 0
1241 638 1
1242 607 0
1243 103 1
1244 513 1
1245 599 1
1246 100 1
1247 1 1
1248 364 1
1249 93 1
1250 56 0
1251 292 1
1252 420 0
1253 589 0
1254 323 1
1255 592 1
1256 216 0
1257 126 1
1258 574 0
1259 541 1
1260 456 1
1261 413 1
1262 97 1
1263 143 1
1264 21 1
1265 552 1
1266 152 0
1267 154 0
1268 211 1
1269 506 0
1270 596 1
1271 586 1
1272 385 0
1273 339 0
1274 289 1
1275 97 1
1276 77 0
1277 641 1
1278 271 0
1279 619 0
1280 359 1
1281 354 1
1282 72 1
1283 432 1
1284 591 1
1285 164 1
1286 93 1
1287 57 0
1288 165 1
1289 140 1
1290 615 1
1291 547 1
1292 94 0
1293 205 1
1294 21 1
1295 642 0
1296 61 1
1297 231 1
1298 199 0
1299 409 0
1300 303 0
1301 34 1
1302 27 1
1303 222 0
1304 472 0
1305 639 1
1306 584 1
1307 474 1
1308 423 0
1309 375 0
1310 215 1
1311 171 1
1312 62 1
1313 402 1
1314 413 1
1315 398 0
1316 88 0
1317 452 1
1318 517 0
1319 299 0
1320 368 1
1321 126 1
1322 173 1
1323 316 1
1324 636 1
1325 387 0
1326 402 0
1327 466 1
1328 309 1
1329 73 1
1330 383 0
1331 133 1
1332 252 1
1333 570 1
1334 599 0
1335 452 1
1336 502 1
1337 621 1
1338 527 0
1339 619 1
1340 331 1
1341 71 1
1342 267 0
1343 546 1
1344 108 1
1345 638 1
1346 446 1
1347 293 0
1348 59 0
1349 169 1
1350 427 0
1351 336 1
1352 540 1
1353 314 1
1354 590 1
1355 287 1
1356 634 1
1357 365 1
1358 242 1
1359 172 1
1360 233 1
1361 173 0
1362 291 0
1363 72 1
1364 24 1
1365 357 1
1366 202 1
1367 90 0
1368 345 0
1369 511 1
1370 32 1
1371 567 0
1372 503 0
1373 262 1
1374 538 0
1375 436 1
1376 599 0
1377 144 1
1378 415 1
1379 580 1
1380 442 1
1381 246 1
1382 333 1
1383 89 1
1384 81 0
1385 324 1
1386 101 0
1387 127 1
1388 509 1
1389 52 1
1390 178 1
1391 512 1
1392 445 0
1393 353 0
1394 212 0
1395 2 1
1396 581 0
1397 1 1
1398 578 1
1399 295 0
1400 29 0
1401 119 1
1402 196 0
1403 90 1
1404 627 0
1405 447 0
1406 623 0
1407 276 1
1408 310 1
1409 622 1
1410 266 1
1411 532 1
1412 213 0
1413 456 1
1414 607 0
1415 144 0
1416 56 1
1417 114 1
1418 502 1
1419 296 0
1420 339 1
1421 629 0
1422 405 1
1423 87 1
1424 229 0
1425 585 0
1426 36 1
1427 45 1
1428 345 1
1429 387 1
1430 583 1
1431 284 1
1432 142 1
1433 230 1
1434 603 1
1435 475 1
1436 617 1
1437 614 1
1438 67 1
1439 431 0
1440 112 1
1441 139 1
1442 184 0
1443 390 0
1444 24 1
1445 176 0
1446 3 1
1447 593 1
1448 214 0
1449 144 0
1450 51 0
1451 453 1
1452 426 0
1453 392 1
1454 462 1
1455 137 0
1456 543 1
1457 62 1
1458 452 0
1459 595 1
1460 570 1
1461 422 0
1462 587 1
1463 74 1
1464 532 0
1465 312 0
1466 177 1
1467 607 0
1468 534 1
1469 436 1
1470 517 1
1471 273 1
1472 196 1
1473 481 1
1474 127 1
1475 455 1
1476 551 0
1477 618 1
1478 586 1
1479 634 0
1480 249 1
1481 404 1
1482 422 1
1483 370 1
1484 59 1
1485 10 0
1486 74 1
1487 323 1
1488 610 1
1489 258 0
1490 576 0
1491 137 0
1492 285 1
1493 322 0
1494 141 1
1495 47 1
1496 613 1
1497 157 1
1498 164 1
1499 40 1
1500 27 1
1501 131 0
1502 317 0
1503 364 1
1504 607 1
1505 368 1
1506 37 1
1507 367 1
1508 600 1
1509 541 0
1510 348 0
1511 479 1
1512 378 1
1513 45 1
1514 494 1
1515 104 0
1516 120 1
1517 615 1
1518 46 1
1519 67 1
1520 303 0
1521 538 1
1522 280 1
1523 2 1
1524 296 1
1525 331 1
1526 470 1
1527 299 0
1528 133 0
1529 92 1
1530 406 1
1531 505 0
1532 425 1
1533 310 1
1534 157 1
1535 463 1
1536 160 1
1537 140 1
1538 608 1
1539 22 0
1540 25 1
1541 243 1
1542 504 1
1543 38 1
1544 218 1
1545 620 0
1546 320 1
1547 505 1
1548 295 0
1549 555 0
1550 540 1
1551 251 1
1552 84 0
1553 488 1
1554 519 0
1555 282 1
1556 204 1
1557 379 1
1558 407 0
1559 47 1
1560 541 1
1561 604 0
1562 479 1
1563 308 1
1564 626 0
1565 565 1
1566 583 1
1567 570 0
1568 548 0
1569 53 1
1570 263 1
1571 305 1
1572 208 1
1573 522 0
1574 450 1
1575 579 1
1576 577 1
1577 554 1
1578 349 1
1579 533 0
1580 427 1
1581 191 1
1582 617 1
1583 379 0
1584 506 1
1585 289 1
1586 106 0
1587 584 1
1588 627 1
1589 268 1
1590 370 1
1591 125 0
1592 87 1
1593 61 0
1594 243 1
1595 98 1
1596 386 0
1597 374 1
1598 382 1
1599 226 0
1600 516 1
1601 359 1
1602 450 1
1603 284 1
1604 99 1
1605 211 1
1606 94 1
1607 119 1
1608 362 0
1609 602 0
1610 121 1
1611 606 0
1612 336 1
1613 213 1
1614 427 0
1615 308 1
1616 287 1
1617 267 0
1618 297 0
1619 508 1
1620 443 1
1621 213 0
1622 402 1
1623 65 1
1624 504 0
1625 55 0
1626 69 1
1627 471 0
1628 343 1
1629 463 0
1630 464 0
1631 415 0
1632 134 0
1633 182 0
1634 581 1
1635 175 0
1636 111 1
1637 271 1
1638 75 1
1639 608 1
1640 351 1
1641 551 0
1642 34 1
1643 173 1
1644 401 1
1645 486 1
1646 111 0
1647 310 1
1648 285 1
1649 23 1
1650 529 1
1651 592 0
1652 586 1
1653 492 1
1654 547 0
1655 579 1
1656 465 1
1657 20 1
1658 210 1
1659 215 0
1660 178 1
1661 171 0
1662 304 1
1663 526 1
1664 321 1
1665 150 1
1666 95 0
1667 185 0
1668 316 0
1669 37 0
1670 480 0
1671 463 1
1672 449 1
1673 139 1
1674 25 0
1675 609 1
1676 395 0
1677 484 0
1678 609 0
1679 628 1
1680 261 1
1681 474 0
1682 232 1
1683 385 0
1684 39 1
1685 106 1
1686 393 1
1687 158 1
1688 392 0
1689 195 1
1690 636 1
1691 612 0
1692 287 1
1693 432 1
1694 163 1
1695 528 1
1696 542 1
1697 136 1
1698 364 0
1699 16 1
1700 290 1
1701 261 0
1702 31 0
1703 220 1
1704 56 1
1705 180 1
1706 560 0
1707 433 0
1708 583 0
1709 446 0
1710 621 0
1711 526 1
1712 34 1
1713 639 0
1714 523 1
1715 141 0
1716 117 0
1717 200 1
1718 170 0
1719 547 1
1720 175 1
1721 258 0
1722 214 0
1723 285 0
1724 251 0
1725 253 0
1726 399 1
1727 92 0
1728 137 1
1729 172 0
1730 81 0
1731 176 1
1732 63 0
1733 322 1
1734 128 1
1735 444 1
1736 299 1
1737 386 0
1738 87 1
1739 20 0
1740 88 1
1741 566 1
1742 392 1
1743 260 0
1744 84 1
1745 537 1
1746 85 0
1747 355 0
1748 421 0
1749 366 0
1750 249 1
1751 199 0
1752 214 1
1753 408 1
1754 587 1
1755 632 1
1756 48 0
1757 502 1
1758 552 1
1759 317 0
1760 534 1
1761 149 0
1762 254 1
1763 114 1
1764 529 0
1765 571 1
1766 637 0
1767 28 0
1768 42 0
1769 492 1
1770 211 1
1771 644 1
1772 372 1
1773 39 1
1774 610 1
1775 263 1
1776 550 1
1777 457 1
1778 263 0
1779 181 1
1780 391 0
1781 264 0
1782 217 1
1783 574 1
1784 67 1
1785 227 1
1786 232 1
1787 522 1
1788 82 1
1789 231 1
1790 265 0
1791 531 1
1792 245 0
1793 330 1
1794 263 1
1795 640 1
1796 611 0
1797 385 1
1798 536 0
1799 426 1
1800 67 1
1801 221 0
1802 227 1
1803 251 0
1804 643 1
1805 350 1
1806 315 1
1807 427 1
1808 572 1
1809 407 0
1810 616 0
1811 200 1
1812 1 1
1813 105 1
1814 239 1
1815 479 1
1816 525 1
1817 598 0
1818 145 0
1819 409 0
1820 33 0
1821 400 0
1822 343 1
1823 247 0
1824 286 1
1825 461 0
1826 396 1
1827 180 0
1828 577 1
1829 281 1
1830 156 0
1831 463 0
1832 163 0
1833 136 1
1834 613 1
1835 437 1
1836 7 1
1837 326 0
1838 366 1
1839 620 1
1840 567 0
1841 257 1
1842 428 1
1843 63 1
1844 70 1
1845 517 1
1846 453 1
1847 247 1
1848 90 1
1849 264 1
1850 283 0
1851 36 0
1852 240 1
1853 632 1
1854 282 1
1855 606 1
1856 383 0
1857 524 1
1858 3 0
1859 512 1
1860 271 0
1861 275 1
1862 58 0
1863 35 1
1864 260 0
1865 191 1
1866 348 1
1867 173 1
1868 589 1
1869 534 0
1870 108 1
1871 431 1
1872 60 1
1873 634 1
1874 237 0
1875 120 1
1876 232 1
1877 572 1
1878 265 1
1879 431 1
1880 253 1
1881 401 1
1882 204 1
1883 529 1
1884 74 0
1885 366 1
1886 260 0
1887 13 0
1888 447 1
1889 368 0
1890 496 0
1891 540 1
1892 223 0
1893 358 1
1894 421 1
1895 354 0
1896 105 0
1897 607 0
1898 31 1
1899 441 1
1900 248 0
1901 280 0
1902 307 1
1903 175 1
1904 296 0
1905 141 1
1906 371 0
1907 222 0
1908 487 1
1909 438 1
1910 63 1
1911 277 0
1912 249 0
1913 469 1
1914 69 1
1915 379 1
1916 420 1
1917 172 0
1918 300 0
1919 184 1
1920 230 1
1921 90 1
1922 354 1
1923 550 1
1924 232 0
1925 452 1
1926 475 1
1927 456 0
1928 307 0
1929 353 1
1930 538 1
1931 40 0
1932 101 1
1933 387 0
1934 536 1
1935 344 1
1936 253 0
1937 69 1
1938 86 1
1939 151 1
1940 302 1
1941 597 1
1942 27 0
1943 205 1
1944 36 1
1945 58 1
1946 637 1
1947 234 0
1948 287 0
1949 479 1
1950 540 0
1951 291 0
1952 597 0
1953 87 1
1954 319 0
1955 340 1
1956 181 1
1957 93 1
1958 40 0
1959 536 1
1960 195 0
1961 634 1
1962 32 0
1963 265 1
1964 183 1
1965 482 0
1966 269 0
1967 203 0
1968 473 0
1969 243 1
1970 521 0
1971 116 1
1972 207 0
1973 258 0
1974 492 1
1975 315 0
1976 91 0
1977 214 1
1978 519 0
1979 427 1
1980 570 0
1981 120 1
1982 386 0
1983 400 1
1984 606 0
1985 362 1
1986 558 1
1987 532 1
1988 26 0
1989 367 0
1990 287 1
1991 545 0
1992 333 1
1993 493 0
1994 577 0
1995 248 1
1996 533 1
1997 27 1
1998 32 1
1999 488 1
2000 410 1
2001 452 0
2002 22 1
2003 435 1
2004 468 0
2005 551 0
2006 178 0
2007 480 1
2008 549 1
2009 57 1
2010 597 1
2011 322 1
2012 13 1
2013 106 1
2014 116 0
2015 15 1
2016 139 1
2017 188 1
2018 145 0
2019 194 1
2020 119 1
2021 79 0
2022 536 1
2023 155 1
2024 235 1
2025 261 0
2026 510 0
2027 11 1
2028 265 1
2029 545 0
2030 51 1
2031 247 1
2032 366 0
2033 335 1
2034 398 1
2035 479 1
2036 615 1
2037 170 1
2038 457 1
2039 286 1
2040 530 0
2041 219 1
2042 463 1
2043 257 1
2044 332 0
2045 464 0
2046 56 1
2047 565 0
2048 486 1
2049 288 1
2050 116 1
2051 103 0
2052 20 0
2053 577 1
2054 591 1
2055 509 0
2056 97 1
2057 210 0
2058 297 1
2059 643 1
2060 617 1
2061 367 1
2062 513 0
2063 451 1
2064 519 1
2065 577 0
2066 209 1
2067 61 0
2068 293 1
2069 46 1
2070 195 1
2071 54 1
2072 622 1
2073 200 1
2074 87 1
2075 259 0
2076 9 0
2077 79 1
2078 245 1
2079 216 1
2080 617 0
2081 102 0
2082 176 0
2083 395 0
2084 148 1
2085 56 1
2086 336 1
2087 620 0
2088 375 1
2089 581 0
2090 367 1
2091 505 0
2092 161 1
2093 245 1
2094 462 1
2095 510 1
2096 602 1
2097 600 1
2098 122 0
2099 595 1
2100 123 1
2101 590 1
2102 110 1
2103 121 1
2104 88 1
2105 279 0
2106 236 1
2107 186 0
2108 71 1
2109 144 1
2110 232 1
2111 307 0
2112 614 0
2113 307 1
2114 589 0
2115 338 1
2116 248 0
2117 511 1
2118 195 1
2119 175 1
2120 28 1
2121 94 1
2122 593 1
2123 10 1
2124 44 0
2125 538 0
2126 163 1
2127 450 0
2128 439 0
2129 208 0
2130 353 1
2131 442 1
2132 176 1
2133 299 1
2134 280 1
2135 2 1
2136 283 1
2137 574 0
2138 362 1
2139 236 1
2140 85 1
2141 21 0
2142 313 1
2143 365 1
2144 567 0
2145 482 1
2146 458 1
2147 217 1
2148 573 1
2149 344 1
2150 338 0
2151 509 1
2152 428 1
2153 184 1
2154 361 0
2155 535 1
2156 533 1
2157 42 1
2158 375 0
2159 293 1
2160 327 1
2161 557 0
2162 395 0
2163 121 0
2164 630 1
2165 515 1
2166 151 1
2167 283 1
2168 157 1
2169 71 1
2170 227 1
2171 312 1
2172 502 0
2173 294 1
2174 116 1
2175 513 1
2176 57 1
2177 575 1
2178 539 1
2179 114 0
2180 493 1
2181 194 1
2182 349 1
2183 579 1
2184 293 1
2185 364 1
2186 588 1
2187 620 0
2188 378 1
2189 24 1
2190 196 1
2191 277 1
2192 302 1
2193 45 0
2194 235 0
2195 76 0
2196 128 0
2197 83 1
2198 96 1
2199 323 0
2200 643 1
2201 240 0
2202 74 1
2203 378 0
2204 469 1
2205 287 1
2206 279 0
2207 266 1
2208 119 1
2209 117 1
2210 454 1
2211 430 0
2212 457 1
2213 399 1
2214 514 1
2215 273 0
2216 120 1
2217 446 1
2218 76 0
2219 631 0
2220 566 1
2221 558 1
2222 185 0
2223 121 0
2224 482 1
2225 643 1
2226 424 1
2227 214 1
2228 281 1
2229 128 1
2230 46 0
2231 3 1
2232 262 0
2233 336 1
2234 613 1
2235 231 1
2236 588 1
2237 82 0
2238 316 0
2239 425 0
2240 434 0
2241 430 1
2242 199 0
2243 434 1
2244 612 1
2245 616 1
2246 311 0
2247 163 1
2248 415 1
2249 258 1
2250 170 1
2251 258 1
2252 635 0
2253 234 1
2254 528 1
2255 452 0
2256 429 1
2257 514 1
2258 228 1
2259 449 1
2260 205 0
2261 193 1
2262 386 1
2263 436 1
2264 196 0
2265 516 0
2266 539 1
2267 463 0
2268 462 1
2269 183 0
2270 58 1
2271 1 1
2272 204 1
2273 448 1
2274 158 1
2275 612 1
2276 11 1
2277 226 0
2278 502 1
2279 537 0
2280 58 0
2281 395 1
2282 530 1
2283 474 0
2284 250 1
2285 39 0
2286 624 1
2287 135 0
2288 540 0
2289 607 1
2290 174 0
2291 416 1
2292 83 0
2293 566 1
2294 6 1
2295 614 1
2296 215 0
2297 9 1
2298 561 0
2299 440 1
2300 472 0
2301 467 1
2302 504 1
2303 626 1
2304 525 1
2305 452 1
2306 511 0
2307 224 1
2308 204 1
2309 510 0
2310 596 0
2311 266 1
2312 182 0
2313 251 1
2314 107 0
2315 257 0
2316 509 1
2317 370 0
2318 20 1
2319 114 1
2320 287 1
2321 584 1
2322 128 0
2323 78 0
2324 292 1
2325 534 1
2326 414 1
2327 386 0
2328 424 1
2329 42 1
2330 22 1
2331 449 1
2332 370 1
2333 239 0
2334 518 1
2335 283 1
2336 267 0
2337 290 0
2338 361 1
2339 75 1
2340 304 0
2341 236 1
2342 113 0
2343 9 1
2344 599 1
2345 407 0
2346 334 1
2347 501 0
2348 378 0
2349 441 0
2350 441 1
2351 395 0
2352 277 0
2353 452 0
2354 401 1
2355 631 1
2356 476 0
2357 117 0
2358 184 1
2359 473 0
2360 161 0
2361 108 1
2362 431 1
2363 546 1
2364 43 0
2365 399 1
2366 406 1
2367 541 0
2368 174 0
2369 16 1
2370 222 1
2371 619 1
2372 209 0
2373 635 0
2374 210 1
2375 516 1
2376 30 1
2377 222 1
2378 572 1
2379 609 0
2380 458 1
2381 448 1
2382 497 0
2383 235 1
2384 31 0
2385 585 1
2386 238 1
2387 291 1
2388 642 1
2389 179 1
2390 85 0
2391 579 0
2392 22 0
2393 561 0
2394 271 1
2395 558 1
2396 236 0
2397 281 1
2398 44 0
2399 98 1
2400 106 0
2401 320 0
2402 589 1
2403 130 1
2404 241 1
2405 149 1
2406 361 1
2407 425 0
2408 223 1
2409 325 1
2410 214 1
2411 563 1
2412 583 1
2413 530 0
2414 54 1
2415 57 1
2416 13 0
2417 497 1
2418 337 1
2419 535 1
2420 285 1
2421 251 0
2422 114 1
2423 368 0
2424 365 1
2425 179 0
2426 279 1
2427 384 0
2428 281 1
2429 200 1
2430 236 1
2431 488 1
2432 620 1
2433 190 1
2434 316 1
2435 245 0
2436 104 1
2437 586 1
2438 511 0
2439 540 1
2440 350 1
2441 165 0
2442 155 1
2443 195 1
2444 149 1
2445 127 1
2446 637 1
2447 618 1
2448 303 1
2449 279 0
2450 228 1
2451 559 1
2452 359 1
2453 534 1
2454 157 1
2455 457 1
2456 495 1
2457 492 1
2458 503 0
2459 442 0
2460 430 0
2461 385 1
2462 524 1
2463 382 1
2464 506 0
2465 133 0
2466 525 0
2467 405 0
2468 540 1
2469 457 1
2470 79 0
2471 559 1
2472 232 1
2473 581 1
2474 433 0
2475 90 1
2476 279 0
2477 625 1
2478 182 0
2479 324 1
2480 370 0
2481 109 1
2482 497 1
2483 482 1
2484 156 1
2485 436 1
2486 556 1
2487 158 1
2488 96 0
2489 218 0
2490 456 1
2491 87 1
2492 131 0
2493 232 0
2494 421 1
2495 341 1
2496 361 0
2497 389 1
2498 311 0
2499 597 1
2500 513 1
2501 43 1
2502 86 1
2503 544 0
2504 287 0
2505 51 0
2506 417 0
2507 165 0
2508 190 1
2509 209 1
2510 309 1
2511 106 1
2512 339 0
2513 231 1
2514 69 1
2515 458 0
2516 564 1
2517 353 1
2518 49 0
2519 180 1
2520 361 1
2521 410 1
2522 354 0
2523 30 1
2524 328 1
2525 504 1
2526 121 1
2527 2 1
2528 444 1
2529 450 1
2530 402 1
2531 450 1
2532 111 1
2533 311 0
2534 395 0
2535 488 1
2536 61 0
2537 238 1
2538 184 1
2539 300 1
2540 491 1
2541 489 0
2542 108 1
2543 420 1
2544 64 1
2545 413 1
2546 481 1
2547 127 0
2548 353 1
2549 108 1
2550 276 0
2551 208 1
2552 189 1
2553 84 1
2554 53 1
2555 233 1
2556 527 1
2557 504 0
2558 561 1
2559 527 1
2560 496 1
2561 431 1
2562 497 1
2563 272 1
2564 343 0
2565 310 1
2566 315 1
2567 287 1
2568 311 1
2569 226 1
2570 103 1
2571 255 1
2572 529 1
2573 605 0
2574 377 1
2575 409 1
2576 129 1
2577 553 0
2578 92 1
2579 180 0
2580 544 1
2581 385 1
2582 355 0
2583 59 0
2584 392 0
2585 369 1
2586 91 1
2587 465 1
2588 70 1
2589 396 1
2590 260 1
2591 15 0
2592 348 1
2593 364 1
2594 88 1
2595 215 1
2596 381 1
2597 187 1
2598 621 0
2599 88 1
2600 523 1
2601 202 1
2602 412 1
2603 574 0
2604 449 1
2605 277 1
2606 478 0
2607 446 1
2608 208 0
2609 607 0
2610 48 1
2611 277 0
2612 125 1
2613 504 1
2614 57 0
2615 453 1
2616 396 1
2617 533 0
2618 26 0
2619 1 1
2620 127 1
2621 523 1
2622 563 1
2623 118 1
2624 474 0
2625 415 0
2626 242 1
2627 299 0
2628 495 1
2629 453 0
2630 98 1
2631 471 1
2632 256 1
2633 6 1
2634 153 1
2635 96 1
2636 270 1
2637 225 1
2638 292 0
2639 298 1
2640 416 0
2641 628 0
2642 92 0
2643 364 1
2644 426 1
2645 487 0
2646 426 1
2647 366 1
2648 13 0
2649 312 1
2650 364 0
2651 431 1
2652 375 1
2653 161 0
2654 346 0
2655 128 1
2656 504 0
2657 114 0
2658 386 1
2659 532 1
2660 6 0
2661 39 1
2662 27 1
2663 454 1
2664 117 0
2665 191 0
2666 513 1
2667 454 1
2668 625 1
2669 258 1
2670 405 1
2671 436 1
2672 490 1
2673 209 1
2674 384 1
2675 383 0
2676 454 1
2677 154 1
2678 158 1
2679 506 1
2680 68 1
2681 95 0
2682 13 1
2683 173 1
2684 511 1
2685 304 1
2686 157 1
2687 521 0
2688 629 1
2689 209 0
2690 173 1
2691 99 1
2692 345 1
2693 456 1
2694 201 1
2695 126 1
2696 346 1
2697 190 1
2698 118 1
2699 337 1
2700 134 1
2701 241 1
2702 75 1
2703 277 0
2704 202 0
2705 421 1
2706 418 1
2707 341 1
2708 120 0
2709 622 0
2710 455 1
2711 583 0
2712 310 0
2713 500 0
2714 476 1
2715 405 0
2716 173 1
2717 240 1
2718 110 1
2719 301 1
2720 342 1
2721 26 0
2722 597 0
2723 226 1
2724 505 0
2725 378 0
2726 291 1
2727 455 1
2728 428 1
2729 377 1
2730 488 1
2731 208 0
2732 123 0
2733 249 1
2734 304 1
2735 530 1
2736 627 1
2737 109 1
2738 263 1
2739 628 1
2740 523 0
2741 430 1
2742 16 0
2743 118 1
2744 544 1
2745 43 1
2746 624 1
2747 395 1
2748 47 0
2749 328 1
2750 542 1
2751 345 0
2752 108 1
2753 451 1
2754 129 1
2755 495 1
2756 142 1
2757 169 1
2758 514 0
2759 587 1
2760 129 1
2761 147 1
2762 228 0
2763 195 1
2764 526 1
2765 611 1
2766 75 1
2767 296 1
2768 97 0
2769 555 0
2770 529 1
2771 226 1
2772 26 0
2773 169 1
2774 21 1
2775 292 0
2776 80 0
2777 235 1
2778 328 1
2779 560 1
2780 300 0
2781 618 1
2782 184 1
2783 550 1
2784 363 1
2785 501 1
2786 198 1
2787 258 0
2788 454 1
2789 103 1
2790 514 1
2791 610 1
2792 181 1
2793 233 0
2794 622 1
2795 58 0
2796 29 1
2797 636 0
2798 292 0
2799 480 1
2800 341 0
2801 250 1
2802 394 1
2803 102 1
2804 274 0
2805 26 0
2806 592 0
2807 76 1
2808 175 0
2809 622 1
2810 458 0
2811 421 0
2812 59 1
2813 33 1
2814 292 1
2815 354 1
2816 188 1
2817 512 1
2818 460 1
2819 141 1
2820 167 0
2821 217 0
2822 134 0
2823 227 1
2824 604 1
2825 453 0
2826 232 1
2827 252 1
2828 625 1
2829 634 1
2830 145 1
2831 245 1
2832 304 1
2833 263 0
2834 75 0
2835 193 1
2836 555 1
2837 349 1
2838 52 0
2839 345 1
2840 136 0
2841 428 0
2842 374 1
2843 6 0
2844 305 1
2845 610 1
2846 332 1
2847 123 0
2848 324 1
2849 86 1
2850 137 1
2851 633 1
2852 38 0
2853 83 1
2854 262 0
2855 93 1
2856 573 1
2857 106 1
2858 541 1
2859 3 0
2860 92 0
2861 637 1
2862 172 1
2863 399 0
2864 494 1
2865 242 1
2866 113 1
2867 26 1
2868 552 0
2869 225 0
2870 530 0
2871 552 1
2872 178 1
2873 108 0
2874 109 0
2875 261 0
2876 64 0
2877 618 1
2878 352 1
2879 79 1
2880 198 0
2881 188 1
2882 536 1
2883 446 0
2884 307 1
2885 605 0
2886 336 0
2887 635 1
2888 517 1
2889 581 0
2890 193 1
2891 175 0
2892 434 1
2893 494 0
2894 498 0
2895 335 1
2896 234 0
2897 362 1
2898 76 0
2899 569 0
2900 173 1
2901 568 1
2902 388 1
2903 362 1
2904 3 1
2905 225 1
2906 488 0
2907 439 1
2908 526 1
2909 404 1
2910 201 1
2911 430 0
2912 610 1
2913 561 0
2914 294 0
2915 409 1
2916 353 1
2917 315 1
2918 238 0
2919 340 0
2920 323 1
2921 415 1
2922 298 0
2923 429 0
2924 489 0
2925 550 0
2926 282 0
2927 482 1
2928 466 1
2929 273 1
2930 223 0
2931 566 0
2932 362 1
2933 20 1
2934 260 1
2935 174 1
2936 257 1
2937 98 1
2938 145 1
2939 81 1
2940 62 1
2941 27 1
2942 313 1
2943 576 1
2944 247 0
2945 225 0
2946 225 1
2947 393 0
2948 366 1
2949 520 1
2950 105 1
2951 558 0
2952 630 1
2953 265 0
2954 530 0
2955 111 1
2956 333 1
2957 283 0
2958 632 1
2959 112 0
2960 402 1
2961 51 1
2962 476 1
2963 555 1
2964 197 0
2965 163 1
2966 471 1
2967 12 0
2968 71 1
2969 570 1
2970 615 1
2971 532 0
2972 159 1
2973 289 0
2974 377 0
2975 373 1
2976 85 0
2977 102 1
2978 217 1
2979 90 0
2980 426 1
2981 56 1
2982 322 1
2983 55 0
2984 329 1
2985 334 1
2986 0 1
2987 595 1
2988 384 0
2989 299 1
2990 624 0
2991 236 0
2992 452 0
2993 610 1
2994 334 0
2995 415 0
2996 300 0
2997 359 1
2998 523 1
2999 355 1
3000 378 0
3001 498 0
3002 265 1
3003 530 1
3004 26 1
3005 106 0
3006 212 0
3007 70 1
3008 27 0
3009 20 0
3010 82 1
3011 468 1
3012 253 1
3013 352 0
3014 580 0
3015 322 0
3016 98 1
3017 38 0
3018 616 1
3019 352 1
3020 100 1
3021 3 1
3022 147 1
3023 316 0
3024 92 0
3025 519 1
3026 126 0
3027 540 1
3028 508 1
3029 494 1
3030 293 1
3031 95 0
3032 346 1
3033 94 0
3034 42 1
3035 307 1
3036 252 0
3037 447 1
3038 359 1
3039 566 0
3040 454 1
3041 609 1
3042 122 1
3043 298 1
3044 99 1
3045 413 0
3046 318 1
3047 131 1
3048 626 0
3049 321 1
3050 26 0
3051 158 1
3052 277 1
3053 25 1
3054 78 1
3055 426 1
3056 378 1
3057 451 1
3058 241 1
3059 478 0
3060 243 1
3061 80 1
3062 101 1
3063 564 0
3064 428 0
3065 106 1
3066 207 1
3067 72 1
3068 216 1
3069 459 0
3070 35 1
3071 165 1
3072 630 1
3073 269 1
3074 59 1
3075 551 0
3076 340 1
3077 210 1
3078 189 1
3079 516 0
3080 362 1
3081 411 1
3082 226 1
3083 393 1
3084 572 1
3085 76 0
3086 440 1
3087 375 1
3088 197 1
3089 637 1
3090 85 1
3091 551 1
3092 522 1
3093 206 0
3094 231 0
3095 23 0
3096 39 1
3097 502 1
3098 264 1
3099 56 1
3100 451 0
3101 153 0
3102 358 1
3103 11 1
3104 512 1
3105 160 0
3106 539 1
3107 362 0
3108 167 1
3109 474 1
3110 637 1
3111 331 1
3112 278 0
3113 282 0
3114 431 1
3115 80 1
3116 454 1
3117 476 1
3118 109 0
3119 79 1
3120 483 1
3121 565 1
3122 289 1
3123 140 1
3124 197 1
3125 194 1
3126 459 0
3127 206 1
3128 61 0
3129 619 1
3130 165 1
3131 77 0
3132 280 1
3133 142 1
3134 379 1
3135 357 0
3136 444 1
3137 586 1
3138 544 0
3139 530 0
3140 43 0
3141 270 0
3142 589 1
3143 586 1
3144 303 0
3145 489 1
3146 607 1
3147 435 1
3148 466 1
3149 631 1
3150 138 0
3151 410 1
3152 596 1
3153 10 1
3154 425 1
3155 576 1
3156 612 1
3157 317 0
3158 17 1
3159 553 1
3160 166 1
3161 128 1
3162 319 0
3163 370 1
3164 487 0
3165 317 1
3166 30 1
3167 555 0
3168 427 1
3169 461 1
3170 461 0
3171 15 1
3172 586 1
3173 323 1
3174 591 1
3175 262 1
3176 620 0
3177 225 1
3178 308 1
3179 411 1
3180 283 0
3181 131 0
3182 166 1
3183 280 0
3184 599 1
3185 132 0
3186 489 1
3187 182 0
3188 479 1
3189 380 1
3190 75 1
3191 515 1
3192 380 0
3193 337 0
3194 38 0
3195 186 0
3196 186 1
3197 620 1
3198 343 1
3199 277 1
3200 351 1
3201 51 1
3202 548 0
3203 609 1
3204 77 1
3205 148 1
3206 326 0
3207 203 0
3208 105 0
3209 88 1
3210 643 0
3211 450 1
3212 577 0
3213 521 1
3214 27 1
3215 557 0
3216 555 1
3217 558 1
3218 189 1
3219 189 1
3220 214 1
3221 419 1
3222 339 1
3223 585 1
3224 509 1
3225 580 0
3226 295 1
3227 30 1
3228 157 1
3229 487 1
3230 45 0
3231 547 1
3232 354 1
3233 398 1
3234 329 1
3235 157 1
3236 263 1
3237 422 1
3238 537 1
3239 394 1
3240 391 1
3241 247 1
3242 54 0
3243 261 1
3244 168 0
3245 380 0
3246 494 0
3247 153 1
3248 89 0
3249 94 1
3250 486 1
3251 301 1
3252 174 0
3253 46 0
3254 433 0
3255 459 1
3256 116 0
3257 204 0
3258 330 0
3259 374 1
3260 560 1
3261 51 0
3262 383 1
3263 605 0
3264 111 1
3265 237 0
3266 297 1
3267 40 1
3268 609 1
3269 521 0
3270 518 1
3271 568 1
3272 380 1
3273 152 0
3274 585 0
3275 548 1
3276 627 1
3277 257 1
3278 151 1
3279 184 1
3280 263 1
3281 190 1
3282 307 1
3283 370 1
3284 301 1
3285 15 1
3286 565 0
3287 157 1
3288 58 1
3289 349 1
3290 191 1
3291 482 1
3292 192 0
3293 531 0
3294 295 1
3295 590 0
3296 484 1
3297 465 0
3298 350 0
3299 410 0
3300 420 0
3301 174 1
3302 356 1
3303 624 1
3304 640 1
3305 388 1
3306 566 0
3307 344 1
3308 304 0
3309 448 1
3310 300 1
3311 505 1
3312 513 0
3313 287 1
3314 500 0
3315 217 0
3316 462 1
3317 600 1
3318 69 0
3319 572 1
3320 256 0
3321 227 1
3322 526 0
3323 282 1
3324 156 0
3325 140 0
3326 463 1
3327 597 0
3328 319 1
3329 533 1
3330 267 0
3331 442 0
3332 481 0
3333 251 1
3334 325 1
3335 592 0
3336 478 1
3337 105 0
3338 101 1
3339 537 1
3340 472 1
3341 61 0
3342 25 1
3343 605 0
3344 228 1
3345 503 1
3346 584 1
3347 581 1
3348 45 1
3349 302 0
3350 349 1
3351 290 1
3352 424 0
3353 534 1
3354 137 1
3355 129 1
3356 451 1
3357 231 0
3358 188 1
3359 160 0
3360 25 1
3361 268 0
3362 310 1
3363 368 0
3364 375 1
3365 65 0
3366 267 0
3367 254 1
3368 98 0
3369 555 0
3370 562 1
3371 185 0
3372 215 1
3373 184 1
3374 600 1
3375 167 1
3376 362 1
3377 581 1
3378 623 0
3379 375 1
3380 323 1
3381 433 1
3382 136 1
3383 629 0
3384 178 1
3385 462 1
3386 571 0
3387 448 1
3388 403 0
3389 537 1
3390 323 1
3391 331 0
3392 487 0
3393 52 1
3394 556 1
3395 174 1
3396 207 1
3397 172 1
3398 633 1
3399 570 0
3400 34 0
3401 247 1
3402 374 1
3403 94 0
3404 22 0
3405 482 1
3406 38 1
3407 370 0
3408 420 1
3409 345 1
3410 196 1
3411 558 1
3412 465 1
3413 86 0
3414 225 1
3415 605 0
3416 383 1
3417 212 0
3418 233 0
3419 228 1
3420 285 1
3421 585 0
3422 218 1
3423 195 1
3424 79 1
3425 316 1
3426 399 1
3427 10 1
3428 306 1
3429 21 0
3430 92 1
3431 138 1
3432 172 1
3433 571 1
3434 641 1
3435 8 0
3436 212 1
3437 597 1
3438 242 1
3439 415 0
3440 28 1
3441 572 0
3442 308 1
3443 639 1
3444 27 1
3445 485 0
3446 625 0
3447 587 1
3448 312 0
3449 542 1
3450 15 1
3451 583 1
3452 482 1
3453 4 1
3454 22 0
3455 384 1
3456 497 0
3457 470 1
3458 241 0
3459 114 1
3460 464 1
3461 372 1
3462 569 1
3463 581 1
3464 166 1
3465 537 1
3466 367 0
3467 392 1
3468 350 0
3469 259 1
3470 154 1
3471 415 1
3472 301 1
3473 151 1
3474 51 1
3475 142 1
3476 211 1
3477 307 1
3478 159 0
3479 356 1
3480 60 1
3481 491 1
3482 63 1
3483 615 1
3484 619 1
3485 132 1
3486 219 0
3487 128 1
3488 126 1
3489 394 1
3490 529 0
3491 48 1
3492 390 0
3493 215 1
3494 582 1
3495 223 1
3496 150 1
3497 416 0
3498 292 0
3499 610 1
3500 599 1
3501 396 0
3502 629 0
3503 25 1
3504 134 0
3505 281 1
3506 303 0
3507 98 1
3508 24 0
3509 591 1
3510 223 1
3511 596 0
3512 230 1
3513 579 1
3514 93 1
3515 137 1
3516 626 0
3517 205 1
3518 388 1
3519 69 1
3520 641 1
3521 533 1
3522 26 1
3523 341 1
3524 291 0
3525 4 1
3526 448 1
3527 226 1
3528 314 0
3529 540 0
3530 44 1
3531 447 0
3532 541 0
3533 636 0
3534 229 1
3535 154 0
3536 402 1
3537 517 0
3538 12 1
3539 479 0
3540 484 1
3541 148 1
3542 430 1
3543 305 1
3544 527 0
3545 507 0
3546 217 1
3547 588 1
3548 308 0
3549 390 1
3550 624 1
3551 102 1
3552 570 1
3553 166 1
3554 172 1
3555 224 1
3556 468 0
3557 291 1
3558 101 1
3559 345 1
3560 143 1
3561 538 0
3562 509 1
3563 466 1
3564 401 0
3565 41 0
3566 102 1
3567 117 0
3568 110 0
3569 609 1
3570 268 1
3571 285 0
3572 560 0
3573 336 1
3574 527 0
3575 629 0
3576 237 0
3577 378 1
3578 343 0
3579 250 0
3580 402 0
3581 480 1
3582 427 1
3583 531 1
3584 220 1
3585 166 1
3586 22 1
3587 571 1
3588 375 1
3589 583 1
3590 291 1
3591 276 1
3592 428 1
3593 614 0
3594 193 0
3595 218 0
3596 503 1
3597 455 0
3598 643 1
3599 170 1
3600 184 1
3601 53 1
3602 136 0
3603 128 1
3604 225 1
3605 116 0
3606 625 1
3607 384 1
3608 378 1
3609 519 1
3610 557 1
3611 513 0
3612 138 1
3613 40 1
3614 12 0
3615 346 0
3616 540 0
3617 386 1
3618 370 0
3619 526 1
3620 580 1
3621 452 1
3622 366 1
3623 300 0
3624 529 0
3625 17 0
3626 259 1
3627 195 1
3628 209 1
3629 526 1
3630 439 0
3631 401 1
3632 611 1
3633 341 0
3634 4 1
3635 272 0
3636 204 1
3637 476 0
3638 262 1
3639 9 0
3640 298 0
3641 571 0
3642 558 1
3643 294 0
3644 350 0
3645 320 0
3646 380 0
3647 454 0
3648 211 1
3649 22 0
3650 356 1
3651 140 1
3652 357 1
3653 471 1
3654 95 1
3655 105 1
3656 499 1
3657 289 0
3658 146 1
3659 511 1
3660 91 1
3661 624 0
3662 254 1
3663 164 1
3664 575 1
3665 29 0
3666 473 1
3667 186 0
3668 132 0
3669 153 0
3670 477 1
3671 612 1
3672 282 1
3673 83 1
3674 180 1
3675 279 1
3676 127 1
3677 89 1
3678 38 1
3679 194 1
3680 432 1
3681 239 1
3682 376 1
3683 439 1
3684 422 1
3685 91 1
3686 197 1
3687 569 0
3688 300 1
3689 255 0
3690 593 1
3691 98 1
3692 132 0
3693 441 0
3694 432 0
3695 123 1
3696 198 1
3697 473 1
3698 119 1
3699 430 1
3700 206 1
3701 134 1
3702 565 1
3703 222 0
3704 58 1
3705 47 1
3706 352 1
3707 66 0
3708 324 1
3709 639 1
3710 481 0
3711 331 0
3712 464 0
3713 601 0
3714 426 1
3715 471 1
3716 239 1
3717 367 1
3718 11 0
3719 371 1
3720 406 0
3721 67 1
3722 555 0
3723 598 0
3724 624 1
3725 346 1
3726 57 1
3727 487 0
3728 184 1
3729 444 1
3730 161 1
3731 582 1
3732 215 1
3733 560 1
3734 232 1
3735 287 1
3736 44 1
3737 107 1
3738 472 1
3739 181 0
3740 637 1
3741 268 1
3742 551 0
3743 555 0
3744 538 0
3745 40 1
3746 610 0
3747 454 1
3748 265 0
3749 399 1
3750 632 1
3751 491 0
3752 388 0
3753 622 1
3754 6 1
3755 15 0
3756 40 1
3757 40 1
3758 377 1
3759 21 1
3760 289 1
3761 308 0
3762 30 1
3763 427 0
3764 471 1
3765 148 0
3766 214 1
3767 481 1
3768 585 1
3769 166 1
3770 617 1
3771 574 0
3772 448 0
3773 581 1
3774 549 0
3775 435 1
3776 11 0
3777 440 0
3778 208 0
3779 329 0
3780 395 0
3781 477 1
3782 455 1
3783 551 1
3784 120 1
3785 327 0
3786 237 0
3787 89 1
3788 210 0
3789 213 0
3790 620 0
3791 299 0
3792 93 1
3793 27 0
3794 300 1
3795 321 1
3796 172 0
3797 636 0
3798 459 1
3799 371 1
3800 607 1
3801 11 0
3802 301 0
3803 232 0
3804 118 1
3805 617 1
3806 440 0
3807 79 1
3808 342 1
3809 174 0
3810 447 1
3811 32 1
3812 4 1
3813 594 0
3814 558 1
3815 382 1
3816 365 1
3817 66 1
3818 485 0
3819 525 1
3820 82 1
3821 43 1
3822 101 1
3823 395 0
3824 213 1
3825 433 1
3826 420 0
3827 618 1
3828 481 1
3829 218 1
3830 235 1
3831 261 1
3832 340 1
3833 615 1
3834 610 0
3835 131 1
3836 332 0
3837 554 0
3838 297 1
3839 224 1
3840 221 1
3841 509 0
3842 470 1
3843 404 1
3844 398 1
3845 48 1
3846 570 1
3847 589 1
3848 622 1
3849 446 1
3850 402 1
3851 627 1
3852 100 0
3853 507 1
3854 188 1
3855 247 0
3856 90 1
3857 389 0
3858 586 1
3859 207 0
3860 118 1
3861 328 1
3862 549 0
3863 300 1
3864 171 1
3865 461 0
3866 19 1
3867 1 1
3868 319 0
3869 508 1
3870 578 1
3871 264 0
3872 214 0
3873 569 0
3874 149 0
3875 495 0
3876 370 1
3877 294 0
3878 434 1
3879 156 1
3880 36 1
3881 525 1
3882 408 0
3883 166 1
3884 374 0
3885 582 0
3886 132 1
3887 316 0
3888 195 1
3889 493 1
3890 355 1
3891 588 1
3892 505 0
3893 347 1
3894 171 1
3895 247 1
3896 460 0
3897 246 0
3898 2 1
3899 290 1
3900 426 1
3901 23 1
3902 413 1
3903 243 1
3904 571 1
3905 284 0
3906 419 1
3907 338 1
3908 448 1
3909 566 0
3910 528 1
3911 166 0
3912 289 1
3913 551 1
3914 164 1
3915 643 0
3916 408 1
3917 487 0
3918 353 0
3919 116 0
3920 161 1
3921 545 1
3922 619 1
3923 206 1
3924 271 1
3925 389 0
3926 289 0
3927 482 1
3928 316 1
3929 200 1
3930 569 1
3931 418 0
3932 220 1
3933 501 1
3934 330 1
3935 201 1
3936 364 1
3937 410 0
3938 324 1
3939 99 1
3940 83 1
3941 88 1
3942 384 1
3943 289 1
3944 307 0
3945 527 1
3946 43 1
3947 556 1
3948 545 1
3949 184 1
3950 368 1
3951 60 1
3952 471 0
3953 409 1
3954 433 0
3955 84 1
3956 336 1
3957 236 0
3958 90 0
3959 114 1
3960 362 1
3961 613 1
3962 281 1
3963 16 1
3964 275 0
3965 395 0
3966 570 1
3967 77 1
3968 272 1
3969 530 1
3970 341 0
3971 562 1
3972 125 0
3973 92 0
3974 18 1
3975 605 0
3976 196 1
3977 133 1
3978 436 1
3979 6 0
3980 334 0
3981 64 1
3982 204 1
3983 639 0
3984 619 1
3985 513 1
3986 485 1
3987 333 1
3988 568 1
3989 173 1
3990 624 1
3991 322 0
3992 46 0
3993 8 1
3994 589 1
3995 549 0
3996 407 1
3997 537 1
3998 94 1
3999 419 1
4000 402 0
4001 361 1
4002 65 1
4003 192 0
4004 458 1
4005 574 1
4006 483 1
4007 613 1
4008 39 1
4009 352 1
4010 619 1
4011 262 1
4012 201 1
4013 324 0
4014 25 1
4015 349 0
4016 386 1
4017 1 0
4018 106 1
4019 431 0
4020 542 1
4021 357 1
4022 596 1
4023 250 1
4024 286 1
4025 611 1
4026 197 1
4027 619 1
4028 366 1
4029 42 1
4030 397 1
4031 158 1
4032 456 0
4033 581 0
4034 344 1
4035 473 1
4036 66 1
4037 614 0
4038 496 0
4039 637 0
4040 152 0
4041 382 1
4042 178 1
4043 88 1
4044 10 1
4045 283 0
4046 513 1
4047 529 1
4048 600 1
4049 225 1
4050 171 1
4051 533 0
4052 231 1
4053 239 1
4054 53 0
4055 212 1
4056 182 0
4057 539 1
4058 298 1
4059 253 1
4060 104 1
4061 54 1
4062 333 1
4063 272 1
4064 395 1
4065 572 1
4066 551 1
4067 150 1
4068 293 0
4069 212 1
4070 614 1
4071 536 1
4072 365 0
4073 504 1
4074 405 0
4075 310 0
4076 4 1
4077 458 1
4078 302 1
4079 601 0
4080 583 0
4081 610 1
4082 327 1
4083 610 0
4084 498 1
4085 306 0
4086 585 1
4087 618 0
4088 620 1
4089 308 1
4090 582 1
4091 228 1
4092 322 1
4093 262 0
4094 119 1
4095 16 1
4096 94 0
4097 530 1
4098 90 1
4099 382 1
4100 12 1
4101 410 0
4102 225 1
4103 242 1
4104 200 0
4105 564 1
4106 509 0
4107 71 0
4108 173 0
4109 158 1
4110 545 1
4111 341 0
4112 149 1
4113 400 1
4114 60 1
4115 174 0
4116 165 0
4117 9 1
4118 306 1
4119 574 1
4120 149 1
4121 637 1
4122 624 0
4123 192 0
4124 389 0
4125 436 1
4126 517 1
4127 268 0
4128 350 0
4129 252 0
4130 145 1
4131 475 1
4132 357 1
4133 39 1
4134 91 0
4135 518 1
4136 453 1
4137 238 1
4138 557 1
4139 577 1
4140 119 1
4141 575 1
4142 501 1
4143 642 0
4144 206 0
4145 609 1
4146 23 1
4147 0 1
4148 271 1
4149 392 0
4150 636 1
4151 587 1
4152 114 1
4153 215 0
4154 594 0
4155 312 0
4156 508 0
4157 44 1
4158 425 1
4159 546 0
4160 284 1
4161 321 1
4162 298 1
4163 43 1
4164 336 1
4165 279 1
4166 39 1
4167 102 0
4168 385 0
4169 172 1
4170 449 1
4171 386 1
4172 66 1
4173 15 1
4174 465 1
4175 462 1
4176 420 0
4177 411 0
4178 436 0
4179 634 1
4180 221 0
4181 439 1
4182 465 1
4183 406 1
4184 207 0
4185 523 1
4186 402 0
4187 316 1
4188 43 1
4189 299 1
4190 232 1
4191 612 0
4192 240 1
4193 64 1
4194 164 0
4195 143 0
4196 306 1
4197 2 1
4198 464 0
4199 324 1
4200 326 0
4201 29 0
4202 468 0
4203 543 1
4204 16 1
4205 366 0
4206 299 1
4207 248 1
4208 42 1
4209 554 1
4210 350 0
4211 585 0
4212 612 0
4213 131 1
4214 334 1
4215 449 1
4216 5 0
4217 90 1
4218 171 1
4219 323 1
4220 171 0
4221 427 0
4222 361 1
4223 356 0
4224 327 1
4225 603 1
4226 302 0
4227 44 1
4228 477 1
4229 55 0
4230 623 0
4231 166 1
4232 330 1
4233 441 1
4234 229 1
4235 35 0
4236 156 1
4237 217 1
4238 477 1
4239 268 1
4240 178 0
4241 191 1
4242 124 1
4243 97 1
4244 395 1
4245 99 0
4246 641 1
4247 341 1
4248 513 1
4249 174 0
4250 248 0
4251 482 0
4252 10 1
4253 277 0
4254 612 1
4255 638 1
4256 127 0
4257 618 0
4258 405 1
4259 184 0
4260 214 0
4261 505 1
4262 540 0
4263 520 0
4264 330 1
4265 490 0
4266 242 1
4267 330 1
4268 367 1
4269 87 1
4270 499 1
4271 464 0
4272 250 1
4273 209 1
4274 499 0
4275 149 1
4276 23 0
4277 263 0
4278 202 1
4279 318 0
4280 180 1
4281 450 0
4282 476 1
4283 14 0
4284 89 0
4285 508 0
4286 167 1
4287 554 1
4288 111 1
4289 419 0
4290 511 1
4291 26 1
4292 570 1
4293 444 1
4294 419 0
4295 644 0
4296 265 1
4297 369 1
4298 568 0
4299 270 1
4300 477 0
4301 592 0
4302 453 1
4303 408 1
4304 619 1
4305 530 0
4306 90 1
4307 358 1
4308 192 0
4309 126 0
4310 259 1
4311 558 0
4312 558 1
4313 605 1
4314 13 1
4315 485 1
4316 356 1
4317 474 1
4318 281 0
4319 85 1
4320 404 1
4321 80 1
4322 511 1
4323 501 1
4324 588 0
4325 9 1
4326 100 0
4327 74 1
4328 197 0
4329 487 0
4330 248 0
4331 40 1
4332 107 1
4333 125 1
4334 98 1
4335 637 0
4336 164 1
4337 343 0
4338 503 0
4339 73 0
4340 166 1
4341 641 0
4342 5 1
4343 271 0
4344 80 0
4345 397 0
4346 433 1
4347 289 1
4348 298 1
4349 284 1
4350 608 1
4351 246 1
4352 341 0
4353 142 1
4354 128 0
4355 638 1
4356 297 1
4357 552 1
4358 36 1
4359 490 0
4360 276 0
4361 446 1
4362 35 0
4363 605 0
4364 488 1
4365 77 1
4366 505 1
4367 570 1
4368 245 0
4369 400 0
4370 274 1
4371 7 1
4372 368 1
4373 214 1
4374 77 1
4375 521 0
4376 293 1
4377 410 1
4378 396 1
4379 1 1
4380 591 1
4381 37 0
4382 386 1
4383 7 1
4384 14 1
4385 344 1
4386 132 1
4387 200 1
4388 257 1
4389 252 1
4390 465 1
4391 28 0
4392 435 0
4393 426 1
4394 140 0
4395 418 1
4396 489 0
4397 537 1
4398 402 1
4399 201 1
4400 282 1
4401 45 1
4402 243 1
4403 262 1
4404 6 1
4405 175 1
4406 635 1
4407 568 0
4408 625 1
4409 603 1
4410 107 0
4411 198 1
4412 179 1
4413 167 0
4414 610 1
4415 345 1
4416 253 1
4417 10 1
4418 627 1
4419 336 1
4420 134 1
4421 443 1
4422 53 0
4423 533 1
4424 47 0
4425 138 1
4426 223 0
4427 99 1
4428 411 1
4429 338 1
4430 618 1
4431 617 0
4432 421 1
4433 62 1
4434 238 1
4435 384 1
4436 257 1
4437 472 0
4438 534 1
4439 328 1
4440 207 1
4441 75 1
4442 151 1
4443 179 0
4444 424 1
4445 286 1
4446 540 1
4447 616 1
4448 224 1
4449 68 0
4450 424 1
4451 174 1
4452 611 0
4453 338 1
4454 354 1
4455 421 0
4456 481 1
4457 338 1
4458 18 1
4459 533 1
4460 382 1
4461 187 0
4462 425 1
4463 594 0
4464 176 1
4465 452 0
4466 446 1
4467 628 1
4468 612 1
4469 260 1
4470 328 1
4471 230 0
4472 524 0
4473 127 1
4474 441 1
4475 340 0
4476 182 0
4477 456 1
4478 25 1
4479 597 1
4480 399 0
4481 149 1
4482 369 0
4483 612 0
4484 439 1
4485 6 1
4486 255 0
4487 270 1
4488 152 0
4489 24 1
4490 404 1
4491 119 1
4492 231 1
4493 542 1
4494 320 1
4495 450 1
4496 245 0
4497 266 1
4498 80 1
4499 290 1
4500 453 1
4501 633 1
4502 517 0
4503 182 1
4504 639 0
4505 602 0
4506 555 1
4507 340 0
4508 636 0
4509 390 1
4510 78 1
4511 369 0
4512 142 1
4513 277 1
4514 216 0
4515 88 1
4516 211 0
4517 71 0
4518 310 0
4519 99 1
4520 445 1
4521 50 0
4522 126 1
4523 489 1
4524 620 0
4525 413 1
4526 413 0
4527 361 0
4528 128 1
4529 125 1
4530 560 1
4531 352 0
4532 266 0
4533 193 1
4534 16 1
4535 220 1
4536 342 1
4537 156 1
4538 8 1
4539 577 0
4540 226 1
4541 20 1
4542 475 1
4543 542 1
4544 358 1
4545 286 0
4546 213 1
4547 384 1
4548 400 1
4549 403 1
4550 218 1
4551 209 1
4552 241 1
4553 375 1
4554 365 1
4555 216 1
4556 0 1
4557 570 1
4558 602 1
4559 417 1
4560 482 1
4561 582 0
4562 43 0
4563 522 1
4564 246 1
4565 191 1
4566 243 1
4567 371 1
4568 121 1
4569 73 0
4570 401 1
4571 417 1
4572 519 1
4573 215 1
4574 157 1
4575 147 1
4576 37 1
4577 29 0
4578 398 0
4579 507 1
4580 162 1
4581 464 0
4582 447 1
4583 230 0
4584 284 1
4585 394 1
4586 593 0
4587 417 0
4588 493 1
4589 291 1
4590 603 1
4591 629 1
4592 515 1
4593 59 0
4594 540 1
4595 259 1
4596 612 0
4597 455 0
4598 261 1
4599 330 0
4600 336 1
4601 569 0
4602 238 1
4603 91 1
4604 312 0
4605 76 1
4606 167 1
4607 257 0
4608 57 0
4609 297 1
4610 229 1
4611 639 1
4612 619 0
4613 603 1
4614 482 1
4615 119 1
4616 352 0
4617 441 0
4618 368 1
4619 16 1
4620 261 0
4621 297 0
4622 145 1
4623 458 1
4624 217 0
4625 139 0
4626 15 1
4627 636 0
4628 575 1
4629 217 1
4630 214 1
4631 569 1
4632 364 1
4633 495 1
4634 245 0
4635 115 1
4636 605 1
4637 282 1
4638 314 0
4639 292 0
4640 199 1
4641 317 1
4642 549 0
4643 187 1
4644 242 1
4645 222 1
4646 80 1
4647 361 0
4648 496 1
4649 523 0
4650 78 0
4651 586 1
4652 406 0
4653 120 1
4654 312 0
4655 590 1
4656 183 1
4657 56 1
4658 563 0
4659 543 1
4660 632 0
4661 600 0
4662 259 0
4663 495 1
4664 520 0
4665 190 1
4666 359 1
4667 621 0
4668 356 0
4669 171 0
4670 500 0
4671 518 0
4672 371 0
4673 103 1
4674 156 1
4675 434 1
4676 106 0
4677 194 1
4678 53 1
4679 460 0
4680 394 1
4681 511 0
4682 138 0
4683 212 1
4684 567 1
4685 493 1
4686 491 1
4687 445 1
4688 279 0
4689 500 1
4690 526 1
4691 571 1
4692 26 1
4693 345 0
4694 141 0
4695 637 0
4696 159 1
4697 635 1
4698 329 1
4699 130 0
4700 577 1
4701 21 1
4702 328 1
4703 625 1
4704 346 1
4705 397 1
4706 109 1
4707 206 1
4708 420 0
4709 199 1
4710 60 1
4711 451 0
4712 34 0
4713 500 1
4714 635 1
4715 607 1
4716 592 1
4717 329 1
4718 434 1
4719 237 1
4720 129 0
4721 362 1
4722 297 1
4723 366 1
4724 459 0
4725 625 1
4726 96 1
4727 77 1
4728 219 0
4729 487 1
4730 554 0
4731 123 1
4732 433 1
4733 123 1
4734 101 0
4735 349 1
4736 342 1
4737 461 0
4738 618 1
4739 50 0
4740 87 1
4741 299 0
4742 461 0
4743 306 1
4744 293 0
4745 236 0
4746 598 0
4747 51 1
4748 158 1
4749 592 0
4750 527 1
4751 475 1
4752 346 1
4753 202 1
4754 458 1
4755 91 1
4756 282 1
4757 75 1
4758 107 0
4759 117 1
4760 522 1
4761 595 1
4762 59 1
4763 192 0
4764 169 0
4765 462 0
4766 419 0
4767 260 1
4768 567 0
4769 424 1
4770 62 1
4771 264 1
4772 253 1
4773 427 1
4774 61 1
4775 116 1
4776 237 1
4777 398 0
4778 60 1
4779 498 1
4780 77 1
4781 265 1
4782 591 1
4783 609 1
4784 342 1
4785 233 1
4786 258 1
4787 88 1
4788 177 1
4789 227 1
4790 390 1
4791 168 1
4792 402 1
4793 271 1
4794 504 1
4795 39 0
4796 424 1
4797 424 1
4798 176 1
4799 223 1
4800 131 1
4801 262 1
4802 294 1
4803 249 1
4804 212 1
4805 56 1
4806 159 1
4807 577 1
4808 130 1
4809 370 0
4810 311 1
4811 554 1
4812 60 0
4813 445 1
4814 69 1
4815 102 0
4816 472 0
4817 574 1
4818 61 0
4819 584 0
4820 631 1
4821 214 1
4822 204 0
4823 53 0
4824 333 1
4825 307 1
4826 180 0
4827 82 1
4828 541 1
4829 461 1
4830 551 1
4831 150 1
4832 266 1
4833 484 0
4834 242 1
4835 584 1
4836 403 1
4837 373 0
4838 284 1
4839 288 1
4840 188 1
4841 617 1
4842 158 1
4843 593 0
4844 582 0
4845 4 1
4846 311 1
4847 198 0
4848 225 1
4849 251 0
4850 444 1
4851 42 0
4852 335 0
4853 164 1
4854 180 1
4855 584 1
4856 386 1
4857 76 1
4858 603 1
4859 591 0
4860 425 1
4861 360 1
4862 96 0
4863 15 1
4864 587 1
4865 128 1
4866 448 1
4867 589 0
4868 578 0
4869 105 0
4870 545 0
4871 466 0
4872 585 1
4873 178 1
4874 559 1
4875 423 0
4876 58 1
4877 415 0
4878 52 0
4879 460 1
4880 44 1
4881 382 1
4882 105 1
4883 624 1
4884 419 0
4885 136 0
4886 113 1
4887 591 1
4888 484 0
4889 588 0
4890 241 1
4891 78 1
4892 498 1
4893 438 1
4894 271 1
4895 537 1
4896 180 1
4897 164 1
4898 577 1
4899 316 0
4900 211 1
4901 18 1
4902 385 1
4903 369 1
4904 81 1
4905 616 1
4906 27 1
4907 605 0
4908 534 1
4909 414 1
4910 635 0
4911 477 1
4912 557 0
4913 448 1
4914 123 1
4915 196 0
4916 547 1
4917 643 0
4918 163 1
4919 504 1
4920 27 1
4921 550 1
4922 516 0
4923 563 1
4924 256 1
4925 559 1
4926 624 1
4927 401 1
4928 363 1
4929 373 0
4930 315 1
4931 159 1
4932 122 0
4933 496 0
4934 525 1
4935 513 1
4936 178 1
4937 583 1
4938 284 0
4939 440 1
4940 173 1
4941 117 1
4942 84 0
4943 28 1
4944 69 1
4945 272 1
4946 317 1
4947 585 1
4948 589 1
4949 56 1
4950 140 1
4951 352 1
4952 343 1
4953 344 1
4954 139 1
4955 506 0
4956 477 1
4957 457 1
4958 489 1
4959 347 1
4960 233 1
4961 290 1
4962 406 1
4963 320 1
4964 14 1
4965 158 1
4966 301 0
4967 449 1
4968 148 1
4969 618 0
4970 288 1
4971 599 1
4972 441 0
4973 29 1
4974 235 1
4975 191 1
4976 343 1
4977 357 1
4978 50 0
4979 446 0
4980 401 0
4981 195 1
4982 453 0
4983 48 1
4984 148 1
4985 243 0
4986 484 1
4987 540 0
4988 593 1
4989 558 1
4990 285 0
4991 644 0
4992 577 1
4993 79 1
4994 382 1
4995 32 1
4996 460 0
4997 188 1
4998 227 1
4999 217 1
5000 250 1
5001 150 1
5002 642 0
5003 362 0
5004 599 1
5005 122 1
5006 372 1
5007 214 0
5008 470 1
5009 272 1
5010 157 0
5011 330 1
5012 523 1
5013 232 1
5014 101 0
5015 464 1
5016 257 1
5017 425 1
5018 636 1
5019 184 0
5020 410 1
5021 168 1
5022 420 0
5023 427 1
5024 14 1
5025 429 0
5026 342 0
5027 135 0
5028 632 1
5029 310 1
5030 156 0
5031 424 0
5032 75 1
5033 6 0
5034 338 0
5035 3 0
5036 489 0
5037 226 0
5038 545 1
5039 494 0
5040 46 1
5041 69 1
5042 384 1
5043 600 0
5044 555 1
5045 451 1
5046 387 0
5047 463 1
5048 434 1
5049 520 1
5050 8 0
5051 216 1
5052 41 1
5053 101 1
5054 434 1
5055 484 1
5056 212 1
5057 223 1
5058 104 1
5059 314 0
5060 436 0
5061 65 0
5062 343 0
5063 624 1
5064 345 0
5065 244 1
5066 361 1
5067 182 1
5068 241 1
5069 327 1
5070 217 0
5071 510 0
5072 66 1
5073 364 0
5074 259 0
5075 176 0
5076 145 0
5077 212 1
5078 117 1
5079 605 0
5080 37 1
5081 155 0
5082 12 1
5083 147 1
5084 604 1
5085 276 1
5086 640 0
5087 589 0
5088 214 0
5089 223 1
5090 333 1
5091 507 1
5092 625 1
5093 314 0
5094 257 0
5095 543 1
5096 470 1
5097 39 0
5098 374 1
5099 83 0
5100 15 1
5101 501 1
5102 484 0
5103 55 1
5104 108 0
5105 510 1
5106 16 1
5107 259 1
5108 438 1
5109 85 1
5110 186 0
5111 336 1
5112 21 0
5113 486 1
5114 553 1
5115 76 1
5116 259 1
5117 554 1
5118 378 0
5119 144 1
5120 226 1
5121 267 0
5122 374 1
5123 223 1
5124 438 0
5125 202 1
5126 277 1
5127 628 1
5128 253 1
5129 41 1
5130 377 0
5131 77 0
5132 43 1
5133 81 1
5134 588 1
5135 247 1
5136 227 0
5137 396 1
5138 380 1
5139 107 1
5140 276 0
5141 145 1
5142 187 1
5143 190 0
5144 589 1
5145 593 1
5146 334 1
5147 304 0
5148 4 1
5149 145 1
5150 603 1
5151 108 1
5152 239 0
5153 133 1
5154 472 1
5155 140 1
5156 534 0
5157 3 1
5158 414 0
5159 500 0
5160 409 1
5161 27 1
5162 466 0
5163 467 1
5164 57 1
5165 409 1
5166 345 0
5167 193 1
5168 362 1
5169 550 1
5170 551 0
5171 284 0
5172 332 1
5173 493 1
5174 464 0
5175 452 1
5176 145 1
5177 319 1
5178 151 1
5179 429 0
5180 102 0
5181 215 0
5182 50 1
5183 370 1
5184 74 1
5185 593 1
5186 321 1
5187 397 1
5188 511 0
5189 94 1
5190 587 1
5191 552 1
5192 373 0
5193 29 1
5194 360 1
5195 79 1
5196 636 1
5197 248 1
5198 42 0
5199 438 1
5200 241 0
5201 81 1
5202 619 1
5203 555 1
5204 71 1
5205 155 0
5206 542 0
5207 76 0
5208 273 1
5209 134 0
5210 556 1
5211 443 0
5212 493 1
5213 573 0
5214 4 1
5215 636 1
5216 107 1
5217 154 0
5218 534 0
5219 543 0
5220 68 1
5221 595 0
5222 108 1
5223 221 0
5224 125 1
5225 361 1
5226 561 0
5227 568 0
5228 182 1
5229 276 1
5230 209 0
5231 431 1
5232 323 1
5233 374 1
5234 5 0
5235 165 1
5236 317 0
5237 23 0
5238 135 1
5239 145 1
5240 592 1
5241 280 1
5242 642 1
5243 249 0
5244 38 0
5245 365 1
5246 139 1
5247 540 0
5248 84 1
5249 29 1
5250 533 0
5251 138 0
5252 295 0
5253 615 0
5254 390 1
5255 21 0
5256 606 1
5257 185 1
5258 489 1
5259 138 1
5260 314 1
5261 106 1
5262 639 1
5263 262 0
5264 270 0
5265 151 1
5266 462 0
5267 355 1
5268 444 0
5269 518 1
5270 433 0
5271 519 1
5272 188 1
5273 345 0
5274 485 0
5275 535 1
5276 327 0
5277 591 1
5278 642 1
5279 384 0
5280 483 1
5281 409 1
5282 172 1
5283 405 0
5284 429 1
5285 153 1
5286 165 0
5287 596 0
5288 62 1
5289 361 1
5290 111 1
5291 40 1
5292 248 1
5293 99 1
5294 178 1
5295 489 1
5296 373 0
5297 309 1
5298 358 1
5299 501 0
5300 333 0
5301 336 0
5302 20 1
5303 191 1
5304 567 0
5305 621 1
5306 159 0
5307 456 0
5308 631 1
5309 630 1
5310 393 0
5311 173 1
5312 75 0
5313 7 1
5314 536 1
5315 560 1
5316 510 1
5317 62 1
5318 522 1
5319 597 1
5320 160 1
5321 462 1
5322 574 1
5323 59 1
5324 184 1
5325 64 0
5326 518 1
5327 39 1
5328 58 1
5329 374 0
5330 538 1
5331 158 1
5332 524 1
5333 273 1
5334 473 1
5335 193 1
5336 137 1
5337 293 0
5338 284 0
5339 611 1
5340 388 1
5341 386 0
5342 251 1
5343 202 1
5344 455 1
5345 251 1
5346 205 1
5347 91 1
5348 622 0
5349 478 1
5350 573 1
5351 424 0
5352 29 0
5353 116 0
5354 408 1
5355 129 0
5356 96 0
5357 404 1
5358 279 1
5359 3 1
5360 523 0
5361 422 1
5362 4 0
5363 152 1
5364 208 1
5365 416 1
5366 4 0
5367 185 0
5368 243 0
5369 339 1
5370 367 0
5371 157 1
5372 323 1
5373 157 1
5374 516 1
5375 31 0
5376 400 1
5377 461 1
5378 297 1
5379 377 1
5380 592 1
5381 633 0
5382 320 1
5383 630 0
5384 459 1
5385 562 1
5386 131 0
5387 629 0
5388 629 1
5389 396 0
5390 286 1
5391 241 1
5392 211 0
5393 437 0
5394 18 1
5395 360 0
5396 303 1
5397 562 1
5398 505 1
5399 534 1
5400 202 1
5401 485 1
5402 519 1
5403 135 1
5404 594 1
5405 342 1
5406 297 1
5407 261 1
5408 624 1
5409 371 0
5410 208 1
5411 600 0
5412 426 1
5413 465 1
5414 395 1
5415 598 1
5416 146 1
5417 286 1
5418 254 0
5419 507 1
5420 291 0
5421 423 0
5422 126 1
5423 451 0
5424 70 0
5425 95 0
5426 255 1
5427 128 0
5428 552 0
5429 306 1
5430 295 1
5431 255 1
5432 44 1
5433 453 1
5434 301 1
5435 486 1
5436 503 1
5437 535 1
5438 288 1
5439 82 1
5440 510 1
5441 628 0
5442 212 0
5443 132 0
5444 44 0
5445 423 1
5446 37 1
5447 120 0
5448 559 0
5449 364 1
5450 228 1
5451 163 0
5452 462 0
5453 63 0
5454 387 0
5455 448 0
5456 314 1
5457 349 1
5458 527 1
5459 2 1
5460 267 1
5461 249 1
5462 442 1
5463 379 1
5464 290 1
5465 564 0
5466 296 1
5467 596 0
5468 119 0
5469 202 0
5470 159 1
5471 98 1
5472 421 1
5473 348 1
5474 275 1
5475 221 1
5476 114 1
5477 195 1
5478 187 1
5479 260 1
5480 11 1
5481 342 0
5482 253 1
5483 404 1
5484 292 1
5485 226 1
5486 596 1
5487 264 1
5488 118 1
5489 14 1
5490 301 1
5491 283 1
5492 45 1
5493 319 1
5494 391 1
5495 56 1
5496 105 1
5497 49 1
5498 30 1
5499 77 1
5500 400 1
5501 121 1
5502 611 1
5503 55 1
5504 337 0
5505 462 0
5506 297 1
5507 401 0
5508 571 1
5509 574 0
5510 630 1
5511 59 1
5512 367 0
5513 432 0
5514 555 1
5515 59 1
5516 152 1
5517 0 0
5518 557 0
5519 179 0
5520 125 1
5521 235 1
5522 88 1
5523 103 1
5524 50 0
5525 316 0
5526 1 0
5527 109 1
5528 484 1
5529 104 1
5530 389 1
5531 51 0
5532 335 1
5533 644 0
5534 99 1
5535 489 0
5536 166 1
5537 622 0
5538 54 1
5539 261 0
5540 104 0
5541 123 1
5542 307 0
5543 465 1
5544 120 0
5545 533 1
5546 80 1
5547 398 1
5548 621 1
5549 11 1
5550 559 0
5551 276 1
5552 564 0
5553 335 1
5554 334 1
5555 54 1
5556 520 1
5557 536 0
5558 394 0
5559 321 1
5560 273 1
5561 363 0
5562 134 1
5563 117 0
5564 498 0
5565 169 0
5566 620 1
5567 485 1
5568 46 1
5569 497 0
5570 110 1
5571 165 1
5572 67 1
5573 152 0
5574 397 1
5575 315 1
5576 22 0
5577 363 0
5578 134 0
5579 250 1
5580 600 1
5581 385 1
5582 204 1
5583 454 1
5584 377 1
5585 622 1
5586 196 1
5587 465 0
5588 183 1
5589 64 1
5590 437 1
5591 582 1
5592 397 1
5593 600 1
5594 120 1
5595 503 0
5596 602 0
5597 643 1
5598 453 0
5599 412 1
5600 106 0
5601 19 1
5602 516 1
5603 559 1
5604 440 0
5605 611 1
5606 350 1
5607 32 1
5608 196 0
5609 625 1
5610 169 1
5611 383 1
5612 74 0
5613 288 1
5614 190 1
5615 51 0
5616 428 1
5617 591 0
5618 539 1
5619 339 1
5620 476 1
5621 552 1
5622 201 0
5623 283 1
5624 555 1
5625 60 1
5626 94 0
5627 198 1
5628 180 0
5629 35 1
5630 525 1
5631 643 0
5632 150 1
5633 593 1
5634 434 0
5635 363 1
5636 576 1
5637 438 1
5638 201 0
5639 521 0
5640 323 0
5641 176 1
5642 372 1
5643 579 1
5644 208 1
5645 254 1
5646 40 0
5647 381 1
5648 188 0
5649 219 1
5650 592 1
5651 234 1
5652 200 1
5653 640 0
5654 79 1
5655 497 1
5656 437 1
5657 168 0
5658 395 0
5659 64 0
5660 55 1
5661 30 1
5662 562 0
5663 278 1
5664 72 0
5665 75 1
5666 427 0
5667 536 1
5668 321 1
5669 375 1
5670 395 1
5671 150 1
5672 248 0
5673 344 1
5674 404 1
5675 593 1
5676 73 1
5677 548 1
5678 383 1
5679 88 0
5680 18 1
5681 467 0
5682 456 1
5683 411 1
5684 229 0
5685 517 0
5686 361 1
5687 159 0
5688 325 1
5689 600 1
5690 259 0
5691 544 1
5692 520 1
5693 307 1
5694 621 1
5695 52 1
5696 542 1
5697 431 1
5698 217 1
5699 462 0
5700 330 1
5701 418 1
5702 349 0
5703 641 1
5704 420 0
5705 105 1
5706 484 0
5707 352 0
5708 444 1
5709 601 0
5710 386 1
5711 398 0
5712 521 1
5713 621 0
5714 365 0
5715 532 1
5716 128 0
5717 74 1
5718 221 1
5719 490 0
5720 5 1
5721 24 1
5722 593 1
5723 196 1
5724 374 1
5725 152 0
5726 162 0
5727 391 1
5728 74 0
5729 115 1
5730 161 1
5731 474 1
5732 283 1
5733 98 1
5734 610 1
5735 494 1
5736 532 1
5737 453 1
5738 233 1
5739 219 1
5740 149 1
5741 70 1
5742 269 1
5743 333 1
5744 175 1
5745 129 1
5746 427 1
5747 603 1
5748 507 0
5749 563 0
5750 637 1
5751 428 1
5752 277 1
5753 359 1
5754 232 1
5755 464 1
5756 297 1
5757 32 1
5758 342 1
5759 256 1
5760 146 1
5761 186 1
5762 337 1
5763 631 0
5764 200 0
5765 11 1
5766 308 0
5767 64 1
5768 22 1
5769 442 1
5770 342 1
5771 621 1
5772 143 1
5773 553 0
5774 350 1
5775 343 0
5776 542 1
5777 417 1
5778 20 1
5779 426 1
5780 292 0
5781 397 1
5782 224 1
5783 533 1
5784 225 1
5785 493 1
5786 584 1
5787 561 1
5788 462 0
5789 561 1
5790 626 0
5791 11 1
5792 127 1
5793 97 1
5794 170 0
5795 351 1
5796 299 1
5797 402 0
5798 558 1
5799 117 1
5800 612 0
5801 52 1
5802 419 1
5803 627 1
5804 430 1
5805 395 1
5806 149 1
5807 265 1
5808 181 1
5809 415 1
5810 224 1
5811 153 0
5812 217 1
5813 386 1
5814 192 0
5815 252 1
5816 461 0
5817 51 1
5818 265 1
5819 463 0
5820 576 0
5821 445 0
5822 612 0
5823 348 0
5824 412 0
5825 484 0
5826 231 1
5827 499 1
5828 540 1
5829 563 1
5830 91 0
5831 232 0
5832 475 1
5833 126 1
5834 316 0
5835 129 1
5836 142 1
5837 311 1
5838 624 0
5839 249 0
5840 116 1
5841 366 0
5842 66 1
5843 135 0
5844 446 1
5845 25 0
5846 217 1
5847 421 1
5848 532 0
5849 127 1
5850 476 0
5851 434 1
5852 178 1
5853 74 0
5854 98 0
5855 540 1
5856 388 0
5857 546 1
5858 466 1
5859 400 0
5860 82 1
5861 144 1
5862 30 1
5863 331 1
5864 459 1
5865 105 1
5866 69 1
5867 247 1
5868 624 1
5869 396 1
5870 629 0
5871 276 1
5872 537 1
5873 174 0
5874 197 1
5875 610 1
5876 338 1
5877 563 0
5878 21 1
5879 270 1
5880 62 1
5881 118 1
5882 261 0
5883 371 1
5884 26 1
5885 310 0
5886 398 0
5887 374 1
5888 110 1
5889 633 1
5890 453 1
5891 571 1
5892 54 0
5893 507 1
5894 94 0
5895 539 0
5896 499 0
5897 273 0
5898 362 0
5899 348 1
5900 106 1
5901 398 0
5902 583 1
5903 142 0
5904 7 0
5905 348 0
5906 67 1
5907 607 1
5908 111 0
5909 180 1
5910 586 0
5911 347 0
5912 79 1
5913 541 1
5914 611 1
5915 184 1
5916 242 0
5917 570 1
5918 49 0
5919 221 0
5920 190 0
5921 516 1
5922 182 1
5923 371 1
5924 280 1
5925 492 1
5926 618 0
5927 1 0
5928 161 0
5929 486 1
5930 126 0
5931 192 0
5932 600 1
5933 540 0
5934 177 1
5935 44 0
5936 16 1
5937 616 1
5938 379 0
5939 477 1
5940 233 0
5941 219 1
5942 510 0
5943 251 1
5944 110 0
5945 137 0
5946 111 1
5947 596 1
5948 431 0
5949 55 1
5950 592 1
5951 322 0
5952 7 1
5953 147 1
5954 620 1
5955 384 1
5956 295 0
5957 407 1
5958 172 0
5959 170 0
5960 98 1
5961 511 1
5962 621 0
5963 260 1
5964 293 1
5965 363 1
5966 414 1
5967 189 0
5968 319 1
5969 139 1
5970 315 1
5971 495 1
5972 475 1
5973 109 1
5974 254 0
5975 284 1
5976 570 1
5977 546 0
5978 597 1
5979 294 0
5980 476 1
5981 478 0
5982 29 1
5983 644 0
5984 350 1
5985 643 0
5986 17 0
5987 614 1
5988 89 1
5989 486 0
5990 349 1
5991 43 0
5992 260 1
5993 153 1
5994 98 0
5995 450 1
5996 443 1
5997 160 1
5998 290 1
5999 168 0
6000 289 1
6001 8 0
6002 643 1
6003 138 1
6004 48 0
6005 423 1
6006 90 1
6007 11 1
6008 403 1
6009 547 0
6010 595 1
6011 424 1
6012 619 1
6013 206 1
6014 90 1
6015 252 1
6016 525 1
6017 33 1
6018 221 1
6019 603 0
6020 144 1
6021 6 1
6022 202 1
6023 568 0
6024 166 1
6025 455 1
6026 161 0
6027 494 1
6028 173 0
6029 384 0
6030 422 1
6031 634 1
6032 235 1
6033 172 0
6034 187 1
6035 65 0
6036 503 1
6037 549 0
6038 81 0
6039 6 1
6040 290 1
6041 355 1
6042 42 1
6043 571 0
6044 252 0
6045 462 1
6046 278 0
6047 323 1
6048 466 1
6049 310 1
6050 610 0
6051 323 1
6052 447 1
6053 514 1
6054 55 1
6055 122 1
6056 328 1
6057 127 1
6058 29 1
6059 569 0
6060 349 1
6061 303 1
6062 176 1
6063 488 1
6064 454 1
6065 635 0
6066 521 1
6067 235 1
6068 541 1
6069 198 0
6070 616 1
6071 280 1
6072 144 1
6073 8 1
6074 454 0
6075 440 1
6076 294 0
6077 132 0
6078 64 1
6079 461 1
6080 113 1
6081 285 1
6082 120 1
6083 312 1
6084 609 0
6085 597 1
6086 169 1
6087 219 1
6088 625 1
6089 472 1
6090 144 1
6091 576 1
6092 357 1
6093 256 0
6094 23 1
6095 279 0
6096 516 0
6097 126 1
6098 416 1
6099 637 1
6100 280 1
6101 307 1
6102 170 1
6103 103 1
6104 101 0
6105 568 1
6106 189 1
6107 30 1
6108 546 1
6109 315 1
6110 351 1
6111 54 1
6112 498 0
6113 198 0
6114 603 1
6115 641 0
6116 127 1
6117 36 1
6118 177 1
6119 431 0
6120 61 1
6121 507 1
6122 200 1
6123 151 1
6124 164 0
6125 19 1
6126 401 1
6127 77 0
6128 245 1
6129 516 1
6130 457 0
6131 435 1
6132 163 1
6133 221 1
6134 602 1
6135 603 0
6136 354 0
6137 268 1
6138 351 1
6139 4 1
6140 225 1
6141 369 0
6142 96 1
6143 212 1
6144 60 1
6145 537 0
6146 579 1
6147 450 1
6148 145 0
6149 431 0
6150 26 0
6151 112 1
6152 202 1
6153 283 1
6154 139 1
6155 407 1
6156 302 1
6157 330 0
6158 562 1
6159 78 1
6160 617 1
6161 488 1
6162 290 1
6163 641 1
6164 303 1
6165 514 1
6166 156 1
6167 58 1
6168 354 1
6169 259 1
6170 612 1
6171 197 0
6172 145 1
6173 6 1
6174 408 0
6175 33 0
6176 47 1
6177 270 1
6178 161 1
6179 105 1
6180 33 1
6181 141 1
6182 601 0
6183 540 0
6184 524 1
6185 143 0
6186 159 1
6187 107 1
6188 206 1
6189 352 0
6190 190 1
6191 341 1
6192 261 1
6193 559 1
6194 226 1
6195 233 0
6196 631 1
6197 441 1
6198 566 1
6199 237 1
6200 474 1
6201 292 1
6202 60 1
6203 277 1
6204 497 1
6205 236 1
6206 361 0
6207 256 1
6208 537 1
6209 383 0
6210 182 0
6211 369 1
6212 339 0
6213 102 0
6214 485 1
6215 53 1
6216 60 1
6217 287 1
6218 85 0
6219 387 1
6220 533 1
6221 601 1
6222 541 1
6223 211 0
6224 374 1
6225 551 1
6226 550 1
6227 71 1
6228 425 1
6229 489 0
6230 498 1
6231 564 1
6232 235 1
6233 33 0
6234 101 1
6235 242 1
6236 384 1
6237 223 0
6238 410 1
6239 60 1
6240 367 0
6241 43 1
6242 225 1
6243 493 0
6244 272 0
6245 255 1
6246 235 0
6247 38 0
6248 372 1
6249 130 0
6250 477 1
6251 455 1
6252 562 0
6253 480 0
6254 451 1
6255 450 1
6256 498 0
6257 422 1
6258 592 0
6259 68 1
6260 608 1
6261 345 1
6262 489 0
6263 8 1
6264 439 0
6265 28 0
6266 502 1
6267 471 1
6268 508 1
6269 85 1
6270 185 1
6271 472 1
6272 368 0
6273 101 1
6274 512 1
6275 534 0
6276 484 1
6277 13 1
6278 602 1
6279 536 0
6280 151 1
6281 7 1
6282 395 0
6283 411 1
6284 116 1
6285 557 1
6286 371 1
6287 332 1
6288 617 0
6289 409 1
6290 594 1
6291 308 1
6292 509 1
6293 108 1
6294 335 1
6295 201 1
6296 555 1
6297 471 0
6298 18 1
6299 548 1
6300 73 0
6301 435 1
6302 175 1
6303 530 0
6304 547 0
6305 624 1
6306 568 1
6307 268 1
6308 601 1
6309 245 1
6310 359 1
6311 116 1
6312 639 1
6313 559 1
6314 172 0
6315 138 1
6316 253 1
6317 36 1
6318 43 1
6319 568 1
6320 191 1
6321 434 1
6322 174 0
6323 539 0
6324 418 0
6325 413 0
6326 570 0
6327 395 1
6328 464 1
6329 569 1
6330 111 1
6331 228 0
6332 629 1
6333 132 1
6334 161 0
6335 610 0
6336 586 1
6337 466 1
6338 442 0
6339 245 1
6340 492 0
6341 340 0
6342 535 1
6343 329 0
6344 384 1
6345 337 1
6346 301 1
6347 198 1
6348 168 1
6349 304 1
6350 377 1
6351 36 1
6352 9 1
6353 426 1
6354 202 1
6355 5 0
6356 32 0
6357 458 1
6358 420 1
6359 268 0
6360 381 0
6361 638 1
6362 517 0
6363 314 0
6364 514 0
6365 369 1
6366 235 1
6367 550 1
6368 247 1
6369 26 1
6370 342 1
6371 490 0
6372 362 1
6373 281 1
6374 430 0
6375 281 1
6376 494 0
6377 187 1
6378 466 1
6379 399 1
6380 475 1
6381 567 0
6382 505 0
6383 286 1
6384 142 0
6385 548 1
6386 336 1
6387 199 1
6388 36 0
6389 175 1
6390 361 1
6391 617 1
6392 77 0
6393 562 0
6394 8 1
6395 219 1
6396 424 1
6397 532 0
6398 589 1
6399 376 0
6400 478 0
6401 555 1
6402 12 0
6403 199 0
6404 574 0
6405 499 1
6406 169 1
6407 493 1
6408 614 1
6409 137 1
6410 74 1
6411 444 1
6412 473 1
6413 122 1
6414 489 1
6415 496 1
6416 126 1
6417 476 1
6418 500 0
6419 179 0
6420 388 1
6421 66 0
6422 488 1
6423 142 1
6424 317 1
6425 419 1
6426 620 1
6427 229 0
6428 534 1
6429 221 1
6430 197 1
6431 48 0
6432 463 1
6433 454 1
6434 538 1
6435 94 1
6436 13 1
6437 177 0
6438 67 1
6439 289 1
6440 592 1
6441 115 0
6442 266 1
6443 363 1
6444 35 0
6445 526 1
6446 641 1
6447 548 1
6448 438 1
6449 132 1
6450 337 1
6451 597 1
6452 379 1
6453 182 0
6454 434 1
6455 162 1
6456 519 1
6457 295 1
6458 606 0
6459 295 0
6460 583 1
6461 213 0
6462 99 1
6463 386 0
6464 457 1
6465 216 1
6466 84 0
6467 483 0
6468 291 1
6469 240 0
6470 483 0
6471 453 1
6472 20 1
6473 489 0
6474 93 1
6475 607 0
6476 309 0
6477 603 0
6478 283 1
6479 292 1
6480 201 0
6481 236 1
6482 25 1
6483 87 0
6484 86 1
6485 380 1
6486 78 1
6487 266 0
6488 267 0
6489 71 0
6490 234 1
6491 384 0
6492 200 1
6493 298 1
6494 25 1
6495 562 1
6496 447 1
6497 504 0
6498 219 1
6499 127 1
6500 275 1
6501 206 1
6502 34 1
6503 451 1
6504 566 1
6505 9 1
6506 548 0
6507 54 1
6508 75 0
6509 571 1
6510 283 0
6511 328 1
6512 634 0
6513 541 0
6514 126 0
6515 498 0
6516 514 1
6517 101 0
6518 515 1
6519 188 1
6520 414 1
6521 592 0
6522 584 1
6523 404 1
6524 331 0
6525 107 1
6526 166 1
6527 38 1
6528 607 0
6529 355 1
6530 586 0
6531 490 0
6532 251 1
6533 334 1
6534 483 0
6535 550 1
6536 67 1
6537 569 1
6538 483 1
6539 5 1
6540 6 0
6541 122 0
6542 532 0
6543 319 0
6544 86 1
6545 582 0
6546 222 0
6547 466 1
6548 358 1
6549 587 0
6550 25 0
6551 448 1
6552 336 0
6553 75 1
6554 39 0
6555 328 0
6556 176 0
6557 209 1
6558 603 0
6559 549 1
6560 542 0
6561 64 1
6562 253 0
6563 584 1
6564 33 1
6565 154 1
6566 373 0
6567 135 1
6568 313 0
6569 224 0
6570 282 1
6571 382 1
6572 350 1
6573 514 1
6574 459 1
6575 346 1
6576 252 1
6577 467 1
6578 288 1
6579 464 1
6580 288 1
6581 364 1
6582 560 0
6583 66 1
6584 56 1
6585 566 1
6586 189 1
6587 136 1
6588 234 1
6589 196 0
6590 423 0
6591 389 1
6592 299 0
6593 529 0
6594 619 1
6595 249 1
6596 306 1
6597 271 1
6598 460 1
6599 435 1
6600 619 1
6601 194 1
6602 643 0
6603 51 1
6604 327 1
6605 266 1
6606 136 0
6607 120 0
6608 222 1
6609 370 0
6610 345 0
6611 443 1
6612 580 0
6613 220 0
6614 391 1
6615 250 0
6616 358 1
6617 521 1
6618 113 1
6619 574 1
6620 158 1
6621 538 0
6622 197 1
6623 77 0
6624 10 1
6625 592 1
6626 414 1
6627 345 1
6628 452 1
6629 91 1
6630 568 0
6631 555 1
6632 125 1
6633 623 1
6634 343 1
6635 34 1
6636 86 1
6637 135 1
6638 577 1
6639 34 0
6640 644 1
6641 281 1
6642 364 1
6643 101 1
6644 548 0
6645 353 0
6646 525 1
6647 92 1
6648 35 0
6649 244 0
6650 598 1
6651 211 1
6652 189 0
6653 307 1
6654 543 0
6655 56 1
6656 307 1
6657 294 1
6658 319 0
6659 182 1
6660 579 0
6661 25 1
6662 139 1
6663 449 0
6664 172 0
6665 536 0
6666 310 0
6667 157 0
6668 442 1
6669 613 1
6670 144 1
6671 230 0
6672 353 1
6673 471 1
6674 259 0
6675 234 0
6676 536 0
6677 629 1
6678 369 0
6679 196 1
6680 466 1
6681 13 0
6682 175 0
6683 623 0
6684 610 1
6685 304 1
6686 607 0
6687 554 1
6688 390 1
6689 336 1
6690 388 0
6691 189 1
6692 185 1
6693 302 0
6694 600 1
6695 434 1
6696 571 1
6697 545 1
6698 602 0
6699 65 1
6700 462 1
6701 24 1
6702 243 1
6703 88 1
6704 313 1
6705 629 1
6706 341 0
6707 321 0
6708 331 1
6709 419 1
6710 469 1
6711 55 0
6712 640 1
6713 496 1
6714 471 1
6715 503 1
6716 270 1
6717 61 1
6718 461 1
6719 493 0
6720 557 0
6721 171 1
6722 634 1
6723 111 1
6724 462 1
6725 599 1
6726 78 1
6727 29 0
6728 610 0
6729 9 1
6730 426 1
6731 72 1
6732 395 0
6733 556 0
6734 266 0
6735 326 1
6736 220 0
6737 408 1
6738 328 0
6739 523 1
6740 388 0
6741 416 1
6742 487 1
6743 531 1
6744 311 1
6745 235 1
6746 408 0
6747 136 1
6748 425 0
6749 354 0
6750 428 0
6751 209 0
6752 516 0
6753 205 1
6754 483 0
6755 337 0
6756 553 1
6757 32 0
6758 546 1
6759 186 1
6760 451 0
6761 297 1
6762 68 0
6763 349 1
6764 464 1
6765 541 0
6766 86 1
6767 243 0
6768 62 1
6769 149 1
6770 508 1
6771 119 1
6772 578 1
6773 150 0
6774 63 1
6775 31 1
6776 104 1
6777 60 1
6778 100 0
6779 22 1
6780 459 1
6781 151 1
6782 644 1
6783 487 1
6784 182 0
6785 607 1
6786 453 0
6787 453 0
6788 217 1
6789 197 1
6790 286 1
6791 126 1
6792 549 1
6793 547 0
6794 587 1
6795 554 1
6796 463 1
6797 286 0
6798 447 1
6799 524 0
6800 95 1
6801 13 1
6802 544 1
6803 273 1
6804 408 0
6805 381 1
6806 47 0
6807 423 1
6808 48 1
6809 585 1
6810 226 1
6811 367 1
6812 539 0
6813 500 0
6814 120 1
6815 309 1
6816 205 0
6817 102 1
6818 127 0
6819 212 1
6820 194 1
6821 576 1
6822 455 1
6823 176 1
6824 19 1
6825 469 0
6826 587 1
6827 283 0
6828 192 1
6829 169 0
6830 517 1
6831 512 1
6832 139 0
6833 165 1
6834 338 1
6835 156 1
6836 318 1
6837 112 0
6838 434 0
6839 616 1
6840 381 1
6841 46 1
6842 625 1
6843 152 1
6844 467 0
6845 477 1
6846 131 1
6847 393 1
6848 299 1
6849 529 1
6850 292 1
6851 508 0
6852 112 1
6853 86 1
6854 239 1
6855 339 0
6856 483 1
6857 292 1
6858 62 1
6859 635 1
6860 97 1
6861 200 1
6862 152 1
6863 492 1
6864 508 1
6865 435 1
6866 401 0
6867 104 1
6868 249 1
6869 407 0
6870 233 1
6871 456 0
6872 479 0
6873 534 0
6874 524 1
6875 409 1
6876 323 1
6877 197 1
6878 551 1
6879 265 0
6880 405 1
6881 553 0
6882 329 0
6883 30 0
6884 195 1
6885 422 1
6886 531 1
6887 491 1
6888 321 1
6889 253 1
6890 236 0
6891 176 0
6892 620 1
6893 374 1
6894 402 1
6895 287 1
6896 34 0
6897 324 0
6898 199 1
6899 297 1
6900 131 1
6901 162 0
6902 299 0
6903 375 0
6904 373 1
6905 167 1
6906 631 1
6907 516 1
6908 57 1
6909 471 1
6910 231 1
6911 622 0
6912 292 1
6913 621 1
6914 639 1
6915 217 1
6916 331 0
6917 136 1
6918 373 1
6919 590 1
6920 479 0
6921 58 0
6922 448 1
6923 410 1
6924 158 1
6925 312 1
6926 333 1
6927 639 1
6928 574 1
6929 456 1
6930 235 1
6931 49 0
6932 400 1
6933 543 0
6934 44 0
6935 214 1
6936 593 1
6937 336 1
6938 185 1
6939 233 0
6940 322 1
6941 79 1
6942 173 0
6943 620 0
6944 35 0
6945 17 1
6946 443 1
6947 183 0
6948 244 0
6949 311 0
6950 554 1
6951 159 1
6952 144 1
6953 230 1
6954 580 1
6955 19 1
6956 355 1
6957 252 0
6958 156 1
6959 622 1
6960 634 0
6961 454 1
6962 61 1
6963 623 1
6964 59 1
6965 578 1
6966 162 1
6967 455 0
6968 571 1
6969 620 0
6970 495 1
6971 95 1
6972 78 0
6973 80 1
6974 558 1
6975 426 0
6976 51 1
6977 327 1
6978 213 0
6979 395 1
6980 579 1
6981 232 1
6982 405 0
6983 388 0
6984 74 1
6985 177 1
6986 350 1
6987 129 1
6988 612 1
6989 18 0
6990 258 1
6991 412 1
6992 19 1
6993 407 0
6994 384 1
6995 504 0
6996 477 1
6997 391 0
6998 126 1
6999 561 0
7000 490 0
7001 117 0
7002 350 0
7003 616 1
7004 448 1
7005 175 1
7006 409 0
7007 364 1
7008 21 1
7009 8 0
7010 275 1
7011 62 1
7012 589 0
7013 337 1
7014 580 0
7015 255 1
7016 322 1
7017 597 1
7018 612 0
7019 330 1
7020 541 1
7021 461 1
7022 439 1
7023 81 0
7024 290 1
7025 212 0
7026 587 1
7027 20 1
7028 68 1
7029 585 1
7030 602 1
7031 405 0
7032 553 1
7033 299 1
7034 272 1
7035 274 1
7036 481 0
7037 457 0
7038 263 1
7039 75 1
7040 613 1
7041 466 1
7042 547 1
7043 425 1
7044 190 1
7045 594 1
7046 537 0
7047 419 1
7048 58 1
7049 312 0
7050 42 1
7051 482 1
7052 33 1
7053 138 1
7054 181 1
7055 189 0
7056 494 0
7057 51 0
7058 481 1
7059 342 1
7060 180 0
7061 166 1
7062 638 0
7063 518 1
7064 643 0
7065 374 0
7066 120 0
7067 555 0
7068 506 0
7069 433 0
7070 255 0
7071 183 1
7072 610 0
7073 484 1
7074 57 1
7075 465 0
7076 472 1
7077 303 1
7078 556 1
7079 509 0
7080 346 1
7081 586 1
7082 441 1
7083 611 1
7084 530 1
7085 337 1
7086 362 0
7087 236 1
7088 102 1
7089 120 0
7090 248 0
7091 382 1
7092 565 0
7093 525 0
7094 200 1
7095 378 1
7096 611 1
7097 368 1
7098 147 1
7099 57 1
7100 82 0
7101 164 1
7102 255 1
7103 110 1
7104 467 1
7105 509 1
7106 163 0
7107 130 1
7108 278 0
7109 544 0
7110 391 1
7111 381 1
7112 572 1
7113 111 0
7114 431 0
7115 91 0
7116 548 1
7117 296 1
7118 3 0
7119 507 1
7120 629 1
7121 517 1
7122 610 0
7123 207 0
7124 4 1
7125 78 0
7126 367 1
7127 91 1
7128 555 1
7129 353 0
7130 356 1
7131 202 1
7132 48 1
7133 409 1
7134 252 0
7135 506 1
7136 635 1
7137 360 1
7138 373 1
7139 200 1
7140 20 1
7141 112 1
7142 84 1
7143 20 0
7144 399 1
7145 328 1
7146 166 0
7147 353 1
7148 377 0
7149 257 0
7150 380 1
7151 205 0
7152 482 1
7153 319 1
7154 479 0
7155 580 1
7156 136 1
7157 225 0
7158 236 0
7159 198 1
7160 603 1
7161 84 1
7162 397 0
7163 330 1
7164 546 0
7165 97 1
7166 46 1
7167 644 1
7168 214 1
7169 85 1
7170 176 0
7171 539 0
7172 53 1
7173 524 0
7174 349 1
7175 263 0
7176 589 1
7177 416 1
7178 131 1
7179 454 0
7180 36 0
7181 297 1
7182 193 0
7183 602 1
7184 599 1
7185 448 0
7186 56 0
7187 435 1
7188 438 0
7189 382 1
7190 377 0
7191 433 0
7192 339 1
7193 1 0
7194 298 1
7195 486 1
7196 345 1
7197 401 0
7198 419 1
7199 285 1
7200 401 1
7201 489 0
7202 406 1
7203 550 1
7204 578 0
7205 333 1
7206 279 1
7207 623 0
7208 310 1
7209 427 1
7210 426 1
7211 282 1
7212 399 0
7213 4 0
7214 388 0
7215 531 1
7216 353 0
7217 586 1
7218 639 0
7219 306 1
7220 118 1
7221 238 1
7222 101 1
7223 363 0
7224 188 1
7225 367 0
7226 406 1
7227 80 1
7228 26 0
7229 310 0
7230 358 1
7231 543 0
7232 556 0
7233 174 1
7234 316 1
7235 469 1
7236 459 1
7237 179 0
7238 263 1
7239 319 1
7240 28 1
7241 412 0
7242 29 1
7243 571 1
7244 562 0
7245 461 1
7246 416 1
7247 334 1
7248 192 1
7249 216 1
7250 336 1
7251 289 0
7252 87 0
7253 50 1
7254 343 1
7255 148 1
7256 394 1
7257 144 1
7258 393 1
7259 470 0
7260 298 1
7261 577 1
7262 630 0
7263 389 1
7264 122 0
7265 24 1
7266 639 1
7267 593 1
7268 114 0
7269 424 1
7270 359 1
7271 183 1
7272 472 0
7273 523 1
7274 390 0
7275 514 1
7276 618 0
7277 105 1
7278 61 1
7279 112 1
7280 448 0
7281 634 0
7282 435 1
7283 515 1
7284 572 1
7285 361 1
7286 214 1
7287 394 1
7288 210 0
7289 238 1
7290 612 1
7291 636 0
7292 546 1
7293 520 0
7294 583 1
7295 130 1
7296 117 1
7297 175 0
7298 40 1
7299 448 0
7300 332 1
7301 245 0
7302 55 1
7303 572 1
7304 258 1
7305 213 0
7306 264 1
7307 141 0
7308 292 0
7309 112 0
7310 642 1
7311 601 1
7312 345 0
7313 13 0
7314 162 1
7315 352 1
7316 617 1
7317 380 1
7318 583 0
7319 276 1
7320 472 0
7321 397 1
7322 40 0
7323 241 1
7324 548 1
7325 540 1
7326 580 1
7327 6 1
7328 612 1
7329 21 0
7330 472 0
7331 616 1
7332 310 1
7333 455 1
7334 5 1
7335 429 0
7336 560 1
7337 552 0
7338 68 1
7339 272 0
7340 487 1
7341 508 0
7342 11 1
7343 58 1
7344 525 1
7345 100 0
7346 438 1
7347 135 0
7348 414 0
7349 336 1
7350 15 1
7351 243 0
7352 287 1
7353 523 0
7354 283 1
7355 318 0
7356 302 0
7357 540 0
7358 34 1
7359 283 1
7360 17 1
7361 242 1
7362 454 1
7363 543 1
7364 306 1
7365 634 1
7366 331 1
7367 236 1
7368 367 1
7369 320 0
7370 248 0
7371 123 1
7372 158 1
7373 210 0
7374 608 0
7375 90 1
7376 232 1
7377 420 1
7378 56 0
7379 249 1
7380 537 1
7381 23 1
7382 455 1
7383 189 1
7384 365 0
7385 167 1
7386 487 1
7387 511 1
7388 300 1
7389 169 0
7390 554 1
7391 228 1
7392 584 0
7393 168 0
7394 314 1
7395 350 1
7396 640 0
7397 414 1
7398 624 1
7399 612 1
7400 451 1
7401 296 0
7402 416 1
7403 270 0
7404 223 0
7405 327 1
7406 53 0
7407 266 1
7408 551 1
7409 625 1
7410 199 0
7411 403 1
7412 42 0
7413 637 0
7414 122 0
7415 349 1
7416 86 1
7417 206 0
7418 155 1
7419 558 1
7420 270 1
7421 494 1
7422 135 1
7423 300 0
7424 534 0
7425 246 1
7426 594 0
7427 283 0
7428 169 1
7429 4 1
7430 219 1
7431 205 1
7432 346 1
7433 148 1
7434 235 1
7435 210 0
7436 286 1
7437 168 0
7438 159 1
7439 454 1
7440 88 0
7441 129 0
7442 53 0
7443 29 1
7444 27 0
7445 498 0
7446 371 1
7447 544 0
7448 462 0
7449 557 0
7450 101 0
7451 549 0
7452 166 1
7453 155 0
7454 526 1
7455 366 1
7456 4 1
7457 7 1
7458 247 0
7459 264 0
7460 47 1
7461 513 0
7462 168 1
7463 483 1
7464 452 1
7465 29 1
7466 510 1
7467 287 1
7468 635 0
7469 348 1
7470 398 1
7471 478 0
7472 550 1
7473 452 1
7474 506 0
7475 419 0
7476 181 1
7477 319 1
7478 46 1
7479 326 0
7480 544 1
7481 390 1
7482 280 1
7483 424 0
7484 466 1
7485 126 0
7486 182 0
7487 607 1
7488 437 0
7489 231 1
7490 470 1
7491 199 1
7492 276 1
7493 339 1
7494 22 1
7495 160 0
7496 359 1
7497 315 1
7498 575 1
7499 249 0
7500 206 1
7501 593 1
7502 335 1
7503 459 1
7504 316 0
7505 410 0
7506 35 0
7507 131 1
7508 466 1
7509 627 1
7510 474 1
7511 393 0
7512 40 0
7513 175 0
7514 150 1
7515 344 1
7516 147 1
7517 92 1
7518 194 1
7519 594 1
7520 589 1
7521 636 1
7522 307 1
7523 284 0
7524 577 0
7525 600 1
7526 392 1
7527 579 1
7528 412 1
7529 380 0
7530 525 1
7531 266 0
7532 363 0
7533 495 1
7534 256 1
7535 406 1
7536 143 0
7537 165 1
7538 504 1
7539 563 1
7540 54 1
7541 181 1
7542 222 1
7543 218 0
7544 216 1
7545 536 1
7546 24 0
7547 101 0
7548 507 1
7549 291 1
7550 387 0
7551 312 0
7552 434 1
7553 320 1
7554 273 1
7555 68 1
7556 111 1
7557 120 1
7558 349 1
7559 300 1
7560 292 1
7561 639 0
7562 341 1
7563 51 0
7564 38 0
7565 314 1
7566 388 1
7567 295 1
7568 458 0
7569 455 1
7570 200 0
7571 405 1
7572 104 1
7573 629 1
7574 220 1
7575 359 1
7576 460 1
7577 176 1
7578 440 0
7579 343 1
7580 563 1
7581 250 0
7582 631 1
7583 467 1
7584 507 1
7585 515 1
7586 140 0
7587 366 1
7588 157 1
7589 37 1
7590 619 1
7591 236 1
7592 88 1
7593 574 1
7594 633 1
7595 345 1
7596 277 1
7597 196 1
7598 480 1
7599 48 0
7600 280 1
7601 397 1
7602 194 1
7603 3 0
7604 453 1
7605 67 0
7606 429 1
7607 192 1
7608 56 1
7609 385 0
7610 385 0
7611 579 0
7612 21 0
7613 258 0
7614 132 1
7615 199 1
7616 216 1
7617 179 1
7618 54 1
7619 101 0
7620 216 1
7621 265 0
7622 457 1
7623 494 1
7624 570 1
7625 541 1
7626 305 1
7627 305 1
7628 589 1
7629 182 1
7630 224 0
7631 489 1
7632 318 1
7633 190 0
7634 190 1
7635 211 1
7636 453 1
7637 391 1
7638 289 1
7639 125 1
7640 467 0
7641 509 0
7642 488 0
7643 453 0
7644 87 1
7645 500 1
7646 357 1
7647 91 1
7648 352 0
7649 386 1
7650 565 1
7651 296 1
7652 421 1
7653 630 0
7654 282 0
7655 271 0
7656 123 0
7657 224 0
7658 297 1
7659 390 0
7660 8 1
7661 35 1
7662 574 1
7663 387 0
7664 400 1
7665 179 0
7666 65 1
7667 41 1
7668 509 1
7669 543 0
7670 137 0
7671 235 0
7672 289 1
7673 211 1
7674 485 1
7675 311 1
7676 186 1
7677 205 1
7678 457 0
7679 397 1
7680 59 0
7681 516 1
7682 390 0
7683 594 1
7684 576 1
7685 385 1
7686 1 0
7687 320 1
7688 427 1
7689 216 1
7690 472 1
7691 99 1
7692 213 0
7693 129 1
7694 235 0
7695 221 1
7696 442 1
7697 395 0
7698 634 0
7699 426 1
7700 184 1
7701 633 0
7702 134 0
7703 460 1
7704 179 1
7705 160 0
7706 543 1
7707 11 1
7708 548 0
7709 120 0
7710 7 0
7711 417 1
7712 417 1
7713 629 0
7714 505 1
7715 326 1
7716 569 0
7717 222 1
7718 607 0
7719 604 0
7720 60 0
7721 131 0
7722 370 1
7723 61 0
7724 267 1
7725 404 0
7726 514 1
7727 71 0
7728 336 1
7729 48 0
7730 458 0
7731 233 1
7732 28 1
7733 433 1
7734 476 1
7735 107 1
7736 503 1
7737 479 1
7738 365 1
7739 486 1
7740 69 1
7741 262 1
7742 398 1
7743 209 1
7744 380 0
7745 278 1
7746 617 0
7747 569 1
7748 305 0
7749 620 1
7750 89 0
7751 11 0
7752 313 1
7753 160 1
7754 378 0
7755 12 1
7756 231 1
7757 361 1
7758 591 1
7759 66 1
7760 176 1
7761 513 1
7762 194 0
7763 132 1
7764 133 1
7765 619 0
7766 182 1
7767 162 1
7768 476 1
7769 520 1
7770 316 0
7771 640 1
7772 154 1
7773 516 1
7774 274 0
7775 419 1
7776 265 1
7777 582 1
7778 63 1
7779 297 0
7780 161 0
7781 411 1
7782 257 1
7783 185 1
7784 243 0
7785 281 0
7786 585 1
7787 446 1
7788 624 0
7789 178 1
7790 247 1
7791 43 1
7792 224 1
7793 311 1
7794 35 1
7795 477 1
7796 227 0
7797 532 1
7798 172 1
7799 556 0
7800 125 1
7801 321 0
7802 460 0
7803 143 0
7804 425 1
7805 41 1
7806 266 0
7807 524 0
7808 57 1
7809 126 0
7810 139 0
7811 281 1
7812 201 1
7813 198 0
7814 232 1
7815 127 0
7816 294 1
7817 406 1
7818 564 0
7819 533 1
7820 218 1
7821 355 1
7822 643 1
7823 314 1
7824 418 0
7825 132 1
7826 390 1
7827 270 1
7828 573 1
7829 304 1
7830 562 0
7831 502 1
7832 228 0
7833 304 1
7834 160 0
7835 475 0
7836 106 1
7837 201 0
7838 412 0
7839 144 1
7840 295 0
7841 89 1
7842 36 0
7843 625 1
7844 167 1
7845 108 1
7846 63 0
7847 287 1
7848 221 1
7849 430 1
7850 124 1
7851 98 1
7852 438 1
7853 319 1
7854 154 0
7855 383 1
7856 86 1
7857 491 1
7858 171 0
7859 70 1
7860 94 1
7861 415 0
7862 128 0
7863 441 0
7864 634 1
7865 77 1
7866 471 0
7867 319 0
7868 466 1
7869 462 1
7870 440 1
7871 418 0
7872 19 1
7873 640 1
7874 74 0
7875 522 0
7876 228 0
7877 310 1
7878 342 1
7879 52 0
7880 310 1
7881 420 0
7882 288 0
7883 385 0
7884 80 0
7885 77 0
7886 394 1
7887 386 1
7888 106 1
7889 588 1
7890 431 0
7891 333 1
7892 105 0
7893 370 1
7894 97 1
7895 118 1
7896 543 1
7897 536 1
7898 633 0
7899 288 1
7900 470 0
7901 574 1
7902 200 0
7903 608 1
7904 36 1
7905 463 1
7906 356 1
7907 474 0
7908 141 1
7909 256 0
7910 614 1
7911 638 1
7912 267 1
7913 46 1
7914 144 1
7915 301 1
7916 31 1
7917 164 1
7918 529 1
7919 521 0
7920 27 1
7921 381 1
7922 482 1
7923 192 0
7924 402 1
7925 210 1
7926 169 1
7927 232 0
7928 64 1
7929 31 1
7930 597 0
7931 162 1
7932 554 1
7933 198 1
7934 454 1
7935 352 0
7936 398 1
7937 212 0
7938 298 1
7939 206 1
7940 199 0
7941 420 1
7942 596 1
7943 151 0
7944 277 0
7945 223 0
7946 507 1
7947 196 1
7948 59 1
7949 203 1
7950 453 1
7951 342 1
7952 643 0
7953 433 1
7954 289 1
7955 344 1
7956 387 1
7957 203 0
7958 118 1
7959 353 1
7960 521 1
7961 609 1
7962 301 1
7963 148 0
7964 539 1
7965 229 1
7966 261 1
7967 545 1
7968 456 1
7969 539 1
7970 313 0
7971 580 1
7972 350 0
7973 386 0
7974 476 1
7975 212 0
7976 18 1
7977 76 0
7978 321 1
7979 35 1
7980 559 0
7981 547 1
7982 166 0
7983 418 1
7984 121 1
7985 77 1
7986 551 1
7987 473 0
7988 134 1
7989 81 0
7990 301 1
7991 303 1
7992 453 1
7993 631 1
7994 587 0
7995 330 0
7996 270 1
7997 23 1
7998 19 1
7999 406 1
8000 100 0
8001 550 1
8002 480 0
8003 256 1
8004 585 1
8005 565 1
8006 614 1
8007 553 1
8008 586 1
8009 544 1
8010 545 1
8011 368 1
8012 446 0
8013 592 1
8014 179 1
8015 590 1
8016 176 1
8017 278 1
8018 213 0
8019 611 1
8020 202 0
8021 387 1
8022 101 0
8023 586 1
8024 174 0
8025 554 1
8026 54 0
8027 237 1
8028 15 1
8029 304 0
8030 530 0
8031 457 1
8032 84 0
8033 65 0
8034 609 1
8035 443 0
8036 554 0
8037 330 0
8038 465 0
8039 36 1
8040 88 1
8041 53 1
8042 214 0
8043 634 1
8044 467 1
8045 407 1
8046 527 1
8047 397 1
8048 303 1
8049 255 1
8050 478 1
8051 426 0
8052 224 1
8053 382 0
8054 359 0
8055 23 1
8056 356 1
8057 581 0
8058 358 1
8059 139 1
8060 203 0
8061 508 1
8062 114 0
8063 43 1
8064 63 1
8065 31 1
8066 336 1
8067 268 1
8068 546 1
8069 589 0
8070 417 1
8071 55 1
8072 35 0
8073 46 1
8074 554 1
8075 550 0
8076 80 0
8077 181 1
8078 21 0
8079 611 1
8080 506 0
8081 602 1
8082 439 0
8083 105 1
8084 223 1
8085 585 0
8086 8 1
8087 124 1
8088 631 0
8089 421 0
8090 348 1
8091 636 1
8092 94 1
8093 622 0
8094 380 0
8095 184 1
8096 570 1
8097 440 0
8098 359 1
8099 44 1
8100 587 1
8101 578 1
8102 616 1
8103 631 0
8104 211 1
8105 482 1
8106 88 1
8107 335 1
8108 630 0
8109 282 1
8110 240 1
8111 607 1
8112 592 0
8113 514 1
8114 287 1
8115 236 1
8116 526 1
8117 163 0
8118 202 1
8119 446 0
8120 548 1
8121 320 1
8122 104 1
8123 158 0
8124 316 0
8125 446 1
8126 246 1
8127 69 1
8128 150 0
8129 484 1
8130 488 1
8131 5 0
8132 220 1
8133 213 0
8134 310 1
8135 191 0
8136 298 0
8137 197 1
8138 522 1
8139 475 1
8140 143 0
8141 97 1
8142 32 1
8143 567 0
8144 96 0
8145 604 1
8146 466 1
8147 300 1
8148 118 0
8149 464 1
8150 519 1
8151 634 0
8152 514 0
8153 558 0
8154 534 1
8155 569 1
8156 12 0
8157 414 0
8158 171 0
8159 219 1
8160 82 1
8161 206 0
8162 128 1
8163 591 1
8164 358 1
8165 21 1
8166 405 1
8167 397 0
8168 190 1
8169 4 1
8170 46 0
8171 104 1
8172 578 0
8173 94 1
8174 193 0
8175 371 1
8176 493 1
8177 172 1
8178 422 1
8179 214 0
8180 512 0
8181 360 1
8182 238 1
8183 538 0
8184 414 1
8185 492 1
8186 463 1
8187 502 1
8188 461 1
8189 501 1
8190 266 0
8191 277 1
8192 144 0
8193 74 1
8194 551 1
8195 41 1
8196 507 1
8197 38 1
8198 505 0
8199 513 1
8200 459 1
8201 74 1
8202 311 1
8203 21 1
8204 521 0
8205 113 1
8206 82 0
8207 240 1
8208 179 1
8209 132 1
8210 586 0
8211 496 0
8212 567 1
8213 541 1
8214 451 1
8215 50 1
8216 125 1
8217 526 0
8218 40 1
8219 540 1
8220 402 1
8221 58 0
8222 391 1
8223 57 1
8224 596 1
8225 2 0
8226 356 1
8227 333 1
8228 381 1
8229 53 1
8230 631 0
8231 436 0
8232 212 0
8233 525 1
8234 212 1
8235 161 1
8236 421 1
8237 445 1
8238 502 0
8239 76 1
8240 40 1
8241 338 0
8242 569 1
8243 21 0
8244 239 1
8245 476 0
8246 170 1
8247 322 1
8248 585 1
8249 619 0
8250 614 0
8251 106 0
8252 346 1
8253 533 1
8254 409 0
8255 4 1
8256 35 1
8257 192 1
8258 352 1
8259 257 0
8260 281 1
8261 156 0
8262 348 1
8263 173 1
8264 35 1
8265 424 0
8266 282 0
8267 379 1
8268 429 1
8269 179 1
8270 232 0
8271 627 0
8272 509 1
8273 211 0
8274 380 0
8275 138 1
8276 540 0
8277 460 1
8278 128 1
8279 515 1
8280 135 0
8281 161 1
8282 172 1
8283 384 1
8284 155 1
8285 134 1
8286 77 1
8287 639 0
8288 290 1
8289 133 0
8290 12 0
8291 34 1
8292 567 1
8293 135 1
8294 482 0
8295 206 1
8296 285 1
8297 365 1
8298 247 1
8299 398 0
8300 7 1
8301 129 1
8302 3 0
8303 10 0
8304 313 1
8305 295 0
8306 416 1
8307 218 1
8308 171 1
8309 372 1
8310 343 0
8311 610 1
8312 277 1
8313 417 1
8314 420 1
8315 274 0
8316 49 1
8317 496 1
8318 511 0
8319 321 1
8320 6 0
8321 498 1
8322 302 1
8323 99 0
8324 400 1
8325 474 1
8326 389 0
8327 66 1
8328 110 0
8329 546 1
8330 0 1
8331 304 0
8332 563 0
8333 93 0
8334 18 1
8335 601 1
8336 387 0
8337 430 1
8338 509 0
8339 501 1
8340 347 1
8341 356 1
8342 118 0
8343 106 1
8344 253 1
8345 105 1
8346 167 1
8347 295 1
8348 565 0
8349 498 1
8350 150 1
8351 591 1
8352 248 1
8353 565 1
8354 252 0
8355 370 1
8356 100 1
8357 31 0
8358 487 0
8359 430 0
8360 128 0
8361 333 1
8362 299 1
8363 356 1
8364 363 0
8365 142 0
8366 4 1
8367 390 0
8368 449 1
8369 357 1
8370 72 0
8371 633 0
8372 139 0
8373 382 0
8374 148 1
8375 61 0
8376 49 1
8377 556 1
8378 369 1
8379 552 1
8380 469 0
8381 594 0
8382 123 1
8383 73 1
8384 634 1
8385 613 1
8386 489 0
8387 225 1
8388 612 1
8389 602 1
8390 113 0
8391 376 0
8392 397 0
8393 503 1
8394 546 0
8395 202 1
8396 444 1
8397 199 0
8398 474 1
8399 479 1
8400 42 1
8401 517 1
8402 396 1
8403 514 0
8404 52 1
8405 463 1
8406 475 0
8407 320 0
8408 465 1
8409 333 0
8410 573 1
8411 92 1
8412 25 1
8413 287 1
8414 548 1
8415 311 0
8416 560 1
8417 468 0
8418 281 1
8419 22 1
8420 149 1
8421 492 1
8422 18 1
8423 190 0
8424 338 1
8425 196 1
8426 406 1
8427 630 1
8428 565 1
8429 279 1
8430 377 1
8431 398 1
8432 128 1
8433 596 1
8434 551 1
8435 83 1
8436 434 0
8437 18 1
8438 81 1
8439 282 0
8440 72 1
8441 32 1
8442 107 1
8443 257 0
8444 274 0
8445 471 1
8446 473 0
8447 300 1
8448 438 1
8449 351 1
8450 201 1
8451 384 1
8452 340 1
8453 435 1
8454 595 1
8455 188 0
8456 535 0
8457 493 0
8458 222 1
8459 8 0
8460 634 1
8461 496 1
8462 51 1
8463 403 0
8464 386 1
8465 173 0
8466 527 1
8467 570 1
8468 290 1
8469 636 1
8470 416 1
8471 255 0
8472 383 1
8473 288 0
8474 193 1
8475 450 1
8476 124 0
8477 628 1
8478 444 0
8479 4 1
8480 488 0
8481 112 0
8482 65 1
8483 577 0
8484 389 1
8485 588 1
8486 94 0
8487 443 0
8488 286 1
8489 431 0
8490 376 1
8491 0 1
8492 529 1
8493 14 1
8494 363 1
8495 505 0
8496 179 0
8497 561 1
8498 1 1
8499 592 1
8500 417 1
8501 527 1
8502 73 1
8503 337 1
8504 404 1
8505 178 0
8506 351 0
8507 619 0
8508 155 1
8509 555 1
8510 628 1
8511 79 1
8512 372 0
8513 399 1
8514 482 1
8515 103 1
8516 229 1
8517 105 1
8518 302 1
8519 9 1
8520 549 0
8521 189 0
8522 359 1
8523 474 0
8524 129 1
8525 387 1
8526 139 0
8527 267 1
8528 446 1
8529 223 0
8530 352 1
8531 522 1
8532 295 1
8533 231 1
8534 409 1
8535 7 1
8536 420 1
8537 553 0
8538 336 0
8539 640 1
8540 106 1
8541 570 1
8542 188 1
8543 95 0
8544 198 1
8545 257 1
8546 629 1
8547 479 0
8548 108 1
8549 224 0
8550 290 1
8551 170 1
8552 420 0
8553 184 0
8554 444 0
8555 569 0
8556 546 1
8557 134 1
8558 25 0
8559 62 1
8560 524 1
8561 114 1
8562 453 1
8563 142 1
8564 643 1
8565 418 1
8566 590 1
8567 337 1
8568 5 1
8569 469 1
8570 48 1
8571 339 1
8572 226 1
8573 22 1
8574 34 1
8575 459 0
8576 404 1
8577 413 1
8578 514 0
8579 113 1
8580 270 1
8581 147 1
8582 467 0
8583 565 1
8584 353 1
8585 262 1
8586 121 1
8587 334 1
8588 406 1
8589 582 1
8590 432 1
8591 346 1
8592 317 0
8593 388 0
8594 18 0
8595 45 1
8596 380 1
8597 479 0
8598 16 0
8599 15 1
8600 135 1
8601 109 1
8602 209 1
8603 587 1
8604 138 1
8605 404 1
8606 269 1
8607 101 0
8608 204 1
8609 112 1
8610 329 0
8611 486 0
8612 334 0
8613 252 1
8614 75 1
8615 58 1
8616 528 0
8617 443 0
8618 594 0
8619 63 1
8620 250 0
8621 641 1
8622 549 1
8623 444 0
8624 562 0
8625 315 1
8626 61 1
8627 304 0
8628 469 1
8629 84 1
8630 170 1
8631 87 0
8632 301 0
8633 145 1
8634 263 1
8635 329 0
8636 15 1
8637 379 1
8638 399 1
8639 12 0
8640 82 1
8641 555 1
8642 467 0
8643 522 0
8644 117 1
8645 176 1
8646 95 1
8647 340 1
8648 148 1
8649 1 1
8650 42 1
8651 272 1
8652 632 0
8653 614 0
8654 178 1
8655 49 1
8656 300 1
8657 388 1
8658 158 0
8659 406 1
8660 219 1
8661 563 1
8662 192 1
8663 66 1
8664 92 1
8665 92 0
8666 382 0
8667 175 1
8668 363 1
8669 102 0
8670 117 1
8671 149 0
8672 95 1
8673 524 1
8674 149 1
8675 522 1
8676 207 1
8677 38 1
8678 38 1
8679 87 0
8680 155 0
8681 248 0
8682 536 1
8683 253 1
8684 560 1
8685 143 1
8686 491 0
8687 426 1
8688 168 1
8689 179 1
8690 575 1
8691 41 0
8692 473 0
8693 528 0
8694 167 1
8695 626 1
8696 134 1
8697 215 1
8698 0 0
8699 272 1
8700 155 1
8701 578 1
8702 54 1
8703 571 1
8704 12 1
8705 531 0
8706 138 1
8707 71 1
8708 635 1
8709 470 1
8710 554 0
8711 480 1
8712 27 0
8713 61 0
8714 494 0
8715 589 1
8716 103 0
8717 642 1
8718 228 0
8719 363 1
8720 14 1
8721 174 1
8722 169 0
8723 111 1
8724 184 0
8725 317 1
8726 379 0
8727 129 0
8728 186 1
8729 434 0
8730 516 0
8731 32 1
8732 239 1
8733 116 0
8734 591 1
8735 47 1
8736 85 1
8737 96 0
8738 451 1
8739 406 0
8740 127 1
8741 68 0
8742 223 1
8743 260 0
8744 380 1
8745 430 0
8746 412 1
8747 211 1
8748 484 1
8749 458 1
8750 154 1
8751 382 1
8752 67 1
8753 478 1
8754 17 1
8755 493 1
8756 310 0
8757 643 1
8758 105 1
8759 283 1
8760 292 1
8761 77 0
8762 522 0
8763 49 1
8764 607 1
8765 139 1
8766 353 0
8767 332 1
8768 332 1
8769 269 0
8770 397 1
8771 494 0
8772 17 0
8773 588 1
8774 90 0
8775 601 1
8776 278 1
8777 433 0
8778 305 0
8779 510 1
8780 330 1
8781 368 1
8782 510 0
8783 442 0
8784 205 0
8785 539 0
8786 168 1
8787 20 1
8788 220 0
8789 300 1
8790 182 1
8791 40 1
8792 273 1
8793 608 1
8794 296 1
8795 193 1
8796 454 1
8797 3 1
8798 593 1
8799 501 1
8800 495 0
8801 111 1
8802 130 0
8803 196 0
8804 79 1
8805 9 1
8806 100 1
8807 68 0
8808 507 1
8809 299 0
8810 481 0
8811 123 1
8812 384 1
8813 602 0
8814 563 1
8815 487 1
8816 200 1
8817 424 1
8818 69 1
8819 28 1
8820 472 0
8821 401 0
8822 63 1
8823 292 1
8824 485 1
8825 68 1
8826 430 1
8827 596 0
8828 310 0
8829 495 1
8830 358 1
8831 634 1
8832 282 1
8833 236 1
8834 381 1
8835 491 1
8836 286 0
8837 127 1
8838 56 1
8839 258 1
8840 358 1
8841 202 1
8842 510 0
8843 298 0
8844 54 0
8845 395 0
8846 477 1
8847 310 1
8848 138 0
8849 442 1
8850 150 1
8851 75 1
8852 528 1
8853 124 0
8854 606 1
8855 472 1
8856 56 1
8857 440 0
8858 168 1
8859 80 0
8860 225 1
8861 619 1
8862 207 0
8863 147 1
8864 178 1
8865 212 1
8866 233 1
8867 103 1
8868 473 0
8869 39 1
8870 602 1
8871 102 1
8872 525 0
8873 563 1
8874 619 0
8875 271 1
8876 465 0
8877 248 1
