4910
1 142 0
2 61 1
3 511 0
4 624 0
5 471 0
6 419 1
7 517 1
8 838 1
9 366 1
10 870 1
11 648 1
12 263 0
13 24 0
14 389 1
15 419 0
16 982 1
17 52 1
18 475 1
19 864 1
20 636 1
21 753 0
22 681 1
23 367 0
24 422 0
25 868 1
26 872 0
27 226 0
28 359 0
29 340 0
30 817 1
31 121 1
32 323 1
33 403 1
34 515 1
35 455 0
36 939 1
37 765 1
38 39 1
39 700 1
40 424 0
41 90 1
42 646 0
43 214 0
44 345 1
45 533 1
46 316 0
47 744 1
48 384 1
49 994 1
50 973 1
51 388 0
52 218 1
53 317 1
54 844 0
55 52 1
56 922 0
57 346 0
58 237 1
59 133 1
60 117 1
61 303 1
62 877 0
63 629 0
64 753 0
65 497 1
66 410 1
67 201 1
68 819 1
69 441 0
70 94 1
71 713 0
72 415 1
73 145 1
74 400 1
75 15 0
76 723 0
77 285 0
78 921 1
79 199 1
80 97 1
81 186 1
82 362 0
83 692 1
84 462 0
85 404 0
86 186 1
87 352 1
88 735 1
89 33 0
90 554 0
91 211 1
92 920 0
93 215 1
94 191 1
95 523 1
96 113 0
97 353 1
98 652 0
99 437 0
100 959 0
101 450 1
102 739 0
103 526 1
104 856 0
105 170 1
106 164 0
107 25 1
108 656 0
109 709 0
110 655 1
111 693 0
112 499 1
113 800 1
114 649 1
115 824 0
116 638 1
117 536 0
118 413 0
119 412 1
120 181 0
121 240 1
122 741 1
123 210 0
124 284 1
125 28 1
126 931 1
127 266 1
128 325 0
129 918 0
130 862 1
131 365 1
132 576 1
133 438 1
134 523 1
135 42 1
136 212 1
137 827 0
138 326 1
139 133 0
140 737 1
141 330 0
142 438 1
143 659 1
144 665 1
145 518 1
146 103 0
147 810 1
148 343 1
149 450 0
150 878 1
151 128 1
152 774 0
153 823 1
154 552 1
155 492 1
156 896 0
157 740 1
158 421 0
159 656 1
160 759 1
161 173 0
162 616 1
163 101 1
164 789 1
165 384 1
166 45 1
167 539 0
168 802 1
169 478 0
170 878 1
171 426 1
172 573 1
173 669 0
174 348 1
175 638 0
176 282 0
177 751 1
178 131 1
179 638 1
180 183 1
181 370 1
182 868 0
183 603 1
184 830 1
185 807 0
186 610 1
187 45 0
188 404 0
189 735 1
190 44 1
191 640 0
192 743 0
193 5 0
194 801 1
195 574 1
196 223 1
197 990 1
198 412 1
199 545 1
200 458 0
201 733 0
202 368 0
203 34 1
204 494 1
205 82 1
206 923 0
207 422 1
208 894 1
209 100 0
210 627 1
211 462 1
212 399 1
213 722 1
214 53 1
215 833 0
216 180 0
217 359 1
218 126 0
219 876 0
220 941 1
221 716 1
222 461 1
223 92 1
224 123 0
225 612 0
226 644 1
227 381 0
228 531 0
229 856 1
230 929 1
231 651 1
232 40 1
233 991 1
234 960 0
235 566 1
236 607 1
237 327 0
238 978 0
239 983 0
240 389 1
241 632 1
242 673 0
243 857 1
244 674 1
245 347 1
246 188 1
247 272 1
248 346 0
249 173 0
250 912 0
251 768 1
252 579 1
253 371 1
254 73 1
255 441 1
256 953 0
257 276 1
258 644 1
259 391 0
260 630 0
261 704 1
262 74 1
263 824 1
264 798 1
265 506 0
266 517 1
267 790 0
268 928 0
269 436 0
270 297 1
271 21 1
272 286 0
273 215 0
274 988 1
275 31 1
276 901 1
277 994 1
278 47 1
279 175 1
280 598 1
281 116 1
282 514 1
283 993 1
284 848 0
285 3 0
286 643 1
287 954 1
288 655 1
289 862 0
290 555 1
291 45 1
292 186 1
293 214 0
294 639 0
295 635 0
296 628 0
297 136 1
298 437 1
299 145 1
300 894 0
301 213 1
302 505 1
303 471 1
304 894 0
305 585 0
306 784 1
307 688 1
308 227 1
309 537 1
310 849 1
311 885 0
312 703 0
313 179 1
314 486 1
315 208 0
316 29 1
317 922 0
318 922 0
319 475 0
320 286 1
321 50 1
322 249 1
323 376 1
324 199 1
325 123 1
326 866 0
327 307 0
328 587 1
329 270 0
330 367 0
331 236 0
332 234 1
333 487 1
334 111 0
335 755 1
336 580 0
337 801 1
338 324 1
339 308 1
340 648 1
341 352 0
342 220 1
343 866 1
344 702 1
345 661 1
346 173 0
347 246 1
348 613 1
349 567 1
350 475 1
351 677 0
352 908 0
353 665 1
354 215 0
355 535 1
356 961 1
357 160 1
358 327 0
359 768 1
360 720 1
361 657 0
362 884 1
363 304 1
364 417 1
365 3 1
366 751 1
367 507 1
368 938 1
369 673 0
370 926 0
371 21 0
372 876 1
373 850 0
374 985 1
375 791 1
376 608 1
377 381 1
378 134 0
379 772 1
380 890 0
381 3 1
382 236 1
383 85 1
384 684 0
385 110 1
386 526 1
387 281 1
388 90 1
389 388 0
390 310 1
391 340 1
392 187 1
393 968 1
394 963 0
395 652 1
396 76 1
397 280 1
398 721 0
399 266 0
400 680 1
401 798 0
402 63 0
403 391 1
404 769 0
405 784 1
406 738 0
407 777 0
408 627 1
409 27 1
410 270 1
411 6 1
412 668 1
413 436 0
414 208 1
415 799 1
416 635 1
417 653 1
418 236 1
419 630 0
420 603 1
421 864 1
422 321 0
423 824 1
424 393 1
425 99 1
426 89 1
427 787 0
428 170 1
429 927 0
430 483 0
431 600 1
432 883 0
433 819 0
434 79 1
435 683 1
436 645 1
437 581 1
438 971 1
439 695 1
440 40 1
441 807 1
442 678 1
443 443 1
444 377 1
445 560 1
446 879 1
447 759 0
448 418 1
449 443 1
450 809 0
451 736 1
452 234 1
453 204 0
454 505 0
455 574 1
456 474 0
457 231 0
458 314 1
459 558 1
460 603 1
461 333 0
462 282 1
463 806 0
464 453 1
465 754 0
466 933 0
467 277 1
468 589 0
469 378 1
470 161 0
471 420 1
472 670 1
473 567 1
474 660 1
475 457 1
476 801 0
477 528 1
478 662 0
479 342 1
480 365 1
481 936 1
482 146 0
483 471 0
484 475 1
485 610 1
486 359 1
487 273 1
488 240 0
489 19 1
490 301 1
491 944 1
492 46 0
493 189 0
494 589 1
495 382 0
496 185 1
497 35 0
498 91 0
499 845 1
500 135 1
501 204 1
502 268 1
503 305 0
504 651 0
505 965 0
506 578 1
507 58 1
508 942 1
509 666 0
510 335 0
511 267 0
512 924 0
513 408 0
514 587 0
515 584 0
516 491 1
517 774 1
518 822 1
519 48 0
520 405 0
521 208 1
522 483 1
523 165 0
524 71 1
525 516 1
526 660 1
527 483 1
528 643 1
529 382 1
530 925 0
531 511 1
532 314 1
533 956 0
534 368 1
535 170 1
536 576 1
537 314 0
538 202 0
539 267 0
540 867 0
541 457 1
542 348 0
543 449 1
544 613 1
545 779 1
546 357 1
547 737 0
548 358 1
549 365 1
550 479 1
551 58 0
552 471 1
553 896 0
554 186 1
555 724 1
556 505 1
557 916 0
558 126 1
559 402 1
560 202 1
561 60 1
562 255 1
563 10 1
564 272 1
565 896 0
566 467 1
567 365 1
568 108 1
569 169 0
570 761 0
571 904 1
572 855 0
573 678 1
574 192 1
575 279 1
576 820 0
577 731 0
578 692 1
579 247 1
580 673 1
581 51 0
582 878 1
583 415 1
584 236 1
585 837 1
586 36 1
587 46 1
588 345 1
589 430 1
590 362 1
591 710 1
592 604 0
593 816 0
594 741 0
595 596 1
596 987 1
597 115 1
598 843 1
599 412 1
600 892 0
601 81 0
602 772 1
603 599 0
604 629 0
605 435 1
606 297 1
607 954 0
608 148 1
609 534 1
610 394 1
611 86 0
612 559 1
613 807 0
614 509 1
615 263 0
616 250 1
617 112 1
618 249 1
619 919 1
620 77 1
621 650 0
622 61 0
623 833 1
624 159 0
625 100 1
626 280 1
627 715 1
628 941 1
629 23 1
630 523 1
631 634 0
632 409 1
633 575 1
634 15 1
635 317 0
636 188 1
637 24 1
638 354 0
639 458 1
640 6 1
641 845 1
642 301 0
643 682 1
644 865 0
645 697 1
646 549 0
647 720 0
648 635 1
649 397 0
650 351 1
651 521 1
652 684 0
653 566 1
654 182 0
655 332 0
656 140 1
657 32 0
658 520 1
659 464 1
660 976 0
661 335 1
662 52 1
663 488 1
664 909 1
665 117 1
666 380 0
667 357 1
668 962 0
669 883 1
670 727 1
671 890 0
672 175 1
673 89 1
674 416 1
675 417 1
676 272 1
677 700 1
678 366 0
679 789 0
680 632 0
681 318 1
682 326 0
683 857 1
684 379 0
685 769 1
686 738 0
687 754 1
688 363 1
689 167 1
690 177 1
691 953 1
692 117 1
693 552 1
694 624 1
695 760 0
696 31 0
697 272 1
698 534 0
699 979 1
700 653 1
701 799 1
702 414 0
703 863 1
704 180 1
705 338 0
706 394 0
707 363 0
708 726 1
709 772 1
710 816 1
711 610 0
712 171 1
713 760 1
714 571 1
715 398 1
716 494 0
717 175 1
718 312 1
719 467 1
720 626 0
721 405 1
722 876 0
723 312 1
724 243 1
725 735 1
726 178 1
727 464 1
728 786 1
729 833 0
730 745 0
731 917 0
732 987 0
733 707 1
734 689 0
735 571 0
736 759 0
737 119 1
738 82 1
739 21 1
740 296 0
741 940 1
742 882 0
743 602 1
744 410 1
745 586 0
746 226 1
747 953 1
748 378 0
749 295 1
750 616 1
751 166 1
752 402 1
753 792 0
754 494 1
755 587 1
756 572 1
757 821 1
758 713 0
759 683 0
760 418 1
761 614 0
762 554 1
763 639 1
764 12 1
765 559 1
766 581 1
767 8 1
768 566 1
769 469 1
770 395 0
771 409 1
772 143 1
773 758 0
774 214 1
775 537 1
776 492 1
777 834 0
778 502 0
779 537 1
780 189 0
781 921 0
782 379 1
783 534 1
784 289 1
785 786 1
786 396 1
787 985 0
788 208 1
789 398 1
790 190 0
791 612 1
792 646 1
793 287 0
794 479 1
795 220 1
796 701 1
797 219 0
798 630 0
799 30 1
800 94 1
801 161 1
802 791 1
803 32 1
804 672 0
805 979 0
806 701 1
807 103 1
808 597 1
809 277 1
810 992 0
811 524 0
812 197 1
813 778 1
814 56 1
815 526 1
816 626 1
817 418 1
818 170 1
819 199 0
820 216 1
821 262 1
822 329 1
823 268 0
824 311 1
825 6 0
826 376 0
827 3 1
828 55 1
829 403 1
830 369 1
831 815 1
832 951 1
833 971 0
834 242 1
835 521 0
836 907 1
837 155 1
838 705 0
839 943 0
840 524 1
841 103 1
842 38 1
843 255 1
844 444 0
845 758 1
846 146 1
847 589 1
848 367 1
849 777 1
850 512 1
851 624 0
852 641 0
853 438 1
854 981 0
855 921 0
856 888 0
857 964 1
858 687 1
859 798 0
860 658 1
861 502 1
862 690 1
863 238 0
864 433 0
865 447 0
866 97 1
867 701 1
868 630 1
869 642 1
870 80 1
871 677 1
872 370 1
873 676 1
874 643 1
875 746 1
876 813 0
877 663 0
878 122 0
879 343 1
880 698 1
881 836 1
882 419 1
883 91 1
884 459 1
885 221 1
886 79 0
887 288 1
888 100 0
889 65 1
890 997 1
891 602 1
892 619 1
893 874 0
894 725 1
895 853 0
896 566 0
897 776 1
898 787 1
899 372 1
900 159 0
901 343 1
902 50 0
903 466 1
904 154 1
905 449 0
906 900 0
907 744 1
908 652 1
909 42 1
910 618 1
911 583 1
912 921 1
913 729 0
914 785 1
915 736 1
916 252 1
917 961 0
918 270 0
919 8 0
920 517 1
921 578 0
922 842 0
923 718 0
924 722 1
925 877 1
926 991 0
927 86 0
928 380 1
929 405 1
930 474 1
931 668 1
932 3 1
933 807 1
934 395 0
935 476 1
936 829 1
937 112 1
938 934 1
939 948 1
940 925 1
941 557 1
942 846 1
943 613 1
944 16 0
945 950 0
946 939 0
947 995 1
948 586 1
949 772 1
950 953 1
951 896 0
952 860 1
953 16 1
954 396 1
955 235 1
956 572 0
957 22 1
958 992 1
959 426 1
960 211 0
961 279 1
962 556 0
963 652 0
964 414 0
965 904 0
966 233 1
967 710 1
968 368 0
969 670 1
970 692 1
971 422 1
972 477 0
973 686 1
974 636 1
975 260 0
976 272 1
977 779 0
978 371 1
979 528 1
980 415 1
981 710 1
982 16 1
983 522 1
984 150 0
985 483 0
986 101 1
987 887 1
988 130 1
989 606 1
990 469 1
991 395 1
992 185 1
993 127 0
994 609 1
995 675 1
996 868 0
997 453 1
998 810 1
999 603 1
1000 171 1
1001 583 1
1002 549 0
1003 406 1
1004 827 1
1005 227 1
1006 658 0
1007 817 1
1008 576 1
1009 733 1
1010 379 1
1011 767 1
1012 798 0
1013 690 0
1014 975 1
1015 350 0
1016 161 0
1017 974 1
1018 187 1
1019 170 1
1020 951 0
1021 314 0
1022 575 1
1023 13 1
1024 633 0
1025 894 1
1026 935 1
1027 818 1
1028 886 1
1029 901 0
1030 583 1
1031 790 0
1032 744 1
1033 234 1
1034 928 1
1035 947 0
1036 136 1
1037 273 0
1038 950 1
1039 643 0
1040 590 1
1041 155 1
1042 206 1
1043 819 1
1044 41 1
1045 736 1
1046 532 1
1047 924 0
1048 76 0
1049 211 1
1050 898 1
1051 443 1
1052 977 0
1053 748 1
1054 782 1
1055 72 0
1056 712 1
1057 679 0
1058 757 1
1059 568 0
1060 779 1
1061 757 0
1062 392 0
1063 370 1
1064 401 0
1065 30 1
1066 76 0
1067 115 1
1068 968 0
1069 763 1
1070 814 1
1071 904 1
1072 841 1
1073 226 1
1074 642 1
1075 734 1
1076 879 1
1077 515 1
1078 179 0
1079 297 1
1080 800 1
1081 437 0
1082 357 1
1083 710 1
1084 197 0
1085 858 1
1086 90 0
1087 541 1
1088 906 1
1089 91 1
1090 119 1
1091 752 1
1092 320 0
1093 828 0
1094 710 0
1095 636 0
1096 233 0
1097 169 1
1098 407 1
1099 696 1
1100 134 1
1101 617 1
1102 876 0
1103 935 1
1104 483 1
1105 116 1
1106 631 1
1107 381 1
1108 916 1
1109 9 0
1110 118 1
1111 697 1
1112 56 1
1113 720 1
1114 304 1
1115 845 0
1116 530 0
1117 220 1
1118 180 0
1119 971 1
1120 739 1
1121 45 0
1122 736 1
1123 879 0
1124 417 1
1125 838 1
1126 869 1
1127 664 0
1128 961 1
1129 390 0
1130 138 0
1131 40 0
1132 479 1
1133 855 0
1134 195 1
1135 102 1
1136 474 1
1137 862 1
1138 130 1
1139 422 1
1140 413 0
1141 638 0
1142 578 0
1143 211 0
1144 247 0
1145 143 1
1146 394 1
1147 832 0
1148 222 1
1149 312 1
1150 76 0
1151 908 1
1152 339 0
1153 318 1
1154 296 0
1155 573 1
1156 780 1
1157 549 0
1158 297 0
1159 458 1
1160 917 0
1161 708 1
1162 341 0
1163 964 0
1164 788 1
1165 536 0
1166 470 1
1167 970 0
1168 775 1
1169 836 0
1170 808 1
1171 339 1
1172 403 1
1173 508 1
1174 207 1
1175 801 1
1176 126 1
1177 994 0
1178 610 1
1179 808 1
1180 19 0
1181 821 0
1182 349 1
1183 79 1
1184 418 1
1185 531 1
1186 107 0
1187 376 1
1188 317 1
1189 989 1
1190 630 1
1191 206 1
1192 859 1
1193 3 0
1194 941 0
1195 429 1
1196 714 1
1197 229 0
1198 380 1
1199 523 0
1200 4 1
1201 806 0
1202 705 0
1203 622 0
1204 70 0
1205 326 1
1206 961 1
1207 237 1
1208 735 1
1209 850 0
1210 608 1
1211 196 0
1212 90 0
1213 943 1
1214 512 0
1215 49 0
1216 302 1
1217 628 1
1218 817 0
1219 809 0
1220 199 1
1221 146 0
1222 670 1
1223 541 0
1224 955 0
1225 419 1
1226 453 1
1227 445 1
1228 818 0
1229 569 0
1230 414 1
1231 628 1
1232 32 1
1233 504 0
1234 843 1
1235 295 0
1236 231 0
1237 983 0
1238 158 1
1239 642 1
1240 697 0
1241 459 1
1242 456 1
1243 251 1
1244 851 0
1245 388 1
1246 996 0
1247 763 1
1248 830 0
1249 880 0
1250 141 1
1251 498 1
1252 951 0
1253 608 0
1254 565 0
1255 6 0
1256 870 0
1257 971 1
1258 150 0
1259 162 0
1260 823 0
1261 50 1
1262 124 1
1263 852 1
1264 638 1
1265 188 1
1266 246 1
1267 709 1
1268 725 0
1269 90 0
1270 128 0
1271 334 0
1272 339 0
1273 108 0
1274 310 0
1275 50 0
1276 598 1
1277 513 0
1278 691 1
1279 234 1
1280 657 0
1281 667 1
1282 886 1
1283 882 0
1284 254 1
1285 683 1
1286 846 1
1287 161 0
1288 105 0
1289 455 0
1290 95 1
1291 329 0
1292 383 1
1293 971 1
1294 765 1
1295 962 0
1296 630 1
1297 884 1
1298 566 1
1299 910 1
1300 520 1
1301 980 1
1302 394 0
1303 334 1
1304 967 1
1305 693 1
1306 851 0
1307 314 1
1308 422 0
1309 645 0
1310 496 0
1311 391 1
1312 796 1
1313 425 0
1314 824 1
1315 962 0
1316 712 0
1317 271 1
1318 867 0
1319 385 1
1320 729 1
1321 457 1
1322 658 1
1323 152 1
1324 62 0
1325 49 1
1326 962 1
1327 242 1
1328 497 1
1329 903 1
1330 784 0
1331 226 1
1332 593 0
1333 162 1
1334 659 1
1335 854 0
1336 184 1
1337 750 0
1338 864 1
1339 703 1
1340 480 1
1341 264 1
1342 971 1
1343 984 1
1344 952 0
1345 350 1
1346 759 1
1347 570 1
1348 852 0
1349 594 1
1350 836 1
1351 904 0
1352 321 0
1353 864 1
1354 118 0
1355 891 1
1356 878 1
1357 45 0
1358 441 1
1359 878 1
1360 699 0
1361 468 0
1362 806 0
1363 371 1
1364 329 1
1365 953 1
1366 972 0
1367 189 1
1368 74 0
1369 260 1
1370 181 0
1371 791 0
1372 88 0
1373 469 1
1374 424 1
1375 482 1
1376 579 1
1377 141 1
1378 547 0
1379 604 1
1380 36 1
1381 46 1
1382 199 1
1383 84 0
1384 846 0
1385 466 1
1386 276 0
1387 867 0
1388 429 1
1389 672 1
1390 687 1
1391 534 0
1392 885 0
1393 987 1
1394 744 0
1395 91 1
1396 155 1
1397 569 1
1398 152 0
1399 406 1
1400 553 0
1401 805 1
1402 465 1
1403 196 1
1404 790 1
1405 306 1
1406 803 0
1407 303 1
1408 74 1
1409 680 0
1410 665 1
1411 601 1
1412 466 1
1413 731 1
1414 381 1
1415 174 1
1416 345 1
1417 544 1
1418 434 1
1419 262 1
1420 389 0
1421 262 1
1422 189 0
1423 662 1
1424 414 0
1425 860 1
1426 894 0
1427 680 0
1428 192 1
1429 758 0
1430 884 1
1431 67 1
1432 692 0
1433 597 1
1434 354 0
1435 132 1
1436 208 1
1437 937 1
1438 738 0
1439 216 1
1440 723 0
1441 14 0
1442 99 1
1443 760 1
1444 663 0
1445 421 0
1446 11 1
1447 558 1
1448 102 1
1449 831 0
1450 794 0
1451 755 1
1452 138 0
1453 179 1
1454 851 1
1455 809 0
1456 253 1
1457 752 1
1458 297 0
1459 199 0
1460 592 1
1461 67 1
1462 111 1
1463 309 1
1464 338 1
1465 225 1
1466 662 0
1467 139 1
1468 454 1
1469 235 0
1470 270 0
1471 662 0
1472 647 0
1473 431 1
1474 487 1
1475 240 1
1476 32 0
1477 463 0
1478 488 0
1479 911 1
1480 470 1
1481 739 0
1482 121 1
1483 492 1
1484 752 1
1485 661 1
1486 330 1
1487 880 0
1488 519 1
1489 480 0
1490 501 0
1491 866 1
1492 584 1
1493 454 0
1494 659 0
1495 679 1
1496 506 1
1497 821 1
1498 78 1
1499 758 0
1500 598 1
1501 189 0
1502 302 1
1503 686 0
1504 164 1
1505 609 0
1506 666 1
1507 976 0
1508 365 0
1509 105 1
1510 578 0
1511 934 1
1512 760 1
1513 269 1
1514 406 1
1515 226 1
1516 7 0
1517 713 1
1518 488 0
1519 909 1
1520 347 1
1521 97 0
1522 554 1
1523 822 0
1524 285 1
1525 945 1
1526 269 1
1527 505 1
1528 973 0
1529 647 1
1530 138 1
1531 389 1
1532 70 0
1533 232 0
1534 284 1
1535 766 0
1536 442 1
1537 203 1
1538 716 1
1539 695 1
1540 511 1
1541 423 1
1542 83 1
1543 368 1
1544 39 0
1545 440 0
1546 670 0
1547 322 1
1548 490 1
1549 854 1
1550 476 1
1551 961 1
1552 487 1
1553 695 1
1554 749 1
1555 540 1
1556 592 0
1557 599 1
1558 450 1
1559 511 1
1560 764 1
1561 666 1
1562 117 1
1563 954 1
1564 322 1
1565 937 1
1566 212 1
1567 498 1
1568 624 1
1569 460 1
1570 144 1
1571 193 0
1572 744 1
1573 191 1
1574 541 1
1575 241 1
1576 213 0
1577 521 1
1578 675 0
1579 716 0
1580 67 1
1581 354 1
1582 336 0
1583 756 1
1584 382 1
1585 115 1
1586 774 0
1587 43 0
1588 880 0
1589 272 0
1590 493 1
1591 508 1
1592 200 1
1593 815 0
1594 286 1
1595 209 0
1596 744 0
1597 188 1
1598 750 0
1599 821 1
1600 496 0
1601 438 1
1602 802 0
1603 571 0
1604 272 1
1605 885 1
1606 913 1
1607 252 0
1608 204 0
1609 547 0
1610 380 0
1611 177 1
1612 99 1
1613 985 1
1614 865 1
1615 761 1
1616 82 1
1617 413 1
1618 17 1
1619 126 1
1620 386 0
1621 833 0
1622 186 0
1623 194 0
1624 932 0
1625 214 1
1626 277 0
1627 994 1
1628 534 0
1629 782 1
1630 349 1
1631 542 1
1632 304 0
1633 871 1
1634 720 0
1635 389 1
1636 788 0
1637 409 0
1638 311 1
1639 698 1
1640 125 0
1641 337 1
1642 305 1
1643 557 1
1644 871 1
1645 796 1
1646 666 0
1647 209 1
1648 75 1
1649 71 1
1650 857 1
1651 681 1
1652 684 1
1653 179 0
1654 474 1
1655 796 1
1656 569 1
1657 779 1
1658 247 1
1659 271 1
1660 459 1
1661 897 1
1662 187 0
1663 875 0
1664 967 0
1665 614 1
1666 187 1
1667 32 0
1668 390 1
1669 425 1
1670 867 1
1671 243 0
1672 137 0
1673 869 0
1674 142 0
1675 60 1
1676 766 1
1677 506 1
1678 844 1
1679 772 1
1680 109 1
1681 197 1
1682 687 0
1683 946 0
1684 219 1
1685 500 1
1686 596 1
1687 82 1
1688 324 1
1689 673 1
1690 650 0
1691 845 1
1692 471 1
1693 151 1
1694 514 0
1695 908 1
1696 93 1
1697 920 0
1698 115 1
1699 415 1
1700 21 1
1701 976 1
1702 217 1
1703 907 1
1704 568 0
1705 564 1
1706 873 0
1707 638 0
1708 321 1
1709 442 1
1710 272 1
1711 461 0
1712 238 1
1713 923 0
1714 808 0
1715 244 0
1716 812 1
1717 228 0
1718 62 1
1719 904 1
1720 276 1
1721 407 1
1722 438 0
1723 276 1
1724 393 1
1725 596 1
1726 626 1
1727 808 1
1728 0 1
1729 775 1
1730 630 1
1731 418 0
1732 22 0
1733 807 1
1734 118 1
1735 271 1
1736 962 1
1737 324 1
1738 281 1
1739 163 1
1740 652 1
1741 342 1
1742 375 0
1743 701 1
1744 442 1
1745 962 0
1746 56 0
1747 296 0
1748 363 0
1749 717 0
1750 597 1
1751 653 1
1752 446 1
1753 741 1
1754 911 1
1755 182 1
1756 443 1
1757 402 0
1758 234 1
1759 972 1
1760 140 1
1761 529 1
1762 653 1
1763 52 1
1764 709 0
1765 277 1
1766 537 0
1767 647 1
1768 244 1
1769 269 0
1770 74 1
1771 279 0
1772 532 0
1773 892 1
1774 564 1
1775 223 1
1776 361 1
1777 456 1
1778 357 0
1779 810 0
1780 834 1
1781 930 0
1782 576 0
1783 913 1
1784 525 1
1785 533 1
1786 968 1
1787 673 1
1788 495 1
1789 49 1
1790 214 0
1791 322 0
1792 580 1
1793 592 1
1794 68 1
1795 562 1
1796 272 1
1797 56 0
1798 630 1
1799 226 1
1800 488 1
1801 313 1
1802 352 1
1803 739 1
1804 111 1
1805 688 1
1806 616 0
1807 680 0
1808 569 1
1809 691 0
1810 457 1
1811 542 0
1812 306 1
1813 136 1
1814 126 1
1815 649 0
1816 679 1
1817 851 1
1818 728 0
1819 659 1
1820 160 1
1821 944 1
1822 140 1
1823 530 1
1824 678 1
1825 349 0
1826 35 0
1827 424 1
1828 823 1
1829 57 1
1830 479 1
1831 123 1
1832 449 0
1833 970 1
1834 347 1
1835 576 1
1836 759 0
1837 618 1
1838 926 1
1839 610 0
1840 928 1
1841 522 1
1842 186 1
1843 85 1
1844 287 1
1845 518 1
1846 628 1
1847 483 1
1848 173 1
1849 813 1
1850 88 0
1851 362 1
1852 691 1
1853 526 1
1854 908 1
1855 6 1
1856 654 1
1857 805 1
1858 255 1
1859 409 1
1860 589 0
1861 642 1
1862 126 1
1863 853 0
1864 582 0
1865 376 1
1866 838 1
1867 76 1
1868 720 0
1869 707 1
1870 298 1
1871 471 1
1872 21 1
1873 129 0
1874 725 0
1875 374 1
1876 245 0
1877 92 1
1878 922 0
1879 449 1
1880 393 0
1881 512 1
1882 565 0
1883 321 1
1884 747 0
1885 695 0
1886 521 0
1887 556 0
1888 3 1
1889 375 1
1890 4 1
1891 823 1
1892 324 0
1893 177 1
1894 640 0
1895 312 1
1896 9 1
1897 601 1
1898 192 1
1899 417 1
1900 508 1
1901 765 0
1902 61 0
1903 351 0
1904 11 0
1905 571 1
1906 34 0
1907 42 0
1908 867 1
1909 607 1
1910 401 1
1911 101 1
1912 523 1
1913 762 1
1914 182 1
1915 436 0
1916 74 1
1917 499 0
1918 305 0
1919 976 1
1920 135 0
1921 109 1
1922 724 0
1923 527 1
1924 925 1
1925 881 1
1926 612 0
1927 517 1
1928 242 0
1929 632 0
1930 241 1
1931 892 0
1932 273 0
1933 228 0
1934 578 1
1935 672 0
1936 757 1
1937 660 1
1938 489 0
1939 855 1
1940 880 0
1941 300 1
1942 279 0
1943 411 1
1944 877 1
1945 724 1
1946 891 1
1947 213 1
1948 346 1
1949 301 0
1950 426 1
1951 417 1
1952 313 1
1953 3 1
1954 823 1
1955 774 1
1956 155 1
1957 756 1
1958 450 1
1959 735 1
1960 768 0
1961 5 0
1962 636 1
1963 384 1
1964 215 1
1965 465 1
1966 438 1
1967 161 1
1968 518 1
1969 111 0
1970 801 1
1971 827 1
1972 296 1
1973 171 1
1974 311 1
1975 853 1
1976 148 1
1977 299 1
1978 854 1
1979 325 1
1980 148 1
1981 269 1
1982 454 1
1983 894 0
1984 373 1
1985 318 1
1986 227 1
1987 911 1
1988 288 1
1989 271 1
1990 769 1
1991 237 1
1992 762 1
1993 481 0
1994 775 1
1995 245 1
1996 378 1
1997 843 0
1998 502 1
1999 806 1
2000 303 1
2001 386 1
2002 827 0
2003 831 0
2004 937 1
2005 273 0
2006 784 1
2007 405 0
2008 602 1
2009 722 1
2010 474 0
2011 858 1
2012 40 1
2013 464 1
2014 1 0
2015 752 0
2016 953 0
2017 390 0
2018 993 1
2019 456 0
2020 881 1
2021 643 1
2022 796 1
2023 993 0
2024 715 0
2025 336 1
2026 465 1
2027 599 1
2028 235 0
2029 382 1
2030 892 0
2031 97 1
2032 830 1
2033 187 0
2034 267 1
2035 759 1
2036 930 0
2037 818 0
2038 11 1
2039 685 1
2040 311 1
2041 474 1
2042 553 1
2043 837 1
2044 695 1
2045 26 0
2046 911 1
2047 216 1
2048 167 1
2049 570 0
2050 381 0
2051 362 0
2052 292 0
2053 598 1
2054 774 0
2055 586 0
2056 641 1
2057 419 1
2058 691 0
2059 984 0
2060 258 1
2061 977 1
2062 690 0
2063 915 1
2064 931 1
2065 847 1
2066 597 0
2067 184 0
2068 948 1
2069 749 1
2070 623 1
2071 367 0
2072 953 0
2073 241 1
2074 47 1
2075 37 0
2076 19 0
2077 254 1
2078 544 1
2079 125 0
2080 437 0
2081 570 1
2082 962 1
2083 482 1
2084 316 1
2085 417 0
2086 127 1
2087 762 1
2088 573 0
2089 508 0
2090 12 1
2091 481 1
2092 118 0
2093 518 1
2094 685 1
2095 696 1
2096 396 1
2097 715 0
2098 800 0
2099 53 1
2100 765 1
2101 392 0
2102 36 1
2103 754 0
2104 938 1
2105 564 0
2106 365 1
2107 981 0
2108 561 1
2109 703 0
2110 701 0
2111 927 1
2112 448 1
2113 16 1
2114 178 0
2115 701 1
2116 96 1
2117 394 0
2118 29 1
2119 76 1
2120 968 1
2121 920 1
2122 687 1
2123 598 1
2124 740 0
2125 56 0
2126 704 0
2127 99 1
2128 962 1
2129 959 1
2130 738 0
2131 863 1
2132 535 1
2133 523 0
2134 964 1
2135 312 1
2136 241 1
2137 273 0
2138 695 1
2139 736 1
2140 952 0
2141 436 1
2142 333 1
2143 369 0
2144 206 0
2145 217 0
2146 548 1
2147 338 1
2148 897 1
2149 205 1
2150 241 1
2151 578 1
2152 309 0
2153 745 1
2154 280 1
2155 997 0
2156 831 0
2157 671 1
2158 749 1
2159 20 0
2160 150 1
2161 458 0
2162 875 1
2163 561 1
2164 216 1
2165 195 1
2166 840 1
2167 495 1
2168 183 0
2169 933 0
2170 282 1
2171 476 1
2172 924 1
2173 615 0
2174 191 1
2175 188 1
2176 429 0
2177 817 1
2178 1 0
2179 636 0
2180 481 0
2181 452 1
2182 164 0
2183 475 1
2184 969 0
2185 367 0
2186 677 0
2187 923 1
2188 771 1
2189 58 0
2190 732 1
2191 860 0
2192 449 0
2193 26 1
2194 394 1
2195 668 1
2196 52 1
2197 201 0
2198 849 1
2199 120 1
2200 420 1
2201 407 1
2202 333 0
2203 480 0
2204 429 0
2205 626 0
2206 341 0
2207 105 1
2208 946 1
2209 797 0
2210 349 0
2211 996 1
2212 369 1
2213 174 1
2214 431 1
2215 374 0
2216 782 1
2217 729 1
2218 892 1
2219 778 1
2220 306 0
2221 265 1
2222 673 1
2223 994 1
2224 279 1
2225 520 1
2226 41 1
2227 587 1
2228 274 0
2229 186 1
2230 58 1
2231 116 1
2232 122 1
2233 291 1
2234 613 0
2235 118 0
2236 256 1
2237 347 1
2238 532 1
2239 331 0
2240 915 1
2241 997 1
2242 150 1
2243 923 1
2244 349 0
2245 687 0
2246 450 0
2247 803 1
2248 428 1
2249 366 1
2250 945 1
2251 520 1
2252 869 0
2253 911 1
2254 767 1
2255 993 0
2256 873 1
2257 198 1
2258 358 1
2259 7 1
2260 789 1
2261 671 1
2262 277 0
2263 591 0
2264 130 1
2265 83 1
2266 444 1
2267 834 1
2268 251 0
2269 497 1
2270 769 0
2271 260 0
2272 819 1
2273 5 0
2274 138 0
2275 443 1
2276 262 1
2277 946 1
2278 150 0
2279 800 1
2280 276 0
2281 689 1
2282 267 1
2283 814 0
2284 829 1
2285 316 0
2286 140 1
2287 801 1
2288 591 1
2289 916 1
2290 374 1
2291 658 1
2292 257 1
2293 731 1
2294 923 0
2295 21 1
2296 198 0
2297 700 1
2298 791 1
2299 762 0
2300 164 1
2301 3 1
2302 213 0
2303 43 1
2304 169 1
2305 535 1
2306 102 0
2307 736 1
2308 357 0
2309 100 0
2310 781 0
2311 261 1
2312 387 1
2313 3 1
2314 259 0
2315 581 1
2316 401 0
2317 284 1
2318 944 1
2319 198 0
2320 67 1
2321 215 1
2322 484 1
2323 860 1
2324 976 1
2325 901 1
2326 859 1
2327 75 0
2328 905 0
2329 207 1
2330 399 1
2331 145 1
2332 152 1
2333 971 1
2334 535 0
2335 990 0
2336 683 1
2337 106 1
2338 492 0
2339 789 1
2340 707 0
2341 786 1
2342 636 1
2343 373 1
2344 496 0
2345 265 1
2346 924 1
2347 477 0
2348 618 0
2349 952 1
2350 400 1
2351 313 1
2352 485 0
2353 34 0
2354 166 1
2355 6 1
2356 74 1
2357 997 1
2358 212 1
2359 33 1
2360 508 1
2361 385 0
2362 265 1
2363 290 1
2364 868 1
2365 594 0
2366 745 0
2367 135 1
2368 883 0
2369 766 0
2370 770 1
2371 480 1
2372 123 1
2373 335 1
2374 630 0
2375 600 0
2376 1 0
2377 575 1
2378 405 0
2379 705 1
2380 888 0
2381 325 0
2382 765 1
2383 203 0
2384 185 1
2385 257 1
2386 300 1
2387 358 1
2388 994 0
2389 314 1
2390 619 1
2391 767 1
2392 680 1
2393 443 1
2394 987 0
2395 142 0
2396 230 1
2397 848 0
2398 483 1
2399 203 1
2400 578 1
2401 403 1
2402 975 1
2403 857 1
2404 236 1
2405 600 0
2406 91 1
2407 33 0
2408 269 1
2409 637 1
2410 405 0
2411 692 1
2412 802 1
2413 410 0
2414 151 0
2415 955 1
2416 851 1
2417 388 1
2418 901 1
2419 579 0
2420 200 0
2421 772 0
2422 328 0
2423 618 1
2424 62 1
2425 634 0
2426 815 1
2427 104 0
2428 427 1
2429 907 0
2430 683 1
2431 88 1
2432 782 0
2433 920 1
2434 503 1
2435 824 0
2436 239 1
2437 550 1
2438 959 1
2439 721 0
2440 206 0
2441 490 1
2442 241 0
2443 422 1
2444 442 1
2445 249 0
2446 752 1
2447 219 0
2448 592 1
2449 223 1
2450 199 1
2451 356 1
2452 203 1
2453 561 1
2454 855 0
2455 188 0
2456 419 0
2457 87 1
2458 607 1
2459 331 1
2460 619 0
2461 955 1
2462 474 1
2463 688 1
2464 872 1
2465 498 1
2466 517 1
2467 67 1
2468 541 1
2469 663 1
2470 913 1
2471 461 1
2472 89 1
2473 996 0
2474 614 1
2475 526 0
2476 244 0
2477 165 1
2478 439 1
2479 342 1
2480 544 0
2481 719 1
2482 475 0
2483 562 1
2484 195 0
2485 194 0
2486 857 0
2487 224 1
2488 760 1
2489 201 0
2490 107 0
2491 168 1
2492 989 0
2493 625 0
2494 964 0
2495 300 1
2496 588 1
2497 352 1
2498 585 0
2499 859 1
2500 920 1
2501 448 0
2502 489 1
2503 62 1
2504 672 0
2505 184 0
2506 768 1
2507 465 0
2508 242 1
2509 968 0
2510 62 0
2511 498 0
2512 845 1
2513 494 1
2514 545 0
2515 770 0
2516 189 1
2517 26 0
2518 670 1
2519 708 0
2520 129 0
2521 457 1
2522 801 1
2523 438 1
2524 17 1
2525 33 0
2526 13 1
2527 286 0
2528 937 1
2529 847 1
2530 693 1
2531 951 1
2532 617 1
2533 119 1
2534 622 0
2535 411 1
2536 277 1
2537 430 1
2538 793 1
2539 681 1
2540 832 1
2541 446 1
2542 801 1
2543 484 1
2544 71 1
2545 5 1
2546 731 1
2547 205 1
2548 270 1
2549 640 0
2550 929 1
2551 425 1
2552 478 1
2553 621 1
2554 281 0
2555 862 0
2556 574 0
2557 739 0
2558 821 0
2559 674 0
2560 336 1
2561 215 1
2562 193 0
2563 198 0
2564 522 1
2565 359 1
2566 447 0
2567 993 1
2568 419 1
2569 978 1
2570 699 1
2571 593 1
2572 931 0
2573 209 0
2574 115 1
2575 204 1
2576 342 0
2577 299 0
2578 395 1
2579 778 0
2580 891 1
2581 704 0
2582 701 0
2583 823 1
2584 97 1
2585 378 1
2586 425 1
2587 628 1
2588 640 0
2589 446 1
2590 501 1
2591 763 1
2592 848 1
2593 160 0
2594 118 0
2595 719 1
2596 855 0
2597 907 1
2598 904 1
2599 14 1
2600 315 1
2601 355 0
2602 697 1
2603 655 1
2604 824 1
2605 873 1
2606 532 0
2607 949 1
2608 481 0
2609 185 1
2610 605 1
2611 390 1
2612 110 1
2613 576 0
2614 809 1
2615 573 1
2616 760 1
2617 422 1
2618 693 1
2619 799 1
2620 737 0
2621 402 1
2622 93 0
2623 986 0
2624 21 1
2625 952 0
2626 634 1
2627 867 0
2628 199 1
2629 317 0
2630 814 1
2631 690 1
2632 377 1
2633 815 1
2634 526 0
2635 147 1
2636 847 0
2637 93 1
2638 682 1
2639 72 0
2640 33 1
2641 886 1
2642 703 1
2643 967 1
2644 758 1
2645 691 0
2646 955 1
2647 929 0
2648 55 0
2649 185 1
2650 919 1
2651 403 1
2652 660 1
2653 266 1
2654 355 1
2655 604 0
2656 697 0
2657 611 1
2658 28 1
2659 86 1
2660 867 1
2661 141 1
2662 717 1
2663 715 1
2664 375 1
2665 910 1
2666 788 0
2667 620 0
2668 589 1
2669 573 1
2670 558 1
2671 113 1
2672 450 0
2673 439 1
2674 307 0
2675 821 1
2676 858 1
2677 335 1
2678 368 1
2679 906 1
2680 508 1
2681 595 1
2682 689 0
2683 528 0
2684 881 0
2685 781 1
2686 837 0
2687 256 1
2688 176 0
2689 101 1
2690 0 1
2691 217 1
2692 220 1
2693 216 0
2694 161 1
2695 112 1
2696 277 1
2697 524 1
2698 703 1
2699 803 1
2700 712 1
2701 585 1
2702 38 0
2703 396 1
2704 538 0
2705 477 0
2706 976 0
2707 952 1
2708 26 0
2709 787 0
2710 850 0
2711 635 1
2712 166 1
2713 652 1
2714 770 1
2715 236 0
2716 600 0
2717 591 1
2718 442 1
2719 632 1
2720 42 1
2721 76 0
2722 805 0
2723 995 1
2724 756 1
2725 575 1
2726 242 1
2727 293 1
2728 927 1
2729 58 1
2730 960 1
2731 739 0
2732 672 1
2733 757 1
2734 875 0
2735 653 1
2736 502 1
2737 716 1
2738 316 0
2739 475 1
2740 56 0
2741 460 0
2742 818 0
2743 485 1
2744 480 1
2745 5 1
2746 615 1
2747 782 1
2748 855 0
2749 184 0
2750 711 1
2751 430 1
2752 124 0
2753 303 1
2754 418 1
2755 515 1
2756 608 0
2757 551 1
2758 510 0
2759 732 1
2760 359 1
2761 212 1
2762 261 1
2763 820 1
2764 94 1
2765 407 1
2766 399 1
2767 800 1
2768 320 1
2769 964 0
2770 662 1
2771 991 0
2772 16 0
2773 257 0
2774 138 0
2775 74 1
2776 284 0
2777 806 0
2778 60 0
2779 996 1
2780 412 1
2781 517 1
2782 22 1
2783 114 0
2784 202 1
2785 860 1
2786 895 1
2787 693 1
2788 732 1
2789 993 1
2790 275 1
2791 924 0
2792 133 1
2793 438 1
2794 140 1
2795 902 1
2796 841 0
2797 919 1
2798 518 1
2799 763 1
2800 670 1
2801 365 1
2802 812 1
2803 36 1
2804 566 1
2805 197 0
2806 876 1
2807 956 1
2808 411 0
2809 759 1
2810 833 1
2811 881 1
2812 863 1
2813 875 1
2814 393 1
2815 882 1
2816 821 1
2817 189 0
2818 88 1
2819 184 0
2820 35 1
2821 54 0
2822 836 1
2823 479 0
2824 410 0
2825 578 0
2826 682 0
2827 700 0
2828 819 1
2829 708 1
2830 995 1
2831 834 1
2832 843 1
2833 234 0
2834 30 1
2835 144 1
2836 355 0
2837 755 0
2838 988 0
2839 220 0
2840 477 1
2841 645 1
2842 39 1
2843 486 0
2844 481 1
2845 628 1
2846 568 0
2847 853 1
2848 491 0
2849 678 0
2850 285 1
2851 364 1
2852 800 1
2853 611 0
2854 137 1
2855 968 1
2856 409 1
2857 332 1
2858 519 1
2859 86 1
2860 571 1
2861 38 1
2862 958 0
2863 110 1
2864 759 1
2865 750 1
2866 392 0
2867 465 1
2868 792 1
2869 540 0
2870 688 1
2871 102 1
2872 681 1
2873 326 0
2874 808 0
2875 760 0
2876 683 1
2877 301 1
2878 247 1
2879 872 0
2880 757 0
2881 55 1
2882 297 0
2883 899 0
2884 154 0
2885 799 1
2886 729 1
2887 498 1
2888 115 1
2889 393 1
2890 792 1
2891 85 1
2892 509 1
2893 123 0
2894 133 1
2895 543 1
2896 178 1
2897 43 1
2898 674 1
2899 567 1
2900 939 1
2901 451 0
2902 49 1
2903 638 1
2904 553 1
2905 643 0
2906 965 0
2907 382 1
2908 450 0
2909 790 0
2910 59 1
2911 475 1
2912 712 0
2913 713 0
2914 18 0
2915 773 0
2916 206 1
2917 185 0
2918 954 0
2919 973 1
2920 635 0
2921 192 1
2922 682 1
2923 636 1
2924 857 0
2925 495 1
2926 763 1
2927 157 1
2928 46 0
2929 422 1
2930 709 1
2931 577 1
2932 202 1
2933 949 1
2934 365 1
2935 3 1
2936 877 0
2937 384 0
2938 547 1
2939 473 0
2940 228 1
2941 103 1
2942 718 1
2943 27 0
2944 687 1
2945 162 0
2946 202 1
2947 93 1
2948 59 0
2949 896 1
2950 303 0
2951 206 1
2952 872 0
2953 522 1
2954 390 1
2955 605 1
2956 966 1
2957 389 1
2958 525 1
2959 785 0
2960 421 0
2961 390 1
2962 467 1
2963 585 0
2964 84 0
2965 507 1
2966 162 0
2967 348 1
2968 859 1
2969 13 1
2970 645 0
2971 425 1
2972 883 1
2973 856 1
2974 11 1
2975 403 1
2976 370 0
2977 613 1
2978 58 1
2979 698 1
2980 239 1
2981 86 0
2982 699 1
2983 215 0
2984 860 1
2985 368 0
2986 402 1
2987 899 1
2988 388 0
2989 477 1
2990 956 0
2991 389 1
2992 676 0
2993 722 1
2994 758 1
2995 211 1
2996 407 1
2997 178 0
2998 287 0
2999 225 0
3000 177 0
3001 434 1
3002 388 1
3003 645 1
3004 648 1
3005 733 0
3006 7 1
3007 935 0
3008 904 1
3009 752 1
3010 859 1
3011 441 1
3012 40 0
3013 155 1
3014 568 0
3015 32 1
3016 751 1
3017 104 1
3018 580 1
3019 474 1
3020 652 0
3021 837 0
3022 111 1
3023 899 1
3024 989 1
3025 237 1
3026 618 1
3027 674 1
3028 853 1
3029 541 1
3030 765 0
3031 724 1
3032 41 1
3033 216 1
3034 137 1
3035 630 1
3036 678 1
3037 229 0
3038 577 1
3039 585 0
3040 783 1
3041 974 1
3042 59 0
3043 617 1
3044 260 1
3045 892 0
3046 733 0
3047 324 1
3048 5 1
3049 952 1
3050 232 0
3051 710 1
3052 609 1
3053 480 1
3054 71 1
3055 312 0
3056 667 1
3057 813 0
3058 716 1
3059 419 1
3060 370 1
3061 782 0
3062 709 0
3063 435 1
3064 426 1
3065 857 1
3066 529 1
3067 127 1
3068 288 1
3069 882 1
3070 452 0
3071 769 0
3072 484 0
3073 848 1
3074 572 1
3075 735 0
3076 360 1
3077 825 1
3078 405 1
3079 564 0
3080 430 1
3081 48 0
3082 549 1
3083 656 0
3084 560 1
3085 753 1
3086 515 0
3087 135 1
3088 665 1
3089 759 1
3090 808 0
3091 960 1
3092 794 1
3093 796 1
3094 607 1
3095 589 0
3096 342 1
3097 555 1
3098 590 1
3099 510 0
3100 533 0
3101 166 0
3102 346 0
3103 606 0
3104 841 0
3105 32 1
3106 642 1
3107 378 1
3108 338 1
3109 417 0
3110 316 1
3111 541 0
3112 423 1
3113 109 0
3114 90 0
3115 943 1
3116 440 1
3117 452 0
3118 191 1
3119 801 0
3120 206 0
3121 463 1
3122 383 1
3123 66 1
3124 795 1
3125 225 1
3126 270 1
3127 329 1
3128 643 1
3129 265 0
3130 613 1
3131 137 0
3132 100 0
3133 842 1
3134 205 0
3135 103 1
3136 36 1
3137 39 1
3138 964 0
3139 698 0
3140 367 1
3141 431 1
3142 248 1
3143 110 1
3144 754 1
3145 404 1
3146 364 1
3147 203 1
3148 908 1
3149 755 0
3150 249 1
3151 305 1
3152 758 0
3153 261 0
3154 228 1
3155 44 1
3156 663 1
3157 12 0
3158 792 1
3159 582 0
3160 276 0
3161 474 1
3162 530 1
3163 106 1
3164 502 0
3165 888 1
3166 55 1
3167 815 0
3168 319 1
3169 96 0
3170 40 0
3171 699 0
3172 394 1
3173 172 1
3174 834 1
3175 292 1
3176 520 1
3177 309 1
3178 445 1
3179 825 0
3180 611 1
3181 701 1
3182 911 1
3183 39 0
3184 375 0
3185 114 0
3186 276 0
3187 674 1
3188 526 1
3189 636 1
3190 158 0
3191 808 1
3192 475 1
3193 509 0
3194 313 1
3195 648 1
3196 53 1
3197 150 0
3198 426 1
3199 531 0
3200 324 1
3201 772 1
3202 238 1
3203 826 1
3204 850 1
3205 684 0
3206 949 0
3207 689 1
3208 391 1
3209 902 0
3210 536 1
3211 188 1
3212 461 1
3213 112 1
3214 305 1
3215 247 1
3216 69 1
3217 786 0
3218 248 0
3219 851 1
3220 857 0
3221 111 0
3222 587 1
3223 790 1
3224 778 1
3225 463 1
3226 27 0
3227 461 1
3228 767 1
3229 932 1
3230 774 1
3231 260 0
3232 978 1
3233 707 0
3234 440 0
3235 107 1
3236 653 0
3237 663 1
3238 574 0
3239 1 1
3240 152 1
3241 226 1
3242 672 0
3243 446 1
3244 817 0
3245 72 1
3246 339 1
3247 993 1
3248 158 0
3249 326 1
3250 43 1
3251 454 1
3252 429 1
3253 495 0
3254 353 1
3255 137 1
3256 738 0
3257 240 0
3258 828 1
3259 632 1
3260 844 1
3261 797 1
3262 814 0
3263 283 1
3264 497 1
3265 350 1
3266 820 0
3267 792 1
3268 702 0
3269 810 0
3270 563 0
3271 340 1
3272 866 0
3273 494 1
3274 47 1
3275 900 0
3276 610 1
3277 855 1
3278 272 1
3279 178 0
3280 527 1
3281 643 1
3282 113 0
3283 156 0
3284 283 1
3285 650 1
3286 471 1
3287 929 1
3288 351 0
3289 591 1
3290 554 0
3291 845 0
3292 750 0
3293 371 1
3294 398 1
3295 350 1
3296 856 1
3297 54 1
3298 987 1
3299 565 1
3300 732 0
3301 898 0
3302 986 1
3303 100 1
3304 256 0
3305 71 1
3306 742 1
3307 533 1
3308 177 1
3309 296 1
3310 455 1
3311 281 1
3312 198 0
3313 286 1
3314 102 1
3315 238 1
3316 625 1
3317 596 1
3318 745 1
3319 509 1
3320 169 1
3321 148 1
3322 56 1
3323 185 1
3324 587 0
3325 809 1
3326 684 0
3327 359 0
3328 207 1
3329 625 1
3330 830 0
3331 922 1
3332 558 1
3333 850 0
3334 996 0
3335 642 0
3336 498 0
3337 856 1
3338 474 1
3339 566 0
3340 524 0
3341 884 1
3342 248 1
3343 648 0
3344 224 0
3345 321 0
3346 696 0
3347 515 0
3348 544 0
3349 894 1
3350 284 0
3351 265 1
3352 331 1
3353 117 0
3354 166 1
3355 646 1
3356 839 1
3357 235 0
3358 334 1
3359 101 1
3360 716 1
3361 616 1
3362 445 1
3363 226 1
3364 56 1
3365 90 0
3366 439 1
3367 901 1
3368 257 1
3369 133 0
3370 482 0
3371 671 1
3372 869 0
3373 967 1
3374 570 0
3375 542 0
3376 492 0
3377 480 0
3378 847 1
3379 707 1
3380 608 1
3381 246 1
3382 710 0
3383 598 1
3384 946 1
3385 171 1
3386 291 0
3387 310 1
3388 307 0
3389 146 0
3390 127 1
3391 944 1
3392 627 1
3393 115 0
3394 689 1
3395 382 1
3396 178 0
3397 127 1
3398 333 1
3399 636 1
3400 14 0
3401 269 1
3402 208 0
3403 246 1
3404 415 1
3405 172 1
3406 859 0
3407 718 1
3408 101 1
3409 964 1
3410 435 1
3411 868 0
3412 532 1
3413 60 1
3414 278 1
3415 704 1
3416 62 0
3417 376 1
3418 886 0
3419 341 1
3420 793 0
3421 402 0
3422 188 1
3423 920 1
3424 733 0
3425 857 1
3426 791 1
3427 118 1
3428 502 0
3429 970 1
3430 431 1
3431 851 1
3432 207 1
3433 319 0
3434 408 0
3435 177 1
3436 952 0
3437 636 1
3438 257 0
3439 209 1
3440 4 1
3441 494 0
3442 574 1
3443 899 1
3444 570 1
3445 415 1
3446 105 1
3447 275 0
3448 53 0
3449 962 1
3450 35 1
3451 444 1
3452 276 1
3453 907 1
3454 197 0
3455 81 1
3456 962 0
3457 775 1
3458 966 0
3459 173 1
3460 106 0
3461 98 1
3462 634 0
3463 80 0
3464 523 1
3465 927 1
3466 739 1
3467 103 0
3468 12 1
3469 882 1
3470 684 0
3471 189 1
3472 318 1
3473 743 1
3474 420 0
3475 159 1
3476 284 1
3477 516 0
3478 962 1
3479 164 1
3480 196 0
3481 602 1
3482 23 1
3483 508 1
3484 274 1
3485 22 0
3486 135 1
3487 388 1
3488 731 0
3489 74 1
3490 606 0
3491 680 0
3492 47 1
3493 367 1
3494 350 0
3495 278 0
3496 956 1
3497 261 1
3498 144 1
3499 570 1
3500 717 1
3501 380 1
3502 360 1
3503 640 1
3504 235 0
3505 26 1
3506 726 1
3507 290 1
3508 461 1
3509 564 1
3510 744 1
3511 138 1
3512 502 1
3513 462 1
3514 725 1
3515 844 0
3516 183 1
3517 853 0
3518 328 1
3519 416 1
3520 987 1
3521 185 1
3522 926 1
3523 270 0
3524 910 1
3525 979 1
3526 456 1
3527 914 0
3528 296 1
3529 163 0
3530 967 0
3531 246 1
3532 567 0
3533 696 0
3534 374 1
3535 239 0
3536 334 1
3537 857 0
3538 455 0
3539 652 1
3540 519 0
3541 357 1
3542 530 1
3543 492 0
3544 430 1
3545 850 1
3546 221 0
3547 329 1
3548 975 1
3549 464 1
3550 696 0
3551 271 1
3552 683 0
3553 296 0
3554 814 0
3555 63 1
3556 140 1
3557 91 1
3558 693 1
3559 277 1
3560 18 1
3561 80 0
3562 6 0
3563 806 1
3564 992 1
3565 667 0
3566 753 1
3567 723 1
3568 847 1
3569 578 1
3570 526 1
3571 776 1
3572 63 1
3573 116 1
3574 452 1
3575 438 1
3576 302 1
3577 488 0
3578 484 0
3579 624 0
3580 346 1
3581 171 0
3582 12 0
3583 539 1
3584 472 1
3585 302 1
3586 316 0
3587 444 0
3588 726 0
3589 692 1
3590 732 0
3591 430 1
3592 206 1
3593 899 1
3594 771 1
3595 947 0
3596 597 0
3597 221 0
3598 793 1
3599 249 1
3600 658 0
3601 45 0
3602 411 1
3603 910 1
3604 605 0
3605 98 1
3606 514 0
3607 930 0
3608 781 1
3609 967 1
3610 913 1
3611 451 1
3612 815 0
3613 678 1
3614 213 1
3615 655 1
3616 260 1
3617 403 1
3618 967 1
3619 366 0
3620 919 1
3621 471 0
3622 327 0
3623 490 1
3624 791 0
3625 442 0
3626 156 1
3627 774 1
3628 568 1
3629 362 1
3630 163 1
3631 210 1
3632 276 0
3633 428 1
3634 707 0
3635 377 1
3636 815 1
3637 398 1
3638 31 1
3639 809 1
3640 128 1
3641 86 0
3642 150 0
3643 812 1
3644 96 1
3645 834 1
3646 529 0
3647 16 0
3648 438 1
3649 607 0
3650 794 0
3651 333 1
3652 390 1
3653 313 1
3654 400 1
3655 800 1
3656 156 0
3657 368 1
3658 528 0
3659 359 1
3660 692 1
3661 439 0
3662 19 0
3663 806 1
3664 677 1
3665 384 1
3666 180 0
3667 641 1
3668 228 1
3669 771 1
3670 635 1
3671 934 1
3672 240 1
3673 654 0
3674 44 1
3675 394 1
3676 986 1
3677 737 1
3678 68 0
3679 243 1
3680 739 1
3681 775 1
3682 900 1
3683 271 0
3684 929 0
3685 759 1
3686 395 1
3687 913 1
3688 557 1
3689 184 1
3690 362 1
3691 117 1
3692 968 0
3693 912 1
3694 179 1
3695 340 1
3696 341 1
3697 619 1
3698 868 0
3699 152 1
3700 712 1
3701 921 1
3702 166 1
3703 301 1
3704 186 1
3705 104 1
3706 621 0
3707 455 0
3708 853 1
3709 186 0
3710 82 0
3711 953 0
3712 200 1
3713 445 1
3714 466 0
3715 647 1
3716 843 1
3717 622 1
3718 187 0
3719 512 1
3720 965 1
3721 699 1
3722 615 1
3723 182 1
3724 81 1
3725 505 1
3726 673 0
3727 365 1
3728 813 1
3729 500 1
3730 742 0
3731 18 1
3732 276 1
3733 599 1
3734 121 1
3735 614 1
3736 286 0
3737 677 0
3738 28 1
3739 152 1
3740 784 0
3741 274 1
3742 895 1
3743 889 1
3744 8 1
3745 548 0
3746 98 1
3747 339 1
3748 762 1
3749 616 1
3750 386 1
3751 972 0
3752 326 1
3753 353 1
3754 291 1
3755 243 1
3756 164 0
3757 315 0
3758 712 1
3759 328 1
3760 154 1
3761 28 1
3762 222 0
3763 405 0
3764 862 1
3765 870 0
3766 33 0
3767 700 1
3768 276 1
3769 493 0
3770 561 1
3771 201 1
3772 809 1
3773 122 0
3774 279 1
3775 800 1
3776 107 1
3777 464 1
3778 974 0
3779 94 1
3780 670 1
3781 645 1
3782 366 1
3783 619 1
3784 182 1
3785 767 1
3786 406 1
3787 27 1
3788 43 0
3789 519 0
3790 378 0
3791 533 0
3792 927 1
3793 814 1
3794 424 1
3795 301 1
3796 430 1
3797 134 1
3798 74 1
3799 220 1
3800 646 0
3801 556 1
3802 735 0
3803 50 1
3804 511 1
3805 878 1
3806 668 1
3807 376 0
3808 745 1
3809 59 1
3810 657 0
3811 822 1
3812 309 1
3813 664 1
3814 490 0
3815 196 1
3816 651 0
3817 968 1
3818 115 1
3819 945 1
3820 145 1
3821 295 1
3822 574 1
3823 967 1
3824 420 0
3825 271 0
3826 389 1
3827 722 0
3828 830 1
3829 415 1
3830 53 0
3831 238 1
3832 143 1
3833 872 1
3834 783 0
3835 663 1
3836 203 1
3837 300 1
3838 632 1
3839 877 0
3840 76 1
3841 687 0
3842 24 0
3843 719 1
3844 579 1
3845 955 0
3846 526 1
3847 339 0
3848 959 1
3849 928 0
3850 811 1
3851 453 1
3852 333 1
3853 350 1
3854 801 1
3855 576 0
3856 157 1
3857 898 0
3858 455 1
3859 593 1
3860 534 0
3861 669 0
3862 302 1
3863 509 1
3864 778 0
3865 786 0
3866 590 1
3867 163 0
3868 551 1
3869 668 0
3870 298 1
3871 12 0
3872 290 0
3873 194 1
3874 310 1
3875 782 1
3876 893 1
3877 462 0
3878 19 0
3879 461 1
3880 968 1
3881 168 0
3882 269 1
3883 263 0
3884 401 1
3885 953 1
3886 956 1
3887 712 1
3888 435 0
3889 771 1
3890 251 1
3891 924 1
3892 564 1
3893 122 0
3894 916 1
3895 161 1
3896 389 1
3897 4 0
3898 440 1
3899 37 0
3900 755 1
3901 99 1
3902 514 1
3903 517 1
3904 497 1
3905 31 0
3906 402 1
3907 229 1
3908 899 1
3909 330 1
3910 491 1
3911 262 1
3912 600 1
3913 97 0
3914 90 1
3915 217 1
3916 681 1
3917 116 0
3918 906 1
3919 481 1
3920 480 0
3921 710 1
3922 247 1
3923 628 1
3924 71 1
3925 744 1
3926 231 1
3927 1 0
3928 54 1
3929 207 1
3930 787 0
3931 768 1
3932 741 1
3933 446 1
3934 76 1
3935 834 1
3936 219 1
3937 994 0
3938 44 0
3939 170 1
3940 141 1
3941 233 1
3942 480 1
3943 759 0
3944 112 0
3945 456 1
3946 393 1
3947 150 0
3948 667 0
3949 564 1
3950 81 1
3951 855 0
3952 503 0
3953 322 1
3954 255 0
3955 218 1
3956 963 1
3957 547 1
3958 464 1
3959 535 0
3960 55 1
3961 34 1
3962 774 1
3963 363 0
3964 336 0
3965 742 1
3966 884 1
3967 495 1
3968 230 0
3969 492 1
3970 89 0
3971 439 1
3972 717 1
3973 56 1
3974 851 0
3975 538 1
3976 364 1
3977 135 1
3978 312 0
3979 362 1
3980 982 1
3981 67 0
3982 484 1
3983 813 1
3984 159 1
3985 534 0
3986 795 0
3987 858 1
3988 518 1
3989 476 1
3990 286 1
3991 280 1
3992 145 1
3993 791 0
3994 470 1
3995 108 1
3996 39 1
3997 324 1
3998 294 0
3999 572 1
4000 224 0
4001 37 0
4002 860 1
4003 92 1
4004 367 1
4005 751 1
4006 141 1
4007 306 1
4008 782 0
4009 301 1
4010 808 0
4011 709 0
4012 917 1
4013 705 1
4014 729 0
4015 224 0
4016 388 1
4017 309 0
4018 934 0
4019 408 1
4020 525 0
4021 957 1
4022 749 1
4023 510 0
4024 919 1
4025 566 1
4026 776 1
4027 912 0
4028 866 1
4029 688 1
4030 899 1
4031 109 1
4032 175 0
4033 317 1
4034 597 0
4035 192 1
4036 442 0
4037 569 0
4038 972 1
4039 283 1
4040 226 1
4041 181 1
4042 904 1
4043 257 0
4044 715 1
4045 150 1
4046 637 1
4047 461 0
4048 677 1
4049 479 1
4050 61 0
4051 179 1
4052 601 1
4053 253 1
4054 164 1
4055 249 1
4056 166 0
4057 949 1
4058 304 0
4059 624 0
4060 931 1
4061 193 1
4062 36 1
4063 716 1
4064 212 1
4065 546 0
4066 869 0
4067 554 1
4068 807 0
4069 826 1
4070 125 1
4071 918 0
4072 285 0
4073 142 1
4074 856 1
4075 166 1
4076 543 1
4077 694 1
4078 15 1
4079 626 1
4080 610 0
4081 278 1
4082 455 0
4083 509 1
4084 421 0
4085 792 0
4086 968 1
4087 837 1
4088 362 0
4089 401 1
4090 526 1
4091 565 1
4092 483 0
4093 206 0
4094 452 1
4095 282 1
4096 785 0
4097 101 1
4098 174 0
4099 64 1
4100 504 1
4101 143 1
4102 127 0
4103 286 1
4104 518 0
4105 265 1
4106 812 0
4107 894 1
4108 648 0
4109 574 0
4110 714 0
4111 942 1
4112 198 0
4113 300 0
4114 211 1
4115 745 0
4116 777 1
4117 746 1
4118 426 1
4119 949 0
4120 500 1
4121 770 0
4122 602 0
4123 390 1
4124 547 0
4125 132 1
4126 601 0
4127 321 0
4128 897 1
4129 949 1
4130 542 0
4131 604 1
4132 364 0
4133 781 1
4134 387 1
4135 516 1
4136 726 1
4137 758 0
4138 510 0
4139 361 1
4140 670 1
4141 877 1
4142 570 0
4143 629 1
4144 378 0
4145 358 1
4146 57 1
4147 797 1
4148 95 1
4149 991 1
4150 868 0
4151 926 0
4152 353 1
4153 482 1
4154 392 1
4155 479 1
4156 117 1
4157 892 0
4158 115 1
4159 490 1
4160 883 0
4161 969 1
4162 592 1
4163 364 1
4164 682 1
4165 948 0
4166 422 0
4167 482 1
4168 120 1
4169 419 1
4170 366 0
4171 132 1
4172 813 1
4173 726 0
4174 329 1
4175 978 0
4176 846 0
4177 156 1
4178 54 0
4179 905 0
4180 212 1
4181 845 1
4182 67 1
4183 190 0
4184 75 0
4185 255 1
4186 66 1
4187 703 1
4188 193 1
4189 366 0
4190 206 1
4191 736 0
4192 853 1
4193 50 1
4194 747 1
4195 202 1
4196 369 1
4197 597 1
4198 934 1
4199 402 1
4200 953 0
4201 230 1
4202 48 0
4203 678 1
4204 921 0
4205 541 0
4206 948 0
4207 960 0
4208 505 1
4209 268 0
4210 524 0
4211 993 0
4212 853 1
4213 111 1
4214 935 1
4215 578 1
4216 949 1
4217 689 1
4218 522 1
4219 794 0
4220 971 1
4221 352 1
4222 172 1
4223 504 0
4224 881 1
4225 711 1
4226 799 1
4227 303 1
4228 78 1
4229 445 0
4230 706 1
4231 462 1
4232 612 1
4233 213 1
4234 79 0
4235 359 0
4236 125 1
4237 751 1
4238 582 0
4239 753 0
4240 586 1
4241 872 1
4242 174 1
4243 820 1
4244 148 0
4245 600 0
4246 847 1
4247 70 0
4248 993 1
4249 375 0
4250 70 1
4251 681 1
4252 3 0
4253 493 0
4254 248 1
4255 828 0
4256 715 1
4257 2 1
4258 437 1
4259 476 1
4260 867 1
4261 774 0
4262 918 1
4263 733 1
4264 905 1
4265 544 1
4266 400 1
4267 949 0
4268 219 0
4269 767 1
4270 470 0
4271 858 1
4272 857 1
4273 411 1
4274 462 0
4275 437 1
4276 743 0
4277 604 0
4278 835 1
4279 356 1
4280 228 1
4281 276 1
4282 685 1
4283 588 0
4284 449 1
4285 705 0
4286 512 1
4287 663 1
4288 205 1
4289 445 0
4290 963 1
4291 777 1
4292 874 1
4293 151 1
4294 500 1
4295 12 0
4296 964 1
4297 137 0
4298 71 1
4299 889 1
4300 861 1
4301 219 1
4302 940 0
4303 524 1
4304 958 0
4305 815 1
4306 410 1
4307 189 1
4308 755 0
4309 553 1
4310 404 0
4311 764 1
4312 409 1
4313 578 1
4314 407 1
4315 778 1
4316 844 0
4317 202 0
4318 660 1
4319 935 1
4320 254 1
4321 102 1
4322 903 1
4323 728 0
4324 410 1
4325 474 0
4326 627 1
4327 963 0
4328 920 0
4329 297 0
4330 568 0
4331 156 0
4332 853 1
4333 204 1
4334 862 1
4335 915 1
4336 449 1
4337 560 0
4338 89 0
4339 571 0
4340 130 1
4341 94 0
4342 288 1
4343 573 1
4344 934 1
4345 96 1
4346 726 1
4347 920 0
4348 388 1
4349 99 1
4350 821 0
4351 149 0
4352 812 0
4353 183 1
4354 556 1
4355 181 1
4356 801 1
4357 223 0
4358 667 1
4359 857 1
4360 225 1
4361 111 1
4362 208 1
4363 535 1
4364 713 1
4365 627 1
4366 207 1
4367 586 1
4368 821 0
4369 922 1
4370 303 0
4371 622 1
4372 936 1
4373 753 1
4374 200 1
4375 211 1
4376 345 0
4377 157 0
4378 909 0
4379 706 1
4380 661 1
4381 938 0
4382 668 1
4383 889 0
4384 852 0
4385 427 1
4386 253 1
4387 819 0
4388 674 0
4389 575 1
4390 964 1
4391 857 1
4392 665 0
4393 421 1
4394 43 1
4395 979 1
4396 20 1
4397 574 1
4398 4 1
4399 736 0
4400 612 1
4401 571 1
4402 992 1
4403 835 1
4404 744 1
4405 102 1
4406 977 1
4407 577 1
4408 531 1
4409 0 1
4410 461 1
4411 58 1
4412 679 0
4413 727 1
4414 431 1
4415 320 0
4416 187 0
4417 690 1
4418 63 0
4419 406 0
4420 718 1
4421 75 0
4422 25 1
4423 897 1
4424 985 1
4425 687 1
4426 879 1
4427 709 1
4428 934 1
4429 245 0
4430 459 1
4431 192 1
4432 237 1
4433 384 1
4434 965 0
4435 886 1
4436 79 1
4437 716 1
4438 173 0
4439 217 1
4440 515 1
4441 165 1
4442 431 1
4443 734 1
4444 868 1
4445 513 1
4446 103 0
4447 754 1
4448 145 1
4449 420 1
4450 709 1
4451 354 0
4452 604 1
4453 670 1
4454 466 1
4455 494 1
4456 573 1
4457 157 1
4458 314 1
4459 927 1
4460 651 0
4461 292 1
4462 926 1
4463 97 1
4464 743 1
4465 741 0
4466 160 1
4467 22 1
4468 724 1
4469 322 1
4470 139 0
4471 952 1
4472 255 1
4473 52 0
4474 5 1
4475 754 1
4476 202 1
4477 413 1
4478 651 1
4479 759 0
4480 362 1
4481 629 1
4482 155 1
4483 288 1
4484 901 1
4485 851 1
4486 206 1
4487 310 1
4488 695 1
4489 809 1
4490 121 1
4491 137 1
4492 170 0
4493 233 0
4494 617 1
4495 996 1
4496 274 1
4497 281 1
4498 60 0
4499 865 1
4500 958 1
4501 781 1
4502 82 1
4503 184 1
4504 11 1
4505 36 1
4506 117 0
4507 456 0
4508 280 0
4509 887 1
4510 461 1
4511 434 1
4512 293 1
4513 721 1
4514 65 0
4515 94 1
4516 87 1
4517 745 1
4518 302 0
4519 724 1
4520 482 0
4521 224 1
4522 713 1
4523 665 1
4524 150 1
4525 449 1
4526 995 1
4527 903 1
4528 601 0
4529 422 1
4530 216 1
4531 247 0
4532 726 0
4533 28 1
4534 480 1
4535 898 1
4536 294 1
4537 120 0
4538 583 0
4539 780 1
4540 119 1
4541 900 0
4542 893 0
4543 185 1
4544 987 0
4545 718 1
4546 459 1
4547 65 1
4548 515 0
4549 994 0
4550 625 1
4551 294 1
4552 797 1
4553 706 1
4554 201 1
4555 671 0
4556 498 0
4557 991 1
4558 935 0
4559 445 0
4560 564 1
4561 909 0
4562 908 0
4563 989 1
4564 846 0
4565 755 1
4566 438 1
4567 172 0
4568 466 0
4569 176 1
4570 147 1
4571 544 1
4572 202 1
4573 594 0
4574 494 0
4575 66 1
4576 982 1
4577 640 1
4578 730 1
4579 873 1
4580 950 1
4581 54 1
4582 461 0
4583 185 0
4584 883 1
4585 153 1
4586 211 1
4587 11 1
4588 791 1
4589 331 1
4590 202 0
4591 902 1
4592 153 0
4593 634 0
4594 509 1
4595 241 1
4596 918 1
4597 630 0
4598 300 1
4599 89 1
4600 955 1
4601 771 0
4602 718 1
4603 138 1
4604 943 0
4605 355 1
4606 644 0
4607 111 0
4608 359 1
4609 460 1
4610 34 1
4611 886 1
4612 553 1
4613 114 1
4614 114 1
4615 594 1
4616 2 1
4617 793 0
4618 705 1
4619 788 1
4620 180 1
4621 575 0
4622 183 1
4623 402 1
4624 211 0
4625 967 1
4626 345 0
4627 977 1
4628 154 1
4629 532 1
4630 629 0
4631 893 1
4632 52 1
4633 907 1
4634 400 1
4635 188 1
4636 844 1
4637 185 1
4638 230 1
4639 128 1
4640 231 0
4641 243 1
4642 509 1
4643 32 0
4644 870 1
4645 265 1
4646 249 0
4647 688 0
4648 405 0
4649 836 1
4650 297 1
4651 941 0
4652 790 1
4653 505 0
4654 495 1
4655 19 1
4656 287 1
4657 636 0
4658 263 1
4659 794 1
4660 789 1
4661 192 0
4662 0 1
4663 895 1
4664 258 0
4665 766 1
4666 538 1
4667 255 1
4668 839 0
4669 684 1
4670 173 0
4671 618 1
4672 744 0
4673 592 0
4674 480 0
4675 699 0
4676 6 0
4677 865 1
4678 552 1
4679 966 1
4680 830 1
4681 922 1
4682 447 1
4683 256 1
4684 495 0
4685 956 1
4686 423 1
4687 685 1
4688 388 1
4689 956 0
4690 2 1
4691 918 1
4692 329 0
4693 791 1
4694 882 1
4695 250 1
4696 275 1
4697 862 1
4698 907 1
4699 566 0
4700 838 1
4701 851 1
4702 656 0
4703 987 0
4704 152 0
4705 914 1
4706 161 0
4707 938 1
4708 954 1
4709 928 1
4710 272 1
4711 554 1
4712 909 0
4713 825 1
4714 316 1
4715 3 0
4716 473 1
4717 973 1
4718 949 0
4719 177 1
4720 466 0
4721 257 1
4722 484 1
4723 896 1
4724 485 1
4725 58 1
4726 563 1
4727 860 1
4728 808 1
4729 74 1
4730 858 0
4731 60 0
4732 932 1
4733 242 1
4734 554 1
4735 764 1
4736 291 1
4737 428 1
4738 774 1
4739 771 0
4740 709 0
4741 797 1
4742 443 0
4743 527 1
4744 903 0
4745 157 1
4746 679 1
4747 875 0
4748 30 1
4749 54 0
4750 317 1
4751 164 1
4752 397 1
4753 939 1
4754 475 1
4755 989 1
4756 543 1
4757 238 1
4758 7 1
4759 795 1
4760 147 1
4761 454 1
4762 947 1
4763 773 1
4764 230 1
4765 121 1
4766 203 0
4767 712 0
4768 433 1
4769 330 1
4770 146 1
4771 650 0
4772 888 1
4773 234 1
4774 213 1
4775 808 1
4776 540 0
4777 743 0
4778 374 0
4779 25 1
4780 126 1
4781 708 1
4782 985 0
4783 708 1
4784 77 0
4785 885 0
4786 361 0
4787 469 0
4788 983 0
4789 149 1
4790 68 0
4791 336 1
4792 2 1
4793 876 1
4794 378 1
4795 759 1
4796 604 0
4797 611 1
4798 669 1
4799 568 0
4800 361 1
4801 526 0
4802 550 1
4803 753 1
4804 478 1
4805 511 1
4806 418 1
4807 933 1
4808 485 1
4809 574 1
4810 270 1
4811 923 1
4812 582 1
4813 24 1
4814 636 0
4815 778 1
4816 826 1
4817 278 0
4818 81 0
4819 691 1
4820 270 1
4821 661 1
4822 608 1
4823 886 1
4824 963 0
4825 514 1
4826 576 0
4827 888 1
4828 753 1
4829 968 1
4830 507 0
4831 945 1
4832 610 0
4833 270 0
4834 813 1
4835 806 1
4836 722 0
4837 773 0
4838 622 1
4839 205 1
4840 679 1
4841 823 1
4842 936 0
4843 972 1
4844 628 1
4845 639 1
4846 248 1
4847 805 1
4848 589 1
4849 329 0
4850 594 1
4851 267 0
4852 384 0
4853 650 1
4854 259 0
4855 374 1
4856 132 1
4857 752 0
4858 691 0
4859 540 1
4860 448 0
4861 791 1
4862 545 1
4863 334 1
4864 453 1
4865 97 1
4866 578 0
4867 368 1
4868 185 1
4869 749 1
4870 432 0
4871 939 1
4872 879 1
4873 413 1
4874 200 1
4875 450 1
4876 690 1
4877 901 0
4878 842 0
4879 928 0
4880 679 0
4881 348 0
4882 169 0
4883 3 1
4884 293 0
4885 355 1
4886 434 1
4887 847 0
4888 546 0
4889 665 0
4890 994 1
4891 952 0
4892 140 1
4893 480 1
4894 871 1
4895 60 0
4896 991 1
4897 813 0
4898 459 0
4899 295 1
4900 126 1
4901 258 1
4902 280 1
4903 653 0
4904 148 1
4905 354 0
4906 217 1
4907 386 0
4908 941 0
4909 895 1
4910 832 1
