3060
1 654 1
2 227 1
3 294 1
4 612 1
5 558 1
6 236 1
7 426 0
8 624 1
9 702 0
10 49 1
11 413 1
12 395 1
13 336 1
14 189 1
15 696 0
16 432 0
17 514 1
18 249 1
19 625 0
20 545 1
21 204 0
22 347 1
23 47 1
24 439 1
25 266 1
26 394 0
27 442 1
28 14 0
29 94 1
30 293 0
31 380 0
32 703 0
33 2 1
34 652 1
35 430 1
36 96 0
37 596 1
38 601 1
39 32 1
40 10 1
41 533 1
42 315 1
43 143 1
44 703 1
45 200 0
46 309 1
47 671 1
48 92 1
49 582 1
50 637 1
51 228 1
52 264 0
53 126 1
54 85 1
55 190 1
56 180 0
57 167 0
58 648 0
59 160 1
60 548 1
61 246 0
62 277 1
63 487 0
64 208 0
65 118 0
66 366 1
67 196 1
68 120 1
69 112 1
70 536 1
71 687 1
72 695 1
73 548 1
74 114 1
75 206 1
76 18 1
77 524 0
78 705 1
79 387 1
80 697 0
81 709 1
82 520 0
83 311 0
84 564 1
85 181 1
86 63 1
87 46 1
88 340 0
89 331 1
90 252 1
91 453 0
92 325 1
93 288 1
94 219 1
95 507 1
96 462 1
97 598 0
98 19 1
99 572 0
100 282 1
101 632 0
102 571 1
103 52 1
104 609 1
105 702 1
106 257 1
107 135 1
108 363 1
109 563 1
110 380 1
111 117 0
112 184 1
113 442 1
114 241 1
115 123 1
116 386 1
117 537 1
118 438 1
119 486 1
120 310 1
121 526 1
122 573 1
123 99 1
124 34 0
125 469 1
126 681 1
127 593 1
128 637 1
129 73 1
130 667 0
131 351 0
132 287 1
133 628 1
134 96 0
135 4 1
136 532 0
137 641 1
138 141 1
139 272 0
140 352 0
141 258 0
142 663 1
143 516 0
144 449 1
145 409 1
146 453 0
147 400 1
148 266 0
149 416 1
150 372 0
151 104 1
152 231 0
153 239 1
154 104 0
155 217 1
156 202 1
157 439 1
158 608 1
159 64 0
160 494 0
161 71 1
162 570 1
163 306 0
164 116 1
165 535 0
166 423 1
167 341 1
168 389 1
169 363 1
170 429 1
171 618 1
172 5 1
173 114 1
174 243 1
175 287 0
176 320 0
177 635 0
178 553 0
179 676 0
180 612 1
181 107 0
182 135 1
183 306 0
184 365 1
185 686 1
186 586 0
187 43 1
188 205 1
189 540 0
190 336 1
191 135 1
192 522 1
193 496 1
194 328 1
195 693 0
196 281 0
197 205 0
198 585 0
199 610 1
200 131 0
201 694 1
202 112 1
203 258 0
204 175 1
205 101 0
206 575 0
207 505 0
208 675 0
209 70 1
210 72 1
211 174 0
212 513 1
213 438 1
214 173 1
215 278 1
216 243 1
217 689 1
218 658 0
219 8 1
220 695 1
221 682 0
222 14 0
223 265 0
224 86 1
225 311 1
226 47 0
227 180 1
228 146 1
229 220 1
230 284 1
231 678 1
232 420 0
233 605 1
234 213 1
235 143 1
236 390 1
237 76 1
238 629 1
239 431 0
240 344 1
241 542 0
242 508 1
243 620 1
244 676 1
245 310 0
246 289 1
247 104 1
248 642 1
249 18 1
250 271 1
251 381 0
252 322 1
253 16 0
254 135 0
255 616 1
256 470 0
257 539 0
258 497 1
259 250 1
260 231 1
261 364 0
262 554 1
263 178 0
264 514 1
265 281 0
266 26 1
267 64 1
268 456 1
269 249 0
270 195 1
271 406 1
272 308 1
273 648 1
274 4 0
275 209 0
276 76 1
277 91 1
278 45 1
279 56 1
280 134 0
281 681 0
282 336 1
283 178 0
284 494 1
285 0 0
286 297 1
287 691 0
288 357 1
289 692 1
290 467 1
291 264 1
292 91 1
293 123 1
294 292 1
295 32 1
296 573 1
297 256 1
298 407 1
299 319 0
300 584 0
301 540 1
302 449 0
303 49 0
304 468 0
305 116 1
306 259 0
307 428 0
308 71 0
309 209 0
310 68 1
311 459 1
312 622 1
313 167 1
314 153 1
315 161 0
316 142 0
317 181 1
318 217 1
319 347 1
320 307 1
321 570 0
322 180 0
323 639 1
324 167 1
325 283 0
326 39 0
327 544 0
328 74 1
329 308 1
330 534 0
331 633 0
332 175 1
333 604 1
334 380 1
335 27 0
336 31 1
337 257 1
338 545 0
339 463 1
340 361 1
341 616 1
342 438 1
343 11 0
344 489 0
345 408 1
346 125 1
347 649 1
348 472 1
349 694 1
350 434 0
351 156 0
352 268 1
353 345 1
354 645 0
355 474 1
356 172 1
357 356 1
358 481 1
359 71 0
360 22 1
361 611 0
362 137 0
363 449 1
364 25 1
365 410 0
366 481 0
367 262 1
368 647 0
369 511 1
370 365 1
371 142 1
372 306 1
373 96 1
374 533 1
375 375 1
376 702 0
377 371 1
378 477 1
379 398 1
380 248 0
381 299 1
382 324 0
383 428 1
384 449 1
385 494 1
386 543 1
387 300 1
388 83 0
389 586 1
390 619 1
391 507 1
392 564 1
393 58 1
394 316 1
395 494 0
396 601 1
397 244 1
398 690 0
399 126 1
400 229 1
401 184 1
402 592 0
403 571 0
404 217 1
405 627 1
406 348 0
407 387 1
408 244 0
409 184 1
410 570 0
411 461 1
412 475 1
413 326 1
414 714 1
415 148 0
416 409 1
417 333 0
418 152 1
419 626 0
420 291 0
421 154 1
422 618 1
423 168 1
424 268 1
425 40 0
426 367 1
427 239 1
428 156 0
429 238 0
430 353 1
431 98 1
432 54 0
433 326 1
434 284 1
435 631 0
436 435 1
437 550 0
438 276 1
439 146 0
440 21 1
441 331 0
442 356 0
443 567 0
444 471 0
445 386 0
446 141 0
447 536 1
448 197 1
449 458 0
450 44 0
451 393 0
452 492 1
453 483 0
454 611 0
455 594 1
456 484 1
457 357 1
458 500 1
459 688 1
460 347 1
461 27 1
462 120 1
463 21 1
464 375 1
465 135 1
466 185 0
467 235 1
468 420 1
469 9 1
470 297 1
471 613 1
472 533 0
473 570 1
474 180 1
475 236 0
476 230 1
477 684 1
478 494 1
479 4 1
480 133 1
481 625 1
482 3 1
483 278 0
484 528 1
485 404 1
486 226 0
487 168 1
488 605 0
489 356 1
490 281 1
491 262 1
492 523 1
493 142 1
494 601 1
495 504 1
496 340 0
497 2 0
498 606 1
499 435 1
500 235 1
501 521 0
502 87 1
503 171 1
504 431 1
505 95 1
506 68 1
507 504 0
508 640 1
509 612 1
510 129 0
511 205 1
512 143 0
513 149 1
514 156 0
515 446 1
516 373 0
517 190 1
518 274 1
519 102 1
520 169 1
521 367 1
522 610 1
523 164 0
524 136 1
525 389 1
526 123 1
527 71 1
528 139 1
529 684 0
530 473 1
531 23 0
532 716 0
533 256 0
534 574 1
535 313 0
536 611 1
537 316 1
538 170 1
539 702 0
540 593 1
541 239 1
542 636 1
543 705 1
544 200 1
545 406 1
546 419 1
547 469 1
548 311 1
549 23 0
550 32 0
551 246 0
552 354 1
553 96 0
554 47 0
555 498 1
556 507 1
557 360 0
558 329 0
559 535 1
560 299 0
561 152 1
562 321 1
563 83 1
564 295 1
565 135 1
566 498 1
567 307 1
568 613 1
569 712 0
570 206 1
571 637 0
572 178 1
573 474 1
574 625 0
575 373 1
576 568 1
577 591 0
578 482 1
579 139 1
580 117 1
581 108 1
582 324 1
583 472 1
584 155 1
585 215 0
586 293 1
587 24 0
588 79 0
589 314 1
590 124 1
591 578 1
592 548 1
593 199 0
594 461 1
595 92 0
596 281 1
597 530 0
598 285 1
599 160 1
600 416 1
601 83 1
602 176 1
603 129 0
604 273 1
605 628 0
606 467 1
607 39 1
608 275 1
609 331 1
610 632 0
611 264 1
612 293 0
613 136 0
614 26 1
615 686 1
616 339 1
617 101 0
618 544 0
619 438 1
620 397 0
621 164 0
622 172 1
623 498 0
624 110 1
625 464 0
626 202 0
627 605 1
628 139 0
629 22 0
630 705 0
631 276 1
632 427 1
633 508 1
634 662 1
635 19 1
636 299 0
637 542 0
638 55 1
639 199 1
640 99 0
641 576 1
642 9 1
643 133 0
644 153 0
645 314 1
646 201 1
647 520 1
648 303 1
649 549 1
650 593 1
651 255 1
652 33 1
653 312 0
654 67 0
655 641 1
656 510 1
657 524 1
658 629 1
659 336 1
660 149 1
661 259 1
662 576 1
663 260 1
664 425 0
665 74 1
666 327 1
667 527 1
668 76 1
669 117 0
670 299 1
671 366 0
672 206 0
673 278 0
674 496 1
675 622 1
676 600 1
677 664 1
678 278 1
679 285 0
680 351 1
681 671 1
682 358 1
683 707 1
684 268 0
685 301 0
686 532 1
687 326 1
688 506 1
689 191 1
690 168 1
691 598 0
692 644 0
693 175 1
694 417 0
695 187 0
696 489 0
697 8 1
698 287 1
699 285 1
700 490 1
701 71 1
702 535 1
703 378 0
704 671 1
705 275 1
706 331 1
707 225 0
708 365 1
709 127 0
710 198 0
711 112 1
712 509 1
713 151 1
714 173 0
715 300 1
716 304 1
717 302 0
718 106 0
719 112 1
720 585 1
721 233 1
722 209 0
723 122 0
724 196 1
725 306 1
726 620 0
727 417 1
728 594 1
729 156 1
730 672 1
731 434 0
732 164 1
733 434 1
734 34 1
735 715 1
736 601 1
737 486 1
738 412 0
739 333 1
740 526 1
741 338 1
742 7 0
743 506 0
744 272 1
745 705 1
746 454 1
747 538 1
748 106 1
749 557 1
750 467 1
751 429 1
752 120 1
753 108 0
754 472 1
755 89 1
756 362 1
757 43 1
758 131 0
759 307 0
760 547 0
761 351 1
762 381 1
763 570 0
764 92 0
765 684 1
766 630 1
767 190 0
768 645 0
769 563 1
770 409 1
771 14 1
772 415 1
773 145 1
774 662 1
775 285 1
776 413 0
777 110 1
778 476 0
779 618 1
780 37 0
781 77 1
782 313 1
783 367 1
784 622 1
785 306 1
786 587 1
787 87 1
788 46 1
789 111 0
790 684 1
791 536 0
792 370 0
793 509 1
794 662 1
795 31 1
796 660 1
797 316 0
798 432 1
799 494 1
800 619 0
801 702 0
802 69 1
803 52 1
804 690 0
805 161 1
806 284 1
807 370 1
808 679 1
809 449 0
810 236 1
811 270 0
812 644 0
813 432 1
814 607 1
815 360 0
816 288 0
817 662 0
818 137 1
819 141 1
820 602 1
821 99 1
822 335 0
823 102 0
824 684 1
825 198 0
826 35 0
827 379 1
828 5 1
829 318 0
830 686 1
831 455 1
832 26 1
833 668 0
834 449 1
835 326 0
836 448 1
837 167 0
838 231 0
839 28 1
840 156 1
841 67 1
842 31 0
843 540 0
844 594 0
845 703 1
846 154 1
847 485 0
848 174 1
849 399 1
850 192 1
851 292 1
852 488 1
853 373 1
854 397 1
855 252 0
856 682 0
857 81 1
858 102 1
859 418 1
860 429 1
861 593 0
862 178 1
863 487 1
864 461 1
865 644 0
866 562 1
867 298 1
868 344 1
869 386 1
870 408 1
871 631 1
872 626 1
873 35 1
874 283 1
875 41 1
876 524 1
877 631 1
878 662 1
879 4 1
880 236 0
881 63 1
882 201 1
883 465 1
884 701 0
885 623 0
886 439 0
887 430 0
888 584 0
889 411 0
890 255 1
891 196 0
892 424 1
893 99 1
894 563 0
895 108 0
896 88 1
897 214 1
898 588 1
899 559 1
900 148 0
901 296 0
902 335 1
903 602 1
904 528 1
905 403 1
906 84 0
907 512 1
908 430 1
909 543 1
910 383 1
911 23 1
912 546 0
913 98 1
914 253 1
915 653 1
916 456 0
917 657 0
918 294 1
919 327 0
920 171 0
921 168 1
922 333 1
923 431 1
924 240 0
925 320 1
926 631 1
927 432 0
928 636 1
929 542 0
930 523 1
931 627 0
932 375 1
933 1 0
934 110 1
935 441 1
936 395 1
937 205 1
938 625 0
939 441 1
940 615 1
941 106 0
942 441 1
943 654 0
944 404 1
945 584 1
946 621 1
947 137 0
948 62 1
949 283 1
950 189 0
951 454 1
952 669 1
953 649 1
954 631 1
955 390 1
956 82 0
957 4 0
958 371 1
959 549 1
960 471 0
961 652 1
962 244 1
963 707 1
964 650 1
965 147 1
966 332 0
967 41 1
968 596 1
969 526 1
970 342 0
971 40 0
972 361 1
973 228 0
974 39 0
975 457 0
976 142 1
977 553 0
978 515 0
979 28 1
980 148 0
981 621 0
982 444 1
983 431 1
984 633 1
985 553 0
986 435 1
987 349 1
988 306 1
989 146 1
990 305 1
991 525 1
992 661 0
993 169 1
994 181 0
995 626 0
996 41 1
997 478 1
998 472 0
999 530 0
1000 428 1
1001 311 0
1002 293 1
1003 276 1
1004 188 1
1005 614 0
1006 693 1
1007 608 0
1008 447 1
1009 96 1
1010 642 1
1011 293 0
1012 532 1
1013 505 0
1014 629 1
1015 339 1
1016 348 1
1017 537 1
1018 261 1
1019 190 0
1020 572 1
1021 223 1
1022 560 1
1023 518 1
1024 225 1
1025 252 1
1026 286 1
1027 168 1
1028 598 1
1029 439 1
1030 657 1
1031 515 1
1032 47 1
1033 595 1
1034 97 1
1035 38 1
1036 594 1
1037 165 1
1038 428 1
1039 392 1
1040 635 1
1041 137 1
1042 472 0
1043 357 1
1044 314 0
1045 528 1
1046 192 1
1047 593 1
1048 327 1
1049 547 0
1050 260 0
1051 429 1
1052 182 0
1053 571 1
1054 228 1
1055 599 1
1056 558 0
1057 14 1
1058 378 1
1059 717 0
1060 504 1
1061 668 0
1062 188 1
1063 604 1
1064 349 0
1065 275 0
1066 22 1
1067 412 1
1068 248 0
1069 483 1
1070 565 1
1071 288 1
1072 49 1
1073 383 1
1074 10 0
1075 125 1
1076 576 1
1077 160 0
1078 617 1
1079 615 1
1080 200 1
1081 192 1
1082 212 0
1083 95 1
1084 538 1
1085 605 1
1086 609 1
1087 69 1
1088 532 1
1089 423 0
1090 169 1
1091 6 1
1092 622 0
1093 127 1
1094 266 0
1095 104 0
1096 582 0
1097 357 1
1098 570 0
1099 204 0
1100 698 1
1101 54 1
1102 319 1
1103 197 1
1104 630 0
1105 344 1
1106 117 0
1107 494 1
1108 185 1
1109 596 1
1110 314 0
1111 254 1
1112 2 0
1113 640 1
1114 400 1
1115 629 1
1116 270 0
1117 305 1
1118 142 1
1119 390 0
1120 458 0
1121 520 0
1122 34 1
1123 650 1
1124 586 1
1125 6 0
1126 233 0
1127 26 1
1128 209 0
1129 88 1
1130 514 1
1131 712 1
1132 349 0
1133 323 1
1134 468 1
1135 212 1
1136 65 1
1137 118 1
1138 364 1
1139 373 0
1140 246 1
1141 467 1
1142 308 1
1143 714 1
1144 496 0
1145 131 1
1146 136 1
1147 25 0
1148 91 1
1149 644 0
1150 398 0
1151 103 0
1152 537 0
1153 617 1
1154 658 1
1155 469 1
1156 318 1
1157 0 0
1158 380 1
1159 480 1
1160 133 1
1161 117 1
1162 72 1
1163 422 1
1164 546 1
1165 58 1
1166 152 1
1167 24 1
1168 438 1
1169 209 1
1170 580 0
1171 618 1
1172 564 1
1173 143 1
1174 669 1
1175 438 1
1176 571 1
1177 408 0
1178 34 1
1179 474 0
1180 127 1
1181 142 0
1182 30 1
1183 637 1
1184 531 0
1185 568 0
1186 474 0
1187 628 1
1188 422 1
1189 213 0
1190 343 1
1191 510 1
1192 542 0
1193 506 0
1194 698 1
1195 494 1
1196 130 0
1197 53 1
1198 526 1
1199 351 1
1200 486 1
1201 400 0
1202 336 1
1203 561 1
1204 361 0
1205 79 1
1206 42 1
1207 568 1
1208 70 1
1209 497 0
1210 672 1
1211 210 1
1212 245 1
1213 298 1
1214 622 1
1215 59 1
1216 517 1
1217 631 0
1218 436 0
1219 560 0
1220 251 1
1221 119 1
1222 510 1
1223 214 1
1224 46 1
1225 352 1
1226 652 1
1227 137 1
1228 493 1
1229 285 0
1230 420 1
1231 455 1
1232 140 1
1233 21 0
1234 564 1
1235 710 1
1236 170 0
1237 58 1
1238 520 1
1239 264 1
1240 651 1
1241 234 1
1242 127 1
1243 98 1
1244 143 1
1245 686 0
1246 65 1
1247 451 0
1248 125 0
1249 63 0
1250 390 1
1251 454 1
1252 607 0
1253 245 0
1254 120 1
1255 644 0
1256 462 0
1257 692 0
1258 199 1
1259 547 0
1260 123 1
1261 575 1
1262 272 0
1263 394 1
1264 115 0
1265 423 0
1266 235 0
1267 403 0
1268 6 0
1269 201 1
1270 494 0
1271 565 0
1272 672 0
1273 496 1
1274 278 1
1275 551 1
1276 506 0
1277 645 1
1278 382 1
1279 511 1
1280 113 0
1281 339 0
1282 41 0
1283 141 1
1284 8 0
1285 560 1
1286 136 1
1287 408 1
1288 613 0
1289 629 1
1290 564 0
1291 242 0
1292 536 0
1293 465 1
1294 543 1
1295 33 1
1296 473 1
1297 341 0
1298 451 1
1299 230 1
1300 492 1
1301 629 0
1302 147 1
1303 386 1
1304 559 0
1305 601 1
1306 94 1
1307 92 1
1308 347 1
1309 553 1
1310 97 0
1311 495 1
1312 294 0
1313 34 0
1314 268 0
1315 153 1
1316 5 1
1317 6 0
1318 51 0
1319 580 0
1320 412 1
1321 351 0
1322 641 0
1323 140 1
1324 283 1
1325 108 1
1326 615 0
1327 286 1
1328 390 0
1329 604 1
1330 254 1
1331 36 0
1332 490 1
1333 466 0
1334 490 1
1335 487 1
1336 126 0
1337 357 0
1338 232 0
1339 705 1
1340 140 1
1341 563 1
1342 366 0
1343 615 0
1344 119 1
1345 32 1
1346 539 0
1347 355 0
1348 498 1
1349 519 0
1350 485 1
1351 453 1
1352 463 1
1353 659 1
1354 645 1
1355 159 1
1356 76 0
1357 103 0
1358 520 0
1359 535 1
1360 168 1
1361 17 1
1362 635 1
1363 354 0
1364 530 1
1365 353 1
1366 497 1
1367 188 0
1368 234 1
1369 604 1
1370 110 0
1371 227 0
1372 434 0
1373 684 1
1374 385 0
1375 212 1
1376 348 0
1377 596 1
1378 657 1
1379 15 0
1380 441 1
1381 46 1
1382 124 1
1383 129 0
1384 419 1
1385 519 0
1386 446 1
1387 384 1
1388 80 0
1389 65 1
1390 130 0
1391 354 1
1392 175 0
1393 465 1
1394 518 1
1395 250 1
1396 130 1
1397 128 1
1398 200 1
1399 281 1
1400 326 1
1401 97 1
1402 550 0
1403 215 1
1404 498 1
1405 432 1
1406 226 1
1407 442 1
1408 354 0
1409 569 1
1410 338 0
1411 394 0
1412 453 0
1413 59 0
1414 115 1
1415 608 0
1416 144 1
1417 163 1
1418 136 1
1419 660 1
1420 327 1
1421 599 1
1422 109 1
1423 622 1
1424 566 0
1425 285 1
1426 241 0
1427 322 1
1428 538 1
1429 296 0
1430 444 1
1431 432 0
1432 559 1
1433 618 1
1434 255 1
1435 278 1
1436 601 1
1437 416 0
1438 149 1
1439 509 1
1440 459 1
1441 569 0
1442 92 1
1443 344 1
1444 608 1
1445 620 1
1446 162 1
1447 589 1
1448 210 0
1449 697 1
1450 715 0
1451 383 1
1452 83 1
1453 256 0
1454 454 1
1455 616 1
1456 510 0
1457 231 1
1458 306 1
1459 568 1
1460 553 1
1461 583 1
1462 84 1
1463 718 0
1464 277 1
1465 95 1
1466 289 1
1467 152 1
1468 226 0
1469 660 0
1470 510 1
1471 543 1
1472 691 1
1473 239 0
1474 686 1
1475 196 1
1476 227 1
1477 185 1
1478 568 1
1479 661 1
1480 216 0
1481 68 0
1482 516 0
1483 215 1
1484 683 0
1485 372 1
1486 50 0
1487 499 0
1488 638 0
1489 356 1
1490 164 1
1491 75 1
1492 668 1
1493 370 1
1494 499 1
1495 312 1
1496 350 1
1497 558 1
1498 268 1
1499 225 1
1500 265 1
1501 430 1
1502 129 1
1503 6 0
1504 618 0
1505 323 1
1506 582 0
1507 122 0
1508 714 0
1509 717 1
1510 473 1
1511 159 1
1512 26 1
1513 306 1
1514 494 1
1515 581 0
1516 465 0
1517 24 1
1518 504 1
1519 311 0
1520 60 0
1521 134 1
1522 369 1
1523 510 1
1524 416 1
1525 139 0
1526 154 1
1527 329 1
1528 20 0
1529 142 1
1530 171 1
1531 556 0
1532 685 1
1533 179 1
1534 279 0
1535 209 1
1536 74 0
1537 318 1
1538 267 1
1539 475 1
1540 673 1
1541 190 1
1542 250 1
1543 344 0
1544 159 1
1545 66 1
1546 160 1
1547 247 1
1548 539 1
1549 651 1
1550 585 1
1551 493 0
1552 484 1
1553 52 1
1554 258 1
1555 438 1
1556 479 1
1557 376 1
1558 484 0
1559 667 0
1560 157 1
1561 254 1
1562 360 1
1563 111 0
1564 595 0
1565 334 0
1566 571 0
1567 71 0
1568 257 1
1569 423 1
1570 706 1
1571 63 0
1572 439 1
1573 144 1
1574 110 1
1575 183 1
1576 163 1
1577 252 1
1578 606 1
1579 372 0
1580 74 0
1581 280 1
1582 483 1
1583 649 0
1584 198 0
1585 204 0
1586 550 1
1587 320 1
1588 376 1
1589 529 0
1590 612 1
1591 421 1
1592 98 0
1593 248 1
1594 704 1
1595 191 1
1596 662 1
1597 40 0
1598 546 1
1599 116 1
1600 46 0
1601 597 1
1602 644 1
1603 535 1
1604 718 1
1605 455 0
1606 394 1
1607 336 1
1608 498 1
1609 533 1
1610 153 0
1611 265 0
1612 144 1
1613 191 1
1614 330 1
1615 383 1
1616 352 1
1617 640 1
1618 183 1
1619 633 1
1620 138 0
1621 462 1
1622 194 1
1623 692 0
1624 331 1
1625 179 1
1626 179 0
1627 635 1
1628 417 1
1629 350 1
1630 471 0
1631 72 0
1632 332 1
1633 436 1
1634 118 1
1635 366 1
1636 387 1
1637 69 0
1638 188 1
1639 277 0
1640 217 1
1641 671 1
1642 181 1
1643 388 1
1644 31 1
1645 681 0
1646 422 0
1647 661 0
1648 414 0
1649 218 0
1650 396 1
1651 456 1
1652 693 1
1653 700 1
1654 236 1
1655 17 1
1656 382 1
1657 517 1
1658 225 0
1659 497 0
1660 594 1
1661 95 0
1662 161 1
1663 0 0
1664 84 1
1665 444 0
1666 471 0
1667 600 0
1668 707 1
1669 663 1
1670 508 1
1671 345 1
1672 318 1
1673 71 0
1674 718 0
1675 135 0
1676 364 1
1677 558 0
1678 655 0
1679 437 1
1680 444 0
1681 555 0
1682 345 0
1683 310 1
1684 686 0
1685 613 1
1686 215 0
1687 701 1
1688 438 0
1689 412 1
1690 677 0
1691 698 0
1692 446 1
1693 515 1
1694 44 1
1695 70 0
1696 65 1
1697 685 1
1698 11 0
1699 79 1
1700 198 1
1701 508 1
1702 268 0
1703 283 0
1704 599 1
1705 480 1
1706 580 1
1707 160 0
1708 333 1
1709 358 1
1710 246 1
1711 147 0
1712 3 1
1713 389 1
1714 445 1
1715 48 0
1716 497 1
1717 7 1
1718 716 1
1719 475 1
1720 322 1
1721 490 0
1722 32 0
1723 159 1
1724 662 1
1725 23 0
1726 281 0
1727 168 1
1728 340 1
1729 355 1
1730 362 1
1731 378 1
1732 628 1
1733 628 0
1734 399 1
1735 558 1
1736 289 0
1737 573 1
1738 315 1
1739 686 1
1740 253 1
1741 448 1
1742 216 0
1743 155 1
1744 510 1
1745 291 0
1746 250 0
1747 680 1
1748 59 0
1749 121 1
1750 642 1
1751 128 1
1752 676 0
1753 201 1
1754 437 1
1755 199 0
1756 545 1
1757 561 1
1758 601 0
1759 267 1
1760 563 1
1761 214 0
1762 232 1
1763 640 0
1764 433 1
1765 417 0
1766 389 0
1767 236 0
1768 251 0
1769 674 0
1770 273 1
1771 715 1
1772 138 1
1773 197 1
1774 222 1
1775 81 1
1776 359 1
1777 215 1
1778 138 1
1779 550 1
1780 234 1
1781 263 1
1782 130 1
1783 306 0
1784 272 0
1785 405 1
1786 139 0
1787 700 1
1788 239 1
1789 685 0
1790 311 1
1791 583 1
1792 397 1
1793 543 0
1794 604 0
1795 443 1
1796 291 0
1797 411 1
1798 542 0
1799 138 1
1800 702 1
1801 696 1
1802 613 0
1803 68 1
1804 191 0
1805 264 1
1806 136 1
1807 123 0
1808 595 0
1809 404 1
1810 709 1
1811 600 1
1812 171 1
1813 39 1
1814 346 1
1815 144 1
1816 58 1
1817 120 0
1818 466 1
1819 473 0
1820 609 1
1821 110 0
1822 534 1
1823 614 0
1824 567 1
1825 172 1
1826 483 1
1827 176 1
1828 68 1
1829 316 1
1830 448 0
1831 81 1
1832 250 1
1833 127 1
1834 58 1
1835 711 1
1836 287 1
1837 417 0
1838 3 0
1839 512 1
1840 667 1
1841 77 1
1842 460 1
1843 35 1
1844 137 0
1845 280 0
1846 481 1
1847 428 0
1848 617 1
1849 65 1
1850 436 1
1851 347 0
1852 546 0
1853 493 0
1854 25 1
1855 69 1
1856 307 1
1857 406 0
1858 68 1
1859 633 0
1860 129 1
1861 513 1
1862 610 1
1863 678 0
1864 58 1
1865 520 1
1866 469 0
1867 554 0
1868 193 1
1869 182 1
1870 671 0
1871 192 1
1872 65 1
1873 31 1
1874 376 1
1875 393 1
1876 526 0
1877 452 1
1878 78 0
1879 594 1
1880 103 1
1881 355 1
1882 543 1
1883 205 1
1884 574 1
1885 622 1
1886 306 1
1887 122 0
1888 30 1
1889 560 0
1890 486 1
1891 580 1
1892 477 1
1893 47 1
1894 392 1
1895 29 1
1896 372 0
1897 72 1
1898 242 1
1899 268 1
1900 0 0
1901 292 0
1902 654 1
1903 345 1
1904 568 1
1905 40 0
1906 476 1
1907 296 1
1908 269 0
1909 71 0
1910 320 1
1911 493 0
1912 152 1
1913 556 0
1914 178 1
1915 161 0
1916 664 0
1917 152 1
1918 536 1
1919 233 0
1920 20 1
1921 388 1
1922 562 1
1923 11 1
1924 364 0
1925 442 1
1926 238 1
1927 326 1
1928 117 1
1929 454 0
1930 656 1
1931 141 1
1932 349 1
1933 149 1
1934 514 0
1935 219 1
1936 657 1
1937 698 1
1938 628 0
1939 281 1
1940 128 1
1941 293 1
1942 276 0
1943 426 1
1944 451 1
1945 357 1
1946 444 0
1947 657 0
1948 515 1
1949 296 1
1950 138 1
1951 512 1
1952 459 1
1953 300 0
1954 537 0
1955 696 1
1956 641 1
1957 368 1
1958 226 0
1959 261 1
1960 291 1
1961 401 1
1962 453 1
1963 146 0
1964 481 1
1965 615 1
1966 625 1
1967 419 1
1968 236 0
1969 69 0
1970 250 0
1971 388 1
1972 40 0
1973 39 1
1974 168 1
1975 611 1
1976 587 0
1977 531 1
1978 300 1
1979 626 1
1980 68 1
1981 18 1
1982 600 1
1983 395 0
1984 106 0
1985 172 0
1986 234 0
1987 197 0
1988 652 1
1989 540 1
1990 205 1
1991 616 0
1992 393 0
1993 62 0
1994 441 1
1995 91 1
1996 161 0
1997 206 1
1998 603 0
1999 159 1
2000 402 1
2001 70 1
2002 227 1
2003 578 1
2004 558 1
2005 317 1
2006 167 0
2007 504 1
2008 697 1
2009 589 1
2010 205 0
2011 264 1
2012 126 0
2013 76 0
2014 408 1
2015 443 1
2016 622 1
2017 63 1
2018 116 1
2019 346 1
2020 376 1
2021 0 1
2022 214 1
2023 52 1
2024 20 1
2025 667 1
2026 271 1
2027 646 1
2028 407 0
2029 131 1
2030 294 0
2031 243 1
2032 423 1
2033 382 1
2034 284 1
2035 494 1
2036 10 1
2037 485 0
2038 335 1
2039 472 1
2040 128 0
2041 636 0
2042 357 1
2043 132 0
2044 622 0
2045 141 1
2046 173 0
2047 62 0
2048 27 1
2049 416 0
2050 177 1
2051 639 1
2052 22 1
2053 467 0
2054 611 0
2055 49 1
2056 364 1
2057 474 1
2058 584 0
2059 47 1
2060 538 1
2061 684 1
2062 628 1
2063 589 1
2064 195 1
2065 302 1
2066 146 1
2067 615 0
2068 683 1
2069 581 1
2070 638 1
2071 650 1
2072 651 1
2073 673 1
2074 293 1
2075 285 0
2076 578 1
2077 491 1
2078 1 0
2079 479 1
2080 316 1
2081 237 0
2082 672 0
2083 686 0
2084 164 1
2085 161 0
2086 515 1
2087 422 0
2088 498 1
2089 633 1
2090 47 1
2091 239 0
2092 505 1
2093 61 0
2094 41 0
2095 39 0
2096 271 0
2097 156 1
2098 77 1
2099 529 1
2100 395 1
2101 48 1
2102 452 1
2103 308 1
2104 515 1
2105 27 1
2106 476 1
2107 468 1
2108 665 1
2109 106 0
2110 406 1
2111 400 0
2112 90 1
2113 238 0
2114 403 1
2115 132 1
2116 75 1
2117 326 0
2118 318 0
2119 482 1
2120 192 0
2121 677 1
2122 56 1
2123 600 0
2124 680 1
2125 46 1
2126 132 0
2127 381 0
2128 7 1
2129 445 1
2130 3 1
2131 157 1
2132 425 1
2133 661 0
2134 454 1
2135 526 1
2136 214 1
2137 597 0
2138 248 1
2139 329 1
2140 133 1
2141 631 0
2142 157 1
2143 543 1
2144 248 0
2145 242 1
2146 182 1
2147 386 0
2148 220 1
2149 686 1
2150 421 1
2151 270 1
2152 315 1
2153 629 1
2154 681 0
2155 108 1
2156 669 0
2157 29 0
2158 701 1
2159 327 1
2160 509 1
2161 537 0
2162 306 1
2163 247 0
2164 588 0
2165 536 1
2166 44 1
2167 261 1
2168 291 1
2169 590 1
2170 466 1
2171 17 1
2172 55 0
2173 248 0
2174 618 1
2175 322 1
2176 481 0
2177 48 1
2178 400 1
2179 649 1
2180 233 1
2181 227 0
2182 610 1
2183 637 1
2184 329 1
2185 491 0
2186 211 1
2187 548 1
2188 223 1
2189 690 1
2190 708 1
2191 586 1
2192 489 1
2193 594 1
2194 653 0
2195 440 0
2196 327 0
2197 445 1
2198 106 1
2199 456 0
2200 594 0
2201 234 0
2202 18 0
2203 20 1
2204 196 1
2205 420 1
2206 340 0
2207 324 1
2208 590 1
2209 336 0
2210 59 0
2211 360 0
2212 394 1
2213 660 1
2214 504 0
2215 658 1
2216 626 0
2217 134 0
2218 624 1
2219 222 1
2220 201 0
2221 674 1
2222 598 0
2223 707 1
2224 146 0
2225 330 1
2226 50 1
2227 648 1
2228 113 0
2229 280 1
2230 268 1
2231 334 0
2232 61 1
2233 542 0
2234 678 1
2235 455 0
2236 356 0
2237 370 1
2238 358 0
2239 373 0
2240 351 0
2241 47 1
2242 343 0
2243 182 1
2244 565 0
2245 411 1
2246 350 1
2247 344 0
2248 162 1
2249 45 1
2250 601 1
2251 338 1
2252 193 0
2253 142 1
2254 403 1
2255 5 1
2256 167 1
2257 491 1
2258 415 0
2259 304 1
2260 472 1
2261 431 1
2262 409 0
2263 182 1
2264 280 1
2265 416 0
2266 9 1
2267 455 0
2268 412 1
2269 422 1
2270 61 0
2271 186 0
2272 203 1
2273 463 1
2274 687 1
2275 216 1
2276 99 1
2277 211 1
2278 41 0
2279 415 1
2280 288 1
2281 206 0
2282 535 1
2283 168 1
2284 595 0
2285 711 1
2286 22 1
2287 221 0
2288 192 0
2289 511 1
2290 68 0
2291 600 0
2292 325 1
2293 11 0
2294 153 0
2295 410 1
2296 208 1
2297 407 1
2298 613 0
2299 640 1
2300 170 1
2301 95 1
2302 147 0
2303 85 1
2304 337 1
2305 499 1
2306 274 0
2307 628 0
2308 527 1
2309 688 1
2310 15 1
2311 70 0
2312 331 1
2313 303 1
2314 3 0
2315 383 1
2316 192 1
2317 421 1
2318 130 1
2319 346 1
2320 52 0
2321 209 1
2322 561 1
2323 648 1
2324 93 1
2325 717 1
2326 664 1
2327 55 0
2328 215 1
2329 170 0
2330 637 1
2331 446 1
2332 699 1
2333 505 0
2334 323 0
2335 246 0
2336 646 0
2337 425 0
2338 296 1
2339 526 1
2340 640 0
2341 553 0
2342 262 1
2343 198 1
2344 303 0
2345 31 0
2346 257 0
2347 1 0
2348 294 0
2349 15 1
2350 307 1
2351 328 1
2352 439 0
2353 392 1
2354 57 1
2355 461 1
2356 60 1
2357 618 1
2358 240 1
2359 467 0
2360 520 1
2361 434 0
2362 312 0
2363 682 0
2364 277 1
2365 559 1
2366 295 1
2367 488 1
2368 258 1
2369 87 0
2370 28 1
2371 348 0
2372 180 1
2373 79 1
2374 13 0
2375 300 0
2376 49 1
2377 592 0
2378 505 1
2379 303 1
2380 202 0
2381 317 1
2382 367 0
2383 237 1
2384 302 1
2385 276 1
2386 209 1
2387 474 1
2388 539 0
2389 145 1
2390 437 1
2391 367 1
2392 129 0
2393 184 1
2394 463 1
2395 367 1
2396 299 1
2397 168 1
2398 106 1
2399 627 0
2400 65 1
2401 406 0
2402 476 1
2403 718 0
2404 384 1
2405 130 0
2406 591 1
2407 643 0
2408 73 0
2409 304 0
2410 264 1
2411 538 1
2412 691 1
2413 178 1
2414 447 0
2415 486 1
2416 657 1
2417 455 0
2418 4 0
2419 378 1
2420 268 1
2421 158 1
2422 673 1
2423 196 0
2424 578 1
2425 232 1
2426 121 0
2427 686 1
2428 94 0
2429 172 1
2430 286 1
2431 3 1
2432 169 1
2433 693 1
2434 582 0
2435 561 0
2436 197 1
2437 326 1
2438 137 1
2439 234 1
2440 691 1
2441 119 1
2442 572 0
2443 575 1
2444 673 1
2445 489 0
2446 23 1
2447 519 0
2448 619 0
2449 365 0
2450 182 0
2451 668 1
2452 262 1
2453 585 1
2454 466 1
2455 396 0
2456 234 1
2457 532 0
2458 325 0
2459 35 1
2460 85 1
2461 188 0
2462 353 0
2463 688 1
2464 537 1
2465 459 1
2466 597 1
2467 434 1
2468 352 0
2469 208 1
2470 401 0
2471 537 1
2472 457 1
2473 5 0
2474 75 0
2475 11 1
2476 288 1
2477 324 0
2478 576 1
2479 230 1
2480 295 0
2481 118 1
2482 47 0
2483 701 1
2484 521 1
2485 166 0
2486 463 0
2487 508 1
2488 390 1
2489 320 0
2490 608 0
2491 681 1
2492 199 1
2493 154 1
2494 247 1
2495 506 1
2496 23 1
2497 384 1
2498 125 0
2499 137 1
2500 225 1
2501 187 1
2502 675 1
2503 613 1
2504 157 0
2505 148 0
2506 213 1
2507 666 1
2508 452 1
2509 137 0
2510 486 1
2511 192 1
2512 603 0
2513 248 1
2514 611 1
2515 712 0
2516 357 0
2517 473 0
2518 543 1
2519 328 1
2520 249 1
2521 469 0
2522 642 1
2523 544 1
2524 518 0
2525 25 1
2526 329 1
2527 131 1
2528 129 0
2529 278 0
2530 102 0
2531 138 1
2532 119 0
2533 109 1
2534 315 1
2535 311 0
2536 249 1
2537 696 0
2538 478 1
2539 604 0
2540 538 1
2541 618 1
2542 182 0
2543 30 0
2544 465 1
2545 1 1
2546 248 0
2547 363 1
2548 474 1
2549 311 1
2550 577 0
2551 304 1
2552 20 1
2553 3 1
2554 138 1
2555 444 1
2556 572 1
2557 493 1
2558 42 1
2559 402 1
2560 499 0
2561 411 1
2562 597 0
2563 64 1
2564 195 1
2565 424 0
2566 333 1
2567 602 1
2568 677 1
2569 521 1
2570 162 1
2571 440 1
2572 258 0
2573 106 1
2574 73 1
2575 143 1
2576 579 1
2577 269 0
2578 664 1
2579 479 0
2580 44 1
2581 635 0
2582 580 0
2583 68 1
2584 74 0
2585 689 1
2586 503 1
2587 307 0
2588 348 1
2589 65 1
2590 590 1
2591 330 0
2592 431 1
2593 577 1
2594 269 0
2595 572 1
2596 189 1
2597 28 1
2598 676 1
2599 311 0
2600 353 1
2601 322 1
2602 414 1
2603 235 1
2604 325 0
2605 133 1
2606 177 1
2607 315 1
2608 12 1
2609 322 1
2610 565 1
2611 264 1
2612 332 0
2613 140 1
2614 56 1
2615 375 1
2616 400 0
2617 601 1
2618 277 0
2619 139 1
2620 473 1
2621 134 1
2622 404 1
2623 263 0
2624 678 0
2625 366 1
2626 97 0
2627 228 1
2628 258 0
2629 55 0
2630 488 1
2631 59 0
2632 464 0
2633 653 1
2634 501 0
2635 679 1
2636 401 1
2637 242 0
2638 213 1
2639 557 1
2640 40 1
2641 33 1
2642 558 0
2643 621 1
2644 686 0
2645 80 1
2646 56 1
2647 293 1
2648 137 0
2649 211 1
2650 356 1
2651 230 0
2652 653 1
2653 179 1
2654 645 0
2655 375 1
2656 664 1
2657 158 1
2658 338 1
2659 270 0
2660 18 1
2661 429 0
2662 545 1
2663 650 1
2664 286 1
2665 657 1
2666 368 1
2667 16 0
2668 308 1
2669 118 1
2670 654 0
2671 588 0
2672 570 1
2673 53 0
2674 88 1
2675 550 1
2676 9 1
2677 623 1
2678 705 0
2679 573 0
2680 32 1
2681 250 0
2682 15 0
2683 372 1
2684 129 1
2685 613 0
2686 320 1
2687 1 0
2688 564 1
2689 83 0
2690 45 1
2691 96 1
2692 616 0
2693 277 1
2694 610 1
2695 543 1
2696 366 1
2697 379 0
2698 9 0
2699 41 1
2700 578 1
2701 259 1
2702 472 1
2703 405 1
2704 314 1
2705 639 0
2706 458 0
2707 468 0
2708 403 1
2709 239 0
2710 214 1
2711 605 1
2712 194 1
2713 298 1
2714 353 0
2715 10 0
2716 330 1
2717 446 1
2718 197 0
2719 70 1
2720 675 0
2721 206 1
2722 6 1
2723 438 1
2724 38 0
2725 40 1
2726 77 1
2727 168 1
2728 246 1
2729 143 1
2730 143 1
2731 147 1
2732 478 0
2733 612 1
2734 61 1
2735 523 1
2736 672 1
2737 100 1
2738 21 1
2739 92 0
2740 552 0
2741 698 0
2742 113 1
2743 569 0
2744 283 0
2745 295 1
2746 533 1
2747 567 1
2748 704 1
2749 636 0
2750 92 0
2751 451 1
2752 505 0
2753 392 0
2754 426 1
2755 586 1
2756 284 1
2757 557 0
2758 382 0
2759 93 0
2760 68 1
2761 40 0
2762 498 1
2763 230 1
2764 404 0
2765 585 1
2766 642 1
2767 211 1
2768 592 1
2769 236 1
2770 37 1
2771 227 1
2772 6 1
2773 55 1
2774 527 0
2775 389 1
2776 591 1
2777 201 1
2778 704 0
2779 577 1
2780 246 0
2781 223 1
2782 428 1
2783 265 1
2784 705 1
2785 270 0
2786 329 1
2787 400 0
2788 286 0
2789 59 0
2790 326 1
2791 26 1
2792 545 1
2793 291 0
2794 326 0
2795 256 0
2796 592 1
2797 77 1
2798 581 1
2799 659 0
2800 180 1
2801 259 1
2802 430 1
2803 180 1
2804 450 1
2805 479 1
2806 355 0
2807 310 0
2808 68 0
2809 48 1
2810 32 1
2811 634 1
2812 452 1
2813 650 1
2814 389 1
2815 550 1
2816 136 0
2817 415 0
2818 418 1
2819 564 1
2820 503 1
2821 262 1
2822 552 1
2823 376 1
2824 456 1
2825 682 1
2826 397 1
2827 62 1
2828 644 0
2829 112 1
2830 251 1
2831 220 1
2832 35 1
2833 622 1
2834 181 0
2835 658 1
2836 127 1
2837 492 0
2838 443 1
2839 248 0
2840 574 0
2841 668 0
2842 476 1
2843 50 1
2844 60 1
2845 51 1
2846 494 1
2847 35 1
2848 189 0
2849 705 1
2850 73 1
2851 3 1
2852 515 0
2853 547 1
2854 314 1
2855 87 0
2856 674 1
2857 477 1
2858 103 1
2859 500 0
2860 26 1
2861 531 1
2862 492 1
2863 385 0
2864 173 1
2865 0 1
2866 685 1
2867 115 1
2868 554 0
2869 56 1
2870 407 0
2871 374 0
2872 234 0
2873 462 1
2874 714 1
2875 557 1
2876 131 0
2877 210 0
2878 271 1
2879 253 1
2880 304 1
2881 691 1
2882 312 1
2883 87 1
2884 85 0
2885 684 0
2886 673 0
2887 191 1
2888 139 0
2889 194 1
2890 232 1
2891 543 1
2892 456 1
2893 268 1
2894 354 0
2895 121 0
2896 111 1
2897 209 1
2898 235 1
2899 571 1
2900 494 1
2901 481 0
2902 543 0
2903 691 1
2904 274 1
2905 152 0
2906 586 0
2907 207 1
2908 454 1
2909 388 0
2910 333 0
2911 28 1
2912 271 1
2913 149 1
2914 588 0
2915 163 1
2916 592 0
2917 147 1
2918 266 0
2919 434 0
2920 673 0
2921 52 1
2922 287 1
2923 201 1
2924 402 0
2925 498 1
2926 379 0
2927 462 0
2928 99 1
2929 493 1
2930 668 1
2931 386 1
2932 250 1
2933 626 0
2934 320 0
2935 62 0
2936 651 1
2937 484 0
2938 41 0
2939 628 1
2940 223 1
2941 128 1
2942 601 1
2943 589 1
2944 538 1
2945 391 0
2946 355 1
2947 696 1
2948 646 1
2949 127 1
2950 668 1
2951 191 0
2952 690 1
2953 488 1
2954 309 0
2955 123 1
2956 86 1
2957 83 1
2958 178 1
2959 392 1
2960 371 1
2961 152 0
2962 510 1
2963 669 1
2964 69 0
2965 21 0
2966 653 1
2967 287 1
2968 223 1
2969 691 0
2970 121 0
2971 400 1
2972 402 0
2973 231 1
2974 105 1
2975 246 1
2976 355 0
2977 540 1
2978 197 1
2979 307 0
2980 622 1
2981 340 1
2982 209 1
2983 129 1
2984 19 0
2985 301 1
2986 251 0
2987 16 1
2988 134 1
2989 184 1
2990 206 1
2991 53 1
2992 110 1
2993 44 1
2994 419 1
2995 297 1
2996 347 1
2997 546 1
2998 600 1
2999 325 1
3000 112 1
3001 427 1
3002 608 1
3003 685 1
3004 26 1
3005 319 0
3006 581 0
3007 75 1
3008 633 1
3009 3 1
3010 138 0
3011 323 1
3012 605 1
3013 710 1
3014 161 0
3015 441 1
3016 610 1
3017 304 0
3018 261 0
3019 578 1
3020 89 1
3021 520 0
3022 218 1
3023 698 1
3024 50 1
3025 520 1
3026 282 1
3027 9 1
3028 329 1
3029 709 1
3030 371 0
3031 99 1
3032 580 1
3033 98 0
3034 11 1
3035 78 1
3036 523 0
3037 439 1
3038 197 0
3039 542 1
3040 400 1
3041 490 1
3042 523 1
3043 186 1
3044 168 0
3045 679 0
3046 607 1
3047 470 0
3048 518 0
3049 646 1
3050 525 1
3051 298 1
3052 658 1
3053 20 0
3054 436 1
3055 438 1
3056 573 1
3057 135 0
3058 376 1
3059 179 1
3060 165 1
