7926
1 692 1
2 761 1
3 675 0
4 688 0
5 837 1
6 293 1
7 47 1
8 268 1
9 142 1
10 792 1
11 338 1
12 759 0
13 292 1
14 219 1
15 483 1
16 282 1
17 674 0
18 119 1
19 888 1
20 142 1
21 549 1
22 309 0
23 571 1
24 284 1
25 50 1
26 864 1
27 156 0
28 83 1
29 830 0
30 645 1
31 851 1
32 685 0
33 581 1
34 827 1
35 221 1
36 659 1
37 15 1
38 879 0
39 156 1
40 812 0
41 606 1
42 108 1
43 350 1
44 65 1
45 249 0
46 690 1
47 492 1
48 334 0
49 790 1
50 251 0
51 498 1
52 392 0
53 733 0
54 612 0
55 800 1
56 364 1
57 150 1
58 121 0
59 175 1
60 779 1
61 409 0
62 135 1
63 553 1
64 585 0
65 899 0
66 720 1
67 357 1
68 765 1
69 91 1
70 590 0
71 753 1
72 251 1
73 37 1
74 258 1
75 315 0
76 393 1
77 873 1
78 235 0
79 265 0
80 477 1
81 512 0
82 514 0
83 18 1
84 570 1
85 364 0
86 514 0
87 66 1
88 631 1
89 893 1
90 72 1
91 537 0
92 542 0
93 261 1
94 789 1
95 697 1
96 789 0
97 173 0
98 688 0
99 535 0
100 57 1
101 370 1
102 871 1
103 190 0
104 52 1
105 100 0
106 0 1
107 759 1
108 0 1
109 175 0
110 645 1
111 667 1
112 691 0
113 446 1
114 543 0
115 346 1
116 492 1
117 26 1
118 421 0
119 574 1
120 813 1
121 110 1
122 165 1
123 210 1
124 744 0
125 712 1
126 111 1
127 532 0
128 829 1
129 548 0
130 570 1
131 827 1
132 220 0
133 134 1
134 583 1
135 872 1
136 236 0
137 161 0
138 706 1
139 323 1
140 513 1
141 792 0
142 122 1
143 37 1
144 499 0
145 276 1
146 333 1
147 84 1
148 567 1
149 50 0
150 682 0
151 254 0
152 100 0
153 173 0
154 300 1
155 210 1
156 386 1
157 292 0
158 523 0
159 70 1
160 671 1
161 701 1
162 60 1
163 169 1
164 515 1
165 388 0
166 239 0
167 67 1
168 326 0
169 658 1
170 250 1
171 294 1
172 725 1
173 657 1
174 672 0
175 880 1
176 830 1
177 301 1
178 733 1
179 372 1
180 445 1
181 398 1
182 670 1
183 535 0
184 218 0
185 477 0
186 672 1
187 617 1
188 456 1
189 353 1
190 198 0
191 424 0
192 523 0
193 773 1
194 707 1
195 456 1
196 515 0
197 690 1
198 832 0
199 135 1
200 372 0
201 373 1
202 238 0
203 394 0
204 460 1
205 432 1
206 835 1
207 298 1
208 436 0
209 322 1
210 827 0
211 248 1
212 487 1
213 480 0
214 361 1
215 321 1
216 740 1
217 631 1
218 538 1
219 282 1
220 627 1
221 268 1
222 425 1
223 528 1
224 247 1
225 616 1
226 482 0
227 369 1
228 901 0
229 484 1
230 75 0
231 605 1
232 354 1
233 159 0
234 872 1
235 746 1
236 9 1
237 669 1
238 190 1
239 809 0
240 901 0
241 366 1
242 485 1
243 305 1
244 194 0
245 357 1
246 450 0
247 596 1
248 566 1
249 551 1
250 50 0
251 646 1
252 19 0
253 251 0
254 221 0
255 403 0
256 681 1
257 458 1
258 114 0
259 261 1
260 408 1
261 334 1
262 850 1
263 516 1
264 296 1
265 806 0
266 317 0
267 820 1
268 476 1
269 302 0
270 83 1
271 429 1
272 742 1
273 297 1
274 262 1
275 19 1
276 689 1
277 138 0
278 551 1
279 5 1
280 576 1
281 706 1
282 874 1
283 85 1
284 550 0
285 657 0
286 361 1
287 8 1
288 341 0
289 156 1
290 619 1
291 127 1
292 40 1
293 800 0
294 675 1
295 49 1
296 228 1
297 98 1
298 233 1
299 161 1
300 740 1
301 271 1
302 271 0
303 401 0
304 96 1
305 69 1
306 244 1
307 878 1
308 875 0
309 143 1
310 193 1
311 755 0
312 703 0
313 133 1
314 304 1
315 574 0
316 625 0
317 342 1
318 392 1
319 363 1
320 812 1
321 58 0
322 141 1
323 608 0
324 323 0
325 519 1
326 700 1
327 693 1
328 737 0
329 48 1
330 633 0
331 38 1
332 736 1
333 765 0
334 635 0
335 471 0
336 170 1
337 869 1
338 320 1
339 426 1
340 838 1
341 14 1
342 172 1
343 894 1
344 144 1
345 805 1
346 175 1
347 890 1
348 735 0
349 237 1
350 735 1
351 525 1
352 92 0
353 71 1
354 579 1
355 811 0
356 53 1
357 6 1
358 387 0
359 890 1
360 452 0
361 821 1
362 246 1
363 638 1
364 417 0
365 303 1
366 193 0
367 669 1
368 174 0
369 453 1
370 92 1
371 367 1
372 42 0
373 126 1
374 127 0
375 473 1
376 420 1
377 61 1
378 56 1
379 502 1
380 842 0
381 237 1
382 488 0
383 175 0
384 744 1
385 270 1
386 504 1
387 737 1
388 766 1
389 732 1
390 490 1
391 82 0
392 207 0
393 186 1
394 355 0
395 494 1
396 104 0
397 186 1
398 247 1
399 108 0
400 502 0
401 682 0
402 527 0
403 407 0
404 893 1
405 796 0
406 296 1
407 245 1
408 779 1
409 523 1
410 876 1
411 40 1
412 114 0
413 426 1
414 100 1
415 451 0
416 425 1
417 219 1
418 260 0
419 198 1
420 619 0
421 488 0
422 727 1
423 28 1
424 263 1
425 349 1
426 179 1
427 71 1
428 372 0
429 411 0
430 543 0
431 342 1
432 605 0
433 117 1
434 41 1
435 629 1
436 163 1
437 185 0
438 705 1
439 349 0
440 522 0
441 59 1
442 844 1
443 507 1
444 139 0
445 54 0
446 635 1
447 505 1
448 56 0
449 717 1
450 693 1
451 270 0
452 172 1
453 602 1
454 425 1
455 42 0
456 504 1
457 259 1
458 402 0
459 272 1
460 295 1
461 79 1
462 722 0
463 782 1
464 61 1
465 388 1
466 553 1
467 221 1
468 869 1
469 702 1
470 629 1
471 194 1
472 114 0
473 433 0
474 488 1
475 815 1
476 543 1
477 568 1
478 332 1
479 654 1
480 801 0
481 660 1
482 310 1
483 277 1
484 559 0
485 426 0
486 333 0
487 517 1
488 586 1
489 63 1
490 21 1
491 712 1
492 626 1
493 25 0
494 583 1
495 864 1
496 331 1
497 691 1
498 113 1
499 675 0
500 801 1
501 56 0
502 576 0
503 437 1
504 791 0
505 847 1
506 232 1
507 474 1
508 548 1
509 182 0
510 691 1
511 467 0
512 278 1
513 274 0
514 79 1
515 162 0
516 3 1
517 626 1
518 304 1
519 596 0
520 661 1
521 762 0
522 711 1
523 361 1
524 347 1
525 98 0
526 444 0
527 671 1
528 335 1
529 870 0
530 749 0
531 807 1
532 764 1
533 186 1
534 692 1
535 774 1
536 836 0
537 856 1
538 482 1
539 759 0
540 371 1
541 721 1
542 278 1
543 805 1
544 291 1
545 539 1
546 417 0
547 647 1
548 732 0
549 859 1
550 469 1
551 486 1
552 879 0
553 806 0
554 24 0
555 142 1
556 131 0
557 478 1
558 452 0
559 534 1
560 254 1
561 638 1
562 373 1
563 706 0
564 70 1
565 238 1
566 5 0
567 455 1
568 20 1
569 855 0
570 291 1
571 854 1
572 715 1
573 344 1
574 812 0
575 521 1
576 562 1
577 591 0
578 152 1
579 651 0
580 571 1
581 29 1
582 468 1
583 729 1
584 356 0
585 45 1
586 290 1
587 826 1
588 183 1
589 782 0
590 658 0
591 14 0
592 170 1
593 766 1
594 513 0
595 714 0
596 259 0
597 271 1
598 83 1
599 728 0
600 536 1
601 185 1
602 526 1
603 685 0
604 133 1
605 559 1
606 479 1
607 866 1
608 692 1
609 240 1
610 758 1
611 242 0
612 553 0
613 355 1
614 367 1
615 831 0
616 710 0
617 584 0
618 881 0
619 799 0
620 201 0
621 660 0
622 543 1
623 843 1
624 209 1
625 636 0
626 892 0
627 839 1
628 1 0
629 33 0
630 229 1
631 126 1
632 735 0
633 127 1
634 589 1
635 583 1
636 652 1
637 82 1
638 722 0
639 626 0
640 862 0
641 753 0
642 751 1
643 6 1
644 739 1
645 219 1
646 417 1
647 518 0
648 567 0
649 721 1
650 183 0
651 801 1
652 744 1
653 884 1
654 662 1
655 350 1
656 480 1
657 86 0
658 648 1
659 838 0
660 546 0
661 65 1
662 12 0
663 312 1
664 741 1
665 589 1
666 290 1
667 369 0
668 226 0
669 453 1
670 715 1
671 122 1
672 761 0
673 379 0
674 56 0
675 261 1
676 884 1
677 420 0
678 422 1
679 329 1
680 376 0
681 40 0
682 262 1
683 555 1
684 517 0
685 645 0
686 666 1
687 380 1
688 731 0
689 545 1
690 831 1
691 245 1
692 889 1
693 564 1
694 252 1
695 670 1
696 667 1
697 392 1
698 876 1
699 685 1
700 811 1
701 577 1
702 294 1
703 613 1
704 572 0
705 668 0
706 818 0
707 827 0
708 432 1
709 68 0
710 896 1
711 410 1
712 59 1
713 200 1
714 361 0
715 280 1
716 412 0
717 357 1
718 426 1
719 587 1
720 738 1
721 109 1
722 120 1
723 314 1
724 37 1
725 91 0
726 634 1
727 204 1
728 816 1
729 483 1
730 143 0
731 715 1
732 231 1
733 775 1
734 653 1
735 509 1
736 569 1
737 901 1
738 824 1
739 95 1
740 452 1
741 404 0
742 444 1
743 634 1
744 768 0
745 146 1
746 490 1
747 77 1
748 788 1
749 233 1
750 166 0
751 786 1
752 874 1
753 278 1
754 854 1
755 511 1
756 560 0
757 101 0
758 377 1
759 875 1
760 462 1
761 422 0
762 736 1
763 529 1
764 206 1
765 675 1
766 359 1
767 206 1
768 856 1
769 225 0
770 615 1
771 725 1
772 261 0
773 546 1
774 172 1
775 393 1
776 394 1
777 198 1
778 170 0
779 363 1
780 343 0
781 505 0
782 207 1
783 790 1
784 709 0
785 726 1
786 118 0
787 865 1
788 230 1
789 116 1
790 126 0
791 550 0
792 838 0
793 261 1
794 85 1
795 896 1
796 517 1
797 887 1
798 724 1
799 886 1
800 158 0
801 465 1
802 113 0
803 656 0
804 694 1
805 259 1
806 551 1
807 853 1
808 167 1
809 349 0
810 592 0
811 436 0
812 355 0
813 30 1
814 710 0
815 464 0
816 724 1
817 900 1
818 626 1
819 35 1
820 696 0
821 750 0
822 615 1
823 832 1
824 425 1
825 132 0
826 792 0
827 323 1
828 747 0
829 423 1
830 123 1
831 33 1
832 183 1
833 295 1
834 198 1
835 739 1
836 137 1
837 93 1
838 801 1
839 389 1
840 716 0
841 197 0
842 602 1
843 609 0
844 386 1
845 514 1
846 530 1
847 211 1
848 91 1
849 133 1
850 592 0
851 696 1
852 71 1
853 336 1
854 569 1
855 709 1
856 758 0
857 502 1
858 37 1
859 662 0
860 96 0
861 444 0
862 334 1
863 608 1
864 15 1
865 471 1
866 469 1
867 605 0
868 810 0
869 22 1
870 276 0
871 373 1
872 492 0
873 348 1
874 841 0
875 464 0
876 139 1
877 173 0
878 418 0
879 655 1
880 378 0
881 310 1
882 1 1
883 899 0
884 711 1
885 801 0
886 507 1
887 876 0
888 660 1
889 139 0
890 845 1
891 146 1
892 123 1
893 68 0
894 613 0
895 487 1
896 460 1
897 448 1
898 323 0
899 542 0
900 879 1
901 631 0
902 226 1
903 338 1
904 440 1
905 95 0
906 594 1
907 222 1
908 730 1
909 112 0
910 770 1
911 287 1
912 665 0
913 303 1
914 693 0
915 876 1
916 798 1
917 9 1
918 724 1
919 520 0
920 337 0
921 646 1
922 124 1
923 502 1
924 12 1
925 395 1
926 483 1
927 624 1
928 28 0
929 89 1
930 382 1
931 2 1
932 425 0
933 157 1
934 529 0
935 266 1
936 805 1
937 652 1
938 390 0
939 638 0
940 135 0
941 697 0
942 326 1
943 621 0
944 858 1
945 588 1
946 529 0
947 373 1
948 772 1
949 714 0
950 475 1
951 364 1
952 502 0
953 820 1
954 780 1
955 149 1
956 444 1
957 388 1
958 778 1
959 880 1
960 329 1
961 829 1
962 670 1
963 424 0
964 98 1
965 696 1
966 729 1
967 464 1
968 686 1
969 76 1
970 36 1
971 748 0
972 827 1
973 348 0
974 756 1
975 292 1
976 650 0
977 799 1
978 31 0
979 470 1
980 69 1
981 214 0
982 178 1
983 884 1
984 158 1
985 697 0
986 283 0
987 431 1
988 534 1
989 424 1
990 863 1
991 329 1
992 691 1
993 541 0
994 547 1
995 119 0
996 130 1
997 269 1
998 110 0
999 441 0
1000 309 0
1001 219 1
1002 291 1
1003 312 1
1004 285 1
1005 69 1
1006 306 0
1007 613 0
1008 380 1
1009 85 0
1010 117 1
1011 153 0
1012 538 0
1013 68 1
1014 429 1
1015 672 1
1016 501 1
1017 842 1
1018 397 1
1019 472 0
1020 501 1
1021 26 0
1022 451 1
1023 415 1
1024 403 1
1025 368 0
1026 461 0
1027 280 1
1028 42 1
1029 257 0
1030 613 1
1031 64 1
1032 432 1
1033 760 0
1034 14 1
1035 609 0
1036 140 1
1037 177 1
1038 786 1
1039 277 1
1040 606 0
1041 319 1
1042 266 0
1043 677 1
1044 459 0
1045 536 1
1046 474 1
1047 796 1
1048 362 0
1049 833 1
1050 254 0
1051 403 0
1052 687 1
1053 84 1
1054 28 1
1055 370 0
1056 764 1
1057 555 1
1058 801 1
1059 850 0
1060 777 0
1061 699 0
1062 598 0
1063 110 1
1064 761 1
1065 848 1
1066 752 0
1067 263 1
1068 686 1
1069 865 1
1070 222 1
1071 202 1
1072 779 0
1073 870 1
1074 600 1
1075 306 1
1076 157 1
1077 581 0
1078 697 1
1079 325 1
1080 0 1
1081 181 0
1082 133 1
1083 144 1
1084 549 1
1085 388 0
1086 196 1
1087 855 1
1088 860 0
1089 265 1
1090 251 1
1091 790 1
1092 674 1
1093 676 0
1094 672 0
1095 538 0
1096 127 1
1097 279 1
1098 19 0
1099 836 0
1100 286 1
1101 437 0
1102 424 1
1103 313 0
1104 725 1
1105 698 1
1106 3 0
1107 239 1
1108 812 1
1109 659 0
1110 772 1
1111 767 0
1112 284 1
1113 14 1
1114 80 1
1115 627 1
1116 684 0
1117 362 0
1118 64 1
1119 345 1
1120 765 1
1121 619 0
1122 484 1
1123 55 1
1124 629 0
1125 488 1
1126 279 1
1127 252 0
1128 11 1
1129 866 0
1130 384 1
1131 628 1
1132 509 0
1133 129 0
1134 519 1
1135 216 0
1136 128 0
1137 662 1
1138 304 1
1139 518 1
1140 287 1
1141 42 0
1142 214 1
1143 227 0
1144 73 1
1145 487 1
1146 294 1
1147 380 0
1148 58 1
1149 230 0
1150 496 1
1151 472 1
1152 135 1
1153 748 1
1154 706 0
1155 885 1
1156 224 1
1157 169 0
1158 77 0
1159 176 0
1160 99 1
1161 364 1
1162 389 1
1163 50 1
1164 766 0
1165 536 0
1166 482 0
1167 496 1
1168 753 1
1169 570 0
1170 462 1
1171 161 1
1172 335 1
1173 638 0
1174 239 0
1175 75 1
1176 88 0
1177 244 0
1178 696 1
1179 680 0
1180 331 1
1181 433 0
1182 835 1
1183 285 1
1184 540 1
1185 511 1
1186 263 1
1187 300 1
1188 515 1
1189 767 0
1190 606 1
1191 604 1
1192 793 1
1193 25 1
1194 899 1
1195 661 1
1196 532 1
1197 897 1
1198 390 0
1199 419 0
1200 892 0
1201 788 0
1202 457 0
1203 852 0
1204 222 0
1205 580 1
1206 169 1
1207 377 0
1208 229 1
1209 160 0
1210 620 1
1211 66 1
1212 526 0
1213 227 0
1214 98 1
1215 701 1
1216 430 0
1217 342 1
1218 529 1
1219 713 0
1220 277 1
1221 190 1
1222 674 0
1223 19 1
1224 237 1
1225 397 0
1226 757 1
1227 619 1
1228 280 0
1229 809 1
1230 102 1
1231 224 1
1232 708 0
1233 274 1
1234 127 1
1235 599 1
1236 233 1
1237 607 1
1238 624 1
1239 176 1
1240 561 1
1241 573 1
1242 792 0
1243 309 0
1244 649 1
1245 306 1
1246 338 1
1247 139 0
1248 608 0
1249 480 0
1250 11 1
1251 896 1
1252 235 0
1253 420 1
1254 739 1
1255 576 1
1256 682 1
1257 327 0
1258 294 1
1259 256 1
1260 609 0
1261 550 1
1262 604 0
1263 190 1
1264 614 0
1265 558 1
1266 116 1
1267 383 1
1268 665 1
1269 66 1
1270 10 1
1271 656 1
1272 645 1
1273 120 0
1274 474 1
1275 494 1
1276 694 1
1277 641 0
1278 587 0
1279 218 1
1280 111 0
1281 437 1
1282 182 1
1283 336 1
1284 234 1
1285 203 1
1286 800 0
1287 693 1
1288 697 1
1289 337 1
1290 701 0
1291 207 1
1292 729 0
1293 401 1
1294 289 0
1295 226 1
1296 494 1
1297 140 1
1298 94 1
1299 378 1
1300 634 1
1301 328 1
1302 296 0
1303 832 1
1304 445 0
1305 117 0
1306 611 0
1307 250 0
1308 684 0
1309 121 1
1310 370 0
1311 227 0
1312 522 1
1313 395 1
1314 600 1
1315 700 1
1316 210 0
1317 377 0
1318 3 1
1319 353 0
1320 745 0
1321 205 0
1322 306 0
1323 160 1
1324 206 0
1325 817 0
1326 140 1
1327 50 0
1328 267 1
1329 133 1
1330 74 1
1331 712 1
1332 717 0
1333 302 0
1334 7 1
1335 680 1
1336 638 1
1337 60 1
1338 196 0
1339 789 0
1340 258 1
1341 734 1
1342 603 1
1343 818 1
1344 84 1
1345 348 0
1346 883 1
1347 612 0
1348 102 1
1349 272 0
1350 180 0
1351 862 1
1352 449 1
1353 860 1
1354 656 1
1355 803 1
1356 62 0
1357 411 1
1358 273 1
1359 146 0
1360 133 0
1361 686 1
1362 652 1
1363 325 0
1364 823 1
1365 621 1
1366 160 0
1367 17 1
1368 114 1
1369 108 1
1370 235 1
1371 783 0
1372 400 0
1373 475 0
1374 132 1
1375 544 1
1376 213 0
1377 793 0
1378 237 1
1379 230 0
1380 326 0
1381 260 1
1382 287 0
1383 852 0
1384 668 1
1385 270 0
1386 726 0
1387 55 1
1388 613 0
1389 654 1
1390 249 1
1391 522 0
1392 381 0
1393 595 0
1394 142 1
1395 533 1
1396 775 1
1397 711 1
1398 828 1
1399 318 1
1400 231 1
1401 351 1
1402 7 0
1403 280 1
1404 692 1
1405 878 0
1406 85 1
1407 13 0
1408 424 0
1409 596 1
1410 289 1
1411 133 0
1412 534 1
1413 737 1
1414 115 0
1415 566 1
1416 9 1
1417 158 0
1418 178 1
1419 148 1
1420 227 1
1421 422 0
1422 379 1
1423 534 0
1424 556 1
1425 224 0
1426 212 1
1427 764 0
1428 714 1
1429 60 1
1430 20 1
1431 689 1
1432 398 0
1433 459 1
1434 384 1
1435 300 1
1436 488 1
1437 21 1
1438 12 1
1439 280 1
1440 539 1
1441 268 1
1442 375 1
1443 352 1
1444 241 0
1445 529 0
1446 551 0
1447 46 1
1448 262 0
1449 623 1
1450 868 1
1451 769 1
1452 500 1
1453 175 1
1454 857 0
1455 837 0
1456 717 1
1457 758 0
1458 89 1
1459 791 1
1460 134 0
1461 103 1
1462 735 1
1463 733 1
1464 166 1
1465 253 0
1466 890 0
1467 587 0
1468 666 0
1469 513 1
1470 730 1
1471 872 1
1472 407 1
1473 247 1
1474 449 0
1475 94 1
1476 312 1
1477 123 1
1478 760 0
1479 655 1
1480 822 0
1481 815 0
1482 127 1
1483 812 0
1484 774 1
1485 269 0
1486 384 1
1487 416 0
1488 723 1
1489 800 1
1490 313 0
1491 610 1
1492 604 1
1493 526 1
1494 199 1
1495 243 0
1496 286 1
1497 443 0
1498 412 0
1499 718 0
1500 288 0
1501 155 1
1502 738 1
1503 318 1
1504 90 1
1505 587 0
1506 866 1
1507 784 0
1508 541 1
1509 787 1
1510 444 1
1511 616 1
1512 698 1
1513 655 1
1514 680 0
1515 4 0
1516 69 0
1517 495 0
1518 732 1
1519 221 1
1520 785 1
1521 79 1
1522 616 1
1523 830 1
1524 125 0
1525 93 1
1526 355 1
1527 811 1
1528 135 0
1529 115 1
1530 304 1
1531 883 0
1532 36 1
1533 34 1
1534 144 1
1535 200 0
1536 820 1
1537 289 0
1538 898 1
1539 545 1
1540 445 1
1541 203 1
1542 861 1
1543 464 1
1544 847 0
1545 8 1
1546 456 0
1547 622 1
1548 880 0
1549 772 1
1550 668 1
1551 563 0
1552 349 1
1553 877 1
1554 583 0
1555 636 1
1556 672 1
1557 439 1
1558 464 1
1559 481 0
1560 338 1
1561 658 0
1562 649 1
1563 140 0
1564 790 1
1565 261 0
1566 738 1
1567 900 1
1568 288 0
1569 42 1
1570 6 1
1571 509 1
1572 372 1
1573 163 0
1574 707 1
1575 757 1
1576 647 0
1577 693 1
1578 647 1
1579 778 1
1580 599 0
1581 604 0
1582 718 1
1583 376 1
1584 746 0
1585 731 0
1586 608 1
1587 285 1
1588 142 1
1589 426 0
1590 605 1
1591 748 0
1592 550 1
1593 501 1
1594 226 0
1595 99 0
1596 26 1
1597 772 1
1598 574 1
1599 605 0
1600 834 1
1601 24 0
1602 286 1
1603 375 0
1604 270 0
1605 131 1
1606 595 1
1607 80 1
1608 272 0
1609 51 1
1610 714 0
1611 591 0
1612 609 1
1613 339 1
1614 219 0
1615 455 1
1616 648 0
1617 447 0
1618 57 1
1619 874 1
1620 234 1
1621 57 0
1622 738 1
1623 828 0
1624 474 1
1625 776 1
1626 785 0
1627 538 1
1628 682 0
1629 286 1
1630 433 1
1631 808 1
1632 734 1
1633 625 1
1634 30 1
1635 875 1
1636 456 0
1637 191 0
1638 167 0
1639 570 0
1640 753 1
1641 683 1
1642 7 1
1643 885 1
1644 709 1
1645 200 0
1646 768 1
1647 833 0
1648 215 1
1649 245 1
1650 7 0
1651 265 0
1652 248 0
1653 267 1
1654 330 0
1655 568 1
1656 135 0
1657 573 0
1658 425 1
1659 343 1
1660 583 1
1661 887 0
1662 405 1
1663 805 1
1664 229 1
1665 378 0
1666 123 1
1667 212 1
1668 198 1
1669 299 0
1670 171 0
1671 465 1
1672 71 0
1673 863 0
1674 450 0
1675 240 0
1676 360 0
1677 336 0
1678 800 1
1679 898 0
1680 143 0
1681 777 1
1682 117 0
1683 394 0
1684 323 0
1685 356 1
1686 658 0
1687 312 1
1688 470 1
1689 737 0
1690 90 1
1691 807 1
1692 57 1
1693 69 0
1694 236 1
1695 740 0
1696 197 1
1697 646 1
1698 459 0
1699 141 0
1700 587 1
1701 788 0
1702 831 0
1703 585 1
1704 886 0
1705 832 0
1706 9 0
1707 524 1
1708 491 0
1709 680 1
1710 172 1
1711 205 0
1712 890 1
1713 439 1
1714 502 0
1715 742 1
1716 590 0
1717 288 1
1718 584 0
1719 186 1
1720 806 1
1721 155 0
1722 366 1
1723 638 1
1724 785 1
1725 682 0
1726 446 0
1727 180 1
1728 350 0
1729 395 1
1730 712 1
1731 796 0
1732 620 0
1733 187 1
1734 324 0
1735 383 1
1736 246 0
1737 800 1
1738 729 1
1739 567 0
1740 220 1
1741 668 1
1742 747 1
1743 613 1
1744 78 0
1745 804 1
1746 756 1
1747 44 1
1748 149 1
1749 289 0
1750 361 1
1751 457 1
1752 64 1
1753 73 0
1754 159 1
1755 260 1
1756 743 1
1757 558 1
1758 388 1
1759 540 0
1760 790 1
1761 111 0
1762 409 1
1763 874 0
1764 143 1
1765 787 0
1766 689 0
1767 867 0
1768 868 1
1769 157 1
1770 434 1
1771 17 0
1772 858 0
1773 376 1
1774 600 0
1775 567 0
1776 871 0
1777 644 1
1778 589 1
1779 692 1
1780 390 1
1781 748 1
1782 432 1
1783 443 1
1784 263 0
1785 35 1
1786 286 1
1787 485 0
1788 627 0
1789 343 1
1790 632 1
1791 326 1
1792 198 1
1793 78 0
1794 442 1
1795 130 1
1796 202 1
1797 766 1
1798 202 1
1799 544 0
1800 176 0
1801 675 1
1802 388 1
1803 461 0
1804 631 0
1805 196 1
1806 324 1
1807 720 1
1808 347 0
1809 821 1
1810 423 1
1811 720 1
1812 440 1
1813 772 1
1814 404 1
1815 619 0
1816 507 1
1817 799 1
1818 406 1
1819 765 1
1820 16 0
1821 254 0
1822 338 0
1823 374 0
1824 626 1
1825 573 0
1826 757 0
1827 286 0
1828 243 0
1829 693 1
1830 83 1
1831 741 1
1832 559 1
1833 340 1
1834 753 1
1835 614 0
1836 19 1
1837 378 1
1838 696 1
1839 140 1
1840 558 1
1841 324 1
1842 372 1
1843 465 1
1844 523 1
1845 776 0
1846 424 1
1847 709 1
1848 765 1
1849 559 0
1850 350 1
1851 654 0
1852 895 1
1853 482 0
1854 638 1
1855 866 1
1856 848 0
1857 709 0
1858 655 0
1859 447 0
1860 41 0
1861 150 0
1862 448 0
1863 59 1
1864 104 1
1865 440 1
1866 646 0
1867 336 0
1868 322 1
1869 841 1
1870 52 0
1871 353 1
1872 849 1
1873 487 1
1874 847 1
1875 390 0
1876 109 1
1877 866 0
1878 254 1
1879 625 0
1880 397 0
1881 82 0
1882 355 1
1883 293 0
1884 749 1
1885 491 0
1886 793 1
1887 312 1
1888 517 1
1889 855 1
1890 588 1
1891 205 0
1892 396 1
1893 767 1
1894 850 1
1895 522 0
1896 165 0
1897 657 1
1898 778 0
1899 709 1
1900 694 1
1901 281 0
1902 899 1
1903 179 1
1904 491 1
1905 733 0
1906 890 0
1907 630 1
1908 619 1
1909 133 0
1910 497 1
1911 425 1
1912 113 1
1913 36 1
1914 642 1
1915 372 1
1916 800 1
1917 775 1
1918 101 1
1919 166 1
1920 599 1
1921 525 1
1922 692 1
1923 69 0
1924 261 1
1925 733 1
1926 370 1
1927 275 0
1928 850 1
1929 230 1
1930 813 1
1931 780 1
1932 353 1
1933 362 1
1934 876 1
1935 802 1
1936 527 1
1937 14 0
1938 191 0
1939 483 1
1940 700 0
1941 722 0
1942 83 1
1943 409 0
1944 163 0
1945 378 1
1946 95 1
1947 541 0
1948 178 0
1949 415 1
1950 286 0
1951 481 1
1952 253 1
1953 399 0
1954 91 0
1955 408 1
1956 709 1
1957 472 1
1958 738 1
1959 581 1
1960 130 1
1961 487 1
1962 728 1
1963 186 1
1964 541 1
1965 571 1
1966 672 1
1967 7 0
1968 158 1
1969 881 1
1970 143 0
1971 797 0
1972 786 1
1973 499 0
1974 761 1
1975 377 0
1976 894 1
1977 629 1
1978 746 1
1979 237 1
1980 270 0
1981 725 1
1982 716 1
1983 478 1
1984 895 1
1985 222 0
1986 113 1
1987 745 1
1988 898 1
1989 619 0
1990 277 1
1991 259 1
1992 714 0
1993 745 1
1994 313 1
1995 455 0
1996 646 1
1997 793 0
1998 524 1
1999 432 0
2000 339 0
2001 824 1
2002 283 0
2003 205 1
2004 521 0
2005 549 1
2006 430 1
2007 823 1
2008 306 0
2009 312 1
2010 504 1
2011 714 1
2012 558 0
2013 464 1
2014 487 1
2015 868 1
2016 161 1
2017 790 1
2018 67 0
2019 236 1
2020 429 1
2021 485 1
2022 204 1
2023 857 1
2024 829 0
2025 642 0
2026 791 0
2027 191 0
2028 329 0
2029 798 1
2030 162 1
2031 253 1
2032 164 0
2033 279 1
2034 649 0
2035 819 0
2036 814 0
2037 134 0
2038 321 1
2039 139 0
2040 113 0
2041 192 1
2042 505 0
2043 863 0
2044 551 1
2045 748 1
2046 133 1
2047 792 1
2048 655 0
2049 528 1
2050 855 0
2051 334 0
2052 360 1
2053 396 0
2054 314 1
2055 442 0
2056 585 0
2057 843 1
2058 529 0
2059 120 1
2060 418 0
2061 891 1
2062 480 1
2063 849 1
2064 219 1
2065 147 1
2066 677 0
2067 452 1
2068 462 1
2069 329 1
2070 895 1
2071 715 1
2072 15 1
2073 523 1
2074 559 1
2075 723 1
2076 367 1
2077 382 1
2078 762 1
2079 593 1
2080 561 1
2081 8 1
2082 76 0
2083 886 1
2084 162 1
2085 169 0
2086 597 1
2087 246 1
2088 639 1
2089 12 1
2090 268 0
2091 785 1
2092 58 1
2093 336 0
2094 351 1
2095 412 1
2096 524 1
2097 761 0
2098 636 1
2099 895 1
2100 327 1
2101 222 1
2102 804 1
2103 392 1
2104 92 0
2105 106 0
2106 651 1
2107 93 1
2108 11 1
2109 141 0
2110 871 0
2111 787 1
2112 730 0
2113 606 1
2114 660 0
2115 531 1
2116 274 1
2117 522 1
2118 75 1
2119 888 1
2120 830 0
2121 528 0
2122 81 1
2123 144 1
2124 320 1
2125 870 0
2126 838 0
2127 295 1
2128 670 1
2129 643 1
2130 110 1
2131 269 0
2132 781 0
2133 73 1
2134 316 1
2135 780 0
2136 151 0
2137 825 0
2138 541 1
2139 740 0
2140 108 1
2141 662 1
2142 73 0
2143 223 1
2144 468 1
2145 25 1
2146 650 1
2147 476 0
2148 599 0
2149 897 1
2150 365 1
2151 14 1
2152 695 0
2153 17 1
2154 418 0
2155 707 1
2156 75 1
2157 327 1
2158 279 1
2159 404 1
2160 270 1
2161 838 0
2162 237 0
2163 303 1
2164 474 1
2165 361 0
2166 586 1
2167 867 0
2168 727 1
2169 469 1
2170 252 0
2171 526 0
2172 254 0
2173 647 1
2174 501 0
2175 792 1
2176 91 1
2177 545 1
2178 653 0
2179 676 1
2180 415 0
2181 820 1
2182 24 0
2183 479 1
2184 525 1
2185 507 1
2186 491 1
2187 617 0
2188 741 1
2189 132 0
2190 24 0
2191 624 1
2192 263 0
2193 858 0
2194 384 0
2195 240 1
2196 280 1
2197 899 0
2198 701 0
2199 568 0
2200 692 0
2201 369 0
2202 305 0
2203 782 1
2204 861 0
2205 900 1
2206 449 1
2207 757 1
2208 646 1
2209 239 1
2210 857 1
2211 684 1
2212 395 0
2213 52 1
2214 669 1
2215 688 1
2216 794 0
2217 497 0
2218 898 1
2219 756 0
2220 804 1
2221 597 1
2222 231 0
2223 576 1
2224 19 1
2225 518 1
2226 149 1
2227 625 1
2228 494 1
2229 250 1
2230 396 0
2231 234 0
2232 850 0
2233 655 1
2234 621 1
2235 558 1
2236 118 1
2237 631 0
2238 462 1
2239 81 0
2240 877 0
2241 871 1
2242 656 1
2243 181 1
2244 369 0
2245 23 1
2246 224 1
2247 565 0
2248 744 0
2249 774 0
2250 585 0
2251 500 1
2252 685 1
2253 809 1
2254 47 0
2255 483 1
2256 343 1
2257 560 0
2258 802 1
2259 761 1
2260 685 0
2261 547 1
2262 797 0
2263 837 1
2264 42 1
2265 371 1
2266 238 1
2267 842 1
2268 857 1
2269 23 1
2270 493 0
2271 438 0
2272 227 1
2273 203 1
2274 350 0
2275 811 1
2276 358 0
2277 798 0
2278 180 0
2279 404 1
2280 296 1
2281 117 1
2282 501 1
2283 312 1
2284 319 1
2285 214 0
2286 110 1
2287 259 1
2288 261 1
2289 220 0
2290 36 1
2291 744 0
2292 343 0
2293 159 1
2294 227 0
2295 13 1
2296 194 1
2297 814 1
2298 601 1
2299 6 1
2300 730 0
2301 587 1
2302 385 1
2303 31 1
2304 821 1
2305 355 0
2306 138 1
2307 764 1
2308 349 0
2309 272 1
2310 341 1
2311 855 0
2312 829 0
2313 743 1
2314 749 1
2315 303 1
2316 481 1
2317 28 1
2318 346 1
2319 366 0
2320 67 0
2321 635 1
2322 430 1
2323 856 0
2324 30 1
2325 209 0
2326 267 0
2327 175 0
2328 687 1
2329 479 1
2330 277 0
2331 623 1
2332 526 1
2333 235 1
2334 467 1
2335 894 1
2336 177 0
2337 8 1
2338 392 1
2339 241 1
2340 847 0
2341 306 0
2342 370 1
2343 821 0
2344 10 1
2345 201 0
2346 692 0
2347 803 1
2348 330 1
2349 42 0
2350 494 1
2351 843 1
2352 831 1
2353 134 1
2354 570 0
2355 256 0
2356 338 0
2357 239 1
2358 556 1
2359 619 0
2360 68 1
2361 611 1
2362 255 1
2363 832 0
2364 160 1
2365 894 1
2366 421 1
2367 181 1
2368 297 0
2369 184 1
2370 446 1
2371 894 0
2372 515 1
2373 347 0
2374 146 1
2375 248 1
2376 153 0
2377 73 1
2378 883 1
2379 505 0
2380 634 0
2381 553 0
2382 845 1
2383 675 1
2384 561 1
2385 619 1
2386 812 0
2387 402 1
2388 598 0
2389 106 1
2390 327 1
2391 57 1
2392 68 0
2393 401 0
2394 791 0
2395 850 0
2396 258 0
2397 848 0
2398 747 1
2399 855 1
2400 90 1
2401 267 1
2402 37 1
2403 839 1
2404 274 1
2405 478 0
2406 399 1
2407 593 0
2408 177 1
2409 273 0
2410 755 0
2411 102 0
2412 234 0
2413 68 1
2414 181 0
2415 485 1
2416 349 0
2417 28 1
2418 277 0
2419 777 1
2420 668 1
2421 6 1
2422 644 1
2423 144 1
2424 448 1
2425 644 1
2426 395 1
2427 412 1
2428 307 1
2429 709 0
2430 13 1
2431 516 0
2432 558 0
2433 260 1
2434 267 1
2435 484 1
2436 1 1
2437 612 0
2438 601 1
2439 77 1
2440 28 0
2441 448 1
2442 77 1
2443 810 1
2444 608 1
2445 873 1
2446 422 1
2447 495 0
2448 788 0
2449 11 1
2450 403 1
2451 600 0
2452 497 1
2453 561 1
2454 823 0
2455 344 1
2456 213 1
2457 373 1
2458 19 0
2459 675 0
2460 655 1
2461 103 1
2462 646 0
2463 10 1
2464 866 0
2465 856 0
2466 29 0
2467 283 1
2468 621 1
2469 479 1
2470 581 1
2471 491 1
2472 227 1
2473 184 1
2474 658 0
2475 630 1
2476 774 0
2477 99 1
2478 187 0
2479 562 0
2480 788 1
2481 689 1
2482 827 1
2483 198 0
2484 671 1
2485 844 1
2486 355 1
2487 0 0
2488 810 1
2489 341 1
2490 555 1
2491 490 0
2492 559 0
2493 457 1
2494 454 1
2495 410 0
2496 390 1
2497 12 1
2498 23 1
2499 617 0
2500 644 1
2501 558 1
2502 749 1
2503 850 1
2504 498 1
2505 736 0
2506 114 1
2507 749 0
2508 426 1
2509 274 1
2510 422 1
2511 76 1
2512 393 1
2513 884 0
2514 55 0
2515 624 1
2516 13 1
2517 552 0
2518 594 1
2519 274 1
2520 545 1
2521 511 1
2522 847 1
2523 188 1
2524 663 0
2525 107 0
2526 415 1
2527 508 1
2528 685 1
2529 737 0
2530 603 1
2531 537 1
2532 495 1
2533 891 1
2534 200 0
2535 133 0
2536 785 1
2537 260 1
2538 101 1
2539 615 0
2540 422 1
2541 460 1
2542 417 1
2543 500 0
2544 69 1
2545 697 1
2546 551 1
2547 801 0
2548 690 0
2549 332 1
2550 809 1
2551 491 0
2552 622 1
2553 691 1
2554 711 1
2555 342 1
2556 638 0
2557 825 1
2558 625 1
2559 768 1
2560 514 1
2561 879 1
2562 407 0
2563 64 1
2564 422 0
2565 185 0
2566 373 0
2567 289 1
2568 281 0
2569 574 0
2570 239 1
2571 77 1
2572 573 1
2573 543 1
2574 837 0
2575 502 1
2576 728 0
2577 369 0
2578 769 0
2579 186 0
2580 341 0
2581 788 1
2582 803 1
2583 321 0
2584 11 1
2585 686 1
2586 665 0
2587 640 1
2588 32 0
2589 802 0
2590 447 1
2591 831 1
2592 638 0
2593 264 0
2594 244 0
2595 307 1
2596 577 1
2597 813 0
2598 126 0
2599 830 0
2600 883 1
2601 801 1
2602 645 1
2603 495 1
2604 822 1
2605 401 0
2606 554 0
2607 397 1
2608 385 0
2609 309 1
2610 623 1
2611 70 1
2612 566 0
2613 288 1
2614 871 1
2615 341 0
2616 586 1
2617 108 0
2618 537 1
2619 105 1
2620 511 0
2621 336 0
2622 593 1
2623 624 1
2624 5 1
2625 462 0
2626 160 1
2627 683 0
2628 25 1
2629 29 1
2630 42 1
2631 358 0
2632 123 1
2633 715 0
2634 338 1
2635 629 1
2636 839 1
2637 525 0
2638 554 0
2639 118 0
2640 35 1
2641 700 1
2642 381 0
2643 433 0
2644 64 1
2645 157 1
2646 589 0
2647 491 0
2648 495 1
2649 227 0
2650 637 1
2651 293 1
2652 676 1
2653 616 1
2654 821 1
2655 400 1
2656 583 1
2657 563 0
2658 436 0
2659 226 0
2660 557 0
2661 363 0
2662 411 0
2663 469 1
2664 671 1
2665 350 1
2666 162 0
2667 492 1
2668 315 1
2669 21 1
2670 208 0
2671 847 0
2672 376 1
2673 611 1
2674 603 1
2675 825 1
2676 732 0
2677 673 0
2678 408 1
2679 660 1
2680 448 1
2681 95 1
2682 263 1
2683 304 1
2684 549 1
2685 325 0
2686 259 1
2687 160 0
2688 290 1
2689 715 1
2690 462 1
2691 665 1
2692 192 0
2693 290 0
2694 189 1
2695 534 1
2696 327 1
2697 760 1
2698 71 1
2699 681 1
2700 0 1
2701 891 1
2702 788 0
2703 406 0
2704 18 0
2705 827 1
2706 370 0
2707 284 1
2708 782 1
2709 261 1
2710 136 0
2711 463 1
2712 36 0
2713 566 0
2714 898 0
2715 484 0
2716 864 1
2717 669 0
2718 378 1
2719 684 1
2720 806 0
2721 388 1
2722 297 0
2723 593 1
2724 760 1
2725 661 1
2726 260 1
2727 871 1
2728 55 0
2729 160 1
2730 394 1
2731 461 1
2732 630 0
2733 619 0
2734 815 0
2735 15 1
2736 108 1
2737 750 0
2738 588 0
2739 753 0
2740 808 1
2741 196 1
2742 246 0
2743 219 0
2744 458 0
2745 767 1
2746 779 1
2747 62 1
2748 311 1
2749 370 1
2750 839 0
2751 700 1
2752 300 0
2753 207 1
2754 502 1
2755 433 0
2756 326 0
2757 331 1
2758 552 1
2759 386 1
2760 685 0
2761 716 0
2762 333 1
2763 582 1
2764 70 1
2765 381 1
2766 849 0
2767 712 1
2768 898 0
2769 234 0
2770 734 1
2771 663 1
2772 810 1
2773 243 1
2774 154 0
2775 80 1
2776 392 1
2777 670 1
2778 428 1
2779 638 1
2780 156 0
2781 19 0
2782 52 1
2783 106 1
2784 504 0
2785 304 0
2786 277 0
2787 7 1
2788 328 1
2789 157 0
2790 147 0
2791 834 0
2792 789 0
2793 532 1
2794 708 0
2795 326 0
2796 385 1
2797 479 1
2798 832 0
2799 901 1
2800 438 1
2801 527 0
2802 538 1
2803 412 0
2804 296 1
2805 203 1
2806 562 1
2807 494 1
2808 249 1
2809 277 0
2810 393 0
2811 675 1
2812 705 1
2813 485 0
2814 349 1
2815 826 1
2816 299 1
2817 113 1
2818 742 1
2819 802 1
2820 851 1
2821 92 1
2822 408 0
2823 473 1
2824 712 1
2825 468 1
2826 208 0
2827 738 1
2828 5 0
2829 402 1
2830 561 0
2831 654 1
2832 779 1
2833 552 1
2834 148 1
2835 268 1
2836 67 0
2837 365 1
2838 704 1
2839 888 1
2840 687 1
2841 717 1
2842 451 1
2843 662 1
2844 387 1
2845 322 1
2846 246 1
2847 419 0
2848 843 1
2849 10 0
2850 277 0
2851 844 0
2852 396 1
2853 575 1
2854 1 0
2855 468 1
2856 771 1
2857 194 0
2858 349 1
2859 532 1
2860 531 1
2861 296 1
2862 686 1
2863 412 1
2864 541 1
2865 472 1
2866 458 1
2867 17 0
2868 234 1
2869 564 1
2870 8 0
2871 436 0
2872 827 1
2873 856 1
2874 96 0
2875 524 0
2876 853 1
2877 259 1
2878 145 1
2879 118 1
2880 607 1
2881 603 1
2882 517 0
2883 529 1
2884 724 1
2885 743 0
2886 77 1
2887 122 0
2888 663 0
2889 33 1
2890 74 1
2891 241 1
2892 889 0
2893 663 0
2894 441 0
2895 575 1
2896 884 0
2897 309 0
2898 408 1
2899 349 1
2900 541 0
2901 719 1
2902 223 1
2903 132 1
2904 673 1
2905 255 0
2906 479 1
2907 286 0
2908 266 0
2909 112 1
2910 341 1
2911 853 1
2912 720 1
2913 823 0
2914 610 1
2915 871 0
2916 874 0
2917 379 1
2918 384 1
2919 593 1
2920 433 1
2921 172 1
2922 614 0
2923 892 1
2924 261 1
2925 441 0
2926 789 1
2927 25 0
2928 164 1
2929 346 1
2930 631 1
2931 535 0
2932 760 1
2933 555 1
2934 279 1
2935 569 0
2936 363 1
2937 480 1
2938 53 0
2939 711 1
2940 328 1
2941 673 0
2942 398 0
2943 335 1
2944 157 1
2945 604 1
2946 508 1
2947 245 1
2948 663 0
2949 780 1
2950 315 1
2951 510 1
2952 42 1
2953 510 1
2954 314 0
2955 165 1
2956 570 1
2957 613 1
2958 147 1
2959 799 1
2960 239 1
2961 848 1
2962 495 1
2963 627 1
2964 504 0
2965 711 1
2966 708 1
2967 352 0
2968 821 1
2969 357 1
2970 35 1
2971 387 0
2972 873 1
2973 184 0
2974 803 0
2975 179 0
2976 338 1
2977 401 0
2978 74 1
2979 358 1
2980 143 1
2981 8 0
2982 243 1
2983 455 0
2984 734 1
2985 810 1
2986 846 1
2987 229 0
2988 150 1
2989 693 0
2990 6 1
2991 607 1
2992 96 1
2993 690 1
2994 646 1
2995 17 0
2996 69 1
2997 494 1
2998 799 1
2999 889 1
3000 371 1
3001 254 1
3002 190 1
3003 889 1
3004 408 0
3005 807 1
3006 651 1
3007 759 1
3008 374 1
3009 186 1
3010 449 1
3011 663 0
3012 886 1
3013 587 0
3014 716 1
3015 24 1
3016 225 1
3017 256 0
3018 518 0
3019 268 0
3020 680 0
3021 439 0
3022 441 1
3023 689 0
3024 355 1
3025 445 1
3026 176 1
3027 834 1
3028 875 1
3029 455 0
3030 605 1
3031 386 1
3032 757 1
3033 758 1
3034 399 0
3035 154 0
3036 54 0
3037 363 1
3038 157 1
3039 165 0
3040 123 1
3041 828 1
3042 329 0
3043 873 1
3044 134 1
3045 504 1
3046 3 1
3047 424 1
3048 143 1
3049 646 0
3050 404 1
3051 476 1
3052 3 1
3053 710 1
3054 87 1
3055 184 1
3056 339 1
3057 21 0
3058 626 1
3059 727 1
3060 174 1
3061 354 1
3062 73 0
3063 449 1
3064 814 0
3065 759 0
3066 505 0
3067 287 1
3068 26 0
3069 180 0
3070 726 1
3071 737 1
3072 474 0
3073 832 1
3074 262 1
3075 471 1
3076 742 1
3077 369 1
3078 457 1
3079 788 1
3080 768 0
3081 198 1
3082 491 0
3083 392 1
3084 336 1
3085 143 1
3086 693 0
3087 323 1
3088 249 0
3089 879 0
3090 422 0
3091 704 1
3092 128 0
3093 590 1
3094 503 1
3095 467 0
3096 634 0
3097 253 1
3098 4 0
3099 498 1
3100 73 1
3101 500 1
3102 132 1
3103 544 1
3104 589 1
3105 650 1
3106 726 0
3107 786 0
3108 136 1
3109 293 1
3110 706 1
3111 521 1
3112 279 0
3113 175 1
3114 274 0
3115 379 1
3116 826 1
3117 870 1
3118 557 0
3119 439 1
3120 790 0
3121 109 1
3122 151 1
3123 322 1
3124 223 0
3125 439 1
3126 230 1
3127 881 0
3128 589 0
3129 305 1
3130 339 1
3131 65 1
3132 418 0
3133 320 1
3134 57 0
3135 73 1
3136 458 1
3137 315 1
3138 590 1
3139 410 1
3140 107 1
3141 353 1
3142 420 1
3143 602 0
3144 900 0
3145 726 0
3146 446 1
3147 357 1
3148 580 1
3149 35 1
3150 47 1
3151 339 1
3152 460 1
3153 627 1
3154 146 0
3155 474 0
3156 741 0
3157 346 1
3158 672 0
3159 122 0
3160 710 1
3161 520 1
3162 738 0
3163 216 1
3164 408 0
3165 322 0
3166 529 1
3167 717 1
3168 171 1
3169 650 1
3170 578 0
3171 83 0
3172 806 0
3173 188 1
3174 476 1
3175 758 1
3176 12 0
3177 51 1
3178 351 1
3179 435 0
3180 689 1
3181 313 1
3182 517 0
3183 819 1
3184 327 1
3185 274 1
3186 790 1
3187 834 1
3188 786 1
3189 124 1
3190 844 0
3191 816 1
3192 113 1
3193 461 1
3194 891 0
3195 78 1
3196 751 1
3197 508 0
3198 32 0
3199 323 1
3200 90 0
3201 776 1
3202 710 1
3203 184 1
3204 340 1
3205 468 0
3206 703 0
3207 237 1
3208 103 1
3209 792 1
3210 692 1
3211 284 1
3212 775 0
3213 420 1
3214 71 1
3215 679 1
3216 195 1
3217 554 1
3218 116 1
3219 355 1
3220 803 1
3221 739 1
3222 717 1
3223 30 0
3224 528 1
3225 669 1
3226 547 0
3227 371 1
3228 599 1
3229 740 1
3230 146 1
3231 344 1
3232 826 0
3233 759 1
3234 490 0
3235 253 1
3236 547 0
3237 507 1
3238 578 1
3239 37 1
3240 458 0
3241 34 1
3242 270 0
3243 280 1
3244 709 1
3245 150 0
3246 391 1
3247 709 1
3248 246 1
3249 112 1
3250 535 1
3251 640 1
3252 211 1
3253 55 0
3254 539 1
3255 749 0
3256 554 1
3257 612 1
3258 42 1
3259 548 1
3260 766 1
3261 217 1
3262 46 0
3263 327 0
3264 591 0
3265 784 1
3266 560 1
3267 818 1
3268 524 1
3269 170 1
3270 721 0
3271 12 1
3272 312 1
3273 52 1
3274 371 0
3275 618 1
3276 152 0
3277 247 1
3278 616 0
3279 246 1
3280 769 0
3281 699 0
3282 407 0
3283 710 1
3284 99 0
3285 848 1
3286 409 1
3287 49 1
3288 339 1
3289 587 0
3290 702 1
3291 457 0
3292 652 1
3293 809 1
3294 790 0
3295 184 0
3296 38 1
3297 840 1
3298 109 1
3299 231 1
3300 138 0
3301 786 0
3302 794 1
3303 780 1
3304 34 1
3305 209 1
3306 282 1
3307 201 1
3308 883 0
3309 154 0
3310 261 1
3311 283 0
3312 734 1
3313 746 0
3314 382 1
3315 808 1
3316 667 1
3317 580 1
3318 381 1
3319 303 1
3320 681 0
3321 420 0
3322 692 0
3323 751 1
3324 729 1
3325 543 0
3326 756 0
3327 389 1
3328 805 1
3329 41 1
3330 478 0
3331 562 1
3332 152 0
3333 560 1
3334 456 0
3335 218 1
3336 888 0
3337 52 1
3338 358 1
3339 206 1
3340 806 0
3341 30 1
3342 430 1
3343 760 0
3344 822 0
3345 131 1
3346 262 1
3347 643 1
3348 690 0
3349 216 1
3350 676 0
3351 893 1
3352 171 1
3353 195 0
3354 846 0
3355 470 1
3356 5 1
3357 679 0
3358 432 0
3359 281 1
3360 852 1
3361 752 1
3362 861 0
3363 138 0
3364 306 1
3365 406 1
3366 545 0
3367 499 1
3368 197 1
3369 757 1
3370 852 1
3371 405 1
3372 339 1
3373 805 0
3374 476 1
3375 880 0
3376 596 1
3377 394 1
3378 735 1
3379 59 0
3380 644 0
3381 220 0
3382 376 0
3383 760 1
3384 268 1
3385 471 1
3386 697 1
3387 588 1
3388 571 0
3389 662 0
3390 431 0
3391 328 1
3392 225 1
3393 193 1
3394 767 0
3395 198 0
3396 230 1
3397 553 0
3398 649 1
3399 34 0
3400 538 1
3401 649 0
3402 894 1
3403 224 0
3404 339 1
3405 464 1
3406 381 1
3407 408 1
3408 125 1
3409 664 1
3410 609 1
3411 256 1
3412 792 1
3413 56 1
3414 732 0
3415 68 1
3416 108 1
3417 458 1
3418 320 1
3419 175 1
3420 423 1
3421 40 1
3422 42 1
3423 264 0
3424 805 0
3425 815 1
3426 401 0
3427 620 0
3428 734 0
3429 588 1
3430 279 1
3431 689 1
3432 885 1
3433 901 0
3434 440 1
3435 719 0
3436 570 1
3437 522 1
3438 719 1
3439 535 1
3440 326 1
3441 402 1
3442 374 1
3443 775 0
3444 554 1
3445 283 0
3446 629 1
3447 75 1
3448 729 1
3449 428 1
3450 5 0
3451 888 0
3452 516 1
3453 41 0
3454 807 0
3455 467 1
3456 780 0
3457 715 1
3458 746 0
3459 873 1
3460 562 0
3461 744 0
3462 80 0
3463 414 1
3464 405 1
3465 833 1
3466 599 0
3467 497 1
3468 840 1
3469 716 0
3470 626 1
3471 733 0
3472 4 0
3473 269 1
3474 890 1
3475 417 1
3476 250 1
3477 596 0
3478 346 0
3479 652 0
3480 462 1
3481 674 1
3482 13 1
3483 786 0
3484 320 1
3485 452 1
3486 637 0
3487 306 0
3488 341 1
3489 660 1
3490 328 1
3491 880 0
3492 849 1
3493 421 1
3494 194 0
3495 802 1
3496 22 1
3497 571 1
3498 356 1
3499 400 0
3500 567 1
3501 722 1
3502 648 0
3503 212 1
3504 871 0
3505 174 1
3506 804 0
3507 388 1
3508 239 1
3509 802 1
3510 492 1
3511 846 1
3512 130 1
3513 306 1
3514 483 0
3515 18 1
3516 169 0
3517 865 1
3518 134 1
3519 662 0
3520 803 0
3521 157 1
3522 744 1
3523 312 1
3524 208 0
3525 271 0
3526 670 1
3527 726 0
3528 486 1
3529 799 1
3530 349 0
3531 874 1
3532 825 1
3533 434 1
3534 768 0
3535 819 0
3536 786 1
3537 229 1
3538 131 1
3539 710 0
3540 265 0
3541 307 0
3542 50 0
3543 346 0
3544 18 1
3545 604 0
3546 573 0
3547 641 1
3548 267 1
3549 310 1
3550 782 1
3551 315 0
3552 715 1
3553 394 1
3554 598 1
3555 697 1
3556 696 1
3557 653 0
3558 233 1
3559 137 0
3560 96 0
3561 130 1
3562 172 1
3563 20 1
3564 458 0
3565 743 1
3566 313 1
3567 103 0
3568 457 0
3569 70 0
3570 212 0
3571 772 1
3572 869 0
3573 508 1
3574 620 1
3575 866 1
3576 242 1
3577 240 1
3578 378 0
3579 122 0
3580 346 1
3581 273 1
3582 778 1
3583 785 0
3584 386 1
3585 242 1
3586 232 1
3587 360 0
3588 392 1
3589 814 1
3590 368 0
3591 584 1
3592 384 1
3593 537 1
3594 597 1
3595 453 1
3596 379 0
3597 701 1
3598 859 0
3599 345 1
3600 294 1
3601 697 1
3602 457 0
3603 238 0
3604 535 1
3605 716 0
3606 684 1
3607 124 0
3608 491 1
3609 441 1
3610 833 0
3611 885 1
3612 475 0
3613 78 1
3614 123 1
3615 531 1
3616 768 0
3617 455 1
3618 237 0
3619 684 1
3620 843 1
3621 287 0
3622 165 1
3623 60 1
3624 585 1
3625 598 0
3626 250 0
3627 338 1
3628 364 1
3629 12 1
3630 597 0
3631 416 1
3632 382 0
3633 54 1
3634 419 1
3635 3 1
3636 749 0
3637 254 0
3638 457 1
3639 181 1
3640 572 1
3641 168 1
3642 460 1
3643 158 1
3644 680 1
3645 580 1
3646 885 0
3647 106 0
3648 722 1
3649 497 1
3650 410 0
3651 113 0
3652 302 0
3653 685 1
3654 438 1
3655 412 1
3656 500 1
3657 442 1
3658 844 1
3659 151 1
3660 40 1
3661 509 1
3662 581 0
3663 144 1
3664 531 1
3665 398 1
3666 898 1
3667 711 1
3668 634 0
3669 815 0
3670 873 0
3671 34 1
3672 662 0
3673 42 1
3674 590 1
3675 324 1
3676 680 1
3677 409 1
3678 302 1
3679 517 1
3680 49 1
3681 385 1
3682 36 0
3683 101 1
3684 201 1
3685 841 1
3686 95 1
3687 155 1
3688 865 1
3689 216 0
3690 146 1
3691 37 0
3692 886 1
3693 698 1
3694 755 0
3695 632 0
3696 741 1
3697 607 1
3698 480 1
3699 302 1
3700 478 1
3701 365 1
3702 630 1
3703 843 1
3704 474 1
3705 0 0
3706 211 1
3707 57 0
3708 239 0
3709 896 1
3710 580 0
3711 897 1
3712 254 1
3713 51 1
3714 408 1
3715 269 0
3716 765 1
3717 728 1
3718 9 1
3719 842 1
3720 339 1
3721 859 1
3722 635 1
3723 746 1
3724 281 1
3725 65 1
3726 221 1
3727 135 0
3728 419 0
3729 722 1
3730 710 1
3731 324 1
3732 236 1
3733 165 1
3734 331 0
3735 484 1
3736 460 1
3737 319 1
3738 870 0
3739 824 1
3740 416 0
3741 210 1
3742 705 1
3743 625 0
3744 44 0
3745 562 0
3746 48 1
3747 425 1
3748 548 0
3749 286 1
3750 866 1
3751 648 1
3752 66 1
3753 373 0
3754 887 0
3755 41 0
3756 282 1
3757 795 0
3758 108 1
3759 722 0
3760 476 1
3761 418 1
3762 122 1
3763 565 1
3764 44 1
3765 648 1
3766 475 1
3767 188 0
3768 216 1
3769 333 1
3770 857 1
3771 115 0
3772 137 1
3773 494 1
3774 39 0
3775 812 1
3776 453 1
3777 796 1
3778 26 1
3779 100 0
3780 164 1
3781 493 1
3782 654 1
3783 693 1
3784 98 1
3785 585 1
3786 10 1
3787 705 1
3788 221 0
3789 149 0
3790 368 0
3791 531 0
3792 143 1
3793 494 0
3794 396 0
3795 655 1
3796 854 1
3797 468 0
3798 684 1
3799 332 0
3800 140 1
3801 348 0
3802 471 0
3803 54 0
3804 205 1
3805 708 1
3806 18 1
3807 492 0
3808 31 1
3809 745 1
3810 191 1
3811 500 1
3812 745 1
3813 506 0
3814 82 0
3815 822 1
3816 609 0
3817 128 0
3818 175 0
3819 627 1
3820 799 1
3821 709 0
3822 40 1
3823 491 0
3824 798 0
3825 255 1
3826 833 1
3827 644 1
3828 578 1
3829 471 0
3830 843 1
3831 638 1
3832 415 1
3833 486 1
3834 461 1
3835 727 1
3836 157 1
3837 688 1
3838 834 1
3839 25 0
3840 368 1
3841 329 0
3842 792 0
3843 487 0
3844 77 1
3845 885 0
3846 204 0
3847 569 1
3848 901 1
3849 308 0
3850 121 1
3851 575 0
3852 425 0
3853 890 0
3854 395 1
3855 600 1
3856 49 1
3857 574 0
3858 757 1
3859 823 0
3860 874 1
3861 853 1
3862 38 1
3863 551 0
3864 186 0
3865 254 1
3866 506 1
3867 97 1
3868 703 0
3869 142 1
3870 512 0
3871 716 1
3872 526 1
3873 14 0
3874 304 1
3875 314 1
3876 253 0
3877 866 0
3878 297 0
3879 329 0
3880 888 1
3881 546 1
3882 267 0
3883 277 1
3884 241 0
3885 21 0
3886 16 1
3887 828 1
3888 639 0
3889 679 1
3890 289 1
3891 488 1
3892 770 0
3893 590 0
3894 480 0
3895 405 1
3896 113 0
3897 470 0
3898 450 0
3899 863 1
3900 679 1
3901 55 1
3902 232 1
3903 749 1
3904 579 1
3905 181 0
3906 130 1
3907 679 1
3908 633 1
3909 822 1
3910 799 0
3911 190 1
3912 132 1
3913 805 1
3914 18 1
3915 541 1
3916 261 1
3917 2 1
3918 334 0
3919 633 1
3920 790 1
3921 392 1
3922 337 0
3923 674 0
3924 293 1
3925 36 1
3926 677 1
3927 615 0
3928 644 1
3929 659 0
3930 797 1
3931 214 0
3932 895 0
3933 406 1
3934 480 1
3935 96 0
3936 707 0
3937 800 0
3938 170 1
3939 624 1
3940 679 0
3941 165 1
3942 400 1
3943 775 1
3944 154 1
3945 560 1
3946 831 0
3947 864 1
3948 503 1
3949 6 0
3950 17 1
3951 863 1
3952 103 1
3953 378 1
3954 187 0
3955 248 0
3956 273 1
3957 175 1
3958 48 1
3959 327 0
3960 337 1
3961 666 1
3962 272 0
3963 847 1
3964 508 1
3965 368 1
3966 468 1
3967 103 1
3968 846 1
3969 356 1
3970 337 1
3971 511 1
3972 529 1
3973 796 1
3974 247 1
3975 536 0
3976 866 1
3977 607 0
3978 440 0
3979 768 1
3980 16 0
3981 571 0
3982 320 1
3983 567 1
3984 9 0
3985 566 0
3986 381 0
3987 470 0
3988 374 0
3989 342 0
3990 342 1
3991 304 1
3992 691 1
3993 543 1
3994 74 0
3995 276 0
3996 399 0
3997 574 1
3998 132 1
3999 252 1
4000 16 1
4001 659 1
4002 750 0
4003 820 1
4004 103 0
4005 843 0
4006 651 1
4007 752 0
4008 426 0
4009 183 0
4010 314 1
4011 591 0
4012 575 1
4013 701 0
4014 15 1
4015 362 0
4016 870 1
4017 599 0
4018 102 1
4019 696 1
4020 289 0
4021 651 1
4022 395 1
4023 894 0
4024 407 1
4025 176 1
4026 146 1
4027 704 1
4028 542 1
4029 284 1
4030 555 1
4031 101 1
4032 765 1
4033 95 1
4034 71 1
4035 828 1
4036 38 1
4037 155 1
4038 592 0
4039 767 1
4040 492 1
4041 331 0
4042 564 1
4043 873 0
4044 637 0
4045 518 0
4046 657 0
4047 325 1
4048 417 0
4049 899 1
4050 723 0
4051 605 1
4052 257 1
4053 707 1
4054 176 1
4055 703 1
4056 370 1
4057 819 0
4058 22 0
4059 896 1
4060 801 1
4061 461 1
4062 230 1
4063 344 1
4064 60 1
4065 648 1
4066 265 1
4067 398 0
4068 379 0
4069 226 0
4070 533 1
4071 736 0
4072 817 0
4073 692 1
4074 298 1
4075 108 1
4076 297 1
4077 22 1
4078 453 0
4079 442 1
4080 708 0
4081 150 1
4082 51 1
4083 105 1
4084 509 0
4085 498 0
4086 772 0
4087 141 1
4088 742 1
4089 137 1
4090 374 1
4091 749 0
4092 327 1
4093 710 1
4094 894 1
4095 806 0
4096 195 1
4097 283 0
4098 360 0
4099 190 0
4100 232 1
4101 107 1
4102 533 1
4103 302 0
4104 594 0
4105 23 0
4106 198 0
4107 494 1
4108 154 1
4109 160 1
4110 310 0
4111 602 0
4112 778 0
4113 264 1
4114 785 0
4115 861 0
4116 655 0
4117 632 0
4118 728 0
4119 171 0
4120 228 1
4121 244 0
4122 478 0
4123 708 1
4124 797 1
4125 534 1
4126 689 1
4127 223 0
4128 875 1
4129 557 0
4130 454 1
4131 630 1
4132 338 1
4133 5 1
4134 393 0
4135 342 1
4136 126 1
4137 560 1
4138 836 1
4139 91 0
4140 746 1
4141 449 1
4142 860 0
4143 611 1
4144 672 1
4145 446 0
4146 539 1
4147 845 0
4148 291 1
4149 799 1
4150 538 1
4151 818 1
4152 337 1
4153 780 0
4154 354 0
4155 515 1
4156 351 1
4157 244 1
4158 247 0
4159 410 1
4160 879 1
4161 655 1
4162 788 1
4163 492 1
4164 716 0
4165 618 0
4166 140 0
4167 284 0
4168 522 1
4169 505 0
4170 546 1
4171 586 1
4172 595 1
4173 718 1
4174 541 1
4175 372 0
4176 840 1
4177 132 1
4178 894 1
4179 659 1
4180 282 1
4181 573 0
4182 177 1
4183 656 1
4184 777 1
4185 185 0
4186 792 1
4187 173 1
4188 457 1
4189 840 1
4190 630 0
4191 614 0
4192 851 1
4193 806 1
4194 639 1
4195 162 1
4196 451 0
4197 443 1
4198 204 1
4199 182 1
4200 871 0
4201 256 1
4202 238 1
4203 100 1
4204 833 1
4205 547 0
4206 764 1
4207 886 0
4208 273 1
4209 166 1
4210 866 0
4211 689 0
4212 333 1
4213 801 1
4214 841 1
4215 372 0
4216 205 1
4217 425 1
4218 814 0
4219 650 0
4220 77 1
4221 160 0
4222 66 1
4223 408 1
4224 447 1
4225 107 1
4226 415 1
4227 827 1
4228 782 1
4229 383 1
4230 564 1
4231 142 1
4232 238 1
4233 725 1
4234 605 0
4235 651 1
4236 525 1
4237 377 1
4238 468 1
4239 687 1
4240 872 0
4241 424 1
4242 688 1
4243 890 0
4244 588 1
4245 558 0
4246 639 0
4247 532 1
4248 121 1
4249 783 1
4250 584 1
4251 19 0
4252 855 0
4253 799 0
4254 694 1
4255 190 1
4256 477 1
4257 806 1
4258 477 0
4259 100 1
4260 19 1
4261 584 1
4262 212 1
4263 145 1
4264 325 0
4265 572 1
4266 70 1
4267 873 1
4268 501 1
4269 201 1
4270 208 0
4271 470 0
4272 519 1
4273 217 1
4274 22 0
4275 671 1
4276 731 1
4277 212 1
4278 323 0
4279 130 1
4280 140 1
4281 168 1
4282 807 0
4283 648 0
4284 665 0
4285 869 1
4286 754 1
4287 169 1
4288 567 1
4289 221 1
4290 703 1
4291 387 1
4292 100 0
4293 329 1
4294 712 0
4295 584 0
4296 674 1
4297 819 1
4298 403 1
4299 253 1
4300 269 0
4301 795 0
4302 414 1
4303 248 0
4304 448 0
4305 669 0
4306 874 0
4307 293 1
4308 509 0
4309 7 1
4310 594 1
4311 26 1
4312 855 1
4313 458 1
4314 265 1
4315 278 1
4316 688 0
4317 168 0
4318 892 0
4319 281 0
4320 398 1
4321 200 1
4322 617 1
4323 198 1
4324 872 1
4325 56 0
4326 553 1
4327 687 0
4328 684 1
4329 619 1
4330 466 1
4331 94 1
4332 825 0
4333 454 0
4334 434 1
4335 109 1
4336 295 1
4337 56 1
4338 559 1
4339 649 0
4340 874 1
4341 850 1
4342 788 1
4343 787 1
4344 146 1
4345 130 1
4346 256 1
4347 866 0
4348 242 0
4349 93 0
4350 665 1
4351 363 0
4352 268 1
4353 483 0
4354 186 1
4355 211 0
4356 33 1
4357 439 1
4358 63 1
4359 3 0
4360 341 0
4361 823 0
4362 358 1
4363 777 1
4364 717 1
4365 131 1
4366 585 1
4367 294 0
4368 183 1
4369 778 1
4370 763 0
4371 40 1
4372 662 1
4373 229 0
4374 316 1
4375 33 0
4376 121 1
4377 109 1
4378 253 0
4379 592 1
4380 123 0
4381 304 1
4382 730 1
4383 659 1
4384 888 1
4385 795 0
4386 793 1
4387 157 1
4388 168 1
4389 133 1
4390 374 0
4391 655 0
4392 535 0
4393 487 1
4394 17 1
4395 613 1
4396 412 0
4397 848 0
4398 126 1
4399 666 1
4400 408 1
4401 375 1
4402 248 1
4403 609 1
4404 674 0
4405 414 1
4406 665 1
4407 153 1
4408 443 0
4409 842 1
4410 85 0
4411 356 1
4412 325 0
4413 251 0
4414 175 1
4415 320 1
4416 87 1
4417 640 1
4418 81 1
4419 264 0
4420 846 1
4421 413 1
4422 357 1
4423 419 1
4424 475 1
4425 773 1
4426 11 1
4427 815 0
4428 42 1
4429 787 1
4430 593 0
4431 558 1
4432 657 1
4433 528 0
4434 155 1
4435 348 1
4436 325 1
4437 878 1
4438 841 1
4439 93 1
4440 755 0
4441 487 1
4442 851 1
4443 858 1
4444 76 1
4445 867 1
4446 461 1
4447 204 0
4448 331 0
4449 712 1
4450 379 0
4451 98 1
4452 188 1
4453 240 1
4454 226 1
4455 54 0
4456 55 0
4457 601 1
4458 698 1
4459 409 1
4460 155 1
4461 298 1
4462 654 1
4463 833 0
4464 747 1
4465 83 1
4466 70 0
4467 684 1
4468 670 0
4469 142 1
4470 771 1
4471 732 0
4472 493 1
4473 98 1
4474 87 0
4475 162 1
4476 638 0
4477 859 0
4478 475 0
4479 889 1
4480 702 1
4481 301 0
4482 665 1
4483 128 0
4484 521 0
4485 185 0
4486 222 0
4487 728 1
4488 203 1
4489 761 1
4490 187 0
4491 289 1
4492 896 1
4493 71 0
4494 549 1
4495 546 0
4496 786 0
4497 877 1
4498 688 1
4499 495 0
4500 130 1
4501 453 1
4502 208 0
4503 580 0
4504 617 1
4505 214 0
4506 875 1
4507 728 1
4508 262 1
4509 193 1
4510 613 1
4511 672 1
4512 441 0
4513 559 1
4514 507 1
4515 290 0
4516 589 1
4517 501 1
4518 290 1
4519 62 1
4520 132 0
4521 566 0
4522 537 0
4523 731 1
4524 46 1
4525 221 1
4526 273 1
4527 669 1
4528 639 1
4529 698 1
4530 478 0
4531 393 1
4532 98 1
4533 474 1
4534 586 0
4535 808 1
4536 570 1
4537 336 1
4538 621 0
4539 760 0
4540 845 1
4541 838 0
4542 729 0
4543 687 1
4544 443 0
4545 222 0
4546 741 1
4547 599 1
4548 119 1
4549 82 0
4550 465 1
4551 692 1
4552 217 0
4553 94 0
4554 291 1
4555 115 1
4556 690 1
4557 865 0
4558 169 0
4559 495 1
4560 890 1
4561 389 1
4562 186 1
4563 423 0
4564 14 0
4565 279 0
4566 6 1
4567 368 0
4568 196 1
4569 574 1
4570 171 0
4571 234 1
4572 498 1
4573 890 1
4574 604 1
4575 378 0
4576 54 1
4577 834 1
4578 610 1
4579 57 0
4580 128 1
4581 202 1
4582 163 1
4583 773 1
4584 789 1
4585 359 1
4586 233 1
4587 187 1
4588 303 1
4589 253 1
4590 170 1
4591 110 1
4592 253 0
4593 878 1
4594 567 1
4595 341 0
4596 126 1
4597 586 0
4598 870 0
4599 405 0
4600 659 1
4601 327 1
4602 212 1
4603 234 0
4604 201 0
4605 33 1
4606 874 1
4607 351 1
4608 599 0
4609 844 1
4610 116 0
4611 472 0
4612 339 1
4613 288 0
4614 370 1
4615 576 1
4616 68 1
4617 531 1
4618 27 0
4619 308 1
4620 106 0
4621 355 1
4622 241 0
4623 60 1
4624 789 1
4625 617 1
4626 43 0
4627 3 1
4628 100 0
4629 446 0
4630 253 0
4631 109 1
4632 536 1
4633 113 1
4634 260 1
4635 548 1
4636 764 0
4637 201 0
4638 464 1
4639 456 0
4640 21 0
4641 769 1
4642 773 1
4643 860 1
4644 576 1
4645 611 0
4646 37 1
4647 662 1
4648 873 1
4649 892 1
4650 295 1
4651 109 1
4652 540 1
4653 431 1
4654 329 1
4655 867 1
4656 571 0
4657 584 1
4658 361 0
4659 584 0
4660 459 1
4661 376 0
4662 770 0
4663 581 0
4664 668 1
4665 484 1
4666 866 1
4667 633 1
4668 3 0
4669 776 0
4670 805 0
4671 194 1
4672 330 0
4673 186 1
4674 832 1
4675 239 1
4676 576 0
4677 397 1
4678 508 0
4679 698 1
4680 818 0
4681 750 0
4682 875 1
4683 798 0
4684 155 1
4685 478 1
4686 267 1
4687 45 1
4688 60 1
4689 144 1
4690 270 1
4691 136 1
4692 755 1
4693 145 0
4694 780 0
4695 148 1
4696 881 1
4697 332 1
4698 891 1
4699 342 0
4700 656 0
4701 861 1
4702 102 1
4703 131 1
4704 406 0
4705 152 0
4706 171 1
4707 376 0
4708 90 0
4709 800 1
4710 220 1
4711 664 1
4712 457 1
4713 565 0
4714 78 1
4715 347 1
4716 337 1
4717 267 1
4718 725 1
4719 601 0
4720 186 0
4721 3 1
4722 554 1
4723 138 0
4724 413 1
4725 368 1
4726 497 1
4727 344 0
4728 882 0
4729 256 0
4730 670 0
4731 548 1
4732 8 0
4733 300 1
4734 726 1
4735 718 1
4736 509 1
4737 124 1
4738 612 1
4739 317 0
4740 713 0
4741 513 1
4742 815 1
4743 117 1
4744 377 1
4745 609 1
4746 75 0
4747 7 0
4748 826 1
4749 328 1
4750 63 1
4751 174 1
4752 377 1
4753 245 0
4754 73 1
4755 625 1
4756 345 1
4757 850 0
4758 607 0
4759 565 1
4760 195 0
4761 886 0
4762 283 0
4763 523 1
4764 56 1
4765 371 1
4766 507 1
4767 204 1
4768 355 1
4769 484 1
4770 768 0
4771 726 0
4772 200 1
4773 884 1
4774 253 1
4775 890 1
4776 332 0
4777 231 1
4778 622 1
4779 335 1
4780 460 1
4781 310 1
4782 763 0
4783 706 1
4784 61 1
4785 157 0
4786 495 1
4787 553 1
4788 169 1
4789 601 0
4790 350 1
4791 626 1
4792 318 1
4793 152 1
4794 466 0
4795 473 0
4796 706 1
4797 747 1
4798 151 1
4799 296 1
4800 839 1
4801 554 0
4802 850 0
4803 885 0
4804 496 0
4805 295 1
4806 686 1
4807 383 1
4808 389 0
4809 798 0
4810 534 1
4811 391 1
4812 6 1
4813 418 0
4814 544 0
4815 126 1
4816 22 0
4817 426 1
4818 641 1
4819 745 0
4820 262 1
4821 593 1
4822 572 0
4823 806 1
4824 121 0
4825 426 1
4826 828 1
4827 750 1
4828 809 1
4829 504 0
4830 79 0
4831 445 1
4832 822 1
4833 486 1
4834 793 1
4835 308 0
4836 882 0
4837 199 1
4838 488 1
4839 367 1
4840 317 1
4841 363 1
4842 464 1
4843 590 0
4844 478 0
4845 335 0
4846 334 1
4847 829 1
4848 505 0
4849 571 1
4850 254 1
4851 305 1
4852 634 0
4853 786 0
4854 119 0
4855 586 0
4856 556 0
4857 192 0
4858 15 0
4859 246 1
4860 730 0
4861 319 1
4862 215 0
4863 172 0
4864 415 1
4865 629 1
4866 476 1
4867 2 0
4868 293 0
4869 185 1
4870 552 0
4871 361 1
4872 331 0
4873 81 1
4874 190 1
4875 352 0
4876 420 1
4877 595 1
4878 16 1
4879 868 1
4880 365 1
4881 200 1
4882 383 1
4883 807 1
4884 503 1
4885 601 1
4886 374 1
4887 775 1
4888 126 1
4889 807 1
4890 38 1
4891 750 0
4892 686 0
4893 606 1
4894 65 1
4895 890 1
4896 679 1
4897 371 1
4898 561 0
4899 593 0
4900 780 0
4901 72 0
4902 522 0
4903 713 1
4904 558 1
4905 722 1
4906 633 1
4907 566 1
4908 769 0
4909 631 0
4910 354 1
4911 364 1
4912 76 0
4913 48 1
4914 523 1
4915 800 1
4916 201 0
4917 166 1
4918 330 1
4919 226 1
4920 352 1
4921 94 0
4922 372 1
4923 12 1
4924 687 1
4925 831 1
4926 776 1
4927 685 0
4928 296 1
4929 344 1
4930 228 1
4931 732 1
4932 626 0
4933 6 1
4934 876 1
4935 454 0
4936 35 0
4937 580 1
4938 307 0
4939 160 1
4940 748 1
4941 401 1
4942 796 1
4943 85 0
4944 673 1
4945 521 1
4946 427 1
4947 842 1
4948 348 1
4949 376 1
4950 838 0
4951 818 1
4952 477 1
4953 549 1
4954 845 1
4955 388 1
4956 310 1
4957 168 1
4958 730 0
4959 808 0
4960 438 1
4961 257 1
4962 779 1
4963 284 1
4964 802 1
4965 59 1
4966 589 1
4967 880 1
4968 228 0
4969 704 1
4970 335 0
4971 862 1
4972 491 1
4973 606 1
4974 795 1
4975 577 0
4976 696 1
4977 708 1
4978 543 1
4979 554 0
4980 507 0
4981 450 1
4982 100 0
4983 114 1
4984 54 1
4985 499 1
4986 520 0
4987 546 0
4988 100 0
4989 185 0
4990 275 1
4991 81 1
4992 450 0
4993 398 1
4994 637 1
4995 48 1
4996 833 0
4997 193 1
4998 25 0
4999 116 1
5000 882 1
5001 882 1
5002 587 0
5003 366 0
5004 289 1
5005 438 1
5006 168 1
5007 389 0
5008 163 1
5009 223 1
5010 349 1
5011 555 0
5012 525 0
5013 67 1
5014 811 1
5015 141 0
5016 555 1
5017 804 1
5018 818 1
5019 440 0
5020 576 0
5021 281 1
5022 252 1
5023 876 1
5024 67 0
5025 484 1
5026 882 0
5027 452 0
5028 885 1
5029 568 0
5030 215 1
5031 196 1
5032 99 1
5033 522 0
5034 122 0
5035 878 0
5036 695 1
5037 54 0
5038 683 1
5039 875 1
5040 639 1
5041 678 1
5042 350 1
5043 880 1
5044 259 1
5045 883 1
5046 110 0
5047 756 0
5048 275 1
5049 882 0
5050 194 0
5051 609 1
5052 871 1
5053 447 1
5054 203 1
5055 12 0
5056 389 1
5057 559 1
5058 674 1
5059 828 1
5060 840 1
5061 18 1
5062 743 1
5063 671 1
5064 5 1
5065 26 1
5066 119 1
5067 357 1
5068 810 0
5069 252 1
5070 736 0
5071 51 0
5072 710 1
5073 474 1
5074 2 1
5075 269 1
5076 63 1
5077 402 0
5078 818 1
5079 435 0
5080 578 1
5081 535 1
5082 853 1
5083 541 1
5084 306 1
5085 629 1
5086 155 0
5087 777 1
5088 803 1
5089 201 1
5090 505 1
5091 257 0
5092 270 1
5093 229 1
5094 586 0
5095 521 1
5096 881 0
5097 715 1
5098 558 1
5099 448 1
5100 245 1
5101 760 1
5102 367 0
5103 777 1
5104 82 0
5105 585 1
5106 58 1
5107 668 1
5108 355 0
5109 270 1
5110 171 1
5111 57 1
5112 458 0
5113 739 1
5114 882 0
5115 735 0
5116 630 1
5117 795 1
5118 327 0
5119 120 1
5120 258 0
5121 509 1
5122 402 0
5123 157 0
5124 684 1
5125 309 0
5126 732 1
5127 762 0
5128 651 0
5129 159 1
5130 396 1
5131 613 1
5132 343 0
5133 877 1
5134 31 1
5135 592 0
5136 557 0
5137 118 1
5138 889 1
5139 326 0
5140 460 1
5141 381 1
5142 514 0
5143 90 0
5144 596 0
5145 650 0
5146 657 0
5147 872 1
5148 624 0
5149 524 1
5150 699 1
5151 700 1
5152 585 1
5153 167 1
5154 851 1
5155 98 0
5156 641 1
5157 455 1
5158 721 0
5159 28 1
5160 307 1
5161 262 1
5162 796 0
5163 818 1
5164 593 1
5165 27 0
5166 168 1
5167 501 1
5168 157 1
5169 179 1
5170 674 0
5171 271 0
5172 758 0
5173 837 1
5174 783 1
5175 749 1
5176 399 0
5177 7 1
5178 757 0
5179 568 1
5180 121 1
5181 594 1
5182 835 0
5183 554 1
5184 374 0
5185 854 1
5186 109 1
5187 730 0
5188 705 1
5189 55 1
5190 386 1
5191 532 1
5192 670 1
5193 346 1
5194 219 0
5195 729 1
5196 120 0
5197 141 0
5198 127 1
5199 558 1
5200 283 0
5201 160 1
5202 734 1
5203 772 1
5204 410 0
5205 636 1
5206 485 1
5207 849 0
5208 318 0
5209 291 0
5210 62 1
5211 634 1
5212 53 1
5213 650 1
5214 81 1
5215 194 1
5216 816 1
5217 512 0
5218 756 1
5219 454 1
5220 307 0
5221 329 0
5222 211 1
5223 559 0
5224 327 0
5225 822 1
5226 725 0
5227 84 1
5228 598 1
5229 227 1
5230 796 1
5231 141 1
5232 287 1
5233 627 1
5234 134 0
5235 162 0
5236 123 0
5237 746 0
5238 525 0
5239 375 0
5240 108 1
5241 753 0
5242 118 1
5243 880 1
5244 181 1
5245 493 0
5246 382 1
5247 54 1
5248 142 1
5249 810 1
5250 616 0
5251 887 1
5252 75 1
5253 586 1
5254 647 1
5255 720 0
5256 769 1
5257 199 1
5258 19 1
5259 702 0
5260 382 1
5261 446 0
5262 440 1
5263 287 1
5264 279 1
5265 370 1
5266 436 1
5267 488 1
5268 844 0
5269 379 1
5270 890 1
5271 199 0
5272 525 1
5273 499 0
5274 331 1
5275 12 0
5276 106 1
5277 87 1
5278 56 1
5279 641 0
5280 81 0
5281 742 0
5282 221 1
5283 785 0
5284 13 0
5285 509 0
5286 216 1
5287 271 1
5288 374 1
5289 553 1
5290 338 1
5291 28 1
5292 122 0
5293 503 1
5294 1 1
5295 684 0
5296 351 0
5297 356 1
5298 366 1
5299 248 1
5300 15 0
5301 551 1
5302 75 0
5303 485 1
5304 202 1
5305 8 0
5306 702 0
5307 497 1
5308 565 1
5309 272 0
5310 340 1
5311 405 0
5312 335 1
5313 777 1
5314 513 1
5315 593 0
5316 637 0
5317 272 0
5318 576 1
5319 674 1
5320 893 1
5321 831 1
5322 231 1
5323 787 1
5324 525 1
5325 875 0
5326 211 1
5327 168 0
5328 651 1
5329 102 1
5330 580 0
5331 303 1
5332 449 0
5333 540 1
5334 430 0
5335 658 0
5336 506 0
5337 628 1
5338 112 1
5339 144 1
5340 426 1
5341 114 0
5342 7 1
5343 38 0
5344 739 1
5345 677 1
5346 348 0
5347 245 1
5348 410 1
5349 677 1
5350 609 1
5351 775 1
5352 777 1
5353 463 0
5354 526 1
5355 381 1
5356 236 0
5357 443 0
5358 289 0
5359 657 1
5360 135 1
5361 56 0
5362 24 0
5363 793 0
5364 354 0
5365 787 1
5366 758 0
5367 688 1
5368 429 1
5369 377 0
5370 368 0
5371 103 1
5372 766 1
5373 603 1
5374 785 1
5375 694 0
5376 304 0
5377 13 1
5378 319 1
5379 518 1
5380 230 1
5381 490 0
5382 332 0
5383 720 0
5384 38 1
5385 571 1
5386 465 0
5387 523 1
5388 76 0
5389 897 1
5390 95 1
5391 635 1
5392 707 0
5393 483 1
5394 309 0
5395 553 1
5396 16 1
5397 626 0
5398 831 0
5399 866 0
5400 809 1
5401 788 1
5402 65 1
5403 458 1
5404 145 1
5405 514 1
5406 654 1
5407 152 0
5408 407 1
5409 583 1
5410 248 1
5411 110 0
5412 131 0
5413 782 1
5414 448 0
5415 686 1
5416 795 1
5417 728 1
5418 737 1
5419 513 0
5420 249 1
5421 635 0
5422 786 0
5423 460 1
5424 692 0
5425 764 0
5426 131 0
5427 716 1
5428 221 0
5429 736 1
5430 197 1
5431 123 0
5432 848 1
5433 706 1
5434 647 1
5435 176 0
5436 856 1
5437 897 1
5438 209 1
5439 788 1
5440 352 1
5441 695 1
5442 135 0
5443 13 0
5444 618 1
5445 125 1
5446 782 1
5447 418 0
5448 612 1
5449 22 1
5450 52 1
5451 352 0
5452 766 0
5453 503 0
5454 559 1
5455 487 1
5456 795 1
5457 663 0
5458 302 0
5459 386 1
5460 280 0
5461 345 0
5462 271 0
5463 646 1
5464 742 1
5465 95 1
5466 623 1
5467 556 1
5468 306 0
5469 72 0
5470 546 1
5471 387 1
5472 352 0
5473 225 0
5474 580 1
5475 428 1
5476 634 1
5477 778 1
5478 391 0
5479 643 0
5480 702 0
5481 781 1
5482 39 0
5483 422 0
5484 105 1
5485 65 0
5486 566 1
5487 603 0
5488 356 1
5489 182 1
5490 49 0
5491 651 1
5492 896 1
5493 443 1
5494 561 1
5495 372 1
5496 678 1
5497 297 0
5498 198 1
5499 818 1
5500 727 1
5501 711 1
5502 847 0
5503 578 0
5504 753 0
5505 750 1
5506 225 1
5507 340 1
5508 783 0
5509 604 1
5510 235 0
5511 316 1
5512 739 1
5513 240 1
5514 188 1
5515 753 1
5516 552 0
5517 818 1
5518 730 0
5519 67 1
5520 353 1
5521 238 1
5522 170 1
5523 309 1
5524 873 0
5525 6 1
5526 499 1
5527 631 1
5528 34 1
5529 785 1
5530 539 0
5531 893 1
5532 52 0
5533 199 1
5534 158 1
5535 218 0
5536 839 0
5537 357 0
5538 546 0
5539 817 1
5540 433 0
5541 235 1
5542 243 0
5543 122 1
5544 591 0
5545 256 0
5546 398 0
5547 174 0
5548 570 1
5549 88 0
5550 151 1
5551 508 0
5552 275 0
5553 196 1
5554 630 1
5555 607 1
5556 690 0
5557 850 1
5558 319 0
5559 65 1
5560 734 1
5561 651 0
5562 82 1
5563 438 1
5564 711 1
5565 892 1
5566 588 1
5567 707 1
5568 218 1
5569 295 1
5570 526 1
5571 765 1
5572 354 0
5573 760 1
5574 296 1
5575 194 1
5576 659 1
5577 773 1
5578 281 1
5579 3 0
5580 591 1
5581 466 1
5582 4 0
5583 653 0
5584 443 0
5585 826 0
5586 460 0
5587 138 1
5588 13 1
5589 98 1
5590 577 0
5591 608 0
5592 650 0
5593 588 0
5594 301 0
5595 534 1
5596 756 1
5597 24 1
5598 784 1
5599 81 1
5600 480 1
5601 148 1
5602 207 0
5603 610 0
5604 696 1
5605 700 1
5606 757 0
5607 219 1
5608 642 1
5609 290 1
5610 667 0
5611 689 1
5612 679 1
5613 380 1
5614 490 1
5615 398 0
5616 880 1
5617 765 1
5618 345 1
5619 821 0
5620 36 0
5621 24 1
5622 782 1
5623 396 1
5624 562 1
5625 319 1
5626 365 0
5627 605 0
5628 820 1
5629 216 1
5630 56 0
5631 647 1
5632 16 1
5633 635 0
5634 496 0
5635 13 1
5636 685 1
5637 179 0
5638 36 1
5639 843 1
5640 773 1
5641 439 0
5642 123 0
5643 136 0
5644 884 1
5645 620 0
5646 479 1
5647 487 1
5648 631 0
5649 369 1
5650 42 0
5651 513 1
5652 176 1
5653 805 1
5654 535 0
5655 323 1
5656 519 1
5657 400 1
5658 661 1
5659 440 0
5660 400 1
5661 193 0
5662 279 1
5663 229 1
5664 169 0
5665 892 1
5666 737 0
5667 696 0
5668 708 1
5669 881 1
5670 200 0
5671 504 1
5672 821 1
5673 216 0
5674 50 1
5675 77 1
5676 570 1
5677 185 0
5678 708 1
5679 614 1
5680 525 1
5681 845 1
5682 619 1
5683 785 1
5684 751 0
5685 279 1
5686 823 0
5687 525 1
5688 298 1
5689 177 1
5690 252 1
5691 799 0
5692 282 1
5693 282 0
5694 253 1
5695 477 1
5696 110 1
5697 894 0
5698 572 1
5699 423 1
5700 395 1
5701 227 1
5702 340 0
5703 572 1
5704 104 1
5705 742 1
5706 516 1
5707 692 1
5708 478 1
5709 398 1
5710 237 1
5711 119 1
5712 151 1
5713 589 1
5714 400 1
5715 901 0
5716 813 1
5717 381 1
5718 490 0
5719 401 1
5720 312 1
5721 708 0
5722 638 1
5723 481 0
5724 82 0
5725 458 1
5726 854 1
5727 423 1
5728 201 1
5729 338 0
5730 221 1
5731 7 0
5732 733 1
5733 554 1
5734 195 1
5735 673 0
5736 52 1
5737 191 1
5738 489 1
5739 660 1
5740 406 1
5741 647 0
5742 550 0
5743 875 1
5744 34 1
5745 206 0
5746 819 0
5747 559 0
5748 602 1
5749 729 0
5750 21 1
5751 818 1
5752 735 0
5753 763 0
5754 535 1
5755 649 1
5756 494 1
5757 812 1
5758 318 0
5759 649 1
5760 366 0
5761 779 1
5762 826 0
5763 690 1
5764 647 1
5765 836 1
5766 773 1
5767 498 1
5768 615 1
5769 684 0
5770 394 0
5771 703 1
5772 582 1
5773 787 1
5774 667 1
5775 766 1
5776 244 0
5777 171 1
5778 835 0
5779 451 1
5780 891 1
5781 761 0
5782 894 1
5783 223 0
5784 230 1
5785 612 0
5786 193 1
5787 610 0
5788 539 1
5789 531 0
5790 786 1
5791 192 0
5792 550 1
5793 711 0
5794 736 1
5795 575 0
5796 157 1
5797 98 1
5798 549 1
5799 513 1
5800 82 1
5801 257 1
5802 149 0
5803 808 1
5804 217 1
5805 748 1
5806 588 1
5807 399 0
5808 157 0
5809 475 1
5810 882 1
5811 229 0
5812 339 1
5813 701 1
5814 404 1
5815 277 1
5816 292 0
5817 275 1
5818 256 0
5819 885 0
5820 618 0
5821 86 1
5822 526 0
5823 296 0
5824 206 1
5825 187 1
5826 675 1
5827 738 0
5828 500 1
5829 513 0
5830 606 1
5831 2 1
5832 423 1
5833 851 0
5834 458 1
5835 664 1
5836 176 1
5837 892 1
5838 748 1
5839 239 0
5840 569 1
5841 652 0
5842 356 0
5843 869 0
5844 539 1
5845 127 1
5846 126 1
5847 410 0
5848 162 1
5849 741 0
5850 706 1
5851 306 1
5852 108 1
5853 438 0
5854 94 1
5855 664 1
5856 372 1
5857 518 0
5858 415 1
5859 195 0
5860 722 1
5861 710 1
5862 208 1
5863 8 0
5864 333 0
5865 503 1
5866 350 1
5867 531 1
5868 618 1
5869 168 0
5870 257 1
5871 888 1
5872 759 1
5873 212 1
5874 501 0
5875 739 0
5876 241 0
5877 682 1
5878 521 0
5879 332 1
5880 537 1
5881 748 1
5882 498 1
5883 200 0
5884 859 0
5885 683 0
5886 713 0
5887 599 1
5888 27 1
5889 355 1
5890 486 1
5891 362 1
5892 495 1
5893 31 0
5894 833 1
5895 480 0
5896 52 0
5897 869 1
5898 216 1
5899 521 1
5900 48 0
5901 387 0
5902 483 1
5903 186 1
5904 164 0
5905 795 0
5906 245 1
5907 476 0
5908 154 1
5909 366 0
5910 383 0
5911 67 1
5912 27 0
5913 499 0
5914 859 0
5915 416 1
5916 835 0
5917 524 1
5918 400 1
5919 683 1
5920 106 1
5921 312 1
5922 343 1
5923 848 1
5924 565 0
5925 340 0
5926 13 1
5927 896 0
5928 197 0
5929 40 1
5930 124 1
5931 818 1
5932 114 0
5933 229 1
5934 5 0
5935 590 1
5936 756 0
5937 218 1
5938 302 1
5939 208 1
5940 891 1
5941 425 1
5942 711 0
5943 701 1
5944 669 1
5945 574 1
5946 53 1
5947 606 0
5948 443 0
5949 194 1
5950 358 1
5951 315 1
5952 541 1
5953 825 1
5954 210 1
5955 320 0
5956 435 0
5957 860 1
5958 20 0
5959 664 1
5960 255 1
5961 337 0
5962 339 0
5963 890 0
5964 389 1
5965 85 0
5966 64 1
5967 473 0
5968 447 1
5969 717 1
5970 527 1
5971 613 0
5972 638 1
5973 718 1
5974 742 1
5975 445 0
5976 328 1
5977 818 1
5978 336 1
5979 61 1
5980 86 1
5981 327 1
5982 717 1
5983 25 1
5984 50 0
5985 18 1
5986 878 1
5987 149 1
5988 714 1
5989 126 1
5990 201 1
5991 406 1
5992 866 0
5993 466 1
5994 885 0
5995 782 0
5996 185 0
5997 635 1
5998 520 1
5999 19 1
6000 256 1
6001 2 1
6002 180 1
6003 359 0
6004 775 1
6005 303 1
6006 570 1
6007 116 1
6008 788 0
6009 347 1
6010 621 1
6011 598 1
6012 848 1
6013 320 1
6014 747 0
6015 793 1
6016 791 0
6017 90 1
6018 458 0
6019 720 1
6020 692 1
6021 820 0
6022 830 0
6023 406 1
6024 129 1
6025 343 1
6026 492 1
6027 167 0
6028 370 0
6029 417 1
6030 583 1
6031 72 0
6032 615 1
6033 297 0
6034 369 1
6035 15 0
6036 894 1
6037 31 1
6038 626 1
6039 150 1
6040 45 1
6041 359 0
6042 288 0
6043 488 1
6044 770 1
6045 385 1
6046 482 0
6047 679 1
6048 376 0
6049 782 1
6050 604 1
6051 416 1
6052 731 1
6053 30 1
6054 885 1
6055 64 0
6056 429 1
6057 735 1
6058 706 1
6059 887 1
6060 740 1
6061 782 0
6062 339 1
6063 272 1
6064 805 1
6065 71 0
6066 706 1
6067 860 1
6068 33 1
6069 746 1
6070 826 1
6071 458 1
6072 87 0
6073 582 0
6074 370 1
6075 881 1
6076 205 1
6077 284 1
6078 833 1
6079 115 1
6080 221 1
6081 98 0
6082 674 0
6083 560 1
6084 459 1
6085 236 0
6086 726 1
6087 249 1
6088 499 1
6089 218 1
6090 9 1
6091 589 0
6092 714 0
6093 515 1
6094 40 1
6095 894 1
6096 573 0
6097 287 1
6098 317 0
6099 565 1
6100 520 1
6101 13 1
6102 351 1
6103 671 0
6104 850 1
6105 329 1
6106 842 1
6107 829 0
6108 401 1
6109 154 0
6110 829 1
6111 460 1
6112 651 0
6113 358 1
6114 205 0
6115 598 0
6116 579 1
6117 827 1
6118 630 1
6119 390 1
6120 339 1
6121 47 1
6122 491 0
6123 31 1
6124 832 1
6125 189 1
6126 747 1
6127 772 1
6128 250 0
6129 319 1
6130 5 1
6131 36 1
6132 383 1
6133 125 1
6134 313 0
6135 202 1
6136 89 1
6137 29 0
6138 883 1
6139 328 1
6140 660 1
6141 182 1
6142 264 0
6143 270 1
6144 694 1
6145 726 1
6146 116 1
6147 139 1
6148 479 1
6149 368 0
6150 536 1
6151 298 1
6152 576 1
6153 61 0
6154 802 1
6155 882 0
6156 662 1
6157 578 0
6158 629 1
6159 50 1
6160 291 1
6161 878 1
6162 393 0
6163 663 0
6164 793 1
6165 31 1
6166 212 1
6167 810 1
6168 413 1
6169 200 1
6170 772 0
6171 386 1
6172 99 0
6173 68 1
6174 422 1
6175 5 0
6176 651 1
6177 632 1
6178 754 1
6179 284 1
6180 35 1
6181 829 1
6182 645 0
6183 792 1
6184 218 1
6185 884 1
6186 684 0
6187 376 0
6188 844 1
6189 123 0
6190 319 1
6191 833 0
6192 109 1
6193 625 1
6194 714 1
6195 362 0
6196 79 1
6197 753 0
6198 783 1
6199 393 1
6200 245 0
6201 188 0
6202 256 1
6203 323 1
6204 521 0
6205 563 0
6206 330 1
6207 177 1
6208 815 0
6209 814 1
6210 566 1
6211 230 0
6212 321 1
6213 223 1
6214 236 0
6215 58 1
6216 505 0
6217 21 0
6218 324 1
6219 58 0
6220 303 1
6221 52 1
6222 629 1
6223 585 0
6224 787 1
6225 267 0
6226 284 1
6227 852 0
6228 91 1
6229 320 1
6230 303 0
6231 321 1
6232 381 1
6233 667 0
6234 856 1
6235 161 1
6236 860 0
6237 403 0
6238 442 1
6239 885 1
6240 95 1
6241 535 0
6242 259 0
6243 253 0
6244 171 1
6245 190 1
6246 50 1
6247 380 1
6248 609 0
6249 649 1
6250 384 1
6251 577 1
6252 779 0
6253 441 1
6254 578 0
6255 158 1
6256 430 1
6257 321 1
6258 691 1
6259 552 1
6260 246 1
6261 435 1
6262 107 0
6263 240 1
6264 473 1
6265 791 1
6266 553 1
6267 711 1
6268 300 0
6269 261 0
6270 186 1
6271 162 0
6272 625 1
6273 818 1
6274 814 1
6275 374 1
6276 64 0
6277 869 1
6278 235 0
6279 643 0
6280 852 1
6281 176 1
6282 755 0
6283 445 1
6284 406 1
6285 544 1
6286 638 1
6287 63 1
6288 701 1
6289 775 1
6290 203 1
6291 529 0
6292 325 0
6293 194 1
6294 460 1
6295 780 1
6296 223 0
6297 182 1
6298 210 1
6299 644 1
6300 846 1
6301 306 0
6302 260 1
6303 699 1
6304 104 0
6305 429 1
6306 87 0
6307 86 0
6308 309 1
6309 728 0
6310 629 1
6311 691 1
6312 173 1
6313 441 1
6314 355 1
6315 755 1
6316 639 0
6317 637 0
6318 285 1
6319 715 0
6320 274 1
6321 453 1
6322 713 1
6323 530 0
6324 332 0
6325 645 1
6326 475 0
6327 669 1
6328 162 1
6329 788 1
6330 806 1
6331 572 1
6332 558 0
6333 53 0
6334 9 1
6335 87 1
6336 522 0
6337 644 0
6338 593 1
6339 453 0
6340 385 1
6341 741 0
6342 387 1
6343 363 0
6344 229 1
6345 822 0
6346 404 1
6347 188 1
6348 311 0
6349 659 0
6350 765 1
6351 603 1
6352 800 0
6353 475 0
6354 130 0
6355 26 1
6356 881 1
6357 229 1
6358 788 0
6359 671 1
6360 355 0
6361 662 1
6362 839 1
6363 575 1
6364 848 0
6365 568 1
6366 835 1
6367 610 0
6368 127 1
6369 492 1
6370 624 0
6371 528 0
6372 799 1
6373 482 1
6374 862 1
6375 313 0
6376 355 0
6377 586 0
6378 22 0
6379 297 0
6380 592 1
6381 193 1
6382 403 0
6383 527 1
6384 498 1
6385 543 0
6386 392 1
6387 337 1
6388 439 0
6389 487 1
6390 339 0
6391 227 1
6392 629 1
6393 500 1
6394 829 1
6395 133 1
6396 273 0
6397 556 0
6398 397 1
6399 719 1
6400 55 1
6401 628 1
6402 42 0
6403 5 1
6404 395 0
6405 393 0
6406 804 1
6407 283 1
6408 43 1
6409 37 1
6410 435 1
6411 1 1
6412 666 1
6413 897 1
6414 251 0
6415 813 1
6416 832 0
6417 266 0
6418 115 1
6419 210 0
6420 275 1
6421 98 1
6422 735 1
6423 220 0
6424 19 1
6425 261 0
6426 842 0
6427 675 0
6428 332 1
6429 768 1
6430 239 1
6431 646 1
6432 731 0
6433 800 1
6434 695 1
6435 210 0
6436 467 1
6437 659 1
6438 446 0
6439 346 1
6440 894 0
6441 432 1
6442 382 1
6443 295 1
6444 388 1
6445 152 1
6446 353 1
6447 553 1
6448 321 0
6449 126 1
6450 315 0
6451 597 0
6452 401 1
6453 350 0
6454 747 1
6455 581 1
6456 816 1
6457 427 1
6458 731 0
6459 108 1
6460 397 1
6461 357 0
6462 816 1
6463 689 1
6464 873 0
6465 106 1
6466 664 0
6467 580 1
6468 815 1
6469 278 0
6470 480 1
6471 253 1
6472 484 1
6473 446 1
6474 671 0
6475 43 1
6476 572 0
6477 673 1
6478 164 1
6479 477 0
6480 787 0
6481 177 1
6482 142 1
6483 224 1
6484 541 1
6485 227 1
6486 217 1
6487 26 0
6488 428 1
6489 770 0
6490 539 0
6491 120 1
6492 67 0
6493 451 1
6494 765 1
6495 780 1
6496 367 1
6497 54 0
6498 568 0
6499 76 0
6500 782 1
6501 497 0
6502 295 0
6503 798 0
6504 507 1
6505 677 1
6506 334 0
6507 354 1
6508 201 0
6509 145 1
6510 345 0
6511 716 0
6512 737 1
6513 733 1
6514 805 0
6515 123 1
6516 624 1
6517 538 1
6518 655 1
6519 252 1
6520 613 0
6521 405 1
6522 582 0
6523 860 1
6524 834 1
6525 604 0
6526 785 0
6527 501 0
6528 701 1
6529 779 0
6530 653 1
6531 388 1
6532 132 0
6533 562 1
6534 873 1
6535 804 1
6536 598 1
6537 629 0
6538 579 0
6539 574 1
6540 447 0
6541 300 0
6542 207 1
6543 706 1
6544 889 0
6545 610 1
6546 96 1
6547 527 1
6548 535 0
6549 772 0
6550 758 1
6551 188 1
6552 737 0
6553 1 1
6554 14 0
6555 438 1
6556 363 0
6557 547 1
6558 394 1
6559 332 0
6560 447 1
6561 778 0
6562 551 1
6563 527 0
6564 347 0
6565 446 1
6566 169 1
6567 170 1
6568 61 1
6569 834 0
6570 502 1
6571 49 1
6572 865 1
6573 290 1
6574 460 1
6575 496 1
6576 419 0
6577 304 1
6578 532 0
6579 9 1
6580 327 1
6581 595 0
6582 602 0
6583 14 1
6584 692 1
6585 252 1
6586 72 0
6587 670 0
6588 410 0
6589 150 0
6590 680 1
6591 388 1
6592 774 1
6593 23 1
6594 623 1
6595 797 1
6596 0 0
6597 301 1
6598 110 1
6599 779 0
6600 17 1
6601 607 1
6602 844 0
6603 784 1
6604 189 0
6605 736 1
6606 434 1
6607 579 0
6608 13 1
6609 467 1
6610 391 1
6611 197 1
6612 609 1
6613 750 0
6614 326 1
6615 131 1
6616 512 1
6617 189 1
6618 625 0
6619 320 1
6620 517 1
6621 538 1
6622 132 1
6623 112 0
6624 574 1
6625 50 1
6626 698 1
6627 868 0
6628 502 1
6629 880 1
6630 198 1
6631 25 0
6632 360 1
6633 678 1
6634 700 0
6635 898 1
6636 664 0
6637 779 1
6638 505 1
6639 210 1
6640 81 0
6641 654 0
6642 264 1
6643 696 1
6644 436 1
6645 204 1
6646 539 1
6647 857 1
6648 859 1
6649 81 1
6650 899 1
6651 241 1
6652 123 1
6653 68 0
6654 522 1
6655 562 0
6656 51 1
6657 894 1
6658 33 1
6659 594 1
6660 216 0
6661 372 1
6662 541 1
6663 265 0
6664 473 0
6665 667 0
6666 837 1
6667 888 0
6668 784 0
6669 443 1
6670 746 1
6671 764 0
6672 173 1
6673 870 1
6674 55 0
6675 188 1
6676 215 0
6677 295 1
6678 644 1
6679 108 1
6680 419 1
6681 441 1
6682 295 1
6683 169 0
6684 651 0
6685 337 1
6686 471 1
6687 148 1
6688 224 1
6689 608 0
6690 678 0
6691 306 1
6692 455 1
6693 504 1
6694 17 1
6695 826 1
6696 901 1
6697 547 0
6698 305 0
6699 227 1
6700 183 0
6701 306 1
6702 276 1
6703 154 1
6704 570 1
6705 535 1
6706 412 0
6707 753 1
6708 53 1
6709 576 1
6710 724 0
6711 263 0
6712 378 1
6713 115 1
6714 381 1
6715 249 0
6716 419 1
6717 74 1
6718 108 1
6719 49 1
6720 502 1
6721 538 1
6722 35 1
6723 148 0
6724 500 0
6725 817 1
6726 737 0
6727 802 0
6728 87 0
6729 408 1
6730 772 1
6731 789 1
6732 311 0
6733 740 1
6734 603 0
6735 611 1
6736 885 1
6737 386 0
6738 148 1
6739 766 1
6740 770 1
6741 483 1
6742 860 1
6743 574 1
6744 814 1
6745 269 0
6746 738 1
6747 730 0
6748 532 1
6749 79 1
6750 626 0
6751 851 1
6752 449 1
6753 384 1
6754 625 1
6755 100 0
6756 686 0
6757 611 1
6758 723 1
6759 201 0
6760 120 1
6761 174 0
6762 139 1
6763 274 1
6764 82 1
6765 4 1
6766 800 1
6767 172 1
6768 703 0
6769 701 1
6770 73 1
6771 676 1
6772 896 1
6773 13 1
6774 426 1
6775 865 0
6776 440 1
6777 673 1
6778 553 1
6779 350 0
6780 154 1
6781 856 0
6782 477 1
6783 814 0
6784 195 0
6785 705 1
6786 682 0
6787 783 0
6788 377 1
6789 662 1
6790 766 1
6791 618 1
6792 519 0
6793 396 1
6794 190 1
6795 319 1
6796 368 0
6797 811 0
6798 156 1
6799 222 1
6800 604 0
6801 131 1
6802 675 0
6803 572 1
6804 320 0
6805 466 1
6806 715 1
6807 0 0
6808 571 0
6809 15 0
6810 411 1
6811 373 0
6812 120 1
6813 480 0
6814 517 0
6815 139 1
6816 240 1
6817 115 0
6818 696 0
6819 821 1
6820 777 0
6821 54 1
6822 567 1
6823 434 0
6824 865 1
6825 265 0
6826 52 1
6827 9 1
6828 677 0
6829 204 1
6830 289 0
6831 24 0
6832 125 0
6833 54 0
6834 584 1
6835 33 1
6836 115 0
6837 561 0
6838 800 1
6839 431 1
6840 713 1
6841 894 1
6842 190 1
6843 694 0
6844 490 1
6845 14 1
6846 510 1
6847 577 1
6848 593 1
6849 311 1
6850 606 0
6851 246 0
6852 846 1
6853 258 1
6854 168 1
6855 118 1
6856 899 1
6857 502 0
6858 770 0
6859 152 0
6860 461 0
6861 406 1
6862 620 0
6863 462 0
6864 714 0
6865 342 1
6866 630 0
6867 651 1
6868 663 1
6869 173 1
6870 210 1
6871 567 0
6872 158 0
6873 394 1
6874 632 0
6875 798 1
6876 883 0
6877 17 1
6878 141 1
6879 424 1
6880 765 1
6881 785 1
6882 622 1
6883 166 1
6884 298 1
6885 313 0
6886 387 0
6887 471 1
6888 560 1
6889 327 1
6890 680 0
6891 481 1
6892 283 1
6893 775 0
6894 490 1
6895 133 0
6896 576 1
6897 847 1
6898 306 0
6899 680 1
6900 865 1
6901 625 1
6902 727 1
6903 652 1
6904 572 0
6905 431 1
6906 716 1
6907 768 1
6908 22 1
6909 33 1
6910 694 1
6911 866 1
6912 596 0
6913 421 1
6914 434 1
6915 775 1
6916 704 1
6917 505 1
6918 206 0
6919 427 0
6920 747 1
6921 885 1
6922 625 1
6923 170 1
6924 2 1
6925 14 1
6926 783 1
6927 577 1
6928 301 0
6929 892 0
6930 51 1
6931 231 1
6932 118 1
6933 138 1
6934 748 0
6935 615 1
6936 278 1
6937 9 1
6938 861 1
6939 819 1
6940 797 1
6941 413 1
6942 323 1
6943 668 0
6944 842 1
6945 213 1
6946 33 1
6947 502 1
6948 35 1
6949 890 1
6950 718 1
6951 231 1
6952 55 1
6953 266 1
6954 833 0
6955 633 0
6956 772 1
6957 17 1
6958 647 0
6959 573 1
6960 611 1
6961 335 1
6962 329 1
6963 552 1
6964 89 0
6965 660 0
6966 900 1
6967 414 1
6968 643 1
6969 482 1
6970 619 1
6971 571 0
6972 773 1
6973 438 1
6974 785 1
6975 204 0
6976 895 1
6977 895 0
6978 890 0
6979 858 1
6980 598 0
6981 640 1
6982 118 1
6983 163 0
6984 588 1
6985 848 1
6986 615 1
6987 794 1
6988 862 1
6989 103 1
6990 195 1
6991 752 0
6992 359 0
6993 24 1
6994 803 1
6995 424 1
6996 352 0
6997 364 1
6998 71 1
6999 86 1
7000 27 1
7001 721 1
7002 62 1
7003 885 1
7004 700 1
7005 37 1
7006 563 1
7007 841 1
7008 145 0
7009 124 1
7010 601 1
7011 57 1
7012 224 0
7013 278 1
7014 705 0
7015 467 0
7016 566 1
7017 643 0
7018 657 1
7019 164 1
7020 224 0
7021 863 0
7022 746 1
7023 564 1
7024 277 1
7025 693 1
7026 750 1
7027 686 1
7028 685 1
7029 781 0
7030 182 0
7031 489 0
7032 146 1
7033 231 0
7034 612 1
7035 770 1
7036 352 1
7037 233 1
7038 388 1
7039 600 1
7040 97 1
7041 398 0
7042 655 1
7043 431 0
7044 0 0
7045 194 0
7046 827 1
7047 687 1
7048 669 0
7049 630 1
7050 826 1
7051 727 1
7052 329 0
7053 887 0
7054 613 1
7055 895 1
7056 734 1
7057 411 0
7058 86 0
7059 193 1
7060 664 0
7061 25 1
7062 827 1
7063 661 1
7064 241 1
7065 730 1
7066 645 0
7067 197 1
7068 614 1
7069 301 0
7070 525 1
7071 791 0
7072 857 1
7073 356 1
7074 898 0
7075 786 1
7076 34 1
7077 105 1
7078 134 1
7079 310 1
7080 668 0
7081 296 1
7082 449 1
7083 239 0
7084 189 1
7085 243 0
7086 348 1
7087 827 0
7088 189 0
7089 100 0
7090 586 0
7091 359 1
7092 553 1
7093 92 1
7094 742 1
7095 819 0
7096 52 1
7097 18 1
7098 877 1
7099 419 0
7100 555 1
7101 634 1
7102 308 1
7103 718 1
7104 596 1
7105 439 1
7106 559 0
7107 413 1
7108 116 1
7109 410 1
7110 663 1
7111 466 0
7112 710 1
7113 70 1
7114 498 1
7115 362 0
7116 665 0
7117 566 0
7118 410 0
7119 324 1
7120 55 1
7121 555 1
7122 416 1
7123 93 0
7124 327 1
7125 490 0
7126 342 1
7127 315 0
7128 294 1
7129 348 0
7130 388 1
7131 700 1
7132 562 0
7133 880 1
7134 503 0
7135 589 1
7136 822 1
7137 441 1
7138 65 1
7139 870 1
7140 793 0
7141 895 0
7142 268 1
7143 797 1
7144 451 1
7145 209 0
7146 711 1
7147 502 1
7148 129 1
7149 197 1
7150 538 1
7151 703 1
7152 542 1
7153 552 0
7154 532 1
7155 756 0
7156 490 0
7157 168 1
7158 571 1
7159 832 1
7160 721 1
7161 471 1
7162 562 1
7163 657 0
7164 307 1
7165 835 1
7166 252 1
7167 158 1
7168 634 1
7169 255 1
7170 742 0
7171 443 1
7172 372 1
7173 844 1
7174 187 1
7175 575 1
7176 427 1
7177 49 0
7178 873 1
7179 290 1
7180 415 0
7181 635 1
7182 372 1
7183 315 1
7184 114 1
7185 125 1
7186 437 1
7187 41 1
7188 448 1
7189 362 1
7190 271 1
7191 153 0
7192 837 1
7193 297 0
7194 665 1
7195 598 1
7196 322 1
7197 358 0
7198 637 1
7199 311 1
7200 342 1
7201 219 0
7202 272 1
7203 198 0
7204 658 1
7205 209 1
7206 351 0
7207 481 0
7208 77 0
7209 606 1
7210 219 1
7211 433 1
7212 390 0
7213 748 1
7214 318 1
7215 389 1
7216 763 1
7217 50 1
7218 381 0
7219 610 0
7220 321 0
7221 165 1
7222 695 1
7223 715 1
7224 279 1
7225 369 0
7226 478 1
7227 552 1
7228 203 1
7229 262 1
7230 68 1
7231 694 1
7232 772 1
7233 722 1
7234 506 0
7235 144 0
7236 762 1
7237 354 0
7238 468 1
7239 182 1
7240 100 1
7241 99 1
7242 865 1
7243 715 1
7244 563 1
7245 443 0
7246 238 1
7247 317 0
7248 737 0
7249 773 0
7250 324 0
7251 22 0
7252 739 1
7253 252 0
7254 715 1
7255 808 1
7256 497 1
7257 3 1
7258 170 1
7259 382 1
7260 549 1
7261 218 1
7262 573 1
7263 652 1
7264 429 0
7265 261 1
7266 296 1
7267 450 0
7268 831 0
7269 195 1
7270 892 1
7271 557 1
7272 521 1
7273 703 1
7274 133 1
7275 34 1
7276 520 1
7277 324 0
7278 545 1
7279 770 0
7280 355 0
7281 582 0
7282 828 1
7283 540 1
7284 588 1
7285 499 1
7286 593 1
7287 163 1
7288 226 1
7289 172 1
7290 805 1
7291 798 0
7292 215 0
7293 785 0
7294 51 1
7295 345 1
7296 540 0
7297 813 1
7298 569 1
7299 77 0
7300 41 0
7301 589 1
7302 486 1
7303 359 1
7304 472 1
7305 828 1
7306 493 0
7307 66 1
7308 700 1
7309 79 1
7310 360 1
7311 670 1
7312 863 1
7313 220 1
7314 546 1
7315 785 0
7316 629 1
7317 734 0
7318 78 1
7319 437 0
7320 722 1
7321 193 0
7322 843 0
7323 534 0
7324 868 1
7325 662 1
7326 550 1
7327 80 1
7328 524 1
7329 140 0
7330 353 0
7331 512 1
7332 8 1
7333 707 1
7334 291 1
7335 149 1
7336 118 1
7337 838 1
7338 359 1
7339 213 0
7340 597 1
7341 407 1
7342 160 0
7343 757 1
7344 543 1
7345 609 1
7346 434 1
7347 488 0
7348 319 0
7349 41 0
7350 47 1
7351 477 1
7352 46 0
7353 883 0
7354 396 0
7355 486 1
7356 582 0
7357 93 1
7358 892 1
7359 280 1
7360 358 0
7361 697 1
7362 206 1
7363 747 0
7364 88 0
7365 891 1
7366 247 1
7367 715 0
7368 392 0
7369 454 1
7370 402 1
7371 636 1
7372 443 0
7373 580 1
7374 433 0
7375 478 1
7376 848 1
7377 194 0
7378 312 1
7379 190 1
7380 340 0
7381 48 1
7382 158 1
7383 637 1
7384 313 1
7385 851 1
7386 642 1
7387 554 1
7388 168 1
7389 787 1
7390 605 1
7391 3 1
7392 393 1
7393 217 0
7394 895 1
7395 862 1
7396 99 0
7397 433 1
7398 527 0
7399 320 1
7400 771 1
7401 165 0
7402 610 0
7403 865 1
7404 464 1
7405 234 1
7406 211 0
7407 475 1
7408 191 1
7409 164 1
7410 856 1
7411 688 1
7412 546 0
7413 67 0
7414 143 1
7415 523 1
7416 413 1
7417 36 1
7418 262 1
7419 412 1
7420 749 1
7421 405 1
7422 396 1
7423 175 1
7424 183 1
7425 284 1
7426 877 0
7427 191 0
7428 46 1
7429 448 0
7430 158 1
7431 617 0
7432 514 1
7433 206 1
7434 409 1
7435 770 1
7436 777 0
7437 729 0
7438 666 0
7439 614 1
7440 756 1
7441 743 1
7442 726 1
7443 351 1
7444 705 1
7445 474 1
7446 381 1
7447 289 0
7448 599 1
7449 281 1
7450 870 0
7451 118 0
7452 837 1
7453 772 1
7454 363 1
7455 305 1
7456 895 0
7457 47 0
7458 593 1
7459 102 0
7460 467 1
7461 114 1
7462 522 1
7463 598 1
7464 655 0
7465 81 1
7466 785 1
7467 222 0
7468 559 1
7469 175 0
7470 332 0
7471 896 0
7472 140 1
7473 801 1
7474 854 1
7475 886 1
7476 334 1
7477 122 0
7478 257 1
7479 831 1
7480 453 1
7481 145 0
7482 867 0
7483 568 0
7484 215 0
7485 57 1
7486 737 1
7487 386 0
7488 751 1
7489 464 0
7490 701 1
7491 879 0
7492 58 1
7493 501 1
7494 575 1
7495 740 0
7496 854 0
7497 877 1
7498 107 1
7499 856 1
7500 799 0
7501 139 0
7502 63 1
7503 121 1
7504 566 1
7505 128 1
7506 546 0
7507 10 1
7508 618 1
7509 677 0
7510 453 0
7511 831 0
7512 255 1
7513 79 1
7514 204 0
7515 856 1
7516 703 0
7517 492 0
7518 374 1
7519 191 1
7520 53 1
7521 818 0
7522 838 1
7523 59 1
7524 852 1
7525 357 1
7526 763 0
7527 321 0
7528 191 1
7529 650 1
7530 189 1
7531 253 1
7532 453 1
7533 270 1
7534 212 1
7535 377 0
7536 293 0
7537 378 0
7538 634 0
7539 296 1
7540 685 1
7541 499 1
7542 38 1
7543 175 1
7544 74 1
7545 137 1
7546 283 0
7547 425 1
7548 891 1
7549 417 1
7550 10 0
7551 224 1
7552 600 0
7553 45 1
7554 795 0
7555 428 1
7556 92 1
7557 880 1
7558 358 1
7559 531 0
7560 77 0
7561 867 1
7562 815 1
7563 853 1
7564 841 1
7565 762 1
7566 18 1
7567 667 0
7568 686 1
7569 463 1
7570 809 1
7571 11 1
7572 185 1
7573 544 1
7574 144 1
7575 489 1
7576 354 0
7577 338 0
7578 600 0
7579 583 0
7580 415 1
7581 244 1
7582 284 0
7583 563 1
7584 477 1
7585 160 1
7586 528 1
7587 140 0
7588 162 1
7589 769 1
7590 370 0
7591 283 0
7592 322 1
7593 503 1
7594 668 1
7595 71 1
7596 384 1
7597 126 1
7598 739 1
7599 250 1
7600 326 1
7601 455 1
7602 582 1
7603 177 1
7604 792 1
7605 562 0
7606 157 0
7607 252 1
7608 78 0
7609 12 1
7610 695 1
7611 439 1
7612 814 1
7613 115 1
7614 766 1
7615 64 1
7616 531 0
7617 800 0
7618 627 1
7619 468 0
7620 779 0
7621 45 0
7622 487 1
7623 684 0
7624 808 1
7625 823 1
7626 293 1
7627 48 0
7628 437 0
7629 856 0
7630 528 1
7631 492 1
7632 51 1
7633 783 0
7634 880 1
7635 464 1
7636 235 1
7637 304 1
7638 807 1
7639 141 0
7640 539 1
7641 827 0
7642 178 1
7643 135 1
7644 136 1
7645 672 1
7646 523 1
7647 334 0
7648 165 1
7649 764 0
7650 321 0
7651 657 1
7652 592 1
7653 132 0
7654 145 1
7655 64 0
7656 91 1
7657 371 1
7658 621 0
7659 640 0
7660 109 1
7661 32 0
7662 185 1
7663 60 0
7664 338 1
7665 494 1
7666 663 1
7667 70 0
7668 64 1
7669 606 0
7670 476 1
7671 406 1
7672 172 1
7673 349 1
7674 139 1
7675 162 1
7676 10 0
7677 636 1
7678 73 0
7679 546 1
7680 130 0
7681 582 1
7682 801 1
7683 658 1
7684 611 1
7685 587 0
7686 545 0
7687 508 0
7688 625 1
7689 121 1
7690 457 1
7691 524 0
7692 892 1
7693 663 0
7694 466 1
7695 888 0
7696 860 1
7697 658 1
7698 733 1
7699 235 1
7700 533 1
7701 627 1
7702 670 1
7703 406 1
7704 603 0
7705 426 1
7706 323 1
7707 381 1
7708 721 1
7709 790 1
7710 865 0
7711 394 1
7712 856 1
7713 437 0
7714 322 1
7715 227 1
7716 349 1
7717 788 1
7718 600 0
7719 23 0
7720 575 0
7721 873 1
7722 253 1
7723 65 0
7724 7 1
7725 114 1
7726 485 1
7727 550 0
7728 415 1
7729 225 0
7730 514 1
7731 447 0
7732 819 1
7733 737 0
7734 137 0
7735 86 1
7736 63 1
7737 221 1
7738 824 0
7739 803 0
7740 898 1
7741 802 1
7742 694 0
7743 433 1
7744 291 0
7745 701 1
7746 624 1
7747 524 0
7748 91 1
7749 571 0
7750 632 0
7751 452 1
7752 471 1
7753 524 1
7754 716 1
7755 78 0
7756 855 1
7757 461 1
7758 842 1
7759 611 1
7760 408 0
7761 794 0
7762 168 1
7763 183 0
7764 287 0
7765 901 1
7766 266 0
7767 469 1
7768 223 1
7769 886 0
7770 273 1
7771 261 0
7772 699 1
7773 386 1
7774 471 1
7775 627 1
7776 17 1
7777 521 0
7778 447 1
7779 858 1
7780 69 1
7781 508 1
7782 407 1
7783 828 0
7784 825 1
7785 179 1
7786 631 0
7787 837 1
7788 16 0
7789 579 1
7790 173 1
7791 879 1
7792 336 1
7793 790 1
7794 716 1
7795 373 1
7796 458 1
7797 877 1
7798 55 1
7799 105 1
7800 470 1
7801 832 0
7802 480 1
7803 139 1
7804 602 0
7805 741 1
7806 779 1
7807 478 1
7808 71 0
7809 754 0
7810 626 1
7811 427 0
7812 204 0
7813 804 1
7814 59 0
7815 651 1
7816 48 0
7817 240 1
7818 204 0
7819 537 1
7820 854 1
7821 191 0
7822 607 1
7823 457 1
7824 793 1
7825 76 1
7826 290 1
7827 455 1
7828 661 0
7829 266 0
7830 779 1
7831 762 0
7832 354 1
7833 867 0
7834 236 1
7835 876 0
7836 391 1
7837 431 0
7838 591 1
7839 287 1
7840 710 1
7841 755 1
7842 622 0
7843 350 0
7844 178 0
7845 613 1
7846 388 0
7847 638 0
7848 330 1
7849 154 1
7850 619 1
7851 266 1
7852 50 1
7853 619 1
7854 196 1
7855 880 1
7856 123 0
7857 104 1
7858 554 1
7859 638 0
7860 582 1
7861 544 1
7862 335 1
7863 567 0
7864 397 1
7865 85 1
7866 362 1
7867 392 0
7868 804 0
7869 810 1
7870 527 0
7871 762 1
7872 375 1
7873 249 1
7874 832 0
7875 517 1
7876 749 1
7877 93 0
7878 196 0
7879 603 1
7880 651 1
7881 877 1
7882 551 0
7883 36 1
7884 233 0
7885 308 1
7886 488 1
7887 21 1
7888 790 1
7889 403 0
7890 670 1
7891 745 0
7892 836 1
7893 699 1
7894 353 0
7895 236 1
7896 844 0
7897 872 0
7898 579 1
7899 703 0
7900 608 1
7901 184 1
7902 692 1
7903 325 1
7904 890 1
7905 569 1
7906 259 1
7907 30 1
7908 104 0
7909 80 1
7910 886 1
7911 316 1
7912 527 1
7913 176 0
7914 706 1
7915 286 1
7916 257 0
7917 776 0
7918 187 1
7919 139 0
7920 685 0
7921 591 1
7922 876 0
7923 894 1
7924 205 0
7925 293 0
7926 144 0
