5070
1 234 0
2 251 0
3 231 0
4 196 1
5 141 1
6 239 1
7 219 1
8 234 1
9 94 0
10 216 0
11 100 1
12 73 1
13 242 1
14 211 1
15 79 1
16 62 1
17 258 0
18 151 1
19 264 1
20 58 1
21 149 1
22 87 1
23 73 1
24 248 1
25 162 1
26 106 0
27 132 0
28 169 1
29 178 1
30 233 1
31 5 1
32 35 0
33 241 0
34 33 0
35 165 0
36 91 1
37 21 1
38 47 1
39 132 1
40 162 1
41 208 1
42 190 0
43 264 0
44 263 1
45 19 1
46 164 1
47 72 1
48 188 0
49 18 1
50 183 0
51 30 1
52 130 0
53 1 1
54 46 1
55 188 1
56 144 1
57 24 1
58 17 1
59 57 0
60 195 1
61 141 1
62 1 1
63 191 1
64 159 0
65 127 0
66 108 1
67 249 1
68 25 0
69 47 0
70 16 1
71 95 0
72 181 1
73 127 1
74 224 1
75 27 1
76 77 1
77 227 1
78 13 1
79 251 1
80 259 1
81 64 1
82 84 1
83 238 0
84 196 1
85 80 0
86 154 1
87 188 1
88 195 0
89 81 1
90 48 1
91 203 1
92 176 1
93 187 1
94 129 1
95 95 1
96 13 1
97 121 1
98 104 1
99 23 1
100 193 0
101 60 1
102 95 0
103 230 0
104 196 1
105 74 0
106 52 0
107 85 0
108 256 1
109 235 0
110 175 1
111 139 1
112 121 0
113 186 0
114 251 0
115 158 0
116 214 1
117 72 0
118 183 1
119 232 1
120 247 1
121 256 0
122 131 0
123 76 0
124 162 1
125 54 0
126 189 0
127 158 0
128 85 1
129 252 0
130 186 0
131 61 1
132 260 1
133 74 1
134 69 1
135 104 0
136 160 1
137 163 1
138 250 0
139 227 1
140 99 1
141 30 0
142 106 0
143 231 1
144 265 1
145 76 1
146 173 1
147 132 1
148 171 1
149 158 1
150 60 0
151 188 1
152 86 1
153 59 1
154 224 1
155 30 0
156 116 0
157 160 0
158 249 0
159 46 1
160 155 0
161 61 1
162 160 1
163 127 0
164 31 1
165 204 0
166 11 1
167 127 1
168 192 1
169 66 0
170 106 1
171 20 1
172 241 0
173 77 1
174 120 0
175 100 1
176 62 0
177 153 1
178 71 1
179 102 0
180 113 1
181 10 1
182 146 1
183 121 1
184 224 0
185 35 1
186 184 0
187 185 0
188 236 1
189 11 1
190 118 0
191 180 1
192 173 1
193 219 1
194 245 1
195 162 1
196 259 1
197 30 1
198 210 1
199 25 1
200 156 1
201 45 1
202 200 0
203 46 1
204 224 1
205 156 0
206 253 1
207 156 0
208 218 1
209 34 1
210 61 1
211 102 1
212 185 0
213 6 1
214 17 1
215 109 1
216 260 1
217 61 1
218 200 0
219 260 1
220 249 1
221 132 1
222 33 0
223 24 1
224 27 0
225 80 0
226 70 0
227 225 1
228 47 1
229 114 0
230 163 1
231 137 1
232 194 1
233 63 0
234 206 1
235 100 0
236 19 0
237 53 0
238 152 0
239 205 1
240 219 1
241 84 0
242 199 0
243 93 1
244 172 0
245 211 1
246 248 1
247 122 1
248 264 1
249 117 1
250 56 0
251 22 1
252 81 0
253 213 1
254 53 1
255 229 1
256 167 0
257 110 1
258 254 1
259 245 1
260 228 1
261 42 0
262 254 1
263 198 1
264 250 1
265 0 0
266 81 1
267 14 1
268 266 1
269 212 1
270 193 1
271 223 1
272 202 1
273 175 1
274 170 1
275 163 1
276 241 1
277 238 0
278 85 1
279 25 1
280 32 1
281 6 1
282 216 1
283 93 0
284 64 0
285 165 1
286 195 0
287 250 1
288 171 1
289 50 1
290 125 0
291 19 0
292 50 1
293 142 1
294 241 1
295 103 1
296 94 0
297 204 1
298 213 1
299 157 1
300 50 0
301 83 1
302 159 1
303 107 1
304 122 0
305 219 1
306 2 1
307 162 0
308 127 1
309 171 1
310 105 1
311 191 0
312 199 0
313 141 1
314 140 1
315 238 1
316 253 1
317 168 1
318 102 1
319 23 1
320 64 1
321 20 0
322 113 1
323 102 1
324 119 1
325 157 0
326 96 1
327 239 0
328 107 1
329 72 1
330 43 1
331 254 1
332 80 0
333 73 1
334 61 1
335 223 1
336 238 1
337 175 1
338 242 0
339 56 1
340 182 1
341 134 0
342 110 0
343 122 1
344 118 0
345 13 0
346 137 1
347 6 1
348 53 1
349 133 0
350 259 1
351 139 0
352 148 1
353 129 0
354 223 1
355 31 0
356 31 1
357 232 1
358 87 1
359 174 1
360 180 0
361 267 0
362 86 0
363 0 0
364 169 1
365 69 1
366 121 1
367 23 1
368 70 0
369 207 1
370 154 0
371 163 1
372 220 1
373 142 1
374 29 1
375 145 1
376 136 0
377 75 1
378 234 0
379 178 1
380 192 1
381 197 0
382 4 0
383 131 1
384 104 0
385 184 1
386 210 0
387 259 1
388 22 1
389 18 1
390 82 1
391 160 1
392 207 1
393 72 0
394 211 1
395 126 0
396 130 1
397 266 1
398 175 1
399 24 1
400 100 0
401 86 0
402 187 0
403 21 1
404 111 1
405 160 0
406 18 1
407 227 0
408 105 1
409 215 0
410 98 1
411 84 1
412 112 1
413 178 1
414 112 0
415 31 0
416 43 0
417 155 1
418 94 1
419 256 1
420 31 0
421 214 1
422 17 1
423 174 1
424 205 1
425 71 1
426 95 1
427 79 1
428 54 1
429 43 0
430 91 1
431 94 0
432 91 1
433 97 1
434 241 0
435 23 0
436 49 0
437 221 1
438 227 0
439 5 1
440 66 1
441 15 0
442 48 1
443 1 1
444 251 1
445 252 0
446 203 0
447 25 0
448 60 1
449 113 1
450 23 1
451 206 1
452 6 0
453 224 1
454 103 1
455 130 1
456 122 1
457 231 1
458 224 1
459 172 0
460 177 1
461 99 1
462 234 1
463 40 1
464 63 1
465 228 1
466 189 1
467 59 1
468 141 1
469 162 0
470 61 1
471 230 1
472 154 1
473 169 0
474 142 1
475 135 1
476 129 0
477 248 1
478 174 1
479 22 0
480 257 0
481 224 0
482 48 1
483 107 0
484 115 1
485 250 0
486 193 1
487 91 0
488 38 0
489 191 0
490 49 1
491 48 0
492 108 1
493 5 1
494 133 1
495 152 1
496 177 1
497 117 1
498 23 1
499 231 1
500 41 1
501 46 1
502 242 1
503 131 1
504 113 1
505 93 0
506 196 1
507 72 1
508 70 1
509 34 1
510 5 0
511 141 1
512 194 1
513 40 0
514 31 1
515 88 0
516 33 1
517 208 1
518 172 0
519 104 0
520 125 1
521 264 0
522 239 1
523 257 0
524 47 0
525 144 1
526 26 0
527 135 1
528 177 0
529 254 1
530 263 0
531 181 1
532 110 0
533 120 1
534 192 1
535 200 0
536 54 1
537 2 0
538 166 0
539 151 0
540 183 1
541 81 0
542 130 0
543 145 1
544 209 1
545 147 1
546 107 1
547 49 0
548 266 1
549 131 1
550 209 1
551 140 1
552 161 0
553 106 1
554 118 1
555 88 0
556 185 1
557 226 1
558 118 1
559 254 1
560 236 1
561 80 1
562 11 0
563 108 1
564 114 1
565 100 0
566 203 1
567 219 1
568 200 1
569 55 1
570 31 1
571 252 1
572 129 1
573 164 1
574 46 0
575 207 1
576 184 1
577 173 1
578 48 0
579 105 1
580 153 1
581 201 1
582 262 1
583 169 1
584 110 0
585 145 0
586 0 1
587 174 1
588 155 1
589 8 0
590 120 1
591 32 0
592 134 0
593 132 0
594 119 1
595 60 0
596 259 0
597 261 1
598 231 0
599 80 1
600 202 0
601 215 1
602 170 1
603 147 1
604 7 0
605 75 1
606 3 1
607 248 1
608 214 1
609 36 1
610 250 0
611 154 1
612 175 1
613 127 1
614 125 1
615 27 1
616 248 0
617 78 1
618 179 1
619 23 0
620 97 1
621 130 1
622 107 1
623 139 1
624 39 0
625 118 1
626 88 0
627 79 0
628 51 0
629 217 1
630 229 1
631 52 1
632 35 1
633 175 1
634 255 1
635 217 0
636 14 1
637 86 0
638 6 1
639 174 1
640 216 0
641 151 1
642 197 1
643 200 0
644 253 1
645 157 1
646 27 0
647 56 0
648 239 0
649 93 0
650 63 1
651 127 0
652 122 1
653 14 1
654 254 1
655 258 1
656 112 0
657 140 1
658 188 0
659 106 0
660 122 1
661 21 0
662 104 1
663 212 1
664 209 0
665 117 1
666 164 0
667 249 0
668 6 0
669 231 1
670 267 0
671 96 1
672 179 1
673 237 1
674 124 1
675 257 0
676 238 1
677 212 1
678 256 0
679 233 1
680 94 1
681 18 0
682 144 1
683 93 1
684 79 1
685 127 0
686 94 0
687 6 1
688 7 1
689 5 1
690 135 1
691 195 1
692 89 1
693 264 1
694 112 0
695 6 0
696 129 1
697 196 1
698 108 1
699 139 1
700 163 1
701 81 1
702 222 0
703 163 1
704 148 1
705 178 1
706 246 1
707 21 1
708 60 0
709 228 1
710 148 1
711 110 0
712 159 1
713 182 1
714 229 1
715 2 0
716 52 1
717 13 1
718 72 0
719 53 1
720 244 0
721 135 1
722 152 1
723 106 1
724 75 1
725 201 1
726 202 0
727 132 0
728 250 1
729 177 0
730 183 0
731 51 1
732 163 0
733 143 1
734 141 1
735 3 1
736 243 1
737 157 1
738 12 1
739 155 1
740 146 1
741 210 0
742 216 1
743 258 0
744 204 0
745 42 1
746 246 1
747 255 1
748 242 1
749 193 1
750 142 1
751 50 1
752 236 1
753 60 1
754 18 1
755 151 1
756 36 1
757 145 1
758 251 0
759 83 1
760 202 0
761 22 1
762 34 1
763 139 0
764 224 1
765 25 0
766 77 1
767 216 1
768 182 0
769 25 1
770 41 1
771 265 1
772 169 1
773 46 1
774 178 1
775 239 1
776 70 1
777 194 1
778 88 1
779 13 0
780 213 1
781 227 0
782 13 1
783 152 1
784 85 1
785 212 1
786 70 1
787 187 1
788 168 1
789 124 1
790 94 1
791 92 1
792 258 1
793 169 1
794 251 1
795 22 1
796 37 1
797 35 1
798 58 0
799 246 0
800 82 1
801 169 1
802 215 1
803 124 1
804 138 1
805 95 0
806 61 0
807 29 0
808 105 0
809 213 1
810 196 0
811 100 0
812 117 1
813 16 1
814 224 1
815 134 1
816 184 1
817 6 1
818 108 1
819 63 1
820 96 0
821 110 1
822 245 1
823 208 1
824 237 0
825 170 1
826 104 1
827 131 0
828 223 1
829 129 1
830 225 1
831 117 0
832 15 1
833 173 1
834 154 1
835 1 1
836 27 1
837 223 1
838 151 0
839 171 1
840 216 1
841 103 1
842 244 0
843 91 0
844 14 1
845 10 0
846 116 1
847 197 1
848 151 1
849 155 1
850 154 1
851 188 1
852 169 1
853 2 1
854 123 1
855 73 1
856 146 1
857 24 1
858 43 1
859 138 1
860 152 1
861 196 1
862 176 0
863 116 1
864 43 0
865 181 0
866 245 0
867 95 1
868 60 1
869 98 1
870 170 1
871 155 1
872 164 0
873 256 1
874 111 0
875 164 1
876 91 0
877 163 1
878 34 0
879 143 0
880 100 1
881 260 1
882 57 1
883 123 0
884 1 1
885 201 1
886 209 1
887 36 1
888 168 1
889 213 1
890 51 1
891 174 1
892 103 1
893 42 1
894 249 1
895 115 1
896 142 1
897 58 1
898 95 0
899 34 1
900 35 1
901 167 0
902 224 1
903 166 0
904 128 1
905 35 1
906 122 1
907 138 0
908 262 1
909 178 1
910 182 1
911 141 1
912 117 1
913 157 0
914 13 1
915 124 0
916 58 1
917 109 0
918 128 1
919 38 1
920 19 1
921 168 1
922 266 1
923 182 1
924 34 1
925 237 1
926 103 0
927 174 1
928 210 1
929 249 1
930 154 0
931 172 1
932 213 1
933 43 1
934 5 1
935 146 1
936 55 0
937 250 1
938 252 0
939 130 1
940 241 1
941 135 1
942 110 0
943 113 1
944 4 0
945 176 1
946 15 1
947 187 1
948 78 0
949 202 0
950 27 0
951 108 1
952 26 1
953 36 1
954 154 0
955 113 1
956 82 1
957 20 0
958 190 1
959 60 1
960 127 1
961 169 1
962 218 1
963 4 1
964 34 0
965 196 0
966 187 0
967 44 1
968 26 1
969 40 0
970 246 1
971 24 1
972 217 0
973 252 0
974 78 1
975 150 0
976 98 1
977 165 1
978 39 1
979 244 1
980 7 1
981 34 1
982 24 1
983 224 0
984 158 1
985 215 1
986 149 1
987 13 1
988 100 1
989 138 1
990 127 1
991 201 0
992 155 0
993 173 1
994 267 0
995 251 1
996 138 0
997 17 0
998 96 1
999 197 1
1000 237 1
1001 207 1
1002 15 1
1003 116 1
1004 35 1
1005 111 0
1006 90 1
1007 203 1
1008 226 0
1009 155 1
1010 73 0
1011 131 1
1012 156 0
1013 6 1
1014 205 0
1015 54 1
1016 163 1
1017 192 1
1018 31 1
1019 110 0
1020 195 0
1021 228 0
1022 165 0
1023 163 1
1024 171 1
1025 248 1
1026 5 0
1027 88 1
1028 260 1
1029 45 1
1030 113 1
1031 188 1
1032 262 1
1033 2 1
1034 238 0
1035 91 1
1036 50 1
1037 267 1
1038 114 1
1039 155 1
1040 114 1
1041 161 1
1042 248 1
1043 181 0
1044 243 0
1045 254 0
1046 226 1
1047 264 1
1048 104 1
1049 245 0
1050 96 1
1051 139 1
1052 19 1
1053 94 1
1054 118 1
1055 50 0
1056 202 1
1057 167 0
1058 93 1
1059 54 1
1060 207 1
1061 141 1
1062 116 1
1063 202 1
1064 37 0
1065 194 1
1066 232 1
1067 95 0
1068 20 1
1069 201 1
1070 72 1
1071 186 1
1072 11 0
1073 4 1
1074 66 1
1075 158 0
1076 183 0
1077 255 0
1078 169 1
1079 151 0
1080 84 0
1081 239 1
1082 43 0
1083 116 0
1084 73 0
1085 18 0
1086 116 1
1087 151 0
1088 190 1
1089 133 1
1090 113 1
1091 78 0
1092 54 0
1093 228 1
1094 154 0
1095 62 1
1096 5 0
1097 103 1
1098 185 0
1099 196 0
1100 84 1
1101 135 0
1102 50 1
1103 145 1
1104 73 1
1105 46 1
1106 117 1
1107 31 1
1108 6 1
1109 27 1
1110 188 1
1111 31 1
1112 108 1
1113 58 1
1114 254 0
1115 99 0
1116 100 1
1117 172 1
1118 152 1
1119 207 1
1120 227 1
1121 227 1
1122 194 0
1123 147 0
1124 67 0
1125 260 1
1126 249 1
1127 264 1
1128 59 1
1129 114 1
1130 24 1
1131 100 1
1132 263 1
1133 91 0
1134 137 1
1135 188 1
1136 184 1
1137 72 1
1138 38 1
1139 210 1
1140 211 1
1141 260 1
1142 42 1
1143 13 1
1144 211 1
1145 131 1
1146 240 1
1147 176 1
1148 52 1
1149 198 0
1150 198 0
1151 186 1
1152 81 1
1153 124 0
1154 26 1
1155 125 0
1156 84 0
1157 61 1
1158 191 1
1159 128 1
1160 101 1
1161 186 0
1162 123 0
1163 124 1
1164 262 1
1165 264 0
1166 256 0
1167 206 1
1168 73 0
1169 90 1
1170 212 1
1171 237 1
1172 149 1
1173 56 1
1174 5 1
1175 107 0
1176 76 1
1177 80 1
1178 20 1
1179 190 1
1180 75 1
1181 107 0
1182 1 0
1183 217 1
1184 92 1
1185 157 0
1186 71 1
1187 234 1
1188 57 1
1189 109 0
1190 22 0
1191 68 0
1192 141 1
1193 113 1
1194 169 1
1195 77 1
1196 122 1
1197 123 0
1198 214 1
1199 181 0
1200 196 0
1201 160 0
1202 13 1
1203 220 1
1204 148 0
1205 216 1
1206 177 1
1207 85 0
1208 165 1
1209 112 0
1210 134 1
1211 210 0
1212 6 0
1213 11 0
1214 222 0
1215 75 0
1216 78 1
1217 150 0
1218 177 1
1219 245 1
1220 147 1
1221 128 1
1222 210 1
1223 7 0
1224 127 1
1225 157 1
1226 125 1
1227 149 1
1228 248 1
1229 251 1
1230 252 1
1231 170 0
1232 194 1
1233 238 1
1234 139 1
1235 61 0
1236 225 0
1237 159 0
1238 118 1
1239 258 1
1240 101 1
1241 55 1
1242 62 0
1243 257 1
1244 265 1
1245 62 0
1246 200 1
1247 129 0
1248 184 1
1249 230 1
1250 215 1
1251 158 1
1252 197 1
1253 56 1
1254 115 0
1255 110 1
1256 94 1
1257 75 1
1258 186 1
1259 100 0
1260 121 1
1261 250 1
1262 26 0
1263 180 1
1264 110 0
1265 166 1
1266 150 1
1267 131 0
1268 5 0
1269 212 0
1270 134 1
1271 152 0
1272 35 1
1273 202 1
1274 108 0
1275 38 0
1276 12 0
1277 183 0
1278 215 1
1279 148 1
1280 137 1
1281 15 0
1282 186 1
1283 184 1
1284 234 1
1285 127 1
1286 266 1
1287 145 0
1288 55 0
1289 71 1
1290 13 1
1291 209 1
1292 213 1
1293 231 1
1294 119 1
1295 118 1
1296 158 1
1297 176 1
1298 180 0
1299 84 1
1300 36 1
1301 62 1
1302 40 1
1303 152 0
1304 187 1
1305 75 0
1306 233 1
1307 126 1
1308 40 1
1309 55 1
1310 202 1
1311 231 1
1312 206 1
1313 253 1
1314 48 1
1315 80 1
1316 98 1
1317 19 1
1318 167 1
1319 49 1
1320 111 1
1321 187 1
1322 40 1
1323 238 0
1324 136 0
1325 55 0
1326 98 1
1327 62 0
1328 243 0
1329 239 0
1330 202 0
1331 8 0
1332 11 1
1333 70 0
1334 99 1
1335 164 1
1336 144 1
1337 102 0
1338 214 1
1339 81 0
1340 182 0
1341 236 1
1342 239 0
1343 134 0
1344 162 0
1345 138 1
1346 157 1
1347 112 1
1348 258 1
1349 162 1
1350 202 1
1351 32 1
1352 43 0
1353 262 1
1354 108 1
1355 155 1
1356 112 0
1357 35 1
1358 237 1
1359 198 1
1360 91 1
1361 212 0
1362 214 0
1363 49 1
1364 139 1
1365 111 0
1366 170 0
1367 151 1
1368 178 1
1369 18 1
1370 121 0
1371 41 1
1372 112 1
1373 217 1
1374 146 0
1375 114 1
1376 215 0
1377 117 1
1378 15 1
1379 266 1
1380 10 1
1381 228 1
1382 69 1
1383 210 1
1384 158 1
1385 266 1
1386 218 0
1387 61 1
1388 99 0
1389 228 0
1390 157 0
1391 114 0
1392 217 1
1393 249 0
1394 30 0
1395 203 1
1396 89 0
1397 37 1
1398 92 1
1399 222 0
1400 107 1
1401 77 0
1402 243 0
1403 120 1
1404 232 1
1405 220 0
1406 239 1
1407 125 1
1408 198 0
1409 52 1
1410 171 1
1411 1 1
1412 52 0
1413 51 1
1414 185 1
1415 26 1
1416 209 0
1417 166 1
1418 58 0
1419 158 0
1420 183 0
1421 44 1
1422 261 1
1423 158 1
1424 176 0
1425 236 1
1426 14 0
1427 156 0
1428 176 0
1429 26 0
1430 196 1
1431 19 0
1432 240 1
1433 221 1
1434 204 0
1435 136 1
1436 38 1
1437 5 1
1438 166 1
1439 122 1
1440 189 0
1441 238 1
1442 229 0
1443 86 1
1444 233 1
1445 131 1
1446 65 1
1447 114 1
1448 68 0
1449 67 0
1450 262 0
1451 23 0
1452 200 0
1453 147 0
1454 91 1
1455 257 0
1456 177 0
1457 116 1
1458 169 1
1459 175 0
1460 216 1
1461 195 0
1462 189 0
1463 51 1
1464 8 0
1465 161 1
1466 222 0
1467 35 1
1468 28 1
1469 153 1
1470 84 1
1471 216 1
1472 185 0
1473 31 0
1474 167 1
1475 204 0
1476 62 1
1477 213 1
1478 72 1
1479 141 0
1480 14 0
1481 167 0
1482 219 0
1483 24 0
1484 16 1
1485 183 1
1486 220 1
1487 78 1
1488 11 1
1489 124 1
1490 217 1
1491 110 0
1492 92 0
1493 78 0
1494 219 1
1495 61 1
1496 254 0
1497 103 1
1498 246 0
1499 84 1
1500 204 0
1501 79 0
1502 30 1
1503 110 1
1504 84 0
1505 37 1
1506 110 0
1507 128 1
1508 103 0
1509 183 1
1510 242 0
1511 104 0
1512 104 0
1513 65 0
1514 50 0
1515 244 1
1516 49 1
1517 227 0
1518 214 0
1519 205 0
1520 119 1
1521 147 0
1522 22 0
1523 64 0
1524 29 1
1525 179 0
1526 123 0
1527 131 1
1528 207 1
1529 125 0
1530 62 1
1531 245 1
1532 242 1
1533 6 1
1534 90 0
1535 118 1
1536 2 0
1537 71 1
1538 88 0
1539 233 1
1540 15 1
1541 21 1
1542 61 1
1543 266 1
1544 65 0
1545 258 1
1546 42 1
1547 238 0
1548 72 1
1549 104 1
1550 4 1
1551 3 1
1552 219 0
1553 115 1
1554 111 1
1555 140 0
1556 126 1
1557 165 1
1558 214 1
1559 3 1
1560 104 0
1561 138 0
1562 213 1
1563 246 1
1564 168 0
1565 79 0
1566 120 1
1567 264 0
1568 58 0
1569 10 1
1570 92 1
1571 195 1
1572 128 1
1573 221 1
1574 73 1
1575 253 0
1576 119 1
1577 139 1
1578 47 0
1579 166 1
1580 15 0
1581 20 1
1582 144 1
1583 22 1
1584 112 1
1585 187 1
1586 82 0
1587 239 1
1588 24 0
1589 184 0
1590 49 1
1591 90 1
1592 108 1
1593 49 1
1594 162 1
1595 87 0
1596 92 1
1597 212 1
1598 108 1
1599 255 0
1600 250 1
1601 240 1
1602 190 0
1603 91 0
1604 36 0
1605 127 1
1606 77 0
1607 70 0
1608 262 1
1609 241 1
1610 150 1
1611 49 0
1612 251 0
1613 27 1
1614 127 1
1615 127 1
1616 174 1
1617 257 1
1618 27 1
1619 210 0
1620 256 0
1621 233 0
1622 102 0
1623 66 0
1624 238 1
1625 236 0
1626 183 1
1627 262 0
1628 94 1
1629 158 1
1630 205 1
1631 146 0
1632 18 1
1633 107 1
1634 32 0
1635 193 0
1636 202 0
1637 85 1
1638 193 1
1639 116 1
1640 7 1
1641 99 0
1642 101 1
1643 173 1
1644 15 0
1645 48 0
1646 166 0
1647 231 1
1648 145 1
1649 45 1
1650 203 1
1651 13 1
1652 128 1
1653 73 1
1654 66 1
1655 116 1
1656 89 0
1657 79 0
1658 125 0
1659 17 1
1660 133 1
1661 261 1
1662 75 0
1663 31 1
1664 111 0
1665 30 0
1666 131 1
1667 84 0
1668 142 1
1669 213 1
1670 163 0
1671 97 0
1672 93 0
1673 75 1
1674 246 0
1675 258 1
1676 58 1
1677 226 1
1678 24 1
1679 254 1
1680 149 1
1681 81 0
1682 61 0
1683 88 1
1684 139 0
1685 44 0
1686 94 1
1687 186 1
1688 218 0
1689 37 0
1690 254 0
1691 123 1
1692 95 0
1693 261 0
1694 154 1
1695 70 1
1696 81 0
1697 48 1
1698 133 1
1699 245 1
1700 253 0
1701 206 1
1702 63 1
1703 167 1
1704 18 1
1705 110 0
1706 133 0
1707 48 0
1708 215 1
1709 164 1
1710 190 1
1711 137 0
1712 202 0
1713 229 0
1714 222 1
1715 240 0
1716 128 1
1717 104 1
1718 120 0
1719 188 0
1720 108 1
1721 43 0
1722 164 1
1723 18 1
1724 33 1
1725 212 1
1726 48 1
1727 42 1
1728 168 0
1729 219 0
1730 110 1
1731 146 1
1732 186 0
1733 145 0
1734 238 1
1735 77 0
1736 180 0
1737 136 1
1738 111 0
1739 187 1
1740 52 1
1741 100 1
1742 113 1
1743 251 1
1744 46 0
1745 220 0
1746 26 1
1747 210 1
1748 65 1
1749 151 0
1750 237 0
1751 197 1
1752 164 1
1753 41 1
1754 203 0
1755 236 1
1756 175 1
1757 256 1
1758 112 0
1759 118 0
1760 74 1
1761 131 1
1762 153 1
1763 128 0
1764 245 1
1765 69 0
1766 55 0
1767 179 0
1768 48 0
1769 127 0
1770 264 0
1771 139 1
1772 64 1
1773 92 1
1774 182 1
1775 151 1
1776 181 0
1777 256 0
1778 171 0
1779 100 1
1780 28 1
1781 262 1
1782 68 1
1783 203 1
1784 25 1
1785 267 1
1786 142 1
1787 93 1
1788 265 1
1789 199 1
1790 212 1
1791 68 1
1792 264 1
1793 192 0
1794 258 1
1795 216 0
1796 10 0
1797 186 0
1798 16 1
1799 94 1
1800 168 1
1801 231 1
1802 48 0
1803 65 1
1804 141 0
1805 42 0
1806 246 0
1807 28 1
1808 251 0
1809 41 1
1810 61 1
1811 260 0
1812 100 1
1813 50 1
1814 200 1
1815 57 1
1816 139 1
1817 227 0
1818 160 1
1819 49 0
1820 104 0
1821 204 1
1822 18 1
1823 224 1
1824 0 0
1825 243 0
1826 155 0
1827 34 0
1828 129 1
1829 187 1
1830 129 1
1831 63 1
1832 81 0
1833 4 1
1834 131 0
1835 176 0
1836 229 0
1837 34 1
1838 160 1
1839 248 1
1840 156 1
1841 38 0
1842 174 0
1843 115 0
1844 241 1
1845 266 1
1846 96 1
1847 3 1
1848 251 1
1849 51 0
1850 60 1
1851 66 1
1852 155 0
1853 84 1
1854 174 0
1855 24 1
1856 188 0
1857 107 0
1858 219 1
1859 31 0
1860 157 0
1861 10 1
1862 258 0
1863 63 0
1864 20 1
1865 256 1
1866 158 1
1867 2 0
1868 154 1
1869 261 1
1870 52 0
1871 123 0
1872 163 0
1873 51 0
1874 85 1
1875 206 0
1876 195 0
1877 128 0
1878 46 0
1879 243 1
1880 121 1
1881 132 1
1882 17 1
1883 225 1
1884 121 1
1885 47 1
1886 51 1
1887 46 1
1888 33 1
1889 229 1
1890 264 1
1891 177 1
1892 16 0
1893 9 1
1894 44 0
1895 30 0
1896 115 1
1897 161 1
1898 112 1
1899 203 1
1900 236 1
1901 223 1
1902 237 0
1903 49 0
1904 99 0
1905 205 0
1906 78 1
1907 102 1
1908 51 1
1909 157 1
1910 263 1
1911 161 1
1912 165 1
1913 58 1
1914 72 0
1915 60 1
1916 60 0
1917 143 0
1918 101 0
1919 116 0
1920 103 1
1921 111 0
1922 252 1
1923 7 0
1924 225 0
1925 215 1
1926 252 1
1927 147 1
1928 62 1
1929 244 1
1930 15 1
1931 258 0
1932 51 0
1933 188 1
1934 42 1
1935 168 0
1936 91 1
1937 142 1
1938 125 1
1939 195 1
1940 214 1
1941 202 1
1942 151 0
1943 165 0
1944 103 1
1945 164 1
1946 261 1
1947 9 1
1948 4 1
1949 97 0
1950 50 0
1951 7 1
1952 177 1
1953 201 1
1954 199 1
1955 16 1
1956 171 1
1957 244 0
1958 200 0
1959 85 1
1960 182 1
1961 53 0
1962 36 1
1963 120 1
1964 159 1
1965 255 1
1966 30 0
1967 67 1
1968 44 0
1969 141 0
1970 213 1
1971 205 1
1972 92 1
1973 255 1
1974 223 0
1975 143 0
1976 138 1
1977 213 1
1978 74 1
1979 115 1
1980 98 0
1981 75 1
1982 182 1
1983 236 1
1984 227 1
1985 202 1
1986 251 1
1987 105 1
1988 220 0
1989 99 1
1990 249 1
1991 213 0
1992 254 1
1993 109 1
1994 123 1
1995 193 1
1996 144 0
1997 65 0
1998 44 0
1999 16 1
2000 43 0
2001 160 0
2002 257 1
2003 185 0
2004 257 0
2005 17 0
2006 158 1
2007 173 0
2008 20 1
2009 104 0
2010 56 1
2011 264 1
2012 198 0
2013 74 1
2014 263 0
2015 230 1
2016 209 1
2017 232 1
2018 19 0
2019 40 1
2020 65 0
2021 247 1
2022 188 1
2023 183 1
2024 251 0
2025 252 0
2026 133 1
2027 139 0
2028 27 1
2029 22 0
2030 204 0
2031 229 0
2032 6 1
2033 243 0
2034 243 0
2035 33 1
2036 242 0
2037 264 1
2038 65 1
2039 3 1
2040 15 1
2041 256 0
2042 221 1
2043 111 1
2044 241 1
2045 2 1
2046 17 1
2047 138 0
2048 57 0
2049 48 1
2050 113 1
2051 156 1
2052 262 1
2053 150 1
2054 148 1
2055 8 1
2056 125 1
2057 211 0
2058 23 0
2059 58 0
2060 4 1
2061 173 1
2062 192 0
2063 45 1
2064 141 0
2065 181 1
2066 259 1
2067 242 0
2068 122 0
2069 213 1
2070 177 0
2071 65 0
2072 117 0
2073 197 0
2074 63 1
2075 137 1
2076 133 1
2077 172 1
2078 70 1
2079 207 1
2080 127 0
2081 14 1
2082 6 1
2083 4 1
2084 196 1
2085 215 0
2086 71 1
2087 40 0
2088 21 1
2089 146 1
2090 42 1
2091 51 0
2092 226 1
2093 48 1
2094 257 1
2095 140 0
2096 192 1
2097 135 1
2098 226 0
2099 143 1
2100 73 1
2101 244 1
2102 188 1
2103 150 0
2104 70 0
2105 10 1
2106 211 1
2107 19 0
2108 101 1
2109 99 1
2110 223 1
2111 107 1
2112 210 1
2113 246 0
2114 98 1
2115 39 1
2116 112 1
2117 216 0
2118 115 1
2119 226 1
2120 26 1
2121 30 1
2122 29 1
2123 224 1
2124 102 1
2125 122 0
2126 26 1
2127 105 0
2128 188 0
2129 37 1
2130 104 0
2131 5 1
2132 175 0
2133 149 0
2134 220 1
2135 24 1
2136 75 1
2137 217 1
2138 5 1
2139 136 1
2140 44 1
2141 64 0
2142 119 0
2143 207 1
2144 152 0
2145 141 0
2146 220 0
2147 106 1
2148 1 1
2149 49 0
2150 179 0
2151 16 0
2152 29 0
2153 75 0
2154 38 1
2155 41 0
2156 101 0
2157 237 1
2158 91 0
2159 160 1
2160 236 0
2161 132 1
2162 81 1
2163 131 1
2164 126 1
2165 203 1
2166 154 0
2167 191 0
2168 85 1
2169 33 0
2170 110 1
2171 22 1
2172 80 0
2173 149 1
2174 167 1
2175 46 1
2176 243 1
2177 139 1
2178 49 1
2179 38 0
2180 167 1
2181 28 0
2182 94 0
2183 237 1
2184 35 1
2185 203 0
2186 61 1
2187 257 1
2188 33 1
2189 128 1
2190 80 0
2191 236 1
2192 253 0
2193 12 1
2194 94 0
2195 210 1
2196 192 1
2197 47 1
2198 7 1
2199 98 1
2200 2 1
2201 171 0
2202 259 0
2203 20 1
2204 199 0
2205 126 1
2206 223 0
2207 151 1
2208 18 0
2209 143 1
2210 113 1
2211 190 0
2212 141 0
2213 224 0
2214 153 1
2215 174 0
2216 88 1
2217 35 0
2218 54 1
2219 4 1
2220 104 1
2221 81 1
2222 41 1
2223 168 1
2224 211 1
2225 72 0
2226 213 1
2227 263 1
2228 132 1
2229 134 1
2230 6 1
2231 74 0
2232 202 1
2233 157 1
2234 65 1
2235 58 1
2236 108 1
2237 45 1
2238 188 1
2239 25 0
2240 73 1
2241 89 1
2242 176 1
2243 5 0
2244 35 1
2245 227 1
2246 264 1
2247 35 0
2248 226 1
2249 2 0
2250 171 1
2251 94 0
2252 201 0
2253 245 1
2254 253 1
2255 69 0
2256 183 1
2257 244 1
2258 58 1
2259 33 0
2260 21 1
2261 35 0
2262 109 0
2263 31 1
2264 164 1
2265 75 0
2266 94 1
2267 246 1
2268 125 1
2269 233 0
2270 41 1
2271 68 1
2272 177 0
2273 33 1
2274 194 1
2275 229 1
2276 226 1
2277 48 0
2278 236 1
2279 34 0
2280 196 1
2281 183 1
2282 95 0
2283 134 1
2284 17 1
2285 146 1
2286 118 1
2287 183 1
2288 159 0
2289 78 0
2290 182 0
2291 32 0
2292 121 1
2293 107 0
2294 243 1
2295 205 1
2296 68 1
2297 10 1
2298 181 1
2299 200 1
2300 228 1
2301 73 1
2302 193 0
2303 189 0
2304 105 0
2305 169 0
2306 124 1
2307 60 0
2308 181 0
2309 50 1
2310 125 1
2311 143 0
2312 7 0
2313 257 1
2314 115 1
2315 203 0
2316 167 1
2317 54 0
2318 164 1
2319 260 1
2320 59 0
2321 189 1
2322 262 1
2323 144 0
2324 48 1
2325 147 1
2326 265 1
2327 83 0
2328 261 0
2329 9 1
2330 161 1
2331 83 1
2332 36 1
2333 53 1
2334 197 1
2335 18 0
2336 23 0
2337 156 0
2338 172 0
2339 9 0
2340 43 0
2341 26 1
2342 264 1
2343 213 1
2344 82 0
2345 265 0
2346 66 1
2347 121 1
2348 34 1
2349 118 1
2350 36 0
2351 119 1
2352 59 0
2353 162 1
2354 124 0
2355 84 1
2356 228 1
2357 107 1
2358 120 1
2359 29 0
2360 174 1
2361 263 1
2362 7 1
2363 158 1
2364 190 1
2365 172 1
2366 45 1
2367 103 1
2368 199 1
2369 236 1
2370 252 1
2371 122 1
2372 63 0
2373 253 1
2374 98 1
2375 18 1
2376 25 0
2377 245 0
2378 29 0
2379 241 1
2380 228 1
2381 263 1
2382 69 1
2383 95 1
2384 263 0
2385 223 1
2386 16 1
2387 92 0
2388 122 1
2389 162 0
2390 261 1
2391 225 1
2392 10 1
2393 219 1
2394 153 0
2395 76 1
2396 154 1
2397 104 1
2398 69 0
2399 123 0
2400 162 0
2401 127 0
2402 239 1
2403 157 1
2404 114 1
2405 46 0
2406 233 1
2407 25 0
2408 105 1
2409 99 1
2410 253 1
2411 4 1
2412 146 1
2413 178 1
2414 207 1
2415 11 1
2416 195 1
2417 96 1
2418 175 1
2419 75 1
2420 122 0
2421 212 1
2422 208 1
2423 230 1
2424 30 1
2425 120 0
2426 53 0
2427 154 1
2428 133 1
2429 147 1
2430 265 0
2431 258 1
2432 198 0
2433 258 0
2434 157 1
2435 126 1
2436 87 1
2437 266 1
2438 207 1
2439 241 1
2440 106 1
2441 252 1
2442 117 1
2443 176 1
2444 186 1
2445 55 0
2446 114 1
2447 7 1
2448 216 0
2449 149 0
2450 231 1
2451 16 1
2452 245 0
2453 245 0
2454 59 1
2455 154 1
2456 127 1
2457 57 1
2458 261 1
2459 227 1
2460 105 1
2461 179 1
2462 228 1
2463 80 0
2464 84 1
2465 266 1
2466 137 1
2467 265 0
2468 113 1
2469 115 1
2470 193 1
2471 69 0
2472 41 0
2473 30 1
2474 260 0
2475 30 0
2476 256 1
2477 217 1
2478 213 0
2479 24 0
2480 74 1
2481 61 0
2482 121 1
2483 142 0
2484 117 1
2485 222 1
2486 75 0
2487 180 1
2488 50 1
2489 51 0
2490 99 1
2491 40 0
2492 107 1
2493 203 0
2494 102 1
2495 250 1
2496 66 1
2497 204 1
2498 185 1
2499 237 0
2500 152 1
2501 246 1
2502 31 0
2503 60 1
2504 184 1
2505 24 1
2506 8 1
2507 87 1
2508 222 1
2509 252 0
2510 250 0
2511 50 0
2512 177 1
2513 52 1
2514 149 1
2515 30 1
2516 29 0
2517 76 0
2518 250 0
2519 226 1
2520 63 1
2521 165 0
2522 215 0
2523 4 1
2524 7 1
2525 43 0
2526 207 0
2527 206 1
2528 247 1
2529 111 0
2530 181 1
2531 161 1
2532 233 0
2533 171 0
2534 6 1
2535 197 1
2536 11 0
2537 226 1
2538 79 0
2539 29 0
2540 118 0
2541 244 1
2542 65 0
2543 258 1
2544 73 1
2545 257 1
2546 59 0
2547 97 1
2548 104 0
2549 240 0
2550 213 1
2551 265 1
2552 164 0
2553 167 1
2554 85 1
2555 146 1
2556 168 1
2557 77 1
2558 121 0
2559 178 0
2560 252 0
2561 81 1
2562 217 0
2563 152 1
2564 262 0
2565 165 1
2566 193 0
2567 147 1
2568 201 1
2569 150 0
2570 59 1
2571 37 1
2572 235 1
2573 93 1
2574 81 1
2575 182 0
2576 254 1
2577 193 0
2578 73 1
2579 74 1
2580 101 1
2581 258 1
2582 217 1
2583 17 1
2584 1 1
2585 68 1
2586 11 1
2587 188 1
2588 204 0
2589 50 0
2590 101 0
2591 251 1
2592 44 0
2593 108 1
2594 154 1
2595 85 1
2596 237 1
2597 183 0
2598 30 0
2599 52 1
2600 183 1
2601 259 1
2602 209 0
2603 73 1
2604 194 1
2605 247 1
2606 172 1
2607 199 1
2608 223 0
2609 235 1
2610 121 1
2611 182 1
2612 212 1
2613 176 1
2614 113 0
2615 173 1
2616 164 1
2617 122 1
2618 161 1
2619 251 0
2620 219 1
2621 14 0
2622 9 1
2623 56 0
2624 153 0
2625 158 0
2626 244 1
2627 181 1
2628 69 0
2629 63 1
2630 134 1
2631 110 0
2632 33 0
2633 221 0
2634 144 1
2635 181 0
2636 67 1
2637 119 1
2638 226 1
2639 208 1
2640 15 1
2641 18 1
2642 155 1
2643 79 0
2644 190 1
2645 223 1
2646 195 0
2647 171 1
2648 199 0
2649 239 1
2650 229 1
2651 71 1
2652 164 1
2653 4 1
2654 181 1
2655 134 0
2656 27 0
2657 87 1
2658 168 1
2659 224 1
2660 41 1
2661 231 1
2662 145 0
2663 97 1
2664 159 1
2665 52 1
2666 120 1
2667 48 1
2668 129 0
2669 223 1
2670 248 0
2671 55 1
2672 58 0
2673 7 1
2674 41 0
2675 217 1
2676 42 1
2677 35 1
2678 30 0
2679 164 1
2680 100 0
2681 209 0
2682 239 0
2683 54 1
2684 125 1
2685 43 1
2686 267 1
2687 14 1
2688 140 1
2689 267 0
2690 68 1
2691 165 0
2692 112 1
2693 114 0
2694 233 1
2695 148 1
2696 211 0
2697 186 1
2698 163 1
2699 183 0
2700 150 1
2701 27 0
2702 224 1
2703 106 0
2704 62 1
2705 95 1
2706 222 1
2707 140 1
2708 8 0
2709 209 1
2710 166 1
2711 123 1
2712 80 1
2713 192 1
2714 182 1
2715 80 1
2716 234 1
2717 113 1
2718 232 1
2719 104 0
2720 224 1
2721 56 1
2722 191 1
2723 61 0
2724 84 0
2725 73 0
2726 260 1
2727 259 0
2728 137 0
2729 132 1
2730 192 1
2731 15 0
2732 220 1
2733 249 1
2734 247 1
2735 111 0
2736 16 0
2737 198 1
2738 264 0
2739 123 0
2740 162 0
2741 146 1
2742 24 1
2743 43 1
2744 138 1
2745 113 1
2746 203 0
2747 36 1
2748 73 1
2749 156 1
2750 187 0
2751 72 1
2752 66 1
2753 227 0
2754 162 0
2755 143 0
2756 94 1
2757 27 1
2758 244 1
2759 180 1
2760 61 1
2761 260 1
2762 237 0
2763 52 1
2764 214 1
2765 263 0
2766 107 1
2767 154 1
2768 54 1
2769 236 1
2770 12 1
2771 89 1
2772 34 1
2773 125 1
2774 86 1
2775 24 1
2776 230 1
2777 128 0
2778 128 0
2779 226 1
2780 204 1
2781 109 1
2782 104 1
2783 32 1
2784 192 1
2785 192 0
2786 97 0
2787 211 1
2788 114 1
2789 41 1
2790 89 0
2791 248 0
2792 165 1
2793 234 1
2794 104 1
2795 0 1
2796 145 1
2797 251 1
2798 188 0
2799 41 1
2800 184 1
2801 133 0
2802 230 0
2803 44 1
2804 44 0
2805 93 0
2806 234 1
2807 84 1
2808 81 1
2809 57 0
2810 243 1
2811 41 0
2812 251 1
2813 87 1
2814 207 1
2815 100 1
2816 261 1
2817 37 1
2818 126 1
2819 32 0
2820 251 1
2821 204 1
2822 182 0
2823 249 0
2824 72 1
2825 264 0
2826 180 0
2827 252 1
2828 229 1
2829 150 0
2830 15 1
2831 192 1
2832 217 0
2833 48 1
2834 128 1
2835 146 0
2836 105 1
2837 145 0
2838 188 0
2839 98 1
2840 165 1
2841 39 1
2842 215 1
2843 56 1
2844 263 1
2845 244 0
2846 6 1
2847 187 1
2848 131 0
2849 14 1
2850 131 1
2851 186 1
2852 60 1
2853 71 0
2854 7 1
2855 56 1
2856 79 1
2857 150 1
2858 19 0
2859 18 0
2860 45 1
2861 194 1
2862 248 0
2863 174 1
2864 165 1
2865 186 1
2866 166 0
2867 81 1
2868 68 0
2869 106 1
2870 138 0
2871 148 1
2872 157 0
2873 60 1
2874 136 1
2875 92 1
2876 241 1
2877 49 1
2878 31 1
2879 148 0
2880 45 1
2881 225 1
2882 71 1
2883 69 1
2884 90 1
2885 31 1
2886 153 0
2887 78 1
2888 25 0
2889 35 1
2890 116 1
2891 159 1
2892 45 1
2893 43 0
2894 149 0
2895 89 0
2896 158 1
2897 137 1
2898 252 1
2899 101 0
2900 13 0
2901 119 1
2902 127 1
2903 108 1
2904 151 1
2905 213 1
2906 87 0
2907 258 1
2908 30 1
2909 110 1
2910 125 1
2911 105 1
2912 62 0
2913 245 0
2914 80 1
2915 21 1
2916 110 1
2917 159 1
2918 154 0
2919 21 1
2920 227 1
2921 22 0
2922 56 0
2923 80 0
2924 129 0
2925 81 1
2926 121 1
2927 3 0
2928 60 1
2929 130 0
2930 227 1
2931 133 1
2932 108 0
2933 123 1
2934 107 0
2935 17 1
2936 95 0
2937 198 0
2938 135 1
2939 53 0
2940 16 1
2941 67 1
2942 136 1
2943 221 1
2944 219 0
2945 52 1
2946 134 1
2947 63 0
2948 109 0
2949 222 0
2950 47 0
2951 100 1
2952 94 1
2953 110 1
2954 124 1
2955 41 1
2956 30 1
2957 93 1
2958 79 1
2959 79 1
2960 29 0
2961 24 1
2962 133 1
2963 39 1
2964 174 0
2965 91 1
2966 48 0
2967 180 0
2968 121 1
2969 3 0
2970 1 0
2971 17 1
2972 53 0
2973 98 1
2974 241 1
2975 247 1
2976 124 0
2977 67 0
2978 176 0
2979 216 1
2980 267 1
2981 204 0
2982 47 0
2983 5 1
2984 38 1
2985 46 1
2986 220 0
2987 155 0
2988 258 0
2989 223 0
2990 62 0
2991 135 1
2992 206 1
2993 76 0
2994 208 1
2995 181 0
2996 147 1
2997 70 1
2998 133 1
2999 263 1
3000 251 1
3001 26 0
3002 104 1
3003 25 1
3004 66 1
3005 227 1
3006 183 1
3007 47 1
3008 112 1
3009 220 1
3010 231 1
3011 75 1
3012 66 1
3013 121 1
3014 120 0
3015 2 1
3016 241 1
3017 122 0
3018 26 1
3019 72 1
3020 212 1
3021 221 0
3022 209 1
3023 149 0
3024 23 1
3025 5 1
3026 234 0
3027 264 1
3028 125 1
3029 131 1
3030 133 0
3031 248 1
3032 161 1
3033 84 1
3034 151 0
3035 96 1
3036 4 1
3037 39 1
3038 33 1
3039 83 1
3040 21 0
3041 210 0
3042 69 0
3043 187 1
3044 140 1
3045 72 0
3046 183 0
3047 196 0
3048 55 1
3049 164 0
3050 168 1
3051 118 0
3052 209 1
3053 202 1
3054 77 0
3055 198 0
3056 189 1
3057 253 1
3058 162 1
3059 1 1
3060 38 0
3061 124 0
3062 209 1
3063 197 1
3064 148 1
3065 203 1
3066 253 1
3067 121 0
3068 26 0
3069 68 0
3070 156 1
3071 101 1
3072 138 0
3073 68 1
3074 158 1
3075 235 1
3076 226 1
3077 233 1
3078 227 1
3079 248 1
3080 72 1
3081 56 0
3082 137 1
3083 152 1
3084 48 1
3085 167 1
3086 35 1
3087 13 0
3088 255 1
3089 107 1
3090 50 1
3091 158 0
3092 250 1
3093 76 1
3094 187 0
3095 217 1
3096 140 0
3097 217 0
3098 266 0
3099 258 1
3100 139 0
3101 250 1
3102 58 1
3103 248 1
3104 245 0
3105 8 0
3106 246 0
3107 204 1
3108 190 1
3109 253 0
3110 152 1
3111 1 1
3112 23 1
3113 203 1
3114 136 0
3115 151 0
3116 250 0
3117 266 1
3118 213 0
3119 87 1
3120 150 1
3121 33 1
3122 161 1
3123 172 0
3124 65 1
3125 93 1
3126 176 0
3127 143 1
3128 129 0
3129 121 1
3130 171 1
3131 89 0
3132 222 1
3133 194 1
3134 233 1
3135 173 1
3136 8 1
3137 59 0
3138 76 1
3139 154 1
3140 205 1
3141 259 0
3142 242 1
3143 128 1
3144 112 1
3145 184 1
3146 70 0
3147 253 0
3148 176 0
3149 191 1
3150 93 1
3151 73 1
3152 18 1
3153 171 1
3154 180 1
3155 136 0
3156 121 1
3157 46 1
3158 162 1
3159 14 1
3160 240 1
3161 190 1
3162 204 0
3163 66 1
3164 170 1
3165 238 0
3166 69 1
3167 181 0
3168 261 1
3169 82 0
3170 142 1
3171 191 1
3172 162 0
3173 258 1
3174 144 1
3175 230 0
3176 18 1
3177 59 1
3178 59 0
3179 51 1
3180 99 1
3181 225 0
3182 65 1
3183 157 1
3184 39 1
3185 216 1
3186 190 1
3187 76 1
3188 108 0
3189 224 1
3190 238 0
3191 86 0
3192 155 1
3193 27 1
3194 87 0
3195 260 0
3196 99 0
3197 256 0
3198 256 1
3199 207 1
3200 116 1
3201 108 1
3202 110 1
3203 22 1
3204 150 1
3205 104 0
3206 65 1
3207 109 1
3208 151 1
3209 66 1
3210 214 0
3211 58 0
3212 177 1
3213 110 0
3214 7 1
3215 93 1
3216 21 1
3217 62 1
3218 202 1
3219 167 0
3220 147 0
3221 205 0
3222 93 0
3223 64 0
3224 266 1
3225 31 1
3226 5 0
3227 157 1
3228 219 1
3229 248 0
3230 218 0
3231 250 0
3232 90 0
3233 3 0
3234 212 0
3235 193 1
3236 73 1
3237 203 1
3238 76 1
3239 227 1
3240 130 0
3241 186 1
3242 248 1
3243 134 0
3244 243 0
3245 58 1
3246 3 1
3247 65 0
3248 168 1
3249 202 0
3250 55 1
3251 104 1
3252 73 1
3253 195 0
3254 123 1
3255 39 1
3256 228 0
3257 20 0
3258 116 1
3259 224 1
3260 84 1
3261 185 0
3262 138 0
3263 265 1
3264 51 0
3265 234 1
3266 142 1
3267 134 0
3268 194 0
3269 264 1
3270 31 0
3271 118 1
3272 160 1
3273 16 1
3274 109 1
3275 0 1
3276 70 1
3277 97 0
3278 252 1
3279 62 1
3280 109 1
3281 125 0
3282 183 0
3283 98 0
3284 221 1
3285 242 1
3286 29 1
3287 61 1
3288 47 0
3289 97 0
3290 50 1
3291 249 1
3292 184 1
3293 145 1
3294 72 1
3295 104 1
3296 52 1
3297 248 0
3298 121 1
3299 161 1
3300 72 0
3301 144 1
3302 44 1
3303 190 1
3304 14 1
3305 231 0
3306 18 1
3307 85 1
3308 191 1
3309 186 1
3310 169 1
3311 261 1
3312 152 1
3313 190 1
3314 220 1
3315 164 1
3316 119 0
3317 26 1
3318 61 1
3319 155 1
3320 53 1
3321 124 1
3322 232 0
3323 89 1
3324 171 1
3325 151 0
3326 198 0
3327 27 1
3328 203 1
3329 255 0
3330 16 1
3331 264 1
3332 92 1
3333 116 1
3334 56 1
3335 214 0
3336 22 1
3337 264 0
3338 12 1
3339 226 0
3340 92 1
3341 72 1
3342 70 1
3343 4 1
3344 32 1
3345 61 0
3346 44 0
3347 185 0
3348 164 1
3349 6 0
3350 204 0
3351 229 1
3352 23 1
3353 29 1
3354 42 1
3355 34 1
3356 181 1
3357 141 1
3358 106 0
3359 157 1
3360 38 1
3361 188 1
3362 91 0
3363 118 1
3364 38 0
3365 108 1
3366 161 1
3367 17 0
3368 111 1
3369 119 0
3370 118 1
3371 189 1
3372 161 1
3373 183 0
3374 24 1
3375 222 0
3376 22 0
3377 228 1
3378 147 1
3379 185 1
3380 20 1
3381 160 1
3382 264 1
3383 182 1
3384 40 1
3385 77 0
3386 3 1
3387 90 0
3388 229 1
3389 248 1
3390 161 1
3391 132 1
3392 161 1
3393 197 1
3394 71 0
3395 226 1
3396 40 1
3397 89 1
3398 195 0
3399 228 0
3400 204 0
3401 27 1
3402 204 1
3403 188 1
3404 23 1
3405 234 1
3406 187 0
3407 0 1
3408 91 0
3409 120 1
3410 127 1
3411 70 1
3412 96 1
3413 104 1
3414 62 1
3415 160 1
3416 2 1
3417 22 0
3418 20 0
3419 3 1
3420 195 0
3421 128 0
3422 236 1
3423 10 1
3424 141 0
3425 37 1
3426 109 0
3427 152 1
3428 82 1
3429 46 0
3430 221 1
3431 227 0
3432 25 1
3433 61 0
3434 92 0
3435 173 0
3436 118 0
3437 218 1
3438 61 0
3439 229 0
3440 260 0
3441 186 1
3442 190 1
3443 123 0
3444 144 0
3445 49 1
3446 7 1
3447 137 1
3448 157 1
3449 246 0
3450 79 1
3451 86 1
3452 84 1
3453 99 1
3454 165 1
3455 247 1
3456 142 1
3457 75 1
3458 52 1
3459 237 1
3460 0 0
3461 194 0
3462 110 0
3463 208 1
3464 161 0
3465 65 0
3466 237 0
3467 69 1
3468 88 1
3469 182 1
3470 128 1
3471 227 1
3472 142 0
3473 235 0
3474 48 0
3475 107 0
3476 38 0
3477 140 1
3478 80 1
3479 48 0
3480 166 0
3481 114 1
3482 165 1
3483 88 0
3484 252 0
3485 54 0
3486 247 1
3487 200 1
3488 215 1
3489 32 1
3490 4 1
3491 44 1
3492 73 1
3493 91 0
3494 164 1
3495 212 1
3496 236 0
3497 13 1
3498 142 1
3499 18 1
3500 3 1
3501 240 1
3502 254 0
3503 88 1
3504 55 1
3505 14 1
3506 76 0
3507 2 1
3508 143 1
3509 120 1
3510 132 0
3511 186 0
3512 206 1
3513 50 1
3514 201 1
3515 24 0
3516 41 1
3517 87 0
3518 152 0
3519 46 1
3520 111 1
3521 83 0
3522 202 1
3523 154 1
3524 262 0
3525 201 0
3526 154 1
3527 126 1
3528 134 1
3529 73 1
3530 145 0
3531 88 1
3532 77 1
3533 214 1
3534 166 1
3535 253 1
3536 136 0
3537 13 1
3538 53 0
3539 148 1
3540 73 1
3541 157 0
3542 16 1
3543 220 0
3544 8 1
3545 218 0
3546 23 1
3547 155 1
3548 29 1
3549 146 1
3550 262 0
3551 105 1
3552 99 1
3553 202 1
3554 186 1
3555 99 1
3556 64 1
3557 35 1
3558 3 0
3559 47 1
3560 96 1
3561 64 1
3562 120 1
3563 36 1
3564 222 1
3565 61 1
3566 129 1
3567 79 1
3568 101 1
3569 112 1
3570 264 0
3571 94 1
3572 199 0
3573 224 1
3574 116 0
3575 114 0
3576 86 1
3577 148 1
3578 30 0
3579 72 1
3580 182 1
3581 201 1
3582 116 0
3583 3 1
3584 194 1
3585 52 1
3586 226 1
3587 66 1
3588 92 1
3589 260 1
3590 110 1
3591 238 1
3592 184 0
3593 35 1
3594 203 1
3595 15 1
3596 57 1
3597 161 1
3598 45 1
3599 207 1
3600 96 1
3601 245 0
3602 223 1
3603 112 0
3604 233 0
3605 72 1
3606 26 1
3607 172 1
3608 145 0
3609 57 0
3610 215 0
3611 13 0
3612 105 0
3613 78 1
3614 155 1
3615 205 0
3616 94 0
3617 205 1
3618 41 1
3619 264 0
3620 153 1
3621 251 1
3622 95 1
3623 106 1
3624 263 1
3625 136 1
3626 52 0
3627 114 1
3628 56 1
3629 124 1
3630 27 0
3631 94 1
3632 144 1
3633 154 0
3634 165 0
3635 93 1
3636 119 1
3637 214 0
3638 47 0
3639 87 0
3640 32 1
3641 152 1
3642 106 1
3643 142 1
3644 8 1
3645 90 0
3646 45 1
3647 140 1
3648 32 1
3649 7 1
3650 76 1
3651 149 1
3652 76 0
3653 43 1
3654 232 1
3655 66 1
3656 170 0
3657 248 1
3658 34 1
3659 155 1
3660 106 0
3661 245 1
3662 245 1
3663 156 1
3664 227 0
3665 24 1
3666 80 1
3667 131 1
3668 84 1
3669 97 1
3670 205 0
3671 128 1
3672 198 1
3673 16 1
3674 132 1
3675 6 1
3676 232 1
3677 205 0
3678 184 1
3679 35 1
3680 73 1
3681 79 1
3682 132 1
3683 127 0
3684 17 1
3685 265 0
3686 203 0
3687 229 1
3688 135 1
3689 182 1
3690 232 1
3691 53 0
3692 72 0
3693 38 1
3694 167 0
3695 32 1
3696 33 1
3697 211 1
3698 38 1
3699 198 0
3700 110 0
3701 177 0
3702 222 1
3703 79 1
3704 200 1
3705 172 1
3706 83 1
3707 261 1
3708 31 1
3709 44 1
3710 4 1
3711 171 1
3712 88 0
3713 19 1
3714 184 1
3715 265 0
3716 129 1
3717 56 1
3718 129 0
3719 256 1
3720 29 0
3721 41 1
3722 201 1
3723 0 1
3724 233 1
3725 163 0
3726 205 1
3727 91 0
3728 265 1
3729 52 1
3730 44 1
3731 108 1
3732 124 1
3733 257 1
3734 199 1
3735 130 0
3736 38 1
3737 73 1
3738 106 1
3739 20 1
3740 18 0
3741 42 1
3742 65 1
3743 149 1
3744 144 0
3745 144 0
3746 152 1
3747 93 1
3748 48 0
3749 78 1
3750 44 1
3751 208 1
3752 196 0
3753 137 0
3754 171 0
3755 191 1
3756 72 1
3757 229 0
3758 266 1
3759 100 1
3760 212 1
3761 230 1
3762 44 1
3763 189 1
3764 38 1
3765 72 1
3766 23 1
3767 248 1
3768 110 1
3769 71 1
3770 7 1
3771 103 0
3772 127 1
3773 202 1
3774 75 1
3775 168 0
3776 95 0
3777 200 1
3778 2 1
3779 48 1
3780 204 1
3781 23 1
3782 32 0
3783 79 0
3784 206 1
3785 57 1
3786 44 0
3787 193 1
3788 125 1
3789 113 1
3790 246 1
3791 35 0
3792 227 0
3793 212 0
3794 256 1
3795 171 0
3796 12 0
3797 136 1
3798 14 0
3799 4 1
3800 182 0
3801 66 0
3802 37 1
3803 214 1
3804 203 1
3805 178 1
3806 156 1
3807 254 0
3808 165 1
3809 245 0
3810 91 1
3811 246 1
3812 75 1
3813 232 1
3814 146 1
3815 210 1
3816 113 0
3817 102 0
3818 83 1
3819 129 1
3820 7 0
3821 15 1
3822 238 1
3823 179 0
3824 100 1
3825 105 1
3826 37 0
3827 194 0
3828 14 1
3829 185 1
3830 211 1
3831 36 1
3832 219 0
3833 24 1
3834 87 0
3835 137 1
3836 93 1
3837 158 1
3838 154 1
3839 15 0
3840 42 0
3841 77 1
3842 20 1
3843 91 0
3844 247 0
3845 11 0
3846 220 1
3847 247 0
3848 87 1
3849 206 0
3850 241 1
3851 85 0
3852 45 1
3853 30 0
3854 129 1
3855 86 1
3856 249 1
3857 150 1
3858 251 0
3859 205 1
3860 66 1
3861 153 0
3862 164 1
3863 5 1
3864 36 1
3865 242 0
3866 188 0
3867 243 0
3868 203 1
3869 248 1
3870 218 0
3871 52 0
3872 46 0
3873 102 0
3874 260 0
3875 260 1
3876 155 1
3877 244 1
3878 177 0
3879 35 0
3880 94 1
3881 38 0
3882 153 1
3883 63 1
3884 187 0
3885 237 1
3886 194 1
3887 238 1
3888 125 0
3889 85 1
3890 11 1
3891 160 1
3892 122 1
3893 34 1
3894 18 0
3895 61 1
3896 247 1
3897 26 1
3898 198 1
3899 121 1
3900 33 1
3901 155 1
3902 12 0
3903 99 1
3904 13 1
3905 239 0
3906 162 1
3907 175 1
3908 167 0
3909 132 1
3910 179 1
3911 198 1
3912 110 1
3913 191 1
3914 214 1
3915 141 1
3916 35 1
3917 106 0
3918 238 1
3919 169 0
3920 22 0
3921 176 1
3922 87 1
3923 16 0
3924 109 0
3925 256 1
3926 159 1
3927 79 1
3928 228 0
3929 25 0
3930 215 1
3931 238 1
3932 195 1
3933 114 1
3934 182 1
3935 234 0
3936 239 0
3937 20 1
3938 126 1
3939 212 0
3940 85 0
3941 155 0
3942 20 1
3943 145 1
3944 54 0
3945 238 1
3946 69 0
3947 68 0
3948 185 1
3949 246 1
3950 97 1
3951 203 0
3952 255 0
3953 26 1
3954 75 1
3955 248 1
3956 71 1
3957 221 1
3958 186 1
3959 239 1
3960 85 0
3961 142 1
3962 50 1
3963 235 1
3964 24 0
3965 234 0
3966 58 1
3967 5 1
3968 208 1
3969 58 0
3970 85 1
3971 77 1
3972 73 1
3973 148 1
3974 29 1
3975 48 1
3976 146 1
3977 85 0
3978 32 1
3979 248 0
3980 166 0
3981 177 1
3982 200 1
3983 169 1
3984 29 1
3985 140 1
3986 81 1
3987 172 1
3988 148 1
3989 230 1
3990 256 1
3991 24 1
3992 101 1
3993 63 1
3994 62 1
3995 190 1
3996 73 1
3997 184 1
3998 182 1
3999 130 1
4000 128 0
4001 43 0
4002 36 0
4003 264 0
4004 167 1
4005 93 0
4006 137 1
4007 22 1
4008 212 0
4009 5 1
4010 28 0
4011 235 0
4012 11 1
4013 91 1
4014 137 1
4015 38 1
4016 224 0
4017 191 0
4018 112 1
4019 260 1
4020 45 0
4021 167 1
4022 103 1
4023 54 0
4024 175 0
4025 138 1
4026 154 0
4027 22 1
4028 156 1
4029 176 1
4030 67 0
4031 191 1
4032 27 0
4033 99 1
4034 117 1
4035 234 1
4036 76 1
4037 161 1
4038 224 1
4039 127 0
4040 258 1
4041 235 1
4042 186 1
4043 211 1
4044 103 0
4045 184 1
4046 149 1
4047 93 1
4048 221 1
4049 215 1
4050 183 1
4051 49 1
4052 131 1
4053 71 0
4054 142 0
4055 35 1
4056 12 1
4057 177 0
4058 76 1
4059 90 1
4060 55 1
4061 249 0
4062 114 0
4063 96 0
4064 82 1
4065 38 0
4066 225 1
4067 72 1
4068 13 1
4069 260 1
4070 159 1
4071 188 0
4072 113 1
4073 186 1
4074 34 0
4075 0 0
4076 15 1
4077 10 1
4078 55 1
4079 180 1
4080 150 1
4081 218 0
4082 205 1
4083 95 0
4084 251 0
4085 6 1
4086 14 1
4087 45 1
4088 108 1
4089 217 1
4090 56 1
4091 131 0
4092 99 0
4093 100 1
4094 64 1
4095 192 0
4096 47 1
4097 221 1
4098 250 0
4099 104 1
4100 36 1
4101 107 1
4102 205 1
4103 78 1
4104 16 1
4105 87 1
4106 146 0
4107 228 0
4108 260 1
4109 216 0
4110 158 0
4111 86 1
4112 100 0
4113 90 0
4114 255 0
4115 131 0
4116 205 0
4117 242 1
4118 22 1
4119 87 0
4120 164 0
4121 196 1
4122 24 1
4123 104 1
4124 33 0
4125 156 1
4126 9 0
4127 29 1
4128 97 1
4129 7 1
4130 214 0
4131 192 1
4132 192 1
4133 193 1
4134 219 1
4135 70 1
4136 2 1
4137 58 0
4138 54 1
4139 127 1
4140 114 1
4141 179 0
4142 258 1
4143 133 0
4144 228 1
4145 256 1
4146 95 1
4147 225 1
4148 163 0
4149 51 1
4150 62 1
4151 130 1
4152 19 1
4153 258 0
4154 250 0
4155 61 1
4156 217 1
4157 120 0
4158 81 0
4159 10 1
4160 211 1
4161 115 1
4162 264 0
4163 58 1
4164 206 1
4165 90 1
4166 130 0
4167 48 0
4168 40 1
4169 39 0
4170 56 1
4171 18 1
4172 241 0
4173 112 1
4174 209 1
4175 264 1
4176 206 1
4177 190 1
4178 168 0
4179 177 0
4180 74 1
4181 7 0
4182 203 1
4183 170 0
4184 179 1
4185 165 0
4186 210 1
4187 57 1
4188 139 1
4189 138 1
4190 192 0
4191 232 1
4192 147 1
4193 232 1
4194 119 1
4195 54 1
4196 41 1
4197 131 1
4198 18 1
4199 36 1
4200 143 1
4201 248 1
4202 118 0
4203 84 0
4204 107 0
4205 153 1
4206 258 0
4207 246 1
4208 255 1
4209 84 1
4210 252 1
4211 117 1
4212 185 0
4213 87 0
4214 181 1
4215 216 1
4216 141 1
4217 225 1
4218 50 0
4219 148 1
4220 165 1
4221 4 0
4222 50 1
4223 108 0
4224 93 0
4225 229 0
4226 231 0
4227 103 0
4228 142 1
4229 83 0
4230 130 1
4231 12 1
4232 44 0
4233 163 0
4234 179 1
4235 67 0
4236 161 1
4237 47 1
4238 222 1
4239 65 1
4240 248 0
4241 124 0
4242 104 1
4243 176 0
4244 50 0
4245 18 0
4246 191 1
4247 84 0
4248 83 1
4249 145 1
4250 106 0
4251 239 0
4252 183 1
4253 211 1
4254 74 1
4255 0 0
4256 35 0
4257 82 1
4258 253 1
4259 102 1
4260 65 1
4261 200 1
4262 234 0
4263 123 1
4264 79 1
4265 212 0
4266 112 0
4267 1 0
4268 103 1
4269 249 1
4270 36 1
4271 132 0
4272 7 1
4273 195 1
4274 20 1
4275 195 0
4276 233 1
4277 242 1
4278 227 1
4279 64 1
4280 182 1
4281 124 1
4282 93 0
4283 222 1
4284 153 0
4285 89 0
4286 86 1
4287 161 1
4288 251 1
4289 169 0
4290 117 0
4291 173 1
4292 40 1
4293 97 1
4294 60 0
4295 206 1
4296 70 1
4297 85 1
4298 87 1
4299 75 0
4300 59 1
4301 245 1
4302 202 1
4303 54 1
4304 226 1
4305 189 0
4306 220 1
4307 57 1
4308 57 1
4309 159 1
4310 216 1
4311 176 1
4312 59 0
4313 82 1
4314 117 1
4315 202 1
4316 138 1
4317 222 1
4318 134 0
4319 259 1
4320 132 1
4321 68 1
4322 175 0
4323 160 1
4324 96 0
4325 250 0
4326 233 0
4327 147 1
4328 236 0
4329 255 0
4330 18 1
4331 162 1
4332 185 1
4333 230 1
4334 208 0
4335 229 0
4336 33 1
4337 240 0
4338 239 0
4339 73 1
4340 84 0
4341 196 0
4342 214 0
4343 157 1
4344 20 1
4345 168 1
4346 150 0
4347 196 0
4348 262 0
4349 119 1
4350 11 1
4351 91 0
4352 194 1
4353 153 1
4354 96 1
4355 49 1
4356 13 1
4357 45 0
4358 37 0
4359 43 0
4360 247 0
4361 97 1
4362 6 1
4363 197 1
4364 83 0
4365 19 1
4366 29 1
4367 222 1
4368 159 1
4369 120 1
4370 149 0
4371 68 1
4372 48 1
4373 23 1
4374 216 0
4375 143 0
4376 93 0
4377 141 0
4378 165 1
4379 0 1
4380 103 1
4381 158 1
4382 30 1
4383 87 1
4384 120 0
4385 77 0
4386 93 0
4387 65 1
4388 74 1
4389 43 0
4390 238 1
4391 119 1
4392 59 1
4393 63 0
4394 47 1
4395 21 1
4396 250 1
4397 14 1
4398 192 1
4399 102 1
4400 24 1
4401 215 1
4402 140 1
4403 75 0
4404 184 0
4405 138 1
4406 121 1
4407 117 0
4408 149 1
4409 220 1
4410 227 0
4411 162 1
4412 237 0
4413 123 1
4414 261 1
4415 22 0
4416 37 0
4417 220 1
4418 65 1
4419 24 1
4420 230 1
4421 35 1
4422 51 1
4423 163 1
4424 49 0
4425 29 1
4426 89 0
4427 35 1
4428 0 0
4429 219 1
4430 15 1
4431 96 0
4432 27 1
4433 130 1
4434 243 1
4435 158 1
4436 133 0
4437 4 0
4438 247 1
4439 17 1
4440 15 1
4441 205 0
4442 55 1
4443 246 1
4444 30 0
4445 133 1
4446 71 0
4447 182 0
4448 177 1
4449 8 1
4450 15 1
4451 258 1
4452 76 1
4453 148 0
4454 246 1
4455 252 1
4456 29 1
4457 181 1
4458 246 1
4459 39 1
4460 173 0
4461 138 1
4462 218 1
4463 75 1
4464 265 1
4465 181 1
4466 234 0
4467 244 1
4468 66 0
4469 182 1
4470 191 0
4471 122 1
4472 171 0
4473 20 0
4474 195 1
4475 158 0
4476 48 1
4477 77 1
4478 249 0
4479 27 1
4480 220 1
4481 75 1
4482 11 1
4483 228 0
4484 77 1
4485 207 1
4486 124 0
4487 120 1
4488 181 0
4489 261 1
4490 15 1
4491 25 1
4492 80 0
4493 147 1
4494 155 0
4495 124 1
4496 198 1
4497 109 1
4498 68 0
4499 187 0
4500 28 1
4501 229 1
4502 88 1
4503 80 1
4504 121 0
4505 10 1
4506 125 1
4507 200 0
4508 38 1
4509 83 0
4510 69 0
4511 200 1
4512 223 0
4513 109 0
4514 195 1
4515 252 0
4516 239 0
4517 7 0
4518 10 0
4519 144 1
4520 62 1
4521 84 1
4522 7 1
4523 209 0
4524 180 0
4525 139 1
4526 131 0
4527 149 0
4528 113 0
4529 194 1
4530 18 1
4531 163 1
4532 108 0
4533 216 1
4534 158 1
4535 150 1
4536 64 0
4537 40 1
4538 67 0
4539 200 1
4540 89 0
4541 128 0
4542 227 1
4543 123 1
4544 167 1
4545 12 1
4546 213 0
4547 75 1
4548 245 0
4549 256 0
4550 201 1
4551 72 1
4552 189 1
4553 152 1
4554 93 1
4555 135 1
4556 240 1
4557 35 1
4558 173 0
4559 171 1
4560 24 0
4561 75 1
4562 174 1
4563 107 1
4564 258 1
4565 3 1
4566 134 1
4567 4 0
4568 188 1
4569 212 1
4570 57 1
4571 96 0
4572 160 1
4573 128 1
4574 106 0
4575 138 1
4576 30 1
4577 0 1
4578 180 0
4579 255 1
4580 186 1
4581 94 1
4582 151 1
4583 9 1
4584 71 0
4585 253 1
4586 33 1
4587 141 1
4588 113 1
4589 75 0
4590 200 0
4591 250 1
4592 243 1
4593 66 0
4594 73 1
4595 141 0
4596 128 1
4597 128 0
4598 150 0
4599 167 1
4600 175 0
4601 249 1
4602 50 0
4603 34 1
4604 23 1
4605 15 1
4606 138 1
4607 1 0
4608 147 1
4609 84 0
4610 204 0
4611 112 1
4612 93 1
4613 160 1
4614 194 1
4615 96 1
4616 112 1
4617 209 1
4618 99 1
4619 226 1
4620 168 1
4621 161 1
4622 55 0
4623 236 1
4624 45 0
4625 55 1
4626 95 1
4627 131 1
4628 224 0
4629 248 1
4630 67 1
4631 151 1
4632 54 1
4633 241 1
4634 152 1
4635 92 1
4636 174 1
4637 175 1
4638 232 0
4639 64 1
4640 13 1
4641 159 1
4642 187 1
4643 196 0
4644 214 1
4645 9 1
4646 153 1
4647 92 1
4648 153 0
4649 176 0
4650 265 1
4651 257 0
4652 254 1
4653 117 1
4654 125 0
4655 127 1
4656 201 1
4657 230 0
4658 125 1
4659 248 1
4660 235 1
4661 252 1
4662 234 1
4663 227 0
4664 226 1
4665 56 1
4666 220 0
4667 27 0
4668 211 0
4669 140 1
4670 141 1
4671 106 1
4672 102 1
4673 180 1
4674 126 1
4675 199 1
4676 50 1
4677 113 1
4678 76 1
4679 36 1
4680 192 1
4681 158 1
4682 139 1
4683 250 0
4684 229 1
4685 134 1
4686 205 1
4687 77 0
4688 208 1
4689 84 0
4690 134 0
4691 244 0
4692 15 1
4693 17 1
4694 146 1
4695 26 1
4696 231 0
4697 30 0
4698 1 1
4699 84 0
4700 218 1
4701 149 1
4702 90 1
4703 95 0
4704 200 0
4705 96 1
4706 95 0
4707 66 1
4708 146 1
4709 102 0
4710 222 0
4711 94 1
4712 213 0
4713 187 1
4714 220 1
4715 261 0
4716 121 1
4717 225 1
4718 1 1
4719 241 1
4720 132 1
4721 267 1
4722 42 1
4723 154 1
4724 49 1
4725 28 0
4726 17 0
4727 88 1
4728 62 1
4729 262 0
4730 94 0
4731 0 1
4732 130 1
4733 242 0
4734 178 1
4735 148 1
4736 101 1
4737 86 1
4738 112 1
4739 231 0
4740 129 1
4741 249 1
4742 113 1
4743 193 1
4744 245 1
4745 5 1
4746 175 0
4747 103 0
4748 46 1
4749 68 0
4750 109 0
4751 168 0
4752 263 1
4753 253 0
4754 127 1
4755 169 1
4756 207 0
4757 218 1
4758 121 1
4759 127 1
4760 147 1
4761 254 1
4762 221 1
4763 75 1
4764 252 0
4765 125 1
4766 259 1
4767 204 1
4768 179 1
4769 262 1
4770 222 1
4771 194 1
4772 130 1
4773 114 1
4774 189 1
4775 82 0
4776 6 1
4777 23 0
4778 242 0
4779 127 1
4780 58 0
4781 220 0
4782 177 0
4783 120 1
4784 77 1
4785 27 1
4786 9 1
4787 93 0
4788 267 1
4789 123 0
4790 164 1
4791 72 1
4792 90 1
4793 214 1
4794 10 0
4795 107 1
4796 226 1
4797 201 0
4798 31 1
4799 124 0
4800 167 1
4801 40 1
4802 6 1
4803 133 1
4804 156 0
4805 9 0
4806 94 0
4807 39 1
4808 77 1
4809 64 0
4810 226 1
4811 55 1
4812 46 1
4813 220 1
4814 126 0
4815 2 0
4816 44 1
4817 102 1
4818 259 1
4819 139 0
4820 208 1
4821 99 1
4822 130 0
4823 34 1
4824 23 1
4825 194 1
4826 86 1
4827 250 1
4828 53 1
4829 110 1
4830 11 1
4831 105 1
4832 54 1
4833 6 1
4834 75 0
4835 92 1
4836 194 0
4837 49 0
4838 230 0
4839 79 1
4840 81 1
4841 235 0
4842 70 1
4843 200 1
4844 152 1
4845 203 0
4846 54 1
4847 203 0
4848 63 1
4849 237 1
4850 254 1
4851 237 0
4852 68 1
4853 236 1
4854 1 0
4855 100 1
4856 220 1
4857 150 0
4858 101 0
4859 230 0
4860 208 0
4861 133 1
4862 21 1
4863 186 0
4864 93 1
4865 123 1
4866 32 0
4867 260 1
4868 195 1
4869 215 0
4870 176 0
4871 179 1
4872 15 1
4873 235 0
4874 228 1
4875 2 0
4876 262 1
4877 63 1
4878 204 1
4879 0 1
4880 221 0
4881 110 1
4882 31 1
4883 171 1
4884 231 0
4885 55 1
4886 66 1
4887 169 0
4888 196 0
4889 13 1
4890 150 1
4891 226 0
4892 236 1
4893 60 0
4894 87 1
4895 18 1
4896 83 0
4897 27 1
4898 215 1
4899 157 0
4900 216 1
4901 134 0
4902 162 0
4903 179 0
4904 256 1
4905 64 0
4906 25 1
4907 182 0
4908 127 0
4909 65 0
4910 202 1
4911 256 1
4912 196 0
4913 216 1
4914 113 1
4915 54 1
4916 33 1
4917 244 0
4918 124 1
4919 102 1
4920 164 1
4921 150 1
4922 4 0
4923 82 0
4924 123 1
4925 163 1
4926 132 1
4927 243 1
4928 150 1
4929 20 1
4930 112 0
4931 224 1
4932 162 1
4933 156 1
4934 88 1
4935 30 1
4936 241 0
4937 158 1
4938 245 0
4939 10 1
4940 20 1
4941 141 1
4942 224 1
4943 113 1
4944 123 1
4945 1 1
4946 23 0
4947 12 1
4948 158 0
4949 188 1
4950 244 0
4951 214 1
4952 131 0
4953 179 1
4954 161 1
4955 108 1
4956 262 1
4957 150 1
4958 182 1
4959 224 1
4960 212 0
4961 89 1
4962 183 0
4963 136 1
4964 86 1
4965 219 0
4966 7 1
4967 264 1
4968 86 1
4969 62 1
4970 97 1
4971 160 1
4972 51 1
4973 126 1
4974 205 1
4975 87 1
4976 124 1
4977 16 1
4978 177 0
4979 196 1
4980 25 0
4981 42 1
4982 212 0
4983 254 0
4984 214 0
4985 9 1
4986 118 1
4987 34 1
4988 112 1
4989 219 1
4990 143 0
4991 15 0
4992 30 1
4993 122 0
4994 1 0
4995 104 1
4996 181 0
4997 143 1
4998 185 1
4999 240 1
5000 262 1
5001 74 0
5002 51 1
5003 98 1
5004 169 1
5005 30 0
5006 172 1
5007 127 1
5008 161 0
5009 43 0
5010 199 1
5011 89 1
5012 109 1
5013 53 1
5014 177 1
5015 57 0
5016 91 1
5017 184 1
5018 224 1
5019 206 1
5020 148 1
5021 69 1
5022 98 1
5023 156 0
5024 77 0
5025 138 0
5026 246 1
5027 204 1
5028 191 0
5029 14 0
5030 183 1
5031 172 1
5032 187 1
5033 48 0
5034 186 1
5035 84 1
5036 39 1
5037 20 1
5038 165 1
5039 29 1
5040 7 0
5041 150 1
5042 210 1
5043 156 1
5044 243 1
5045 49 1
5046 58 1
5047 64 1
5048 41 0
5049 204 1
5050 184 0
5051 195 1
5052 257 0
5053 261 0
5054 23 1
5055 28 1
5056 89 0
5057 15 1
5058 80 0
5059 248 1
5060 158 1
5061 114 0
5062 67 0
5063 93 1
5064 107 1
5065 236 0
5066 217 1
5067 231 1
5068 10 1
5069 260 1
5070 146 0
