2551
1 10 1
2 59 1
3 119 1
4 16 0
5 13 1
6 195 0
7 167 1
8 282 1
9 30 1
10 292 1
11 80 1
12 313 0
13 214 0
14 187 1
15 243 1
16 230 1
17 262 1
18 279 1
19 284 0
20 38 1
21 277 1
22 143 1
23 169 0
24 208 0
25 166 0
26 90 0
27 100 1
28 185 0
29 102 1
30 273 0
31 237 0
32 283 1
33 269 0
34 145 1
35 17 1
36 223 0
37 209 1
38 215 0
39 268 1
40 54 0
41 296 0
42 158 1
43 128 0
44 291 1
45 295 1
46 260 1
47 16 1
48 192 1
49 266 1
50 315 1
51 210 1
52 54 1
53 169 1
54 274 1
55 64 0
56 244 0
57 52 0
58 21 1
59 221 1
60 95 1
61 37 0
62 209 1
63 59 0
64 131 1
65 111 1
66 296 0
67 145 0
68 5 1
69 95 1
70 228 1
71 187 0
72 101 0
73 35 1
74 0 1
75 15 1
76 37 1
77 139 1
78 213 1
79 19 0
80 315 0
81 56 1
82 32 1
83 122 1
84 308 0
85 108 1
86 170 1
87 272 1
88 11 1
89 289 1
90 144 0
91 215 1
92 148 0
93 115 0
94 133 0
95 75 1
96 265 0
97 221 0
98 124 1
99 231 0
100 141 1
101 232 0
102 215 1
103 162 0
104 288 1
105 30 1
106 232 0
107 301 1
108 180 0
109 7 0
110 235 1
111 239 1
112 5 0
113 274 0
114 279 0
115 38 0
116 6 1
117 312 1
118 147 1
119 240 0
120 87 1
121 28 1
122 95 0
123 280 0
124 10 1
125 170 1
126 265 1
127 222 1
128 29 1
129 88 1
130 162 1
131 309 1
132 188 1
133 182 1
134 257 0
135 36 1
136 272 1
137 243 0
138 290 0
139 223 1
140 75 1
141 126 0
142 278 0
143 87 0
144 213 1
145 196 1
146 197 1
147 124 0
148 287 0
149 302 1
150 308 1
151 48 0
152 86 1
153 211 1
154 292 1
155 258 1
156 92 0
157 288 0
158 101 1
159 154 0
160 131 1
161 165 0
162 16 1
163 191 1
164 71 1
165 8 1
166 199 0
167 223 1
168 36 1
169 138 0
170 30 0
171 276 1
172 45 0
173 285 1
174 204 0
175 252 1
176 54 0
177 245 1
178 79 0
179 270 1
180 193 1
181 110 1
182 22 0
183 153 1
184 244 0
185 283 1
186 164 1
187 189 1
188 176 1
189 147 1
190 282 0
191 296 1
192 293 0
193 303 1
194 137 0
195 102 1
196 11 0
197 302 1
198 22 1
199 305 1
200 12 1
201 121 1
202 96 1
203 282 1
204 152 1
205 128 1
206 93 0
207 248 1
208 230 1
209 234 1
210 285 0
211 278 0
212 129 1
213 226 1
214 89 1
215 313 1
216 280 1
217 173 1
218 8 1
219 124 0
220 149 0
221 72 1
222 257 1
223 104 1
224 31 0
225 16 0
226 254 0
227 193 1
228 243 0
229 218 1
230 111 1
231 225 1
232 230 1
233 139 1
234 14 1
235 296 1
236 95 0
237 197 1
238 164 0
239 1 1
240 219 0
241 92 0
242 311 1
243 121 1
244 180 1
245 47 0
246 136 1
247 158 1
248 44 0
249 185 1
250 140 1
251 14 1
252 9 1
253 169 1
254 305 1
255 265 1
256 187 0
257 262 1
258 118 0
259 213 0
260 304 1
261 170 1
262 222 1
263 70 1
264 102 1
265 220 1
266 1 1
267 270 1
268 238 0
269 80 1
270 189 1
271 227 1
272 74 1
273 247 0
274 34 1
275 71 1
276 197 1
277 254 1
278 257 0
279 265 0
280 160 1
281 78 0
282 196 0
283 69 0
284 52 0
285 137 0
286 183 1
287 94 1
288 227 1
289 134 0
290 65 1
291 179 0
292 238 1
293 262 1
294 21 0
295 15 1
296 174 1
297 240 0
298 21 1
299 281 1
300 146 0
301 211 1
302 155 0
303 271 1
304 122 0
305 223 1
306 86 1
307 30 1
308 311 1
309 191 1
310 297 0
311 95 1
312 195 0
313 1 1
314 16 1
315 186 1
316 177 1
317 176 1
318 74 1
319 295 0
320 12 1
321 280 0
322 81 1
323 110 1
324 79 0
325 305 1
326 88 0
327 111 0
328 211 1
329 292 0
330 187 1
331 286 0
332 248 0
333 173 0
334 69 0
335 99 1
336 146 1
337 183 0
338 270 1
339 304 1
340 70 0
341 306 1
342 274 1
343 22 1
344 6 0
345 293 1
346 269 1
347 138 1
348 201 1
349 209 1
350 43 1
351 143 1
352 268 1
353 313 0
354 95 1
355 151 1
356 71 1
357 220 1
358 139 0
359 94 1
360 32 0
361 131 1
362 126 1
363 188 1
364 161 0
365 177 1
366 181 0
367 187 0
368 226 1
369 251 1
370 66 0
371 171 0
372 124 1
373 62 0
374 213 1
375 201 0
376 20 1
377 127 0
378 182 0
379 54 1
380 84 1
381 25 1
382 132 1
383 295 1
384 80 0
385 260 1
386 110 0
387 179 0
388 86 1
389 78 1
390 190 1
391 20 1
392 87 1
393 148 0
394 255 1
395 194 0
396 226 0
397 186 1
398 223 0
399 296 0
400 188 1
401 30 1
402 147 1
403 113 1
404 243 1
405 8 1
406 50 1
407 223 0
408 73 1
409 303 0
410 154 1
411 144 0
412 88 0
413 2 1
414 288 1
415 299 1
416 15 0
417 251 1
418 14 1
419 292 0
420 135 1
421 270 1
422 225 0
423 114 1
424 233 1
425 103 1
426 75 1
427 31 1
428 158 1
429 55 1
430 123 0
431 294 0
432 159 1
433 301 1
434 173 0
435 223 1
436 157 1
437 285 1
438 251 0
439 261 0
440 82 1
441 135 0
442 192 0
443 113 0
444 307 1
445 168 1
446 103 1
447 149 1
448 60 1
449 229 1
450 307 1
451 18 0
452 106 1
453 112 1
454 283 0
455 210 0
456 2 1
457 315 1
458 200 0
459 20 0
460 73 1
461 203 1
462 18 1
463 232 0
464 67 1
465 104 1
466 73 1
467 315 1
468 5 1
469 222 1
470 65 1
471 234 0
472 150 0
473 157 1
474 34 0
475 123 0
476 157 1
477 180 0
478 258 1
479 46 0
480 137 1
481 176 0
482 64 1
483 75 1
484 183 0
485 254 1
486 205 1
487 315 0
488 198 0
489 75 0
490 21 1
491 236 1
492 104 1
493 37 1
494 93 1
495 164 1
496 25 1
497 21 1
498 307 0
499 55 0
500 289 1
501 106 1
502 62 1
503 115 0
504 265 1
505 285 1
506 284 1
507 148 0
508 98 1
509 122 0
510 61 0
511 1 1
512 102 1
513 284 1
514 15 0
515 268 0
516 229 1
517 276 1
518 272 1
519 132 0
520 265 1
521 88 1
522 99 1
523 97 1
524 215 1
525 180 1
526 86 1
527 155 0
528 313 0
529 178 1
530 43 1
531 109 0
532 298 1
533 144 0
534 144 1
535 268 1
536 170 1
537 118 1
538 70 1
539 47 1
540 227 1
541 141 1
542 306 1
543 189 1
544 1 1
545 107 0
546 291 0
547 213 1
548 182 1
549 3 0
550 213 0
551 212 1
552 105 1
553 234 1
554 234 0
555 40 1
556 301 0
557 146 1
558 162 1
559 70 0
560 72 0
561 104 0
562 291 0
563 216 1
564 254 0
565 276 1
566 283 0
567 11 1
568 84 1
569 39 1
570 215 1
571 256 1
572 157 1
573 284 0
574 106 1
575 275 1
576 8 0
577 121 1
578 172 1
579 249 1
580 33 0
581 265 1
582 278 1
583 77 1
584 314 1
585 157 0
586 304 1
587 310 0
588 79 0
589 256 1
590 108 1
591 260 1
592 70 1
593 208 1
594 195 1
595 40 0
596 247 1
597 21 1
598 163 1
599 48 0
600 110 1
601 59 1
602 198 0
603 139 0
604 227 1
605 43 1
606 87 0
607 32 1
608 162 0
609 88 1
610 174 0
611 166 1
612 15 1
613 107 1
614 181 1
615 235 1
616 256 1
617 286 1
618 243 0
619 311 0
620 193 1
621 70 1
622 135 1
623 231 0
624 239 1
625 22 0
626 28 0
627 99 0
628 167 1
629 117 1
630 257 0
631 220 0
632 227 1
633 231 1
634 91 1
635 205 1
636 270 1
637 42 1
638 274 0
639 70 1
640 172 1
641 191 1
642 73 0
643 36 1
644 77 1
645 273 0
646 299 1
647 8 0
648 159 1
649 261 1
650 259 1
651 115 1
652 110 1
653 198 1
654 10 0
655 162 1
656 152 0
657 176 0
658 224 1
659 46 1
660 158 1
661 113 1
662 288 1
663 36 0
664 153 1
665 277 1
666 28 1
667 101 1
668 130 1
669 103 1
670 147 0
671 116 1
672 199 1
673 105 1
674 84 0
675 97 1
676 262 1
677 280 1
678 124 1
679 261 0
680 90 1
681 270 1
682 196 1
683 153 0
684 251 1
685 155 1
686 102 0
687 278 1
688 143 1
689 201 0
690 115 1
691 51 1
692 89 0
693 192 0
694 228 1
695 174 0
696 257 0
697 120 0
698 80 0
699 151 1
700 111 0
701 309 1
702 262 1
703 307 1
704 236 0
705 214 1
706 70 1
707 205 1
708 176 1
709 268 1
710 12 0
711 90 0
712 47 1
713 198 1
714 277 1
715 38 0
716 24 1
717 77 1
718 96 1
719 273 1
720 52 1
721 159 1
722 16 1
723 178 1
724 239 1
725 177 0
726 50 1
727 312 1
728 270 0
729 121 1
730 123 1
731 307 0
732 299 0
733 227 1
734 245 0
735 307 1
736 251 1
737 1 0
738 204 1
739 39 1
740 206 0
741 170 1
742 64 1
743 250 1
744 256 1
745 42 1
746 6 1
747 3 0
748 314 1
749 281 1
750 310 1
751 122 1
752 216 1
753 92 1
754 198 0
755 127 1
756 32 1
757 137 1
758 43 1
759 223 1
760 234 1
761 50 1
762 194 1
763 127 0
764 180 0
765 229 0
766 261 1
767 104 1
768 266 1
769 265 0
770 225 1
771 29 1
772 165 1
773 42 0
774 30 1
775 299 1
776 110 1
777 298 0
778 300 1
779 289 1
780 97 0
781 235 1
782 29 1
783 100 1
784 13 1
785 24 1
786 130 1
787 183 0
788 116 1
789 188 1
790 174 0
791 204 0
792 314 1
793 65 0
794 87 1
795 254 0
796 137 1
797 123 1
798 306 1
799 146 1
800 278 1
801 33 1
802 119 0
803 72 1
804 22 1
805 175 1
806 121 0
807 273 1
808 41 1
809 313 0
810 272 1
811 208 1
812 217 0
813 260 0
814 32 1
815 106 0
816 260 1
817 298 0
818 44 0
819 195 1
820 4 1
821 54 1
822 225 1
823 244 1
824 141 1
825 78 1
826 180 0
827 191 1
828 199 0
829 289 1
830 121 1
831 17 1
832 223 1
833 237 1
834 162 1
835 125 1
836 279 1
837 187 0
838 299 1
839 35 0
840 148 0
841 119 0
842 192 0
843 307 1
844 238 0
845 98 1
846 152 0
847 5 0
848 223 1
849 119 1
850 254 1
851 28 1
852 217 1
853 302 1
854 227 0
855 117 1
856 242 1
857 180 1
858 23 1
859 90 1
860 32 1
861 96 0
862 96 0
863 248 0
864 239 0
865 285 0
866 193 0
867 83 1
868 108 1
869 86 1
870 198 1
871 187 1
872 20 1
873 140 1
874 119 1
875 96 1
876 315 0
877 127 1
878 190 1
879 311 0
880 8 0
881 296 1
882 69 0
883 87 0
884 29 0
885 305 1
886 273 1
887 248 0
888 20 1
889 129 1
890 95 0
891 82 1
892 211 1
893 298 1
894 61 1
895 307 1
896 50 1
897 62 1
898 143 0
899 302 0
900 115 0
901 191 1
902 260 0
903 262 0
904 304 1
905 211 1
906 94 0
907 74 1
908 190 1
909 286 0
910 246 1
911 217 1
912 253 1
913 209 1
914 221 0
915 148 0
916 278 1
917 305 0
918 256 1
919 294 1
920 119 1
921 12 0
922 170 1
923 98 1
924 38 0
925 297 1
926 35 1
927 58 0
928 270 1
929 265 1
930 254 0
931 304 1
932 17 1
933 19 1
934 233 1
935 98 1
936 295 0
937 146 0
938 304 1
939 90 1
940 1 1
941 103 0
942 62 0
943 221 0
944 220 0
945 300 1
946 163 0
947 271 1
948 270 0
949 246 1
950 291 1
951 224 1
952 246 1
953 212 1
954 90 1
955 157 1
956 270 1
957 24 1
958 214 0
959 244 1
960 207 1
961 173 1
962 310 0
963 28 0
964 106 1
965 32 1
966 95 0
967 144 1
968 102 0
969 156 0
970 26 0
971 288 1
972 153 1
973 312 1
974 34 0
975 66 1
976 50 1
977 193 1
978 159 1
979 100 1
980 287 1
981 138 1
982 284 0
983 304 1
984 6 1
985 267 1
986 141 0
987 225 1
988 132 1
989 138 1
990 43 1
991 305 1
992 23 1
993 245 1
994 87 0
995 135 0
996 58 0
997 21 1
998 240 1
999 101 0
1000 153 1
1001 175 1
1002 83 1
1003 64 0
1004 203 1
1005 279 0
1006 302 1
1007 235 1
1008 30 1
1009 195 0
1010 89 0
1011 283 0
1012 288 0
1013 282 1
1014 209 1
1015 38 0
1016 15 0
1017 132 1
1018 195 0
1019 210 1
1020 191 0
1021 12 0
1022 233 1
1023 295 1
1024 203 1
1025 172 0
1026 85 1
1027 232 1
1028 128 1
1029 61 0
1030 161 0
1031 280 1
1032 106 0
1033 170 0
1034 190 1
1035 67 1
1036 242 0
1037 139 1
1038 118 1
1039 3 1
1040 86 1
1041 89 1
1042 0 1
1043 21 1
1044 311 0
1045 46 1
1046 290 0
1047 124 1
1048 4 0
1049 65 1
1050 48 0
1051 51 0
1052 3 1
1053 134 1
1054 206 1
1055 234 0
1056 210 1
1057 43 1
1058 121 1
1059 130 1
1060 255 0
1061 277 0
1062 296 1
1063 206 0
1064 173 1
1065 286 1
1066 92 1
1067 91 0
1068 108 0
1069 113 1
1070 156 1
1071 186 0
1072 251 0
1073 156 1
1074 86 1
1075 178 1
1076 43 0
1077 151 1
1078 225 1
1079 115 1
1080 0 1
1081 95 1
1082 215 0
1083 84 1
1084 309 0
1085 218 1
1086 124 1
1087 199 1
1088 110 0
1089 225 1
1090 117 1
1091 118 0
1092 226 1
1093 292 1
1094 102 0
1095 10 0
1096 73 1
1097 91 0
1098 189 1
1099 192 0
1100 268 1
1101 15 1
1102 290 0
1103 33 1
1104 45 0
1105 178 1
1106 241 1
1107 219 1
1108 146 0
1109 79 1
1110 184 1
1111 143 1
1112 200 1
1113 126 1
1114 202 0
1115 151 1
1116 204 0
1117 24 1
1118 172 0
1119 159 1
1120 107 1
1121 275 0
1122 214 0
1123 291 0
1124 271 1
1125 84 1
1126 149 1
1127 292 1
1128 255 0
1129 106 1
1130 108 0
1131 300 1
1132 3 1
1133 71 0
1134 277 1
1135 288 1
1136 44 1
1137 208 1
1138 218 1
1139 94 1
1140 135 0
1141 104 1
1142 302 1
1143 1 0
1144 291 1
1145 71 0
1146 156 0
1147 292 0
1148 276 1
1149 230 1
1150 70 1
1151 98 1
1152 29 0
1153 164 1
1154 70 1
1155 213 1
1156 16 0
1157 281 0
1158 295 1
1159 36 1
1160 181 1
1161 250 0
1162 271 0
1163 76 1
1164 66 1
1165 260 1
1166 88 0
1167 42 1
1168 141 1
1169 158 0
1170 44 1
1171 209 0
1172 269 1
1173 172 0
1174 249 1
1175 311 0
1176 108 0
1177 244 1
1178 264 0
1179 190 0
1180 207 1
1181 259 0
1182 285 1
1183 309 1
1184 196 0
1185 9 1
1186 103 1
1187 94 1
1188 185 0
1189 201 1
1190 54 1
1191 24 0
1192 233 1
1193 121 1
1194 169 0
1195 305 1
1196 238 0
1197 251 1
1198 238 0
1199 5 1
1200 292 1
1201 256 0
1202 129 0
1203 136 0
1204 300 1
1205 12 1
1206 9 1
1207 97 0
1208 305 1
1209 216 1
1210 6 0
1211 10 0
1212 246 1
1213 243 1
1214 86 0
1215 183 1
1216 158 0
1217 142 0
1218 53 1
1219 181 1
1220 303 1
1221 184 1
1222 230 1
1223 31 1
1224 187 1
1225 65 1
1226 33 1
1227 229 0
1228 232 1
1229 239 0
1230 196 0
1231 278 1
1232 22 1
1233 222 0
1234 71 0
1235 221 1
1236 177 0
1237 267 1
1238 58 1
1239 314 1
1240 125 1
1241 19 1
1242 34 0
1243 229 1
1244 197 1
1245 166 0
1246 52 0
1247 13 0
1248 24 0
1249 150 1
1250 115 1
1251 50 1
1252 149 1
1253 72 1
1254 91 1
1255 34 1
1256 242 1
1257 167 0
1258 198 1
1259 20 0
1260 129 0
1261 54 1
1262 106 1
1263 256 0
1264 94 0
1265 18 1
1266 150 1
1267 295 0
1268 177 1
1269 88 1
1270 230 1
1271 64 1
1272 71 1
1273 14 1
1274 208 1
1275 142 0
1276 116 1
1277 311 1
1278 159 1
1279 144 1
1280 133 1
1281 255 1
1282 126 1
1283 164 1
1284 78 1
1285 151 1
1286 270 1
1287 45 1
1288 27 0
1289 191 1
1290 201 1
1291 153 1
1292 109 1
1293 15 0
1294 191 1
1295 314 1
1296 6 0
1297 84 1
1298 280 1
1299 16 1
1300 80 0
1301 246 1
1302 280 1
1303 272 1
1304 143 1
1305 123 0
1306 273 0
1307 138 1
1308 216 1
1309 23 1
1310 314 0
1311 311 1
1312 66 1
1313 33 0
1314 224 0
1315 284 1
1316 114 1
1317 131 1
1318 87 0
1319 281 1
1320 239 1
1321 51 1
1322 156 0
1323 266 1
1324 28 0
1325 43 1
1326 102 1
1327 138 0
1328 15 1
1329 95 1
1330 118 1
1331 20 0
1332 175 1
1333 102 1
1334 31 1
1335 284 1
1336 264 1
1337 46 0
1338 106 0
1339 57 1
1340 182 1
1341 56 1
1342 35 1
1343 34 1
1344 262 1
1345 82 1
1346 193 1
1347 300 0
1348 150 1
1349 210 0
1350 262 1
1351 136 0
1352 307 1
1353 314 0
1354 288 0
1355 127 1
1356 264 1
1357 123 1
1358 273 1
1359 142 0
1360 183 1
1361 288 1
1362 10 1
1363 221 1
1364 151 1
1365 239 0
1366 86 0
1367 307 0
1368 34 0
1369 70 1
1370 153 0
1371 161 1
1372 276 0
1373 193 1
1374 234 1
1375 246 0
1376 243 1
1377 269 1
1378 283 1
1379 206 1
1380 82 1
1381 216 1
1382 85 0
1383 142 1
1384 306 1
1385 126 1
1386 306 1
1387 141 1
1388 259 1
1389 80 0
1390 37 0
1391 70 0
1392 125 1
1393 221 1
1394 306 1
1395 107 1
1396 241 0
1397 137 1
1398 112 1
1399 26 1
1400 283 0
1401 141 0
1402 127 1
1403 224 1
1404 196 1
1405 40 1
1406 211 1
1407 305 0
1408 242 1
1409 220 1
1410 219 1
1411 305 0
1412 128 0
1413 263 0
1414 197 1
1415 134 1
1416 129 1
1417 18 1
1418 138 1
1419 118 1
1420 127 0
1421 44 1
1422 165 0
1423 254 1
1424 36 1
1425 220 1
1426 66 1
1427 296 1
1428 128 1
1429 14 1
1430 220 1
1431 283 1
1432 4 0
1433 81 1
1434 228 1
1435 56 1
1436 254 0
1437 61 0
1438 30 1
1439 302 1
1440 53 0
1441 218 1
1442 209 0
1443 210 0
1444 233 0
1445 139 1
1446 165 1
1447 66 1
1448 92 1
1449 311 1
1450 242 1
1451 151 1
1452 48 1
1453 179 1
1454 3 1
1455 41 0
1456 269 0
1457 284 1
1458 37 0
1459 291 0
1460 196 1
1461 199 1
1462 221 0
1463 215 1
1464 204 1
1465 109 1
1466 54 1
1467 311 1
1468 52 1
1469 289 0
1470 132 0
1471 8 0
1472 169 1
1473 39 1
1474 263 0
1475 164 1
1476 26 1
1477 85 1
1478 104 1
1479 37 1
1480 302 1
1481 19 1
1482 91 1
1483 252 1
1484 296 1
1485 95 1
1486 32 0
1487 202 0
1488 291 1
1489 200 1
1490 49 1
1491 278 0
1492 204 0
1493 218 0
1494 139 1
1495 197 1
1496 86 0
1497 275 1
1498 126 0
1499 112 1
1500 228 0
1501 223 0
1502 102 1
1503 42 1
1504 248 0
1505 213 1
1506 186 1
1507 268 0
1508 15 1
1509 279 1
1510 6 1
1511 176 0
1512 168 1
1513 61 0
1514 34 1
1515 192 0
1516 173 1
1517 103 0
1518 210 1
1519 249 1
1520 283 0
1521 19 0
1522 114 0
1523 20 1
1524 37 1
1525 283 1
1526 251 1
1527 243 0
1528 283 0
1529 293 1
1530 166 0
1531 265 1
1532 166 0
1533 194 0
1534 94 1
1535 310 1
1536 170 1
1537 7 0
1538 196 1
1539 309 1
1540 119 1
1541 69 1
1542 213 1
1543 266 1
1544 305 1
1545 182 1
1546 310 1
1547 178 0
1548 292 0
1549 12 0
1550 80 1
1551 239 0
1552 19 1
1553 115 1
1554 67 1
1555 136 1
1556 178 0
1557 33 0
1558 310 0
1559 151 1
1560 124 1
1561 138 1
1562 153 1
1563 174 1
1564 268 1
1565 307 1
1566 88 1
1567 180 1
1568 270 1
1569 114 1
1570 196 0
1571 315 1
1572 36 0
1573 29 0
1574 229 1
1575 121 0
1576 307 0
1577 51 1
1578 155 1
1579 170 1
1580 307 0
1581 248 1
1582 288 0
1583 82 0
1584 96 1
1585 159 0
1586 238 1
1587 247 1
1588 88 1
1589 96 1
1590 249 0
1591 250 1
1592 56 1
1593 281 1
1594 106 1
1595 7 0
1596 88 1
1597 284 1
1598 56 0
1599 199 1
1600 250 1
1601 24 1
1602 310 1
1603 27 1
1604 24 1
1605 295 0
1606 133 1
1607 94 1
1608 110 1
1609 193 0
1610 90 1
1611 1 1
1612 35 0
1613 135 1
1614 127 1
1615 139 1
1616 66 0
1617 129 0
1618 123 1
1619 250 1
1620 72 1
1621 1 1
1622 38 1
1623 290 0
1624 50 0
1625 52 1
1626 263 0
1627 110 0
1628 234 1
1629 182 1
1630 57 0
1631 2 0
1632 278 0
1633 291 1
1634 184 0
1635 129 1
1636 34 1
1637 145 1
1638 225 1
1639 224 1
1640 183 1
1641 311 1
1642 13 1
1643 9 1
1644 143 1
1645 84 1
1646 94 0
1647 115 0
1648 113 0
1649 37 1
1650 211 1
1651 133 1
1652 296 1
1653 109 1
1654 294 0
1655 272 0
1656 189 1
1657 187 1
1658 269 0
1659 241 1
1660 285 1
1661 89 1
1662 307 0
1663 15 1
1664 191 0
1665 194 0
1666 115 1
1667 124 0
1668 290 0
1669 93 1
1670 147 1
1671 9 0
1672 213 1
1673 15 1
1674 290 0
1675 54 1
1676 58 1
1677 218 1
1678 244 1
1679 262 1
1680 181 1
1681 313 1
1682 153 1
1683 288 1
1684 251 0
1685 188 0
1686 114 1
1687 210 0
1688 186 1
1689 285 1
1690 274 0
1691 315 1
1692 63 0
1693 277 1
1694 30 1
1695 6 1
1696 261 1
1697 192 0
1698 21 1
1699 17 1
1700 125 1
1701 146 0
1702 195 1
1703 43 1
1704 58 1
1705 18 1
1706 145 0
1707 32 1
1708 27 1
1709 96 1
1710 10 0
1711 269 1
1712 2 1
1713 265 0
1714 102 1
1715 88 1
1716 280 1
1717 48 1
1718 172 0
1719 228 1
1720 212 1
1721 39 1
1722 56 0
1723 146 1
1724 173 0
1725 140 1
1726 136 1
1727 34 1
1728 32 0
1729 271 1
1730 58 0
1731 258 0
1732 174 1
1733 185 1
1734 86 1
1735 53 0
1736 240 1
1737 236 0
1738 271 1
1739 63 1
1740 312 1
1741 312 1
1742 89 0
1743 63 1
1744 122 1
1745 152 1
1746 170 1
1747 98 1
1748 89 0
1749 167 1
1750 277 1
1751 53 1
1752 208 1
1753 77 1
1754 43 1
1755 188 1
1756 239 0
1757 280 0
1758 8 0
1759 30 1
1760 154 1
1761 207 0
1762 281 1
1763 248 1
1764 169 0
1765 125 0
1766 215 0
1767 227 0
1768 156 0
1769 63 1
1770 24 0
1771 31 1
1772 228 1
1773 68 1
1774 234 1
1775 263 0
1776 73 1
1777 188 1
1778 39 0
1779 304 0
1780 12 0
1781 130 1
1782 84 1
1783 127 1
1784 137 1
1785 231 0
1786 130 0
1787 217 1
1788 257 0
1789 175 1
1790 280 1
1791 40 0
1792 68 0
1793 76 1
1794 246 0
1795 108 0
1796 74 1
1797 66 1
1798 72 0
1799 190 0
1800 72 1
1801 163 1
1802 264 1
1803 141 1
1804 141 1
1805 278 1
1806 230 1
1807 40 0
1808 127 1
1809 197 1
1810 77 0
1811 0 1
1812 20 0
1813 102 1
1814 52 0
1815 93 1
1816 191 0
1817 223 1
1818 216 1
1819 241 0
1820 260 0
1821 44 1
1822 102 0
1823 264 0
1824 96 1
1825 287 0
1826 243 1
1827 118 1
1828 41 1
1829 251 1
1830 305 1
1831 11 0
1832 181 1
1833 216 1
1834 179 1
1835 232 1
1836 241 0
1837 302 1
1838 256 0
1839 256 1
1840 188 0
1841 106 1
1842 202 1
1843 275 1
1844 25 1
1845 130 1
1846 136 1
1847 303 0
1848 167 1
1849 191 1
1850 28 1
1851 158 1
1852 279 1
1853 192 1
1854 290 1
1855 152 0
1856 152 1
1857 279 1
1858 63 1
1859 75 1
1860 241 1
1861 106 0
1862 138 1
1863 171 0
1864 296 1
1865 128 1
1866 50 1
1867 70 1
1868 114 1
1869 25 1
1870 188 0
1871 251 1
1872 15 1
1873 67 1
1874 245 1
1875 274 1
1876 243 0
1877 24 1
1878 54 1
1879 267 1
1880 137 1
1881 48 0
1882 49 0
1883 309 0
1884 173 0
1885 147 0
1886 91 0
1887 178 0
1888 89 1
1889 293 1
1890 284 0
1891 85 1
1892 108 1
1893 69 0
1894 200 1
1895 306 1
1896 207 1
1897 213 0
1898 52 1
1899 211 0
1900 16 1
1901 167 0
1902 21 1
1903 109 0
1904 275 1
1905 25 0
1906 130 1
1907 34 0
1908 11 1
1909 85 1
1910 231 1
1911 25 0
1912 9 1
1913 274 1
1914 236 0
1915 184 1
1916 108 1
1917 255 0
1918 277 1
1919 136 1
1920 243 1
1921 59 1
1922 168 0
1923 295 1
1924 305 1
1925 287 1
1926 248 1
1927 239 1
1928 26 1
1929 216 1
1930 263 1
1931 94 0
1932 119 0
1933 80 1
1934 86 0
1935 212 1
1936 63 0
1937 282 1
1938 157 1
1939 307 1
1940 118 0
1941 158 1
1942 67 1
1943 205 0
1944 175 0
1945 252 0
1946 85 0
1947 73 1
1948 68 0
1949 77 0
1950 266 1
1951 63 1
1952 37 1
1953 249 1
1954 83 0
1955 132 1
1956 311 0
1957 44 1
1958 164 0
1959 53 1
1960 146 1
1961 253 1
1962 128 1
1963 228 1
1964 271 0
1965 143 1
1966 174 1
1967 239 1
1968 28 1
1969 197 1
1970 309 1
1971 209 1
1972 308 1
1973 263 1
1974 295 1
1975 75 0
1976 202 0
1977 149 0
1978 234 1
1979 3 1
1980 262 0
1981 203 1
1982 250 0
1983 124 0
1984 195 1
1985 74 1
1986 23 0
1987 73 1
1988 12 0
1989 171 1
1990 233 1
1991 225 1
1992 154 1
1993 29 1
1994 227 1
1995 53 0
1996 76 0
1997 297 1
1998 176 0
1999 288 0
2000 219 1
2001 248 1
2002 121 1
2003 153 1
2004 133 0
2005 233 0
2006 46 0
2007 65 0
2008 308 1
2009 64 0
2010 24 1
2011 184 0
2012 166 1
2013 6 0
2014 63 1
2015 86 1
2016 133 1
2017 0 0
2018 131 1
2019 180 0
2020 269 1
2021 315 1
2022 32 1
2023 95 0
2024 55 1
2025 36 1
2026 173 1
2027 287 1
2028 75 1
2029 54 1
2030 64 1
2031 213 0
2032 266 0
2033 243 1
2034 159 0
2035 29 0
2036 314 1
2037 112 1
2038 201 1
2039 163 1
2040 263 1
2041 128 0
2042 109 1
2043 251 1
2044 185 1
2045 6 1
2046 237 1
2047 26 1
2048 225 1
2049 268 1
2050 65 1
2051 76 1
2052 118 1
2053 202 0
2054 292 1
2055 52 1
2056 253 1
2057 151 0
2058 71 0
2059 230 0
2060 288 1
2061 189 1
2062 248 1
2063 81 1
2064 173 0
2065 17 0
2066 227 1
2067 94 0
2068 74 1
2069 141 1
2070 137 1
2071 81 0
2072 165 0
2073 17 1
2074 3 1
2075 177 1
2076 65 1
2077 80 1
2078 270 1
2079 263 1
2080 91 0
2081 262 1
2082 270 1
2083 140 0
2084 232 0
2085 291 1
2086 267 1
2087 236 0
2088 289 1
2089 250 1
2090 82 1
2091 59 1
2092 270 1
2093 40 1
2094 197 1
2095 144 1
2096 164 1
2097 83 1
2098 26 0
2099 43 1
2100 193 1
2101 0 1
2102 288 0
2103 158 1
2104 70 1
2105 242 1
2106 311 1
2107 299 1
2108 21 1
2109 283 1
2110 119 1
2111 299 1
2112 98 1
2113 194 1
2114 294 0
2115 71 1
2116 48 0
2117 108 0
2118 203 1
2119 286 1
2120 150 1
2121 110 1
2122 197 1
2123 308 1
2124 122 1
2125 230 1
2126 70 1
2127 1 1
2128 284 0
2129 85 0
2130 224 1
2131 13 0
2132 123 1
2133 85 0
2134 180 1
2135 180 0
2136 267 0
2137 161 1
2138 177 0
2139 160 1
2140 8 1
2141 16 1
2142 79 0
2143 39 1
2144 4 0
2145 205 0
2146 72 1
2147 294 1
2148 133 0
2149 313 1
2150 15 1
2151 224 1
2152 261 1
2153 119 1
2154 14 0
2155 213 1
2156 145 0
2157 313 1
2158 143 1
2159 64 0
2160 56 0
2161 168 1
2162 281 1
2163 219 1
2164 2 1
2165 203 1
2166 186 0
2167 91 0
2168 289 1
2169 149 1
2170 282 1
2171 222 1
2172 68 0
2173 25 1
2174 255 1
2175 150 1
2176 151 1
2177 19 1
2178 257 0
2179 6 1
2180 143 1
2181 172 1
2182 114 0
2183 145 1
2184 55 1
2185 183 1
2186 29 1
2187 241 0
2188 205 0
2189 204 1
2190 148 0
2191 248 1
2192 149 1
2193 208 1
2194 194 0
2195 34 1
2196 216 0
2197 35 1
2198 51 1
2199 210 0
2200 162 0
2201 131 0
2202 167 1
2203 184 1
2204 115 0
2205 310 1
2206 219 1
2207 143 1
2208 90 1
2209 251 0
2210 41 1
2211 202 1
2212 73 1
2213 64 1
2214 209 0
2215 234 1
2216 36 1
2217 143 0
2218 2 0
2219 52 1
2220 192 1
2221 277 0
2222 185 1
2223 256 0
2224 35 1
2225 36 1
2226 57 1
2227 127 1
2228 268 0
2229 46 1
2230 150 0
2231 10 1
2232 226 0
2233 77 0
2234 273 1
2235 242 1
2236 72 1
2237 141 1
2238 204 1
2239 113 1
2240 169 1
2241 109 1
2242 284 1
2243 149 1
2244 111 1
2245 191 1
2246 56 1
2247 239 1
2248 250 1
2249 90 1
2250 27 0
2251 150 0
2252 221 0
2253 253 1
2254 165 1
2255 245 0
2256 95 1
2257 36 1
2258 170 1
2259 93 0
2260 173 1
2261 19 1
2262 65 1
2263 91 1
2264 52 1
2265 211 1
2266 198 1
2267 286 0
2268 233 1
2269 109 1
2270 169 0
2271 208 1
2272 81 1
2273 17 1
2274 222 1
2275 9 0
2276 186 0
2277 204 1
2278 80 1
2279 42 1
2280 56 0
2281 215 1
2282 195 1
2283 254 0
2284 201 1
2285 90 1
2286 90 1
2287 111 1
2288 19 1
2289 2 0
2290 30 1
2291 4 0
2292 253 1
2293 259 1
2294 83 1
2295 153 1
2296 136 1
2297 290 1
2298 29 0
2299 24 1
2300 280 1
2301 181 0
2302 205 0
2303 121 1
2304 213 1
2305 149 0
2306 32 1
2307 252 0
2308 153 1
2309 306 0
2310 77 1
2311 271 0
2312 303 1
2313 21 1
2314 55 0
2315 143 1
2316 267 1
2317 182 0
2318 92 1
2319 276 1
2320 7 1
2321 25 0
2322 54 1
2323 12 1
2324 264 1
2325 23 0
2326 41 1
2327 243 1
2328 121 1
2329 257 1
2330 101 0
2331 303 0
2332 304 1
2333 1 1
2334 53 0
2335 282 1
2336 283 1
2337 104 1
2338 272 0
2339 125 1
2340 15 1
2341 38 0
2342 24 1
2343 193 1
2344 22 0
2345 113 0
2346 10 1
2347 73 1
2348 166 1
2349 290 0
2350 248 1
2351 71 1
2352 251 1
2353 134 0
2354 188 0
2355 220 1
2356 200 0
2357 51 1
2358 16 1
2359 265 1
2360 170 0
2361 59 1
2362 271 1
2363 74 0
2364 314 0
2365 132 1
2366 97 1
2367 43 0
2368 171 1
2369 32 1
2370 16 1
2371 38 1
2372 303 1
2373 21 0
2374 230 1
2375 150 1
2376 37 0
2377 265 1
2378 133 1
2379 221 0
2380 284 1
2381 275 1
2382 33 1
2383 103 1
2384 287 0
2385 39 0
2386 180 1
2387 312 0
2388 62 0
2389 278 0
2390 97 1
2391 61 1
2392 218 0
2393 235 0
2394 245 0
2395 64 1
2396 74 1
2397 284 1
2398 133 0
2399 103 1
2400 314 0
2401 303 1
2402 115 0
2403 137 1
2404 214 1
2405 154 0
2406 213 1
2407 237 1
2408 17 1
2409 47 1
2410 193 1
2411 268 1
2412 242 1
2413 270 1
2414 99 0
2415 163 1
2416 95 0
2417 172 1
2418 31 1
2419 283 1
2420 306 1
2421 136 1
2422 232 0
2423 110 0
2424 110 1
2425 92 1
2426 165 1
2427 254 1
2428 73 0
2429 151 0
2430 57 1
2431 166 1
2432 258 0
2433 154 0
2434 229 1
2435 218 0
2436 35 1
2437 214 1
2438 203 1
2439 309 0
2440 62 1
2441 300 0
2442 237 1
2443 216 1
2444 134 1
2445 167 0
2446 158 0
2447 135 1
2448 252 0
2449 73 1
2450 203 0
2451 176 1
2452 121 1
2453 297 0
2454 295 0
2455 6 1
2456 271 0
2457 269 1
2458 233 1
2459 187 1
2460 117 0
2461 139 1
2462 164 1
2463 272 1
2464 40 1
2465 270 0
2466 113 1
2467 273 1
2468 101 1
2469 139 1
2470 229 0
2471 121 0
2472 245 1
2473 62 1
2474 36 1
2475 110 1
2476 292 0
2477 221 1
2478 105 0
2479 32 1
2480 102 0
2481 77 1
2482 13 1
2483 30 0
2484 185 1
2485 90 1
2486 211 0
2487 180 1
2488 78 0
2489 95 1
2490 283 0
2491 60 1
2492 35 1
2493 191 1
2494 38 0
2495 78 1
2496 106 1
2497 252 0
2498 85 1
2499 129 1
2500 32 1
2501 162 1
2502 11 1
2503 72 0
2504 164 1
2505 312 1
2506 268 0
2507 79 1
2508 130 1
2509 24 1
2510 178 1
2511 206 1
2512 49 1
2513 300 1
2514 5 0
2515 198 0
2516 229 0
2517 176 0
2518 282 1
2519 226 1
2520 311 0
2521 265 1
2522 71 1
2523 148 0
2524 299 0
2525 267 0
2526 279 0
2527 238 0
2528 91 0
2529 255 1
2530 129 0
2531 133 1
2532 77 1
2533 75 1
2534 34 0
2535 69 1
2536 315 0
2537 190 0
2538 47 1
2539 65 1
2540 302 0
2541 300 1
2542 281 1
2543 174 1
2544 237 1
2545 49 1
2546 147 1
2547 201 0
2548 180 1
2549 268 1
2550 157 1
2551 141 1
