513
1 286 0
2 565 1
3 160 0
4 417 1
5 496 1
6 652 0
7 34 0
8 301 0
9 351 1
10 361 1
11 593 1
12 654 1
13 305 1
14 373 1
15 10 1
16 477 1
17 633 1
18 192 0
19 106 0
20 367 1
21 648 1
22 569 0
23 112 1
24 299 0
25 345 1
26 1 1
27 80 0
28 648 1
29 320 0
30 481 1
31 0 1
32 627 1
33 305 1
34 579 1
35 407 1
36 495 0
37 270 0
38 42 1
39 239 0
40 500 0
41 483 1
42 503 1
43 309 1
44 101 1
45 649 1
46 285 1
47 18 1
48 262 0
49 36 0
50 389 1
51 595 1
52 478 0
53 426 0
54 227 1
55 342 1
56 56 0
57 380 0
58 541 1
59 14 0
60 644 1
61 204 1
62 292 0
63 146 0
64 200 1
65 202 0
66 106 1
67 453 0
68 140 1
69 83 0
70 524 0
71 246 1
72 404 1
73 119 1
74 468 1
75 65 0
76 624 1
77 173 0
78 145 0
79 276 0
80 155 1
81 88 1
82 428 0
83 500 1
84 400 1
85 589 1
86 664 1
87 656 1
88 441 1
89 490 1
90 61 1
91 326 1
92 478 1
93 407 1
94 646 1
95 295 0
96 487 1
97 43 0
98 578 0
99 636 1
100 279 1
101 379 1
102 538 1
103 488 0
104 115 0
105 193 1
106 513 0
107 342 1
108 171 1
109 93 0
110 83 1
111 599 0
112 425 1
113 465 1
114 164 0
115 286 1
116 632 1
117 539 1
118 507 1
119 454 0
120 311 1
121 453 1
122 318 0
123 293 0
124 22 1
125 460 1
126 601 0
127 330 0
128 5 0
129 161 0
130 201 0
131 440 1
132 91 0
133 308 0
134 312 1
135 374 0
136 561 1
137 599 0
138 100 0
139 521 0
140 431 0
141 55 1
142 344 1
143 363 1
144 506 1
145 346 1
146 123 1
147 18 1
148 70 0
149 641 1
150 240 0
151 659 1
152 492 0
153 157 1
154 456 1
155 543 0
156 137 0
157 397 1
158 309 1
159 485 0
160 437 1
161 501 0
162 597 1
163 430 1
164 499 1
165 29 1
166 61 0
167 17 1
168 78 1
169 125 0
170 508 1
171 574 1
172 419 1
173 106 1
174 209 1
175 522 1
176 575 1
177 360 0
178 349 1
179 317 0
180 338 0
181 65 0
182 515 1
183 606 1
184 586 1
185 280 0
186 379 1
187 44 0
188 476 0
189 505 0
190 67 0
191 484 0
192 355 1
193 292 1
194 613 0
195 29 1
196 609 1
197 502 0
198 506 1
199 196 1
200 318 1
201 664 1
202 483 0
203 648 0
204 183 0
205 623 1
206 658 0
207 548 1
208 429 0
209 21 1
210 429 1
211 471 0
212 647 1
213 640 1
214 58 1
215 47 1
216 292 0
217 225 0
218 571 1
219 38 0
220 504 1
221 660 1
222 246 1
223 479 1
224 352 1
225 23 1
226 377 0
227 297 1
228 118 1
229 152 0
230 78 0
231 206 0
232 63 0
233 626 1
234 284 1
235 542 1
236 477 1
237 254 1
238 39 0
239 379 1
240 385 0
241 325 1
242 221 0
243 264 1
244 538 0
245 170 1
246 444 1
247 640 0
248 290 1
249 294 1
250 407 1
251 342 0
252 342 0
253 86 1
254 309 1
255 600 1
256 192 1
257 609 0
258 526 1
259 407 0
260 443 1
261 158 1
262 436 0
263 546 1
264 369 0
265 452 0
266 154 1
267 640 1
268 370 1
269 30 0
270 343 1
271 352 1
272 361 1
273 430 0
274 140 0
275 429 0
276 394 1
277 449 1
278 191 0
279 33 1
280 313 1
281 316 1
282 259 1
283 117 1
284 160 1
285 287 1
286 259 1
287 18 1
288 408 1
289 158 1
290 437 1
291 283 1
292 153 0
293 139 0
294 204 0
295 559 0
296 313 1
297 138 0
298 308 1
299 181 0
300 558 1
301 124 1
302 589 0
303 88 1
304 244 1
305 22 0
306 487 0
307 665 0
308 16 1
309 465 1
310 632 0
311 566 1
312 376 0
313 496 1
314 440 1
315 305 1
316 125 1
317 466 1
318 52 1
319 189 1
320 454 1
321 130 0
322 171 0
323 387 0
324 579 0
325 235 0
326 354 1
327 633 0
328 484 1
329 394 1
330 111 1
331 400 1
332 610 1
333 605 0
334 399 1
335 111 0
336 659 0
337 600 1
338 189 0
339 343 0
340 143 0
341 457 1
342 532 1
343 380 1
344 524 0
345 418 1
346 453 1
347 24 0
348 663 1
349 377 1
350 575 1
351 219 1
352 557 1
353 542 0
354 110 0
355 666 0
356 443 1
357 578 1
358 16 1
359 468 0
360 36 1
361 155 0
362 8 1
363 204 0
364 636 1
365 210 1
366 48 1
367 76 1
368 400 1
369 503 1
370 656 1
371 89 1
372 95 1
373 551 1
374 102 1
375 306 0
376 210 1
377 455 1
378 468 0
379 42 1
380 46 1
381 621 0
382 509 0
383 527 0
384 640 1
385 572 0
386 505 1
387 197 1
388 480 1
389 539 0
390 72 1
391 374 1
392 285 1
393 154 1
394 468 0
395 336 0
396 103 1
397 437 0
398 633 1
399 673 0
400 299 1
401 372 1
402 210 0
403 557 1
404 297 0
405 251 1
406 418 1
407 478 1
408 608 0
409 609 1
410 656 1
411 570 0
412 33 0
413 523 0
414 276 1
415 590 1
416 71 1
417 359 0
418 510 1
419 124 1
420 489 1
421 328 1
422 153 0
423 589 0
424 89 1
425 142 1
426 448 1
427 656 0
428 197 1
429 300 1
430 4 1
431 529 0
432 156 0
433 357 0
434 281 1
435 453 1
436 8 0
437 656 0
438 65 0
439 75 1
440 247 0
441 51 0
442 82 1
443 156 1
444 190 0
445 233 1
446 499 0
447 97 0
448 301 1
449 302 1
450 87 1
451 332 1
452 516 0
453 85 1
454 36 1
455 61 0
456 205 0
457 633 1
458 301 0
459 220 1
460 225 1
461 514 1
462 540 0
463 360 1
464 218 1
465 403 1
466 396 0
467 55 0
468 200 1
469 145 0
470 128 1
471 347 0
472 475 1
473 447 0
474 576 0
475 421 1
476 99 0
477 3 1
478 23 1
479 460 1
480 177 0
481 201 0
482 577 1
483 137 1
484 224 0
485 166 1
486 142 1
487 10 1
488 473 1
489 45 1
490 605 0
491 328 1
492 553 0
493 668 0
494 522 1
495 472 1
496 295 0
497 425 1
498 583 0
499 127 1
500 671 0
501 484 1
502 634 0
503 584 1
504 432 1
505 461 1
506 247 1
507 391 1
508 100 1
509 182 0
510 492 1
511 473 1
512 306 1
513 639 0
