1439
1 406 1
2 35 1
3 15 1
4 732 1
5 221 1
6 667 1
7 619 1
8 246 1
9 626 1
10 616 1
11 8 1
12 429 0
13 490 1
14 483 1
15 175 1
16 282 1
17 498 1
18 647 0
19 536 1
20 362 0
21 813 1
22 199 1
23 857 0
24 724 0
25 50 1
26 6 0
27 420 1
28 193 1
29 610 1
30 161 1
31 125 1
32 487 1
33 185 1
34 849 1
35 177 1
36 615 0
37 785 1
38 87 1
39 684 1
40 790 1
41 408 1
42 218 1
43 64 1
44 571 0
45 799 1
46 580 1
47 8 1
48 92 1
49 746 1
50 339 1
51 410 1
52 458 0
53 601 0
54 502 0
55 492 0
56 276 1
57 40 0
58 561 0
59 329 0
60 779 1
61 409 1
62 597 0
63 91 1
64 35 1
65 767 1
66 16 0
67 753 1
68 325 0
69 443 0
70 304 1
71 71 1
72 669 0
73 499 1
74 808 1
75 315 1
76 789 1
77 323 1
78 565 0
79 331 0
80 675 1
81 688 0
82 228 1
83 590 1
84 460 1
85 804 0
86 514 1
87 176 1
88 411 1
89 365 1
90 336 1
91 471 1
92 828 1
93 767 1
94 41 1
95 235 0
96 437 1
97 833 1
98 28 1
99 51 1
100 409 1
101 84 1
102 563 0
103 58 1
104 360 1
105 738 1
106 528 1
107 77 1
108 836 1
109 703 1
110 183 1
111 139 1
112 405 1
113 710 1
114 59 0
115 346 1
116 162 1
117 224 0
118 707 1
119 244 1
120 131 0
121 308 0
122 143 1
123 848 1
124 62 0
125 690 1
126 441 0
127 290 1
128 345 1
129 416 0
130 306 1
131 585 1
132 616 1
133 618 1
134 517 1
135 344 1
136 676 1
137 139 1
138 750 1
139 631 0
140 491 1
141 770 1
142 694 0
143 323 0
144 301 0
145 276 1
146 333 1
147 788 1
148 215 0
149 226 1
150 220 1
151 804 1
152 342 0
153 547 1
154 476 1
155 738 1
156 452 0
157 732 1
158 809 1
159 730 0
160 627 1
161 261 0
162 412 1
163 455 1
164 119 1
165 784 1
166 371 1
167 67 1
168 788 1
169 350 1
170 338 1
171 184 1
172 549 1
173 481 0
174 804 0
175 132 1
176 170 1
177 345 0
178 579 1
179 42 1
180 313 1
181 750 1
182 670 1
183 821 1
184 856 1
185 675 0
186 804 1
187 529 1
188 16 1
189 375 0
190 462 1
191 204 0
192 325 1
193 47 0
194 773 0
195 434 1
196 339 0
197 602 1
198 546 1
199 421 1
200 548 1
201 549 1
202 788 1
203 658 0
204 328 1
205 168 0
206 373 1
207 848 1
208 634 1
209 146 1
210 409 1
211 446 1
212 597 1
213 590 0
214 713 0
215 497 1
216 652 0
217 565 0
218 76 0
219 788 0
220 209 0
221 620 0
222 161 1
223 704 1
224 27 1
225 748 1
226 262 1
227 17 1
228 483 1
229 242 1
230 163 0
231 121 1
232 618 1
233 511 1
234 454 1
235 812 1
236 207 1
237 669 0
238 564 1
239 589 0
240 175 1
241 740 1
242 771 1
243 129 1
244 788 0
245 115 1
246 824 1
247 310 1
248 60 1
249 89 1
250 72 0
251 602 0
252 877 0
253 361 0
254 309 1
255 865 0
256 527 0
257 634 1
258 26 0
259 217 1
260 848 1
261 598 0
262 586 1
263 186 1
264 274 1
265 872 0
266 9 0
267 50 1
268 410 0
269 280 1
270 193 1
271 627 1
272 126 1
273 275 0
274 570 0
275 679 1
276 249 0
277 754 0
278 441 1
279 313 0
280 48 1
281 486 0
282 324 1
283 657 1
284 660 1
285 877 1
286 339 1
287 118 1
288 143 1
289 618 1
290 597 1
291 83 0
292 238 1
293 514 1
294 609 1
295 819 1
296 558 1
297 428 1
298 673 1
299 161 1
300 278 1
301 139 1
302 799 1
303 203 1
304 74 0
305 487 1
306 662 1
307 350 0
308 831 1
309 715 1
310 237 1
311 51 1
312 791 1
313 221 0
314 700 1
315 750 0
316 845 0
317 716 1
318 282 1
319 539 1
320 284 1
321 740 1
322 141 1
323 102 0
324 499 0
325 365 1
326 304 1
327 363 1
328 319 1
329 224 1
330 391 0
331 830 1
332 120 1
333 545 1
334 129 1
335 471 0
336 654 0
337 495 1
338 254 1
339 8 1
340 838 1
341 322 0
342 502 0
343 190 1
344 694 1
345 673 0
346 813 0
347 274 1
348 713 0
349 457 1
350 735 1
351 679 0
352 92 1
353 137 1
354 315 1
355 811 1
356 823 0
357 248 0
358 651 1
359 98 0
360 276 0
361 95 1
362 818 0
363 264 1
364 21 1
365 325 1
366 193 1
367 691 0
368 130 0
369 343 1
370 686 1
371 719 0
372 240 1
373 786 0
374 237 1
375 781 1
376 200 0
377 435 1
378 78 1
379 502 1
380 556 1
381 281 1
382 664 1
383 747 0
384 40 1
385 72 1
386 790 1
387 187 1
388 590 0
389 754 0
390 402 1
391 764 1
392 75 1
393 164 0
394 443 0
395 846 1
396 38 0
397 582 1
398 643 1
399 328 0
400 84 1
401 242 0
402 615 1
403 737 0
404 827 1
405 576 1
406 98 1
407 663 1
408 493 0
409 39 1
410 326 1
411 480 1
412 268 1
413 778 1
414 56 0
415 715 1
416 51 1
417 439 1
418 810 1
419 704 1
420 619 1
421 818 1
422 573 1
423 314 1
424 549 1
425 547 0
426 663 1
427 71 0
428 42 0
429 675 1
430 499 1
431 254 1
432 11 1
433 337 1
434 701 1
435 123 0
436 273 1
437 581 0
438 375 1
439 745 0
440 82 0
441 631 1
442 272 1
443 221 1
444 95 0
445 428 0
446 239 1
447 857 1
448 496 1
449 497 1
450 187 0
451 182 1
452 106 1
453 140 1
454 491 1
455 526 0
456 130 0
457 743 1
458 116 0
459 140 1
460 405 0
461 519 1
462 370 1
463 320 1
464 523 1
465 608 1
466 861 1
467 595 1
468 385 0
469 570 1
470 453 1
471 282 1
472 510 1
473 697 1
474 246 1
475 551 1
476 829 1
477 128 0
478 398 1
479 610 1
480 97 1
481 176 0
482 552 0
483 167 1
484 339 0
485 646 1
486 377 1
487 495 1
488 498 0
489 635 0
490 285 1
491 228 1
492 208 0
493 553 0
494 517 1
495 72 1
496 45 1
497 405 1
498 443 1
499 367 1
500 141 1
501 694 0
502 774 1
503 239 0
504 637 0
505 561 1
506 12 0
507 276 1
508 570 1
509 842 1
510 537 1
511 533 0
512 586 1
513 604 1
514 343 0
515 52 0
516 817 0
517 428 1
518 480 1
519 816 1
520 661 1
521 872 0
522 711 1
523 317 0
524 523 1
525 32 1
526 26 0
527 187 0
528 49 1
529 474 1
530 595 0
531 301 0
532 698 1
533 76 1
534 516 0
535 840 1
536 814 0
537 394 1
538 526 1
539 759 1
540 415 0
541 61 1
542 190 0
543 189 0
544 753 1
545 55 1
546 615 1
547 713 1
548 798 1
549 155 1
550 513 1
551 156 1
552 373 0
553 806 0
554 398 1
555 780 1
556 21 1
557 390 1
558 210 1
559 754 1
560 364 1
561 264 1
562 879 0
563 244 1
564 598 1
565 656 0
566 819 1
567 103 1
568 196 0
569 635 1
570 731 1
571 832 0
572 209 1
573 388 1
574 42 0
575 807 1
576 496 0
577 217 1
578 592 0
579 717 0
580 285 0
581 557 1
582 138 1
583 553 1
584 114 0
585 353 0
586 268 1
587 430 1
588 359 0
589 320 1
590 504 1
591 520 1
592 742 0
593 40 1
594 623 0
595 780 1
596 83 0
597 557 1
598 831 1
599 860 0
600 250 0
601 31 1
602 350 1
603 707 1
604 111 1
605 823 1
606 699 1
607 448 1
608 626 0
609 152 1
610 670 1
611 110 0
612 223 1
613 399 1
614 609 0
615 831 1
616 424 1
617 210 1
618 155 1
619 315 1
620 201 0
621 594 1
622 147 1
623 7 0
624 363 1
625 262 0
626 804 0
627 619 0
628 463 1
629 33 0
630 229 0
631 764 1
632 559 1
633 259 0
634 435 1
635 693 0
636 850 1
637 82 1
638 282 0
639 10 0
640 840 1
641 511 1
642 69 1
643 336 1
644 101 1
645 725 0
646 659 0
647 408 1
648 127 1
649 765 1
650 667 1
651 31 1
652 106 1
653 466 0
654 794 1
655 746 1
656 172 1
657 64 1
658 340 0
659 486 1
660 194 0
661 197 0
662 364 1
663 312 1
664 697 1
665 765 1
666 488 0
667 545 1
668 622 1
669 695 0
670 319 0
671 716 1
672 651 1
673 445 1
674 12 1
675 569 0
676 686 0
677 772 1
678 796 0
679 373 0
680 706 1
681 810 0
682 768 1
683 621 1
684 319 0
685 183 1
686 710 1
687 842 0
688 511 0
689 17 1
690 171 1
691 443 1
692 185 1
693 740 1
694 252 0
695 714 1
696 205 0
697 392 1
698 832 1
699 619 1
700 283 0
701 621 1
702 822 1
703 19 1
704 704 1
705 690 0
706 334 1
707 277 0
708 300 1
709 332 1
710 676 1
711 630 1
712 235 1
713 398 1
714 581 0
715 170 0
716 60 1
717 401 1
718 800 0
719 169 0
720 760 1
721 43 1
722 824 0
723 446 0
724 763 0
725 509 1
726 370 0
727 864 0
728 706 1
729 505 1
730 231 0
731 407 1
732 11 0
733 599 1
734 653 1
735 267 1
736 459 1
737 461 0
738 648 1
739 359 0
740 518 0
741 514 1
742 840 1
743 326 1
744 592 1
745 498 1
746 50 1
747 539 0
748 546 0
749 585 0
750 738 0
751 566 1
752 588 1
753 432 0
754 766 1
755 599 1
756 780 0
757 717 0
758 443 1
759 831 1
760 418 1
761 114 1
762 186 0
763 243 1
764 624 1
765 477 1
766 513 1
767 800 1
768 614 0
769 577 0
770 857 1
771 329 0
772 833 1
773 634 1
774 634 1
775 855 1
776 746 1
777 66 0
778 456 0
779 209 1
780 849 1
781 395 1
782 273 0
783 416 0
784 93 0
785 220 1
786 426 1
787 843 1
788 428 1
789 776 1
790 302 1
791 660 1
792 266 1
793 525 1
794 459 1
795 346 1
796 253 1
797 623 1
798 482 1
799 534 1
800 290 0
801 69 1
802 135 1
803 216 1
804 342 1
805 171 1
806 1 1
807 237 1
808 101 0
809 701 1
810 328 1
811 700 1
812 333 1
813 228 1
814 28 1
815 222 1
816 636 0
817 746 0
818 340 1
819 167 1
820 212 1
821 750 0
822 593 0
823 480 1
824 293 1
825 374 0
826 484 1
827 323 0
828 351 1
829 753 1
830 145 0
831 121 1
832 403 1
833 97 1
834 374 1
835 849 0
836 27 1
837 511 1
838 251 1
839 147 1
840 716 0
841 879 0
842 140 1
843 851 0
844 298 1
845 294 1
846 244 1
847 57 0
848 707 1
849 815 0
850 130 1
851 212 1
852 49 1
853 490 1
854 547 0
855 269 1
856 582 0
857 128 1
858 15 1
859 46 0
860 536 0
861 180 0
862 180 1
863 564 0
864 103 0
865 801 1
866 117 1
867 407 1
868 568 1
869 770 1
870 78 1
871 43 0
872 140 1
873 216 1
874 863 1
875 772 0
876 315 0
877 723 0
878 22 0
879 215 1
880 620 1
881 376 1
882 573 1
883 327 1
884 513 1
885 801 0
886 89 1
887 84 1
888 440 1
889 689 0
890 867 0
891 366 1
892 79 0
893 222 1
894 41 1
895 531 1
896 878 1
897 822 1
898 235 0
899 850 1
900 791 1
901 763 1
902 160 0
903 822 1
904 572 1
905 447 1
906 638 1
907 574 1
908 158 1
909 530 1
910 66 0
911 573 1
912 225 1
913 61 0
914 209 1
915 40 1
916 226 1
917 713 1
918 196 0
919 410 1
920 711 1
921 448 1
922 806 0
923 18 1
924 650 0
925 285 0
926 747 1
927 206 1
928 798 0
929 265 1
930 602 1
931 552 0
932 821 1
933 47 0
934 177 1
935 618 0
936 739 0
937 190 1
938 632 1
939 462 1
940 773 0
941 543 1
942 150 1
943 445 1
944 440 0
945 500 1
946 727 1
947 703 1
948 574 1
949 230 1
950 343 1
951 760 1
952 458 1
953 292 1
954 582 0
955 325 1
956 334 0
957 828 1
958 162 1
959 264 0
960 527 1
961 477 1
962 362 1
963 468 0
964 186 0
965 520 1
966 91 1
967 156 0
968 774 1
969 472 1
970 322 0
971 88 1
972 497 1
973 260 0
974 734 1
975 94 1
976 122 1
977 469 0
978 295 0
979 844 0
980 179 0
981 434 1
982 596 0
983 532 1
984 158 0
985 103 0
986 41 1
987 849 0
988 820 0
989 622 0
990 467 1
991 769 1
992 119 1
993 497 1
994 415 0
995 31 1
996 658 1
997 577 1
998 176 0
999 1 0
1000 353 1
1001 527 1
1002 599 0
1003 356 1
1004 439 1
1005 47 1
1006 526 0
1007 327 1
1008 6 1
1009 195 1
1010 117 0
1011 439 0
1012 692 1
1013 574 0
1014 77 1
1015 34 1
1016 391 1
1017 248 1
1018 771 0
1019 362 1
1020 127 1
1021 356 0
1022 649 1
1023 723 1
1024 51 1
1025 500 1
1026 857 1
1027 368 0
1028 196 1
1029 81 1
1030 349 0
1031 416 1
1032 102 1
1033 562 1
1034 102 1
1035 323 1
1036 470 0
1037 595 1
1038 786 0
1039 607 1
1040 782 1
1041 429 0
1042 288 1
1043 853 1
1044 283 0
1045 470 1
1046 474 1
1047 796 1
1048 384 1
1049 569 0
1050 540 0
1051 139 1
1052 115 0
1053 370 1
1054 6 0
1055 282 1
1056 38 1
1057 379 1
1058 53 0
1059 234 0
1060 711 0
1061 105 1
1062 136 0
1063 594 0
1064 805 0
1065 430 1
1066 312 1
1067 307 1
1068 136 1
1069 161 1
1070 200 0
1071 642 1
1072 867 0
1073 276 1
1074 798 1
1075 394 1
1076 47 1
1077 647 1
1078 521 1
1079 127 0
1080 660 0
1081 335 0
1082 551 0
1083 232 1
1084 153 1
1085 542 1
1086 548 1
1087 591 0
1088 750 1
1089 1 1
1090 801 1
1091 130 1
1092 14 1
1093 456 1
1094 562 0
1095 406 1
1096 853 0
1097 147 1
1098 217 1
1099 44 0
1100 484 1
1101 723 1
1102 314 0
1103 401 0
1104 725 0
1105 566 0
1106 509 1
1107 327 1
1108 306 0
1109 483 1
1110 200 1
1111 635 1
1112 768 0
1113 410 1
1114 586 0
1115 187 0
1116 464 1
1117 648 0
1118 768 1
1119 675 1
1120 875 1
1121 91 1
1122 770 1
1123 451 0
1124 35 1
1125 488 1
1126 81 0
1127 120 1
1128 451 1
1129 74 0
1130 120 1
1131 364 0
1132 3 1
1133 195 0
1134 13 1
1135 216 1
1136 656 1
1137 816 0
1138 150 0
1139 166 1
1140 155 1
1141 724 1
1142 610 0
1143 205 1
1144 799 1
1145 355 1
1146 844 0
1147 336 1
1148 564 1
1149 450 0
1150 826 0
1151 10 1
1152 685 1
1153 572 1
1154 46 1
1155 445 1
1156 224 1
1157 741 0
1158 847 1
1159 440 1
1160 649 1
1161 518 1
1162 59 1
1163 292 1
1164 810 1
1165 624 1
1166 240 1
1167 782 1
1168 5 0
1169 306 0
1170 44 1
1171 557 1
1172 753 1
1173 528 0
1174 789 1
1175 31 1
1176 308 0
1177 596 0
1178 828 1
1179 702 0
1180 463 1
1181 59 0
1182 505 1
1183 461 1
1184 452 0
1185 577 1
1186 351 0
1187 190 0
1188 97 0
1189 657 1
1190 518 0
1191 868 1
1192 661 1
1193 25 1
1194 305 1
1195 793 1
1196 598 1
1197 303 1
1198 830 1
1199 749 1
1200 364 1
1201 612 1
1202 413 1
1203 60 1
1204 640 1
1205 228 1
1206 829 1
1207 817 0
1208 801 1
1209 644 1
1210 114 1
1211 418 0
1212 834 1
1213 359 1
1214 318 1
1215 19 1
1216 386 1
1217 518 1
1218 265 1
1219 141 0
1220 431 1
1221 608 1
1222 586 0
1223 415 0
1224 523 0
1225 749 0
1226 449 1
1227 773 0
1228 720 0
1229 611 1
1230 784 0
1231 554 1
1232 686 0
1233 802 1
1234 787 0
1235 401 1
1236 145 1
1237 431 1
1238 690 1
1239 374 1
1240 737 1
1241 683 1
1242 242 0
1243 133 1
1244 253 1
1245 834 1
1246 800 0
1247 161 0
1248 124 1
1249 678 1
1250 451 1
1251 82 1
1252 345 1
1253 464 0
1254 783 0
1255 202 1
1256 506 1
1257 371 0
1258 294 1
1259 256 1
1260 81 1
1261 418 0
1262 142 0
1263 608 1
1264 86 1
1265 602 0
1266 622 0
1267 559 1
1268 621 0
1269 836 1
1270 406 1
1271 876 0
1272 755 0
1273 494 1
1274 584 1
1275 142 1
1276 672 1
1277 91 1
1278 851 1
1279 504 1
1280 529 1
1281 19 0
1282 622 1
1283 72 0
1284 146 1
1285 599 0
1286 778 1
1287 297 1
1288 675 1
1289 535 1
1290 85 1
1291 757 1
1292 69 1
1293 115 1
1294 91 1
1295 402 1
1296 846 1
1297 316 0
1298 424 1
1299 664 1
1300 128 1
1301 834 1
1302 692 1
1303 392 1
1304 467 1
1305 579 1
1306 149 1
1307 734 0
1308 728 1
1309 275 1
1310 590 1
1311 271 1
1312 522 0
1313 857 1
1314 688 0
1315 348 1
1316 738 1
1317 267 1
1318 267 1
1319 749 1
1320 723 1
1321 711 0
1322 328 1
1323 226 1
1324 536 0
1325 707 1
1326 602 1
1327 226 0
1328 399 0
1329 23 0
1330 558 0
1331 448 1
1332 387 0
1333 390 1
1334 799 1
1335 812 1
1336 132 1
1337 346 1
1338 42 1
1339 349 1
1340 786 1
1341 536 1
1342 867 1
1343 466 1
1344 678 0
1345 18 1
1346 861 0
1347 788 1
1348 14 0
1349 734 1
1350 862 1
1351 576 1
1352 735 0
1353 574 1
1354 40 1
1355 187 1
1356 524 1
1357 455 1
1358 317 0
1359 322 1
1360 243 1
1361 488 1
1362 806 1
1363 17 0
1364 119 1
1365 467 1
1366 842 0
1367 215 0
1368 510 1
1369 306 1
1370 257 1
1371 497 1
1372 48 1
1373 717 1
1374 418 1
1375 786 0
1376 499 1
1377 309 0
1378 215 0
1379 670 1
1380 502 1
1381 436 0
1382 133 0
1383 874 1
1384 866 1
1385 314 1
1386 506 0
1387 737 1
1388 19 1
1389 632 1
1390 733 0
1391 522 1
1392 645 0
1393 793 1
1394 582 1
1395 27 1
1396 841 0
1397 381 0
1398 828 1
1399 450 0
1400 99 1
1401 769 1
1402 711 1
1403 280 1
1404 32 1
1405 592 0
1406 283 1
1407 541 1
1408 490 1
1409 332 0
1410 751 0
1411 397 1
1412 248 1
1413 231 1
1414 577 1
1415 434 1
1416 581 1
1417 114 1
1418 662 0
1419 566 1
1420 139 1
1421 4 0
1422 225 1
1423 182 0
1424 424 1
1425 620 1
1426 586 1
1427 720 1
1428 340 1
1429 742 1
1430 768 1
1431 139 1
1432 332 1
1433 305 0
1434 648 0
1435 520 1
1436 862 1
1437 329 1
1438 782 1
1439 346 0
