1904
1 139 0
2 262 0
3 136 1
4 153 0
5 634 1
6 544 0
7 652 1
8 406 1
9 579 1
10 121 1
11 92 1
12 330 0
13 32 1
14 406 1
15 52 1
16 60 1
17 510 0
18 690 1
19 514 1
20 157 0
21 258 1
22 125 1
23 580 0
24 770 1
25 408 1
26 1 0
27 107 1
28 372 1
29 248 0
30 733 1
31 486 1
32 492 0
33 293 0
34 48 1
35 413 0
36 327 0
37 84 1
38 759 1
39 161 1
40 212 1
41 3 1
42 248 0
43 528 0
44 233 1
45 592 1
46 288 0
47 165 1
48 463 1
49 351 1
50 443 1
51 667 1
52 613 1
53 417 1
54 593 1
55 483 1
56 308 0
57 212 1
58 580 1
59 353 1
60 728 0
61 168 0
62 412 0
63 185 1
64 758 0
65 547 1
66 460 1
67 360 1
68 371 1
69 44 1
70 533 0
71 174 1
72 209 0
73 575 1
74 321 0
75 8 0
76 279 0
77 437 0
78 475 1
79 726 1
80 335 1
81 52 1
82 104 1
83 257 1
84 367 1
85 616 1
86 7 0
87 146 1
88 354 0
89 199 1
90 55 1
91 113 0
92 349 1
93 185 1
94 367 0
95 481 0
96 607 1
97 676 1
98 122 1
99 381 0
100 429 1
101 583 0
102 193 1
103 635 1
104 628 1
105 400 0
106 219 1
107 177 1
108 258 1
109 588 1
110 485 1
111 506 1
112 779 1
113 192 1
114 503 0
115 568 1
116 749 0
117 563 1
118 252 0
119 667 1
120 422 0
121 741 1
122 774 1
123 404 0
124 475 0
125 64 0
126 466 0
127 441 1
128 140 1
129 518 1
130 384 1
131 770 1
132 625 1
133 464 1
134 132 0
135 164 1
136 603 1
137 389 0
138 229 1
139 26 0
140 191 1
141 70 0
142 626 1
143 291 1
144 356 1
145 604 0
146 300 1
147 279 1
148 307 0
149 209 1
150 279 1
151 170 1
152 489 0
153 664 1
154 531 1
155 618 1
156 764 1
157 574 1
158 411 1
159 545 0
160 80 1
161 684 1
162 123 1
163 484 0
164 94 1
165 47 1
166 277 1
167 449 0
168 726 1
169 662 1
170 193 1
171 385 1
172 374 0
173 736 0
174 230 1
175 729 1
176 47 1
177 675 1
178 748 0
179 584 1
180 257 0
181 410 1
182 8 1
183 477 0
184 361 1
185 397 1
186 19 1
187 689 1
188 164 1
189 355 1
190 340 1
191 688 1
192 97 1
193 541 1
194 121 0
195 92 1
196 144 1
197 106 1
198 539 0
199 82 1
200 129 0
201 649 1
202 456 0
203 525 1
204 396 1
205 191 0
206 370 1
207 302 0
208 648 1
209 489 0
210 357 1
211 342 1
212 278 1
213 637 1
214 244 0
215 122 1
216 376 1
217 504 1
218 514 0
219 629 0
220 315 0
221 36 0
222 105 1
223 329 1
224 358 1
225 701 0
226 593 1
227 411 0
228 703 0
229 110 0
230 156 0
231 497 0
232 198 1
233 524 0
234 419 1
235 29 1
236 378 1
237 596 0
238 369 1
239 415 0
240 148 1
241 637 1
242 581 1
243 18 0
244 484 1
245 620 0
246 345 1
247 349 1
248 491 1
249 450 0
250 431 0
251 33 1
252 510 0
253 488 1
254 732 0
255 12 0
256 441 0
257 27 1
258 85 0
259 695 0
260 158 1
261 404 1
262 16 1
263 240 1
264 15 1
265 611 1
266 364 1
267 433 1
268 451 0
269 159 0
270 229 1
271 451 0
272 769 1
273 64 1
274 491 0
275 618 1
276 463 1
277 329 0
278 146 1
279 180 1
280 454 0
281 574 1
282 613 0
283 99 0
284 334 0
285 635 0
286 379 1
287 411 1
288 726 1
289 425 1
290 428 1
291 271 0
292 453 0
293 565 1
294 363 1
295 727 1
296 715 0
297 42 1
298 713 1
299 781 0
300 348 0
301 16 1
302 85 1
303 298 1
304 79 0
305 433 1
306 154 1
307 593 1
308 481 1
309 366 1
310 293 0
311 68 1
312 10 0
313 724 0
314 200 1
315 176 1
316 521 1
317 487 0
318 568 1
319 612 1
320 685 1
321 349 0
322 138 0
323 606 0
324 489 1
325 658 0
326 471 1
327 195 1
328 13 1
329 382 0
330 24 0
331 745 1
332 700 1
333 329 1
334 405 1
335 321 0
336 374 1
337 300 1
338 18 1
339 343 0
340 266 1
341 484 0
342 133 1
343 413 1
344 776 0
345 343 1
346 531 0
347 540 1
348 708 1
349 134 0
350 215 1
351 591 1
352 320 1
353 296 0
354 185 1
355 39 1
356 29 1
357 383 1
358 397 0
359 291 1
360 768 1
361 362 1
362 110 1
363 165 0
364 177 0
365 336 1
366 720 1
367 160 0
368 223 0
369 572 1
370 290 1
371 71 1
372 329 1
373 464 1
374 444 1
375 288 1
376 567 1
377 128 1
378 747 1
379 690 1
380 541 0
381 495 0
382 359 1
383 707 1
384 322 1
385 185 1
386 280 1
387 125 0
388 693 1
389 530 1
390 522 1
391 737 0
392 645 1
393 154 0
394 336 1
395 723 0
396 259 0
397 545 1
398 261 1
399 394 1
400 131 1
401 390 1
402 12 1
403 215 1
404 282 1
405 230 1
406 757 0
407 298 0
408 239 1
409 411 1
410 491 1
411 630 1
412 723 1
413 562 1
414 27 0
415 779 0
416 713 0
417 536 1
418 72 1
419 625 1
420 690 1
421 352 0
422 228 1
423 448 1
424 314 1
425 220 0
426 382 1
427 749 0
428 431 1
429 495 1
430 655 1
431 565 1
432 42 1
433 516 1
434 257 0
435 435 1
436 401 0
437 782 1
438 632 1
439 291 1
440 496 0
441 156 1
442 556 0
443 372 0
444 604 0
445 605 0
446 547 1
447 244 1
448 694 1
449 671 1
450 306 0
451 287 1
452 282 1
453 532 1
454 705 0
455 283 0
456 529 1
457 468 1
458 505 1
459 460 0
460 96 1
461 775 1
462 657 1
463 411 0
464 185 1
465 691 1
466 576 1
467 376 0
468 452 0
469 196 0
470 137 1
471 764 1
472 79 1
473 156 1
474 444 1
475 100 1
476 69 1
477 378 0
478 299 1
479 466 0
480 276 1
481 153 1
482 523 0
483 134 1
484 632 0
485 538 1
486 775 1
487 646 1
488 134 0
489 651 1
490 578 1
491 313 1
492 31 1
493 584 1
494 675 1
495 781 0
496 595 0
497 209 0
498 640 1
499 499 1
500 656 1
501 463 0
502 745 1
503 692 1
504 282 0
505 635 1
506 499 0
507 718 0
508 28 1
509 20 1
510 741 1
511 59 0
512 123 1
513 54 0
514 595 1
515 458 1
516 785 1
517 283 0
518 419 1
519 26 0
520 740 1
521 756 1
522 787 1
523 157 1
524 377 0
525 695 0
526 173 1
527 54 1
528 201 1
529 254 0
530 645 1
531 436 1
532 23 1
533 577 1
534 116 1
535 321 1
536 442 0
537 483 1
538 152 1
539 450 1
540 784 1
541 52 1
542 306 0
543 413 0
544 199 1
545 480 1
546 558 0
547 680 0
548 41 1
549 200 1
550 265 0
551 191 1
552 777 1
553 343 1
554 475 0
555 652 1
556 327 1
557 587 1
558 22 1
559 317 0
560 91 0
561 260 1
562 120 1
563 424 0
564 602 0
565 285 1
566 323 0
567 752 1
568 346 1
569 417 1
570 260 0
571 469 1
572 179 1
573 398 1
574 479 0
575 389 1
576 690 1
577 413 1
578 766 0
579 149 0
580 639 1
581 606 1
582 105 0
583 434 1
584 53 1
585 450 0
586 309 1
587 95 0
588 380 1
589 655 1
590 385 0
591 624 0
592 81 1
593 274 0
594 263 0
595 586 1
596 52 0
597 253 1
598 168 0
599 575 1
600 732 0
601 535 0
602 349 0
603 723 1
604 317 1
605 783 1
606 22 1
607 183 1
608 45 0
609 111 1
610 58 1
611 405 1
612 296 0
613 234 1
614 539 1
615 668 0
616 239 1
617 718 1
618 238 1
619 511 1
620 402 1
621 452 1
622 302 1
623 495 1
624 287 1
625 655 1
626 498 1
627 439 0
628 106 1
629 452 1
630 676 1
631 322 1
632 729 0
633 697 0
634 80 0
635 717 1
636 86 1
637 85 1
638 210 1
639 735 1
640 380 1
641 37 1
642 50 0
643 61 1
644 344 0
645 13 1
646 23 0
647 324 1
648 552 1
649 125 0
650 619 1
651 309 0
652 434 1
653 287 1
654 168 1
655 336 0
656 11 1
657 605 1
658 44 0
659 201 1
660 357 1
661 587 0
662 515 1
663 344 0
664 321 1
665 104 1
666 506 0
667 33 1
668 2 0
669 779 1
670 536 0
671 686 1
672 683 1
673 592 1
674 362 1
675 276 0
676 184 1
677 294 0
678 163 1
679 171 1
680 285 1
681 619 1
682 673 0
683 137 1
684 167 1
685 6 0
686 437 1
687 445 1
688 388 1
689 236 0
690 236 1
691 665 1
692 570 1
693 314 0
694 3 1
695 428 1
696 745 1
697 290 0
698 105 1
699 464 1
700 539 1
701 169 1
702 374 0
703 485 1
704 58 1
705 708 1
706 427 1
707 681 1
708 737 0
709 135 0
710 659 1
711 239 1
712 788 1
713 421 1
714 135 0
715 359 0
716 567 1
717 38 1
718 321 0
719 110 1
720 421 1
721 639 0
722 596 0
723 251 1
724 705 1
725 479 1
726 128 1
727 367 1
728 425 0
729 215 1
730 78 1
731 394 1
732 280 1
733 765 1
734 133 1
735 174 0
736 98 1
737 598 0
738 506 1
739 432 0
740 430 1
741 174 0
742 35 1
743 669 1
744 523 1
745 198 0
746 635 1
747 424 1
748 219 0
749 711 1
750 469 1
751 102 0
752 88 1
753 455 1
754 743 1
755 210 0
756 221 1
757 120 1
758 119 0
759 683 1
760 61 1
761 403 0
762 667 1
763 18 0
764 422 0
765 417 1
766 20 0
767 670 1
768 396 0
769 702 1
770 419 1
771 701 0
772 473 1
773 57 0
774 788 1
775 411 1
776 26 0
777 724 0
778 48 1
779 757 1
780 665 1
781 556 1
782 81 1
783 777 1
784 741 1
785 22 1
786 763 1
787 171 1
788 739 1
789 251 0
790 179 1
791 766 1
792 655 0
793 76 1
794 620 1
795 350 0
796 413 1
797 376 0
798 522 1
799 183 1
800 216 1
801 22 0
802 122 0
803 638 0
804 405 0
805 778 0
806 713 1
807 756 1
808 633 1
809 476 0
810 70 1
811 154 0
812 121 1
813 189 1
814 73 1
815 311 1
816 577 1
817 462 1
818 476 1
819 755 1
820 362 0
821 642 1
822 676 1
823 76 1
824 618 1
825 195 1
826 538 1
827 383 1
828 75 1
829 514 1
830 138 0
831 403 0
832 319 1
833 592 0
834 354 1
835 64 1
836 480 1
837 196 1
838 493 1
839 82 0
840 1 1
841 206 0
842 593 1
843 394 1
844 339 1
845 782 0
846 122 1
847 387 1
848 439 1
849 414 0
850 731 1
851 687 1
852 363 1
853 773 0
854 350 0
855 356 0
856 309 1
857 68 1
858 329 0
859 765 1
860 565 1
861 322 1
862 332 1
863 289 1
864 93 1
865 759 1
866 377 0
867 407 1
868 734 1
869 773 1
870 423 1
871 613 1
872 97 1
873 41 1
874 338 1
875 271 0
876 759 0
877 767 1
878 497 1
879 268 1
880 166 1
881 576 0
882 72 1
883 460 0
884 569 0
885 279 1
886 768 0
887 130 0
888 751 0
889 469 0
890 155 1
891 380 1
892 512 0
893 394 1
894 592 0
895 777 1
896 78 1
897 478 1
898 725 0
899 118 0
900 560 1
901 674 1
902 467 1
903 599 1
904 153 1
905 695 1
906 198 1
907 417 1
908 593 1
909 124 0
910 668 1
911 349 0
912 626 1
913 75 0
914 154 1
915 261 0
916 556 1
917 448 0
918 129 0
919 629 0
920 504 1
921 591 1
922 770 1
923 606 0
924 224 1
925 183 1
926 4 0
927 28 1
928 537 1
929 387 0
930 262 1
931 583 1
932 778 0
933 247 0
934 450 0
935 384 0
936 589 0
937 62 0
938 371 1
939 339 1
940 559 1
941 665 1
942 232 1
943 388 1
944 762 1
945 638 1
946 617 0
947 248 1
948 624 1
949 691 1
950 531 1
951 451 1
952 438 1
953 79 1
954 358 0
955 599 1
956 135 0
957 675 1
958 346 1
959 330 0
960 226 1
961 538 0
962 579 0
963 628 1
964 441 1
965 683 1
966 783 0
967 481 1
968 35 1
969 436 1
970 189 1
971 471 0
972 704 1
973 691 1
974 598 0
975 564 0
976 396 0
977 74 1
978 276 0
979 566 1
980 409 1
981 77 1
982 788 1
983 30 1
984 329 0
985 377 1
986 712 1
987 37 0
988 400 1
989 66 1
990 156 0
991 229 1
992 137 1
993 704 1
994 216 1
995 290 1
996 136 1
997 223 1
998 137 0
999 119 0
1000 719 1
1001 179 1
1002 521 1
1003 446 0
1004 140 0
1005 326 1
1006 336 1
1007 42 1
1008 52 1
1009 46 1
1010 421 0
1011 70 1
1012 704 1
1013 659 1
1014 529 0
1015 501 1
1016 468 1
1017 278 1
1018 92 0
1019 316 1
1020 414 0
1021 528 1
1022 374 1
1023 401 1
1024 493 1
1025 660 1
1026 767 0
1027 649 1
1028 235 1
1029 700 1
1030 491 1
1031 418 1
1032 271 0
1033 353 1
1034 616 1
1035 595 1
1036 472 0
1037 186 1
1038 81 0
1039 467 1
1040 213 1
1041 665 1
1042 281 0
1043 51 1
1044 221 1
1045 475 1
1046 341 1
1047 59 0
1048 785 1
1049 186 1
1050 243 1
1051 30 1
1052 292 1
1053 773 0
1054 788 1
1055 124 1
1056 774 0
1057 386 1
1058 492 0
1059 748 1
1060 366 1
1061 586 1
1062 506 1
1063 514 1
1064 236 1
1065 291 1
1066 642 1
1067 388 1
1068 521 0
1069 502 1
1070 2 1
1071 715 1
1072 610 1
1073 236 1
1074 716 1
1075 188 0
1076 613 1
1077 195 1
1078 631 1
1079 9 1
1080 569 0
1081 523 1
1082 588 1
1083 551 0
1084 479 1
1085 35 1
1086 84 1
1087 468 1
1088 240 1
1089 186 1
1090 76 0
1091 444 1
1092 359 1
1093 197 1
1094 525 0
1095 246 0
1096 490 1
1097 711 1
1098 87 1
1099 593 1
1100 720 1
1101 258 1
1102 555 0
1103 694 1
1104 607 0
1105 158 0
1106 448 1
1107 567 1
1108 436 0
1109 186 1
1110 166 0
1111 444 1
1112 363 1
1113 140 1
1114 17 1
1115 210 1
1116 538 1
1117 720 1
1118 371 1
1119 294 1
1120 682 0
1121 66 1
1122 249 1
1123 325 1
1124 593 1
1125 34 1
1126 105 1
1127 609 1
1128 23 1
1129 129 1
1130 642 0
1131 727 1
1132 1 1
1133 679 1
1134 477 1
1135 544 0
1136 603 1
1137 677 1
1138 421 0
1139 714 0
1140 709 0
1141 161 1
1142 421 0
1143 493 1
1144 697 1
1145 434 1
1146 138 1
1147 136 1
1148 225 0
1149 494 0
1150 177 1
1151 250 0
1152 53 1
1153 20 0
1154 335 1
1155 666 1
1156 676 0
1157 246 0
1158 4 1
1159 719 1
1160 538 1
1161 446 1
1162 703 1
1163 9 1
1164 575 0
1165 18 1
1166 735 1
1167 709 0
1168 373 0
1169 441 1
1170 657 1
1171 141 1
1172 340 1
1173 31 1
1174 304 1
1175 223 1
1176 292 0
1177 696 1
1178 429 0
1179 328 1
1180 403 0
1181 145 1
1182 581 1
1183 332 0
1184 744 0
1185 33 1
1186 286 1
1187 335 0
1188 528 1
1189 165 1
1190 310 0
1191 62 1
1192 234 1
1193 2 1
1194 658 1
1195 57 1
1196 643 1
1197 604 0
1198 217 1
1199 549 0
1200 115 0
1201 769 1
1202 740 1
1203 239 1
1204 681 1
1205 505 1
1206 758 0
1207 788 1
1208 537 0
1209 44 1
1210 298 1
1211 644 0
1212 270 0
1213 553 1
1214 590 1
1215 643 1
1216 89 1
1217 318 1
1218 132 0
1219 502 1
1220 121 0
1221 193 0
1222 786 0
1223 260 0
1224 142 1
1225 100 1
1226 389 1
1227 558 1
1228 397 1
1229 323 1
1230 601 0
1231 99 0
1232 767 1
1233 714 1
1234 135 0
1235 101 1
1236 629 0
1237 330 1
1238 435 1
1239 320 1
1240 88 1
1241 212 1
1242 358 1
1243 313 1
1244 270 1
1245 149 1
1246 781 0
1247 757 0
1248 631 1
1249 81 1
1250 287 1
1251 217 0
1252 426 0
1253 703 1
1254 314 0
1255 634 0
1256 621 1
1257 57 0
1258 22 0
1259 124 1
1260 201 1
1261 359 1
1262 487 0
1263 164 1
1264 186 1
1265 273 0
1266 377 1
1267 568 1
1268 214 0
1269 71 1
1270 683 1
1271 124 1
1272 745 1
1273 690 0
1274 535 1
1275 238 0
1276 281 1
1277 107 1
1278 118 1
1279 274 1
1280 482 1
1281 744 1
1282 231 0
1283 69 1
1284 183 1
1285 167 0
1286 39 0
1287 576 1
1288 456 1
1289 746 1
1290 468 0
1291 133 0
1292 775 1
1293 694 0
1294 477 0
1295 375 0
1296 727 0
1297 207 1
1298 31 0
1299 598 1
1300 399 0
1301 274 1
1302 252 1
1303 417 0
1304 505 1
1305 105 1
1306 536 0
1307 111 0
1308 444 1
1309 576 0
1310 197 0
1311 285 0
1312 458 0
1313 288 1
1314 752 1
1315 686 0
1316 58 1
1317 767 0
1318 217 1
1319 212 1
1320 719 1
1321 84 1
1322 521 1
1323 148 0
1324 213 0
1325 291 1
1326 63 1
1327 511 1
1328 264 1
1329 205 0
1330 92 0
1331 556 0
1332 258 0
1333 426 1
1334 107 1
1335 374 1
1336 133 0
1337 486 1
1338 638 1
1339 25 1
1340 553 0
1341 455 1
1342 87 1
1343 333 0
1344 171 1
1345 545 1
1346 641 0
1347 362 1
1348 41 0
1349 568 1
1350 604 0
1351 186 0
1352 579 1
1353 602 1
1354 485 1
1355 473 1
1356 121 0
1357 77 0
1358 299 0
1359 526 1
1360 143 1
1361 683 1
1362 594 1
1363 72 0
1364 222 1
1365 768 1
1366 760 0
1367 774 0
1368 15 1
1369 172 1
1370 392 1
1371 750 1
1372 767 1
1373 688 0
1374 415 1
1375 715 1
1376 707 1
1377 519 1
1378 43 1
1379 325 1
1380 409 1
1381 303 1
1382 453 1
1383 125 1
1384 54 1
1385 180 1
1386 137 1
1387 154 0
1388 128 0
1389 376 0
1390 478 1
1391 278 1
1392 106 1
1393 68 1
1394 566 0
1395 398 1
1396 698 0
1397 550 1
1398 185 1
1399 25 1
1400 149 0
1401 668 0
1402 295 1
1403 402 0
1404 69 1
1405 144 1
1406 275 1
1407 120 1
1408 397 1
1409 496 0
1410 566 0
1411 361 0
1412 774 1
1413 15 0
1414 763 0
1415 375 0
1416 194 0
1417 393 0
1418 271 1
1419 89 0
1420 768 1
1421 65 0
1422 639 0
1423 618 0
1424 340 0
1425 405 1
1426 414 0
1427 576 1
1428 66 1
1429 552 1
1430 580 0
1431 131 0
1432 376 1
1433 440 1
1434 531 1
1435 181 1
1436 746 1
1437 764 0
1438 415 1
1439 20 1
1440 112 1
1441 67 1
1442 370 1
1443 120 1
1444 411 1
1445 443 1
1446 777 0
1447 170 1
1448 310 1
1449 222 1
1450 333 0
1451 528 1
1452 633 1
1453 80 1
1454 273 0
1455 209 0
1456 510 1
1457 89 1
1458 113 0
1459 493 0
1460 60 1
1461 692 0
1462 722 0
1463 413 0
1464 649 0
1465 261 1
1466 216 0
1467 484 0
1468 486 0
1469 286 1
1470 631 1
1471 339 1
1472 754 1
1473 409 1
1474 604 0
1475 551 0
1476 245 1
1477 696 1
1478 493 0
1479 388 1
1480 132 1
1481 530 1
1482 650 1
1483 376 0
1484 755 1
1485 301 1
1486 335 1
1487 110 1
1488 262 1
1489 345 1
1490 600 0
1491 725 0
1492 528 0
1493 217 1
1494 129 0
1495 569 1
1496 466 0
1497 577 1
1498 518 1
1499 640 0
1500 3 1
1501 242 0
1502 758 1
1503 622 1
1504 67 0
1505 293 0
1506 268 1
1507 706 0
1508 39 1
1509 223 0
1510 723 0
1511 413 1
1512 279 1
1513 693 0
1514 314 0
1515 458 1
1516 663 1
1517 639 1
1518 265 1
1519 58 1
1520 633 1
1521 193 1
1522 547 0
1523 86 0
1524 227 1
1525 754 1
1526 278 0
1527 527 1
1528 529 1
1529 548 1
1530 136 0
1531 373 0
1532 113 0
1533 625 0
1534 679 1
1535 676 1
1536 229 1
1537 602 0
1538 173 1
1539 556 1
1540 175 1
1541 528 1
1542 78 1
1543 188 0
1544 647 1
1545 662 1
1546 149 1
1547 4 0
1548 436 0
1549 606 1
1550 507 1
1551 26 1
1552 573 1
1553 707 1
1554 495 1
1555 306 1
1556 174 1
1557 301 0
1558 278 0
1559 53 1
1560 421 0
1561 130 1
1562 122 1
1563 26 0
1564 746 1
1565 61 1
1566 319 1
1567 396 0
1568 683 0
1569 26 1
1570 755 1
1571 236 1
1572 361 0
1573 375 1
1574 222 1
1575 741 1
1576 322 1
1577 407 0
1578 199 1
1579 197 1
1580 259 0
1581 587 0
1582 329 1
1583 664 0
1584 458 0
1585 595 1
1586 199 1
1587 548 0
1588 564 1
1589 376 0
1590 529 1
1591 623 1
1592 393 0
1593 490 0
1594 657 1
1595 698 1
1596 122 0
1597 671 1
1598 640 1
1599 658 1
1600 396 1
1601 716 1
1602 474 1
1603 350 1
1604 576 0
1605 229 1
1606 232 1
1607 362 0
1608 287 1
1609 395 0
1610 733 0
1611 231 1
1612 783 0
1613 501 0
1614 625 1
1615 137 1
1616 785 0
1617 21 0
1618 489 1
1619 685 1
1620 275 1
1621 576 0
1622 171 1
1623 326 0
1624 195 1
1625 562 1
1626 219 0
1627 171 0
1628 100 0
1629 25 1
1630 221 1
1631 151 0
1632 194 0
1633 653 0
1634 527 1
1635 154 1
1636 657 0
1637 520 1
1638 90 0
1639 446 0
1640 762 1
1641 407 0
1642 223 0
1643 389 1
1644 428 1
1645 225 1
1646 561 1
1647 43 1
1648 531 1
1649 632 1
1650 439 1
1651 265 1
1652 727 1
1653 312 1
1654 37 0
1655 279 1
1656 171 0
1657 185 1
1658 459 1
1659 683 1
1660 184 0
1661 714 0
1662 478 1
1663 694 1
1664 648 0
1665 456 1
1666 518 1
1667 572 1
1668 718 1
1669 451 0
1670 48 1
1671 748 1
1672 611 0
1673 580 0
1674 703 1
1675 345 1
1676 560 0
1677 37 1
1678 222 0
1679 436 1
1680 462 0
1681 345 0
1682 37 0
1683 631 0
1684 207 1
1685 688 1
1686 234 0
1687 440 1
1688 758 0
1689 303 0
1690 672 1
1691 753 1
1692 113 1
1693 675 0
1694 715 1
1695 399 1
1696 410 1
1697 580 1
1698 67 1
1699 379 1
1700 698 1
1701 495 0
1702 103 0
1703 166 0
1704 344 0
1705 711 1
1706 296 0
1707 670 1
1708 643 1
1709 728 1
1710 57 1
1711 169 1
1712 277 1
1713 108 1
1714 349 1
1715 585 1
1716 732 0
1717 386 1
1718 422 0
1719 67 1
1720 199 1
1721 171 1
1722 631 1
1723 99 0
1724 575 1
1725 265 0
1726 342 1
1727 293 1
1728 362 1
1729 142 1
1730 66 1
1731 164 1
1732 213 1
1733 4 1
1734 263 1
1735 579 0
1736 44 1
1737 152 1
1738 768 1
1739 371 0
1740 238 1
1741 398 1
1742 248 1
1743 377 1
1744 270 1
1745 516 1
1746 424 1
1747 328 1
1748 391 1
1749 450 1
1750 387 1
1751 310 0
1752 184 1
1753 300 1
1754 662 0
1755 701 1
1756 501 0
1757 658 1
1758 180 1
1759 554 0
1760 732 1
1761 770 1
1762 122 1
1763 198 1
1764 625 1
1765 361 1
1766 82 0
1767 637 1
1768 294 0
1769 396 0
1770 13 0
1771 245 1
1772 585 1
1773 441 0
1774 343 1
1775 410 0
1776 454 1
1777 619 1
1778 683 1
1779 283 0
1780 643 1
1781 708 1
1782 493 1
1783 169 1
1784 670 1
1785 131 1
1786 34 1
1787 375 1
1788 490 1
1789 579 0
1790 217 0
1791 297 0
1792 557 1
1793 459 0
1794 140 1
1795 148 1
1796 581 1
1797 703 0
1798 590 1
1799 249 0
1800 598 1
1801 332 1
1802 740 1
1803 446 1
1804 700 1
1805 470 0
1806 402 0
1807 784 1
1808 89 0
1809 587 1
1810 391 0
1811 224 1
1812 769 0
1813 435 0
1814 188 1
1815 218 1
1816 243 1
1817 613 1
1818 451 0
1819 619 1
1820 489 1
1821 475 1
1822 262 0
1823 238 1
1824 118 1
1825 581 0
1826 738 1
1827 660 1
1828 103 1
1829 482 1
1830 168 1
1831 256 1
1832 445 1
1833 589 0
1834 334 0
1835 437 1
1836 703 0
1837 86 0
1838 576 0
1839 527 1
1840 327 1
1841 398 1
1842 284 1
1843 189 1
1844 559 1
1845 646 1
1846 567 1
1847 316 0
1848 159 0
1849 297 0
1850 535 1
1851 477 1
1852 51 1
1853 608 1
1854 81 1
1855 516 1
1856 632 1
1857 686 0
1858 378 0
1859 482 0
1860 724 0
1861 35 1
1862 418 1
1863 692 1
1864 467 1
1865 248 0
1866 129 0
1867 629 1
1868 499 0
1869 774 1
1870 762 1
1871 200 1
1872 609 1
1873 682 0
1874 150 0
1875 312 1
1876 697 0
1877 554 1
1878 682 1
1879 98 1
1880 640 1
1881 524 1
1882 282 1
1883 127 1
1884 779 1
1885 555 0
1886 596 1
1887 535 1
1888 30 1
1889 581 1
1890 787 0
1891 249 0
1892 418 1
1893 199 1
1894 454 1
1895 639 1
1896 609 1
1897 235 1
1898 721 0
1899 60 1
1900 440 1
1901 658 1
1902 565 0
1903 646 1
1904 44 1
