6423
1 206 1
2 7 1
3 27 0
4 38 1
5 13 1
6 13 0
7 191 1
8 66 0
9 84 0
10 140 1
11 114 1
12 183 1
13 20 0
14 21 0
15 121 1
16 78 1
17 106 1
18 83 0
19 104 1
20 128 0
21 105 0
22 125 1
23 11 0
24 82 1
25 4 0
26 188 1
27 112 0
28 53 1
29 150 0
30 185 1
31 149 0
32 171 0
33 213 1
34 107 1
35 25 0
36 17 1
37 27 0
38 77 1
39 198 1
40 212 1
41 178 1
42 186 1
43 62 1
44 141 1
45 31 1
46 56 1
47 94 1
48 86 1
49 132 0
50 61 1
51 12 1
52 152 1
53 153 1
54 156 1
55 184 0
56 136 1
57 58 1
58 157 0
59 211 1
60 119 0
61 61 1
62 73 1
63 53 1
64 113 1
65 149 1
66 138 1
67 117 1
68 133 0
69 169 1
70 58 0
71 161 1
72 7 1
73 167 1
74 58 1
75 181 1
76 125 1
77 149 1
78 47 1
79 153 1
80 37 1
81 54 1
82 182 1
83 116 1
84 92 1
85 40 1
86 76 1
87 62 1
88 71 1
89 179 1
90 112 1
91 171 1
92 38 1
93 17 1
94 27 1
95 33 1
96 45 1
97 105 0
98 122 1
99 47 0
100 11 0
101 82 1
102 7 1
103 102 1
104 24 0
105 72 0
106 78 0
107 169 0
108 68 1
109 135 1
110 143 0
111 25 1
112 119 1
113 66 0
114 1 1
115 106 0
116 66 0
117 32 1
118 129 0
119 16 0
120 67 1
121 154 1
122 49 1
123 194 1
124 14 1
125 146 1
126 1 1
127 210 1
128 165 0
129 158 0
130 40 1
131 111 0
132 102 1
133 44 1
134 143 0
135 104 0
136 80 1
137 73 0
138 86 1
139 179 0
140 101 1
141 190 1
142 146 1
143 87 1
144 35 1
145 196 0
146 13 0
147 114 0
148 101 1
149 66 1
150 150 1
151 104 1
152 0 0
153 77 1
154 96 0
155 120 0
156 86 1
157 18 1
158 69 1
159 194 1
160 69 0
161 43 1
162 134 0
163 63 1
164 179 1
165 130 1
166 85 1
167 63 1
168 208 0
169 36 1
170 48 1
171 6 1
172 185 0
173 17 0
174 62 1
175 8 1
176 106 1
177 147 1
178 5 0
179 194 1
180 57 1
181 18 0
182 140 1
183 91 0
184 86 1
185 157 1
186 148 1
187 133 1
188 188 1
189 23 1
190 148 0
191 100 1
192 161 0
193 213 1
194 107 1
195 68 1
196 167 1
197 24 1
198 32 0
199 161 1
200 176 1
201 185 0
202 200 1
203 162 1
204 40 1
205 74 1
206 149 1
207 94 1
208 140 0
209 126 0
210 151 0
211 130 1
212 213 1
213 130 1
214 57 0
215 81 0
216 46 1
217 61 0
218 88 1
219 70 1
220 127 0
221 182 1
222 37 1
223 22 1
224 19 1
225 76 1
226 60 1
227 207 1
228 147 0
229 90 0
230 65 1
231 87 1
232 156 0
233 153 1
234 22 0
235 92 0
236 85 1
237 75 1
238 200 1
239 165 0
240 177 1
241 108 0
242 19 0
243 15 0
244 88 1
245 21 1
246 210 1
247 128 0
248 54 1
249 115 0
250 8 0
251 90 1
252 131 1
253 149 1
254 127 1
255 55 1
256 127 0
257 46 1
258 128 1
259 177 0
260 100 0
261 88 1
262 104 1
263 180 1
264 148 1
265 166 1
266 7 1
267 114 1
268 72 1
269 188 0
270 81 1
271 153 1
272 202 1
273 151 1
274 126 1
275 51 1
276 177 1
277 186 1
278 151 0
279 157 1
280 166 0
281 106 0
282 16 1
283 31 0
284 202 0
285 151 1
286 45 0
287 142 0
288 87 0
289 150 1
290 125 1
291 157 1
292 204 1
293 88 1
294 213 1
295 91 1
296 6 1
297 58 1
298 135 1
299 189 0
300 104 1
301 125 0
302 13 1
303 183 1
304 210 1
305 31 0
306 184 1
307 142 1
308 181 1
309 111 1
310 127 1
311 65 1
312 117 0
313 19 0
314 8 1
315 94 1
316 199 1
317 48 1
318 68 1
319 31 1
320 0 0
321 118 1
322 115 1
323 154 0
324 141 1
325 195 0
326 186 0
327 119 0
328 33 0
329 206 1
330 211 0
331 86 0
332 102 1
333 59 0
334 15 1
335 167 1
336 16 1
337 209 1
338 50 1
339 0 1
340 64 1
341 178 1
342 174 0
343 58 0
344 86 1
345 181 1
346 1 1
347 212 0
348 51 1
349 61 0
350 79 0
351 159 0
352 18 1
353 159 1
354 167 0
355 191 1
356 5 0
357 200 1
358 171 1
359 104 1
360 172 1
361 205 0
362 202 1
363 64 1
364 193 0
365 37 0
366 3 1
367 19 1
368 68 0
369 21 1
370 56 0
371 39 1
372 86 0
373 172 0
374 1 1
375 165 1
376 212 1
377 65 1
378 78 1
379 172 0
380 50 1
381 195 1
382 124 0
383 7 0
384 178 1
385 146 1
386 106 1
387 13 1
388 142 1
389 168 1
390 112 1
391 180 0
392 139 1
393 174 1
394 25 0
395 208 0
396 206 1
397 62 1
398 53 1
399 26 0
400 176 0
401 184 1
402 7 0
403 193 1
404 33 1
405 156 1
406 198 1
407 187 1
408 87 1
409 59 1
410 212 0
411 52 1
412 38 1
413 38 0
414 48 1
415 109 1
416 101 1
417 157 0
418 140 1
419 190 1
420 1 1
421 36 1
422 187 1
423 186 0
424 157 1
425 37 1
426 163 1
427 77 1
428 136 1
429 11 0
430 43 1
431 204 1
432 63 1
433 39 1
434 1 1
435 27 0
436 79 0
437 65 0
438 5 0
439 45 0
440 2 1
441 35 1
442 104 1
443 17 0
444 91 1
445 6 0
446 81 1
447 211 1
448 144 1
449 213 0
450 197 1
451 12 1
452 168 0
453 48 1
454 47 1
455 122 1
456 108 1
457 79 1
458 66 1
459 102 0
460 203 1
461 11 1
462 104 1
463 80 0
464 191 1
465 44 1
466 183 1
467 101 0
468 65 1
469 98 1
470 175 1
471 94 1
472 174 0
473 213 1
474 66 0
475 117 0
476 73 0
477 58 1
478 68 1
479 76 1
480 149 1
481 84 0
482 40 1
483 43 1
484 53 1
485 150 1
486 11 0
487 83 1
488 68 1
489 213 0
490 193 0
491 122 1
492 176 0
493 15 1
494 37 1
495 154 0
496 75 1
497 23 1
498 73 1
499 153 0
500 139 1
501 140 1
502 52 1
503 55 1
504 101 0
505 119 0
506 102 1
507 132 1
508 72 1
509 104 1
510 103 0
511 13 0
512 146 1
513 158 1
514 35 0
515 132 1
516 119 1
517 190 1
518 146 1
519 10 0
520 85 1
521 46 0
522 21 1
523 115 1
524 191 1
525 66 1
526 196 1
527 123 0
528 195 0
529 66 0
530 97 1
531 55 1
532 122 0
533 106 0
534 62 1
535 166 0
536 110 1
537 198 1
538 42 1
539 157 0
540 183 0
541 31 0
542 22 1
543 89 1
544 155 1
545 97 1
546 5 0
547 187 1
548 116 1
549 45 1
550 127 1
551 190 1
552 75 1
553 88 1
554 70 0
555 68 1
556 119 1
557 0 1
558 40 1
559 8 1
560 32 1
561 166 0
562 191 0
563 96 1
564 150 0
565 136 1
566 3 1
567 165 1
568 6 0
569 59 1
570 81 0
571 194 0
572 159 1
573 206 1
574 70 1
575 45 1
576 184 0
577 71 1
578 0 1
579 119 1
580 173 1
581 9 0
582 86 1
583 51 1
584 78 0
585 33 0
586 102 1
587 78 0
588 139 1
589 110 0
590 148 1
591 30 1
592 16 1
593 144 0
594 133 1
595 176 1
596 23 1
597 133 1
598 79 0
599 66 1
600 12 1
601 103 1
602 44 1
603 93 1
604 183 1
605 111 1
606 9 1
607 168 1
608 108 1
609 52 1
610 12 0
611 52 0
612 133 0
613 9 1
614 87 1
615 87 1
616 106 1
617 146 1
618 89 1
619 51 1
620 25 0
621 108 1
622 169 1
623 139 0
624 93 0
625 90 1
626 138 1
627 73 1
628 191 1
629 201 1
630 89 0
631 96 1
632 197 1
633 63 0
634 131 1
635 63 0
636 74 1
637 56 1
638 166 0
639 92 1
640 104 0
641 83 1
642 189 1
643 164 1
644 171 1
645 17 1
646 91 1
647 106 0
648 5 1
649 79 1
650 149 1
651 11 1
652 100 1
653 184 0
654 194 0
655 30 0
656 108 0
657 192 1
658 202 1
659 182 1
660 158 1
661 71 1
662 176 0
663 110 1
664 211 1
665 35 1
666 50 1
667 19 1
668 46 1
669 135 1
670 197 1
671 190 1
672 211 1
673 107 1
674 28 1
675 155 1
676 138 1
677 154 1
678 54 1
679 213 0
680 104 0
681 130 0
682 14 1
683 23 1
684 71 1
685 97 1
686 42 0
687 78 1
688 173 1
689 103 1
690 193 1
691 107 0
692 203 1
693 150 0
694 30 0
695 94 1
696 117 1
697 74 1
698 92 0
699 201 0
700 189 1
701 149 1
702 158 1
703 135 1
704 132 1
705 38 0
706 0 0
707 93 1
708 124 1
709 178 1
710 44 1
711 74 1
712 147 1
713 156 1
714 111 0
715 120 1
716 14 0
717 181 1
718 148 1
719 9 0
720 204 1
721 41 0
722 124 1
723 126 0
724 29 0
725 121 0
726 14 0
727 98 1
728 208 1
729 119 0
730 115 0
731 201 1
732 159 0
733 167 1
734 135 1
735 91 1
736 155 1
737 49 0
738 64 0
739 31 1
740 198 0
741 30 1
742 66 1
743 92 1
744 100 1
745 30 1
746 100 1
747 209 0
748 118 0
749 71 1
750 56 1
751 98 1
752 160 1
753 208 1
754 40 0
755 35 0
756 178 1
757 101 0
758 125 1
759 169 1
760 54 1
761 22 1
762 148 1
763 133 0
764 112 1
765 171 1
766 85 1
767 166 1
768 66 0
769 41 1
770 119 1
771 209 0
772 5 0
773 124 0
774 154 1
775 5 1
776 210 1
777 14 0
778 192 1
779 61 1
780 69 0
781 191 0
782 151 1
783 118 1
784 169 0
785 42 1
786 32 0
787 167 0
788 66 0
789 168 1
790 156 1
791 80 1
792 66 1
793 161 0
794 105 1
795 212 0
796 173 1
797 47 1
798 198 1
799 114 1
800 122 1
801 91 1
802 125 1
803 192 1
804 54 1
805 63 1
806 117 1
807 13 1
808 101 1
809 159 1
810 114 1
811 98 1
812 211 1
813 184 1
814 176 1
815 66 1
816 26 0
817 170 1
818 212 1
819 61 1
820 92 1
821 126 0
822 131 1
823 178 1
824 177 0
825 10 0
826 76 1
827 151 1
828 187 1
829 55 1
830 137 1
831 97 0
832 75 1
833 179 1
834 66 0
835 203 0
836 15 1
837 85 0
838 119 1
839 97 1
840 36 0
841 93 0
842 80 1
843 119 1
844 16 0
845 66 1
846 160 1
847 35 1
848 81 1
849 173 0
850 172 1
851 170 1
852 143 1
853 52 0
854 23 1
855 209 1
856 120 1
857 36 0
858 197 1
859 186 1
860 48 1
861 16 1
862 66 1
863 26 0
864 197 1
865 13 1
866 81 1
867 139 1
868 156 1
869 136 1
870 204 1
871 103 1
872 152 1
873 30 1
874 13 0
875 212 0
876 187 1
877 133 0
878 212 1
879 119 1
880 78 1
881 148 0
882 179 1
883 33 1
884 197 0
885 165 1
886 19 1
887 16 1
888 58 1
889 171 1
890 127 0
891 210 1
892 49 0
893 4 0
894 153 1
895 107 1
896 120 1
897 40 1
898 193 0
899 4 0
900 107 1
901 13 1
902 88 1
903 16 1
904 154 1
905 81 1
906 8 0
907 100 0
908 2 0
909 36 1
910 160 1
911 105 1
912 195 1
913 17 1
914 83 1
915 68 1
916 54 1
917 35 1
918 190 1
919 152 1
920 103 1
921 198 1
922 106 0
923 100 0
924 120 1
925 51 0
926 77 1
927 212 1
928 166 0
929 165 1
930 114 1
931 90 1
932 33 1
933 29 0
934 187 1
935 72 1
936 65 1
937 120 1
938 4 1
939 212 1
940 153 0
941 55 0
942 70 0
943 7 1
944 146 0
945 136 1
946 123 1
947 147 1
948 148 1
949 30 1
950 153 1
951 198 0
952 22 1
953 40 0
954 188 0
955 83 0
956 20 0
957 76 0
958 56 1
959 44 0
960 119 1
961 181 1
962 58 0
963 50 0
964 86 1
965 46 0
966 47 0
967 108 1
968 212 0
969 28 1
970 186 1
971 110 1
972 181 1
973 82 1
974 134 0
975 158 1
976 26 0
977 1 0
978 103 0
979 154 0
980 209 1
981 78 1
982 162 0
983 44 1
984 120 1
985 143 1
986 183 1
987 17 0
988 158 1
989 38 1
990 159 1
991 51 1
992 39 1
993 133 0
994 103 1
995 127 1
996 206 1
997 73 1
998 178 1
999 111 1
1000 189 1
1001 109 1
1002 157 1
1003 172 1
1004 159 1
1005 113 1
1006 124 1
1007 7 1
1008 148 1
1009 101 1
1010 145 1
1011 213 0
1012 6 0
1013 156 1
1014 121 1
1015 200 0
1016 25 1
1017 118 1
1018 155 1
1019 2 1
1020 151 1
1021 204 0
1022 143 0
1023 89 1
1024 1 1
1025 192 1
1026 137 1
1027 148 1
1028 50 1
1029 191 0
1030 75 1
1031 200 1
1032 138 0
1033 0 1
1034 114 1
1035 179 1
1036 128 0
1037 45 1
1038 30 0
1039 67 1
1040 190 1
1041 41 0
1042 24 1
1043 121 1
1044 143 0
1045 178 0
1046 140 1
1047 182 1
1048 202 0
1049 143 1
1050 196 0
1051 17 0
1052 141 1
1053 168 0
1054 130 1
1055 66 1
1056 0 1
1057 151 0
1058 161 1
1059 176 1
1060 21 0
1061 105 1
1062 170 1
1063 158 1
1064 121 1
1065 124 0
1066 206 1
1067 145 1
1068 136 1
1069 23 1
1070 200 0
1071 90 1
1072 129 1
1073 156 1
1074 164 0
1075 178 1
1076 191 1
1077 65 0
1078 143 1
1079 169 1
1080 106 1
1081 17 0
1082 85 1
1083 164 1
1084 195 0
1085 206 1
1086 208 1
1087 167 0
1088 188 1
1089 65 0
1090 91 1
1091 42 0
1092 98 0
1093 80 0
1094 194 1
1095 156 0
1096 47 0
1097 117 1
1098 55 1
1099 72 1
1100 186 0
1101 3 1
1102 10 1
1103 23 1
1104 143 1
1105 56 0
1106 49 0
1107 21 1
1108 138 1
1109 39 1
1110 70 0
1111 69 1
1112 166 1
1113 182 1
1114 118 0
1115 189 1
1116 182 0
1117 136 1
1118 12 1
1119 109 1
1120 111 1
1121 107 1
1122 196 1
1123 171 0
1124 163 0
1125 102 1
1126 203 0
1127 68 1
1128 9 1
1129 162 1
1130 86 0
1131 14 1
1132 47 0
1133 179 1
1134 27 0
1135 146 0
1136 104 0
1137 162 1
1138 32 0
1139 70 1
1140 49 1
1141 78 1
1142 62 0
1143 193 1
1144 47 0
1145 209 1
1146 142 1
1147 120 0
1148 92 1
1149 180 0
1150 24 0
1151 122 1
1152 83 0
1153 78 0
1154 122 0
1155 175 1
1156 38 1
1157 73 0
1158 119 0
1159 36 1
1160 57 1
1161 18 1
1162 119 1
1163 106 1
1164 88 1
1165 194 1
1166 116 0
1167 104 0
1168 37 1
1169 180 1
1170 48 1
1171 195 1
1172 113 0
1173 52 1
1174 185 1
1175 49 0
1176 198 1
1177 92 1
1178 70 1
1179 32 1
1180 203 1
1181 135 1
1182 193 1
1183 23 1
1184 4 1
1185 185 1
1186 63 1
1187 4 1
1188 85 1
1189 127 0
1190 76 0
1191 162 1
1192 107 0
1193 95 0
1194 171 1
1195 201 0
1196 4 1
1197 197 0
1198 158 1
1199 9 0
1200 142 1
1201 148 1
1202 79 1
1203 168 1
1204 208 1
1205 152 0
1206 121 0
1207 63 1
1208 141 1
1209 56 1
1210 150 0
1211 122 1
1212 30 1
1213 1 1
1214 44 1
1215 69 1
1216 136 1
1217 178 1
1218 87 0
1219 97 0
1220 9 0
1221 16 0
1222 136 0
1223 9 0
1224 33 1
1225 171 0
1226 41 1
1227 201 1
1228 116 0
1229 123 1
1230 76 1
1231 66 1
1232 60 1
1233 146 1
1234 173 1
1235 93 1
1236 211 1
1237 31 0
1238 198 0
1239 206 0
1240 37 0
1241 133 1
1242 174 0
1243 13 1
1244 187 0
1245 170 0
1246 194 0
1247 195 1
1248 130 0
1249 188 0
1250 21 0
1251 204 0
1252 187 1
1253 162 1
1254 139 1
1255 122 1
1256 182 1
1257 119 0
1258 94 1
1259 84 1
1260 201 0
1261 50 0
1262 140 1
1263 8 0
1264 22 1
1265 10 1
1266 60 1
1267 141 0
1268 99 0
1269 138 0
1270 108 0
1271 132 0
1272 19 1
1273 152 0
1274 102 0
1275 46 0
1276 208 0
1277 135 1
1278 59 0
1279 54 1
1280 203 0
1281 203 0
1282 210 1
1283 16 0
1284 84 1
1285 51 1
1286 132 1
1287 201 1
1288 153 1
1289 197 1
1290 25 0
1291 63 1
1292 57 1
1293 17 1
1294 205 0
1295 62 1
1296 136 1
1297 108 1
1298 46 1
1299 160 1
1300 210 1
1301 40 1
1302 114 0
1303 212 1
1304 31 0
1305 27 1
1306 89 0
1307 154 0
1308 152 1
1309 59 1
1310 30 1
1311 55 0
1312 36 1
1313 17 1
1314 6 1
1315 144 1
1316 108 1
1317 209 1
1318 145 0
1319 207 1
1320 199 1
1321 97 1
1322 188 0
1323 16 0
1324 210 1
1325 201 1
1326 60 1
1327 56 0
1328 139 1
1329 111 1
1330 184 1
1331 12 0
1332 159 0
1333 164 0
1334 79 1
1335 130 1
1336 42 0
1337 70 0
1338 198 0
1339 75 1
1340 94 1
1341 152 1
1342 37 1
1343 184 1
1344 0 1
1345 186 1
1346 123 1
1347 58 1
1348 138 0
1349 90 0
1350 30 0
1351 68 1
1352 99 1
1353 88 1
1354 90 1
1355 209 1
1356 90 1
1357 125 1
1358 73 0
1359 168 0
1360 109 0
1361 54 1
1362 124 1
1363 165 0
1364 199 0
1365 199 1
1366 126 0
1367 87 0
1368 56 0
1369 26 1
1370 203 1
1371 117 0
1372 100 1
1373 71 1
1374 202 1
1375 112 0
1376 165 0
1377 193 1
1378 143 0
1379 202 1
1380 50 1
1381 144 1
1382 173 1
1383 120 0
1384 58 0
1385 162 1
1386 100 0
1387 59 1
1388 103 1
1389 92 1
1390 155 0
1391 52 1
1392 89 0
1393 191 1
1394 40 1
1395 79 1
1396 153 1
1397 199 1
1398 174 0
1399 60 0
1400 115 0
1401 211 1
1402 83 0
1403 202 0
1404 118 1
1405 142 1
1406 3 1
1407 29 1
1408 90 0
1409 188 1
1410 119 1
1411 7 0
1412 142 1
1413 35 1
1414 175 0
1415 198 0
1416 113 1
1417 10 1
1418 184 1
1419 32 1
1420 11 1
1421 12 1
1422 87 0
1423 38 1
1424 126 1
1425 26 0
1426 212 0
1427 22 1
1428 104 1
1429 174 1
1430 162 1
1431 7 1
1432 72 0
1433 121 0
1434 16 0
1435 62 1
1436 46 0
1437 41 1
1438 48 0
1439 174 0
1440 23 1
1441 138 1
1442 99 1
1443 94 1
1444 81 1
1445 133 1
1446 77 0
1447 22 1
1448 158 1
1449 191 1
1450 14 1
1451 65 1
1452 46 0
1453 125 1
1454 49 0
1455 201 0
1456 5 1
1457 172 1
1458 3 0
1459 171 1
1460 186 0
1461 191 1
1462 17 0
1463 199 1
1464 6 1
1465 213 1
1466 80 0
1467 81 0
1468 102 0
1469 85 1
1470 156 1
1471 156 1
1472 129 1
1473 129 1
1474 31 0
1475 12 0
1476 110 0
1477 199 1
1478 66 1
1479 167 1
1480 10 1
1481 25 1
1482 17 0
1483 82 0
1484 176 1
1485 203 1
1486 104 0
1487 76 1
1488 191 0
1489 16 1
1490 157 0
1491 158 0
1492 96 0
1493 112 1
1494 191 1
1495 167 0
1496 18 1
1497 157 1
1498 16 1
1499 18 1
1500 56 1
1501 107 1
1502 16 1
1503 112 1
1504 108 1
1505 149 1
1506 88 0
1507 36 0
1508 101 1
1509 65 1
1510 146 1
1511 212 1
1512 74 1
1513 63 1
1514 190 1
1515 146 0
1516 167 0
1517 125 0
1518 10 1
1519 109 0
1520 83 0
1521 101 1
1522 2 1
1523 6 1
1524 3 1
1525 181 0
1526 167 1
1527 177 1
1528 131 0
1529 49 1
1530 118 1
1531 141 1
1532 168 1
1533 186 0
1534 8 1
1535 160 1
1536 58 0
1537 127 0
1538 116 0
1539 95 0
1540 69 0
1541 133 1
1542 107 1
1543 128 0
1544 133 0
1545 132 1
1546 92 0
1547 108 1
1548 190 1
1549 88 1
1550 94 1
1551 153 0
1552 81 1
1553 145 1
1554 65 1
1555 112 0
1556 168 0
1557 21 1
1558 206 0
1559 17 1
1560 46 1
1561 162 1
1562 5 1
1563 116 1
1564 68 1
1565 43 1
1566 170 1
1567 34 1
1568 128 0
1569 98 1
1570 70 1
1571 191 1
1572 174 0
1573 17 1
1574 81 1
1575 155 1
1576 49 1
1577 197 1
1578 91 0
1579 182 0
1580 21 1
1581 186 0
1582 140 1
1583 160 1
1584 196 0
1585 179 1
1586 118 1
1587 9 1
1588 88 0
1589 108 1
1590 139 1
1591 14 0
1592 84 1
1593 175 1
1594 28 1
1595 131 1
1596 18 1
1597 104 0
1598 120 1
1599 145 1
1600 104 1
1601 86 0
1602 132 0
1603 19 0
1604 200 1
1605 107 0
1606 41 1
1607 32 0
1608 50 1
1609 165 1
1610 68 0
1611 137 1
1612 117 0
1613 177 0
1614 155 1
1615 57 0
1616 16 0
1617 199 1
1618 35 1
1619 18 0
1620 210 0
1621 79 1
1622 178 0
1623 94 1
1624 36 1
1625 102 0
1626 59 0
1627 54 0
1628 198 1
1629 64 1
1630 205 1
1631 116 1
1632 130 1
1633 19 1
1634 38 1
1635 119 0
1636 94 0
1637 71 1
1638 95 1
1639 82 1
1640 143 1
1641 167 1
1642 209 1
1643 97 0
1644 103 1
1645 196 1
1646 2 0
1647 179 1
1648 131 1
1649 15 1
1650 167 1
1651 135 1
1652 118 1
1653 183 1
1654 90 1
1655 208 0
1656 167 0
1657 153 1
1658 101 1
1659 5 0
1660 131 1
1661 163 1
1662 17 1
1663 197 1
1664 45 1
1665 182 1
1666 65 1
1667 124 1
1668 96 1
1669 47 0
1670 77 1
1671 137 0
1672 135 1
1673 57 1
1674 46 1
1675 90 1
1676 128 1
1677 28 0
1678 100 1
1679 158 0
1680 155 1
1681 7 1
1682 17 0
1683 122 1
1684 157 0
1685 164 1
1686 210 1
1687 128 0
1688 28 0
1689 17 1
1690 112 0
1691 183 0
1692 79 0
1693 103 1
1694 154 1
1695 42 0
1696 107 1
1697 102 0
1698 113 0
1699 101 0
1700 111 0
1701 154 1
1702 3 0
1703 103 0
1704 118 1
1705 184 0
1706 93 0
1707 42 1
1708 15 1
1709 70 1
1710 58 1
1711 51 0
1712 94 1
1713 7 1
1714 28 1
1715 128 0
1716 24 1
1717 180 0
1718 70 1
1719 68 0
1720 54 1
1721 69 0
1722 56 1
1723 38 0
1724 121 1
1725 26 0
1726 84 1
1727 62 0
1728 96 1
1729 37 0
1730 42 0
1731 196 1
1732 166 1
1733 103 1
1734 28 1
1735 75 1
1736 142 1
1737 162 1
1738 119 1
1739 55 1
1740 104 0
1741 206 1
1742 23 1
1743 17 1
1744 202 1
1745 176 1
1746 84 0
1747 28 1
1748 117 0
1749 137 1
1750 21 1
1751 159 1
1752 74 1
1753 79 0
1754 103 1
1755 152 1
1756 147 1
1757 46 1
1758 64 1
1759 8 1
1760 196 0
1761 15 1
1762 139 1
1763 34 0
1764 107 0
1765 119 1
1766 101 0
1767 9 1
1768 182 1
1769 19 0
1770 154 0
1771 143 1
1772 180 0
1773 122 1
1774 184 1
1775 15 1
1776 179 1
1777 96 0
1778 5 1
1779 78 0
1780 166 0
1781 104 1
1782 126 1
1783 93 0
1784 65 0
1785 29 0
1786 80 1
1787 171 1
1788 147 0
1789 9 1
1790 142 1
1791 148 1
1792 132 1
1793 212 0
1794 94 0
1795 114 1
1796 206 0
1797 32 1
1798 196 0
1799 76 0
1800 34 1
1801 131 1
1802 210 1
1803 93 0
1804 31 1
1805 194 0
1806 204 1
1807 0 1
1808 91 0
1809 123 1
1810 7 1
1811 18 1
1812 106 1
1813 196 1
1814 40 1
1815 213 1
1816 29 0
1817 121 1
1818 150 0
1819 101 0
1820 34 1
1821 74 1
1822 142 1
1823 10 1
1824 4 0
1825 205 0
1826 21 0
1827 90 1
1828 69 1
1829 147 0
1830 209 0
1831 49 1
1832 209 0
1833 196 1
1834 103 1
1835 192 1
1836 97 0
1837 172 0
1838 58 0
1839 44 1
1840 180 0
1841 6 1
1842 54 1
1843 47 1
1844 101 0
1845 98 1
1846 60 0
1847 199 1
1848 181 1
1849 65 1
1850 50 0
1851 4 0
1852 27 1
1853 104 1
1854 76 1
1855 80 1
1856 48 0
1857 31 1
1858 115 0
1859 91 0
1860 137 1
1861 108 1
1862 200 1
1863 117 1
1864 60 1
1865 102 1
1866 158 0
1867 122 1
1868 68 1
1869 135 1
1870 26 1
1871 187 0
1872 19 0
1873 187 1
1874 161 0
1875 0 0
1876 185 0
1877 146 0
1878 134 1
1879 57 0
1880 163 1
1881 102 1
1882 51 0
1883 157 1
1884 101 0
1885 195 1
1886 11 1
1887 66 1
1888 37 0
1889 29 0
1890 36 1
1891 1 1
1892 2 1
1893 43 1
1894 128 1
1895 196 0
1896 123 0
1897 195 1
1898 26 1
1899 157 0
1900 80 1
1901 187 1
1902 25 1
1903 53 0
1904 79 0
1905 193 1
1906 190 1
1907 54 1
1908 205 1
1909 115 0
1910 61 1
1911 61 1
1912 113 1
1913 76 1
1914 44 1
1915 200 0
1916 90 1
1917 147 1
1918 145 1
1919 110 1
1920 147 0
1921 57 1
1922 2 1
1923 101 0
1924 73 1
1925 45 1
1926 178 1
1927 37 0
1928 12 1
1929 150 1
1930 65 0
1931 112 1
1932 95 1
1933 202 1
1934 42 0
1935 182 1
1936 189 1
1937 30 1
1938 1 1
1939 117 0
1940 212 0
1941 72 1
1942 133 1
1943 187 1
1944 155 1
1945 134 0
1946 191 1
1947 93 1
1948 88 0
1949 177 0
1950 112 1
1951 37 1
1952 35 0
1953 75 1
1954 63 1
1955 188 1
1956 5 1
1957 102 1
1958 20 1
1959 3 0
1960 62 1
1961 45 0
1962 34 1
1963 190 0
1964 83 0
1965 117 1
1966 16 1
1967 79 1
1968 86 1
1969 165 1
1970 65 1
1971 143 1
1972 196 0
1973 141 1
1974 185 0
1975 109 1
1976 0 1
1977 151 1
1978 10 1
1979 21 0
1980 212 0
1981 153 1
1982 12 1
1983 144 1
1984 105 1
1985 34 0
1986 31 1
1987 173 1
1988 72 0
1989 15 0
1990 177 1
1991 155 0
1992 210 1
1993 143 0
1994 83 1
1995 177 1
1996 22 0
1997 105 0
1998 0 0
1999 132 1
2000 209 0
2001 72 1
2002 207 1
2003 185 1
2004 209 1
2005 187 1
2006 188 1
2007 67 0
2008 84 1
2009 54 1
2010 94 1
2011 112 1
2012 212 0
2013 82 1
2014 117 1
2015 114 1
2016 31 0
2017 2 1
2018 81 1
2019 168 1
2020 37 1
2021 35 1
2022 134 0
2023 127 1
2024 31 1
2025 36 1
2026 131 0
2027 105 1
2028 163 0
2029 138 1
2030 52 0
2031 43 1
2032 88 0
2033 185 1
2034 97 1
2035 31 1
2036 146 1
2037 146 1
2038 33 1
2039 149 0
2040 173 1
2041 54 1
2042 131 1
2043 83 1
2044 211 1
2045 146 0
2046 123 0
2047 64 1
2048 99 1
2049 166 1
2050 185 1
2051 48 1
2052 128 0
2053 48 1
2054 186 1
2055 90 1
2056 179 1
2057 99 1
2058 167 1
2059 176 1
2060 122 1
2061 213 0
2062 162 0
2063 29 1
2064 109 1
2065 107 1
2066 111 1
2067 62 1
2068 0 1
2069 51 1
2070 171 1
2071 195 1
2072 149 1
2073 165 1
2074 49 1
2075 53 1
2076 169 1
2077 134 1
2078 126 0
2079 29 1
2080 77 1
2081 34 1
2082 10 1
2083 78 1
2084 138 0
2085 129 0
2086 135 0
2087 96 1
2088 191 1
2089 106 0
2090 108 1
2091 61 1
2092 76 0
2093 112 1
2094 77 1
2095 88 1
2096 210 1
2097 207 0
2098 150 1
2099 163 0
2100 211 0
2101 180 0
2102 122 0
2103 136 0
2104 42 0
2105 136 1
2106 51 1
2107 213 1
2108 111 1
2109 195 0
2110 117 1
2111 207 0
2112 124 0
2113 198 1
2114 68 1
2115 145 1
2116 90 1
2117 62 1
2118 105 1
2119 108 1
2120 90 1
2121 84 0
2122 13 1
2123 202 0
2124 206 0
2125 178 1
2126 38 0
2127 87 1
2128 168 1
2129 87 0
2130 82 0
2131 19 1
2132 61 1
2133 35 0
2134 144 1
2135 32 1
2136 173 0
2137 163 0
2138 65 1
2139 176 1
2140 52 1
2141 30 1
2142 175 1
2143 117 0
2144 52 1
2145 83 1
2146 86 0
2147 172 0
2148 49 1
2149 177 1
2150 69 1
2151 146 1
2152 191 1
2153 11 0
2154 110 1
2155 177 1
2156 191 1
2157 185 1
2158 43 1
2159 146 1
2160 10 0
2161 94 1
2162 197 1
2163 175 0
2164 124 1
2165 89 0
2166 212 1
2167 85 1
2168 195 1
2169 163 0
2170 148 1
2171 186 0
2172 198 0
2173 75 1
2174 31 1
2175 200 1
2176 101 1
2177 69 0
2178 211 0
2179 194 1
2180 179 1
2181 32 0
2182 170 1
2183 153 1
2184 147 1
2185 107 0
2186 25 0
2187 71 1
2188 169 0
2189 182 1
2190 18 1
2191 106 1
2192 113 1
2193 68 1
2194 2 1
2195 18 1
2196 196 1
2197 145 0
2198 101 1
2199 168 0
2200 196 1
2201 125 0
2202 141 0
2203 162 1
2204 207 1
2205 162 0
2206 163 0
2207 63 0
2208 162 1
2209 37 1
2210 43 1
2211 64 0
2212 39 0
2213 42 1
2214 157 1
2215 184 1
2216 58 1
2217 79 1
2218 10 1
2219 160 1
2220 22 0
2221 161 1
2222 95 1
2223 112 0
2224 73 1
2225 72 1
2226 137 0
2227 7 1
2228 210 1
2229 180 0
2230 46 1
2231 158 1
2232 178 0
2233 99 1
2234 129 1
2235 124 0
2236 86 1
2237 55 1
2238 14 1
2239 157 1
2240 35 0
2241 69 0
2242 84 1
2243 213 1
2244 125 0
2245 99 1
2246 48 1
2247 139 0
2248 212 0
2249 132 1
2250 3 0
2251 144 0
2252 115 1
2253 203 1
2254 17 1
2255 149 1
2256 93 1
2257 88 1
2258 12 1
2259 123 0
2260 131 0
2261 173 1
2262 197 1
2263 123 0
2264 202 1
2265 119 0
2266 84 1
2267 158 0
2268 181 1
2269 47 1
2270 11 1
2271 114 1
2272 211 0
2273 79 1
2274 154 0
2275 11 1
2276 74 1
2277 182 1
2278 148 1
2279 116 1
2280 64 0
2281 137 0
2282 3 1
2283 66 0
2284 93 1
2285 100 0
2286 106 0
2287 73 0
2288 67 1
2289 44 1
2290 4 0
2291 78 0
2292 173 0
2293 213 0
2294 69 0
2295 39 1
2296 70 1
2297 0 1
2298 121 1
2299 190 1
2300 190 0
2301 37 0
2302 155 1
2303 117 0
2304 127 0
2305 15 1
2306 150 0
2307 74 0
2308 3 0
2309 12 0
2310 121 1
2311 137 1
2312 91 1
2313 129 1
2314 137 1
2315 145 0
2316 45 0
2317 60 1
2318 156 1
2319 140 1
2320 57 0
2321 65 1
2322 112 1
2323 112 1
2324 76 1
2325 119 1
2326 107 1
2327 185 0
2328 113 1
2329 129 0
2330 69 1
2331 13 0
2332 174 0
2333 179 1
2334 183 1
2335 118 1
2336 193 1
2337 30 1
2338 118 1
2339 139 1
2340 199 1
2341 42 1
2342 20 0
2343 155 1
2344 192 0
2345 33 0
2346 208 0
2347 95 1
2348 52 1
2349 2 0
2350 98 1
2351 125 0
2352 99 1
2353 102 1
2354 16 1
2355 62 1
2356 150 1
2357 171 0
2358 196 1
2359 21 1
2360 46 1
2361 155 1
2362 179 0
2363 140 1
2364 174 1
2365 116 1
2366 127 0
2367 69 1
2368 47 1
2369 94 1
2370 130 1
2371 142 1
2372 125 1
2373 169 1
2374 144 0
2375 146 1
2376 41 1
2377 17 1
2378 201 0
2379 101 1
2380 18 1
2381 153 1
2382 109 1
2383 169 1
2384 43 1
2385 83 1
2386 70 1
2387 104 0
2388 42 1
2389 166 0
2390 115 1
2391 163 1
2392 118 1
2393 27 1
2394 55 1
2395 200 1
2396 64 0
2397 16 1
2398 11 1
2399 193 1
2400 98 0
2401 159 0
2402 5 1
2403 13 0
2404 42 0
2405 20 1
2406 65 1
2407 177 1
2408 13 1
2409 7 1
2410 51 0
2411 6 1
2412 210 1
2413 6 1
2414 71 0
2415 61 1
2416 193 1
2417 56 0
2418 203 1
2419 177 0
2420 182 0
2421 120 1
2422 98 1
2423 80 1
2424 6 0
2425 112 1
2426 13 0
2427 172 0
2428 5 0
2429 17 1
2430 27 1
2431 178 0
2432 164 1
2433 68 0
2434 23 1
2435 184 1
2436 93 1
2437 102 0
2438 37 1
2439 167 1
2440 202 0
2441 100 0
2442 47 0
2443 158 1
2444 32 0
2445 129 1
2446 118 1
2447 143 0
2448 46 0
2449 7 1
2450 107 0
2451 138 1
2452 145 1
2453 41 0
2454 141 1
2455 12 1
2456 205 1
2457 131 0
2458 181 0
2459 91 1
2460 183 0
2461 205 1
2462 178 1
2463 88 0
2464 210 1
2465 90 1
2466 151 0
2467 167 0
2468 187 1
2469 197 1
2470 203 1
2471 29 1
2472 187 1
2473 20 1
2474 100 1
2475 86 0
2476 128 0
2477 21 1
2478 145 0
2479 180 1
2480 136 1
2481 41 0
2482 3 1
2483 88 1
2484 135 1
2485 22 1
2486 213 1
2487 38 1
2488 76 1
2489 205 1
2490 33 1
2491 110 1
2492 87 1
2493 117 0
2494 172 1
2495 24 1
2496 72 1
2497 100 1
2498 205 1
2499 197 1
2500 192 0
2501 116 0
2502 203 1
2503 174 1
2504 144 1
2505 106 1
2506 174 1
2507 135 1
2508 212 0
2509 212 0
2510 122 1
2511 198 1
2512 165 1
2513 202 1
2514 205 1
2515 148 1
2516 123 1
2517 92 0
2518 136 1
2519 110 0
2520 149 1
2521 39 1
2522 83 1
2523 90 1
2524 213 0
2525 185 0
2526 121 0
2527 180 1
2528 117 1
2529 93 1
2530 5 1
2531 77 0
2532 9 0
2533 105 1
2534 86 1
2535 143 1
2536 81 0
2537 64 1
2538 143 1
2539 111 1
2540 106 1
2541 128 0
2542 115 0
2543 18 1
2544 127 1
2545 59 1
2546 71 0
2547 125 0
2548 102 1
2549 12 0
2550 163 1
2551 143 1
2552 202 1
2553 205 1
2554 11 1
2555 206 1
2556 48 1
2557 63 1
2558 147 1
2559 46 1
2560 124 1
2561 57 1
2562 105 1
2563 208 1
2564 130 1
2565 183 1
2566 25 0
2567 119 0
2568 37 0
2569 78 1
2570 145 1
2571 97 0
2572 123 1
2573 7 1
2574 105 1
2575 194 0
2576 90 1
2577 143 1
2578 83 1
2579 122 0
2580 7 1
2581 88 1
2582 135 1
2583 125 1
2584 37 1
2585 84 1
2586 205 1
2587 26 1
2588 138 0
2589 180 0
2590 19 0
2591 123 1
2592 130 1
2593 24 0
2594 54 1
2595 77 1
2596 169 0
2597 173 1
2598 92 0
2599 58 1
2600 5 0
2601 175 1
2602 119 1
2603 189 1
2604 22 0
2605 5 1
2606 34 1
2607 83 1
2608 113 1
2609 29 0
2610 117 1
2611 162 0
2612 204 1
2613 26 0
2614 137 0
2615 75 1
2616 158 1
2617 2 0
2618 171 0
2619 107 1
2620 211 1
2621 98 0
2622 173 1
2623 206 1
2624 153 0
2625 172 0
2626 206 1
2627 61 0
2628 105 1
2629 143 0
2630 104 1
2631 34 1
2632 119 0
2633 45 1
2634 24 1
2635 133 1
2636 129 0
2637 131 0
2638 132 0
2639 24 1
2640 77 0
2641 206 1
2642 113 0
2643 129 1
2644 6 0
2645 179 0
2646 209 1
2647 91 1
2648 115 0
2649 123 0
2650 153 1
2651 25 0
2652 206 0
2653 20 1
2654 211 1
2655 60 1
2656 37 0
2657 7 0
2658 38 1
2659 88 1
2660 195 1
2661 87 1
2662 131 1
2663 169 1
2664 179 1
2665 36 0
2666 198 0
2667 50 0
2668 149 1
2669 33 0
2670 124 1
2671 153 0
2672 78 1
2673 31 1
2674 83 0
2675 25 1
2676 36 1
2677 51 0
2678 86 1
2679 64 1
2680 162 1
2681 33 0
2682 25 1
2683 56 1
2684 85 1
2685 185 0
2686 47 1
2687 22 0
2688 148 0
2689 37 0
2690 104 0
2691 161 1
2692 184 1
2693 26 1
2694 83 0
2695 40 0
2696 201 0
2697 42 1
2698 89 1
2699 51 0
2700 52 1
2701 35 1
2702 10 0
2703 88 0
2704 110 1
2705 109 0
2706 52 1
2707 4 0
2708 200 0
2709 79 0
2710 200 0
2711 33 0
2712 58 1
2713 64 0
2714 38 1
2715 40 0
2716 2 0
2717 53 0
2718 64 0
2719 104 1
2720 130 1
2721 38 1
2722 55 1
2723 137 1
2724 152 1
2725 189 1
2726 200 1
2727 189 1
2728 161 0
2729 124 0
2730 20 1
2731 153 1
2732 104 1
2733 113 1
2734 211 1
2735 207 0
2736 2 0
2737 28 1
2738 152 1
2739 109 1
2740 32 1
2741 160 1
2742 170 0
2743 209 1
2744 108 0
2745 181 1
2746 1 1
2747 82 1
2748 45 1
2749 206 1
2750 131 0
2751 102 1
2752 94 1
2753 123 0
2754 160 0
2755 123 0
2756 34 1
2757 143 0
2758 138 1
2759 186 0
2760 189 0
2761 92 1
2762 205 1
2763 160 1
2764 20 1
2765 157 1
2766 1 1
2767 4 1
2768 186 1
2769 128 1
2770 78 1
2771 43 1
2772 186 0
2773 181 1
2774 188 0
2775 6 1
2776 170 1
2777 150 1
2778 204 1
2779 208 1
2780 180 1
2781 27 1
2782 128 1
2783 208 0
2784 90 1
2785 166 0
2786 171 1
2787 145 1
2788 192 1
2789 117 0
2790 61 1
2791 194 1
2792 153 1
2793 188 1
2794 158 1
2795 18 1
2796 119 0
2797 169 0
2798 8 1
2799 213 1
2800 150 1
2801 199 1
2802 170 1
2803 114 0
2804 106 1
2805 33 0
2806 72 1
2807 48 1
2808 7 0
2809 19 0
2810 205 1
2811 7 0
2812 15 0
2813 155 1
2814 203 0
2815 54 1
2816 183 1
2817 111 0
2818 102 1
2819 74 0
2820 175 1
2821 26 0
2822 130 1
2823 123 1
2824 98 1
2825 20 1
2826 112 1
2827 132 1
2828 67 1
2829 82 1
2830 159 1
2831 60 1
2832 177 1
2833 200 1
2834 116 1
2835 138 0
2836 31 1
2837 43 1
2838 172 1
2839 16 1
2840 95 0
2841 145 0
2842 209 1
2843 52 1
2844 1 0
2845 196 0
2846 204 1
2847 153 0
2848 1 1
2849 28 1
2850 131 1
2851 126 1
2852 50 1
2853 41 1
2854 55 0
2855 210 0
2856 25 1
2857 8 1
2858 69 0
2859 14 1
2860 59 0
2861 96 1
2862 186 0
2863 80 1
2864 107 1
2865 22 1
2866 208 0
2867 119 1
2868 182 1
2869 130 1
2870 150 0
2871 38 1
2872 131 1
2873 128 1
2874 184 1
2875 136 1
2876 3 0
2877 11 1
2878 131 1
2879 94 0
2880 65 0
2881 49 0
2882 129 0
2883 181 1
2884 192 1
2885 53 1
2886 155 0
2887 168 1
2888 69 1
2889 205 0
2890 88 1
2891 1 0
2892 9 1
2893 67 1
2894 115 1
2895 97 1
2896 142 1
2897 25 1
2898 178 0
2899 155 1
2900 167 1
2901 3 1
2902 17 0
2903 44 1
2904 185 0
2905 203 0
2906 95 1
2907 16 1
2908 14 0
2909 110 0
2910 109 1
2911 95 1
2912 72 0
2913 95 0
2914 190 1
2915 57 1
2916 108 1
2917 115 0
2918 164 0
2919 75 1
2920 127 0
2921 206 1
2922 66 0
2923 192 0
2924 23 1
2925 141 1
2926 81 1
2927 171 1
2928 6 1
2929 54 1
2930 167 1
2931 203 0
2932 104 0
2933 119 0
2934 195 1
2935 201 1
2936 55 1
2937 50 1
2938 133 1
2939 133 0
2940 48 1
2941 7 0
2942 14 1
2943 147 1
2944 95 1
2945 12 1
2946 176 0
2947 41 1
2948 183 1
2949 132 1
2950 151 1
2951 206 1
2952 30 1
2953 46 1
2954 2 1
2955 37 1
2956 26 0
2957 111 1
2958 87 1
2959 71 1
2960 109 1
2961 162 1
2962 17 0
2963 3 1
2964 14 1
2965 15 1
2966 186 1
2967 90 1
2968 127 1
2969 29 1
2970 33 0
2971 43 1
2972 189 0
2973 178 1
2974 131 0
2975 177 0
2976 50 1
2977 177 1
2978 48 1
2979 64 1
2980 179 1
2981 92 1
2982 19 1
2983 85 1
2984 182 1
2985 140 0
2986 44 0
2987 207 1
2988 56 0
2989 15 1
2990 70 1
2991 79 1
2992 104 1
2993 52 1
2994 86 1
2995 11 1
2996 127 0
2997 134 0
2998 149 1
2999 157 1
3000 197 1
3001 50 1
3002 52 0
3003 193 0
3004 78 0
3005 161 1
3006 187 1
3007 55 0
3008 0 0
3009 26 0
3010 155 0
3011 69 0
3012 72 0
3013 147 1
3014 72 1
3015 202 1
3016 105 1
3017 14 0
3018 14 1
3019 130 1
3020 134 1
3021 27 1
3022 35 1
3023 49 0
3024 53 1
3025 199 1
3026 112 1
3027 140 1
3028 121 1
3029 55 0
3030 27 1
3031 112 0
3032 81 1
3033 154 0
3034 199 0
3035 120 0
3036 80 1
3037 159 1
3038 25 1
3039 83 1
3040 69 1
3041 150 0
3042 201 1
3043 15 1
3044 82 1
3045 166 0
3046 113 1
3047 174 0
3048 55 1
3049 154 1
3050 184 0
3051 92 1
3052 71 0
3053 98 0
3054 31 0
3055 38 1
3056 181 0
3057 145 1
3058 196 1
3059 209 1
3060 162 0
3061 106 1
3062 157 0
3063 119 1
3064 112 1
3065 39 0
3066 197 0
3067 211 1
3068 100 1
3069 14 1
3070 208 0
3071 95 0
3072 26 1
3073 130 1
3074 50 1
3075 151 0
3076 4 1
3077 205 0
3078 41 1
3079 92 1
3080 102 1
3081 100 0
3082 127 0
3083 4 1
3084 124 0
3085 9 0
3086 3 1
3087 79 1
3088 209 1
3089 117 1
3090 198 1
3091 190 0
3092 30 1
3093 14 1
3094 157 0
3095 89 0
3096 102 1
3097 209 1
3098 4 0
3099 176 0
3100 165 1
3101 32 1
3102 154 1
3103 62 1
3104 185 1
3105 128 1
3106 166 1
3107 22 0
3108 150 1
3109 199 0
3110 74 0
3111 3 1
3112 195 1
3113 57 1
3114 144 1
3115 45 1
3116 68 1
3117 196 1
3118 121 0
3119 159 0
3120 156 1
3121 193 0
3122 41 1
3123 22 1
3124 183 1
3125 149 0
3126 14 1
3127 85 1
3128 83 1
3129 59 1
3130 25 0
3131 41 1
3132 114 1
3133 102 1
3134 145 0
3135 45 1
3136 198 1
3137 127 1
3138 104 1
3139 82 1
3140 89 0
3141 195 1
3142 34 1
3143 30 1
3144 72 1
3145 62 1
3146 126 1
3147 123 1
3148 58 0
3149 47 0
3150 137 1
3151 9 0
3152 126 1
3153 11 0
3154 4 0
3155 168 1
3156 43 1
3157 128 1
3158 80 1
3159 126 1
3160 180 1
3161 114 1
3162 78 1
3163 118 0
3164 180 0
3165 136 1
3166 53 1
3167 157 1
3168 1 1
3169 60 1
3170 48 1
3171 177 0
3172 96 0
3173 32 1
3174 36 1
3175 192 1
3176 64 1
3177 173 1
3178 115 1
3179 75 0
3180 39 1
3181 185 1
3182 143 0
3183 137 0
3184 15 1
3185 160 1
3186 212 1
3187 18 1
3188 0 1
3189 202 1
3190 72 1
3191 50 1
3192 205 1
3193 211 0
3194 19 0
3195 120 1
3196 69 1
3197 16 0
3198 84 1
3199 153 1
3200 136 0
3201 26 1
3202 154 0
3203 92 0
3204 172 1
3205 56 0
3206 125 0
3207 167 1
3208 47 1
3209 86 1
3210 22 1
3211 204 1
3212 163 0
3213 168 0
3214 91 1
3215 211 0
3216 139 1
3217 12 0
3218 0 0
3219 167 1
3220 117 1
3221 203 1
3222 193 1
3223 8 1
3224 38 0
3225 25 1
3226 19 1
3227 15 1
3228 167 1
3229 80 1
3230 156 1
3231 136 1
3232 32 0
3233 25 1
3234 184 0
3235 137 1
3236 65 0
3237 193 0
3238 146 0
3239 3 1
3240 82 1
3241 108 0
3242 122 1
3243 2 1
3244 171 0
3245 198 1
3246 91 1
3247 59 1
3248 200 1
3249 88 1
3250 209 1
3251 122 0
3252 69 1
3253 183 1
3254 21 1
3255 117 1
3256 146 0
3257 68 1
3258 66 0
3259 62 0
3260 84 1
3261 1 0
3262 98 1
3263 17 0
3264 145 1
3265 186 1
3266 48 1
3267 64 1
3268 128 0
3269 196 1
3270 151 1
3271 184 0
3272 188 1
3273 70 0
3274 41 1
3275 142 1
3276 110 1
3277 19 1
3278 136 1
3279 10 0
3280 73 1
3281 3 1
3282 9 0
3283 102 0
3284 179 1
3285 4 0
3286 47 1
3287 133 1
3288 159 1
3289 139 1
3290 122 1
3291 189 0
3292 76 0
3293 159 1
3294 108 1
3295 144 1
3296 84 1
3297 20 1
3298 79 1
3299 163 0
3300 70 0
3301 94 1
3302 74 0
3303 2 0
3304 2 1
3305 15 1
3306 74 0
3307 7 1
3308 63 1
3309 80 1
3310 121 1
3311 71 1
3312 22 1
3313 86 1
3314 78 0
3315 78 1
3316 67 1
3317 130 1
3318 117 1
3319 25 1
3320 207 0
3321 40 1
3322 110 0
3323 149 0
3324 213 1
3325 131 0
3326 104 1
3327 113 1
3328 13 0
3329 91 1
3330 30 1
3331 172 1
3332 206 1
3333 172 0
3334 154 0
3335 26 1
3336 102 1
3337 146 0
3338 114 1
3339 104 1
3340 96 1
3341 166 0
3342 156 1
3343 190 1
3344 60 1
3345 125 0
3346 102 1
3347 189 1
3348 104 0
3349 0 1
3350 208 1
3351 55 0
3352 93 1
3353 27 1
3354 68 1
3355 38 1
3356 85 1
3357 161 1
3358 134 1
3359 61 1
3360 70 1
3361 72 1
3362 201 1
3363 130 1
3364 58 0
3365 0 1
3366 89 0
3367 81 0
3368 189 1
3369 39 1
3370 172 1
3371 73 1
3372 147 1
3373 149 0
3374 90 0
3375 194 1
3376 182 1
3377 50 0
3378 177 1
3379 193 1
3380 30 0
3381 74 1
3382 114 1
3383 20 1
3384 196 1
3385 65 0
3386 69 1
3387 62 0
3388 23 0
3389 2 1
3390 139 1
3391 206 1
3392 181 0
3393 141 1
3394 87 1
3395 166 0
3396 178 1
3397 169 1
3398 45 1
3399 100 1
3400 112 1
3401 47 1
3402 168 1
3403 116 0
3404 185 1
3405 22 1
3406 33 0
3407 82 1
3408 135 0
3409 144 0
3410 61 0
3411 58 0
3412 200 1
3413 182 1
3414 66 1
3415 138 0
3416 98 1
3417 78 1
3418 90 1
3419 107 1
3420 31 0
3421 36 0
3422 8 0
3423 210 0
3424 59 1
3425 83 1
3426 101 0
3427 156 1
3428 86 1
3429 52 0
3430 57 1
3431 49 1
3432 25 1
3433 71 0
3434 186 1
3435 109 1
3436 26 0
3437 0 1
3438 127 0
3439 109 1
3440 2 1
3441 102 1
3442 52 1
3443 123 0
3444 102 0
3445 155 1
3446 15 1
3447 33 1
3448 195 1
3449 20 0
3450 1 1
3451 104 0
3452 138 0
3453 207 0
3454 179 1
3455 101 0
3456 12 1
3457 3 1
3458 180 1
3459 67 1
3460 166 0
3461 92 0
3462 144 1
3463 86 0
3464 93 0
3465 11 0
3466 99 0
3467 199 0
3468 84 1
3469 84 1
3470 158 0
3471 163 1
3472 106 1
3473 99 1
3474 10 0
3475 151 1
3476 106 1
3477 76 1
3478 164 1
3479 26 1
3480 132 1
3481 2 1
3482 17 1
3483 118 1
3484 44 0
3485 82 1
3486 105 1
3487 92 1
3488 61 1
3489 80 1
3490 8 1
3491 34 0
3492 125 0
3493 15 0
3494 136 1
3495 52 1
3496 88 0
3497 3 1
3498 120 0
3499 70 0
3500 187 1
3501 154 1
3502 48 0
3503 86 1
3504 19 1
3505 114 1
3506 116 0
3507 6 1
3508 123 0
3509 36 0
3510 140 0
3511 32 1
3512 74 0
3513 52 0
3514 21 1
3515 78 1
3516 139 1
3517 151 1
3518 60 1
3519 16 0
3520 121 1
3521 39 1
3522 210 0
3523 198 1
3524 212 1
3525 97 0
3526 40 0
3527 16 1
3528 96 0
3529 173 0
3530 55 1
3531 44 1
3532 65 1
3533 168 1
3534 150 1
3535 137 1
3536 32 0
3537 13 1
3538 85 0
3539 148 1
3540 95 0
3541 17 0
3542 92 1
3543 114 0
3544 34 1
3545 92 1
3546 189 0
3547 1 0
3548 49 0
3549 98 1
3550 4 1
3551 121 0
3552 61 0
3553 66 1
3554 210 1
3555 93 1
3556 110 1
3557 159 1
3558 143 1
3559 109 0
3560 64 1
3561 130 1
3562 56 0
3563 12 1
3564 166 0
3565 101 1
3566 63 1
3567 207 0
3568 75 1
3569 56 1
3570 138 1
3571 94 1
3572 45 0
3573 168 0
3574 98 1
3575 16 0
3576 198 1
3577 134 1
3578 142 1
3579 156 1
3580 188 1
3581 51 0
3582 198 0
3583 161 1
3584 182 0
3585 62 1
3586 16 1
3587 72 1
3588 128 1
3589 114 1
3590 22 0
3591 108 0
3592 140 1
3593 125 1
3594 39 0
3595 95 1
3596 43 0
3597 51 1
3598 123 0
3599 19 1
3600 148 1
3601 129 0
3602 171 1
3603 90 1
3604 91 1
3605 30 1
3606 52 0
3607 198 0
3608 177 1
3609 125 0
3610 41 0
3611 161 0
3612 85 0
3613 190 1
3614 143 1
3615 17 1
3616 10 0
3617 105 1
3618 65 1
3619 130 1
3620 185 1
3621 135 1
3622 95 1
3623 12 1
3624 93 0
3625 206 0
3626 76 0
3627 82 1
3628 152 1
3629 88 0
3630 201 0
3631 22 0
3632 116 1
3633 188 1
3634 41 1
3635 203 0
3636 129 1
3637 46 1
3638 175 1
3639 147 0
3640 128 1
3641 52 1
3642 80 1
3643 16 1
3644 126 1
3645 110 0
3646 7 0
3647 120 1
3648 192 1
3649 169 0
3650 62 0
3651 111 1
3652 146 1
3653 67 1
3654 148 1
3655 26 1
3656 72 1
3657 130 1
3658 146 1
3659 181 1
3660 48 0
3661 35 1
3662 141 0
3663 110 1
3664 181 1
3665 72 0
3666 156 1
3667 85 1
3668 58 1
3669 129 1
3670 17 1
3671 200 1
3672 166 0
3673 106 1
3674 128 1
3675 156 0
3676 82 1
3677 163 1
3678 64 0
3679 61 0
3680 57 1
3681 139 0
3682 180 0
3683 21 1
3684 27 0
3685 17 1
3686 23 1
3687 211 1
3688 199 1
3689 6 1
3690 108 1
3691 7 1
3692 4 1
3693 64 1
3694 161 0
3695 178 0
3696 123 0
3697 151 0
3698 124 0
3699 46 1
3700 40 1
3701 59 1
3702 146 1
3703 117 0
3704 92 1
3705 176 1
3706 151 1
3707 41 1
3708 71 1
3709 88 0
3710 94 0
3711 23 1
3712 20 0
3713 25 1
3714 132 1
3715 13 0
3716 145 1
3717 32 1
3718 61 1
3719 140 1
3720 137 1
3721 71 1
3722 3 1
3723 16 0
3724 81 1
3725 93 1
3726 89 1
3727 111 1
3728 9 0
3729 118 0
3730 4 1
3731 178 0
3732 68 1
3733 13 1
3734 9 1
3735 0 1
3736 120 1
3737 7 1
3738 48 1
3739 130 1
3740 206 1
3741 92 0
3742 57 1
3743 55 1
3744 204 0
3745 72 1
3746 170 1
3747 143 0
3748 110 0
3749 86 1
3750 106 1
3751 52 1
3752 90 0
3753 67 0
3754 15 1
3755 201 1
3756 206 0
3757 21 0
3758 146 1
3759 194 0
3760 114 0
3761 208 0
3762 20 0
3763 27 0
3764 158 1
3765 36 1
3766 131 1
3767 208 0
3768 80 0
3769 79 0
3770 45 0
3771 181 1
3772 9 1
3773 98 1
3774 143 1
3775 156 1
3776 63 0
3777 46 1
3778 6 1
3779 146 0
3780 118 1
3781 79 1
3782 134 1
3783 121 1
3784 68 0
3785 175 1
3786 130 0
3787 15 1
3788 209 1
3789 13 1
3790 124 1
3791 113 1
3792 37 1
3793 56 1
3794 96 0
3795 73 1
3796 34 1
3797 46 1
3798 158 1
3799 102 1
3800 86 1
3801 204 0
3802 137 0
3803 74 0
3804 51 1
3805 202 0
3806 188 1
3807 148 0
3808 57 1
3809 133 1
3810 57 1
3811 18 1
3812 145 0
3813 192 0
3814 164 0
3815 180 1
3816 75 0
3817 184 1
3818 107 1
3819 63 1
3820 209 1
3821 51 1
3822 164 1
3823 59 1
3824 54 0
3825 93 1
3826 185 0
3827 66 1
3828 108 0
3829 1 0
3830 57 0
3831 26 1
3832 69 1
3833 64 1
3834 119 1
3835 53 0
3836 43 1
3837 162 1
3838 90 1
3839 147 0
3840 132 1
3841 119 0
3842 70 0
3843 83 1
3844 163 1
3845 169 1
3846 198 0
3847 139 1
3848 57 0
3849 16 1
3850 49 1
3851 9 0
3852 107 0
3853 164 1
3854 111 1
3855 206 0
3856 55 1
3857 210 1
3858 15 0
3859 169 1
3860 96 1
3861 185 0
3862 184 0
3863 65 0
3864 178 0
3865 136 0
3866 16 0
3867 183 1
3868 181 1
3869 38 0
3870 94 1
3871 40 0
3872 74 1
3873 140 1
3874 48 1
3875 54 0
3876 83 1
3877 88 1
3878 213 0
3879 81 1
3880 100 1
3881 122 0
3882 81 0
3883 171 0
3884 89 0
3885 59 1
3886 172 1
3887 198 0
3888 1 1
3889 53 0
3890 83 1
3891 204 0
3892 210 1
3893 152 0
3894 96 1
3895 105 1
3896 101 1
3897 176 0
3898 38 1
3899 95 0
3900 207 0
3901 175 1
3902 118 1
3903 61 1
3904 1 0
3905 179 0
3906 86 0
3907 47 1
3908 111 1
3909 10 1
3910 83 1
3911 54 1
3912 62 1
3913 17 0
3914 14 0
3915 23 0
3916 131 0
3917 36 1
3918 76 1
3919 165 0
3920 76 0
3921 26 1
3922 17 1
3923 176 1
3924 205 0
3925 54 1
3926 21 0
3927 123 1
3928 58 0
3929 193 1
3930 117 1
3931 12 0
3932 201 0
3933 2 1
3934 10 0
3935 74 1
3936 15 0
3937 112 0
3938 38 1
3939 24 1
3940 125 1
3941 181 0
3942 52 1
3943 93 1
3944 164 0
3945 114 1
3946 75 0
3947 34 0
3948 39 0
3949 58 1
3950 67 1
3951 213 0
3952 97 1
3953 192 1
3954 117 0
3955 28 0
3956 159 0
3957 107 1
3958 18 1
3959 185 1
3960 205 1
3961 114 1
3962 76 0
3963 61 1
3964 48 0
3965 28 0
3966 116 1
3967 129 0
3968 70 1
3969 212 1
3970 41 1
3971 81 1
3972 99 1
3973 62 1
3974 39 1
3975 18 0
3976 52 0
3977 29 0
3978 144 1
3979 176 1
3980 74 1
3981 93 1
3982 164 1
3983 53 0
3984 47 1
3985 4 0
3986 9 0
3987 154 1
3988 138 1
3989 158 1
3990 182 1
3991 208 1
3992 173 0
3993 149 1
3994 192 1
3995 82 0
3996 33 0
3997 28 1
3998 48 1
3999 14 0
4000 64 0
4001 195 0
4002 36 0
4003 46 0
4004 1 1
4005 137 1
4006 31 1
4007 204 0
4008 166 1
4009 173 1
4010 114 1
4011 197 1
4012 13 1
4013 141 1
4014 171 0
4015 22 1
4016 174 1
4017 105 0
4018 70 1
4019 102 1
4020 5 1
4021 41 1
4022 21 1
4023 106 1
4024 35 1
4025 50 1
4026 184 1
4027 94 0
4028 122 1
4029 192 0
4030 177 1
4031 179 0
4032 3 1
4033 65 0
4034 153 1
4035 76 1
4036 56 1
4037 127 1
4038 14 0
4039 129 1
4040 94 1
4041 63 1
4042 144 1
4043 127 1
4044 179 0
4045 64 0
4046 37 1
4047 143 0
4048 99 1
4049 191 1
4050 25 1
4051 129 0
4052 103 1
4053 23 1
4054 72 1
4055 99 1
4056 50 1
4057 95 1
4058 38 1
4059 180 0
4060 45 1
4061 9 0
4062 60 0
4063 132 1
4064 78 1
4065 62 1
4066 163 1
4067 116 1
4068 29 1
4069 102 1
4070 11 0
4071 132 1
4072 81 0
4073 188 0
4074 168 0
4075 200 1
4076 185 1
4077 92 1
4078 147 1
4079 200 0
4080 120 1
4081 46 1
4082 103 0
4083 199 1
4084 21 0
4085 98 0
4086 152 0
4087 93 0
4088 176 1
4089 3 0
4090 154 0
4091 207 1
4092 63 1
4093 20 1
4094 28 1
4095 86 0
4096 201 1
4097 81 1
4098 14 0
4099 88 1
4100 18 0
4101 67 1
4102 67 1
4103 54 1
4104 92 1
4105 23 1
4106 126 0
4107 90 1
4108 180 1
4109 118 1
4110 50 1
4111 74 1
4112 56 1
4113 206 1
4114 85 0
4115 37 0
4116 131 1
4117 138 1
4118 128 1
4119 91 1
4120 182 0
4121 186 1
4122 208 0
4123 2 1
4124 105 1
4125 100 0
4126 43 1
4127 57 1
4128 47 1
4129 101 1
4130 208 1
4131 168 1
4132 174 0
4133 187 1
4134 71 1
4135 28 1
4136 110 1
4137 212 1
4138 140 0
4139 211 1
4140 198 1
4141 51 1
4142 58 1
4143 205 0
4144 22 0
4145 170 1
4146 163 1
4147 5 1
4148 149 1
4149 145 1
4150 120 1
4151 124 1
4152 37 1
4153 198 0
4154 200 1
4155 73 1
4156 11 1
4157 76 0
4158 97 0
4159 184 0
4160 93 0
4161 213 1
4162 198 0
4163 166 1
4164 206 1
4165 72 0
4166 134 0
4167 138 1
4168 182 1
4169 67 1
4170 182 1
4171 2 1
4172 129 1
4173 126 1
4174 79 1
4175 210 1
4176 170 1
4177 0 1
4178 10 1
4179 5 1
4180 60 1
4181 193 0
4182 69 1
4183 84 1
4184 173 0
4185 69 1
4186 156 1
4187 53 1
4188 83 1
4189 162 1
4190 140 1
4191 120 1
4192 19 0
4193 114 0
4194 83 1
4195 110 0
4196 61 1
4197 125 0
4198 72 1
4199 100 1
4200 11 0
4201 104 1
4202 28 1
4203 170 1
4204 201 0
4205 205 1
4206 142 1
4207 156 0
4208 27 1
4209 54 0
4210 40 1
4211 187 1
4212 51 1
4213 165 0
4214 171 1
4215 86 0
4216 153 1
4217 67 1
4218 66 1
4219 156 1
4220 7 0
4221 112 1
4222 122 1
4223 28 1
4224 189 1
4225 193 0
4226 111 0
4227 117 1
4228 196 1
4229 71 0
4230 52 1
4231 200 1
4232 66 1
4233 37 1
4234 155 1
4235 117 1
4236 59 1
4237 29 1
4238 148 1
4239 49 1
4240 4 1
4241 138 0
4242 194 1
4243 210 1
4244 188 1
4245 126 1
4246 89 1
4247 96 1
4248 97 1
4249 5 1
4250 44 1
4251 65 0
4252 1 1
4253 71 0
4254 16 1
4255 204 1
4256 149 0
4257 68 0
4258 35 0
4259 102 0
4260 63 1
4261 46 0
4262 58 1
4263 171 1
4264 207 1
4265 58 1
4266 162 1
4267 73 0
4268 83 1
4269 31 1
4270 196 0
4271 198 1
4272 15 0
4273 57 0
4274 48 0
4275 137 1
4276 105 0
4277 128 1
4278 43 1
4279 36 1
4280 194 1
4281 152 0
4282 83 1
4283 170 0
4284 87 1
4285 61 1
4286 88 0
4287 65 0
4288 29 1
4289 85 1
4290 67 1
4291 121 1
4292 124 1
4293 53 0
4294 52 1
4295 68 0
4296 48 0
4297 107 1
4298 95 0
4299 93 0
4300 197 1
4301 183 1
4302 132 0
4303 106 0
4304 156 1
4305 25 1
4306 64 1
4307 45 1
4308 113 1
4309 5 1
4310 52 1
4311 130 1
4312 157 1
4313 96 0
4314 19 0
4315 152 1
4316 62 1
4317 152 1
4318 88 1
4319 143 1
4320 100 0
4321 118 1
4322 179 1
4323 70 1
4324 194 0
4325 108 1
4326 81 0
4327 65 0
4328 194 0
4329 209 1
4330 0 1
4331 80 1
4332 201 0
4333 44 0
4334 208 1
4335 39 1
4336 5 0
4337 190 1
4338 39 1
4339 127 1
4340 200 0
4341 198 0
4342 46 0
4343 23 1
4344 6 1
4345 104 0
4346 98 0
4347 70 1
4348 134 1
4349 161 0
4350 165 1
4351 155 1
4352 76 1
4353 5 0
4354 42 1
4355 67 1
4356 153 1
4357 27 1
4358 111 1
4359 91 1
4360 147 1
4361 125 1
4362 166 0
4363 117 1
4364 173 0
4365 147 1
4366 129 1
4367 12 0
4368 17 1
4369 106 1
4370 81 1
4371 166 1
4372 90 1
4373 85 1
4374 108 1
4375 105 1
4376 89 1
4377 5 1
4378 75 1
4379 206 0
4380 197 0
4381 90 1
4382 92 1
4383 103 0
4384 198 0
4385 33 1
4386 179 1
4387 165 1
4388 110 0
4389 189 0
4390 144 1
4391 125 1
4392 175 1
4393 139 0
4394 49 0
4395 3 0
4396 134 0
4397 144 1
4398 60 1
4399 200 1
4400 38 1
4401 189 1
4402 150 0
4403 205 1
4404 108 1
4405 130 1
4406 193 1
4407 135 1
4408 35 1
4409 122 1
4410 201 0
4411 48 1
4412 151 0
4413 213 1
4414 21 1
4415 188 1
4416 83 0
4417 210 1
4418 21 0
4419 144 1
4420 100 1
4421 31 1
4422 179 0
4423 97 1
4424 23 1
4425 163 0
4426 131 0
4427 65 1
4428 54 0
4429 65 1
4430 127 1
4431 68 1
4432 135 1
4433 94 1
4434 129 1
4435 4 0
4436 17 1
4437 104 1
4438 67 1
4439 61 1
4440 207 0
4441 179 0
4442 155 1
4443 124 0
4444 172 1
4445 3 1
4446 93 1
4447 14 0
4448 213 0
4449 104 0
4450 65 0
4451 8 0
4452 154 1
4453 210 0
4454 32 1
4455 176 1
4456 1 0
4457 81 1
4458 104 1
4459 15 1
4460 113 0
4461 80 0
4462 22 1
4463 7 0
4464 67 1
4465 15 0
4466 16 1
4467 146 1
4468 0 1
4469 110 1
4470 65 0
4471 204 1
4472 145 1
4473 18 1
4474 63 0
4475 98 0
4476 198 1
4477 169 1
4478 137 1
4479 107 1
4480 84 1
4481 55 1
4482 9 1
4483 56 1
4484 209 1
4485 189 1
4486 170 1
4487 204 1
4488 183 1
4489 69 0
4490 187 1
4491 141 1
4492 210 1
4493 111 0
4494 137 1
4495 56 0
4496 58 1
4497 39 1
4498 32 1
4499 155 1
4500 194 0
4501 19 0
4502 174 1
4503 116 1
4504 95 1
4505 40 1
4506 3 0
4507 26 1
4508 142 1
4509 65 1
4510 73 1
4511 150 1
4512 165 0
4513 63 1
4514 3 1
4515 156 0
4516 67 1
4517 211 1
4518 194 0
4519 102 0
4520 164 1
4521 76 1
4522 43 1
4523 99 1
4524 172 1
4525 115 1
4526 149 1
4527 27 0
4528 27 1
4529 16 1
4530 94 1
4531 91 1
4532 144 1
4533 52 0
4534 66 0
4535 64 1
4536 16 1
4537 48 1
4538 175 0
4539 176 1
4540 29 0
4541 28 1
4542 61 1
4543 211 1
4544 9 0
4545 196 1
4546 197 0
4547 129 0
4548 25 1
4549 184 1
4550 55 0
4551 118 1
4552 107 1
4553 62 1
4554 99 0
4555 65 1
4556 34 0
4557 171 1
4558 13 0
4559 47 1
4560 114 0
4561 59 0
4562 34 1
4563 157 1
4564 88 1
4565 161 0
4566 26 1
4567 146 0
4568 18 0
4569 66 1
4570 165 0
4571 110 1
4572 158 1
4573 158 1
4574 168 1
4575 194 1
4576 166 0
4577 30 0
4578 160 1
4579 123 1
4580 110 0
4581 178 1
4582 69 0
4583 135 1
4584 37 1
4585 69 1
4586 119 1
4587 197 1
4588 111 0
4589 167 1
4590 210 1
4591 212 1
4592 119 1
4593 12 1
4594 11 0
4595 31 1
4596 138 1
4597 190 1
4598 38 1
4599 13 0
4600 31 0
4601 141 1
4602 194 1
4603 78 0
4604 129 0
4605 21 0
4606 110 1
4607 5 1
4608 125 0
4609 12 0
4610 84 0
4611 122 0
4612 117 1
4613 148 1
4614 142 1
4615 94 1
4616 108 1
4617 187 1
4618 9 0
4619 44 0
4620 14 1
4621 195 0
4622 17 1
4623 72 1
4624 149 1
4625 143 0
4626 61 0
4627 175 1
4628 82 1
4629 52 0
4630 67 1
4631 47 1
4632 32 1
4633 127 1
4634 4 0
4635 112 1
4636 24 1
4637 75 1
4638 12 1
4639 48 1
4640 165 1
4641 45 1
4642 107 1
4643 54 0
4644 194 1
4645 209 0
4646 117 1
4647 86 0
4648 141 1
4649 122 1
4650 171 1
4651 27 0
4652 114 1
4653 33 1
4654 183 0
4655 151 0
4656 137 0
4657 156 1
4658 135 1
4659 16 1
4660 181 0
4661 26 0
4662 200 0
4663 97 1
4664 44 0
4665 136 1
4666 172 1
4667 61 1
4668 53 0
4669 208 1
4670 107 1
4671 20 1
4672 60 1
4673 72 1
4674 36 1
4675 175 0
4676 178 1
4677 165 1
4678 32 1
4679 156 1
4680 64 0
4681 156 1
4682 29 0
4683 172 1
4684 175 0
4685 114 1
4686 29 0
4687 177 0
4688 174 0
4689 4 1
4690 134 1
4691 146 1
4692 99 1
4693 195 0
4694 156 0
4695 72 0
4696 149 0
4697 174 1
4698 95 1
4699 124 1
4700 16 0
4701 57 0
4702 22 1
4703 213 1
4704 66 1
4705 192 1
4706 47 1
4707 16 0
4708 18 1
4709 142 1
4710 68 1
4711 180 1
4712 93 1
4713 45 1
4714 204 1
4715 177 1
4716 57 1
4717 129 0
4718 119 1
4719 61 0
4720 210 1
4721 171 1
4722 28 0
4723 122 1
4724 49 0
4725 152 1
4726 129 0
4727 198 1
4728 190 0
4729 130 0
4730 130 1
4731 118 1
4732 114 1
4733 198 1
4734 26 1
4735 136 0
4736 17 1
4737 212 0
4738 144 1
4739 169 0
4740 35 1
4741 29 1
4742 11 1
4743 105 1
4744 121 1
4745 99 0
4746 115 0
4747 157 0
4748 182 1
4749 112 1
4750 119 1
4751 96 1
4752 205 1
4753 45 0
4754 79 0
4755 193 0
4756 107 0
4757 210 0
4758 101 0
4759 183 0
4760 55 0
4761 192 0
4762 3 1
4763 195 1
4764 210 1
4765 45 1
4766 205 0
4767 116 1
4768 99 1
4769 196 1
4770 94 1
4771 156 1
4772 116 1
4773 184 1
4774 119 0
4775 12 1
4776 86 1
4777 209 1
4778 58 0
4779 139 1
4780 2 1
4781 34 1
4782 189 1
4783 122 1
4784 97 0
4785 117 1
4786 65 1
4787 43 1
4788 77 1
4789 185 1
4790 176 1
4791 88 1
4792 120 0
4793 70 0
4794 206 1
4795 165 1
4796 44 1
4797 133 1
4798 67 1
4799 172 0
4800 145 1
4801 6 0
4802 0 1
4803 111 0
4804 208 1
4805 205 0
4806 144 1
4807 151 0
4808 27 0
4809 160 1
4810 80 1
4811 91 1
4812 28 1
4813 8 0
4814 198 1
4815 192 1
4816 188 0
4817 204 1
4818 179 1
4819 197 0
4820 194 1
4821 207 1
4822 132 1
4823 106 1
4824 15 1
4825 42 0
4826 96 1
4827 152 1
4828 75 0
4829 84 1
4830 127 1
4831 53 1
4832 124 0
4833 154 0
4834 9 1
4835 126 0
4836 190 1
4837 113 0
4838 128 1
4839 199 1
4840 135 1
4841 25 0
4842 92 1
4843 6 1
4844 124 1
4845 91 1
4846 16 1
4847 149 1
4848 119 1
4849 161 1
4850 90 1
4851 49 1
4852 124 0
4853 174 1
4854 31 0
4855 114 1
4856 50 1
4857 48 1
4858 35 1
4859 28 0
4860 76 1
4861 207 0
4862 195 1
4863 164 1
4864 163 0
4865 93 1
4866 116 0
4867 106 1
4868 23 0
4869 211 1
4870 90 1
4871 85 0
4872 115 1
4873 1 1
4874 120 1
4875 174 1
4876 12 1
4877 153 1
4878 96 1
4879 172 1
4880 147 0
4881 86 0
4882 125 0
4883 9 1
4884 123 1
4885 67 1
4886 196 1
4887 5 1
4888 150 1
4889 179 0
4890 182 0
4891 118 1
4892 26 1
4893 52 0
4894 93 0
4895 100 1
4896 139 0
4897 77 1
4898 175 0
4899 131 0
4900 170 1
4901 16 1
4902 146 1
4903 181 0
4904 174 1
4905 72 1
4906 5 1
4907 200 1
4908 179 1
4909 17 1
4910 126 0
4911 86 0
4912 100 0
4913 34 1
4914 113 0
4915 146 1
4916 159 0
4917 86 1
4918 48 1
4919 106 0
4920 132 0
4921 14 1
4922 86 0
4923 32 0
4924 185 1
4925 43 1
4926 32 0
4927 13 0
4928 88 0
4929 126 0
4930 144 1
4931 134 1
4932 84 0
4933 112 0
4934 60 0
4935 4 0
4936 115 1
4937 126 0
4938 19 1
4939 118 1
4940 72 1
4941 97 1
4942 154 0
4943 101 1
4944 89 1
4945 93 0
4946 3 1
4947 186 0
4948 20 0
4949 16 1
4950 22 0
4951 68 0
4952 39 0
4953 135 1
4954 71 0
4955 126 0
4956 64 1
4957 180 0
4958 52 0
4959 110 0
4960 12 1
4961 93 1
4962 3 1
4963 112 1
4964 82 1
4965 181 1
4966 149 0
4967 38 0
4968 162 1
4969 178 1
4970 213 0
4971 162 0
4972 177 1
4973 0 0
4974 59 0
4975 89 0
4976 32 1
4977 164 1
4978 111 0
4979 204 0
4980 123 1
4981 94 1
4982 70 0
4983 178 1
4984 92 0
4985 37 1
4986 96 0
4987 18 1
4988 192 0
4989 7 1
4990 207 0
4991 41 1
4992 210 0
4993 206 1
4994 201 0
4995 166 1
4996 163 1
4997 101 0
4998 179 0
4999 184 0
5000 140 1
5001 12 1
5002 71 1
5003 14 1
5004 127 0
5005 20 0
5006 50 0
5007 77 1
5008 199 1
5009 19 0
5010 129 1
5011 161 1
5012 163 1
5013 29 0
5014 45 0
5015 49 1
5016 153 1
5017 72 1
5018 102 1
5019 138 0
5020 40 0
5021 213 1
5022 152 0
5023 2 0
5024 9 0
5025 120 1
5026 70 0
5027 148 0
5028 115 0
5029 12 1
5030 41 1
5031 210 1
5032 133 1
5033 68 0
5034 86 0
5035 182 1
5036 83 0
5037 82 1
5038 189 1
5039 23 0
5040 183 1
5041 200 1
5042 142 0
5043 204 0
5044 175 0
5045 135 0
5046 210 1
5047 60 1
5048 199 0
5049 82 0
5050 54 0
5051 63 1
5052 163 0
5053 23 1
5054 93 0
5055 200 1
5056 53 0
5057 101 1
5058 38 1
5059 170 1
5060 26 1
5061 80 1
5062 155 1
5063 15 1
5064 201 1
5065 76 1
5066 11 1
5067 189 1
5068 148 1
5069 176 1
5070 122 0
5071 89 1
5072 66 1
5073 20 1
5074 0 1
5075 35 1
5076 213 1
5077 126 1
5078 188 1
5079 159 1
5080 170 1
5081 81 0
5082 93 1
5083 73 1
5084 132 0
5085 201 0
5086 197 0
5087 79 0
5088 131 0
5089 85 1
5090 7 0
5091 21 0
5092 100 0
5093 93 1
5094 6 1
5095 113 1
5096 205 1
5097 75 1
5098 114 0
5099 44 1
5100 183 0
5101 4 1
5102 185 1
5103 79 1
5104 182 1
5105 97 1
5106 148 1
5107 60 0
5108 197 1
5109 40 1
5110 55 1
5111 97 1
5112 212 0
5113 63 1
5114 38 1
5115 77 0
5116 148 1
5117 183 1
5118 165 1
5119 154 0
5120 76 0
5121 187 0
5122 88 1
5123 123 1
5124 50 0
5125 139 1
5126 182 1
5127 84 1
5128 59 1
5129 11 1
5130 118 1
5131 37 0
5132 103 0
5133 103 0
5134 201 1
5135 52 0
5136 13 0
5137 152 1
5138 137 0
5139 36 0
5140 158 1
5141 11 1
5142 62 0
5143 170 1
5144 174 1
5145 150 1
5146 135 1
5147 62 1
5148 126 0
5149 10 1
5150 141 1
5151 108 1
5152 99 1
5153 187 0
5154 41 0
5155 142 1
5156 49 1
5157 43 1
5158 35 0
5159 96 1
5160 45 1
5161 6 0
5162 152 1
5163 136 0
5164 99 0
5165 109 1
5166 74 0
5167 113 1
5168 129 1
5169 127 0
5170 174 1
5171 87 0
5172 210 1
5173 131 0
5174 207 0
5175 173 1
5176 193 0
5177 151 1
5178 113 0
5179 128 1
5180 153 1
5181 170 1
5182 105 1
5183 50 0
5184 20 0
5185 122 1
5186 19 1
5187 0 1
5188 57 1
5189 125 1
5190 78 1
5191 22 1
5192 196 1
5193 198 1
5194 179 0
5195 25 0
5196 0 0
5197 209 1
5198 129 0
5199 204 0
5200 155 1
5201 208 1
5202 108 1
5203 54 1
5204 58 1
5205 80 1
5206 195 0
5207 203 0
5208 140 1
5209 137 1
5210 18 1
5211 156 1
5212 9 1
5213 202 1
5214 61 0
5215 152 1
5216 90 0
5217 108 1
5218 4 1
5219 160 1
5220 127 1
5221 209 0
5222 61 0
5223 151 1
5224 105 1
5225 24 1
5226 169 0
5227 6 1
5228 128 1
5229 113 1
5230 118 1
5231 191 0
5232 61 1
5233 203 1
5234 34 0
5235 60 1
5236 107 1
5237 134 1
5238 187 1
5239 19 0
5240 78 0
5241 65 1
5242 20 1
5243 8 0
5244 143 1
5245 123 1
5246 104 1
5247 52 1
5248 118 1
5249 16 0
5250 122 1
5251 109 0
5252 211 0
5253 48 1
5254 179 1
5255 58 0
5256 189 0
5257 155 0
5258 59 1
5259 144 1
5260 70 1
5261 46 1
5262 18 1
5263 57 1
5264 139 1
5265 152 0
5266 160 1
5267 208 0
5268 10 1
5269 137 1
5270 42 1
5271 165 1
5272 37 1
5273 159 0
5274 201 0
5275 94 0
5276 8 1
5277 95 1
5278 24 1
5279 27 1
5280 89 1
5281 74 1
5282 159 0
5283 125 0
5284 189 1
5285 77 0
5286 176 1
5287 113 1
5288 144 1
5289 105 1
5290 158 1
5291 52 1
5292 126 1
5293 57 1
5294 163 1
5295 110 1
5296 49 0
5297 6 1
5298 118 1
5299 28 0
5300 45 0
5301 121 1
5302 211 0
5303 85 1
5304 156 1
5305 204 1
5306 176 0
5307 131 1
5308 53 0
5309 36 1
5310 58 0
5311 187 1
5312 49 0
5313 181 1
5314 189 1
5315 125 1
5316 33 1
5317 106 0
5318 130 1
5319 36 1
5320 167 0
5321 37 1
5322 147 0
5323 15 1
5324 143 1
5325 67 0
5326 197 1
5327 174 1
5328 97 0
5329 132 1
5330 0 0
5331 171 1
5332 153 1
5333 142 0
5334 40 0
5335 74 1
5336 68 1
5337 202 1
5338 66 1
5339 66 0
5340 200 1
5341 62 1
5342 37 1
5343 148 1
5344 27 1
5345 139 1
5346 188 1
5347 139 0
5348 92 0
5349 129 1
5350 109 0
5351 205 1
5352 33 1
5353 43 1
5354 60 1
5355 27 0
5356 106 0
5357 161 0
5358 189 1
5359 209 1
5360 27 1
5361 108 0
5362 96 1
5363 207 1
5364 110 1
5365 185 1
5366 44 0
5367 46 1
5368 165 1
5369 109 0
5370 62 0
5371 57 0
5372 90 1
5373 29 0
5374 33 1
5375 146 1
5376 24 0
5377 139 1
5378 83 1
5379 26 1
5380 188 1
5381 130 1
5382 184 0
5383 96 1
5384 130 1
5385 79 1
5386 205 1
5387 11 1
5388 74 0
5389 11 1
5390 143 0
5391 99 1
5392 207 1
5393 5 0
5394 89 1
5395 201 1
5396 108 0
5397 82 1
5398 157 0
5399 146 1
5400 179 1
5401 130 0
5402 81 1
5403 184 1
5404 45 1
5405 126 1
5406 2 1
5407 6 1
5408 113 1
5409 71 1
5410 122 1
5411 198 0
5412 107 1
5413 104 1
5414 40 0
5415 56 1
5416 127 0
5417 176 1
5418 45 1
5419 13 1
5420 205 0
5421 143 1
5422 14 1
5423 202 1
5424 172 1
5425 48 0
5426 49 1
5427 174 0
5428 177 1
5429 70 0
5430 33 0
5431 9 0
5432 30 1
5433 86 1
5434 195 0
5435 30 0
5436 102 1
5437 179 1
5438 187 1
5439 176 1
5440 158 1
5441 157 1
5442 121 1
5443 159 0
5444 46 1
5445 89 1
5446 6 0
5447 104 0
5448 148 1
5449 190 1
5450 154 1
5451 102 0
5452 112 0
5453 91 1
5454 167 0
5455 95 0
5456 209 0
5457 115 1
5458 20 1
5459 202 0
5460 8 0
5461 9 0
5462 39 0
5463 198 1
5464 22 1
5465 35 1
5466 113 1
5467 150 1
5468 68 1
5469 174 0
5470 80 1
5471 211 1
5472 172 0
5473 125 1
5474 104 1
5475 190 0
5476 54 1
5477 60 1
5478 31 1
5479 213 1
5480 82 0
5481 161 0
5482 103 1
5483 70 0
5484 203 1
5485 125 1
5486 164 0
5487 9 0
5488 166 0
5489 178 0
5490 111 0
5491 101 1
5492 4 1
5493 191 1
5494 69 0
5495 20 1
5496 156 1
5497 211 1
5498 142 1
5499 148 0
5500 177 1
5501 133 1
5502 45 0
5503 46 1
5504 141 1
5505 132 0
5506 97 0
5507 136 0
5508 113 1
5509 136 0
5510 99 1
5511 198 1
5512 201 1
5513 164 1
5514 196 0
5515 125 0
5516 22 1
5517 150 0
5518 118 1
5519 75 1
5520 207 1
5521 16 1
5522 158 0
5523 55 1
5524 129 0
5525 104 1
5526 211 1
5527 133 1
5528 70 1
5529 191 1
5530 45 0
5531 143 1
5532 78 0
5533 213 0
5534 208 1
5535 174 1
5536 213 1
5537 87 1
5538 206 1
5539 147 1
5540 51 0
5541 213 0
5542 125 0
5543 178 0
5544 147 1
5545 180 1
5546 190 1
5547 192 0
5548 54 0
5549 184 1
5550 129 1
5551 46 1
5552 199 1
5553 72 1
5554 62 1
5555 109 1
5556 188 1
5557 94 0
5558 105 1
5559 13 1
5560 146 1
5561 95 1
5562 168 0
5563 110 0
5564 129 1
5565 134 1
5566 156 1
5567 105 1
5568 32 1
5569 197 1
5570 46 1
5571 139 0
5572 64 1
5573 198 1
5574 156 1
5575 72 1
5576 55 0
5577 75 1
5578 105 1
5579 95 1
5580 197 1
5581 144 1
5582 60 1
5583 145 1
5584 9 1
5585 118 1
5586 84 0
5587 8 1
5588 141 1
5589 182 1
5590 135 0
5591 182 0
5592 72 1
5593 64 1
5594 93 1
5595 62 1
5596 186 1
5597 148 1
5598 106 0
5599 125 1
5600 140 1
5601 102 1
5602 151 0
5603 92 0
5604 180 0
5605 172 0
5606 33 0
5607 157 1
5608 116 1
5609 0 1
5610 177 1
5611 3 0
5612 201 1
5613 182 1
5614 18 0
5615 72 0
5616 200 1
5617 101 1
5618 149 0
5619 81 1
5620 186 1
5621 82 0
5622 112 0
5623 110 1
5624 110 0
5625 155 1
5626 105 0
5627 155 1
5628 96 0
5629 50 0
5630 80 0
5631 69 1
5632 16 1
5633 69 1
5634 14 1
5635 145 1
5636 53 1
5637 137 0
5638 184 1
5639 111 1
5640 7 0
5641 19 1
5642 143 1
5643 138 1
5644 16 1
5645 150 1
5646 175 0
5647 27 0
5648 107 1
5649 7 0
5650 42 1
5651 39 1
5652 98 0
5653 125 1
5654 5 0
5655 13 0
5656 153 0
5657 58 0
5658 139 1
5659 40 1
5660 34 1
5661 115 1
5662 127 1
5663 119 1
5664 35 0
5665 74 0
5666 211 1
5667 106 0
5668 154 0
5669 95 0
5670 186 1
5671 104 1
5672 73 1
5673 140 1
5674 8 1
5675 85 1
5676 88 0
5677 185 1
5678 62 1
5679 168 1
5680 81 0
5681 107 1
5682 5 1
5683 37 1
5684 95 1
5685 183 1
5686 173 0
5687 125 0
5688 100 1
5689 177 0
5690 164 1
5691 151 0
5692 182 1
5693 118 1
5694 145 1
5695 205 0
5696 178 0
5697 22 0
5698 176 1
5699 139 1
5700 123 0
5701 57 1
5702 114 0
5703 194 1
5704 98 0
5705 40 1
5706 70 0
5707 166 1
5708 32 0
5709 146 0
5710 153 1
5711 53 1
5712 169 1
5713 165 0
5714 212 0
5715 121 1
5716 199 0
5717 1 1
5718 10 0
5719 177 1
5720 2 1
5721 90 0
5722 128 1
5723 43 1
5724 190 1
5725 202 1
5726 114 1
5727 179 0
5728 195 0
5729 64 1
5730 7 1
5731 179 1
5732 159 1
5733 102 1
5734 93 1
5735 211 0
5736 2 1
5737 101 1
5738 207 1
5739 8 1
5740 52 1
5741 31 1
5742 184 1
5743 99 1
5744 58 1
5745 76 1
5746 145 1
5747 69 0
5748 8 1
5749 193 1
5750 169 0
5751 62 1
5752 209 1
5753 87 1
5754 25 1
5755 103 1
5756 24 0
5757 108 1
5758 62 1
5759 91 1
5760 168 0
5761 197 1
5762 142 0
5763 122 0
5764 9 1
5765 116 1
5766 9 1
5767 68 1
5768 59 0
5769 138 1
5770 116 0
5771 27 0
5772 94 1
5773 67 0
5774 139 1
5775 142 1
5776 44 1
5777 125 0
5778 109 1
5779 55 1
5780 213 0
5781 161 1
5782 68 0
5783 159 1
5784 36 1
5785 144 1
5786 43 1
5787 78 1
5788 171 1
5789 13 1
5790 22 1
5791 122 1
5792 144 1
5793 117 1
5794 144 0
5795 21 1
5796 207 1
5797 16 1
5798 131 1
5799 121 1
5800 190 1
5801 37 1
5802 87 0
5803 90 1
5804 193 0
5805 72 1
5806 190 1
5807 77 1
5808 159 1
5809 91 1
5810 16 0
5811 97 1
5812 13 1
5813 149 1
5814 6 1
5815 175 0
5816 40 1
5817 81 1
5818 46 0
5819 103 1
5820 60 1
5821 104 1
5822 88 1
5823 88 1
5824 26 1
5825 201 1
5826 9 1
5827 130 0
5828 130 1
5829 31 1
5830 54 0
5831 198 1
5832 205 0
5833 85 0
5834 22 0
5835 140 1
5836 14 0
5837 196 1
5838 76 1
5839 67 0
5840 113 0
5841 8 1
5842 4 0
5843 9 1
5844 69 0
5845 67 0
5846 180 0
5847 14 0
5848 48 1
5849 73 0
5850 152 0
5851 16 1
5852 176 1
5853 200 1
5854 146 0
5855 72 1
5856 118 1
5857 32 0
5858 83 1
5859 121 1
5860 14 1
5861 140 1
5862 172 1
5863 16 1
5864 185 1
5865 155 1
5866 88 0
5867 153 1
5868 34 0
5869 20 1
5870 57 1
5871 90 0
5872 37 1
5873 16 1
5874 27 0
5875 137 0
5876 189 1
5877 100 0
5878 149 1
5879 18 1
5880 205 1
5881 176 1
5882 62 0
5883 62 0
5884 119 1
5885 209 0
5886 39 1
5887 69 1
5888 139 0
5889 61 0
5890 18 1
5891 72 1
5892 193 1
5893 73 1
5894 75 0
5895 112 0
5896 196 1
5897 11 1
5898 54 1
5899 73 0
5900 20 1
5901 135 0
5902 17 0
5903 68 1
5904 86 1
5905 41 0
5906 191 1
5907 98 1
5908 4 1
5909 162 1
5910 127 1
5911 11 0
5912 67 0
5913 19 0
5914 27 1
5915 80 0
5916 25 0
5917 40 1
5918 70 0
5919 131 1
5920 170 1
5921 46 1
5922 149 1
5923 36 1
5924 113 1
5925 166 1
5926 191 1
5927 0 1
5928 131 0
5929 98 0
5930 190 1
5931 138 1
5932 112 0
5933 189 1
5934 5 1
5935 202 0
5936 74 1
5937 40 1
5938 44 1
5939 28 0
5940 139 1
5941 47 1
5942 89 1
5943 93 0
5944 213 1
5945 28 1
5946 89 1
5947 122 1
5948 209 1
5949 34 0
5950 68 0
5951 107 0
5952 203 1
5953 17 1
5954 88 1
5955 54 0
5956 171 0
5957 62 1
5958 82 1
5959 130 1
5960 65 1
5961 203 1
5962 189 1
5963 6 1
5964 73 1
5965 117 0
5966 62 1
5967 149 1
5968 23 1
5969 95 1
5970 211 1
5971 57 1
5972 184 1
5973 78 1
5974 138 0
5975 133 1
5976 16 1
5977 8 0
5978 98 1
5979 41 0
5980 54 1
5981 31 1
5982 179 0
5983 179 1
5984 64 1
5985 100 0
5986 210 1
5987 93 1
5988 140 1
5989 164 1
5990 97 0
5991 200 0
5992 70 0
5993 116 1
5994 155 1
5995 58 1
5996 179 1
5997 191 0
5998 134 1
5999 65 1
6000 148 1
6001 192 1
6002 186 1
6003 189 1
6004 175 1
6005 109 1
6006 88 1
6007 36 1
6008 22 1
6009 191 1
6010 173 1
6011 106 1
6012 202 1
6013 148 1
6014 171 0
6015 39 1
6016 29 1
6017 182 1
6018 166 0
6019 46 1
6020 16 1
6021 50 1
6022 36 0
6023 126 0
6024 103 1
6025 169 0
6026 2 0
6027 65 0
6028 144 1
6029 191 1
6030 145 0
6031 138 1
6032 111 1
6033 107 1
6034 197 1
6035 55 1
6036 26 1
6037 181 1
6038 124 1
6039 200 1
6040 129 0
6041 7 1
6042 148 0
6043 200 1
6044 4 0
6045 43 1
6046 204 1
6047 41 1
6048 6 1
6049 30 1
6050 166 1
6051 66 1
6052 191 1
6053 120 0
6054 127 1
6055 46 1
6056 193 1
6057 183 0
6058 58 0
6059 69 1
6060 212 0
6061 144 0
6062 157 1
6063 22 1
6064 131 1
6065 17 0
6066 70 1
6067 208 1
6068 117 0
6069 80 1
6070 152 1
6071 150 0
6072 111 0
6073 122 1
6074 8 1
6075 97 1
6076 99 1
6077 140 0
6078 77 0
6079 139 1
6080 79 1
6081 10 1
6082 26 1
6083 196 1
6084 197 1
6085 38 1
6086 52 1
6087 131 1
6088 173 1
6089 198 0
6090 95 1
6091 51 1
6092 40 1
6093 169 1
6094 4 0
6095 190 1
6096 183 1
6097 19 1
6098 1 1
6099 3 1
6100 74 1
6101 51 0
6102 163 1
6103 155 1
6104 154 0
6105 167 1
6106 152 1
6107 161 0
6108 59 1
6109 28 0
6110 143 0
6111 80 1
6112 69 0
6113 186 1
6114 179 0
6115 200 1
6116 163 0
6117 99 0
6118 152 0
6119 98 0
6120 111 0
6121 205 0
6122 201 0
6123 27 1
6124 134 0
6125 43 1
6126 139 1
6127 40 1
6128 154 1
6129 211 1
6130 133 1
6131 92 1
6132 167 1
6133 59 1
6134 163 1
6135 62 1
6136 141 0
6137 109 0
6138 139 1
6139 108 0
6140 56 1
6141 200 1
6142 60 1
6143 200 1
6144 116 0
6145 52 1
6146 44 0
6147 51 1
6148 53 1
6149 36 0
6150 200 1
6151 208 1
6152 84 1
6153 189 0
6154 104 1
6155 146 0
6156 166 1
6157 6 1
6158 23 1
6159 90 1
6160 121 1
6161 108 1
6162 5 1
6163 95 1
6164 133 1
6165 71 0
6166 94 1
6167 180 0
6168 101 1
6169 120 1
6170 102 1
6171 16 1
6172 117 1
6173 144 1
6174 92 1
6175 213 0
6176 95 1
6177 28 1
6178 198 0
6179 170 1
6180 119 1
6181 169 0
6182 93 1
6183 110 1
6184 154 1
6185 50 1
6186 146 0
6187 28 1
6188 166 1
6189 55 1
6190 125 0
6191 189 0
6192 161 1
6193 185 0
6194 60 1
6195 194 1
6196 101 1
6197 111 1
6198 3 1
6199 39 1
6200 101 1
6201 200 0
6202 20 1
6203 161 1
6204 51 1
6205 17 1
6206 202 1
6207 193 1
6208 143 1
6209 158 1
6210 24 1
6211 100 1
6212 7 1
6213 37 1
6214 82 0
6215 100 0
6216 31 1
6217 81 0
6218 180 0
6219 24 1
6220 109 1
6221 204 1
6222 113 0
6223 111 1
6224 65 0
6225 31 1
6226 58 1
6227 146 0
6228 207 1
6229 154 1
6230 125 0
6231 123 0
6232 59 1
6233 207 1
6234 28 1
6235 121 1
6236 138 1
6237 99 1
6238 80 0
6239 11 1
6240 129 1
6241 167 1
6242 37 1
6243 49 0
6244 147 0
6245 184 1
6246 30 0
6247 0 1
6248 15 0
6249 193 1
6250 90 0
6251 113 1
6252 143 1
6253 129 1
6254 72 1
6255 18 1
6256 114 1
6257 185 1
6258 149 1
6259 46 0
6260 10 1
6261 141 0
6262 41 1
6263 208 1
6264 213 1
6265 177 1
6266 5 0
6267 181 1
6268 6 1
6269 21 0
6270 100 0
6271 144 1
6272 89 1
6273 16 1
6274 68 0
6275 106 0
6276 10 1
6277 197 1
6278 39 0
6279 39 1
6280 96 1
6281 206 0
6282 11 0
6283 113 1
6284 66 1
6285 174 0
6286 38 1
6287 99 0
6288 83 1
6289 151 1
6290 109 1
6291 163 1
6292 87 0
6293 102 1
6294 56 0
6295 28 1
6296 75 1
6297 50 1
6298 204 0
6299 182 1
6300 162 0
6301 8 1
6302 42 1
6303 45 1
6304 154 1
6305 209 1
6306 35 1
6307 32 1
6308 23 1
6309 180 1
6310 139 1
6311 95 1
6312 93 1
6313 165 1
6314 27 1
6315 71 0
6316 71 1
6317 107 1
6318 119 1
6319 171 1
6320 144 0
6321 41 1
6322 189 1
6323 20 0
6324 72 1
6325 9 1
6326 59 1
6327 145 1
6328 182 1
6329 168 0
6330 94 1
6331 116 0
6332 38 1
6333 143 1
6334 171 1
6335 149 0
6336 130 1
6337 66 1
6338 129 1
6339 103 1
6340 5 1
6341 131 1
6342 149 0
6343 149 1
6344 23 1
6345 44 0
6346 208 0
6347 146 1
6348 33 0
6349 121 1
6350 107 1
6351 91 1
6352 112 1
6353 61 1
6354 108 1
6355 92 1
6356 209 1
6357 109 1
6358 150 1
6359 193 1
6360 13 1
6361 154 0
6362 115 0
6363 185 1
6364 94 1
6365 138 1
6366 81 1
6367 90 1
6368 37 1
6369 16 1
6370 180 1
6371 190 0
6372 197 1
6373 184 0
6374 208 0
6375 171 1
6376 51 1
6377 92 1
6378 198 1
6379 33 0
6380 156 0
6381 145 1
6382 197 1
6383 13 1
6384 36 0
6385 97 0
6386 70 1
6387 43 0
6388 23 1
6389 51 1
6390 187 1
6391 103 1
6392 51 0
6393 56 1
6394 191 1
6395 193 1
6396 125 0
6397 20 0
6398 155 0
6399 207 1
6400 209 1
6401 58 1
6402 28 1
6403 129 0
6404 193 1
6405 147 1
6406 52 1
6407 123 1
6408 95 1
6409 71 1
6410 201 0
6411 69 1
6412 184 0
6413 85 0
6414 201 1
6415 35 1
6416 102 1
6417 126 0
6418 59 1
6419 114 1
6420 85 0
6421 136 1
6422 161 0
6423 104 1
