5513
1 96 1
2 64 1
3 47 1
4 22 0
5 0 0
6 141 1
7 116 1
8 116 1
9 81 1
10 71 1
11 203 1
12 132 1
13 160 1
14 136 1
15 184 1
16 134 0
17 103 1
18 57 0
19 85 1
20 176 1
21 152 1
22 127 1
23 181 1
24 127 1
25 94 1
26 20 0
27 201 1
28 74 1
29 113 0
30 44 1
31 33 1
32 156 1
33 115 0
34 156 1
35 30 0
36 104 1
37 177 0
38 189 0
39 2 0
40 148 1
41 122 1
42 133 1
43 190 1
44 132 1
45 75 1
46 179 1
47 13 1
48 194 1
49 76 1
50 67 0
51 80 1
52 27 1
53 61 1
54 143 1
55 139 1
56 189 1
57 117 0
58 32 1
59 56 1
60 189 0
61 79 0
62 189 0
63 20 1
64 170 0
65 130 1
66 20 1
67 147 1
68 126 1
69 1 1
70 10 1
71 7 0
72 61 0
73 49 1
74 90 1
75 127 1
76 106 1
77 44 1
78 36 1
79 74 1
80 109 1
81 103 1
82 73 1
83 126 0
84 197 1
85 206 1
86 7 1
87 64 1
88 76 0
89 30 1
90 88 1
91 184 0
92 101 0
93 96 0
94 162 1
95 134 1
96 164 1
97 140 1
98 14 1
99 95 0
100 52 0
101 76 1
102 173 0
103 207 0
104 203 1
105 154 0
106 133 1
107 92 1
108 14 0
109 31 1
110 148 0
111 187 0
112 140 1
113 77 1
114 120 0
115 104 0
116 2 1
117 101 0
118 139 0
119 163 1
120 74 1
121 161 1
122 102 1
123 100 0
124 100 1
125 163 1
126 165 0
127 88 0
128 204 1
129 67 1
130 76 1
131 155 1
132 89 1
133 203 1
134 93 0
135 19 1
136 130 0
137 32 1
138 92 0
139 7 1
140 133 1
141 99 1
142 47 1
143 131 1
144 142 0
145 23 1
146 27 1
147 166 0
148 173 1
149 4 1
150 182 1
151 171 0
152 203 1
153 202 1
154 75 1
155 147 1
156 38 1
157 165 0
158 12 1
159 75 1
160 153 0
161 110 1
162 15 0
163 36 1
164 172 0
165 193 0
166 63 1
167 113 0
168 175 1
169 89 1
170 53 0
171 117 1
172 141 1
173 126 1
174 26 0
175 45 1
176 169 1
177 19 0
178 39 1
179 31 0
180 175 0
181 13 1
182 195 0
183 31 1
184 180 1
185 68 1
186 95 0
187 63 1
188 46 0
189 127 1
190 180 1
191 121 0
192 66 1
193 192 0
194 144 1
195 185 1
196 185 1
197 4 1
198 63 0
199 199 0
200 26 0
201 135 1
202 111 1
203 16 1
204 176 0
205 178 1
206 185 0
207 23 1
208 98 1
209 94 1
210 177 0
211 9 0
212 136 1
213 190 0
214 50 1
215 100 0
216 184 1
217 66 0
218 91 1
219 190 1
220 95 1
221 152 1
222 115 1
223 58 0
224 128 1
225 195 1
226 89 1
227 115 1
228 7 0
229 2 1
230 11 1
231 82 1
232 207 0
233 97 0
234 180 1
235 14 1
236 102 1
237 82 0
238 79 0
239 170 0
240 161 1
241 171 1
242 147 0
243 134 1
244 118 0
245 161 1
246 109 1
247 62 1
248 0 1
249 62 1
250 104 0
251 194 1
252 191 1
253 83 1
254 155 0
255 136 0
256 196 1
257 14 1
258 120 0
259 25 1
260 155 0
261 26 0
262 38 0
263 27 1
264 197 0
265 87 1
266 35 1
267 35 1
268 85 0
269 155 1
270 29 1
271 83 1
272 205 1
273 176 1
274 196 1
275 11 1
276 126 0
277 142 1
278 154 1
279 71 1
280 128 0
281 180 0
282 178 0
283 49 0
284 203 1
285 30 1
286 103 1
287 196 1
288 30 1
289 1 1
290 20 0
291 24 1
292 209 1
293 180 1
294 204 0
295 31 1
296 149 1
297 155 0
298 84 1
299 118 1
300 15 1
301 178 0
302 80 1
303 5 0
304 62 1
305 205 1
306 178 1
307 98 1
308 133 0
309 146 1
310 58 1
311 118 1
312 46 1
313 61 1
314 84 0
315 76 0
316 66 1
317 7 1
318 24 0
319 126 1
320 178 1
321 38 1
322 88 0
323 139 1
324 153 0
325 6 1
326 121 0
327 76 1
328 135 0
329 36 0
330 55 0
331 188 1
332 185 1
333 6 0
334 156 1
335 165 1
336 201 1
337 86 1
338 209 1
339 89 1
340 37 1
341 21 1
342 89 1
343 195 1
344 184 1
345 102 1
346 82 0
347 19 1
348 12 0
349 56 0
350 26 1
351 29 0
352 83 0
353 175 1
354 78 1
355 101 1
356 98 1
357 143 1
358 89 1
359 69 1
360 96 1
361 40 0
362 199 1
363 25 0
364 165 0
365 37 1
366 40 0
367 158 0
368 50 1
369 73 1
370 45 1
371 33 1
372 166 1
373 199 1
374 172 1
375 56 1
376 178 1
377 105 1
378 25 0
379 36 1
380 29 0
381 121 1
382 9 1
383 62 0
384 190 0
385 57 0
386 49 1
387 36 1
388 135 0
389 129 0
390 31 1
391 102 0
392 19 1
393 113 1
394 76 0
395 105 0
396 172 1
397 45 1
398 32 1
399 109 1
400 192 0
401 116 0
402 205 0
403 115 0
404 126 1
405 174 0
406 87 1
407 24 0
408 143 1
409 20 1
410 156 1
411 63 1
412 169 1
413 167 1
414 165 1
415 2 1
416 181 0
417 126 1
418 8 1
419 174 0
420 143 0
421 160 1
422 72 1
423 74 1
424 111 1
425 173 1
426 169 1
427 42 0
428 3 1
429 198 1
430 12 0
431 132 1
432 56 1
433 158 0
434 157 1
435 148 1
436 127 1
437 57 1
438 151 1
439 73 1
440 96 0
441 187 0
442 141 1
443 131 1
444 176 0
445 130 1
446 188 1
447 40 0
448 99 1
449 48 1
450 188 1
451 84 0
452 32 1
453 174 1
454 142 1
455 24 0
456 152 1
457 31 1
458 48 1
459 175 0
460 19 0
461 72 1
462 145 1
463 191 1
464 180 1
465 28 0
466 173 0
467 0 1
468 122 1
469 179 1
470 80 0
471 161 1
472 22 0
473 183 0
474 173 1
475 165 0
476 190 1
477 58 0
478 7 1
479 107 0
480 146 0
481 83 0
482 196 1
483 104 1
484 127 1
485 30 1
486 13 1
487 17 0
488 122 0
489 107 0
490 165 1
491 146 0
492 167 1
493 57 1
494 112 0
495 100 0
496 37 0
497 25 0
498 4 0
499 210 1
500 70 1
501 127 0
502 90 1
503 200 0
504 162 1
505 35 1
506 26 1
507 49 0
508 124 0
509 185 1
510 9 1
511 152 1
512 206 1
513 18 0
514 176 0
515 131 0
516 127 1
517 69 1
518 141 0
519 88 0
520 154 1
521 78 1
522 43 0
523 111 1
524 184 1
525 141 1
526 29 1
527 189 1
528 210 1
529 104 1
530 94 0
531 160 1
532 22 0
533 97 0
534 76 0
535 205 0
536 47 1
537 148 1
538 150 1
539 127 1
540 83 1
541 185 0
542 10 1
543 165 1
544 30 1
545 133 0
546 33 1
547 4 1
548 181 0
549 167 1
550 155 0
551 15 0
552 184 1
553 163 0
554 30 1
555 115 1
556 86 1
557 43 1
558 42 1
559 54 1
560 57 1
561 66 0
562 140 1
563 14 1
564 40 1
565 106 0
566 81 0
567 136 1
568 155 1
569 126 1
570 197 0
571 37 1
572 200 1
573 118 1
574 78 1
575 53 0
576 98 0
577 94 1
578 138 1
579 87 1
580 28 0
581 191 1
582 184 1
583 193 1
584 154 1
585 52 1
586 88 1
587 82 1
588 38 1
589 57 1
590 110 1
591 121 1
592 178 1
593 185 1
594 62 1
595 101 1
596 124 1
597 149 1
598 68 1
599 175 1
600 108 0
601 152 0
602 185 1
603 142 0
604 92 0
605 209 0
606 48 1
607 69 1
608 74 1
609 150 0
610 54 1
611 96 0
612 203 1
613 14 0
614 34 0
615 151 1
616 74 1
617 208 1
618 195 1
619 140 0
620 157 1
621 148 0
622 208 1
623 171 0
624 130 1
625 207 1
626 20 1
627 21 1
628 75 1
629 152 0
630 93 1
631 121 1
632 54 1
633 84 1
634 206 0
635 195 1
636 182 0
637 97 1
638 8 1
639 39 0
640 36 1
641 192 1
642 77 1
643 18 1
644 118 1
645 51 0
646 2 1
647 117 0
648 28 0
649 175 1
650 165 0
651 45 1
652 81 0
653 184 1
654 68 1
655 97 0
656 207 1
657 111 1
658 161 1
659 95 1
660 38 1
661 19 0
662 56 0
663 97 0
664 76 1
665 187 1
666 90 1
667 115 1
668 33 1
669 130 1
670 180 1
671 156 0
672 175 1
673 119 0
674 54 1
675 12 0
676 98 1
677 2 1
678 117 1
679 107 1
680 110 1
681 93 1
682 186 1
683 30 1
684 166 1
685 139 1
686 46 1
687 181 1
688 9 1
689 85 1
690 173 0
691 26 1
692 209 0
693 84 0
694 208 1
695 97 0
696 145 1
697 96 0
698 57 1
699 157 1
700 157 0
701 16 1
702 170 1
703 163 0
704 157 1
705 113 0
706 3 1
707 129 1
708 36 0
709 196 1
710 144 0
711 140 1
712 11 1
713 147 1
714 102 0
715 160 1
716 179 1
717 200 0
718 113 1
719 188 0
720 138 1
721 127 1
722 98 1
723 12 1
724 209 1
725 37 1
726 30 0
727 169 1
728 152 0
729 190 1
730 67 1
731 120 0
732 54 1
733 124 1
734 0 1
735 95 1
736 60 1
737 150 1
738 87 1
739 161 1
740 29 1
741 176 1
742 34 1
743 181 1
744 108 0
745 179 0
746 37 0
747 160 1
748 67 1
749 128 1
750 43 1
751 76 0
752 185 1
753 130 0
754 46 0
755 15 1
756 68 1
757 84 1
758 194 1
759 27 1
760 163 1
761 84 1
762 163 1
763 162 0
764 187 1
765 37 1
766 172 0
767 123 1
768 77 1
769 207 1
770 204 1
771 148 1
772 151 1
773 193 1
774 25 1
775 174 0
776 84 0
777 128 0
778 162 0
779 5 1
780 27 0
781 27 0
782 104 0
783 4 0
784 143 1
785 174 1
786 41 0
787 15 1
788 2 1
789 116 1
790 6 1
791 166 1
792 77 1
793 76 1
794 111 1
795 115 1
796 204 1
797 207 1
798 32 1
799 68 1
800 31 0
801 49 0
802 11 1
803 54 1
804 142 0
805 202 0
806 69 0
807 188 0
808 189 1
809 43 0
810 3 1
811 96 0
812 39 1
813 94 1
814 43 1
815 115 1
816 193 1
817 15 0
818 47 1
819 87 1
820 59 0
821 75 1
822 184 1
823 63 1
824 54 1
825 40 1
826 82 0
827 54 1
828 99 1
829 193 1
830 179 0
831 165 1
832 80 0
833 104 0
834 199 1
835 54 1
836 8 0
837 44 1
838 131 1
839 13 1
840 162 0
841 113 1
842 139 0
843 25 0
844 54 0
845 118 1
846 54 0
847 53 1
848 202 0
849 0 1
850 6 0
851 187 1
852 134 1
853 76 0
854 208 1
855 189 1
856 91 0
857 142 1
858 208 0
859 127 1
860 44 1
861 22 1
862 56 1
863 51 1
864 101 0
865 107 0
866 187 1
867 151 1
868 183 1
869 113 1
870 54 0
871 78 1
872 52 1
873 35 1
874 46 1
875 49 1
876 66 1
877 137 1
878 16 1
879 39 1
880 110 1
881 44 0
882 178 1
883 145 1
884 81 0
885 69 0
886 8 0
887 150 0
888 106 1
889 59 0
890 86 0
891 191 1
892 130 0
893 13 1
894 44 0
895 2 0
896 148 0
897 189 1
898 191 1
899 85 1
900 120 1
901 145 0
902 40 1
903 58 1
904 8 0
905 36 1
906 176 1
907 116 1
908 162 1
909 110 1
910 51 1
911 19 1
912 188 0
913 54 1
914 70 1
915 98 0
916 31 0
917 188 0
918 67 1
919 166 1
920 102 1
921 170 1
922 36 1
923 31 1
924 73 1
925 195 0
926 73 1
927 63 1
928 161 0
929 88 1
930 205 1
931 160 0
932 88 0
933 177 0
934 202 0
935 100 0
936 73 1
937 30 1
938 83 1
939 177 1
940 21 0
941 19 1
942 114 1
943 14 1
944 148 0
945 34 1
946 157 0
947 37 0
948 150 1
949 139 1
950 164 1
951 24 1
952 36 1
953 85 1
954 64 1
955 145 0
956 82 1
957 49 0
958 196 1
959 129 1
960 114 1
961 145 1
962 97 0
963 45 0
964 3 0
965 47 0
966 162 1
967 143 1
968 74 1
969 187 0
970 68 0
971 42 1
972 154 1
973 135 1
974 104 1
975 142 0
976 87 0
977 149 1
978 207 0
979 169 1
980 116 1
981 115 0
982 156 0
983 135 0
984 64 1
985 187 1
986 21 1
987 152 0
988 190 0
989 53 1
990 0 1
991 172 1
992 140 1
993 9 1
994 93 0
995 164 1
996 53 1
997 146 0
998 116 1
999 47 1
1000 181 1
1001 182 1
1002 201 1
1003 115 1
1004 70 1
1005 134 0
1006 21 1
1007 26 1
1008 74 0
1009 115 1
1010 82 0
1011 114 0
1012 137 0
1013 83 0
1014 199 1
1015 91 1
1016 22 1
1017 109 0
1018 56 0
1019 62 0
1020 131 1
1021 196 0
1022 29 1
1023 52 1
1024 206 1
1025 8 0
1026 105 1
1027 162 1
1028 172 1
1029 22 1
1030 33 1
1031 199 1
1032 126 1
1033 147 1
1034 192 1
1035 97 1
1036 13 1
1037 134 1
1038 42 0
1039 15 1
1040 93 1
1041 63 0
1042 147 1
1043 179 1
1044 208 1
1045 138 1
1046 53 1
1047 34 1
1048 94 1
1049 150 0
1050 210 1
1051 136 1
1052 67 0
1053 55 0
1054 116 1
1055 95 1
1056 175 1
1057 65 0
1058 122 1
1059 168 1
1060 184 1
1061 179 1
1062 172 1
1063 75 0
1064 134 1
1065 79 1
1066 80 1
1067 14 0
1068 144 1
1069 126 1
1070 90 0
1071 127 0
1072 38 0
1073 34 0
1074 175 0
1075 99 1
1076 167 1
1077 44 0
1078 70 1
1079 132 1
1080 162 1
1081 75 1
1082 165 0
1083 48 1
1084 29 1
1085 17 1
1086 53 1
1087 173 0
1088 75 1
1089 202 1
1090 147 0
1091 57 1
1092 157 1
1093 181 1
1094 169 1
1095 170 1
1096 183 1
1097 21 1
1098 205 1
1099 105 1
1100 112 0
1101 142 1
1102 4 1
1103 127 1
1104 49 1
1105 200 1
1106 77 1
1107 169 0
1108 17 1
1109 200 1
1110 112 0
1111 45 0
1112 13 1
1113 91 1
1114 85 0
1115 110 0
1116 56 0
1117 102 0
1118 94 1
1119 9 1
1120 85 1
1121 208 1
1122 125 1
1123 134 0
1124 176 0
1125 66 1
1126 102 1
1127 30 1
1128 128 1
1129 122 1
1130 135 1
1131 18 0
1132 142 1
1133 121 1
1134 7 0
1135 37 1
1136 78 1
1137 203 1
1138 150 1
1139 83 1
1140 120 1
1141 141 1
1142 130 0
1143 126 1
1144 31 1
1145 79 1
1146 7 1
1147 16 1
1148 87 1
1149 43 0
1150 6 1
1151 136 1
1152 194 1
1153 25 1
1154 124 0
1155 198 1
1156 126 1
1157 204 1
1158 170 1
1159 42 1
1160 105 1
1161 26 1
1162 168 1
1163 130 1
1164 129 1
1165 87 1
1166 122 0
1167 168 1
1168 90 1
1169 189 0
1170 170 1
1171 197 1
1172 174 1
1173 81 0
1174 48 0
1175 73 1
1176 194 0
1177 4 1
1178 91 1
1179 64 1
1180 177 1
1181 94 0
1182 113 1
1183 63 1
1184 63 1
1185 24 0
1186 87 1
1187 58 0
1188 150 0
1189 53 1
1190 131 1
1191 89 1
1192 174 1
1193 134 1
1194 97 1
1195 14 0
1196 88 0
1197 20 1
1198 189 1
1199 11 1
1200 205 0
1201 145 0
1202 126 1
1203 132 1
1204 131 0
1205 132 0
1206 49 1
1207 35 0
1208 104 1
1209 16 0
1210 106 1
1211 2 1
1212 88 0
1213 133 0
1214 186 1
1215 188 0
1216 48 1
1217 51 1
1218 194 1
1219 108 0
1220 186 1
1221 115 0
1222 40 1
1223 197 0
1224 137 0
1225 163 0
1226 113 0
1227 175 1
1228 56 1
1229 5 1
1230 190 0
1231 82 1
1232 54 1
1233 71 0
1234 135 0
1235 101 0
1236 78 1
1237 4 1
1238 184 1
1239 80 1
1240 72 1
1241 12 1
1242 66 0
1243 124 1
1244 23 1
1245 24 1
1246 62 0
1247 111 1
1248 188 1
1249 154 0
1250 100 1
1251 92 1
1252 79 0
1253 115 1
1254 35 0
1255 33 0
1256 177 1
1257 31 0
1258 102 0
1259 105 1
1260 154 1
1261 209 1
1262 184 0
1263 122 1
1264 29 0
1265 12 1
1266 139 1
1267 47 1
1268 149 0
1269 141 0
1270 96 1
1271 160 1
1272 88 0
1273 176 1
1274 5 0
1275 55 1
1276 68 0
1277 114 0
1278 31 1
1279 151 0
1280 39 1
1281 139 1
1282 136 0
1283 56 0
1284 87 1
1285 127 1
1286 29 1
1287 115 1
1288 137 1
1289 177 1
1290 99 1
1291 171 1
1292 154 0
1293 157 1
1294 48 0
1295 195 1
1296 50 1
1297 4 1
1298 48 1
1299 130 0
1300 126 1
1301 187 0
1302 204 0
1303 142 1
1304 121 1
1305 142 1
1306 79 0
1307 126 1
1308 125 1
1309 26 1
1310 171 1
1311 129 1
1312 82 1
1313 66 1
1314 63 1
1315 134 0
1316 113 0
1317 83 1
1318 72 1
1319 105 1
1320 152 0
1321 152 1
1322 87 1
1323 71 0
1324 141 0
1325 43 1
1326 56 1
1327 60 1
1328 176 1
1329 138 1
1330 193 0
1331 167 0
1332 42 1
1333 150 0
1334 3 1
1335 45 1
1336 30 1
1337 44 1
1338 135 1
1339 199 1
1340 82 0
1341 35 1
1342 73 1
1343 147 1
1344 91 1
1345 16 1
1346 136 1
1347 197 1
1348 92 0
1349 161 1
1350 130 1
1351 40 1
1352 143 1
1353 66 1
1354 150 0
1355 1 1
1356 35 0
1357 160 0
1358 0 1
1359 96 1
1360 40 1
1361 194 1
1362 84 0
1363 93 0
1364 55 1
1365 142 1
1366 199 1
1367 134 1
1368 5 1
1369 67 1
1370 204 1
1371 177 0
1372 184 0
1373 86 1
1374 172 1
1375 15 1
1376 83 1
1377 126 1
1378 128 0
1379 82 0
1380 1 1
1381 158 0
1382 65 0
1383 201 1
1384 21 1
1385 15 0
1386 206 0
1387 123 0
1388 136 1
1389 22 1
1390 180 1
1391 47 0
1392 116 1
1393 37 0
1394 131 1
1395 86 1
1396 133 1
1397 202 1
1398 196 0
1399 138 0
1400 198 0
1401 100 0
1402 163 1
1403 162 0
1404 90 1
1405 135 1
1406 91 1
1407 60 0
1408 94 1
1409 189 1
1410 87 0
1411 147 0
1412 48 1
1413 157 0
1414 68 1
1415 199 1
1416 55 0
1417 118 1
1418 181 1
1419 44 0
1420 123 0
1421 69 1
1422 20 0
1423 79 1
1424 176 1
1425 209 0
1426 202 0
1427 142 0
1428 22 0
1429 152 1
1430 201 1
1431 96 1
1432 98 0
1433 1 0
1434 73 0
1435 208 0
1436 94 1
1437 199 0
1438 65 1
1439 177 1
1440 204 0
1441 163 1
1442 60 0
1443 104 1
1444 131 1
1445 122 1
1446 135 1
1447 35 0
1448 11 0
1449 90 0
1450 161 1
1451 18 1
1452 23 0
1453 27 0
1454 22 1
1455 199 1
1456 39 0
1457 160 1
1458 114 1
1459 130 1
1460 49 1
1461 104 0
1462 49 1
1463 207 0
1464 124 1
1465 93 1
1466 123 1
1467 119 1
1468 197 0
1469 184 0
1470 89 0
1471 104 1
1472 192 1
1473 176 0
1474 56 1
1475 158 1
1476 7 1
1477 159 1
1478 139 0
1479 66 0
1480 190 0
1481 207 1
1482 60 1
1483 199 1
1484 210 0
1485 135 0
1486 83 1
1487 35 0
1488 161 0
1489 109 1
1490 46 0
1491 192 0
1492 57 0
1493 189 1
1494 33 1
1495 118 0
1496 204 1
1497 65 1
1498 98 1
1499 48 1
1500 174 1
1501 4 0
1502 160 0
1503 191 0
1504 121 1
1505 198 1
1506 14 1
1507 89 0
1508 58 1
1509 137 0
1510 192 1
1511 184 1
1512 107 0
1513 187 1
1514 120 1
1515 40 1
1516 157 1
1517 210 0
1518 85 1
1519 86 1
1520 148 1
1521 31 1
1522 202 0
1523 183 1
1524 56 0
1525 140 1
1526 102 1
1527 171 1
1528 181 1
1529 72 0
1530 201 1
1531 175 1
1532 27 1
1533 122 1
1534 23 1
1535 56 1
1536 151 0
1537 72 1
1538 76 1
1539 60 1
1540 103 0
1541 119 1
1542 53 1
1543 153 1
1544 45 0
1545 114 0
1546 208 0
1547 182 1
1548 202 1
1549 85 1
1550 171 1
1551 134 1
1552 17 1
1553 123 1
1554 201 1
1555 43 1
1556 123 1
1557 37 0
1558 191 1
1559 68 1
1560 75 0
1561 60 0
1562 79 1
1563 176 1
1564 204 1
1565 33 0
1566 60 0
1567 146 1
1568 113 1
1569 119 1
1570 191 1
1571 145 1
1572 194 1
1573 148 1
1574 32 0
1575 148 1
1576 138 1
1577 48 1
1578 108 0
1579 157 1
1580 143 1
1581 4 1
1582 16 1
1583 149 0
1584 27 1
1585 101 1
1586 168 1
1587 191 0
1588 88 0
1589 63 1
1590 83 1
1591 96 0
1592 77 0
1593 97 1
1594 26 0
1595 105 1
1596 182 0
1597 110 1
1598 78 1
1599 197 1
1600 134 1
1601 192 1
1602 73 1
1603 112 0
1604 39 0
1605 150 0
1606 125 1
1607 2 1
1608 48 1
1609 126 1
1610 11 1
1611 61 0
1612 209 0
1613 50 1
1614 168 1
1615 50 1
1616 154 1
1617 51 1
1618 22 1
1619 126 1
1620 77 0
1621 53 0
1622 180 1
1623 62 0
1624 23 1
1625 120 1
1626 77 1
1627 176 1
1628 10 1
1629 101 1
1630 2 1
1631 138 1
1632 133 0
1633 121 1
1634 11 1
1635 86 0
1636 181 1
1637 79 1
1638 194 0
1639 196 1
1640 199 0
1641 120 1
1642 75 0
1643 10 1
1644 50 1
1645 1 1
1646 133 1
1647 157 1
1648 197 0
1649 79 1
1650 183 1
1651 165 1
1652 93 0
1653 41 0
1654 44 1
1655 31 0
1656 0 0
1657 177 0
1658 106 1
1659 109 1
1660 169 0
1661 158 1
1662 118 1
1663 15 1
1664 41 1
1665 51 1
1666 129 1
1667 116 0
1668 39 0
1669 37 0
1670 53 1
1671 195 0
1672 89 1
1673 78 1
1674 8 0
1675 89 0
1676 36 1
1677 137 0
1678 10 0
1679 208 1
1680 115 0
1681 13 0
1682 55 0
1683 125 1
1684 156 1
1685 127 1
1686 19 1
1687 0 1
1688 11 1
1689 41 1
1690 4 1
1691 65 0
1692 36 0
1693 63 1
1694 12 0
1695 177 0
1696 190 1
1697 161 1
1698 189 1
1699 77 1
1700 106 1
1701 81 1
1702 54 1
1703 183 1
1704 109 1
1705 34 1
1706 94 1
1707 153 1
1708 40 1
1709 46 1
1710 16 0
1711 180 1
1712 72 1
1713 109 0
1714 155 1
1715 134 0
1716 129 0
1717 46 0
1718 167 0
1719 66 1
1720 192 1
1721 128 1
1722 149 1
1723 75 1
1724 25 1
1725 30 1
1726 82 0
1727 116 1
1728 80 0
1729 155 0
1730 150 1
1731 155 1
1732 163 1
1733 69 1
1734 38 1
1735 134 1
1736 105 0
1737 175 0
1738 70 0
1739 21 1
1740 189 1
1741 137 0
1742 0 1
1743 164 1
1744 6 1
1745 185 1
1746 136 1
1747 93 1
1748 149 1
1749 157 1
1750 167 1
1751 75 1
1752 0 0
1753 184 1
1754 107 1
1755 35 1
1756 125 1
1757 95 0
1758 165 1
1759 75 1
1760 106 1
1761 197 1
1762 208 1
1763 199 1
1764 111 1
1765 202 1
1766 94 1
1767 208 1
1768 135 1
1769 114 0
1770 44 1
1771 66 0
1772 60 0
1773 33 1
1774 78 1
1775 55 1
1776 107 0
1777 164 0
1778 200 1
1779 119 0
1780 36 1
1781 116 1
1782 126 0
1783 174 1
1784 32 1
1785 30 1
1786 45 1
1787 195 1
1788 46 1
1789 200 0
1790 206 1
1791 47 1
1792 34 1
1793 207 0
1794 23 1
1795 73 1
1796 95 0
1797 59 0
1798 41 1
1799 9 1
1800 129 1
1801 99 0
1802 5 1
1803 149 1
1804 49 0
1805 46 0
1806 131 0
1807 17 1
1808 174 0
1809 137 0
1810 209 1
1811 46 1
1812 138 1
1813 53 1
1814 77 1
1815 201 1
1816 52 1
1817 39 1
1818 41 0
1819 189 1
1820 195 1
1821 5 0
1822 198 1
1823 18 0
1824 115 1
1825 148 0
1826 104 1
1827 157 0
1828 117 0
1829 79 1
1830 11 0
1831 140 1
1832 28 0
1833 201 0
1834 26 1
1835 110 1
1836 73 1
1837 155 1
1838 6 0
1839 10 1
1840 67 1
1841 104 0
1842 170 1
1843 72 0
1844 130 1
1845 10 0
1846 91 0
1847 154 0
1848 67 1
1849 138 1
1850 112 1
1851 133 0
1852 21 1
1853 114 1
1854 119 0
1855 18 1
1856 21 1
1857 148 1
1858 42 0
1859 7 1
1860 110 0
1861 131 1
1862 116 1
1863 59 1
1864 7 1
1865 15 0
1866 104 1
1867 43 1
1868 14 1
1869 102 0
1870 21 1
1871 109 1
1872 111 1
1873 52 1
1874 5 0
1875 63 0
1876 156 1
1877 55 0
1878 138 1
1879 114 1
1880 180 0
1881 84 1
1882 66 1
1883 148 1
1884 23 1
1885 82 0
1886 28 0
1887 36 1
1888 187 1
1889 31 1
1890 17 1
1891 177 1
1892 27 0
1893 184 1
1894 4 1
1895 50 1
1896 165 0
1897 76 1
1898 130 1
1899 49 1
1900 1 1
1901 67 1
1902 192 0
1903 37 1
1904 192 1
1905 19 0
1906 112 1
1907 40 0
1908 166 1
1909 94 1
1910 49 1
1911 93 1
1912 147 0
1913 103 0
1914 131 0
1915 90 1
1916 153 1
1917 30 1
1918 130 1
1919 172 1
1920 85 1
1921 189 1
1922 46 1
1923 125 1
1924 192 0
1925 41 1
1926 102 0
1927 114 0
1928 41 0
1929 186 0
1930 28 1
1931 173 0
1932 11 1
1933 184 1
1934 89 1
1935 121 1
1936 127 1
1937 29 1
1938 67 0
1939 44 0
1940 112 1
1941 27 1
1942 169 1
1943 123 1
1944 17 0
1945 41 1
1946 32 1
1947 95 1
1948 25 1
1949 134 1
1950 83 1
1951 157 0
1952 93 1
1953 202 0
1954 79 0
1955 157 0
1956 70 0
1957 144 0
1958 64 0
1959 109 1
1960 103 1
1961 75 0
1962 103 0
1963 128 0
1964 187 1
1965 192 0
1966 175 1
1967 88 1
1968 63 1
1969 166 1
1970 195 1
1971 203 1
1972 115 0
1973 163 0
1974 142 1
1975 129 0
1976 81 1
1977 119 1
1978 32 0
1979 51 1
1980 167 1
1981 17 0
1982 41 0
1983 138 1
1984 54 1
1985 36 1
1986 24 1
1987 173 1
1988 113 1
1989 107 1
1990 56 1
1991 28 1
1992 98 1
1993 190 0
1994 132 1
1995 87 0
1996 144 1
1997 37 1
1998 160 1
1999 78 0
2000 7 1
2001 71 1
2002 91 1
2003 39 1
2004 107 1
2005 198 1
2006 120 1
2007 169 1
2008 111 0
2009 86 1
2010 49 1
2011 69 0
2012 16 0
2013 36 1
2014 20 0
2015 209 1
2016 178 1
2017 7 0
2018 51 1
2019 1 1
2020 141 1
2021 111 0
2022 164 0
2023 137 0
2024 87 1
2025 46 0
2026 55 0
2027 67 1
2028 41 1
2029 66 1
2030 167 0
2031 38 1
2032 82 0
2033 141 1
2034 41 1
2035 80 0
2036 81 1
2037 22 0
2038 210 1
2039 48 1
2040 41 1
2041 172 1
2042 29 1
2043 116 1
2044 81 1
2045 131 1
2046 195 0
2047 40 0
2048 164 0
2049 199 0
2050 142 1
2051 45 1
2052 209 1
2053 207 1
2054 96 1
2055 33 1
2056 168 0
2057 182 1
2058 182 1
2059 56 1
2060 139 0
2061 89 0
2062 95 1
2063 190 1
2064 129 1
2065 202 1
2066 116 0
2067 22 0
2068 53 1
2069 61 0
2070 11 0
2071 24 1
2072 37 1
2073 35 1
2074 83 0
2075 61 1
2076 149 1
2077 3 0
2078 98 1
2079 31 1
2080 30 1
2081 157 0
2082 139 0
2083 210 1
2084 66 1
2085 0 1
2086 104 1
2087 206 0
2088 20 1
2089 20 0
2090 203 1
2091 63 1
2092 181 1
2093 43 0
2094 129 1
2095 34 1
2096 177 0
2097 44 0
2098 28 1
2099 167 1
2100 133 1
2101 201 0
2102 62 1
2103 38 1
2104 96 1
2105 4 1
2106 88 1
2107 18 0
2108 3 0
2109 77 1
2110 85 0
2111 30 1
2112 172 1
2113 106 1
2114 147 0
2115 113 1
2116 179 1
2117 45 1
2118 168 1
2119 142 1
2120 90 0
2121 142 1
2122 2 1
2123 107 0
2124 41 1
2125 88 1
2126 84 1
2127 127 1
2128 11 1
2129 195 1
2130 33 1
2131 96 1
2132 69 1
2133 192 0
2134 174 1
2135 160 1
2136 58 0
2137 22 1
2138 202 1
2139 16 1
2140 182 1
2141 107 1
2142 171 0
2143 50 1
2144 205 1
2145 209 1
2146 80 1
2147 190 1
2148 186 0
2149 124 0
2150 164 0
2151 72 1
2152 115 1
2153 101 1
2154 172 1
2155 87 1
2156 170 1
2157 68 1
2158 87 0
2159 51 1
2160 21 1
2161 58 1
2162 94 1
2163 119 0
2164 158 1
2165 167 1
2166 55 1
2167 71 1
2168 72 1
2169 145 0
2170 28 0
2171 46 1
2172 165 0
2173 148 1
2174 21 1
2175 71 0
2176 198 1
2177 12 1
2178 116 1
2179 99 0
2180 193 0
2181 43 1
2182 34 0
2183 208 1
2184 157 1
2185 89 0
2186 193 0
2187 122 1
2188 119 1
2189 57 1
2190 208 0
2191 132 1
2192 207 1
2193 15 0
2194 94 1
2195 176 1
2196 119 1
2197 114 0
2198 204 0
2199 209 1
2200 71 0
2201 153 1
2202 12 0
2203 69 1
2204 73 1
2205 11 1
2206 204 1
2207 135 1
2208 157 0
2209 51 1
2210 2 1
2211 197 0
2212 106 1
2213 13 1
2214 160 1
2215 67 0
2216 99 1
2217 154 0
2218 154 1
2219 192 1
2220 88 0
2221 167 1
2222 5 1
2223 20 1
2224 110 0
2225 152 1
2226 168 1
2227 184 1
2228 188 1
2229 111 1
2230 209 0
2231 108 1
2232 57 1
2233 26 1
2234 13 0
2235 97 0
2236 80 1
2237 52 0
2238 14 1
2239 117 1
2240 13 1
2241 187 0
2242 66 0
2243 194 1
2244 146 1
2245 131 1
2246 142 0
2247 190 0
2248 159 1
2249 68 1
2250 94 0
2251 13 1
2252 9 1
2253 129 1
2254 87 0
2255 17 0
2256 173 1
2257 19 1
2258 22 1
2259 22 1
2260 46 0
2261 51 0
2262 50 1
2263 45 1
2264 197 1
2265 200 1
2266 68 1
2267 203 0
2268 148 1
2269 181 1
2270 25 0
2271 73 0
2272 10 0
2273 46 1
2274 44 0
2275 150 1
2276 170 1
2277 147 1
2278 182 1
2279 167 1
2280 174 0
2281 66 1
2282 28 0
2283 189 1
2284 129 1
2285 69 0
2286 176 0
2287 91 1
2288 184 1
2289 87 0
2290 154 0
2291 107 0
2292 98 1
2293 71 0
2294 104 1
2295 55 0
2296 54 0
2297 179 1
2298 128 1
2299 128 0
2300 135 0
2301 70 0
2302 78 1
2303 155 0
2304 37 0
2305 68 1
2306 139 0
2307 43 0
2308 167 1
2309 124 1
2310 11 0
2311 207 0
2312 38 1
2313 97 1
2314 203 1
2315 82 1
2316 160 1
2317 177 1
2318 51 0
2319 158 1
2320 22 1
2321 18 1
2322 139 0
2323 5 1
2324 124 1
2325 24 1
2326 177 0
2327 19 0
2328 66 1
2329 40 1
2330 79 1
2331 134 1
2332 143 1
2333 5 1
2334 91 1
2335 152 1
2336 48 1
2337 93 0
2338 49 1
2339 152 1
2340 97 0
2341 47 0
2342 67 1
2343 17 1
2344 132 0
2345 140 1
2346 128 0
2347 110 1
2348 33 0
2349 123 1
2350 148 1
2351 186 1
2352 52 1
2353 43 1
2354 36 1
2355 13 0
2356 110 0
2357 145 1
2358 76 1
2359 179 1
2360 168 1
2361 79 1
2362 121 1
2363 14 0
2364 42 0
2365 16 0
2366 151 1
2367 46 1
2368 9 1
2369 43 1
2370 153 1
2371 127 1
2372 66 1
2373 99 0
2374 93 0
2375 89 1
2376 205 0
2377 136 1
2378 95 1
2379 7 1
2380 157 1
2381 198 1
2382 175 1
2383 120 1
2384 71 0
2385 178 0
2386 169 0
2387 15 1
2388 24 1
2389 115 1
2390 132 1
2391 168 1
2392 31 1
2393 191 1
2394 112 1
2395 134 1
2396 91 1
2397 186 1
2398 103 1
2399 188 1
2400 207 1
2401 56 1
2402 118 0
2403 138 1
2404 56 1
2405 49 0
2406 37 0
2407 52 1
2408 48 0
2409 64 0
2410 100 1
2411 168 1
2412 57 1
2413 115 0
2414 187 1
2415 123 1
2416 116 1
2417 7 1
2418 121 1
2419 34 1
2420 58 1
2421 23 1
2422 169 1
2423 112 1
2424 188 1
2425 36 1
2426 33 1
2427 57 1
2428 86 1
2429 40 0
2430 2 0
2431 115 0
2432 82 1
2433 90 1
2434 138 1
2435 169 1
2436 157 0
2437 29 0
2438 5 1
2439 71 1
2440 187 1
2441 59 1
2442 49 0
2443 181 1
2444 106 1
2445 198 0
2446 123 1
2447 175 1
2448 94 1
2449 197 1
2450 128 1
2451 166 0
2452 85 1
2453 138 1
2454 206 1
2455 73 1
2456 185 1
2457 192 0
2458 67 0
2459 159 1
2460 42 1
2461 151 0
2462 198 1
2463 29 1
2464 119 1
2465 132 0
2466 120 1
2467 59 1
2468 152 1
2469 165 1
2470 196 1
2471 118 1
2472 110 1
2473 195 1
2474 0 1
2475 9 0
2476 108 1
2477 157 1
2478 146 1
2479 125 1
2480 70 1
2481 120 0
2482 3 1
2483 54 1
2484 35 1
2485 171 0
2486 116 0
2487 61 1
2488 127 1
2489 142 1
2490 137 1
2491 119 1
2492 181 1
2493 78 1
2494 120 1
2495 120 1
2496 119 1
2497 39 1
2498 77 1
2499 146 1
2500 182 1
2501 83 1
2502 54 1
2503 132 1
2504 58 0
2505 47 0
2506 83 0
2507 48 0
2508 181 0
2509 39 1
2510 119 1
2511 151 0
2512 137 1
2513 19 1
2514 153 1
2515 66 0
2516 141 1
2517 80 1
2518 162 1
2519 35 0
2520 144 1
2521 22 1
2522 198 0
2523 151 1
2524 197 0
2525 129 0
2526 168 1
2527 82 1
2528 208 1
2529 47 1
2530 6 1
2531 63 1
2532 131 0
2533 81 0
2534 94 1
2535 171 1
2536 147 0
2537 125 1
2538 53 0
2539 42 1
2540 204 0
2541 94 0
2542 189 1
2543 125 1
2544 16 0
2545 206 1
2546 155 1
2547 119 1
2548 20 1
2549 158 1
2550 185 1
2551 12 1
2552 50 1
2553 74 1
2554 151 1
2555 12 1
2556 25 1
2557 175 1
2558 152 1
2559 139 1
2560 130 0
2561 140 1
2562 141 1
2563 19 1
2564 117 1
2565 66 0
2566 33 1
2567 30 1
2568 84 1
2569 57 1
2570 90 1
2571 37 1
2572 45 1
2573 68 1
2574 39 0
2575 103 1
2576 210 0
2577 113 1
2578 29 1
2579 172 0
2580 47 0
2581 55 0
2582 185 1
2583 114 1
2584 60 1
2585 31 1
2586 109 0
2587 4 1
2588 99 0
2589 169 1
2590 149 1
2591 46 0
2592 174 1
2593 159 1
2594 30 1
2595 88 1
2596 16 1
2597 108 1
2598 99 1
2599 77 0
2600 51 0
2601 47 1
2602 205 0
2603 53 0
2604 125 1
2605 101 1
2606 153 1
2607 81 1
2608 176 1
2609 59 1
2610 98 1
2611 154 0
2612 160 1
2613 53 1
2614 142 1
2615 156 1
2616 107 0
2617 91 1
2618 125 1
2619 195 0
2620 105 1
2621 51 1
2622 102 1
2623 193 0
2624 111 1
2625 143 0
2626 138 1
2627 193 1
2628 86 1
2629 85 1
2630 35 1
2631 159 1
2632 183 1
2633 114 1
2634 2 1
2635 85 1
2636 133 1
2637 104 1
2638 139 1
2639 40 1
2640 208 1
2641 198 0
2642 88 1
2643 171 0
2644 166 1
2645 61 0
2646 156 1
2647 2 1
2648 210 1
2649 95 1
2650 164 1
2651 58 1
2652 186 1
2653 59 1
2654 117 1
2655 103 1
2656 101 1
2657 198 1
2658 140 1
2659 23 1
2660 204 1
2661 166 1
2662 43 0
2663 16 0
2664 23 1
2665 204 1
2666 29 0
2667 11 0
2668 82 0
2669 199 1
2670 198 1
2671 183 1
2672 51 1
2673 148 1
2674 118 0
2675 25 1
2676 204 1
2677 79 0
2678 177 1
2679 28 1
2680 155 0
2681 125 1
2682 21 0
2683 59 1
2684 75 1
2685 41 1
2686 88 1
2687 101 1
2688 132 0
2689 148 0
2690 78 0
2691 101 0
2692 182 1
2693 188 0
2694 14 1
2695 7 1
2696 56 1
2697 92 1
2698 138 1
2699 130 0
2700 148 1
2701 15 0
2702 133 1
2703 113 1
2704 154 0
2705 175 1
2706 173 1
2707 41 0
2708 114 1
2709 82 0
2710 185 1
2711 167 1
2712 172 1
2713 57 1
2714 149 1
2715 182 0
2716 97 1
2717 60 0
2718 182 0
2719 155 0
2720 172 1
2721 95 1
2722 184 1
2723 148 0
2724 105 1
2725 165 1
2726 58 1
2727 58 1
2728 118 0
2729 199 1
2730 42 1
2731 91 0
2732 106 0
2733 108 1
2734 62 1
2735 152 0
2736 171 1
2737 27 1
2738 122 0
2739 50 0
2740 144 0
2741 175 0
2742 74 1
2743 91 0
2744 8 0
2745 198 1
2746 118 0
2747 58 1
2748 99 0
2749 171 0
2750 88 1
2751 54 1
2752 97 0
2753 62 1
2754 206 0
2755 25 1
2756 196 0
2757 0 1
2758 93 1
2759 201 1
2760 39 1
2761 20 0
2762 135 0
2763 120 1
2764 194 1
2765 134 1
2766 141 1
2767 201 0
2768 88 0
2769 36 0
2770 34 1
2771 92 1
2772 1 1
2773 28 1
2774 132 1
2775 144 1
2776 155 0
2777 147 1
2778 111 1
2779 132 0
2780 5 1
2781 116 0
2782 112 0
2783 42 1
2784 27 1
2785 154 1
2786 170 1
2787 30 1
2788 157 0
2789 3 1
2790 105 1
2791 199 1
2792 180 1
2793 157 1
2794 60 1
2795 124 1
2796 133 1
2797 160 0
2798 4 1
2799 185 1
2800 19 0
2801 173 1
2802 192 1
2803 98 1
2804 210 1
2805 86 1
2806 117 1
2807 102 1
2808 158 1
2809 116 0
2810 127 0
2811 152 0
2812 139 1
2813 114 1
2814 41 1
2815 44 1
2816 165 1
2817 199 0
2818 79 1
2819 74 1
2820 57 1
2821 132 0
2822 52 0
2823 210 0
2824 73 1
2825 86 1
2826 14 1
2827 119 1
2828 77 1
2829 165 0
2830 190 1
2831 128 1
2832 6 1
2833 160 1
2834 73 1
2835 113 0
2836 132 1
2837 174 0
2838 139 1
2839 52 1
2840 78 0
2841 201 1
2842 34 1
2843 114 1
2844 81 1
2845 178 1
2846 148 1
2847 154 1
2848 2 0
2849 57 1
2850 206 1
2851 74 1
2852 75 1
2853 180 0
2854 81 0
2855 84 0
2856 28 0
2857 201 1
2858 133 0
2859 42 1
2860 122 1
2861 14 0
2862 186 0
2863 162 0
2864 141 1
2865 132 0
2866 49 1
2867 133 1
2868 193 1
2869 76 1
2870 204 0
2871 172 1
2872 183 1
2873 164 0
2874 4 1
2875 59 1
2876 165 1
2877 55 1
2878 190 1
2879 197 1
2880 176 1
2881 46 1
2882 63 0
2883 87 0
2884 19 0
2885 189 1
2886 192 1
2887 194 1
2888 181 1
2889 139 0
2890 91 0
2891 181 0
2892 9 0
2893 186 1
2894 62 1
2895 189 0
2896 29 0
2897 41 1
2898 152 1
2899 138 1
2900 29 1
2901 53 1
2902 135 1
2903 123 0
2904 52 1
2905 28 0
2906 119 0
2907 139 1
2908 54 1
2909 67 1
2910 25 1
2911 143 0
2912 150 0
2913 147 0
2914 50 1
2915 1 1
2916 139 1
2917 38 0
2918 171 1
2919 117 1
2920 82 1
2921 186 0
2922 174 1
2923 69 1
2924 97 0
2925 2 1
2926 181 1
2927 178 0
2928 67 1
2929 161 1
2930 138 1
2931 145 0
2932 86 0
2933 210 0
2934 2 1
2935 89 1
2936 80 1
2937 156 0
2938 47 0
2939 140 0
2940 19 1
2941 136 1
2942 156 1
2943 59 1
2944 167 1
2945 158 1
2946 120 1
2947 29 1
2948 13 1
2949 72 1
2950 174 1
2951 181 1
2952 94 0
2953 167 1
2954 9 1
2955 154 1
2956 28 0
2957 97 1
2958 132 0
2959 15 0
2960 114 1
2961 51 1
2962 135 1
2963 180 1
2964 58 0
2965 113 0
2966 71 1
2967 145 1
2968 158 0
2969 44 1
2970 66 0
2971 144 0
2972 16 1
2973 17 0
2974 56 1
2975 106 0
2976 74 0
2977 144 1
2978 108 1
2979 176 1
2980 103 0
2981 137 1
2982 31 1
2983 208 1
2984 121 0
2985 95 1
2986 188 1
2987 151 0
2988 139 1
2989 12 0
2990 149 0
2991 105 1
2992 65 0
2993 171 1
2994 100 0
2995 158 1
2996 83 1
2997 35 1
2998 104 1
2999 42 1
3000 22 0
3001 70 1
3002 165 1
3003 73 0
3004 127 1
3005 28 1
3006 204 0
3007 78 1
3008 40 1
3009 50 1
3010 43 0
3011 1 1
3012 161 1
3013 110 1
3014 17 1
3015 17 1
3016 158 1
3017 118 1
3018 178 1
3019 155 0
3020 146 1
3021 160 1
3022 185 1
3023 147 1
3024 14 1
3025 103 1
3026 194 1
3027 132 1
3028 89 0
3029 147 1
3030 132 1
3031 94 1
3032 40 1
3033 141 1
3034 143 1
3035 182 1
3036 138 1
3037 87 0
3038 187 1
3039 207 0
3040 9 1
3041 207 1
3042 153 1
3043 85 1
3044 29 0
3045 87 0
3046 185 1
3047 110 1
3048 132 1
3049 182 0
3050 125 0
3051 12 0
3052 22 0
3053 34 1
3054 122 1
3055 148 0
3056 209 0
3057 72 1
3058 141 1
3059 52 1
3060 47 1
3061 201 1
3062 189 0
3063 195 1
3064 9 1
3065 175 1
3066 57 0
3067 136 1
3068 155 1
3069 26 1
3070 69 1
3071 146 1
3072 107 0
3073 8 1
3074 113 1
3075 157 1
3076 68 1
3077 50 1
3078 116 1
3079 26 0
3080 70 1
3081 209 1
3082 127 1
3083 156 1
3084 173 1
3085 87 1
3086 15 0
3087 98 0
3088 190 1
3089 110 1
3090 115 1
3091 122 0
3092 73 0
3093 179 0
3094 157 0
3095 53 1
3096 145 1
3097 93 0
3098 54 0
3099 3 0
3100 91 0
3101 47 1
3102 62 1
3103 178 1
3104 201 0
3105 4 1
3106 3 1
3107 27 1
3108 37 1
3109 134 1
3110 69 0
3111 160 1
3112 107 1
3113 15 0
3114 161 1
3115 46 1
3116 57 0
3117 17 1
3118 108 1
3119 162 1
3120 142 1
3121 72 0
3122 30 1
3123 90 1
3124 174 1
3125 0 0
3126 70 1
3127 197 1
3128 72 0
3129 77 1
3130 179 0
3131 144 1
3132 86 0
3133 145 0
3134 94 1
3135 161 1
3136 0 0
3137 39 1
3138 71 1
3139 48 1
3140 12 1
3141 16 1
3142 158 1
3143 128 1
3144 163 0
3145 121 1
3146 198 1
3147 26 0
3148 84 1
3149 56 1
3150 6 0
3151 73 1
3152 57 0
3153 197 1
3154 111 1
3155 112 0
3156 163 1
3157 74 1
3158 80 1
3159 209 1
3160 66 1
3161 113 1
3162 174 0
3163 126 1
3164 179 1
3165 44 0
3166 6 1
3167 61 1
3168 100 1
3169 141 0
3170 82 1
3171 73 0
3172 40 1
3173 93 1
3174 139 1
3175 101 1
3176 79 1
3177 208 0
3178 142 1
3179 119 1
3180 124 1
3181 85 1
3182 70 0
3183 144 0
3184 63 0
3185 200 1
3186 117 0
3187 128 0
3188 209 1
3189 146 1
3190 50 0
3191 162 1
3192 120 1
3193 41 1
3194 152 1
3195 31 1
3196 112 1
3197 146 1
3198 1 0
3199 171 1
3200 153 1
3201 158 1
3202 91 1
3203 165 1
3204 34 1
3205 177 1
3206 86 1
3207 3 1
3208 156 1
3209 206 0
3210 204 1
3211 113 0
3212 93 1
3213 26 0
3214 207 1
3215 108 0
3216 16 0
3217 158 0
3218 0 1
3219 67 1
3220 82 0
3221 119 1
3222 110 0
3223 112 1
3224 35 0
3225 22 1
3226 3 1
3227 82 0
3228 52 1
3229 140 1
3230 45 1
3231 147 0
3232 172 1
3233 118 1
3234 75 1
3235 76 0
3236 167 0
3237 63 0
3238 55 0
3239 202 1
3240 72 1
3241 67 0
3242 98 1
3243 41 1
3244 207 0
3245 148 1
3246 87 0
3247 52 1
3248 47 0
3249 90 1
3250 14 1
3251 18 1
3252 19 0
3253 197 1
3254 126 1
3255 33 1
3256 70 0
3257 11 1
3258 118 1
3259 188 0
3260 102 1
3261 105 1
3262 78 1
3263 107 1
3264 117 1
3265 116 1
3266 21 0
3267 50 1
3268 85 1
3269 63 1
3270 93 0
3271 67 1
3272 145 1
3273 201 1
3274 0 1
3275 116 1
3276 172 1
3277 161 1
3278 37 0
3279 33 0
3280 123 0
3281 103 1
3282 153 0
3283 133 0
3284 139 0
3285 107 0
3286 30 0
3287 55 0
3288 122 0
3289 176 0
3290 13 1
3291 173 1
3292 42 1
3293 94 1
3294 129 1
3295 183 1
3296 146 0
3297 54 1
3298 178 1
3299 196 0
3300 121 1
3301 209 1
3302 136 0
3303 64 0
3304 98 1
3305 198 0
3306 61 1
3307 35 1
3308 22 1
3309 51 1
3310 45 1
3311 62 1
3312 48 1
3313 70 1
3314 42 1
3315 202 1
3316 97 1
3317 53 0
3318 122 1
3319 19 1
3320 17 1
3321 150 1
3322 117 1
3323 50 1
3324 103 1
3325 80 1
3326 74 1
3327 130 1
3328 129 1
3329 86 0
3330 73 1
3331 204 1
3332 16 1
3333 63 1
3334 34 0
3335 178 1
3336 38 0
3337 209 1
3338 92 1
3339 164 0
3340 149 1
3341 2 0
3342 45 1
3343 83 0
3344 150 0
3345 84 0
3346 197 0
3347 184 1
3348 204 1
3349 170 0
3350 67 1
3351 27 1
3352 44 1
3353 130 0
3354 73 0
3355 200 1
3356 197 1
3357 53 1
3358 73 1
3359 155 1
3360 45 0
3361 26 0
3362 185 0
3363 193 1
3364 195 0
3365 155 1
3366 159 0
3367 26 1
3368 77 1
3369 77 1
3370 109 0
3371 112 0
3372 8 1
3373 76 1
3374 171 1
3375 174 0
3376 48 0
3377 116 1
3378 148 0
3379 70 1
3380 121 1
3381 184 1
3382 147 0
3383 142 1
3384 25 0
3385 33 0
3386 155 0
3387 179 0
3388 49 1
3389 114 1
3390 144 0
3391 95 1
3392 147 0
3393 164 1
3394 48 1
3395 6 1
3396 198 1
3397 108 0
3398 138 1
3399 17 1
3400 207 0
3401 37 1
3402 145 1
3403 184 1
3404 210 1
3405 72 1
3406 34 0
3407 74 0
3408 117 1
3409 54 0
3410 130 1
3411 204 1
3412 199 1
3413 201 1
3414 89 1
3415 29 1
3416 7 1
3417 106 1
3418 100 0
3419 84 1
3420 36 1
3421 192 0
3422 62 1
3423 120 1
3424 162 1
3425 2 0
3426 184 1
3427 17 1
3428 176 1
3429 169 1
3430 175 1
3431 9 0
3432 2 1
3433 72 1
3434 144 1
3435 71 1
3436 182 1
3437 120 1
3438 56 0
3439 81 1
3440 154 1
3441 117 1
3442 159 1
3443 169 1
3444 12 1
3445 128 1
3446 63 0
3447 28 0
3448 201 1
3449 117 1
3450 126 1
3451 185 0
3452 189 1
3453 210 1
3454 73 1
3455 201 1
3456 32 0
3457 13 1
3458 111 0
3459 54 1
3460 48 1
3461 49 1
3462 188 1
3463 126 1
3464 126 0
3465 182 1
3466 169 1
3467 87 0
3468 200 0
3469 210 1
3470 115 0
3471 159 1
3472 176 0
3473 77 1
3474 12 1
3475 18 0
3476 182 0
3477 41 1
3478 173 0
3479 76 1
3480 148 1
3481 79 1
3482 153 1
3483 202 0
3484 202 0
3485 73 1
3486 59 1
3487 124 1
3488 142 1
3489 130 1
3490 71 1
3491 4 1
3492 165 1
3493 151 1
3494 161 1
3495 86 1
3496 92 1
3497 73 0
3498 70 1
3499 125 1
3500 3 0
3501 169 0
3502 169 1
3503 116 1
3504 101 1
3505 125 0
3506 53 1
3507 164 1
3508 124 0
3509 5 1
3510 69 1
3511 42 1
3512 125 1
3513 65 1
3514 129 0
3515 127 1
3516 127 1
3517 144 1
3518 196 1
3519 56 0
3520 164 1
3521 128 1
3522 179 0
3523 95 1
3524 54 1
3525 36 1
3526 60 1
3527 22 1
3528 62 0
3529 119 1
3530 16 1
3531 193 1
3532 149 1
3533 18 1
3534 44 1
3535 90 1
3536 124 1
3537 84 1
3538 37 1
3539 185 0
3540 17 1
3541 32 0
3542 168 1
3543 1 0
3544 11 0
3545 0 1
3546 105 1
3547 39 0
3548 188 0
3549 47 1
3550 81 1
3551 179 1
3552 93 1
3553 88 0
3554 181 1
3555 170 1
3556 22 1
3557 145 1
3558 45 1
3559 79 1
3560 135 1
3561 32 1
3562 142 0
3563 153 1
3564 79 1
3565 170 1
3566 206 1
3567 155 1
3568 60 1
3569 7 1
3570 44 0
3571 97 1
3572 168 0
3573 125 0
3574 177 1
3575 8 1
3576 154 1
3577 0 1
3578 61 1
3579 23 1
3580 11 1
3581 90 1
3582 201 0
3583 94 1
3584 16 0
3585 160 1
3586 16 0
3587 206 0
3588 158 0
3589 136 1
3590 194 1
3591 96 0
3592 133 0
3593 172 1
3594 199 1
3595 204 0
3596 47 1
3597 6 1
3598 198 0
3599 168 1
3600 71 0
3601 143 1
3602 34 1
3603 10 1
3604 207 1
3605 186 1
3606 159 0
3607 66 1
3608 197 1
3609 14 1
3610 172 1
3611 53 0
3612 171 1
3613 206 0
3614 29 1
3615 30 1
3616 151 1
3617 136 1
3618 180 0
3619 115 1
3620 81 0
3621 106 1
3622 191 1
3623 140 1
3624 149 1
3625 20 0
3626 31 1
3627 67 1
3628 133 1
3629 19 0
3630 96 0
3631 0 1
3632 172 1
3633 39 1
3634 152 0
3635 57 0
3636 194 1
3637 81 1
3638 204 0
3639 90 0
3640 34 0
3641 201 1
3642 185 1
3643 6 0
3644 201 1
3645 88 1
3646 105 1
3647 151 1
3648 94 0
3649 157 0
3650 82 0
3651 8 1
3652 115 1
3653 190 1
3654 180 1
3655 200 1
3656 49 1
3657 17 1
3658 118 1
3659 160 1
3660 79 1
3661 143 0
3662 205 1
3663 119 1
3664 142 1
3665 205 0
3666 149 1
3667 28 0
3668 171 0
3669 32 1
3670 26 1
3671 12 0
3672 81 1
3673 48 0
3674 3 1
3675 96 1
3676 114 1
3677 135 1
3678 191 1
3679 66 0
3680 189 1
3681 85 1
3682 11 1
3683 51 1
3684 70 1
3685 112 1
3686 184 1
3687 120 1
3688 104 1
3689 123 1
3690 34 1
3691 58 1
3692 197 0
3693 206 1
3694 105 0
3695 38 1
3696 71 1
3697 81 1
3698 55 1
3699 134 1
3700 84 1
3701 170 1
3702 110 1
3703 61 1
3704 117 0
3705 190 1
3706 143 0
3707 38 0
3708 99 1
3709 45 1
3710 43 1
3711 77 1
3712 156 1
3713 66 1
3714 79 0
3715 205 0
3716 54 0
3717 39 1
3718 113 1
3719 36 1
3720 23 0
3721 39 0
3722 132 1
3723 85 1
3724 59 0
3725 14 1
3726 83 1
3727 86 1
3728 119 1
3729 189 0
3730 171 0
3731 100 0
3732 86 0
3733 179 0
3734 188 1
3735 87 1
3736 180 0
3737 167 1
3738 153 1
3739 202 1
3740 121 0
3741 105 0
3742 176 1
3743 182 0
3744 82 1
3745 21 0
3746 83 0
3747 56 1
3748 209 1
3749 27 1
3750 58 1
3751 187 1
3752 110 0
3753 208 1
3754 54 0
3755 135 1
3756 204 1
3757 38 1
3758 169 0
3759 203 1
3760 119 1
3761 31 0
3762 3 1
3763 30 1
3764 61 0
3765 188 0
3766 40 1
3767 15 0
3768 177 1
3769 73 0
3770 1 1
3771 145 1
3772 186 1
3773 194 0
3774 142 1
3775 134 1
3776 69 0
3777 122 1
3778 122 1
3779 154 0
3780 78 0
3781 41 0
3782 33 1
3783 7 0
3784 150 0
3785 181 1
3786 26 0
3787 95 1
3788 37 0
3789 15 1
3790 134 1
3791 98 1
3792 183 1
3793 64 1
3794 110 1
3795 17 1
3796 87 0
3797 125 0
3798 195 1
3799 201 1
3800 82 0
3801 24 1
3802 155 1
3803 190 1
3804 67 1
3805 29 1
3806 12 1
3807 193 1
3808 166 0
3809 28 1
3810 3 0
3811 203 0
3812 104 1
3813 80 1
3814 119 1
3815 172 1
3816 110 1
3817 178 1
3818 184 0
3819 116 0
3820 100 0
3821 110 0
3822 92 1
3823 46 1
3824 88 0
3825 193 1
3826 120 1
3827 130 1
3828 172 1
3829 130 0
3830 150 1
3831 150 1
3832 156 0
3833 185 1
3834 13 1
3835 39 1
3836 185 1
3837 175 1
3838 31 1
3839 194 0
3840 165 1
3841 159 1
3842 20 1
3843 36 1
3844 159 1
3845 142 1
3846 127 1
3847 148 1
3848 149 1
3849 202 1
3850 82 1
3851 145 0
3852 50 1
3853 72 1
3854 200 1
3855 150 1
3856 100 0
3857 177 1
3858 46 1
3859 52 0
3860 38 1
3861 93 0
3862 14 0
3863 106 1
3864 102 1
3865 195 1
3866 78 1
3867 189 1
3868 188 1
3869 78 1
3870 54 1
3871 201 0
3872 196 0
3873 14 0
3874 39 0
3875 26 1
3876 209 1
3877 191 1
3878 98 0
3879 176 1
3880 134 1
3881 42 1
3882 159 1
3883 209 1
3884 20 1
3885 183 1
3886 174 1
3887 179 0
3888 80 0
3889 59 0
3890 208 1
3891 15 1
3892 153 1
3893 88 1
3894 31 0
3895 110 1
3896 163 0
3897 115 1
3898 43 1
3899 197 1
3900 139 1
3901 87 0
3902 81 1
3903 210 0
3904 117 0
3905 99 1
3906 93 1
3907 139 1
3908 58 0
3909 156 0
3910 19 1
3911 204 0
3912 78 0
3913 32 1
3914 171 1
3915 2 1
3916 137 1
3917 150 1
3918 14 1
3919 198 0
3920 157 0
3921 195 1
3922 69 0
3923 154 1
3924 9 1
3925 86 1
3926 25 1
3927 160 1
3928 58 1
3929 42 0
3930 160 0
3931 198 0
3932 134 1
3933 174 0
3934 25 1
3935 150 1
3936 116 0
3937 170 0
3938 207 0
3939 50 1
3940 162 1
3941 193 0
3942 166 1
3943 28 1
3944 205 1
3945 111 1
3946 115 1
3947 110 1
3948 185 0
3949 56 1
3950 183 1
3951 130 1
3952 79 1
3953 11 1
3954 71 1
3955 29 0
3956 147 0
3957 79 0
3958 23 1
3959 64 1
3960 47 1
3961 121 1
3962 12 1
3963 70 0
3964 42 0
3965 145 1
3966 71 0
3967 182 0
3968 22 0
3969 174 1
3970 123 1
3971 66 1
3972 163 1
3973 111 0
3974 202 1
3975 73 1
3976 10 0
3977 70 0
3978 163 0
3979 89 1
3980 5 1
3981 8 0
3982 168 1
3983 175 1
3984 41 0
3985 102 1
3986 210 0
3987 174 1
3988 52 1
3989 7 1
3990 119 0
3991 82 1
3992 13 1
3993 152 0
3994 31 1
3995 171 1
3996 133 0
3997 112 0
3998 108 1
3999 99 1
4000 83 0
4001 133 1
4002 28 1
4003 194 1
4004 119 1
4005 123 1
4006 20 0
4007 157 1
4008 177 1
4009 160 1
4010 77 1
4011 34 1
4012 118 1
4013 119 0
4014 172 0
4015 115 0
4016 209 1
4017 156 0
4018 2 0
4019 186 1
4020 78 1
4021 149 1
4022 42 1
4023 82 1
4024 143 0
4025 86 1
4026 100 1
4027 39 1
4028 4 1
4029 104 1
4030 166 1
4031 170 0
4032 45 1
4033 59 1
4034 123 0
4035 37 1
4036 81 1
4037 169 1
4038 21 1
4039 81 1
4040 100 0
4041 123 1
4042 156 1
4043 158 1
4044 110 1
4045 206 1
4046 139 1
4047 178 1
4048 69 0
4049 180 0
4050 9 0
4051 52 0
4052 62 1
4053 163 1
4054 80 1
4055 117 0
4056 70 0
4057 119 0
4058 61 0
4059 46 0
4060 197 0
4061 185 0
4062 207 1
4063 127 1
4064 47 1
4065 207 1
4066 103 0
4067 15 1
4068 87 0
4069 118 1
4070 82 0
4071 86 0
4072 133 1
4073 37 1
4074 141 0
4075 103 1
4076 125 1
4077 71 1
4078 18 1
4079 4 1
4080 84 1
4081 201 1
4082 208 0
4083 90 0
4084 54 1
4085 201 1
4086 181 1
4087 77 1
4088 151 1
4089 36 1
4090 67 1
4091 157 0
4092 166 1
4093 51 0
4094 85 1
4095 199 0
4096 136 1
4097 94 1
4098 65 0
4099 168 0
4100 131 1
4101 44 0
4102 184 1
4103 154 1
4104 185 1
4105 154 0
4106 69 0
4107 103 1
4108 67 0
4109 78 1
4110 80 1
4111 190 0
4112 126 1
4113 88 1
4114 206 1
4115 179 1
4116 153 1
4117 177 0
4118 82 1
4119 199 1
4120 180 0
4121 179 1
4122 191 1
4123 143 1
4124 95 0
4125 68 1
4126 157 0
4127 130 0
4128 200 1
4129 132 1
4130 2 1
4131 191 1
4132 192 0
4133 19 1
4134 67 0
4135 201 1
4136 18 1
4137 24 0
4138 189 1
4139 126 0
4140 126 1
4141 198 1
4142 31 1
4143 94 1
4144 74 1
4145 85 0
4146 196 1
4147 180 0
4148 92 1
4149 111 0
4150 155 0
4151 145 1
4152 8 0
4153 120 0
4154 74 1
4155 9 1
4156 99 0
4157 11 1
4158 63 1
4159 179 1
4160 202 0
4161 162 0
4162 200 1
4163 154 0
4164 148 1
4165 110 1
4166 104 1
4167 83 1
4168 162 1
4169 179 1
4170 188 1
4171 174 0
4172 134 1
4173 155 1
4174 161 0
4175 73 1
4176 47 1
4177 128 1
4178 185 1
4179 197 1
4180 155 1
4181 164 1
4182 169 0
4183 30 0
4184 110 1
4185 94 1
4186 136 1
4187 33 0
4188 113 0
4189 206 0
4190 50 0
4191 4 1
4192 43 1
4193 82 0
4194 22 1
4195 89 1
4196 114 1
4197 16 1
4198 29 1
4199 62 1
4200 205 1
4201 95 1
4202 4 1
4203 58 1
4204 55 1
4205 49 0
4206 72 1
4207 72 1
4208 3 1
4209 81 1
4210 172 0
4211 73 0
4212 32 1
4213 18 1
4214 84 0
4215 69 1
4216 106 1
4217 77 1
4218 162 1
4219 176 0
4220 139 0
4221 191 0
4222 16 0
4223 195 1
4224 156 0
4225 126 1
4226 185 1
4227 193 1
4228 157 0
4229 67 1
4230 161 1
4231 58 0
4232 170 1
4233 116 0
4234 9 1
4235 207 1
4236 176 0
4237 17 0
4238 189 1
4239 81 1
4240 16 1
4241 40 1
4242 195 1
4243 77 1
4244 183 0
4245 201 0
4246 19 0
4247 139 0
4248 52 1
4249 179 0
4250 205 1
4251 159 0
4252 100 1
4253 152 0
4254 127 1
4255 81 0
4256 19 1
4257 3 1
4258 94 1
4259 174 1
4260 93 1
4261 18 1
4262 81 1
4263 39 0
4264 70 0
4265 144 1
4266 131 1
4267 104 1
4268 8 1
4269 179 0
4270 147 0
4271 17 1
4272 121 0
4273 199 0
4274 180 0
4275 19 1
4276 195 1
4277 124 0
4278 63 0
4279 67 1
4280 40 0
4281 147 1
4282 43 1
4283 141 0
4284 165 1
4285 4 1
4286 109 1
4287 6 0
4288 121 0
4289 103 1
4290 156 1
4291 22 1
4292 29 0
4293 74 1
4294 178 1
4295 175 0
4296 91 0
4297 48 1
4298 100 0
4299 3 1
4300 168 0
4301 24 0
4302 109 1
4303 165 0
4304 24 0
4305 110 1
4306 129 0
4307 58 0
4308 147 1
4309 199 1
4310 12 1
4311 202 1
4312 12 1
4313 187 0
4314 98 1
4315 35 1
4316 67 1
4317 71 0
4318 170 1
4319 197 1
4320 32 1
4321 113 1
4322 178 1
4323 188 1
4324 173 1
4325 178 1
4326 209 1
4327 158 1
4328 78 0
4329 203 0
4330 62 0
4331 181 0
4332 167 1
4333 96 0
4334 146 1
4335 191 1
4336 127 0
4337 208 1
4338 134 1
4339 158 0
4340 100 1
4341 151 1
4342 84 1
4343 188 1
4344 50 0
4345 77 1
4346 77 1
4347 32 0
4348 168 0
4349 160 1
4350 159 1
4351 151 1
4352 103 1
4353 119 0
4354 72 0
4355 203 0
4356 191 0
4357 139 0
4358 60 1
4359 177 1
4360 35 1
4361 13 0
4362 91 1
4363 146 1
4364 122 1
4365 21 1
4366 185 1
4367 14 0
4368 140 1
4369 103 0
4370 68 1
4371 123 1
4372 189 1
4373 63 1
4374 117 0
4375 149 0
4376 152 0
4377 134 0
4378 156 1
4379 30 1
4380 194 0
4381 6 1
4382 173 1
4383 34 1
4384 103 1
4385 53 0
4386 51 0
4387 170 1
4388 96 0
4389 148 0
4390 131 1
4391 105 1
4392 198 1
4393 54 1
4394 127 1
4395 80 1
4396 84 1
4397 67 1
4398 56 1
4399 98 1
4400 56 0
4401 70 0
4402 196 1
4403 6 0
4404 131 1
4405 34 1
4406 110 1
4407 72 0
4408 116 1
4409 109 1
4410 28 1
4411 11 1
4412 145 1
4413 109 1
4414 208 1
4415 19 1
4416 97 0
4417 31 1
4418 198 1
4419 113 1
4420 61 1
4421 118 0
4422 24 0
4423 6 0
4424 135 0
4425 122 1
4426 94 1
4427 146 1
4428 161 0
4429 18 1
4430 200 1
4431 82 1
4432 207 1
4433 118 1
4434 99 0
4435 182 0
4436 37 0
4437 149 1
4438 19 0
4439 151 1
4440 60 0
4441 56 0
4442 66 1
4443 51 1
4444 195 0
4445 44 0
4446 56 1
4447 140 1
4448 188 0
4449 117 1
4450 148 1
4451 186 1
4452 207 1
4453 115 1
4454 149 1
4455 119 1
4456 199 1
4457 21 1
4458 36 1
4459 19 1
4460 11 0
4461 74 0
4462 59 0
4463 120 1
4464 0 1
4465 63 1
4466 144 1
4467 202 1
4468 112 1
4469 25 1
4470 112 0
4471 129 1
4472 188 1
4473 183 1
4474 12 0
4475 34 1
4476 135 0
4477 91 1
4478 61 0
4479 181 1
4480 56 0
4481 79 0
4482 20 1
4483 129 1
4484 127 0
4485 53 1
4486 167 1
4487 77 0
4488 202 1
4489 27 0
4490 120 1
4491 107 1
4492 119 0
4493 109 0
4494 148 1
4495 111 1
4496 192 1
4497 62 1
4498 131 1
4499 83 1
4500 4 0
4501 155 0
4502 57 0
4503 54 1
4504 19 0
4505 1 1
4506 92 1
4507 184 1
4508 45 0
4509 50 1
4510 30 0
4511 135 1
4512 10 1
4513 173 1
4514 47 0
4515 57 0
4516 51 1
4517 171 1
4518 51 1
4519 25 1
4520 46 1
4521 79 0
4522 5 1
4523 8 0
4524 4 0
4525 193 1
4526 168 1
4527 206 1
4528 104 1
4529 189 1
4530 2 0
4531 151 1
4532 66 1
4533 110 1
4534 75 1
4535 137 1
4536 32 1
4537 209 0
4538 138 0
4539 167 0
4540 144 0
4541 125 1
4542 136 1
4543 149 1
4544 26 1
4545 129 1
4546 193 1
4547 31 1
4548 129 0
4549 35 1
4550 147 1
4551 144 0
4552 47 1
4553 85 1
4554 148 1
4555 65 1
4556 60 1
4557 132 1
4558 49 0
4559 174 1
4560 67 1
4561 185 1
4562 30 0
4563 178 0
4564 16 0
4565 182 1
4566 124 1
4567 0 1
4568 47 0
4569 95 1
4570 207 0
4571 15 1
4572 10 1
4573 201 0
4574 87 0
4575 135 0
4576 125 0
4577 153 1
4578 195 0
4579 52 1
4580 151 0
4581 164 0
4582 9 1
4583 186 1
4584 119 0
4585 201 1
4586 20 1
4587 200 1
4588 102 0
4589 170 0
4590 92 0
4591 82 1
4592 73 0
4593 110 1
4594 173 0
4595 137 1
4596 55 1
4597 47 1
4598 124 0
4599 201 1
4600 173 1
4601 96 1
4602 66 0
4603 173 1
4604 13 0
4605 96 1
4606 95 1
4607 191 0
4608 151 1
4609 94 1
4610 121 1
4611 176 0
4612 60 0
4613 110 0
4614 115 1
4615 165 1
4616 30 1
4617 8 1
4618 84 1
4619 3 1
4620 182 1
4621 71 1
4622 147 0
4623 104 0
4624 10 1
4625 150 0
4626 89 1
4627 178 1
4628 208 0
4629 203 1
4630 207 1
4631 138 0
4632 157 0
4633 71 0
4634 197 0
4635 208 1
4636 175 0
4637 104 0
4638 200 1
4639 148 1
4640 66 1
4641 80 1
4642 152 0
4643 42 0
4644 74 0
4645 79 1
4646 141 1
4647 45 0
4648 102 1
4649 197 1
4650 191 1
4651 205 1
4652 52 0
4653 85 1
4654 177 1
4655 200 1
4656 59 1
4657 5 1
4658 197 1
4659 179 1
4660 31 1
4661 79 0
4662 134 0
4663 208 1
4664 110 1
4665 62 0
4666 47 1
4667 195 0
4668 156 1
4669 169 0
4670 171 1
4671 103 1
4672 97 1
4673 50 1
4674 104 1
4675 93 1
4676 15 0
4677 45 1
4678 166 0
4679 124 1
4680 55 1
4681 105 1
4682 33 1
4683 150 1
4684 107 0
4685 129 1
4686 135 1
4687 36 1
4688 78 1
4689 186 1
4690 134 1
4691 187 0
4692 110 1
4693 168 1
4694 93 1
4695 80 1
4696 138 1
4697 119 0
4698 12 0
4699 98 0
4700 35 1
4701 56 0
4702 197 0
4703 141 1
4704 208 0
4705 35 1
4706 134 1
4707 149 1
4708 62 0
4709 48 1
4710 58 1
4711 92 1
4712 52 0
4713 105 0
4714 138 0
4715 53 1
4716 168 0
4717 81 1
4718 151 1
4719 7 1
4720 77 1
4721 68 1
4722 3 0
4723 114 1
4724 62 0
4725 89 0
4726 29 1
4727 54 1
4728 50 1
4729 16 1
4730 20 1
4731 19 0
4732 179 1
4733 0 1
4734 61 1
4735 136 0
4736 130 0
4737 8 1
4738 159 0
4739 147 1
4740 23 0
4741 0 0
4742 206 0
4743 3 1
4744 163 0
4745 102 0
4746 89 1
4747 30 1
4748 90 1
4749 125 0
4750 118 0
4751 29 1
4752 203 0
4753 119 1
4754 109 0
4755 111 0
4756 80 0
4757 53 1
4758 116 1
4759 69 1
4760 156 0
4761 121 1
4762 161 1
4763 120 1
4764 52 1
4765 142 0
4766 33 0
4767 157 0
4768 157 0
4769 126 0
4770 201 1
4771 136 0
4772 7 1
4773 95 0
4774 196 1
4775 192 0
4776 74 0
4777 125 1
4778 123 1
4779 14 0
4780 149 0
4781 84 0
4782 65 1
4783 77 0
4784 95 1
4785 16 1
4786 18 1
4787 105 0
4788 81 0
4789 149 0
4790 182 0
4791 76 1
4792 102 0
4793 150 1
4794 105 0
4795 59 0
4796 59 1
4797 94 1
4798 42 1
4799 85 1
4800 163 0
4801 172 1
4802 204 0
4803 77 0
4804 135 1
4805 9 1
4806 95 1
4807 21 1
4808 25 1
4809 80 0
4810 73 1
4811 122 1
4812 151 1
4813 206 0
4814 46 1
4815 200 1
4816 51 1
4817 129 0
4818 96 1
4819 198 1
4820 40 1
4821 75 1
4822 31 1
4823 201 1
4824 5 0
4825 135 1
4826 79 1
4827 80 0
4828 131 1
4829 162 1
4830 156 0
4831 125 0
4832 50 1
4833 201 0
4834 199 1
4835 115 0
4836 134 0
4837 163 0
4838 25 1
4839 90 0
4840 172 0
4841 109 0
4842 140 1
4843 9 1
4844 54 1
4845 187 1
4846 60 1
4847 25 1
4848 13 1
4849 125 0
4850 152 0
4851 109 0
4852 88 1
4853 29 1
4854 163 1
4855 13 1
4856 82 1
4857 114 1
4858 181 0
4859 152 1
4860 163 1
4861 53 1
4862 98 0
4863 202 1
4864 173 1
4865 62 1
4866 14 1
4867 190 1
4868 102 1
4869 85 1
4870 77 1
4871 128 1
4872 170 1
4873 40 0
4874 24 1
4875 114 0
4876 58 0
4877 149 1
4878 35 0
4879 6 1
4880 126 1
4881 113 0
4882 108 1
4883 113 1
4884 50 1
4885 3 0
4886 35 1
4887 26 0
4888 112 1
4889 3 0
4890 128 1
4891 63 1
4892 155 0
4893 81 0
4894 11 0
4895 57 1
4896 104 1
4897 68 0
4898 81 0
4899 81 0
4900 117 1
4901 128 1
4902 33 1
4903 15 1
4904 90 1
4905 152 1
4906 6 1
4907 142 0
4908 85 0
4909 89 1
4910 48 1
4911 24 0
4912 135 1
4913 23 1
4914 11 0
4915 137 1
4916 6 1
4917 19 1
4918 158 0
4919 54 0
4920 133 0
4921 204 1
4922 79 0
4923 38 1
4924 17 0
4925 131 1
4926 13 1
4927 167 0
4928 65 0
4929 23 1
4930 163 1
4931 153 0
4932 163 0
4933 77 1
4934 207 1
4935 96 1
4936 207 1
4937 87 1
4938 14 1
4939 190 1
4940 202 1
4941 125 1
4942 3 1
4943 102 1
4944 140 1
4945 93 1
4946 154 1
4947 210 0
4948 208 1
4949 35 1
4950 78 1
4951 151 1
4952 10 1
4953 179 0
4954 22 0
4955 4 1
4956 6 0
4957 98 1
4958 80 0
4959 26 1
4960 194 0
4961 182 1
4962 155 0
4963 61 0
4964 127 0
4965 94 1
4966 17 1
4967 98 0
4968 142 0
4969 131 0
4970 14 1
4971 177 0
4972 2 1
4973 110 1
4974 2 1
4975 172 0
4976 125 1
4977 71 0
4978 62 0
4979 90 1
4980 98 0
4981 2 0
4982 167 1
4983 11 1
4984 167 1
4985 51 0
4986 15 0
4987 150 1
4988 31 0
4989 180 1
4990 135 0
4991 99 1
4992 153 0
4993 198 1
4994 173 1
4995 144 1
4996 79 0
4997 45 1
4998 36 0
4999 3 0
5000 68 1
5001 122 1
5002 21 1
5003 181 1
5004 60 0
5005 167 1
5006 161 0
5007 113 1
5008 95 1
5009 58 1
5010 126 1
5011 67 1
5012 6 1
5013 109 1
5014 37 1
5015 194 1
5016 36 1
5017 138 1
5018 196 1
5019 59 1
5020 128 0
5021 189 0
5022 151 1
5023 132 1
5024 140 1
5025 122 0
5026 130 1
5027 129 1
5028 90 1
5029 128 1
5030 89 1
5031 182 1
5032 35 1
5033 131 1
5034 86 0
5035 145 1
5036 75 1
5037 32 1
5038 83 1
5039 0 0
5040 92 1
5041 16 1
5042 180 0
5043 16 0
5044 121 0
5045 55 1
5046 125 1
5047 73 0
5048 135 0
5049 49 1
5050 54 1
5051 175 0
5052 186 1
5053 94 1
5054 109 1
5055 19 1
5056 165 1
5057 1 0
5058 49 1
5059 62 0
5060 31 0
5061 119 1
5062 13 0
5063 54 1
5064 55 0
5065 108 1
5066 35 1
5067 57 1
5068 17 0
5069 17 1
5070 194 1
5071 116 0
5072 151 0
5073 20 1
5074 4 1
5075 28 1
5076 68 1
5077 140 1
5078 209 1
5079 179 1
5080 166 1
5081 112 1
5082 18 1
5083 80 0
5084 58 0
5085 31 1
5086 133 0
5087 138 0
5088 3 1
5089 142 1
5090 109 1
5091 202 0
5092 56 1
5093 128 1
5094 194 0
5095 56 1
5096 41 1
5097 8 0
5098 75 1
5099 175 1
5100 185 1
5101 43 1
5102 91 1
5103 129 1
5104 128 1
5105 50 1
5106 179 1
5107 153 1
5108 41 1
5109 158 1
5110 115 1
5111 42 1
5112 121 1
5113 85 0
5114 7 1
5115 199 1
5116 73 0
5117 117 0
5118 2 1
5119 128 0
5120 44 0
5121 106 1
5122 89 1
5123 197 1
5124 67 1
5125 104 0
5126 98 1
5127 208 0
5128 146 1
5129 74 1
5130 80 1
5131 4 1
5132 175 1
5133 186 1
5134 26 0
5135 46 1
5136 151 1
5137 32 0
5138 150 1
5139 108 0
5140 33 0
5141 58 1
5142 97 0
5143 88 0
5144 6 0
5145 54 0
5146 175 1
5147 108 0
5148 49 1
5149 185 1
5150 56 1
5151 14 1
5152 203 1
5153 105 0
5154 146 1
5155 18 1
5156 164 1
5157 179 1
5158 132 1
5159 31 1
5160 168 1
5161 94 1
5162 13 1
5163 140 1
5164 25 0
5165 6 1
5166 85 1
5167 158 1
5168 17 1
5169 88 1
5170 4 1
5171 0 1
5172 184 0
5173 37 0
5174 184 1
5175 113 1
5176 24 1
5177 143 1
5178 149 1
5179 180 1
5180 57 1
5181 124 0
5182 156 0
5183 168 1
5184 73 1
5185 205 0
5186 152 1
5187 64 1
5188 42 1
5189 180 1
5190 40 1
5191 27 1
5192 159 1
5193 130 1
5194 112 1
5195 140 1
5196 24 0
5197 49 1
5198 74 0
5199 92 0
5200 132 0
5201 174 1
5202 81 1
5203 148 1
5204 209 1
5205 88 1
5206 68 1
5207 131 1
5208 24 1
5209 63 0
5210 19 1
5211 175 1
5212 207 1
5213 173 1
5214 180 1
5215 167 0
5216 140 1
5217 43 1
5218 106 1
5219 163 1
5220 97 1
5221 172 0
5222 25 0
5223 132 1
5224 13 1
5225 54 1
5226 57 1
5227 25 1
5228 61 1
5229 153 0
5230 121 0
5231 131 1
5232 188 1
5233 90 1
5234 155 1
5235 57 0
5236 162 1
5237 156 1
5238 192 0
5239 185 1
5240 142 1
5241 186 1
5242 76 0
5243 71 1
5244 147 1
5245 167 0
5246 202 1
5247 137 1
5248 131 1
5249 51 0
5250 138 1
5251 145 1
5252 77 1
5253 15 1
5254 117 1
5255 81 1
5256 178 0
5257 197 1
5258 6 0
5259 181 0
5260 70 0
5261 29 0
5262 174 1
5263 109 1
5264 182 1
5265 118 0
5266 87 1
5267 67 0
5268 13 0
5269 40 1
5270 152 1
5271 48 1
5272 47 1
5273 32 1
5274 171 1
5275 24 1
5276 90 1
5277 40 0
5278 8 1
5279 97 0
5280 47 0
5281 37 0
5282 137 1
5283 168 1
5284 136 1
5285 150 1
5286 199 1
5287 146 0
5288 50 1
5289 117 0
5290 210 0
5291 200 1
5292 195 1
5293 92 1
5294 127 1
5295 1 1
5296 193 1
5297 178 0
5298 93 1
5299 8 0
5300 83 1
5301 125 1
5302 94 1
5303 56 1
5304 187 1
5305 23 1
5306 104 0
5307 14 1
5308 201 1
5309 111 1
5310 84 1
5311 161 1
5312 20 1
5313 136 1
5314 2 1
5315 81 1
5316 172 1
5317 106 1
5318 4 1
5319 149 1
5320 124 0
5321 116 0
5322 134 1
5323 136 1
5324 26 1
5325 191 0
5326 148 1
5327 127 0
5328 7 1
5329 151 1
5330 145 1
5331 44 1
5332 176 1
5333 111 1
5334 101 1
5335 30 1
5336 170 1
5337 193 1
5338 66 1
5339 167 1
5340 23 1
5341 153 1
5342 26 1
5343 209 1
5344 70 0
5345 123 0
5346 120 1
5347 60 0
5348 187 1
5349 135 0
5350 169 1
5351 42 1
5352 181 1
5353 171 1
5354 91 0
5355 209 1
5356 12 1
5357 154 0
5358 169 0
5359 151 1
5360 41 1
5361 193 1
5362 181 0
5363 196 1
5364 31 0
5365 184 1
5366 155 1
5367 66 1
5368 68 1
5369 31 1
5370 102 1
5371 62 1
5372 130 1
5373 21 0
5374 28 1
5375 66 0
5376 186 0
5377 179 1
5378 119 1
5379 182 1
5380 155 1
5381 8 0
5382 200 1
5383 14 1
5384 50 0
5385 86 1
5386 23 0
5387 5 1
5388 24 0
5389 191 1
5390 148 1
5391 201 1
5392 123 1
5393 148 1
5394 203 0
5395 50 1
5396 14 1
5397 36 0
5398 81 1
5399 141 1
5400 124 1
5401 22 0
5402 35 1
5403 170 0
5404 2 1
5405 60 1
5406 145 0
5407 12 1
5408 168 0
5409 88 0
5410 19 1
5411 177 1
5412 65 1
5413 65 1
5414 81 1
5415 147 1
5416 173 1
5417 142 1
5418 65 1
5419 5 1
5420 200 1
5421 167 0
5422 64 1
5423 191 0
5424 159 0
5425 51 0
5426 75 1
5427 160 0
5428 180 0
5429 24 0
5430 90 0
5431 45 0
5432 209 1
5433 129 0
5434 26 1
5435 80 0
5436 148 0
5437 149 1
5438 165 0
5439 103 1
5440 66 1
5441 160 0
5442 121 0
5443 99 1
5444 73 1
5445 142 1
5446 33 0
5447 165 0
5448 113 1
5449 44 1
5450 167 1
5451 155 1
5452 30 1
5453 186 1
5454 92 0
5455 47 1
5456 101 0
5457 118 1
5458 55 0
5459 103 0
5460 210 1
5461 29 1
5462 170 0
5463 145 1
5464 147 1
5465 81 0
5466 183 1
5467 76 0
5468 67 1
5469 146 0
5470 129 0
5471 56 0
5472 139 1
5473 112 1
5474 49 1
5475 191 1
5476 198 0
5477 162 0
5478 73 1
5479 99 1
5480 23 0
5481 192 1
5482 74 1
5483 157 1
5484 58 1
5485 170 1
5486 24 1
5487 156 1
5488 58 0
5489 95 1
5490 10 1
5491 25 1
5492 34 1
5493 24 1
5494 21 1
5495 196 1
5496 172 0
5497 200 0
5498 183 1
5499 45 1
5500 189 0
5501 87 1
5502 179 1
5503 195 1
5504 39 1
5505 83 1
5506 24 0
5507 127 1
5508 165 0
5509 165 0
5510 92 0
5511 180 0
5512 65 1
5513 37 1
