1807
1 52 0
2 362 0
3 137 1
4 22 1
5 216 1
6 85 1
7 342 1
8 235 1
9 82 1
10 73 0
11 29 0
12 102 1
13 234 1
14 253 1
15 278 1
16 46 0
17 207 1
18 214 0
19 18 1
20 176 1
21 106 1
22 268 1
23 290 1
24 336 1
25 251 0
26 94 0
27 245 1
28 184 1
29 104 1
30 233 0
31 136 0
32 334 1
33 106 0
34 18 1
35 202 1
36 244 1
37 253 0
38 175 1
39 55 1
40 334 1
41 48 0
42 6 0
43 334 1
44 103 1
45 336 0
46 63 1
47 325 1
48 234 0
49 364 1
50 353 1
51 333 1
52 293 1
53 61 1
54 169 1
55 106 1
56 308 0
57 261 1
58 157 0
59 301 1
60 276 1
61 15 1
62 149 0
63 155 1
64 190 0
65 142 1
66 212 1
67 180 0
68 13 1
69 12 1
70 155 1
71 15 1
72 362 1
73 196 1
74 202 1
75 110 0
76 86 1
77 324 1
78 262 1
79 124 1
80 37 0
81 327 1
82 72 1
83 173 1
84 167 0
85 64 1
86 102 1
87 115 1
88 153 0
89 313 0
90 139 1
91 252 1
92 345 1
93 345 1
94 7 1
95 303 0
96 357 1
97 92 1
98 176 1
99 224 1
100 160 1
101 374 1
102 77 1
103 56 1
104 219 1
105 4 1
106 211 0
107 89 1
108 163 1
109 116 0
110 146 1
111 13 1
112 88 1
113 351 1
114 167 1
115 26 1
116 283 1
117 299 0
118 17 0
119 9 0
120 144 1
121 13 0
122 357 1
123 242 0
124 246 1
125 22 1
126 107 0
127 314 0
128 316 1
129 345 1
130 280 0
131 141 1
132 189 1
133 342 1
134 215 1
135 153 1
136 73 0
137 44 1
138 357 0
139 281 1
140 354 1
141 326 1
142 135 0
143 75 1
144 169 0
145 265 0
146 121 1
147 343 0
148 265 1
149 227 1
150 366 1
151 257 0
152 167 0
153 199 0
154 7 1
155 80 0
156 114 1
157 153 0
158 289 1
159 119 1
160 358 1
161 325 0
162 209 1
163 209 1
164 13 1
165 373 0
166 58 0
167 148 1
168 59 1
169 168 0
170 247 0
171 137 1
172 364 0
173 29 1
174 228 1
175 150 1
176 242 1
177 18 1
178 271 0
179 256 1
180 372 1
181 373 1
182 7 0
183 73 1
184 287 0
185 221 1
186 287 1
187 314 1
188 270 1
189 343 1
190 113 0
191 36 1
192 8 1
193 137 1
194 78 1
195 272 0
196 61 0
197 210 1
198 206 1
199 224 1
200 235 0
201 358 1
202 134 1
203 125 1
204 257 0
205 320 0
206 292 0
207 145 1
208 120 0
209 376 1
210 94 1
211 358 1
212 245 1
213 312 1
214 95 0
215 274 1
216 21 0
217 182 1
218 255 1
219 356 0
220 106 1
221 302 1
222 363 0
223 116 1
224 147 1
225 101 0
226 91 1
227 106 0
228 270 1
229 29 1
230 373 0
231 113 1
232 266 0
233 55 0
234 21 1
235 365 0
236 38 1
237 322 1
238 153 0
239 304 1
240 260 0
241 251 0
242 106 1
243 18 0
244 193 0
245 160 0
246 61 1
247 378 1
248 76 1
249 179 0
250 174 1
251 22 1
252 250 1
253 324 0
254 201 0
255 34 1
256 275 1
257 143 1
258 60 0
259 176 1
260 298 1
261 150 0
262 117 1
263 16 1
264 1 1
265 378 1
266 70 1
267 185 0
268 163 1
269 54 1
270 88 0
271 243 1
272 258 0
273 251 0
274 346 1
275 281 0
276 182 1
277 42 1
278 86 1
279 201 0
280 342 1
281 60 1
282 19 0
283 64 1
284 85 1
285 343 1
286 92 1
287 334 1
288 101 1
289 290 1
290 342 0
291 42 1
292 41 1
293 154 0
294 230 1
295 12 0
296 354 1
297 316 0
298 26 0
299 353 0
300 4 0
301 373 0
302 31 0
303 68 0
304 331 1
305 288 0
306 347 1
307 149 0
308 211 0
309 21 0
310 78 0
311 345 0
312 193 1
313 223 1
314 168 1
315 40 1
316 312 1
317 269 0
318 247 0
319 185 0
320 113 1
321 203 1
322 222 1
323 354 1
324 74 0
325 205 1
326 118 1
327 293 1
328 250 0
329 328 1
330 132 0
331 300 0
332 288 0
333 206 1
334 324 1
335 65 0
336 282 1
337 24 1
338 330 0
339 180 0
340 171 0
341 266 0
342 266 1
343 310 1
344 115 1
345 265 1
346 46 1
347 22 1
348 173 1
349 113 1
350 328 0
351 352 1
352 156 1
353 66 1
354 172 0
355 220 1
356 50 1
357 342 0
358 376 1
359 162 1
360 329 1
361 157 1
362 31 1
363 332 1
364 117 1
365 31 1
366 41 1
367 96 0
368 89 1
369 13 1
370 118 1
371 226 1
372 50 1
373 193 1
374 171 1
375 336 0
376 201 1
377 206 0
378 3 1
379 146 1
380 110 1
381 364 1
382 270 1
383 58 0
384 243 1
385 330 1
386 103 0
387 238 1
388 75 1
389 289 0
390 205 1
391 164 1
392 157 0
393 56 0
394 327 1
395 370 1
396 177 0
397 299 0
398 233 0
399 136 0
400 226 0
401 168 1
402 61 1
403 192 0
404 256 1
405 179 0
406 57 0
407 197 1
408 45 1
409 84 1
410 165 0
411 228 1
412 315 1
413 119 1
414 303 1
415 267 1
416 140 1
417 277 1
418 259 1
419 47 0
420 280 1
421 306 1
422 279 0
423 348 0
424 378 0
425 115 1
426 305 1
427 215 1
428 201 1
429 120 0
430 7 1
431 160 0
432 240 1
433 349 0
434 236 1
435 54 0
436 331 1
437 271 1
438 194 1
439 265 1
440 4 1
441 66 0
442 54 0
443 348 1
444 33 1
445 265 0
446 186 0
447 276 0
448 105 1
449 345 1
450 351 0
451 276 0
452 178 1
453 245 1
454 118 1
455 187 1
456 221 1
457 229 1
458 41 1
459 327 1
460 85 0
461 204 1
462 259 1
463 117 0
464 57 0
465 124 0
466 279 0
467 130 0
468 277 0
469 73 1
470 216 0
471 227 1
472 20 0
473 42 1
474 161 0
475 225 0
476 0 1
477 227 0
478 239 1
479 42 1
480 136 0
481 123 1
482 363 0
483 116 1
484 338 1
485 366 1
486 246 1
487 233 1
488 89 1
489 329 1
490 150 1
491 206 1
492 313 1
493 30 1
494 108 1
495 267 1
496 35 1
497 369 0
498 61 0
499 369 0
500 4 0
501 195 1
502 280 1
503 227 1
504 209 0
505 38 1
506 61 1
507 130 1
508 96 0
509 53 1
510 30 1
511 157 1
512 128 1
513 261 1
514 342 1
515 210 1
516 317 0
517 16 0
518 252 1
519 297 1
520 41 1
521 151 0
522 377 1
523 273 1
524 240 0
525 95 0
526 356 1
527 133 1
528 198 1
529 4 0
530 355 1
531 305 1
532 39 1
533 221 1
534 185 0
535 171 1
536 272 1
537 125 0
538 23 1
539 74 0
540 143 1
541 242 1
542 132 1
543 110 1
544 101 0
545 288 0
546 127 0
547 80 1
548 245 1
549 254 1
550 149 0
551 75 1
552 167 1
553 23 1
554 105 1
555 162 1
556 64 1
557 253 0
558 22 1
559 323 1
560 100 1
561 289 1
562 157 1
563 102 0
564 0 0
565 251 0
566 200 1
567 368 1
568 237 0
569 354 0
570 374 0
571 9 1
572 251 0
573 53 1
574 247 1
575 194 0
576 27 0
577 283 1
578 270 1
579 5 0
580 160 1
581 304 1
582 292 0
583 234 1
584 103 1
585 290 1
586 144 0
587 246 1
588 270 0
589 86 1
590 93 1
591 195 1
592 181 0
593 102 1
594 282 1
595 227 1
596 73 0
597 221 1
598 156 0
599 313 0
600 373 1
601 358 1
602 232 1
603 242 1
604 233 0
605 350 0
606 27 1
607 156 1
608 64 1
609 166 1
610 163 1
611 119 0
612 256 1
613 20 1
614 125 0
615 1 1
616 266 0
617 346 1
618 293 1
619 330 1
620 44 1
621 183 0
622 266 1
623 78 1
624 307 1
625 297 1
626 347 0
627 37 0
628 174 1
629 345 0
630 99 1
631 128 1
632 36 1
633 193 0
634 101 1
635 186 1
636 332 1
637 15 1
638 39 1
639 170 0
640 46 1
641 147 1
642 302 0
643 36 1
644 330 0
645 18 0
646 147 1
647 213 1
648 38 1
649 222 0
650 349 1
651 373 0
652 20 0
653 230 0
654 190 0
655 115 0
656 285 1
657 49 1
658 156 1
659 15 0
660 264 1
661 335 0
662 355 0
663 216 1
664 373 0
665 241 1
666 177 0
667 63 1
668 333 1
669 345 1
670 23 1
671 179 0
672 53 1
673 226 1
674 22 1
675 202 1
676 71 1
677 28 1
678 125 0
679 149 1
680 101 0
681 172 0
682 336 1
683 185 1
684 238 1
685 320 1
686 321 1
687 279 0
688 57 0
689 2 1
690 77 0
691 76 1
692 72 1
693 284 0
694 58 1
695 316 1
696 155 1
697 58 1
698 54 1
699 287 1
700 105 1
701 262 1
702 349 1
703 219 1
704 378 0
705 196 1
706 134 1
707 22 1
708 85 1
709 112 0
710 159 1
711 302 1
712 335 0
713 223 0
714 23 0
715 11 1
716 360 1
717 351 1
718 234 1
719 68 1
720 209 1
721 106 1
722 245 1
723 259 1
724 233 1
725 183 0
726 219 0
727 124 0
728 264 1
729 274 1
730 187 1
731 300 1
732 356 1
733 297 1
734 261 1
735 153 1
736 338 0
737 145 1
738 274 1
739 243 0
740 106 1
741 317 0
742 242 0
743 210 0
744 118 1
745 212 1
746 187 0
747 271 1
748 115 1
749 85 1
750 263 0
751 178 1
752 296 1
753 135 1
754 57 1
755 28 0
756 47 1
757 286 1
758 116 1
759 214 1
760 19 1
761 45 0
762 268 1
763 81 1
764 215 0
765 179 1
766 114 0
767 322 0
768 98 0
769 222 1
770 167 1
771 116 1
772 13 1
773 10 0
774 317 1
775 160 1
776 359 0
777 341 1
778 232 1
779 50 0
780 297 1
781 256 1
782 4 0
783 152 1
784 76 0
785 346 0
786 131 1
787 342 0
788 195 1
789 274 1
790 197 1
791 268 1
792 59 1
793 223 1
794 70 0
795 156 1
796 212 1
797 109 0
798 31 1
799 319 1
800 143 1
801 147 1
802 78 1
803 40 1
804 172 1
805 205 0
806 256 0
807 344 1
808 121 1
809 315 1
810 170 1
811 267 1
812 302 0
813 220 1
814 57 1
815 149 1
816 67 1
817 183 0
818 292 1
819 128 1
820 45 1
821 251 0
822 224 1
823 237 1
824 201 1
825 157 1
826 150 1
827 375 0
828 132 0
829 28 1
830 85 1
831 186 1
832 359 1
833 95 0
834 11 1
835 154 1
836 354 0
837 66 0
838 40 1
839 254 0
840 273 1
841 323 0
842 254 0
843 207 0
844 333 0
845 372 1
846 210 0
847 280 1
848 346 1
849 260 1
850 307 0
851 211 0
852 239 1
853 191 1
854 290 1
855 318 1
856 274 1
857 26 1
858 0 1
859 245 1
860 178 0
861 169 1
862 215 0
863 85 0
864 154 1
865 249 1
866 91 1
867 250 1
868 67 0
869 27 1
870 304 0
871 339 1
872 317 1
873 59 0
874 308 0
875 68 1
876 252 1
877 292 1
878 17 1
879 359 1
880 54 1
881 140 1
882 107 1
883 272 0
884 162 1
885 329 1
886 354 1
887 375 1
888 73 0
889 28 1
890 157 0
891 285 1
892 132 0
893 295 1
894 373 1
895 118 1
896 302 1
897 369 1
898 67 0
899 91 1
900 359 1
901 113 1
902 128 1
903 336 1
904 341 1
905 0 0
906 259 0
907 238 1
908 368 0
909 249 1
910 139 1
911 120 0
912 132 1
913 270 1
914 170 1
915 137 0
916 199 1
917 194 1
918 158 0
919 325 1
920 313 0
921 240 0
922 116 1
923 293 1
924 341 0
925 90 1
926 38 1
927 341 1
928 118 1
929 79 1
930 11 1
931 236 1
932 176 1
933 247 1
934 88 0
935 164 1
936 316 0
937 304 0
938 300 0
939 247 1
940 267 1
941 161 1
942 345 1
943 185 1
944 152 0
945 170 1
946 189 1
947 83 0
948 343 0
949 118 0
950 29 0
951 75 1
952 104 0
953 196 0
954 15 0
955 376 0
956 111 1
957 297 1
958 79 0
959 249 1
960 164 1
961 104 0
962 245 1
963 138 1
964 23 1
965 350 1
966 336 0
967 195 1
968 222 0
969 175 0
970 76 1
971 26 1
972 39 1
973 264 1
974 224 0
975 59 1
976 264 0
977 73 1
978 147 1
979 136 1
980 264 1
981 19 0
982 241 1
983 371 1
984 226 1
985 207 1
986 339 1
987 199 1
988 266 0
989 294 0
990 308 0
991 210 1
992 225 1
993 120 1
994 115 0
995 48 1
996 73 0
997 310 0
998 282 0
999 284 1
1000 90 1
1001 141 1
1002 142 1
1003 225 1
1004 135 0
1005 230 1
1006 202 0
1007 345 1
1008 53 1
1009 305 1
1010 51 1
1011 344 1
1012 42 1
1013 236 1
1014 286 0
1015 162 1
1016 341 1
1017 223 1
1018 354 0
1019 222 0
1020 7 0
1021 174 1
1022 310 1
1023 55 1
1024 23 1
1025 328 0
1026 44 1
1027 375 1
1028 190 1
1029 207 1
1030 82 0
1031 183 0
1032 92 1
1033 236 0
1034 186 0
1035 177 1
1036 38 1
1037 112 0
1038 288 1
1039 42 1
1040 326 0
1041 182 1
1042 286 1
1043 254 1
1044 207 1
1045 283 1
1046 249 1
1047 130 1
1048 204 1
1049 29 0
1050 332 0
1051 1 1
1052 354 1
1053 340 0
1054 370 1
1055 371 0
1056 84 1
1057 17 1
1058 150 0
1059 264 1
1060 151 0
1061 153 1
1062 54 0
1063 72 1
1064 69 1
1065 66 1
1066 193 0
1067 101 0
1068 269 1
1069 141 0
1070 243 1
1071 286 1
1072 17 1
1073 27 0
1074 372 1
1075 32 1
1076 169 1
1077 254 1
1078 90 1
1079 278 0
1080 312 1
1081 357 0
1082 209 1
1083 4 0
1084 231 0
1085 69 1
1086 366 0
1087 43 0
1088 77 0
1089 349 1
1090 158 0
1091 303 0
1092 187 1
1093 348 1
1094 301 1
1095 234 1
1096 301 1
1097 70 1
1098 2 1
1099 319 1
1100 307 1
1101 328 0
1102 161 1
1103 9 0
1104 238 1
1105 19 0
1106 69 0
1107 54 1
1108 210 1
1109 331 0
1110 360 1
1111 164 1
1112 285 1
1113 123 1
1114 106 1
1115 229 1
1116 248 0
1117 127 1
1118 346 0
1119 357 1
1120 291 1
1121 310 1
1122 29 1
1123 34 0
1124 98 1
1125 168 0
1126 59 0
1127 70 0
1128 365 1
1129 252 1
1130 141 1
1131 12 0
1132 368 0
1133 129 1
1134 363 1
1135 249 1
1136 281 1
1137 53 1
1138 342 0
1139 346 0
1140 163 1
1141 316 1
1142 177 1
1143 187 0
1144 377 1
1145 141 1
1146 338 1
1147 238 1
1148 2 1
1149 371 0
1150 272 0
1151 59 1
1152 130 1
1153 281 1
1154 288 1
1155 331 1
1156 92 1
1157 91 1
1158 365 1
1159 230 1
1160 135 0
1161 212 0
1162 322 0
1163 130 1
1164 236 0
1165 107 0
1166 72 1
1167 100 1
1168 76 1
1169 94 0
1170 338 0
1171 234 0
1172 24 1
1173 119 0
1174 22 0
1175 171 0
1176 139 1
1177 49 0
1178 252 0
1179 115 1
1180 11 1
1181 36 1
1182 186 0
1183 374 1
1184 24 1
1185 132 0
1186 224 0
1187 212 1
1188 110 1
1189 347 1
1190 10 1
1191 86 1
1192 319 1
1193 319 1
1194 24 1
1195 100 1
1196 75 0
1197 206 1
1198 158 1
1199 29 1
1200 0 1
1201 255 1
1202 237 1
1203 94 0
1204 40 1
1205 188 1
1206 377 1
1207 288 1
1208 31 0
1209 307 1
1210 81 1
1211 266 0
1212 341 1
1213 214 0
1214 4 1
1215 12 1
1216 113 0
1217 229 1
1218 64 1
1219 27 0
1220 270 1
1221 331 1
1222 111 1
1223 4 1
1224 353 1
1225 82 1
1226 49 0
1227 8 1
1228 150 0
1229 307 1
1230 262 1
1231 248 1
1232 5 0
1233 56 1
1234 307 0
1235 350 1
1236 8 1
1237 176 0
1238 48 1
1239 146 1
1240 200 0
1241 166 1
1242 285 1
1243 57 1
1244 194 1
1245 300 0
1246 103 0
1247 163 1
1248 64 0
1249 178 1
1250 100 0
1251 279 1
1252 337 1
1253 113 1
1254 53 0
1255 118 1
1256 285 1
1257 300 1
1258 168 1
1259 46 1
1260 52 1
1261 150 1
1262 312 1
1263 264 1
1264 329 0
1265 166 1
1266 98 1
1267 336 0
1268 318 0
1269 152 1
1270 127 1
1271 333 1
1272 263 0
1273 314 1
1274 321 1
1275 213 1
1276 36 0
1277 326 1
1278 6 0
1279 142 1
1280 71 0
1281 183 1
1282 83 1
1283 315 1
1284 8 0
1285 102 0
1286 67 1
1287 257 0
1288 20 1
1289 92 1
1290 349 1
1291 45 0
1292 377 0
1293 151 0
1294 0 0
1295 137 1
1296 223 0
1297 38 0
1298 258 1
1299 38 1
1300 150 1
1301 110 1
1302 286 1
1303 257 0
1304 357 1
1305 357 0
1306 73 1
1307 131 0
1308 191 1
1309 340 1
1310 198 1
1311 350 1
1312 215 1
1313 58 0
1314 72 0
1315 69 1
1316 326 1
1317 237 1
1318 257 1
1319 248 1
1320 350 1
1321 360 1
1322 46 1
1323 0 0
1324 17 1
1325 137 1
1326 235 1
1327 54 0
1328 207 0
1329 254 0
1330 298 1
1331 299 1
1332 213 1
1333 275 1
1334 70 0
1335 123 1
1336 168 0
1337 173 0
1338 306 1
1339 161 1
1340 223 1
1341 247 0
1342 116 0
1343 240 1
1344 123 0
1345 21 0
1346 60 1
1347 172 1
1348 187 1
1349 73 0
1350 10 1
1351 299 1
1352 99 1
1353 13 1
1354 65 0
1355 58 1
1356 270 1
1357 368 1
1358 315 0
1359 128 1
1360 54 1
1361 366 1
1362 90 1
1363 185 1
1364 25 1
1365 245 1
1366 252 0
1367 213 1
1368 56 1
1369 86 1
1370 198 0
1371 31 1
1372 158 0
1373 273 0
1374 47 0
1375 331 0
1376 171 1
1377 12 0
1378 275 1
1379 336 1
1380 253 1
1381 336 1
1382 77 1
1383 187 1
1384 195 1
1385 255 1
1386 127 0
1387 192 1
1388 191 1
1389 89 0
1390 108 1
1391 136 0
1392 69 1
1393 46 1
1394 143 0
1395 354 0
1396 206 0
1397 232 0
1398 192 1
1399 126 1
1400 110 0
1401 110 0
1402 173 1
1403 144 1
1404 97 0
1405 21 1
1406 363 1
1407 281 1
1408 103 1
1409 194 0
1410 41 1
1411 264 1
1412 279 1
1413 328 1
1414 333 1
1415 276 1
1416 341 0
1417 11 0
1418 19 1
1419 296 1
1420 98 0
1421 119 1
1422 184 0
1423 223 0
1424 146 1
1425 243 0
1426 296 1
1427 144 1
1428 43 1
1429 376 1
1430 53 0
1431 239 1
1432 369 0
1433 326 1
1434 27 0
1435 213 1
1436 270 0
1437 207 1
1438 63 1
1439 159 1
1440 177 1
1441 106 0
1442 329 1
1443 0 1
1444 140 1
1445 167 0
1446 68 1
1447 296 0
1448 278 0
1449 67 1
1450 195 0
1451 227 1
1452 322 0
1453 249 0
1454 282 0
1455 304 0
1456 142 0
1457 351 0
1458 369 1
1459 261 0
1460 147 1
1461 120 0
1462 77 1
1463 274 0
1464 77 0
1465 78 0
1466 40 1
1467 359 1
1468 69 0
1469 166 1
1470 56 1
1471 141 0
1472 210 1
1473 87 0
1474 262 1
1475 215 0
1476 108 0
1477 334 0
1478 169 1
1479 338 1
1480 367 1
1481 228 0
1482 343 0
1483 189 1
1484 234 0
1485 94 0
1486 244 0
1487 374 1
1488 57 0
1489 73 1
1490 229 1
1491 59 1
1492 42 1
1493 231 0
1494 40 1
1495 167 1
1496 228 0
1497 234 0
1498 312 1
1499 22 1
1500 196 1
1501 343 1
1502 148 0
1503 225 1
1504 131 1
1505 235 1
1506 295 1
1507 27 0
1508 106 0
1509 258 1
1510 158 1
1511 263 1
1512 238 0
1513 375 1
1514 47 1
1515 135 0
1516 311 1
1517 14 0
1518 60 0
1519 374 1
1520 246 1
1521 260 1
1522 322 1
1523 297 1
1524 254 0
1525 195 1
1526 19 0
1527 216 1
1528 83 1
1529 137 1
1530 116 1
1531 375 1
1532 82 0
1533 216 0
1534 338 1
1535 130 1
1536 151 1
1537 165 0
1538 7 0
1539 231 1
1540 57 1
1541 92 1
1542 304 1
1543 131 0
1544 27 0
1545 139 1
1546 251 1
1547 191 1
1548 322 0
1549 272 0
1550 328 1
1551 283 0
1552 34 0
1553 283 1
1554 330 1
1555 187 1
1556 360 0
1557 261 1
1558 6 1
1559 2 0
1560 371 0
1561 176 1
1562 162 1
1563 285 0
1564 104 0
1565 183 1
1566 289 1
1567 243 0
1568 334 1
1569 161 1
1570 80 1
1571 90 1
1572 337 0
1573 55 1
1574 75 0
1575 173 1
1576 376 0
1577 19 1
1578 46 1
1579 353 0
1580 191 1
1581 1 1
1582 333 0
1583 133 1
1584 277 1
1585 282 0
1586 60 0
1587 128 1
1588 55 0
1589 158 1
1590 38 1
1591 285 1
1592 10 0
1593 283 1
1594 317 1
1595 92 1
1596 211 1
1597 27 1
1598 223 1
1599 163 1
1600 339 0
1601 187 1
1602 237 0
1603 127 0
1604 296 0
1605 131 1
1606 35 1
1607 79 0
1608 50 0
1609 278 1
1610 328 0
1611 2 1
1612 172 1
1613 35 0
1614 365 0
1615 225 1
1616 151 1
1617 54 0
1618 234 0
1619 98 1
1620 264 1
1621 195 1
1622 354 1
1623 53 1
1624 345 0
1625 277 1
1626 31 0
1627 251 1
1628 17 1
1629 17 1
1630 283 0
1631 37 1
1632 74 1
1633 240 0
1634 361 1
1635 169 1
1636 276 1
1637 166 1
1638 259 1
1639 161 1
1640 260 1
1641 228 0
1642 338 1
1643 204 0
1644 184 0
1645 155 1
1646 174 1
1647 319 1
1648 371 1
1649 265 1
1650 227 1
1651 308 0
1652 40 1
1653 172 0
1654 24 0
1655 321 1
1656 101 1
1657 284 1
1658 359 1
1659 212 0
1660 41 1
1661 50 0
1662 268 1
1663 172 1
1664 259 1
1665 32 0
1666 202 1
1667 29 1
1668 57 1
1669 339 1
1670 244 1
1671 74 1
1672 161 0
1673 203 1
1674 178 1
1675 102 0
1676 201 1
1677 143 1
1678 231 1
1679 148 1
1680 82 0
1681 15 1
1682 143 1
1683 236 0
1684 334 1
1685 79 1
1686 98 1
1687 341 1
1688 309 1
1689 197 1
1690 378 1
1691 36 0
1692 161 1
1693 378 1
1694 203 0
1695 212 1
1696 38 1
1697 191 1
1698 360 1
1699 178 0
1700 332 1
1701 311 1
1702 208 1
1703 108 1
1704 236 1
1705 44 0
1706 24 1
1707 56 1
1708 57 1
1709 287 1
1710 1 1
1711 167 1
1712 57 0
1713 308 0
1714 204 1
1715 151 1
1716 162 1
1717 298 0
1718 67 0
1719 14 0
1720 130 0
1721 336 0
1722 315 1
1723 49 0
1724 245 1
1725 253 0
1726 253 1
1727 373 1
1728 198 0
1729 147 1
1730 207 0
1731 269 1
1732 91 0
1733 245 1
1734 101 1
1735 259 1
1736 27 1
1737 95 1
1738 26 1
1739 335 1
1740 365 1
1741 139 1
1742 48 1
1743 347 1
1744 233 1
1745 358 1
1746 211 0
1747 139 1
1748 322 1
1749 258 0
1750 353 0
1751 363 1
1752 63 0
1753 52 1
1754 108 0
1755 70 0
1756 305 0
1757 131 1
1758 141 1
1759 309 1
1760 12 1
1761 145 1
1762 43 1
1763 234 1
1764 378 1
1765 118 0
1766 339 0
1767 62 1
1768 67 0
1769 289 1
1770 210 1
1771 67 0
1772 366 1
1773 287 1
1774 6 1
1775 212 1
1776 303 0
1777 38 1
1778 350 1
1779 41 1
1780 183 0
1781 119 1
1782 59 1
1783 343 1
1784 92 1
1785 98 1
1786 119 0
1787 236 1
1788 363 0
1789 323 1
1790 71 1
1791 185 1
1792 310 1
1793 342 1
1794 206 1
1795 49 0
1796 252 0
1797 242 1
1798 147 0
1799 234 1
1800 345 1
1801 339 1
1802 207 0
1803 280 1
1804 137 1
1805 271 1
1806 177 1
1807 293 0
