5806
1 24 1
2 22 1
3 8 1
4 12 1
5 53 0
6 58 1
7 17 1
8 70 0
9 49 0
10 0 1
11 81 1
12 51 1
13 60 1
14 77 1
15 8 1
16 35 1
17 93 1
18 58 1
19 72 0
20 21 0
21 54 1
22 47 0
23 68 0
24 23 1
25 44 1
26 96 1
27 35 1
28 2 1
29 40 0
30 18 1
31 50 1
32 81 1
33 76 1
34 82 1
35 77 1
36 76 1
37 51 1
38 71 0
39 12 1
40 8 0
41 17 1
42 51 0
43 89 1
44 82 1
45 66 1
46 81 0
47 88 1
48 31 1
49 73 0
50 84 1
51 20 1
52 53 1
53 24 0
54 59 1
55 20 1
56 89 1
57 8 1
58 24 1
59 61 0
60 33 1
61 75 1
62 15 1
63 48 1
64 2 1
65 59 1
66 73 0
67 18 1
68 85 1
69 21 1
70 44 1
71 48 1
72 14 1
73 45 1
74 88 1
75 79 0
76 71 1
77 38 1
78 88 0
79 31 0
80 75 1
81 15 1
82 7 1
83 46 1
84 41 1
85 7 1
86 75 1
87 55 1
88 77 1
89 61 1
90 44 1
91 58 1
92 65 1
93 3 0
94 20 1
95 51 1
96 28 0
97 16 0
98 64 1
99 62 1
100 64 0
101 27 1
102 59 1
103 65 0
104 51 1
105 73 0
106 38 0
107 12 1
108 65 0
109 95 0
110 50 0
111 50 1
112 80 0
113 79 0
114 93 1
115 21 1
116 80 1
117 37 1
118 30 1
119 47 1
120 1 1
121 45 0
122 88 1
123 77 1
124 7 1
125 77 1
126 58 1
127 4 1
128 61 1
129 85 1
130 93 1
131 52 0
132 22 1
133 84 0
134 61 1
135 69 1
136 88 1
137 35 0
138 9 1
139 70 0
140 25 0
141 8 1
142 45 1
143 90 0
144 96 0
145 1 1
146 21 0
147 6 1
148 11 1
149 31 1
150 58 0
151 2 0
152 20 1
153 62 1
154 19 1
155 78 1
156 20 1
157 62 1
158 2 0
159 40 1
160 68 1
161 58 1
162 60 0
163 2 1
164 22 0
165 12 1
166 36 1
167 63 1
168 48 1
169 51 1
170 30 1
171 46 1
172 53 1
173 81 0
174 1 1
175 21 0
176 0 1
177 94 0
178 43 1
179 66 1
180 63 1
181 80 0
182 88 0
183 23 1
184 40 1
185 41 1
186 72 1
187 86 1
188 2 0
189 48 1
190 95 0
191 7 0
192 17 1
193 90 1
194 65 1
195 59 1
196 5 0
197 64 1
198 54 0
199 68 1
200 0 1
201 2 1
202 34 1
203 35 1
204 61 1
205 4 1
206 87 1
207 24 0
208 47 1
209 32 1
210 42 0
211 78 1
212 68 1
213 75 1
214 37 0
215 53 1
216 24 1
217 43 1
218 77 1
219 59 0
220 96 1
221 67 1
222 9 0
223 58 0
224 73 1
225 38 1
226 18 0
227 0 0
228 65 1
229 14 0
230 87 1
231 7 1
232 57 1
233 68 1
234 94 1
235 14 0
236 27 0
237 47 0
238 40 1
239 59 1
240 32 1
241 66 0
242 19 1
243 71 0
244 9 0
245 55 1
246 88 0
247 75 1
248 13 1
249 20 1
250 10 1
251 69 1
252 80 1
253 9 1
254 90 0
255 71 1
256 68 1
257 10 1
258 71 0
259 40 1
260 5 1
261 14 0
262 58 1
263 75 0
264 4 1
265 15 1
266 64 1
267 17 0
268 69 1
269 5 0
270 28 1
271 52 0
272 15 0
273 83 1
274 13 1
275 4 0
276 87 1
277 76 1
278 6 1
279 53 1
280 84 1
281 87 0
282 21 1
283 34 0
284 65 0
285 20 1
286 15 0
287 58 0
288 35 0
289 20 1
290 4 1
291 0 1
292 7 1
293 74 1
294 64 1
295 86 1
296 65 1
297 38 1
298 17 0
299 45 0
300 10 1
301 13 1
302 37 0
303 56 0
304 80 1
305 54 0
306 65 1
307 13 1
308 95 0
309 81 0
310 84 1
311 49 1
312 80 1
313 6 0
314 58 1
315 17 1
316 82 1
317 94 1
318 0 1
319 29 1
320 94 1
321 2 0
322 6 1
323 33 0
324 68 0
325 1 0
326 22 1
327 41 1
328 5 1
329 68 1
330 64 1
331 66 0
332 15 1
333 37 1
334 81 0
335 30 1
336 17 0
337 39 1
338 79 0
339 28 0
340 54 1
341 40 1
342 14 1
343 16 0
344 94 1
345 17 0
346 38 1
347 45 1
348 14 1
349 70 1
350 82 1
351 41 0
352 67 0
353 57 1
354 20 1
355 33 0
356 80 1
357 85 1
358 89 1
359 47 1
360 53 0
361 16 1
362 15 1
363 49 1
364 78 0
365 58 1
366 87 1
367 32 0
368 16 1
369 40 1
370 12 1
371 14 1
372 81 1
373 23 0
374 37 0
375 28 0
376 3 0
377 19 1
378 40 1
379 79 0
380 86 1
381 51 1
382 74 1
383 68 1
384 75 1
385 61 1
386 51 0
387 16 0
388 11 1
389 43 1
390 75 1
391 6 0
392 80 1
393 61 1
394 59 0
395 77 1
396 49 1
397 60 1
398 79 0
399 50 1
400 8 1
401 79 1
402 54 1
403 29 0
404 3 1
405 78 1
406 77 1
407 90 1
408 45 1
409 18 1
410 32 1
411 21 0
412 25 1
413 41 0
414 78 0
415 65 0
416 71 0
417 14 1
418 10 0
419 28 1
420 49 1
421 25 0
422 28 1
423 54 0
424 73 0
425 46 0
426 36 1
427 23 1
428 83 1
429 3 1
430 23 1
431 49 1
432 80 1
433 26 1
434 40 0
435 69 1
436 94 1
437 83 1
438 47 0
439 33 1
440 48 0
441 62 1
442 81 0
443 14 0
444 17 0
445 30 0
446 20 1
447 69 1
448 46 1
449 60 1
450 83 0
451 44 1
452 92 1
453 41 0
454 5 1
455 66 1
456 88 1
457 6 1
458 16 0
459 7 1
460 3 1
461 9 1
462 19 0
463 90 1
464 11 1
465 20 1
466 50 0
467 43 1
468 28 1
469 89 1
470 93 1
471 21 1
472 86 1
473 90 1
474 44 0
475 71 0
476 2 1
477 5 1
478 92 0
479 52 1
480 82 1
481 66 0
482 4 1
483 82 0
484 31 1
485 0 1
486 0 0
487 14 1
488 14 1
489 93 1
490 3 1
491 40 1
492 81 0
493 26 1
494 75 0
495 48 0
496 18 1
497 30 1
498 91 0
499 86 0
500 23 0
501 52 1
502 42 0
503 45 0
504 69 1
505 80 1
506 42 1
507 77 1
508 34 1
509 1 1
510 50 1
511 6 1
512 31 0
513 56 1
514 83 0
515 51 1
516 66 1
517 96 1
518 38 0
519 2 1
520 85 1
521 17 0
522 71 1
523 21 1
524 67 0
525 82 1
526 6 0
527 54 0
528 91 1
529 94 0
530 90 0
531 52 1
532 21 1
533 5 1
534 95 1
535 35 1
536 55 0
537 78 1
538 16 0
539 69 1
540 87 1
541 37 1
542 78 0
543 29 1
544 40 0
545 17 0
546 41 1
547 27 1
548 55 1
549 86 1
550 70 1
551 5 1
552 43 1
553 90 0
554 82 1
555 76 1
556 82 0
557 64 0
558 11 1
559 3 1
560 24 1
561 19 1
562 25 1
563 61 1
564 12 0
565 2 1
566 40 0
567 76 0
568 26 0
569 10 0
570 31 1
571 49 0
572 37 0
573 45 0
574 13 1
575 65 1
576 34 1
577 36 0
578 95 1
579 8 0
580 16 1
581 88 0
582 49 1
583 39 1
584 5 0
585 52 1
586 4 1
587 84 0
588 51 1
589 54 1
590 45 1
591 36 1
592 71 1
593 7 0
594 38 0
595 75 1
596 57 1
597 76 1
598 69 1
599 50 0
600 1 1
601 14 0
602 40 0
603 77 0
604 64 1
605 90 1
606 22 0
607 26 0
608 68 0
609 62 1
610 14 0
611 95 1
612 42 1
613 46 1
614 26 0
615 22 1
616 35 0
617 64 1
618 68 0
619 3 1
620 75 1
621 79 0
622 89 1
623 60 0
624 73 1
625 69 0
626 0 1
627 93 0
628 9 1
629 87 1
630 72 1
631 94 0
632 80 0
633 19 1
634 70 1
635 21 1
636 16 1
637 15 0
638 43 0
639 68 1
640 34 0
641 41 1
642 73 1
643 42 1
644 14 1
645 21 1
646 11 0
647 62 1
648 44 1
649 77 0
650 70 0
651 0 0
652 5 0
653 28 0
654 24 1
655 2 1
656 4 1
657 59 1
658 15 1
659 94 0
660 2 1
661 82 1
662 1 0
663 8 1
664 94 1
665 93 0
666 21 0
667 21 0
668 43 0
669 9 1
670 79 0
671 92 0
672 86 1
673 95 1
674 89 1
675 30 1
676 75 1
677 39 1
678 28 1
679 55 1
680 1 0
681 27 1
682 80 0
683 80 1
684 32 1
685 90 1
686 35 0
687 32 1
688 73 1
689 91 0
690 57 1
691 92 0
692 71 1
693 46 1
694 16 0
695 27 1
696 88 0
697 39 1
698 37 0
699 93 1
700 47 1
701 17 1
702 75 0
703 72 1
704 15 1
705 52 1
706 24 0
707 73 1
708 15 1
709 31 1
710 90 0
711 48 1
712 78 0
713 20 0
714 76 0
715 21 0
716 6 1
717 73 1
718 54 1
719 68 1
720 79 0
721 9 0
722 4 0
723 36 0
724 71 0
725 82 0
726 92 1
727 13 1
728 86 1
729 26 1
730 80 1
731 87 1
732 51 0
733 37 1
734 77 0
735 11 0
736 62 1
737 1 1
738 3 1
739 19 1
740 39 0
741 6 0
742 69 1
743 42 0
744 83 1
745 89 0
746 80 0
747 21 1
748 77 1
749 74 1
750 0 1
751 52 1
752 72 1
753 62 1
754 24 1
755 83 1
756 86 1
757 63 1
758 42 1
759 82 1
760 41 1
761 90 1
762 87 1
763 91 0
764 7 0
765 91 1
766 88 0
767 70 1
768 64 1
769 41 1
770 52 1
771 20 1
772 81 1
773 96 0
774 57 0
775 19 1
776 89 1
777 89 0
778 59 1
779 15 1
780 85 0
781 8 0
782 20 0
783 74 0
784 80 1
785 10 1
786 42 1
787 72 0
788 48 0
789 53 1
790 55 1
791 73 0
792 51 1
793 92 1
794 16 1
795 44 0
796 51 0
797 15 1
798 0 1
799 59 0
800 8 0
801 80 1
802 33 1
803 77 1
804 61 1
805 56 1
806 6 1
807 32 1
808 62 1
809 4 0
810 68 1
811 16 1
812 66 0
813 94 1
814 87 1
815 80 1
816 28 0
817 79 1
818 18 1
819 77 1
820 90 0
821 63 1
822 33 1
823 56 0
824 87 1
825 76 1
826 7 1
827 81 1
828 59 1
829 43 1
830 68 1
831 12 1
832 86 0
833 26 0
834 19 1
835 51 0
836 8 0
837 42 1
838 78 1
839 71 1
840 26 0
841 62 1
842 11 1
843 42 1
844 90 1
845 84 0
846 77 1
847 92 0
848 56 0
849 39 0
850 58 0
851 53 0
852 74 0
853 42 1
854 31 1
855 89 1
856 31 1
857 56 1
858 66 1
859 47 0
860 21 1
861 85 1
862 96 1
863 64 1
864 35 1
865 65 0
866 32 0
867 59 1
868 50 1
869 29 1
870 82 0
871 7 0
872 10 0
873 91 1
874 96 0
875 3 1
876 10 1
877 83 1
878 6 1
879 96 1
880 89 1
881 35 1
882 50 1
883 95 1
884 33 1
885 50 0
886 80 1
887 66 1
888 86 0
889 35 1
890 67 0
891 70 1
892 93 0
893 52 1
894 72 1
895 9 1
896 81 1
897 53 1
898 7 1
899 35 1
900 44 1
901 23 0
902 11 0
903 52 0
904 18 0
905 50 0
906 92 1
907 0 1
908 75 1
909 24 1
910 38 1
911 49 1
912 74 1
913 23 1
914 22 1
915 55 1
916 11 0
917 28 1
918 37 1
919 84 0
920 36 1
921 44 1
922 56 1
923 53 1
924 30 1
925 86 0
926 11 0
927 57 1
928 9 1
929 4 0
930 6 1
931 63 1
932 72 0
933 71 0
934 71 1
935 2 1
936 61 0
937 73 1
938 55 0
939 86 1
940 6 0
941 22 1
942 79 0
943 37 0
944 27 1
945 85 1
946 34 1
947 82 1
948 42 1
949 84 1
950 13 0
951 27 0
952 0 0
953 60 1
954 94 1
955 75 1
956 59 1
957 52 0
958 45 1
959 63 0
960 95 1
961 40 1
962 69 1
963 8 1
964 77 0
965 62 0
966 47 1
967 33 0
968 57 1
969 37 1
970 45 1
971 54 0
972 46 0
973 48 0
974 64 1
975 1 0
976 1 1
977 30 1
978 31 0
979 49 1
980 95 1
981 66 0
982 37 1
983 27 0
984 95 0
985 48 1
986 79 1
987 82 0
988 46 1
989 85 1
990 80 0
991 11 1
992 61 0
993 19 1
994 79 0
995 2 1
996 17 1
997 57 1
998 71 1
999 48 1
1000 51 1
1001 47 0
1002 66 1
1003 26 1
1004 1 0
1005 61 1
1006 34 1
1007 96 0
1008 47 0
1009 86 1
1010 20 1
1011 71 1
1012 60 1
1013 57 0
1014 49 1
1015 37 0
1016 38 0
1017 1 1
1018 52 0
1019 54 0
1020 7 1
1021 37 1
1022 55 1
1023 5 1
1024 19 0
1025 96 0
1026 17 1
1027 42 1
1028 5 0
1029 76 1
1030 41 1
1031 89 1
1032 67 0
1033 20 1
1034 53 0
1035 75 0
1036 89 1
1037 36 1
1038 16 1
1039 84 1
1040 2 1
1041 39 1
1042 58 0
1043 62 0
1044 48 1
1045 52 1
1046 23 0
1047 36 1
1048 70 1
1049 15 1
1050 31 1
1051 51 0
1052 70 0
1053 71 1
1054 64 1
1055 86 1
1056 77 1
1057 19 1
1058 75 1
1059 66 0
1060 88 1
1061 15 1
1062 32 1
1063 39 1
1064 74 1
1065 93 1
1066 44 0
1067 62 1
1068 69 0
1069 38 1
1070 61 1
1071 36 0
1072 87 1
1073 13 1
1074 5 0
1075 89 1
1076 35 1
1077 42 0
1078 59 0
1079 37 0
1080 34 1
1081 9 1
1082 46 1
1083 30 1
1084 43 0
1085 86 1
1086 29 0
1087 48 1
1088 46 0
1089 51 1
1090 8 1
1091 79 1
1092 50 1
1093 76 1
1094 70 1
1095 14 0
1096 81 1
1097 20 1
1098 30 0
1099 80 1
1100 52 1
1101 80 0
1102 59 1
1103 36 1
1104 57 0
1105 92 0
1106 64 1
1107 43 1
1108 33 1
1109 92 0
1110 71 1
1111 76 1
1112 30 1
1113 20 0
1114 15 1
1115 67 1
1116 37 0
1117 18 1
1118 46 0
1119 39 1
1120 9 0
1121 5 1
1122 43 1
1123 55 1
1124 6 0
1125 47 1
1126 57 1
1127 66 1
1128 89 1
1129 50 0
1130 85 1
1131 71 0
1132 4 0
1133 56 1
1134 77 1
1135 87 0
1136 95 0
1137 27 0
1138 9 1
1139 82 1
1140 68 1
1141 57 1
1142 90 0
1143 18 0
1144 78 0
1145 86 0
1146 53 1
1147 26 1
1148 84 1
1149 41 0
1150 46 1
1151 19 0
1152 57 1
1153 50 1
1154 63 0
1155 47 1
1156 1 1
1157 27 0
1158 66 0
1159 42 1
1160 78 1
1161 48 1
1162 57 1
1163 25 0
1164 25 1
1165 73 1
1166 31 0
1167 80 0
1168 7 1
1169 24 1
1170 2 0
1171 70 1
1172 13 1
1173 61 0
1174 11 0
1175 92 1
1176 3 0
1177 89 1
1178 83 1
1179 38 0
1180 18 1
1181 48 1
1182 72 1
1183 72 1
1184 61 0
1185 48 1
1186 5 1
1187 33 0
1188 84 0
1189 32 1
1190 34 1
1191 52 1
1192 35 1
1193 31 1
1194 93 1
1195 96 0
1196 49 0
1197 94 1
1198 75 1
1199 2 1
1200 3 1
1201 38 1
1202 6 0
1203 27 1
1204 68 1
1205 22 1
1206 51 1
1207 74 1
1208 22 0
1209 73 1
1210 43 1
1211 94 0
1212 85 0
1213 81 1
1214 95 1
1215 37 0
1216 67 0
1217 10 0
1218 80 1
1219 0 1
1220 92 1
1221 22 0
1222 0 1
1223 1 0
1224 3 1
1225 36 1
1226 81 1
1227 6 1
1228 58 0
1229 0 0
1230 38 1
1231 90 1
1232 78 1
1233 16 1
1234 37 1
1235 78 1
1236 70 1
1237 13 1
1238 95 0
1239 88 0
1240 22 0
1241 79 1
1242 91 1
1243 40 1
1244 41 1
1245 44 1
1246 44 1
1247 23 1
1248 5 0
1249 87 1
1250 21 1
1251 9 0
1252 68 0
1253 61 1
1254 1 1
1255 3 1
1256 45 0
1257 92 1
1258 5 1
1259 58 1
1260 10 1
1261 61 0
1262 7 1
1263 80 1
1264 88 1
1265 20 0
1266 38 1
1267 70 0
1268 16 0
1269 11 1
1270 52 0
1271 71 0
1272 30 0
1273 72 1
1274 36 1
1275 48 1
1276 69 1
1277 66 0
1278 30 0
1279 53 1
1280 84 1
1281 96 1
1282 36 1
1283 67 0
1284 69 1
1285 3 1
1286 26 0
1287 56 1
1288 75 1
1289 26 1
1290 29 0
1291 92 0
1292 20 1
1293 42 1
1294 75 1
1295 37 1
1296 72 1
1297 53 1
1298 71 0
1299 95 0
1300 35 1
1301 1 0
1302 11 1
1303 52 1
1304 54 1
1305 35 0
1306 21 1
1307 50 1
1308 56 1
1309 88 1
1310 92 1
1311 30 1
1312 29 0
1313 13 1
1314 41 0
1315 77 1
1316 45 0
1317 6 1
1318 71 1
1319 76 1
1320 36 1
1321 77 1
1322 9 1
1323 94 0
1324 27 1
1325 33 1
1326 78 1
1327 54 1
1328 82 0
1329 45 1
1330 14 0
1331 68 0
1332 39 1
1333 80 1
1334 1 0
1335 6 1
1336 39 1
1337 28 1
1338 49 1
1339 48 0
1340 45 1
1341 32 0
1342 79 0
1343 69 1
1344 88 1
1345 56 0
1346 43 1
1347 60 0
1348 36 0
1349 29 1
1350 68 1
1351 75 1
1352 85 0
1353 58 1
1354 95 1
1355 47 1
1356 56 1
1357 70 1
1358 2 1
1359 68 1
1360 91 0
1361 92 0
1362 54 1
1363 85 1
1364 64 1
1365 63 1
1366 18 1
1367 45 1
1368 13 0
1369 74 1
1370 78 0
1371 55 0
1372 37 1
1373 41 1
1374 36 1
1375 96 0
1376 39 1
1377 32 0
1378 15 0
1379 52 0
1380 3 1
1381 18 0
1382 91 1
1383 59 1
1384 36 0
1385 19 1
1386 92 0
1387 86 0
1388 1 1
1389 6 0
1390 42 1
1391 32 0
1392 31 0
1393 73 1
1394 50 1
1395 60 0
1396 47 1
1397 9 0
1398 77 1
1399 80 0
1400 69 0
1401 64 1
1402 72 1
1403 0 1
1404 17 0
1405 76 0
1406 43 1
1407 8 1
1408 41 0
1409 85 0
1410 45 1
1411 48 1
1412 93 0
1413 2 1
1414 90 0
1415 54 0
1416 80 1
1417 61 0
1418 9 1
1419 93 1
1420 2 0
1421 51 1
1422 18 1
1423 53 1
1424 9 1
1425 85 1
1426 24 1
1427 81 1
1428 59 0
1429 27 0
1430 64 1
1431 81 1
1432 37 1
1433 67 1
1434 10 1
1435 6 1
1436 70 0
1437 57 1
1438 51 0
1439 15 1
1440 85 1
1441 49 0
1442 6 1
1443 64 1
1444 81 1
1445 83 0
1446 41 1
1447 29 1
1448 16 1
1449 27 1
1450 93 1
1451 3 1
1452 25 1
1453 88 1
1454 38 0
1455 71 1
1456 42 0
1457 4 0
1458 87 1
1459 78 0
1460 29 0
1461 84 1
1462 35 1
1463 52 1
1464 77 1
1465 42 0
1466 78 1
1467 43 1
1468 39 1
1469 48 1
1470 6 1
1471 38 0
1472 76 1
1473 61 1
1474 76 0
1475 36 1
1476 42 0
1477 13 1
1478 4 1
1479 94 1
1480 12 1
1481 89 1
1482 85 0
1483 63 1
1484 34 0
1485 39 1
1486 2 1
1487 85 1
1488 53 1
1489 13 1
1490 58 1
1491 72 1
1492 38 0
1493 14 1
1494 18 1
1495 58 0
1496 51 1
1497 87 1
1498 19 1
1499 31 1
1500 32 1
1501 90 0
1502 15 1
1503 47 1
1504 63 1
1505 36 1
1506 43 0
1507 58 1
1508 62 0
1509 58 1
1510 18 1
1511 45 1
1512 34 0
1513 73 1
1514 84 1
1515 71 1
1516 43 0
1517 85 1
1518 47 1
1519 61 1
1520 29 1
1521 68 0
1522 74 0
1523 22 0
1524 35 1
1525 22 0
1526 64 1
1527 87 0
1528 2 0
1529 85 1
1530 67 1
1531 10 1
1532 59 0
1533 5 1
1534 65 1
1535 84 1
1536 1 0
1537 35 1
1538 18 1
1539 48 1
1540 6 1
1541 72 0
1542 7 0
1543 37 1
1544 25 0
1545 96 0
1546 20 1
1547 8 1
1548 70 0
1549 53 0
1550 14 1
1551 0 1
1552 95 0
1553 25 1
1554 59 1
1555 65 1
1556 13 1
1557 4 1
1558 68 0
1559 60 1
1560 2 1
1561 88 1
1562 65 0
1563 35 0
1564 43 1
1565 41 1
1566 62 1
1567 8 1
1568 43 1
1569 41 1
1570 72 0
1571 35 0
1572 81 1
1573 39 1
1574 16 1
1575 13 1
1576 28 0
1577 71 0
1578 34 1
1579 66 1
1580 31 0
1581 3 0
1582 83 1
1583 87 1
1584 41 0
1585 65 1
1586 5 1
1587 36 0
1588 75 0
1589 6 0
1590 43 1
1591 43 0
1592 54 1
1593 2 0
1594 57 0
1595 65 0
1596 43 0
1597 49 0
1598 76 0
1599 90 1
1600 66 0
1601 67 1
1602 28 1
1603 92 1
1604 47 1
1605 31 1
1606 83 1
1607 96 0
1608 25 1
1609 94 0
1610 3 0
1611 69 1
1612 64 1
1613 10 0
1614 25 1
1615 94 1
1616 59 1
1617 96 1
1618 67 0
1619 58 1
1620 58 0
1621 42 1
1622 0 1
1623 18 1
1624 73 1
1625 6 0
1626 11 0
1627 87 1
1628 30 0
1629 84 1
1630 67 1
1631 80 1
1632 15 1
1633 81 1
1634 8 1
1635 34 1
1636 65 1
1637 13 1
1638 20 1
1639 86 0
1640 78 1
1641 6 1
1642 70 1
1643 2 1
1644 59 1
1645 23 1
1646 6 1
1647 23 0
1648 19 0
1649 37 1
1650 80 0
1651 27 1
1652 50 1
1653 78 1
1654 6 0
1655 31 1
1656 93 1
1657 10 1
1658 65 0
1659 34 0
1660 34 1
1661 22 1
1662 94 1
1663 92 1
1664 84 1
1665 9 1
1666 38 0
1667 81 1
1668 77 1
1669 27 1
1670 64 0
1671 4 1
1672 30 1
1673 92 0
1674 59 0
1675 87 1
1676 52 1
1677 67 0
1678 89 1
1679 31 1
1680 28 1
1681 11 1
1682 78 1
1683 89 1
1684 89 1
1685 10 0
1686 77 1
1687 81 1
1688 91 1
1689 70 0
1690 71 1
1691 80 1
1692 7 0
1693 9 1
1694 46 1
1695 9 1
1696 16 1
1697 44 0
1698 47 0
1699 20 1
1700 86 1
1701 60 1
1702 10 0
1703 42 1
1704 86 1
1705 23 1
1706 42 1
1707 86 1
1708 22 1
1709 80 0
1710 5 1
1711 46 0
1712 44 0
1713 49 0
1714 92 0
1715 96 0
1716 65 1
1717 83 1
1718 39 0
1719 75 1
1720 9 1
1721 54 0
1722 70 1
1723 35 1
1724 7 1
1725 63 1
1726 72 0
1727 64 1
1728 69 1
1729 77 0
1730 51 1
1731 80 1
1732 70 1
1733 90 0
1734 91 1
1735 6 1
1736 4 0
1737 86 1
1738 68 1
1739 69 1
1740 38 1
1741 88 1
1742 13 1
1743 95 1
1744 37 1
1745 81 0
1746 20 1
1747 41 1
1748 30 1
1749 68 1
1750 37 0
1751 58 1
1752 68 1
1753 49 1
1754 67 1
1755 49 0
1756 87 0
1757 84 1
1758 62 0
1759 20 0
1760 26 0
1761 25 1
1762 65 1
1763 70 1
1764 35 1
1765 53 1
1766 49 0
1767 47 1
1768 58 1
1769 25 0
1770 51 1
1771 2 0
1772 80 1
1773 10 1
1774 5 1
1775 79 0
1776 0 1
1777 42 0
1778 7 1
1779 94 1
1780 22 1
1781 79 1
1782 30 0
1783 57 1
1784 90 0
1785 81 0
1786 56 1
1787 51 1
1788 72 1
1789 19 1
1790 26 1
1791 74 1
1792 70 0
1793 92 0
1794 67 0
1795 85 1
1796 74 1
1797 95 0
1798 62 1
1799 60 1
1800 37 1
1801 65 1
1802 62 1
1803 67 1
1804 45 1
1805 50 0
1806 52 1
1807 33 0
1808 78 1
1809 67 0
1810 52 1
1811 41 1
1812 88 1
1813 2 1
1814 60 1
1815 73 1
1816 73 1
1817 28 1
1818 91 1
1819 10 1
1820 18 1
1821 46 1
1822 22 0
1823 60 1
1824 41 0
1825 52 1
1826 51 1
1827 89 0
1828 31 1
1829 29 0
1830 22 0
1831 58 0
1832 78 1
1833 68 0
1834 19 0
1835 78 1
1836 73 1
1837 7 0
1838 40 1
1839 1 1
1840 63 1
1841 12 1
1842 45 0
1843 91 0
1844 30 0
1845 37 1
1846 61 1
1847 16 0
1848 49 1
1849 80 1
1850 65 0
1851 5 1
1852 22 1
1853 70 0
1854 13 1
1855 78 0
1856 90 1
1857 95 1
1858 29 1
1859 81 0
1860 78 1
1861 10 1
1862 81 1
1863 50 0
1864 13 1
1865 67 1
1866 29 0
1867 85 1
1868 84 1
1869 79 1
1870 96 0
1871 77 1
1872 84 0
1873 27 0
1874 33 1
1875 40 0
1876 63 1
1877 22 1
1878 11 1
1879 15 1
1880 39 1
1881 3 1
1882 57 0
1883 85 0
1884 15 1
1885 75 1
1886 61 0
1887 69 1
1888 96 1
1889 30 1
1890 42 1
1891 78 0
1892 86 1
1893 21 1
1894 9 0
1895 88 1
1896 83 1
1897 16 1
1898 16 1
1899 52 1
1900 36 1
1901 77 0
1902 20 0
1903 79 1
1904 49 0
1905 83 0
1906 48 1
1907 33 1
1908 32 1
1909 38 1
1910 55 1
1911 55 0
1912 54 1
1913 18 0
1914 40 1
1915 37 1
1916 35 1
1917 10 0
1918 1 1
1919 9 0
1920 67 1
1921 75 1
1922 91 0
1923 55 1
1924 31 0
1925 2 0
1926 88 1
1927 62 1
1928 93 1
1929 51 1
1930 85 1
1931 46 1
1932 8 0
1933 12 1
1934 45 0
1935 90 0
1936 18 0
1937 64 0
1938 45 1
1939 70 1
1940 81 0
1941 30 0
1942 95 0
1943 53 1
1944 10 1
1945 62 1
1946 29 0
1947 52 1
1948 64 1
1949 12 1
1950 20 0
1951 58 0
1952 39 1
1953 47 1
1954 13 0
1955 28 0
1956 58 0
1957 35 1
1958 19 1
1959 83 0
1960 60 1
1961 89 1
1962 25 0
1963 92 1
1964 73 0
1965 67 0
1966 43 0
1967 31 0
1968 19 0
1969 34 1
1970 33 1
1971 61 1
1972 20 1
1973 82 0
1974 53 1
1975 2 1
1976 51 1
1977 71 1
1978 69 0
1979 34 0
1980 7 1
1981 7 0
1982 65 1
1983 1 1
1984 51 1
1985 20 1
1986 94 0
1987 13 0
1988 45 0
1989 56 0
1990 1 1
1991 80 1
1992 83 1
1993 62 1
1994 85 1
1995 65 0
1996 36 0
1997 41 0
1998 77 0
1999 88 1
2000 43 1
2001 15 1
2002 57 1
2003 88 1
2004 88 1
2005 69 1
2006 70 1
2007 75 1
2008 71 1
2009 76 1
2010 72 1
2011 19 1
2012 82 1
2013 46 1
2014 68 1
2015 90 1
2016 14 1
2017 19 0
2018 1 0
2019 42 1
2020 22 1
2021 82 1
2022 32 1
2023 82 1
2024 35 1
2025 31 1
2026 40 1
2027 83 1
2028 11 1
2029 84 1
2030 35 1
2031 59 0
2032 50 1
2033 85 0
2034 54 1
2035 43 1
2036 11 1
2037 72 1
2038 54 1
2039 15 1
2040 53 0
2041 65 1
2042 94 1
2043 83 1
2044 49 0
2045 87 1
2046 15 1
2047 67 1
2048 93 1
2049 19 1
2050 82 1
2051 60 1
2052 56 0
2053 5 1
2054 27 1
2055 68 1
2056 63 0
2057 41 1
2058 52 1
2059 68 0
2060 32 0
2061 88 1
2062 73 1
2063 16 1
2064 13 0
2065 84 1
2066 32 1
2067 57 1
2068 48 0
2069 67 1
2070 47 0
2071 23 1
2072 39 0
2073 8 1
2074 92 1
2075 96 1
2076 70 1
2077 8 0
2078 45 1
2079 81 0
2080 91 1
2081 88 1
2082 50 1
2083 80 1
2084 44 0
2085 11 1
2086 54 0
2087 70 1
2088 2 1
2089 23 1
2090 90 0
2091 86 0
2092 75 1
2093 43 1
2094 53 1
2095 47 1
2096 30 1
2097 39 1
2098 20 0
2099 16 1
2100 69 1
2101 55 1
2102 94 1
2103 55 0
2104 41 0
2105 90 0
2106 65 1
2107 0 1
2108 11 1
2109 33 1
2110 36 1
2111 77 1
2112 53 0
2113 15 1
2114 38 0
2115 37 1
2116 24 1
2117 2 1
2118 54 1
2119 17 1
2120 3 1
2121 33 0
2122 89 1
2123 47 1
2124 74 1
2125 34 1
2126 63 1
2127 45 1
2128 30 1
2129 58 1
2130 56 1
2131 12 0
2132 24 0
2133 67 1
2134 37 0
2135 11 1
2136 94 1
2137 13 1
2138 44 0
2139 56 1
2140 74 1
2141 96 0
2142 69 1
2143 25 1
2144 69 0
2145 4 0
2146 46 1
2147 75 1
2148 94 0
2149 16 1
2150 64 1
2151 9 0
2152 38 1
2153 47 1
2154 47 0
2155 68 1
2156 61 0
2157 96 1
2158 46 1
2159 1 0
2160 41 1
2161 12 1
2162 85 1
2163 91 1
2164 1 0
2165 81 1
2166 3 1
2167 91 0
2168 78 1
2169 57 1
2170 13 0
2171 84 1
2172 61 0
2173 8 1
2174 10 1
2175 90 1
2176 77 1
2177 72 1
2178 58 1
2179 15 0
2180 73 1
2181 58 0
2182 56 1
2183 21 1
2184 29 1
2185 31 0
2186 6 1
2187 82 0
2188 36 1
2189 11 0
2190 65 1
2191 63 1
2192 72 1
2193 76 1
2194 4 1
2195 93 0
2196 56 1
2197 57 1
2198 42 1
2199 18 0
2200 55 0
2201 12 1
2202 68 1
2203 62 0
2204 53 0
2205 20 0
2206 43 0
2207 1 1
2208 56 1
2209 17 1
2210 36 1
2211 72 0
2212 3 1
2213 73 1
2214 75 1
2215 15 1
2216 44 1
2217 29 0
2218 56 1
2219 85 0
2220 33 0
2221 65 0
2222 26 0
2223 60 1
2224 77 0
2225 11 1
2226 25 1
2227 75 1
2228 81 1
2229 38 1
2230 46 1
2231 59 1
2232 15 0
2233 4 0
2234 48 1
2235 18 1
2236 32 1
2237 92 1
2238 84 1
2239 75 1
2240 67 1
2241 47 1
2242 7 0
2243 86 0
2244 76 0
2245 17 0
2246 15 1
2247 80 1
2248 1 0
2249 35 0
2250 12 1
2251 0 1
2252 41 1
2253 37 0
2254 16 0
2255 27 0
2256 35 0
2257 43 0
2258 33 1
2259 0 1
2260 25 1
2261 3 1
2262 27 1
2263 4 0
2264 37 1
2265 74 1
2266 93 1
2267 58 1
2268 4 1
2269 0 0
2270 44 0
2271 68 1
2272 1 0
2273 22 1
2274 12 1
2275 12 1
2276 4 1
2277 11 1
2278 65 1
2279 24 0
2280 85 1
2281 50 0
2282 10 1
2283 53 1
2284 72 0
2285 65 1
2286 77 1
2287 64 1
2288 16 1
2289 46 0
2290 73 0
2291 65 1
2292 9 0
2293 73 1
2294 25 0
2295 75 0
2296 34 0
2297 29 1
2298 4 1
2299 90 0
2300 35 1
2301 30 1
2302 60 0
2303 27 0
2304 49 1
2305 7 0
2306 67 1
2307 68 0
2308 16 0
2309 49 1
2310 76 1
2311 85 1
2312 20 1
2313 23 0
2314 35 0
2315 35 1
2316 39 0
2317 51 1
2318 27 0
2319 12 1
2320 86 0
2321 67 1
2322 56 1
2323 31 1
2324 47 1
2325 47 1
2326 41 1
2327 36 1
2328 85 1
2329 20 1
2330 40 1
2331 58 1
2332 54 0
2333 47 0
2334 25 1
2335 92 1
2336 13 1
2337 67 1
2338 96 1
2339 76 0
2340 16 1
2341 38 1
2342 94 1
2343 84 0
2344 2 0
2345 70 1
2346 27 1
2347 57 1
2348 75 1
2349 96 0
2350 1 1
2351 79 0
2352 52 0
2353 19 1
2354 82 1
2355 63 0
2356 87 1
2357 23 1
2358 44 1
2359 3 0
2360 79 1
2361 24 0
2362 70 0
2363 24 0
2364 53 1
2365 16 1
2366 80 1
2367 4 0
2368 13 1
2369 52 0
2370 52 0
2371 61 1
2372 85 1
2373 61 1
2374 29 1
2375 44 1
2376 37 0
2377 21 1
2378 17 0
2379 23 1
2380 3 1
2381 60 1
2382 3 0
2383 19 1
2384 52 1
2385 76 0
2386 55 0
2387 15 1
2388 58 1
2389 40 1
2390 10 1
2391 2 1
2392 87 1
2393 23 0
2394 2 0
2395 13 1
2396 20 1
2397 86 0
2398 5 1
2399 4 1
2400 44 1
2401 95 1
2402 54 1
2403 10 0
2404 25 0
2405 6 1
2406 39 1
2407 47 1
2408 93 0
2409 68 1
2410 51 1
2411 66 1
2412 22 1
2413 28 1
2414 28 0
2415 84 1
2416 46 1
2417 9 1
2418 31 1
2419 49 0
2420 5 1
2421 25 1
2422 94 1
2423 38 1
2424 77 0
2425 23 0
2426 25 0
2427 5 0
2428 13 1
2429 75 1
2430 30 1
2431 48 1
2432 14 0
2433 44 1
2434 12 1
2435 4 0
2436 17 1
2437 26 1
2438 66 1
2439 70 1
2440 8 1
2441 77 1
2442 50 1
2443 16 0
2444 14 1
2445 8 1
2446 22 1
2447 85 1
2448 48 1
2449 81 1
2450 91 1
2451 42 0
2452 79 0
2453 87 1
2454 67 1
2455 95 1
2456 87 1
2457 12 0
2458 57 1
2459 7 0
2460 54 1
2461 50 1
2462 37 1
2463 47 1
2464 36 0
2465 45 0
2466 82 1
2467 6 1
2468 90 1
2469 47 1
2470 57 1
2471 38 1
2472 87 1
2473 89 1
2474 44 1
2475 53 0
2476 11 1
2477 43 0
2478 77 1
2479 1 1
2480 55 1
2481 43 1
2482 68 1
2483 39 1
2484 77 1
2485 55 1
2486 66 1
2487 20 0
2488 12 1
2489 69 1
2490 73 1
2491 23 0
2492 63 0
2493 0 0
2494 90 1
2495 25 0
2496 79 1
2497 23 0
2498 51 1
2499 45 1
2500 83 1
2501 35 0
2502 31 1
2503 8 1
2504 1 1
2505 65 1
2506 36 0
2507 58 0
2508 23 0
2509 77 1
2510 60 0
2511 0 1
2512 38 1
2513 27 0
2514 20 0
2515 87 0
2516 10 0
2517 89 0
2518 14 1
2519 19 0
2520 11 1
2521 85 0
2522 41 1
2523 82 1
2524 8 1
2525 16 1
2526 64 0
2527 76 1
2528 4 0
2529 60 1
2530 45 0
2531 30 1
2532 9 1
2533 62 1
2534 85 0
2535 69 0
2536 33 0
2537 79 1
2538 7 0
2539 8 1
2540 91 0
2541 49 1
2542 5 1
2543 95 0
2544 0 1
2545 65 1
2546 43 1
2547 66 0
2548 17 1
2549 76 0
2550 46 0
2551 37 1
2552 71 0
2553 53 0
2554 48 1
2555 28 1
2556 50 1
2557 35 1
2558 40 1
2559 30 1
2560 25 1
2561 51 1
2562 58 1
2563 55 1
2564 82 1
2565 82 1
2566 47 1
2567 9 1
2568 72 0
2569 35 1
2570 58 1
2571 96 1
2572 75 0
2573 32 1
2574 32 1
2575 23 1
2576 91 1
2577 60 0
2578 59 1
2579 63 1
2580 17 1
2581 71 1
2582 4 1
2583 52 1
2584 78 0
2585 64 1
2586 84 1
2587 16 1
2588 94 1
2589 76 1
2590 45 0
2591 52 0
2592 11 1
2593 27 0
2594 96 0
2595 80 1
2596 72 0
2597 47 1
2598 70 0
2599 51 0
2600 23 1
2601 55 1
2602 77 1
2603 38 1
2604 24 1
2605 38 1
2606 51 0
2607 43 1
2608 40 1
2609 2 0
2610 28 1
2611 88 0
2612 71 0
2613 44 1
2614 71 1
2615 60 1
2616 47 0
2617 69 0
2618 25 0
2619 5 1
2620 90 1
2621 83 1
2622 68 1
2623 6 1
2624 65 1
2625 82 0
2626 56 0
2627 31 0
2628 76 1
2629 40 0
2630 8 1
2631 12 1
2632 84 1
2633 18 0
2634 88 0
2635 26 1
2636 32 1
2637 91 0
2638 74 1
2639 76 0
2640 40 1
2641 4 1
2642 34 1
2643 91 1
2644 77 0
2645 95 1
2646 69 1
2647 75 1
2648 58 1
2649 3 0
2650 82 1
2651 96 0
2652 73 1
2653 82 1
2654 24 1
2655 58 1
2656 22 1
2657 28 1
2658 32 1
2659 5 0
2660 57 1
2661 32 1
2662 76 1
2663 51 1
2664 69 1
2665 52 1
2666 48 1
2667 36 1
2668 75 0
2669 9 1
2670 78 0
2671 1 0
2672 64 0
2673 92 0
2674 52 0
2675 74 0
2676 65 1
2677 38 1
2678 15 1
2679 47 0
2680 11 0
2681 6 1
2682 18 1
2683 19 1
2684 94 0
2685 61 1
2686 61 0
2687 45 1
2688 56 1
2689 23 1
2690 71 0
2691 87 0
2692 5 1
2693 18 1
2694 83 0
2695 39 0
2696 64 1
2697 22 1
2698 22 0
2699 44 1
2700 35 1
2701 61 1
2702 35 0
2703 89 0
2704 49 1
2705 38 1
2706 78 1
2707 27 0
2708 87 1
2709 7 1
2710 77 1
2711 5 1
2712 58 1
2713 92 1
2714 34 1
2715 34 1
2716 13 0
2717 33 0
2718 38 1
2719 75 1
2720 5 0
2721 75 0
2722 44 1
2723 4 1
2724 17 1
2725 73 1
2726 23 1
2727 6 0
2728 70 1
2729 96 0
2730 7 1
2731 41 1
2732 94 1
2733 34 1
2734 64 1
2735 88 0
2736 28 0
2737 87 0
2738 37 0
2739 6 0
2740 68 1
2741 82 1
2742 25 1
2743 10 1
2744 25 0
2745 68 0
2746 73 1
2747 83 0
2748 21 1
2749 40 1
2750 64 1
2751 89 0
2752 62 1
2753 2 0
2754 39 0
2755 57 0
2756 21 1
2757 36 1
2758 66 1
2759 10 1
2760 86 1
2761 57 0
2762 24 1
2763 1 1
2764 29 1
2765 96 1
2766 37 1
2767 24 0
2768 67 0
2769 5 0
2770 66 0
2771 51 1
2772 71 0
2773 2 0
2774 1 1
2775 96 1
2776 55 0
2777 49 1
2778 33 0
2779 24 1
2780 25 1
2781 25 0
2782 45 1
2783 95 1
2784 9 0
2785 57 1
2786 63 0
2787 31 1
2788 95 1
2789 42 1
2790 41 0
2791 52 1
2792 31 0
2793 74 0
2794 85 1
2795 92 0
2796 24 1
2797 40 0
2798 3 0
2799 51 1
2800 7 0
2801 22 1
2802 18 1
2803 72 1
2804 51 0
2805 47 0
2806 89 1
2807 56 1
2808 68 0
2809 53 1
2810 35 1
2811 3 1
2812 3 1
2813 29 1
2814 46 0
2815 50 1
2816 56 1
2817 89 1
2818 60 1
2819 91 1
2820 16 1
2821 72 1
2822 39 1
2823 94 1
2824 66 0
2825 0 1
2826 33 0
2827 95 1
2828 11 1
2829 73 0
2830 41 1
2831 76 0
2832 3 0
2833 9 1
2834 68 1
2835 43 0
2836 9 1
2837 27 0
2838 82 1
2839 89 0
2840 75 1
2841 55 1
2842 26 1
2843 78 1
2844 46 1
2845 59 1
2846 16 0
2847 53 1
2848 11 1
2849 78 1
2850 96 1
2851 0 0
2852 75 0
2853 87 0
2854 84 1
2855 45 1
2856 5 1
2857 39 1
2858 22 0
2859 2 1
2860 40 0
2861 25 1
2862 35 1
2863 40 0
2864 75 1
2865 59 0
2866 78 1
2867 17 1
2868 52 1
2869 81 0
2870 21 1
2871 67 0
2872 94 1
2873 89 1
2874 91 0
2875 54 0
2876 21 1
2877 25 0
2878 25 1
2879 36 0
2880 53 0
2881 78 0
2882 23 1
2883 55 0
2884 67 1
2885 49 1
2886 2 0
2887 80 0
2888 59 1
2889 50 0
2890 31 1
2891 22 1
2892 51 1
2893 12 1
2894 13 1
2895 14 1
2896 12 1
2897 3 0
2898 55 1
2899 14 1
2900 62 0
2901 48 1
2902 16 1
2903 28 0
2904 37 0
2905 93 1
2906 20 0
2907 87 1
2908 63 0
2909 17 1
2910 16 1
2911 45 0
2912 58 0
2913 64 1
2914 71 1
2915 7 0
2916 9 1
2917 65 1
2918 21 1
2919 65 1
2920 9 1
2921 27 1
2922 77 0
2923 67 0
2924 50 1
2925 53 1
2926 18 1
2927 96 1
2928 14 0
2929 58 1
2930 10 0
2931 86 1
2932 55 0
2933 76 1
2934 81 0
2935 35 1
2936 5 1
2937 55 1
2938 13 1
2939 59 0
2940 43 1
2941 64 0
2942 47 1
2943 6 1
2944 92 1
2945 45 1
2946 94 0
2947 55 1
2948 53 1
2949 29 1
2950 75 1
2951 63 1
2952 60 1
2953 0 1
2954 77 1
2955 70 1
2956 75 0
2957 18 1
2958 66 1
2959 83 1
2960 53 1
2961 0 0
2962 0 1
2963 69 1
2964 55 1
2965 56 0
2966 96 1
2967 48 1
2968 8 1
2969 0 1
2970 41 0
2971 73 0
2972 73 0
2973 10 1
2974 50 1
2975 38 1
2976 58 1
2977 23 1
2978 29 1
2979 11 0
2980 58 0
2981 83 1
2982 24 1
2983 50 1
2984 47 1
2985 83 1
2986 85 1
2987 42 1
2988 85 1
2989 39 1
2990 13 1
2991 11 1
2992 19 1
2993 95 1
2994 91 1
2995 32 0
2996 10 1
2997 43 1
2998 17 1
2999 32 0
3000 11 1
3001 86 0
3002 77 1
3003 92 0
3004 48 0
3005 70 1
3006 15 1
3007 36 1
3008 49 1
3009 79 1
3010 74 1
3011 29 0
3012 63 1
3013 53 0
3014 33 0
3015 12 1
3016 37 1
3017 74 0
3018 64 1
3019 48 0
3020 38 0
3021 77 0
3022 36 1
3023 53 1
3024 15 0
3025 93 1
3026 49 0
3027 41 1
3028 62 1
3029 60 0
3030 47 0
3031 7 1
3032 73 1
3033 67 0
3034 20 1
3035 87 0
3036 71 1
3037 46 0
3038 79 0
3039 30 0
3040 37 1
3041 51 0
3042 17 0
3043 66 1
3044 24 1
3045 43 0
3046 4 1
3047 90 1
3048 0 0
3049 83 1
3050 78 0
3051 13 0
3052 8 1
3053 94 1
3054 61 0
3055 49 0
3056 84 1
3057 52 0
3058 29 0
3059 18 0
3060 81 1
3061 59 1
3062 45 1
3063 30 1
3064 46 1
3065 66 0
3066 54 1
3067 45 1
3068 72 1
3069 17 1
3070 3 1
3071 2 1
3072 69 1
3073 92 1
3074 40 1
3075 20 1
3076 8 0
3077 43 1
3078 65 1
3079 33 1
3080 24 1
3081 7 1
3082 47 0
3083 9 1
3084 28 0
3085 24 0
3086 27 0
3087 21 0
3088 46 0
3089 64 1
3090 91 0
3091 45 1
3092 1 1
3093 21 0
3094 31 0
3095 46 1
3096 22 1
3097 2 1
3098 39 1
3099 27 0
3100 70 1
3101 1 1
3102 43 0
3103 62 0
3104 4 1
3105 14 0
3106 48 1
3107 63 1
3108 16 1
3109 49 1
3110 72 1
3111 68 1
3112 82 0
3113 33 1
3114 16 0
3115 25 1
3116 76 1
3117 21 0
3118 80 0
3119 16 1
3120 47 1
3121 16 1
3122 54 1
3123 78 0
3124 0 0
3125 83 0
3126 60 0
3127 36 1
3128 59 1
3129 35 0
3130 94 1
3131 96 1
3132 21 1
3133 96 1
3134 68 0
3135 22 1
3136 10 0
3137 47 1
3138 83 1
3139 4 0
3140 90 0
3141 24 0
3142 10 1
3143 32 1
3144 94 1
3145 78 1
3146 62 1
3147 2 1
3148 31 1
3149 87 0
3150 79 1
3151 52 1
3152 46 1
3153 22 1
3154 62 1
3155 81 0
3156 48 1
3157 42 1
3158 34 1
3159 61 1
3160 76 1
3161 88 1
3162 23 1
3163 27 1
3164 25 1
3165 53 1
3166 25 0
3167 31 0
3168 43 0
3169 69 1
3170 80 1
3171 29 1
3172 93 1
3173 54 1
3174 49 1
3175 26 0
3176 91 1
3177 35 0
3178 10 1
3179 68 1
3180 76 1
3181 43 0
3182 33 1
3183 42 0
3184 62 0
3185 81 0
3186 68 1
3187 41 0
3188 84 1
3189 28 0
3190 78 1
3191 62 1
3192 6 1
3193 24 0
3194 94 1
3195 83 1
3196 19 0
3197 44 1
3198 69 1
3199 28 1
3200 3 1
3201 44 0
3202 56 0
3203 3 1
3204 48 1
3205 46 1
3206 51 0
3207 5 0
3208 42 1
3209 38 0
3210 24 1
3211 79 0
3212 20 1
3213 61 0
3214 46 0
3215 89 0
3216 36 1
3217 86 1
3218 56 0
3219 71 1
3220 55 0
3221 37 1
3222 93 1
3223 31 1
3224 5 1
3225 12 1
3226 28 1
3227 37 0
3228 51 1
3229 6 1
3230 57 0
3231 15 1
3232 65 0
3233 54 0
3234 27 0
3235 63 1
3236 13 0
3237 56 1
3238 10 0
3239 79 1
3240 60 0
3241 9 1
3242 51 1
3243 71 1
3244 13 1
3245 68 1
3246 9 1
3247 32 1
3248 21 1
3249 33 1
3250 49 1
3251 96 1
3252 33 1
3253 37 1
3254 77 1
3255 89 0
3256 44 1
3257 93 1
3258 78 1
3259 35 1
3260 78 0
3261 30 0
3262 23 1
3263 96 1
3264 52 1
3265 26 1
3266 62 1
3267 31 0
3268 15 0
3269 6 0
3270 21 1
3271 66 0
3272 61 1
3273 95 1
3274 64 1
3275 2 1
3276 70 1
3277 67 1
3278 29 1
3279 71 1
3280 32 0
3281 81 0
3282 57 0
3283 57 1
3284 49 1
3285 1 1
3286 26 1
3287 71 0
3288 64 0
3289 94 1
3290 6 1
3291 41 0
3292 95 1
3293 7 1
3294 42 1
3295 74 1
3296 13 1
3297 5 1
3298 39 1
3299 77 1
3300 90 1
3301 94 1
3302 80 1
3303 71 1
3304 40 1
3305 74 1
3306 34 1
3307 88 0
3308 92 1
3309 90 1
3310 76 1
3311 46 0
3312 91 1
3313 64 1
3314 79 1
3315 56 1
3316 88 1
3317 57 1
3318 55 0
3319 84 1
3320 35 0
3321 41 1
3322 46 1
3323 35 1
3324 30 1
3325 79 0
3326 61 0
3327 3 0
3328 15 1
3329 53 0
3330 10 1
3331 4 1
3332 31 0
3333 8 1
3334 28 0
3335 82 0
3336 22 1
3337 66 0
3338 59 1
3339 44 0
3340 32 1
3341 33 0
3342 86 0
3343 16 1
3344 2 1
3345 64 0
3346 48 0
3347 15 1
3348 64 0
3349 65 0
3350 80 0
3351 23 1
3352 77 0
3353 8 1
3354 93 1
3355 62 1
3356 13 1
3357 21 0
3358 0 1
3359 69 1
3360 73 0
3361 16 1
3362 38 0
3363 68 1
3364 19 1
3365 63 1
3366 21 0
3367 39 1
3368 13 0
3369 5 1
3370 34 1
3371 4 1
3372 32 1
3373 15 0
3374 94 1
3375 66 1
3376 23 1
3377 28 1
3378 78 1
3379 1 0
3380 68 0
3381 3 1
3382 20 1
3383 25 1
3384 24 1
3385 74 0
3386 32 1
3387 71 0
3388 69 1
3389 31 0
3390 7 1
3391 71 0
3392 17 1
3393 57 1
3394 64 1
3395 96 1
3396 88 1
3397 59 1
3398 9 0
3399 76 0
3400 79 1
3401 58 1
3402 0 0
3403 13 1
3404 84 1
3405 69 1
3406 76 0
3407 87 1
3408 11 1
3409 91 1
3410 39 1
3411 45 0
3412 57 1
3413 7 1
3414 56 0
3415 66 0
3416 5 1
3417 84 1
3418 55 1
3419 39 0
3420 76 1
3421 2 1
3422 20 1
3423 82 0
3424 70 0
3425 40 0
3426 35 1
3427 39 1
3428 26 1
3429 94 1
3430 95 0
3431 55 1
3432 55 0
3433 70 1
3434 8 0
3435 87 0
3436 55 1
3437 74 0
3438 46 1
3439 40 1
3440 5 1
3441 27 1
3442 3 1
3443 67 1
3444 48 1
3445 77 1
3446 92 1
3447 81 1
3448 42 1
3449 29 1
3450 1 1
3451 70 1
3452 73 1
3453 65 1
3454 72 1
3455 6 1
3456 22 1
3457 52 1
3458 34 1
3459 20 0
3460 52 0
3461 94 0
3462 66 1
3463 63 0
3464 0 1
3465 93 0
3466 76 1
3467 22 0
3468 79 1
3469 70 0
3470 60 1
3471 66 1
3472 43 0
3473 73 0
3474 74 0
3475 59 0
3476 27 0
3477 11 1
3478 33 0
3479 70 1
3480 34 1
3481 0 0
3482 1 1
3483 30 1
3484 75 0
3485 68 1
3486 13 1
3487 56 1
3488 23 1
3489 33 1
3490 91 0
3491 30 1
3492 17 1
3493 80 1
3494 80 1
3495 19 1
3496 18 0
3497 61 1
3498 7 1
3499 64 0
3500 59 1
3501 25 1
3502 38 0
3503 28 0
3504 12 1
3505 94 1
3506 88 0
3507 90 1
3508 34 0
3509 91 1
3510 91 0
3511 66 0
3512 63 0
3513 63 0
3514 87 0
3515 88 0
3516 31 1
3517 87 1
3518 93 1
3519 66 0
3520 13 0
3521 46 1
3522 24 0
3523 45 1
3524 46 1
3525 10 1
3526 83 1
3527 17 1
3528 40 1
3529 85 0
3530 76 0
3531 14 0
3532 88 0
3533 80 0
3534 53 1
3535 27 1
3536 46 1
3537 5 0
3538 77 1
3539 32 1
3540 54 1
3541 62 1
3542 52 1
3543 55 1
3544 94 1
3545 26 1
3546 85 0
3547 17 1
3548 75 1
3549 95 1
3550 15 1
3551 63 0
3552 63 1
3553 36 1
3554 84 1
3555 34 0
3556 76 1
3557 16 1
3558 78 0
3559 58 1
3560 48 0
3561 16 1
3562 59 1
3563 47 1
3564 0 1
3565 65 1
3566 4 0
3567 77 0
3568 34 1
3569 13 1
3570 50 0
3571 93 1
3572 46 0
3573 91 0
3574 83 1
3575 68 1
3576 72 1
3577 5 0
3578 83 1
3579 68 1
3580 31 1
3581 2 1
3582 2 1
3583 5 0
3584 61 1
3585 88 1
3586 30 0
3587 74 1
3588 31 0
3589 69 0
3590 55 0
3591 84 1
3592 89 1
3593 30 0
3594 10 1
3595 93 1
3596 69 1
3597 77 1
3598 12 1
3599 42 1
3600 35 1
3601 21 1
3602 53 1
3603 10 1
3604 31 1
3605 36 1
3606 53 0
3607 82 1
3608 12 1
3609 86 1
3610 79 0
3611 94 1
3612 15 1
3613 88 1
3614 91 0
3615 34 1
3616 2 1
3617 59 1
3618 84 1
3619 7 1
3620 51 1
3621 71 1
3622 63 1
3623 49 1
3624 37 1
3625 31 1
3626 55 1
3627 35 0
3628 6 0
3629 32 0
3630 92 0
3631 91 0
3632 87 0
3633 48 1
3634 57 0
3635 59 1
3636 64 1
3637 15 1
3638 23 1
3639 71 1
3640 37 1
3641 44 0
3642 35 0
3643 31 1
3644 41 1
3645 38 1
3646 30 1
3647 29 1
3648 20 0
3649 60 0
3650 0 1
3651 55 1
3652 20 1
3653 61 1
3654 69 1
3655 69 1
3656 72 1
3657 66 0
3658 31 1
3659 48 1
3660 61 1
3661 73 1
3662 52 1
3663 45 0
3664 16 1
3665 85 0
3666 62 1
3667 46 1
3668 47 1
3669 61 1
3670 11 0
3671 59 1
3672 81 0
3673 59 0
3674 92 0
3675 87 1
3676 30 1
3677 81 1
3678 2 1
3679 89 0
3680 69 1
3681 0 0
3682 85 1
3683 52 1
3684 22 1
3685 55 1
3686 80 1
3687 81 1
3688 12 1
3689 14 1
3690 84 0
3691 94 1
3692 33 1
3693 65 1
3694 41 1
3695 19 1
3696 3 0
3697 80 1
3698 62 0
3699 58 1
3700 82 1
3701 82 1
3702 0 1
3703 95 1
3704 44 0
3705 50 0
3706 80 1
3707 14 1
3708 59 0
3709 17 0
3710 4 0
3711 17 1
3712 21 0
3713 30 0
3714 35 1
3715 4 0
3716 4 1
3717 82 1
3718 87 0
3719 47 0
3720 58 1
3721 96 0
3722 78 1
3723 58 1
3724 57 1
3725 44 1
3726 46 1
3727 3 1
3728 93 0
3729 19 1
3730 21 1
3731 17 1
3732 75 0
3733 30 1
3734 47 1
3735 33 0
3736 43 0
3737 50 1
3738 11 0
3739 96 1
3740 52 1
3741 34 1
3742 38 0
3743 34 1
3744 36 1
3745 31 1
3746 43 1
3747 82 1
3748 15 0
3749 21 1
3750 89 1
3751 71 1
3752 21 1
3753 90 0
3754 67 1
3755 36 1
3756 35 0
3757 55 0
3758 72 0
3759 73 0
3760 11 1
3761 33 0
3762 86 1
3763 10 1
3764 96 0
3765 67 0
3766 19 0
3767 57 1
3768 0 1
3769 8 1
3770 43 0
3771 55 1
3772 79 0
3773 52 1
3774 68 1
3775 31 0
3776 67 1
3777 68 1
3778 17 1
3779 92 0
3780 43 1
3781 70 1
3782 68 1
3783 68 0
3784 16 1
3785 5 0
3786 85 1
3787 6 1
3788 39 1
3789 56 1
3790 21 0
3791 23 1
3792 85 1
3793 47 0
3794 37 0
3795 85 1
3796 69 0
3797 42 1
3798 23 1
3799 44 0
3800 24 1
3801 64 1
3802 43 0
3803 14 1
3804 63 1
3805 26 0
3806 91 1
3807 75 1
3808 40 0
3809 50 1
3810 33 1
3811 26 1
3812 0 1
3813 77 1
3814 16 1
3815 28 0
3816 7 1
3817 83 1
3818 96 1
3819 67 0
3820 35 1
3821 80 0
3822 43 1
3823 74 1
3824 49 1
3825 95 0
3826 66 0
3827 52 0
3828 27 0
3829 85 1
3830 88 1
3831 17 0
3832 42 1
3833 81 1
3834 66 1
3835 38 1
3836 13 0
3837 96 0
3838 80 1
3839 74 1
3840 35 1
3841 79 1
3842 31 1
3843 35 1
3844 2 1
3845 36 0
3846 71 1
3847 89 1
3848 23 0
3849 58 1
3850 59 1
3851 28 0
3852 53 0
3853 94 1
3854 35 1
3855 34 0
3856 77 0
3857 39 0
3858 82 1
3859 36 1
3860 32 1
3861 78 0
3862 91 1
3863 53 0
3864 12 0
3865 41 1
3866 77 1
3867 11 1
3868 62 1
3869 3 1
3870 44 0
3871 5 1
3872 85 1
3873 2 1
3874 53 1
3875 58 1
3876 75 0
3877 56 1
3878 74 1
3879 87 1
3880 90 1
3881 91 0
3882 35 0
3883 37 1
3884 76 0
3885 32 1
3886 12 0
3887 14 1
3888 48 0
3889 4 1
3890 19 1
3891 86 1
3892 66 0
3893 1 1
3894 23 1
3895 64 0
3896 85 1
3897 51 1
3898 96 1
3899 86 0
3900 94 0
3901 64 1
3902 24 1
3903 71 1
3904 28 0
3905 73 0
3906 6 1
3907 41 1
3908 72 1
3909 50 1
3910 96 1
3911 77 0
3912 11 0
3913 73 1
3914 85 1
3915 81 1
3916 49 1
3917 56 1
3918 61 0
3919 45 1
3920 71 0
3921 5 0
3922 17 1
3923 83 1
3924 23 0
3925 22 1
3926 86 1
3927 72 0
3928 66 0
3929 6 1
3930 76 1
3931 71 1
3932 39 0
3933 36 1
3934 26 0
3935 28 1
3936 36 0
3937 42 1
3938 45 1
3939 10 0
3940 30 0
3941 55 1
3942 1 0
3943 81 0
3944 14 0
3945 55 1
3946 78 1
3947 53 1
3948 25 0
3949 55 0
3950 38 1
3951 16 0
3952 82 1
3953 92 1
3954 20 1
3955 63 0
3956 3 1
3957 4 0
3958 83 0
3959 36 1
3960 10 0
3961 56 1
3962 86 1
3963 43 0
3964 66 1
3965 30 1
3966 50 0
3967 15 1
3968 38 1
3969 30 0
3970 46 1
3971 75 0
3972 79 1
3973 19 0
3974 33 1
3975 0 1
3976 82 1
3977 66 1
3978 33 1
3979 20 0
3980 76 0
3981 9 1
3982 31 0
3983 29 0
3984 65 0
3985 27 1
3986 86 1
3987 30 0
3988 50 1
3989 68 1
3990 39 1
3991 30 0
3992 90 0
3993 96 0
3994 74 0
3995 29 1
3996 3 1
3997 82 1
3998 28 1
3999 3 1
4000 7 0
4001 8 0
4002 67 0
4003 30 1
4004 52 0
4005 6 1
4006 35 1
4007 19 1
4008 33 1
4009 21 1
4010 2 0
4011 64 1
4012 85 1
4013 36 1
4014 29 0
4015 76 1
4016 70 1
4017 29 1
4018 56 1
4019 91 1
4020 25 0
4021 6 0
4022 2 1
4023 55 1
4024 9 1
4025 77 0
4026 91 1
4027 14 1
4028 58 0
4029 31 1
4030 90 1
4031 89 0
4032 94 1
4033 37 0
4034 14 1
4035 95 1
4036 93 1
4037 34 0
4038 93 0
4039 96 0
4040 64 1
4041 79 1
4042 54 1
4043 7 1
4044 47 0
4045 37 1
4046 79 1
4047 68 0
4048 50 0
4049 94 0
4050 4 1
4051 38 1
4052 31 0
4053 61 0
4054 61 0
4055 64 1
4056 71 1
4057 52 1
4058 74 0
4059 76 1
4060 31 1
4061 29 0
4062 46 1
4063 85 0
4064 39 0
4065 29 1
4066 78 1
4067 74 0
4068 38 1
4069 71 1
4070 34 1
4071 93 1
4072 18 0
4073 68 1
4074 42 0
4075 81 1
4076 64 0
4077 83 0
4078 13 1
4079 8 1
4080 57 1
4081 29 1
4082 69 1
4083 15 0
4084 77 1
4085 75 0
4086 89 0
4087 22 1
4088 54 1
4089 68 1
4090 72 0
4091 37 1
4092 31 1
4093 17 0
4094 29 1
4095 62 0
4096 94 1
4097 89 1
4098 33 0
4099 43 1
4100 59 0
4101 27 1
4102 58 1
4103 27 1
4104 8 1
4105 76 0
4106 17 1
4107 54 1
4108 5 1
4109 27 1
4110 32 1
4111 54 1
4112 19 1
4113 61 1
4114 18 1
4115 96 1
4116 91 1
4117 94 0
4118 40 1
4119 32 0
4120 54 1
4121 64 0
4122 89 0
4123 54 1
4124 27 1
4125 62 0
4126 8 1
4127 54 0
4128 96 0
4129 13 1
4130 88 0
4131 29 0
4132 69 0
4133 2 0
4134 51 0
4135 93 1
4136 76 1
4137 45 1
4138 46 0
4139 0 1
4140 48 0
4141 1 1
4142 82 1
4143 49 1
4144 39 0
4145 33 1
4146 9 1
4147 77 1
4148 23 1
4149 26 0
4150 78 0
4151 48 1
4152 47 1
4153 90 0
4154 60 1
4155 35 0
4156 87 1
4157 33 1
4158 57 0
4159 52 1
4160 80 0
4161 91 1
4162 83 1
4163 71 0
4164 49 0
4165 18 0
4166 84 1
4167 83 0
4168 27 1
4169 62 1
4170 35 0
4171 63 0
4172 2 0
4173 62 0
4174 17 1
4175 24 0
4176 38 0
4177 89 1
4178 86 1
4179 64 1
4180 60 1
4181 34 0
4182 47 1
4183 16 0
4184 32 1
4185 29 0
4186 44 1
4187 27 1
4188 27 1
4189 71 0
4190 72 1
4191 44 0
4192 80 1
4193 2 1
4194 96 0
4195 73 0
4196 17 1
4197 11 1
4198 94 1
4199 73 1
4200 71 0
4201 30 0
4202 2 0
4203 95 1
4204 15 1
4205 7 1
4206 34 1
4207 35 1
4208 83 0
4209 51 1
4210 69 1
4211 77 1
4212 35 1
4213 86 0
4214 80 1
4215 92 1
4216 2 1
4217 6 0
4218 17 1
4219 95 1
4220 40 1
4221 53 0
4222 21 1
4223 25 0
4224 91 0
4225 25 0
4226 69 1
4227 53 0
4228 27 0
4229 39 1
4230 39 1
4231 30 1
4232 91 1
4233 11 1
4234 6 0
4235 74 0
4236 46 1
4237 54 1
4238 84 1
4239 9 0
4240 24 1
4241 44 1
4242 39 1
4243 35 1
4244 8 0
4245 73 0
4246 74 1
4247 54 0
4248 73 1
4249 13 1
4250 8 0
4251 91 0
4252 82 1
4253 25 1
4254 93 1
4255 81 1
4256 69 0
4257 48 1
4258 92 1
4259 74 1
4260 91 1
4261 47 1
4262 87 0
4263 4 1
4264 3 1
4265 11 1
4266 69 1
4267 0 1
4268 20 1
4269 58 0
4270 90 1
4271 2 1
4272 37 1
4273 70 1
4274 67 1
4275 0 1
4276 31 1
4277 95 1
4278 82 0
4279 18 0
4280 51 0
4281 62 1
4282 1 0
4283 43 1
4284 21 1
4285 33 1
4286 13 0
4287 42 1
4288 19 1
4289 16 0
4290 62 1
4291 82 1
4292 95 0
4293 48 1
4294 16 0
4295 34 0
4296 61 1
4297 25 0
4298 26 1
4299 79 1
4300 7 1
4301 92 0
4302 82 1
4303 4 1
4304 52 0
4305 91 1
4306 2 1
4307 75 0
4308 90 0
4309 45 0
4310 58 0
4311 11 1
4312 43 0
4313 50 1
4314 39 1
4315 50 1
4316 79 1
4317 32 1
4318 17 1
4319 70 1
4320 22 1
4321 52 1
4322 9 0
4323 55 0
4324 88 1
4325 74 0
4326 17 1
4327 6 1
4328 56 1
4329 64 1
4330 53 0
4331 10 0
4332 94 1
4333 4 1
4334 12 0
4335 19 0
4336 6 1
4337 89 1
4338 36 1
4339 80 1
4340 16 0
4341 11 1
4342 46 1
4343 27 1
4344 69 1
4345 66 1
4346 43 0
4347 62 1
4348 52 1
4349 55 0
4350 8 1
4351 33 1
4352 80 1
4353 92 1
4354 38 0
4355 78 1
4356 35 1
4357 21 0
4358 6 0
4359 53 1
4360 8 1
4361 5 0
4362 2 1
4363 92 0
4364 1 1
4365 53 1
4366 90 0
4367 54 0
4368 12 1
4369 92 1
4370 58 1
4371 70 0
4372 32 0
4373 44 0
4374 8 1
4375 17 0
4376 53 1
4377 2 1
4378 54 1
4379 75 0
4380 44 1
4381 95 1
4382 83 1
4383 13 1
4384 67 0
4385 14 1
4386 78 1
4387 88 1
4388 12 0
4389 83 1
4390 66 1
4391 3 0
4392 88 1
4393 43 1
4394 96 1
4395 35 1
4396 17 1
4397 80 1
4398 51 1
4399 64 0
4400 0 1
4401 16 0
4402 96 1
4403 26 0
4404 73 1
4405 95 0
4406 47 1
4407 29 1
4408 68 1
4409 17 0
4410 89 0
4411 44 1
4412 20 1
4413 76 1
4414 19 1
4415 27 1
4416 87 0
4417 33 1
4418 81 1
4419 63 1
4420 6 1
4421 64 1
4422 27 1
4423 56 0
4424 65 0
4425 31 1
4426 29 1
4427 2 1
4428 68 1
4429 23 0
4430 86 1
4431 42 1
4432 28 0
4433 31 0
4434 2 1
4435 4 1
4436 90 1
4437 57 0
4438 31 0
4439 81 0
4440 90 0
4441 22 0
4442 26 0
4443 5 0
4444 67 1
4445 19 0
4446 44 1
4447 67 1
4448 4 1
4449 20 1
4450 30 1
4451 77 1
4452 89 0
4453 74 1
4454 85 1
4455 85 1
4456 9 1
4457 34 0
4458 66 1
4459 94 1
4460 2 1
4461 27 0
4462 12 1
4463 22 0
4464 61 1
4465 86 1
4466 63 1
4467 48 0
4468 69 1
4469 13 1
4470 50 1
4471 70 0
4472 42 1
4473 90 0
4474 47 0
4475 48 1
4476 38 1
4477 96 0
4478 38 1
4479 33 1
4480 60 0
4481 28 0
4482 53 0
4483 81 1
4484 68 1
4485 18 1
4486 29 1
4487 45 0
4488 30 1
4489 17 1
4490 59 0
4491 61 1
4492 9 0
4493 83 1
4494 47 1
4495 81 0
4496 72 1
4497 67 0
4498 24 1
4499 19 1
4500 80 1
4501 47 1
4502 91 1
4503 49 0
4504 95 0
4505 67 0
4506 0 1
4507 58 1
4508 57 0
4509 88 1
4510 94 1
4511 79 1
4512 19 0
4513 63 1
4514 35 1
4515 69 1
4516 54 1
4517 92 1
4518 10 1
4519 6 1
4520 77 0
4521 0 1
4522 40 1
4523 21 1
4524 37 0
4525 70 1
4526 49 1
4527 69 1
4528 5 1
4529 46 1
4530 20 1
4531 23 1
4532 34 0
4533 87 1
4534 28 1
4535 18 1
4536 5 1
4537 51 0
4538 11 1
4539 76 1
4540 18 1
4541 47 1
4542 36 1
4543 70 1
4544 19 1
4545 46 1
4546 35 1
4547 79 0
4548 52 1
4549 48 1
4550 1 0
4551 85 0
4552 19 0
4553 82 1
4554 14 0
4555 43 1
4556 45 1
4557 65 1
4558 75 0
4559 87 1
4560 89 1
4561 69 1
4562 39 0
4563 31 1
4564 55 0
4565 71 0
4566 14 1
4567 93 1
4568 2 1
4569 29 1
4570 74 1
4571 14 1
4572 1 1
4573 68 0
4574 52 1
4575 74 1
4576 28 1
4577 37 1
4578 32 0
4579 26 0
4580 46 1
4581 47 0
4582 92 1
4583 60 1
4584 56 1
4585 76 1
4586 65 1
4587 51 0
4588 38 1
4589 77 1
4590 45 0
4591 3 1
4592 35 1
4593 8 1
4594 7 1
4595 88 1
4596 66 1
4597 48 1
4598 16 1
4599 90 1
4600 35 0
4601 70 1
4602 94 1
4603 35 1
4604 11 1
4605 91 0
4606 3 1
4607 63 0
4608 2 1
4609 39 1
4610 39 1
4611 28 0
4612 34 1
4613 4 1
4614 22 1
4615 87 0
4616 32 1
4617 25 1
4618 49 1
4619 30 1
4620 9 1
4621 50 0
4622 53 0
4623 82 0
4624 21 1
4625 30 1
4626 87 1
4627 4 1
4628 69 1
4629 9 1
4630 2 0
4631 16 0
4632 25 1
4633 28 1
4634 36 1
4635 69 1
4636 84 1
4637 89 0
4638 70 1
4639 61 1
4640 34 0
4641 20 0
4642 18 1
4643 13 0
4644 95 0
4645 77 1
4646 84 0
4647 96 1
4648 3 1
4649 20 0
4650 86 1
4651 49 1
4652 15 0
4653 13 1
4654 51 0
4655 44 0
4656 34 0
4657 8 1
4658 23 1
4659 39 1
4660 9 1
4661 83 0
4662 47 0
4663 70 1
4664 44 1
4665 54 0
4666 17 1
4667 72 0
4668 49 1
4669 16 1
4670 93 1
4671 53 1
4672 59 1
4673 80 1
4674 47 1
4675 69 1
4676 7 1
4677 17 1
4678 72 1
4679 70 0
4680 77 1
4681 18 0
4682 35 1
4683 91 0
4684 43 0
4685 83 1
4686 4 1
4687 35 1
4688 65 1
4689 81 1
4690 37 0
4691 6 1
4692 43 1
4693 33 1
4694 10 1
4695 3 1
4696 66 1
4697 18 1
4698 76 1
4699 53 0
4700 53 0
4701 93 1
4702 43 1
4703 86 1
4704 46 0
4705 26 0
4706 89 1
4707 61 1
4708 52 1
4709 19 1
4710 36 1
4711 52 1
4712 9 1
4713 71 1
4714 16 1
4715 42 1
4716 31 0
4717 91 1
4718 35 1
4719 85 0
4720 19 1
4721 67 1
4722 12 0
4723 78 1
4724 91 1
4725 60 0
4726 85 1
4727 0 0
4728 19 1
4729 18 1
4730 32 1
4731 38 1
4732 2 1
4733 71 1
4734 78 1
4735 52 1
4736 8 1
4737 43 1
4738 18 1
4739 49 1
4740 87 0
4741 74 0
4742 27 1
4743 7 0
4744 14 1
4745 15 0
4746 86 1
4747 44 1
4748 19 0
4749 90 0
4750 12 1
4751 64 1
4752 32 0
4753 5 1
4754 0 1
4755 28 1
4756 66 0
4757 96 0
4758 46 0
4759 7 1
4760 63 1
4761 41 0
4762 9 1
4763 39 1
4764 39 1
4765 92 1
4766 42 1
4767 37 1
4768 34 1
4769 90 1
4770 31 1
4771 86 0
4772 58 0
4773 59 0
4774 58 0
4775 68 0
4776 54 1
4777 42 0
4778 32 1
4779 57 1
4780 48 0
4781 88 1
4782 76 1
4783 2 0
4784 70 1
4785 13 1
4786 16 1
4787 67 1
4788 54 1
4789 82 1
4790 91 0
4791 70 1
4792 0 1
4793 46 1
4794 31 1
4795 38 1
4796 24 0
4797 6 0
4798 88 1
4799 79 0
4800 3 1
4801 31 0
4802 61 1
4803 29 0
4804 61 0
4805 64 1
4806 33 1
4807 38 1
4808 18 1
4809 96 0
4810 55 1
4811 93 1
4812 0 1
4813 48 0
4814 42 1
4815 84 0
4816 57 1
4817 30 1
4818 50 1
4819 70 1
4820 70 1
4821 34 1
4822 40 0
4823 70 0
4824 24 1
4825 72 1
4826 41 1
4827 93 1
4828 4 1
4829 95 1
4830 75 1
4831 57 0
4832 65 1
4833 22 1
4834 15 0
4835 94 0
4836 95 1
4837 91 1
4838 69 1
4839 30 1
4840 1 1
4841 76 0
4842 7 1
4843 49 1
4844 20 1
4845 23 1
4846 94 0
4847 30 1
4848 4 1
4849 14 1
4850 12 0
4851 38 0
4852 73 0
4853 48 1
4854 61 1
4855 73 0
4856 48 1
4857 70 1
4858 59 1
4859 1 0
4860 3 0
4861 74 1
4862 38 0
4863 93 0
4864 90 1
4865 27 0
4866 52 0
4867 16 1
4868 32 0
4869 8 1
4870 11 0
4871 24 0
4872 2 1
4873 49 1
4874 51 1
4875 9 1
4876 39 1
4877 20 1
4878 91 0
4879 85 0
4880 58 1
4881 91 0
4882 14 0
4883 74 1
4884 40 1
4885 8 0
4886 32 1
4887 77 1
4888 92 1
4889 29 0
4890 14 1
4891 67 1
4892 57 1
4893 96 1
4894 38 1
4895 70 0
4896 64 0
4897 14 1
4898 71 1
4899 59 0
4900 38 0
4901 0 0
4902 95 1
4903 38 1
4904 41 1
4905 72 0
4906 41 1
4907 73 1
4908 63 1
4909 17 0
4910 24 0
4911 5 0
4912 51 1
4913 4 1
4914 72 0
4915 40 1
4916 29 1
4917 49 1
4918 83 0
4919 52 1
4920 89 0
4921 47 0
4922 3 1
4923 96 0
4924 30 0
4925 6 1
4926 70 1
4927 11 1
4928 26 1
4929 81 0
4930 12 1
4931 76 1
4932 29 1
4933 2 0
4934 19 1
4935 7 1
4936 16 1
4937 41 1
4938 78 1
4939 52 1
4940 22 1
4941 61 1
4942 34 0
4943 82 1
4944 21 1
4945 26 1
4946 24 1
4947 39 0
4948 34 1
4949 65 1
4950 31 1
4951 60 1
4952 30 1
4953 63 0
4954 76 0
4955 84 0
4956 41 0
4957 28 1
4958 55 1
4959 3 0
4960 13 1
4961 44 0
4962 35 1
4963 86 0
4964 59 0
4965 87 1
4966 30 0
4967 37 1
4968 86 1
4969 5 0
4970 22 1
4971 66 0
4972 5 1
4973 73 0
4974 72 1
4975 71 0
4976 40 1
4977 87 1
4978 66 1
4979 78 1
4980 65 1
4981 18 0
4982 83 1
4983 89 1
4984 59 1
4985 40 0
4986 51 0
4987 12 1
4988 69 1
4989 51 0
4990 30 1
4991 64 0
4992 74 1
4993 79 1
4994 66 1
4995 38 1
4996 27 1
4997 64 1
4998 15 0
4999 20 1
5000 85 0
5001 23 1
5002 35 1
5003 30 1
5004 86 0
5005 84 1
5006 41 1
5007 23 1
5008 40 1
5009 28 1
5010 30 1
5011 9 0
5012 56 1
5013 4 1
5014 63 0
5015 13 0
5016 19 1
5017 56 1
5018 68 1
5019 27 0
5020 5 1
5021 41 0
5022 0 1
5023 31 1
5024 34 1
5025 46 1
5026 90 1
5027 55 1
5028 31 1
5029 86 1
5030 49 1
5031 14 1
5032 35 0
5033 87 1
5034 90 0
5035 94 0
5036 63 0
5037 11 1
5038 36 1
5039 69 1
5040 66 0
5041 2 0
5042 7 1
5043 42 1
5044 81 1
5045 66 0
5046 65 1
5047 66 1
5048 53 1
5049 40 1
5050 9 1
5051 11 1
5052 9 0
5053 4 1
5054 29 1
5055 80 0
5056 56 1
5057 57 1
5058 73 1
5059 35 0
5060 65 1
5061 56 0
5062 19 1
5063 1 0
5064 16 0
5065 84 1
5066 43 1
5067 94 0
5068 82 1
5069 62 0
5070 39 0
5071 12 1
5072 61 0
5073 26 0
5074 6 1
5075 28 1
5076 96 0
5077 69 1
5078 44 0
5079 56 1
5080 45 1
5081 51 1
5082 73 1
5083 74 1
5084 14 1
5085 7 1
5086 84 1
5087 16 1
5088 54 1
5089 19 1
5090 37 1
5091 96 1
5092 0 1
5093 86 1
5094 72 1
5095 69 1
5096 22 0
5097 42 1
5098 36 0
5099 88 0
5100 58 1
5101 37 0
5102 79 1
5103 58 1
5104 95 1
5105 61 0
5106 89 1
5107 37 1
5108 62 0
5109 67 1
5110 36 1
5111 88 1
5112 28 1
5113 88 1
5114 83 1
5115 49 0
5116 73 1
5117 85 1
5118 43 1
5119 26 1
5120 88 1
5121 42 1
5122 82 0
5123 38 0
5124 70 1
5125 50 1
5126 14 0
5127 2 1
5128 40 1
5129 41 0
5130 37 0
5131 5 0
5132 15 0
5133 2 1
5134 71 1
5135 65 0
5136 50 1
5137 11 1
5138 55 1
5139 47 1
5140 90 0
5141 69 0
5142 7 1
5143 14 1
5144 95 1
5145 7 1
5146 15 1
5147 79 0
5148 37 0
5149 22 1
5150 44 0
5151 7 0
5152 95 1
5153 63 0
5154 3 1
5155 16 1
5156 76 1
5157 34 1
5158 60 0
5159 95 1
5160 69 1
5161 28 0
5162 49 1
5163 48 1
5164 58 1
5165 31 0
5166 27 0
5167 34 1
5168 23 0
5169 12 0
5170 76 0
5171 53 0
5172 18 1
5173 38 0
5174 3 1
5175 71 1
5176 74 1
5177 91 1
5178 76 1
5179 47 1
5180 48 1
5181 73 0
5182 82 0
5183 65 1
5184 73 0
5185 65 1
5186 9 1
5187 7 0
5188 42 1
5189 71 1
5190 17 1
5191 53 1
5192 79 0
5193 16 1
5194 24 1
5195 29 1
5196 10 0
5197 15 1
5198 78 0
5199 66 1
5200 92 1
5201 72 1
5202 56 0
5203 94 0
5204 59 1
5205 12 1
5206 47 0
5207 66 1
5208 78 1
5209 53 1
5210 80 0
5211 12 0
5212 54 0
5213 51 1
5214 73 1
5215 55 0
5216 54 1
5217 6 1
5218 74 1
5219 11 0
5220 71 1
5221 12 0
5222 23 1
5223 17 1
5224 96 1
5225 40 1
5226 87 0
5227 38 1
5228 76 1
5229 76 0
5230 43 1
5231 23 1
5232 29 0
5233 10 0
5234 33 0
5235 74 0
5236 75 1
5237 91 0
5238 3 1
5239 67 1
5240 16 1
5241 46 1
5242 59 1
5243 47 0
5244 41 1
5245 90 0
5246 91 0
5247 81 0
5248 77 0
5249 29 1
5250 46 1
5251 16 1
5252 59 0
5253 88 1
5254 84 1
5255 60 1
5256 34 0
5257 72 1
5258 59 1
5259 35 0
5260 48 1
5261 84 1
5262 10 1
5263 96 1
5264 62 1
5265 65 1
5266 31 1
5267 66 1
5268 27 0
5269 51 1
5270 50 0
5271 49 0
5272 55 0
5273 15 1
5274 77 1
5275 16 1
5276 45 1
5277 35 0
5278 71 1
5279 11 1
5280 27 1
5281 12 1
5282 92 1
5283 83 0
5284 4 0
5285 68 1
5286 83 1
5287 7 1
5288 40 1
5289 54 1
5290 69 0
5291 13 1
5292 74 1
5293 38 1
5294 47 1
5295 81 1
5296 28 1
5297 67 1
5298 41 1
5299 11 1
5300 57 1
5301 96 1
5302 64 1
5303 50 1
5304 90 0
5305 58 0
5306 78 1
5307 45 0
5308 84 1
5309 4 1
5310 35 1
5311 43 1
5312 16 1
5313 53 1
5314 32 1
5315 68 1
5316 78 0
5317 1 1
5318 38 1
5319 18 1
5320 58 1
5321 59 0
5322 16 1
5323 92 0
5324 91 1
5325 3 1
5326 84 1
5327 59 1
5328 24 0
5329 92 1
5330 44 1
5331 14 1
5332 95 1
5333 36 0
5334 66 1
5335 2 1
5336 95 1
5337 33 1
5338 69 1
5339 80 0
5340 58 1
5341 59 1
5342 94 1
5343 80 1
5344 1 0
5345 12 0
5346 7 1
5347 36 1
5348 73 1
5349 73 0
5350 91 1
5351 36 1
5352 71 0
5353 69 0
5354 62 1
5355 41 1
5356 3 0
5357 2 1
5358 86 0
5359 52 1
5360 27 0
5361 1 1
5362 57 1
5363 5 1
5364 8 1
5365 41 1
5366 88 0
5367 56 0
5368 45 1
5369 40 1
5370 45 0
5371 33 0
5372 50 1
5373 79 1
5374 53 1
5375 92 1
5376 65 1
5377 79 0
5378 29 0
5379 89 1
5380 1 1
5381 70 1
5382 10 1
5383 55 1
5384 23 1
5385 0 0
5386 44 0
5387 82 1
5388 4 0
5389 2 1
5390 64 1
5391 71 0
5392 86 1
5393 88 1
5394 72 0
5395 86 0
5396 80 1
5397 66 1
5398 53 0
5399 80 1
5400 18 1
5401 13 1
5402 49 1
5403 91 1
5404 27 1
5405 75 1
5406 55 0
5407 89 1
5408 67 1
5409 62 0
5410 30 1
5411 50 1
5412 44 1
5413 2 1
5414 39 0
5415 11 0
5416 32 1
5417 23 0
5418 53 1
5419 2 1
5420 75 0
5421 40 1
5422 91 1
5423 77 1
5424 13 1
5425 38 1
5426 27 1
5427 21 1
5428 73 0
5429 36 0
5430 40 0
5431 73 1
5432 5 0
5433 87 0
5434 78 1
5435 7 0
5436 34 1
5437 89 1
5438 45 0
5439 24 1
5440 45 1
5441 35 1
5442 19 0
5443 42 1
5444 45 1
5445 12 0
5446 91 0
5447 26 0
5448 50 0
5449 23 1
5450 71 0
5451 88 0
5452 12 0
5453 68 0
5454 84 1
5455 81 1
5456 88 1
5457 4 1
5458 41 0
5459 7 1
5460 59 1
5461 39 1
5462 69 1
5463 85 1
5464 16 0
5465 85 1
5466 73 1
5467 29 1
5468 24 0
5469 10 0
5470 92 1
5471 9 0
5472 76 0
5473 29 0
5474 90 0
5475 40 1
5476 20 1
5477 41 1
5478 79 1
5479 46 1
5480 5 1
5481 19 1
5482 44 0
5483 31 1
5484 14 1
5485 14 1
5486 1 0
5487 58 1
5488 67 0
5489 62 0
5490 88 1
5491 47 1
5492 50 1
5493 35 1
5494 82 1
5495 61 0
5496 49 1
5497 34 0
5498 93 0
5499 95 1
5500 73 0
5501 51 1
5502 0 0
5503 51 1
5504 65 0
5505 93 0
5506 53 1
5507 2 1
5508 66 0
5509 38 1
5510 17 1
5511 7 1
5512 47 0
5513 27 1
5514 42 1
5515 19 1
5516 3 0
5517 57 1
5518 16 1
5519 67 0
5520 28 0
5521 72 1
5522 40 0
5523 52 0
5524 76 0
5525 26 0
5526 57 0
5527 27 1
5528 75 0
5529 15 1
5530 44 0
5531 69 1
5532 38 1
5533 16 1
5534 72 1
5535 70 1
5536 80 1
5537 80 1
5538 84 0
5539 64 1
5540 59 1
5541 24 1
5542 26 0
5543 57 1
5544 39 0
5545 56 1
5546 41 1
5547 65 1
5548 24 1
5549 69 0
5550 32 0
5551 96 1
5552 53 0
5553 39 1
5554 18 1
5555 3 1
5556 30 1
5557 31 1
5558 44 1
5559 92 0
5560 95 0
5561 35 1
5562 46 1
5563 54 1
5564 50 0
5565 34 0
5566 2 0
5567 32 1
5568 47 1
5569 61 0
5570 42 1
5571 76 1
5572 56 0
5573 94 1
5574 64 1
5575 52 1
5576 9 1
5577 67 0
5578 56 1
5579 90 1
5580 81 1
5581 58 1
5582 26 1
5583 7 0
5584 61 1
5585 72 1
5586 0 0
5587 13 1
5588 27 1
5589 25 0
5590 33 0
5591 53 1
5592 33 1
5593 63 1
5594 13 1
5595 64 1
5596 81 1
5597 15 1
5598 81 0
5599 84 0
5600 25 1
5601 82 1
5602 76 0
5603 17 0
5604 70 1
5605 94 1
5606 54 1
5607 15 1
5608 8 1
5609 13 0
5610 34 0
5611 49 1
5612 37 0
5613 29 1
5614 88 1
5615 31 1
5616 40 1
5617 73 1
5618 77 1
5619 89 0
5620 67 1
5621 23 1
5622 71 0
5623 14 1
5624 81 1
5625 34 0
5626 39 1
5627 68 1
5628 51 0
5629 63 0
5630 78 1
5631 55 1
5632 46 1
5633 7 1
5634 87 1
5635 42 0
5636 50 1
5637 15 1
5638 37 0
5639 37 1
5640 21 1
5641 6 0
5642 89 1
5643 72 1
5644 9 1
5645 82 1
5646 1 0
5647 74 1
5648 5 1
5649 39 0
5650 76 1
5651 83 1
5652 81 1
5653 19 1
5654 26 0
5655 8 1
5656 93 1
5657 43 0
5658 23 1
5659 63 1
5660 21 1
5661 84 1
5662 22 0
5663 4 1
5664 42 0
5665 54 1
5666 59 0
5667 83 1
5668 7 1
5669 95 0
5670 93 1
5671 15 0
5672 52 1
5673 12 1
5674 41 1
5675 41 0
5676 57 1
5677 20 0
5678 25 0
5679 41 0
5680 33 0
5681 23 0
5682 3 1
5683 3 1
5684 77 1
5685 9 0
5686 39 1
5687 0 1
5688 48 0
5689 4 0
5690 22 1
5691 55 1
5692 9 0
5693 27 1
5694 34 1
5695 66 0
5696 31 1
5697 93 0
5698 64 1
5699 41 0
5700 31 1
5701 52 1
5702 9 0
5703 31 1
5704 30 1
5705 80 1
5706 46 1
5707 1 1
5708 48 1
5709 54 1
5710 93 0
5711 17 0
5712 48 0
5713 27 1
5714 74 1
5715 91 1
5716 22 1
5717 76 1
5718 63 1
5719 53 1
5720 10 1
5721 81 1
5722 10 1
5723 46 0
5724 75 1
5725 9 0
5726 28 1
5727 33 0
5728 5 0
5729 56 1
5730 32 1
5731 53 1
5732 92 1
5733 82 1
5734 73 1
5735 87 1
5736 10 1
5737 75 1
5738 21 0
5739 12 1
5740 59 1
5741 5 0
5742 79 0
5743 31 1
5744 32 1
5745 0 0
5746 37 1
5747 19 1
5748 86 1
5749 26 0
5750 74 1
5751 15 0
5752 21 1
5753 7 1
5754 48 1
5755 72 0
5756 72 1
5757 63 1
5758 49 1
5759 72 0
5760 82 0
5761 46 1
5762 61 1
5763 86 1
5764 69 1
5765 78 0
5766 62 1
5767 65 1
5768 20 1
5769 59 0
5770 58 0
5771 45 1
5772 46 1
5773 22 1
5774 5 0
5775 46 1
5776 4 1
5777 44 0
5778 91 1
5779 50 1
5780 14 1
5781 75 1
5782 59 1
5783 94 1
5784 82 1
5785 82 1
5786 25 1
5787 76 1
5788 7 1
5789 5 1
5790 30 0
5791 34 1
5792 11 1
5793 65 0
5794 76 0
5795 33 1
5796 14 0
5797 35 0
5798 87 0
5799 87 1
5800 22 1
5801 49 0
5802 68 1
5803 54 0
5804 61 1
5805 21 1
5806 44 0
