7649
1 22 1
2 43 1
3 27 0
4 16 1
5 33 0
6 3 0
7 43 1
8 14 1
9 10 1
10 24 1
11 8 0
12 29 0
13 18 1
14 3 0
15 43 1
16 38 0
17 22 0
18 43 0
19 44 1
20 50 1
21 37 0
22 27 1
23 5 0
24 0 1
25 2 1
26 50 0
27 4 1
28 29 1
29 6 1
30 49 1
31 41 1
32 11 1
33 17 1
34 37 1
35 13 1
36 15 0
37 41 1
38 31 1
39 36 1
40 14 0
41 36 0
42 2 0
43 16 1
44 39 0
45 39 1
46 20 1
47 48 0
48 44 0
49 38 1
50 27 0
51 46 1
52 2 1
53 9 0
54 34 0
55 44 1
56 12 1
57 36 1
58 45 1
59 49 0
60 23 0
61 21 0
62 17 1
63 27 1
64 35 1
65 19 1
66 44 1
67 5 0
68 25 1
69 31 1
70 12 1
71 31 0
72 29 0
73 43 1
74 44 1
75 31 1
76 1 1
77 39 1
78 21 1
79 7 1
80 31 0
81 44 1
82 16 0
83 22 1
84 16 1
85 0 0
86 30 1
87 28 0
88 51 0
89 5 1
90 36 1
91 11 0
92 40 0
93 35 1
94 41 0
95 15 1
96 17 1
97 49 1
98 8 0
99 51 1
100 49 1
101 28 0
102 7 1
103 10 1
104 28 1
105 2 0
106 4 1
107 29 0
108 40 1
109 31 0
110 3 0
111 3 1
112 5 1
113 6 1
114 23 1
115 42 1
116 10 1
117 24 1
118 3 1
119 28 0
120 3 1
121 48 1
122 19 0
123 28 1
124 14 0
125 14 0
126 29 1
127 42 1
128 21 0
129 28 1
130 6 1
131 41 1
132 40 0
133 38 1
134 1 1
135 0 0
136 20 1
137 39 1
138 50 1
139 23 0
140 51 0
141 6 1
142 6 1
143 15 1
144 45 1
145 48 1
146 37 1
147 44 0
148 3 1
149 46 1
150 20 1
151 12 1
152 42 1
153 3 1
154 20 1
155 30 1
156 40 1
157 24 1
158 33 1
159 26 1
160 7 0
161 29 1
162 12 1
163 23 1
164 3 1
165 24 1
166 11 1
167 39 0
168 16 1
169 46 1
170 22 1
171 32 0
172 37 1
173 9 0
174 20 1
175 48 1
176 34 1
177 49 0
178 27 1
179 38 1
180 13 1
181 30 1
182 26 1
183 29 1
184 12 1
185 3 1
186 0 1
187 49 1
188 40 1
189 7 0
190 42 0
191 12 1
192 33 1
193 47 1
194 33 0
195 14 0
196 47 1
197 46 1
198 14 1
199 41 1
200 24 1
201 37 1
202 4 1
203 38 1
204 40 1
205 4 1
206 25 0
207 8 1
208 2 1
209 18 1
210 41 1
211 6 1
212 1 1
213 34 0
214 25 0
215 17 1
216 20 1
217 49 0
218 12 0
219 20 0
220 5 1
221 36 1
222 17 0
223 40 1
224 51 1
225 8 0
226 14 1
227 1 0
228 15 0
229 30 0
230 11 0
231 41 1
232 26 0
233 35 0
234 26 1
235 16 0
236 3 0
237 13 1
238 48 1
239 45 1
240 35 1
241 12 0
242 15 1
243 41 1
244 0 0
245 23 1
246 44 1
247 46 1
248 32 1
249 33 1
250 8 1
251 42 1
252 1 0
253 9 1
254 9 1
255 21 0
256 3 1
257 18 0
258 50 1
259 1 0
260 4 1
261 38 0
262 18 1
263 42 0
264 14 1
265 32 1
266 49 1
267 38 1
268 30 1
269 24 1
270 25 0
271 35 1
272 6 0
273 27 1
274 14 0
275 31 1
276 5 1
277 18 1
278 29 1
279 49 0
280 8 1
281 18 0
282 4 1
283 33 0
284 28 0
285 25 1
286 31 1
287 34 1
288 43 1
289 42 0
290 13 0
291 51 1
292 42 1
293 18 1
294 1 1
295 15 1
296 50 0
297 44 1
298 13 1
299 41 0
300 10 1
301 19 1
302 3 1
303 27 1
304 14 1
305 27 1
306 42 1
307 22 0
308 47 0
309 31 1
310 9 1
311 35 1
312 3 1
313 13 0
314 32 1
315 34 1
316 21 1
317 32 1
318 34 0
319 47 1
320 28 1
321 0 1
322 1 1
323 30 1
324 15 1
325 21 0
326 32 1
327 7 0
328 35 0
329 4 1
330 27 0
331 34 0
332 20 1
333 25 1
334 25 0
335 27 1
336 46 1
337 51 1
338 26 1
339 44 0
340 42 1
341 42 1
342 46 1
343 34 1
344 22 0
345 21 0
346 29 1
347 22 0
348 21 1
349 1 1
350 43 1
351 51 1
352 32 1
353 9 1
354 31 0
355 23 1
356 19 1
357 20 0
358 39 0
359 18 1
360 44 1
361 11 0
362 46 1
363 20 1
364 5 0
365 37 1
366 1 1
367 39 1
368 10 1
369 15 1
370 26 1
371 11 1
372 28 1
373 34 1
374 9 1
375 29 1
376 44 1
377 51 1
378 50 0
379 30 1
380 20 1
381 5 1
382 28 1
383 31 1
384 40 1
385 4 1
386 38 1
387 35 1
388 22 0
389 6 1
390 22 0
391 36 0
392 27 0
393 4 0
394 7 1
395 6 0
396 2 1
397 26 1
398 7 1
399 44 1
400 4 1
401 38 1
402 15 1
403 33 1
404 43 1
405 20 1
406 50 0
407 3 0
408 17 1
409 27 0
410 18 0
411 4 0
412 24 1
413 26 0
414 40 1
415 27 1
416 19 1
417 39 1
418 38 1
419 48 1
420 35 0
421 18 0
422 49 0
423 10 1
424 29 1
425 43 0
426 23 1
427 43 1
428 2 1
429 3 1
430 39 1
431 14 1
432 47 0
433 41 0
434 49 0
435 15 1
436 29 1
437 17 1
438 31 1
439 17 1
440 42 0
441 31 0
442 32 1
443 13 1
444 43 0
445 4 1
446 23 1
447 13 1
448 20 1
449 5 0
450 15 1
451 2 1
452 6 1
453 48 1
454 23 1
455 46 0
456 50 1
457 31 0
458 28 0
459 16 1
460 13 1
461 27 1
462 38 1
463 8 1
464 19 1
465 28 0
466 37 0
467 31 1
468 25 1
469 30 1
470 17 1
471 38 0
472 30 0
473 21 1
474 42 0
475 3 0
476 9 0
477 16 1
478 46 1
479 6 1
480 13 1
481 0 0
482 16 1
483 43 1
484 35 1
485 14 1
486 49 0
487 15 1
488 22 1
489 35 0
490 1 1
491 44 1
492 44 0
493 5 1
494 9 0
495 4 1
496 49 1
497 49 1
498 39 0
499 31 1
500 37 1
501 22 1
502 22 1
503 39 0
504 1 1
505 9 1
506 36 0
507 12 1
508 14 0
509 46 1
510 33 1
511 21 1
512 6 0
513 48 1
514 35 1
515 16 1
516 49 1
517 8 0
518 28 1
519 40 1
520 17 0
521 8 1
522 3 1
523 33 1
524 43 1
525 44 0
526 2 1
527 7 1
528 37 1
529 30 0
530 7 1
531 45 1
532 38 0
533 0 0
534 48 1
535 48 0
536 42 1
537 18 1
538 30 1
539 39 1
540 31 1
541 21 1
542 22 0
543 21 1
544 9 1
545 31 0
546 51 0
547 49 1
548 2 1
549 3 1
550 13 1
551 16 1
552 9 1
553 26 0
554 14 0
555 36 1
556 49 1
557 6 0
558 34 1
559 30 1
560 28 1
561 36 1
562 11 1
563 40 0
564 6 1
565 16 1
566 47 1
567 27 1
568 44 1
569 47 1
570 47 1
571 4 0
572 13 1
573 16 0
574 38 1
575 43 1
576 8 1
577 17 0
578 12 1
579 37 1
580 1 1
581 17 0
582 10 1
583 33 1
584 50 1
585 13 0
586 12 1
587 14 1
588 3 0
589 24 1
590 28 1
591 32 1
592 46 1
593 8 1
594 7 1
595 4 1
596 23 0
597 9 1
598 43 0
599 40 1
600 46 1
601 35 0
602 46 0
603 7 1
604 3 1
605 15 0
606 51 1
607 44 1
608 50 1
609 32 0
610 50 0
611 42 1
612 35 1
613 7 1
614 17 1
615 43 1
616 24 0
617 46 1
618 51 1
619 43 1
620 13 0
621 10 1
622 7 1
623 11 0
624 31 0
625 10 1
626 4 1
627 27 1
628 3 0
629 41 1
630 5 1
631 8 1
632 35 1
633 23 0
634 7 1
635 13 1
636 2 1
637 38 1
638 2 0
639 14 1
640 16 1
641 39 0
642 29 1
643 12 1
644 25 1
645 1 1
646 39 0
647 12 1
648 15 1
649 33 0
650 3 1
651 19 1
652 18 1
653 42 0
654 30 1
655 30 0
656 32 1
657 20 1
658 8 0
659 18 1
660 38 0
661 17 1
662 32 1
663 48 0
664 17 1
665 45 0
666 0 1
667 29 1
668 46 1
669 15 1
670 51 0
671 24 1
672 39 1
673 17 1
674 0 1
675 9 1
676 6 1
677 40 0
678 8 1
679 9 1
680 18 1
681 22 0
682 44 1
683 13 1
684 47 0
685 43 1
686 50 1
687 2 0
688 35 0
689 37 1
690 31 1
691 51 1
692 49 1
693 0 1
694 0 0
695 30 1
696 41 1
697 36 1
698 28 0
699 51 1
700 3 1
701 45 1
702 6 1
703 43 1
704 44 1
705 2 1
706 50 1
707 13 0
708 16 1
709 28 1
710 28 0
711 34 1
712 11 1
713 2 1
714 21 1
715 38 0
716 44 0
717 29 0
718 32 1
719 17 1
720 0 0
721 51 1
722 48 1
723 22 1
724 31 0
725 5 1
726 10 1
727 28 1
728 10 1
729 37 1
730 7 0
731 35 1
732 7 1
733 3 1
734 37 1
735 39 1
736 15 1
737 13 0
738 32 0
739 51 1
740 10 1
741 22 0
742 20 1
743 18 1
744 4 0
745 14 1
746 30 1
747 15 1
748 38 1
749 1 1
750 14 0
751 38 1
752 32 1
753 16 1
754 10 0
755 51 0
756 20 1
757 45 1
758 47 0
759 23 1
760 18 1
761 42 1
762 10 1
763 11 0
764 0 1
765 25 0
766 29 0
767 44 1
768 14 0
769 21 1
770 1 1
771 49 1
772 45 1
773 42 1
774 6 1
775 43 0
776 26 0
777 26 1
778 16 1
779 37 1
780 25 1
781 7 0
782 25 1
783 40 1
784 13 1
785 40 1
786 10 1
787 15 1
788 4 0
789 44 0
790 18 1
791 40 0
792 22 1
793 33 1
794 3 0
795 6 1
796 5 1
797 7 0
798 18 1
799 18 1
800 38 0
801 49 0
802 19 1
803 0 1
804 46 1
805 39 1
806 9 1
807 9 0
808 45 1
809 45 1
810 36 1
811 0 1
812 17 1
813 20 0
814 8 1
815 42 1
816 44 1
817 18 0
818 32 0
819 11 1
820 44 0
821 42 1
822 29 0
823 32 1
824 45 1
825 18 0
826 4 1
827 19 1
828 3 1
829 5 1
830 1 1
831 9 1
832 15 1
833 9 0
834 50 1
835 25 1
836 23 1
837 19 1
838 19 0
839 51 1
840 28 1
841 19 1
842 40 1
843 31 0
844 30 1
845 6 0
846 36 1
847 1 1
848 47 1
849 51 0
850 6 1
851 40 0
852 45 0
853 6 0
854 35 1
855 29 1
856 26 1
857 48 1
858 39 0
859 34 1
860 40 1
861 0 1
862 8 0
863 4 0
864 39 0
865 25 0
866 5 1
867 3 1
868 48 1
869 14 1
870 18 0
871 47 1
872 16 1
873 36 1
874 47 1
875 24 1
876 35 0
877 11 1
878 2 1
879 23 0
880 48 1
881 16 1
882 13 1
883 3 1
884 5 1
885 45 1
886 37 1
887 44 0
888 36 1
889 9 0
890 51 0
891 18 0
892 11 0
893 30 0
894 49 1
895 7 0
896 2 1
897 50 1
898 47 1
899 6 1
900 23 1
901 27 1
902 44 0
903 38 1
904 0 0
905 11 1
906 34 1
907 10 0
908 38 1
909 34 1
910 18 1
911 5 1
912 45 1
913 41 1
914 9 1
915 16 1
916 50 0
917 17 1
918 16 1
919 22 1
920 3 0
921 16 0
922 42 0
923 6 0
924 42 1
925 13 1
926 11 1
927 34 1
928 26 0
929 21 1
930 22 0
931 20 0
932 5 1
933 39 0
934 21 1
935 14 1
936 47 1
937 38 0
938 8 1
939 42 1
940 13 1
941 11 0
942 26 1
943 5 1
944 20 0
945 40 1
946 39 1
947 39 1
948 26 1
949 18 0
950 15 1
951 20 0
952 14 1
953 0 1
954 2 1
955 49 1
956 22 1
957 16 1
958 6 1
959 24 1
960 51 1
961 45 0
962 26 1
963 36 0
964 38 0
965 24 1
966 39 0
967 16 1
968 2 0
969 0 0
970 6 1
971 0 1
972 33 1
973 24 1
974 42 1
975 42 1
976 38 1
977 5 0
978 19 1
979 16 1
980 47 1
981 10 1
982 8 1
983 12 1
984 42 1
985 47 0
986 9 1
987 1 1
988 40 1
989 34 1
990 51 1
991 49 1
992 35 0
993 1 0
994 43 1
995 39 1
996 34 1
997 49 1
998 24 1
999 33 0
1000 21 0
1001 39 0
1002 27 0
1003 24 1
1004 43 0
1005 23 1
1006 6 1
1007 3 1
1008 50 1
1009 23 1
1010 49 1
1011 31 0
1012 8 0
1013 26 1
1014 13 0
1015 22 0
1016 11 1
1017 16 0
1018 27 1
1019 30 1
1020 51 1
1021 8 1
1022 25 0
1023 51 1
1024 19 1
1025 16 1
1026 9 1
1027 0 1
1028 24 1
1029 1 0
1030 9 1
1031 48 0
1032 38 1
1033 34 0
1034 30 0
1035 31 1
1036 46 1
1037 11 0
1038 2 1
1039 19 0
1040 38 1
1041 41 1
1042 32 1
1043 17 1
1044 19 1
1045 18 1
1046 46 0
1047 0 1
1048 4 1
1049 45 0
1050 28 0
1051 15 0
1052 15 1
1053 42 1
1054 14 1
1055 42 1
1056 22 0
1057 23 0
1058 25 1
1059 10 0
1060 11 1
1061 1 0
1062 48 1
1063 14 0
1064 41 1
1065 38 1
1066 12 1
1067 15 0
1068 4 1
1069 21 0
1070 20 1
1071 46 0
1072 19 1
1073 20 1
1074 10 1
1075 18 1
1076 35 1
1077 3 1
1078 21 0
1079 35 1
1080 4 1
1081 31 1
1082 27 0
1083 20 1
1084 29 1
1085 26 1
1086 28 1
1087 39 1
1088 42 1
1089 45 1
1090 41 0
1091 50 0
1092 30 1
1093 8 1
1094 22 1
1095 14 1
1096 41 0
1097 19 1
1098 17 0
1099 24 0
1100 4 1
1101 43 1
1102 22 1
1103 5 0
1104 41 0
1105 42 1
1106 37 1
1107 31 1
1108 18 1
1109 19 1
1110 8 0
1111 19 0
1112 8 1
1113 42 0
1114 30 1
1115 47 1
1116 16 0
1117 20 1
1118 20 0
1119 27 0
1120 27 0
1121 15 1
1122 34 0
1123 31 1
1124 11 1
1125 44 1
1126 13 1
1127 44 1
1128 3 1
1129 46 0
1130 28 0
1131 48 1
1132 3 1
1133 7 0
1134 17 1
1135 8 0
1136 4 1
1137 8 1
1138 22 0
1139 42 1
1140 15 0
1141 4 1
1142 22 1
1143 49 1
1144 35 0
1145 39 1
1146 36 0
1147 32 1
1148 28 1
1149 38 0
1150 26 1
1151 42 1
1152 45 0
1153 20 1
1154 14 1
1155 1 0
1156 20 0
1157 9 0
1158 31 1
1159 20 1
1160 1 1
1161 2 1
1162 47 1
1163 0 0
1164 26 1
1165 20 1
1166 8 1
1167 34 1
1168 13 0
1169 22 1
1170 40 0
1171 9 1
1172 5 1
1173 4 1
1174 29 0
1175 3 0
1176 36 0
1177 20 1
1178 44 1
1179 30 1
1180 35 1
1181 23 1
1182 13 1
1183 21 1
1184 40 0
1185 33 1
1186 43 0
1187 42 1
1188 13 1
1189 9 1
1190 46 1
1191 24 1
1192 21 1
1193 37 1
1194 41 1
1195 37 1
1196 18 1
1197 43 1
1198 46 0
1199 37 0
1200 32 1
1201 40 1
1202 37 1
1203 20 1
1204 24 1
1205 16 0
1206 45 1
1207 25 1
1208 33 1
1209 32 1
1210 30 1
1211 50 1
1212 30 1
1213 31 1
1214 30 0
1215 35 1
1216 10 0
1217 34 1
1218 29 1
1219 21 1
1220 11 1
1221 24 1
1222 26 1
1223 23 1
1224 39 1
1225 9 0
1226 49 1
1227 17 0
1228 24 0
1229 3 1
1230 16 0
1231 42 1
1232 14 0
1233 50 0
1234 7 1
1235 49 1
1236 33 1
1237 51 1
1238 50 1
1239 46 1
1240 1 1
1241 31 1
1242 38 1
1243 29 1
1244 49 1
1245 42 0
1246 24 0
1247 17 0
1248 8 1
1249 30 1
1250 39 1
1251 10 0
1252 29 1
1253 8 1
1254 35 1
1255 42 1
1256 10 1
1257 39 1
1258 46 1
1259 12 0
1260 25 1
1261 34 0
1262 38 1
1263 36 1
1264 18 1
1265 14 1
1266 22 1
1267 31 1
1268 37 0
1269 4 0
1270 46 1
1271 32 1
1272 43 0
1273 30 1
1274 12 0
1275 34 1
1276 20 0
1277 39 0
1278 43 1
1279 4 1
1280 41 1
1281 19 1
1282 18 1
1283 40 1
1284 42 0
1285 51 1
1286 14 1
1287 17 1
1288 27 0
1289 19 1
1290 41 1
1291 1 1
1292 45 1
1293 19 0
1294 15 0
1295 50 1
1296 42 0
1297 20 1
1298 20 0
1299 40 0
1300 28 0
1301 22 1
1302 48 1
1303 24 0
1304 39 1
1305 39 1
1306 49 1
1307 42 0
1308 32 1
1309 7 0
1310 34 1
1311 27 1
1312 26 0
1313 9 1
1314 32 1
1315 32 1
1316 14 1
1317 3 0
1318 19 0
1319 9 0
1320 51 1
1321 39 1
1322 40 1
1323 18 1
1324 40 1
1325 43 1
1326 34 1
1327 50 1
1328 43 0
1329 31 0
1330 34 1
1331 36 0
1332 43 1
1333 10 1
1334 19 0
1335 20 1
1336 20 1
1337 42 0
1338 14 0
1339 5 0
1340 10 0
1341 0 1
1342 43 1
1343 30 1
1344 34 0
1345 10 0
1346 21 1
1347 44 1
1348 10 1
1349 50 0
1350 26 1
1351 48 1
1352 31 1
1353 2 0
1354 0 1
1355 23 1
1356 8 0
1357 3 1
1358 49 1
1359 38 0
1360 19 0
1361 28 1
1362 42 0
1363 5 1
1364 27 0
1365 7 1
1366 26 0
1367 47 0
1368 46 0
1369 26 1
1370 9 1
1371 5 1
1372 48 1
1373 21 1
1374 46 1
1375 30 0
1376 3 1
1377 5 1
1378 31 1
1379 50 0
1380 18 0
1381 8 0
1382 37 1
1383 26 0
1384 6 1
1385 26 0
1386 26 0
1387 9 0
1388 19 1
1389 44 1
1390 37 1
1391 30 1
1392 5 0
1393 13 0
1394 50 0
1395 19 0
1396 17 0
1397 37 0
1398 8 1
1399 10 1
1400 15 0
1401 5 0
1402 47 1
1403 12 0
1404 20 1
1405 32 0
1406 3 1
1407 49 1
1408 50 1
1409 48 1
1410 51 1
1411 13 0
1412 48 1
1413 23 1
1414 13 1
1415 22 0
1416 49 1
1417 46 1
1418 18 1
1419 10 0
1420 39 1
1421 48 1
1422 29 1
1423 26 1
1424 8 0
1425 0 1
1426 14 0
1427 0 1
1428 16 0
1429 42 1
1430 36 0
1431 11 0
1432 16 1
1433 29 0
1434 12 1
1435 48 1
1436 6 1
1437 41 1
1438 14 0
1439 14 1
1440 13 1
1441 6 0
1442 33 0
1443 14 1
1444 33 1
1445 31 1
1446 21 1
1447 26 1
1448 48 1
1449 19 0
1450 18 1
1451 11 1
1452 36 1
1453 35 0
1454 19 1
1455 49 1
1456 41 1
1457 12 0
1458 37 1
1459 23 0
1460 36 1
1461 39 0
1462 45 0
1463 43 1
1464 20 1
1465 1 1
1466 30 1
1467 11 0
1468 40 1
1469 17 1
1470 48 0
1471 16 0
1472 45 0
1473 11 1
1474 7 0
1475 28 0
1476 14 1
1477 25 1
1478 32 0
1479 1 1
1480 30 0
1481 15 0
1482 15 1
1483 28 0
1484 24 0
1485 39 1
1486 12 1
1487 38 0
1488 7 0
1489 40 1
1490 37 0
1491 34 0
1492 36 1
1493 34 0
1494 27 0
1495 45 1
1496 38 1
1497 19 0
1498 10 1
1499 8 1
1500 44 0
1501 35 1
1502 2 0
1503 38 1
1504 48 0
1505 1 1
1506 18 1
1507 8 0
1508 47 1
1509 47 1
1510 2 1
1511 4 0
1512 0 0
1513 45 1
1514 50 0
1515 48 1
1516 1 1
1517 23 1
1518 2 0
1519 41 0
1520 11 1
1521 7 1
1522 30 0
1523 36 0
1524 33 1
1525 47 0
1526 23 0
1527 27 1
1528 3 1
1529 9 1
1530 2 0
1531 45 0
1532 14 0
1533 34 0
1534 2 1
1535 18 1
1536 42 1
1537 47 1
1538 16 1
1539 21 0
1540 15 1
1541 37 1
1542 21 0
1543 14 1
1544 13 1
1545 26 1
1546 6 0
1547 18 1
1548 40 1
1549 40 0
1550 0 1
1551 7 0
1552 31 1
1553 39 1
1554 39 1
1555 24 0
1556 30 1
1557 45 1
1558 26 1
1559 51 0
1560 8 1
1561 2 0
1562 25 0
1563 10 1
1564 48 0
1565 7 1
1566 32 1
1567 16 0
1568 22 0
1569 10 1
1570 16 0
1571 15 1
1572 20 1
1573 21 0
1574 45 1
1575 37 1
1576 51 0
1577 43 1
1578 35 1
1579 14 1
1580 27 0
1581 32 1
1582 12 0
1583 46 1
1584 32 1
1585 19 1
1586 42 1
1587 19 1
1588 20 1
1589 8 0
1590 13 0
1591 42 1
1592 8 0
1593 13 1
1594 10 1
1595 3 0
1596 0 0
1597 48 0
1598 12 0
1599 23 1
1600 26 1
1601 16 1
1602 30 0
1603 3 0
1604 28 1
1605 39 1
1606 9 1
1607 30 0
1608 38 1
1609 13 1
1610 46 1
1611 13 0
1612 27 1
1613 35 0
1614 3 0
1615 7 1
1616 30 1
1617 21 0
1618 39 1
1619 10 1
1620 40 0
1621 33 1
1622 2 1
1623 42 0
1624 30 0
1625 16 0
1626 47 0
1627 22 1
1628 14 1
1629 14 1
1630 17 1
1631 22 1
1632 50 1
1633 7 1
1634 44 1
1635 29 1
1636 42 1
1637 29 0
1638 21 1
1639 12 1
1640 51 1
1641 51 1
1642 5 1
1643 45 1
1644 31 1
1645 40 0
1646 6 1
1647 47 0
1648 29 0
1649 17 1
1650 47 1
1651 29 1
1652 4 0
1653 33 0
1654 2 0
1655 28 1
1656 49 0
1657 23 0
1658 25 1
1659 25 1
1660 1 1
1661 5 1
1662 51 0
1663 39 0
1664 31 0
1665 2 0
1666 27 0
1667 16 1
1668 38 1
1669 9 1
1670 19 0
1671 17 1
1672 41 1
1673 23 1
1674 34 1
1675 22 1
1676 14 1
1677 18 1
1678 4 1
1679 46 0
1680 37 1
1681 13 1
1682 29 0
1683 20 1
1684 3 1
1685 8 1
1686 14 1
1687 42 0
1688 18 1
1689 21 1
1690 14 1
1691 11 1
1692 47 1
1693 17 1
1694 10 1
1695 10 0
1696 37 1
1697 8 1
1698 29 1
1699 33 1
1700 33 1
1701 6 1
1702 19 1
1703 3 1
1704 14 0
1705 42 0
1706 21 1
1707 4 1
1708 35 0
1709 44 1
1710 38 1
1711 41 1
1712 2 1
1713 13 1
1714 30 0
1715 16 1
1716 40 0
1717 36 1
1718 48 1
1719 24 0
1720 16 1
1721 43 0
1722 20 1
1723 30 1
1724 21 0
1725 48 1
1726 28 0
1727 6 0
1728 40 0
1729 15 1
1730 18 1
1731 6 1
1732 30 1
1733 45 1
1734 10 0
1735 41 1
1736 8 1
1737 40 1
1738 31 1
1739 31 1
1740 20 0
1741 8 1
1742 17 1
1743 31 1
1744 38 0
1745 0 1
1746 30 0
1747 38 1
1748 29 0
1749 39 1
1750 25 1
1751 41 1
1752 36 1
1753 37 0
1754 27 0
1755 44 0
1756 19 1
1757 48 1
1758 20 1
1759 18 0
1760 26 0
1761 39 1
1762 5 1
1763 40 1
1764 33 1
1765 49 1
1766 31 1
1767 15 0
1768 48 1
1769 35 1
1770 44 1
1771 23 0
1772 32 1
1773 0 1
1774 22 1
1775 35 1
1776 41 1
1777 4 1
1778 23 1
1779 4 1
1780 24 1
1781 14 0
1782 44 1
1783 23 0
1784 33 0
1785 15 1
1786 14 0
1787 41 1
1788 5 1
1789 23 1
1790 36 1
1791 28 1
1792 32 1
1793 20 1
1794 2 1
1795 12 1
1796 2 1
1797 6 0
1798 8 1
1799 38 0
1800 16 1
1801 19 0
1802 16 1
1803 1 1
1804 1 1
1805 26 0
1806 34 1
1807 40 0
1808 11 1
1809 21 0
1810 9 0
1811 40 0
1812 12 1
1813 10 1
1814 28 1
1815 13 1
1816 3 1
1817 51 1
1818 16 1
1819 17 0
1820 0 1
1821 32 1
1822 22 0
1823 0 1
1824 4 1
1825 47 1
1826 7 0
1827 30 0
1828 9 1
1829 15 0
1830 41 0
1831 35 1
1832 37 1
1833 40 0
1834 11 1
1835 24 0
1836 25 1
1837 26 0
1838 0 1
1839 28 1
1840 0 0
1841 46 1
1842 38 0
1843 3 1
1844 41 1
1845 38 1
1846 24 0
1847 27 1
1848 7 1
1849 15 0
1850 20 1
1851 10 1
1852 19 1
1853 16 1
1854 38 1
1855 0 1
1856 20 1
1857 47 1
1858 47 1
1859 7 1
1860 21 0
1861 46 1
1862 18 1
1863 7 1
1864 36 1
1865 48 1
1866 38 1
1867 2 0
1868 42 1
1869 29 1
1870 16 1
1871 15 1
1872 51 0
1873 23 1
1874 13 1
1875 34 1
1876 51 0
1877 32 0
1878 26 1
1879 19 1
1880 37 1
1881 48 0
1882 21 1
1883 33 1
1884 21 1
1885 15 0
1886 15 1
1887 26 1
1888 45 0
1889 13 1
1890 4 0
1891 17 1
1892 28 1
1893 25 1
1894 12 0
1895 18 1
1896 11 1
1897 1 0
1898 40 0
1899 47 0
1900 48 0
1901 23 0
1902 17 0
1903 1 1
1904 47 0
1905 45 0
1906 14 1
1907 30 1
1908 11 1
1909 45 1
1910 51 1
1911 25 0
1912 1 0
1913 18 0
1914 12 1
1915 28 0
1916 0 0
1917 47 1
1918 25 1
1919 4 1
1920 15 1
1921 47 1
1922 36 1
1923 19 0
1924 33 1
1925 47 1
1926 28 1
1927 19 1
1928 50 1
1929 48 1
1930 27 0
1931 46 1
1932 23 1
1933 20 1
1934 18 1
1935 44 1
1936 23 1
1937 38 0
1938 17 1
1939 31 1
1940 22 1
1941 34 0
1942 51 1
1943 5 0
1944 15 1
1945 36 1
1946 1 1
1947 45 0
1948 0 0
1949 25 1
1950 14 1
1951 27 1
1952 9 0
1953 25 1
1954 23 0
1955 28 0
1956 35 1
1957 48 1
1958 16 1
1959 9 1
1960 6 0
1961 25 1
1962 28 1
1963 36 1
1964 35 0
1965 51 0
1966 2 1
1967 15 1
1968 44 1
1969 41 1
1970 21 0
1971 37 1
1972 8 0
1973 15 0
1974 39 1
1975 31 1
1976 46 1
1977 5 0
1978 50 1
1979 3 1
1980 26 0
1981 35 0
1982 6 0
1983 44 1
1984 15 1
1985 14 0
1986 31 0
1987 17 1
1988 36 1
1989 11 0
1990 33 1
1991 21 1
1992 22 1
1993 25 0
1994 19 1
1995 5 1
1996 8 1
1997 1 1
1998 44 0
1999 12 1
2000 31 1
2001 24 0
2002 29 1
2003 25 1
2004 25 1
2005 41 1
2006 30 0
2007 9 1
2008 40 0
2009 24 1
2010 40 1
2011 4 0
2012 22 1
2013 38 1
2014 3 1
2015 2 1
2016 29 0
2017 48 1
2018 19 1
2019 24 1
2020 9 1
2021 51 1
2022 28 1
2023 15 0
2024 19 1
2025 28 1
2026 45 1
2027 7 0
2028 19 1
2029 10 1
2030 48 1
2031 9 1
2032 42 0
2033 35 1
2034 31 0
2035 1 1
2036 26 1
2037 28 1
2038 13 1
2039 23 1
2040 7 0
2041 44 1
2042 13 0
2043 19 1
2044 49 1
2045 2 1
2046 45 1
2047 46 1
2048 21 1
2049 44 0
2050 17 1
2051 16 1
2052 50 1
2053 50 1
2054 12 1
2055 48 1
2056 1 1
2057 23 0
2058 43 0
2059 46 1
2060 48 1
2061 33 1
2062 12 1
2063 25 0
2064 37 0
2065 37 1
2066 39 0
2067 50 0
2068 50 0
2069 1 1
2070 21 1
2071 33 1
2072 41 1
2073 13 0
2074 47 1
2075 21 0
2076 33 1
2077 8 1
2078 10 1
2079 31 1
2080 27 1
2081 26 0
2082 46 1
2083 4 1
2084 48 1
2085 31 1
2086 7 1
2087 44 0
2088 17 1
2089 6 0
2090 42 1
2091 7 1
2092 34 1
2093 44 0
2094 25 1
2095 44 1
2096 16 1
2097 19 1
2098 18 1
2099 31 1
2100 9 1
2101 12 1
2102 0 1
2103 42 0
2104 38 1
2105 10 1
2106 27 1
2107 51 1
2108 9 0
2109 7 1
2110 19 0
2111 39 1
2112 46 0
2113 50 1
2114 10 1
2115 7 0
2116 44 1
2117 40 1
2118 51 1
2119 42 0
2120 30 1
2121 14 0
2122 17 0
2123 44 1
2124 38 0
2125 14 1
2126 50 1
2127 45 1
2128 40 1
2129 9 1
2130 24 1
2131 45 1
2132 11 1
2133 13 0
2134 16 1
2135 24 0
2136 3 1
2137 1 0
2138 5 1
2139 0 1
2140 20 1
2141 0 1
2142 19 1
2143 15 1
2144 40 0
2145 33 0
2146 44 1
2147 34 0
2148 13 1
2149 17 1
2150 27 0
2151 0 1
2152 33 0
2153 31 1
2154 50 0
2155 33 0
2156 49 1
2157 13 1
2158 3 1
2159 28 1
2160 28 1
2161 8 1
2162 41 1
2163 51 1
2164 42 1
2165 35 1
2166 10 1
2167 51 0
2168 41 1
2169 5 0
2170 14 1
2171 34 0
2172 24 1
2173 9 1
2174 23 0
2175 22 0
2176 51 1
2177 47 0
2178 25 0
2179 46 1
2180 43 0
2181 8 0
2182 18 0
2183 45 0
2184 15 1
2185 51 1
2186 17 0
2187 45 1
2188 5 1
2189 44 1
2190 44 0
2191 32 1
2192 49 1
2193 36 0
2194 2 1
2195 38 0
2196 12 1
2197 47 1
2198 31 0
2199 42 0
2200 18 1
2201 3 1
2202 23 1
2203 0 1
2204 3 1
2205 10 1
2206 11 1
2207 15 1
2208 46 1
2209 35 1
2210 33 1
2211 18 1
2212 45 1
2213 28 1
2214 5 0
2215 50 1
2216 8 0
2217 35 0
2218 26 0
2219 12 0
2220 32 1
2221 1 1
2222 41 1
2223 4 0
2224 43 0
2225 36 1
2226 37 0
2227 23 0
2228 20 0
2229 6 1
2230 18 0
2231 2 0
2232 34 0
2233 37 0
2234 25 0
2235 14 1
2236 48 0
2237 25 0
2238 8 1
2239 49 0
2240 45 1
2241 29 1
2242 12 0
2243 13 0
2244 51 0
2245 11 1
2246 0 1
2247 47 0
2248 26 1
2249 18 0
2250 7 1
2251 10 1
2252 49 0
2253 17 0
2254 17 0
2255 33 0
2256 23 1
2257 44 1
2258 38 0
2259 21 1
2260 29 0
2261 7 0
2262 21 1
2263 39 1
2264 40 1
2265 27 0
2266 38 1
2267 2 1
2268 49 0
2269 17 1
2270 9 0
2271 28 1
2272 41 0
2273 49 1
2274 30 1
2275 17 1
2276 2 0
2277 12 0
2278 32 1
2279 22 1
2280 32 1
2281 47 1
2282 11 1
2283 30 1
2284 21 0
2285 50 1
2286 26 0
2287 15 1
2288 51 0
2289 18 1
2290 34 1
2291 36 1
2292 37 0
2293 11 1
2294 23 1
2295 17 1
2296 8 0
2297 50 1
2298 13 1
2299 4 0
2300 4 1
2301 41 1
2302 33 1
2303 21 1
2304 21 1
2305 9 0
2306 0 1
2307 44 1
2308 45 0
2309 34 1
2310 13 0
2311 47 1
2312 15 1
2313 45 1
2314 51 1
2315 39 1
2316 3 1
2317 38 1
2318 36 1
2319 44 0
2320 23 1
2321 13 1
2322 50 1
2323 40 1
2324 12 1
2325 35 1
2326 49 0
2327 27 1
2328 1 1
2329 17 1
2330 21 1
2331 7 0
2332 8 0
2333 13 1
2334 29 1
2335 26 0
2336 35 1
2337 4 0
2338 24 1
2339 1 1
2340 43 0
2341 14 0
2342 44 0
2343 5 1
2344 14 1
2345 49 1
2346 30 1
2347 37 1
2348 26 1
2349 6 1
2350 32 1
2351 7 0
2352 51 0
2353 26 1
2354 32 1
2355 12 0
2356 16 1
2357 15 0
2358 20 0
2359 29 1
2360 46 1
2361 47 0
2362 35 1
2363 38 0
2364 34 1
2365 16 1
2366 29 0
2367 7 1
2368 39 0
2369 4 1
2370 36 1
2371 46 1
2372 47 1
2373 37 0
2374 6 1
2375 2 1
2376 21 0
2377 25 1
2378 33 0
2379 17 0
2380 32 0
2381 7 0
2382 9 1
2383 19 1
2384 51 1
2385 19 1
2386 44 1
2387 40 0
2388 50 0
2389 6 1
2390 45 0
2391 5 0
2392 34 1
2393 23 1
2394 17 0
2395 8 1
2396 50 1
2397 40 1
2398 33 1
2399 7 1
2400 34 1
2401 43 1
2402 15 0
2403 17 1
2404 34 0
2405 18 1
2406 33 0
2407 45 1
2408 5 0
2409 7 0
2410 33 1
2411 24 0
2412 34 1
2413 14 1
2414 23 0
2415 47 1
2416 23 0
2417 8 1
2418 47 0
2419 27 1
2420 26 1
2421 32 1
2422 44 1
2423 26 1
2424 18 1
2425 48 1
2426 25 1
2427 30 1
2428 37 0
2429 23 1
2430 17 0
2431 42 1
2432 10 0
2433 30 1
2434 1 0
2435 34 1
2436 3 0
2437 38 1
2438 43 1
2439 49 0
2440 22 0
2441 8 1
2442 17 1
2443 32 0
2444 10 0
2445 11 0
2446 26 0
2447 19 1
2448 28 1
2449 41 1
2450 7 0
2451 8 1
2452 41 0
2453 9 1
2454 35 1
2455 42 0
2456 27 0
2457 1 1
2458 17 1
2459 47 1
2460 13 1
2461 31 1
2462 12 1
2463 0 1
2464 0 0
2465 50 1
2466 17 1
2467 21 0
2468 29 0
2469 15 1
2470 37 0
2471 17 1
2472 9 0
2473 6 1
2474 4 1
2475 30 1
2476 40 1
2477 9 0
2478 37 1
2479 44 0
2480 26 0
2481 25 1
2482 25 1
2483 26 1
2484 1 0
2485 42 1
2486 23 1
2487 28 1
2488 30 0
2489 11 0
2490 39 0
2491 4 1
2492 27 0
2493 31 1
2494 50 1
2495 2 1
2496 42 1
2497 44 0
2498 49 0
2499 45 1
2500 36 1
2501 42 1
2502 19 1
2503 20 1
2504 28 1
2505 36 1
2506 48 1
2507 23 1
2508 6 1
2509 12 0
2510 26 0
2511 6 1
2512 45 1
2513 8 1
2514 45 1
2515 46 1
2516 13 1
2517 12 1
2518 30 1
2519 6 1
2520 39 1
2521 1 1
2522 35 1
2523 36 1
2524 27 1
2525 23 1
2526 43 1
2527 22 0
2528 31 1
2529 31 0
2530 37 1
2531 1 1
2532 37 1
2533 35 1
2534 50 0
2535 49 1
2536 35 1
2537 50 1
2538 23 1
2539 13 0
2540 34 1
2541 4 0
2542 17 1
2543 38 1
2544 9 1
2545 49 1
2546 19 1
2547 49 1
2548 44 0
2549 20 1
2550 49 1
2551 5 1
2552 20 0
2553 31 0
2554 41 1
2555 18 1
2556 32 1
2557 25 1
2558 25 1
2559 50 0
2560 4 0
2561 33 1
2562 49 1
2563 4 0
2564 38 1
2565 33 0
2566 45 0
2567 47 0
2568 17 0
2569 34 1
2570 47 1
2571 5 1
2572 51 1
2573 29 0
2574 45 0
2575 10 1
2576 50 1
2577 49 1
2578 25 1
2579 14 1
2580 29 1
2581 26 1
2582 9 1
2583 41 1
2584 25 0
2585 36 1
2586 51 1
2587 0 1
2588 0 1
2589 2 1
2590 33 1
2591 47 0
2592 32 1
2593 4 1
2594 50 1
2595 21 1
2596 41 1
2597 3 1
2598 46 1
2599 4 1
2600 43 1
2601 43 0
2602 9 1
2603 45 1
2604 22 0
2605 31 1
2606 36 1
2607 11 1
2608 47 1
2609 27 1
2610 37 1
2611 50 1
2612 20 1
2613 28 1
2614 21 1
2615 37 1
2616 48 1
2617 6 1
2618 49 0
2619 15 1
2620 51 1
2621 26 1
2622 49 0
2623 32 0
2624 5 1
2625 14 0
2626 8 1
2627 45 1
2628 17 0
2629 47 1
2630 30 0
2631 2 0
2632 13 1
2633 9 1
2634 40 0
2635 33 0
2636 23 1
2637 27 0
2638 22 1
2639 16 0
2640 43 0
2641 22 0
2642 23 1
2643 31 1
2644 42 1
2645 3 1
2646 35 1
2647 23 1
2648 19 1
2649 35 0
2650 9 1
2651 51 0
2652 0 0
2653 4 1
2654 9 1
2655 2 1
2656 31 1
2657 3 1
2658 16 0
2659 20 1
2660 9 1
2661 3 1
2662 33 1
2663 45 0
2664 11 1
2665 12 0
2666 48 1
2667 4 0
2668 13 1
2669 47 1
2670 8 1
2671 51 1
2672 50 1
2673 19 0
2674 37 1
2675 25 1
2676 14 1
2677 19 0
2678 34 1
2679 0 1
2680 44 1
2681 17 1
2682 27 1
2683 14 1
2684 5 0
2685 15 1
2686 11 1
2687 6 1
2688 20 1
2689 3 1
2690 40 0
2691 5 0
2692 36 0
2693 26 0
2694 41 1
2695 40 0
2696 19 1
2697 26 0
2698 3 1
2699 39 0
2700 2 1
2701 27 1
2702 20 1
2703 26 1
2704 6 1
2705 23 0
2706 10 1
2707 0 1
2708 28 1
2709 13 1
2710 6 1
2711 27 1
2712 12 0
2713 24 1
2714 46 0
2715 0 1
2716 18 1
2717 13 0
2718 36 1
2719 4 0
2720 20 1
2721 40 1
2722 3 1
2723 1 1
2724 20 0
2725 1 1
2726 20 1
2727 3 0
2728 33 1
2729 24 1
2730 44 0
2731 27 0
2732 4 1
2733 1 1
2734 31 1
2735 35 0
2736 32 1
2737 6 1
2738 16 0
2739 47 1
2740 26 1
2741 38 1
2742 28 1
2743 3 1
2744 46 1
2745 41 1
2746 27 1
2747 24 0
2748 33 1
2749 48 0
2750 7 0
2751 40 1
2752 6 1
2753 51 1
2754 6 1
2755 7 1
2756 18 0
2757 3 1
2758 12 1
2759 8 1
2760 9 0
2761 20 1
2762 41 0
2763 20 1
2764 22 1
2765 39 1
2766 51 1
2767 46 0
2768 2 0
2769 28 1
2770 16 0
2771 17 0
2772 34 0
2773 33 1
2774 30 1
2775 4 1
2776 42 0
2777 4 1
2778 44 0
2779 34 1
2780 16 1
2781 49 1
2782 24 1
2783 48 1
2784 12 1
2785 12 0
2786 41 0
2787 15 0
2788 30 1
2789 21 1
2790 17 1
2791 0 1
2792 25 1
2793 18 0
2794 4 1
2795 36 0
2796 21 1
2797 39 1
2798 0 1
2799 25 0
2800 12 0
2801 17 0
2802 46 0
2803 28 0
2804 32 1
2805 9 1
2806 50 1
2807 8 1
2808 17 1
2809 45 1
2810 27 1
2811 17 1
2812 39 1
2813 23 1
2814 43 1
2815 28 1
2816 37 1
2817 9 1
2818 2 1
2819 4 1
2820 11 0
2821 36 1
2822 2 1
2823 37 1
2824 20 1
2825 16 1
2826 36 1
2827 20 0
2828 41 1
2829 38 1
2830 15 0
2831 40 0
2832 9 0
2833 8 1
2834 12 1
2835 50 0
2836 29 1
2837 9 1
2838 4 1
2839 26 1
2840 25 1
2841 19 1
2842 51 1
2843 8 0
2844 35 1
2845 24 1
2846 38 1
2847 3 0
2848 11 1
2849 38 0
2850 51 1
2851 22 1
2852 48 1
2853 35 1
2854 3 0
2855 0 0
2856 27 0
2857 42 1
2858 11 1
2859 42 1
2860 49 1
2861 50 0
2862 4 1
2863 34 1
2864 41 0
2865 14 1
2866 34 1
2867 45 0
2868 20 0
2869 34 1
2870 14 1
2871 4 1
2872 5 1
2873 44 1
2874 48 1
2875 16 0
2876 1 1
2877 5 1
2878 19 0
2879 48 0
2880 13 0
2881 49 1
2882 51 1
2883 29 1
2884 22 1
2885 19 0
2886 21 0
2887 30 1
2888 45 1
2889 19 1
2890 8 1
2891 11 0
2892 1 0
2893 15 1
2894 37 1
2895 5 1
2896 26 1
2897 45 1
2898 48 1
2899 45 1
2900 37 1
2901 31 1
2902 11 1
2903 36 0
2904 7 1
2905 49 0
2906 15 1
2907 30 1
2908 6 1
2909 42 1
2910 9 1
2911 41 1
2912 26 1
2913 9 0
2914 8 1
2915 45 1
2916 18 1
2917 3 1
2918 10 0
2919 37 1
2920 19 1
2921 14 0
2922 24 1
2923 4 1
2924 13 1
2925 49 1
2926 41 1
2927 7 0
2928 24 1
2929 42 1
2930 23 0
2931 29 0
2932 36 1
2933 47 0
2934 47 1
2935 45 0
2936 47 0
2937 26 0
2938 27 1
2939 25 1
2940 0 1
2941 39 1
2942 36 1
2943 9 1
2944 15 1
2945 20 1
2946 38 1
2947 3 1
2948 33 1
2949 50 1
2950 11 0
2951 20 1
2952 26 0
2953 2 1
2954 0 0
2955 17 1
2956 50 0
2957 17 1
2958 3 0
2959 23 0
2960 29 1
2961 32 1
2962 17 1
2963 43 0
2964 38 1
2965 31 1
2966 8 1
2967 32 1
2968 49 0
2969 39 1
2970 37 1
2971 1 1
2972 13 1
2973 22 1
2974 21 1
2975 11 1
2976 12 1
2977 19 1
2978 4 0
2979 8 1
2980 3 1
2981 44 1
2982 15 0
2983 21 0
2984 10 1
2985 14 1
2986 16 1
2987 7 0
2988 10 1
2989 23 0
2990 26 0
2991 35 1
2992 26 1
2993 20 1
2994 16 0
2995 1 1
2996 43 1
2997 6 1
2998 21 0
2999 23 0
3000 39 1
3001 2 1
3002 0 0
3003 9 0
3004 42 1
3005 47 1
3006 15 0
3007 3 1
3008 8 1
3009 0 1
3010 27 0
3011 19 0
3012 22 1
3013 1 0
3014 4 1
3015 26 1
3016 37 1
3017 22 1
3018 14 0
3019 0 0
3020 40 0
3021 21 1
3022 1 0
3023 49 0
3024 51 1
3025 37 1
3026 50 0
3027 48 1
3028 33 1
3029 15 1
3030 25 0
3031 32 1
3032 17 0
3033 0 1
3034 39 0
3035 12 0
3036 24 1
3037 7 0
3038 37 1
3039 11 0
3040 1 1
3041 14 1
3042 5 1
3043 23 0
3044 36 1
3045 28 1
3046 27 0
3047 48 0
3048 15 1
3049 28 1
3050 48 0
3051 6 0
3052 25 1
3053 22 0
3054 17 1
3055 50 1
3056 5 1
3057 21 0
3058 50 0
3059 25 1
3060 6 1
3061 20 0
3062 37 1
3063 29 1
3064 40 0
3065 3 0
3066 49 0
3067 9 0
3068 50 1
3069 36 1
3070 40 1
3071 37 1
3072 46 1
3073 4 1
3074 2 1
3075 31 0
3076 6 0
3077 17 1
3078 43 1
3079 20 1
3080 28 0
3081 20 0
3082 37 0
3083 0 1
3084 36 1
3085 3 1
3086 47 1
3087 17 1
3088 51 1
3089 39 1
3090 2 1
3091 38 1
3092 46 1
3093 4 1
3094 3 0
3095 21 0
3096 0 0
3097 9 1
3098 46 1
3099 50 0
3100 23 1
3101 2 1
3102 46 1
3103 12 1
3104 45 1
3105 24 1
3106 46 1
3107 8 1
3108 18 1
3109 1 0
3110 12 1
3111 5 1
3112 39 1
3113 3 0
3114 0 1
3115 39 1
3116 6 1
3117 18 1
3118 37 0
3119 47 1
3120 6 1
3121 1 1
3122 33 0
3123 16 1
3124 49 1
3125 25 1
3126 16 1
3127 27 1
3128 21 1
3129 41 0
3130 35 1
3131 21 1
3132 46 1
3133 42 0
3134 21 1
3135 37 0
3136 8 1
3137 3 0
3138 0 1
3139 46 1
3140 13 1
3141 11 1
3142 2 1
3143 8 0
3144 20 1
3145 20 1
3146 2 0
3147 21 1
3148 4 1
3149 27 0
3150 1 0
3151 29 1
3152 30 0
3153 3 0
3154 28 1
3155 32 1
3156 45 1
3157 46 1
3158 34 1
3159 46 0
3160 28 1
3161 10 0
3162 4 1
3163 26 1
3164 18 1
3165 14 1
3166 45 1
3167 5 1
3168 1 0
3169 6 0
3170 6 0
3171 23 1
3172 6 1
3173 50 1
3174 20 0
3175 46 1
3176 34 1
3177 31 0
3178 35 0
3179 27 1
3180 39 0
3181 21 1
3182 33 0
3183 9 0
3184 11 0
3185 44 0
3186 2 1
3187 20 0
3188 32 0
3189 24 1
3190 14 1
3191 30 1
3192 51 1
3193 11 0
3194 43 0
3195 12 1
3196 27 0
3197 16 0
3198 12 1
3199 23 1
3200 40 1
3201 44 0
3202 6 1
3203 2 0
3204 34 1
3205 44 0
3206 49 1
3207 45 1
3208 7 1
3209 34 0
3210 42 1
3211 34 1
3212 33 1
3213 30 1
3214 51 1
3215 21 1
3216 45 0
3217 34 0
3218 2 1
3219 15 1
3220 39 1
3221 33 1
3222 33 0
3223 36 1
3224 6 1
3225 15 1
3226 41 1
3227 17 1
3228 23 1
3229 20 1
3230 2 1
3231 14 1
3232 30 1
3233 51 1
3234 8 1
3235 45 1
3236 25 1
3237 35 0
3238 4 0
3239 23 1
3240 38 0
3241 10 1
3242 40 1
3243 26 1
3244 27 1
3245 38 1
3246 11 1
3247 29 0
3248 24 1
3249 50 1
3250 19 1
3251 32 1
3252 45 1
3253 3 0
3254 11 1
3255 35 1
3256 40 1
3257 28 1
3258 48 1
3259 16 0
3260 24 0
3261 5 0
3262 30 1
3263 1 1
3264 11 0
3265 10 1
3266 18 0
3267 26 1
3268 34 1
3269 12 0
3270 31 1
3271 18 1
3272 44 1
3273 24 1
3274 25 0
3275 16 1
3276 18 1
3277 9 1
3278 32 1
3279 26 0
3280 37 1
3281 1 1
3282 3 1
3283 18 0
3284 9 1
3285 6 0
3286 29 1
3287 37 0
3288 47 1
3289 13 0
3290 50 1
3291 21 0
3292 4 0
3293 41 0
3294 44 0
3295 32 0
3296 28 1
3297 8 0
3298 13 1
3299 45 0
3300 8 1
3301 40 0
3302 0 0
3303 10 1
3304 34 1
3305 47 1
3306 6 0
3307 1 1
3308 51 0
3309 22 1
3310 5 1
3311 49 1
3312 40 1
3313 14 0
3314 36 1
3315 0 1
3316 11 1
3317 34 0
3318 41 1
3319 11 1
3320 45 0
3321 36 1
3322 28 1
3323 37 1
3324 27 1
3325 19 0
3326 14 1
3327 15 1
3328 51 1
3329 7 0
3330 16 1
3331 4 1
3332 0 1
3333 16 0
3334 8 1
3335 46 0
3336 38 0
3337 28 1
3338 16 0
3339 18 0
3340 20 1
3341 0 1
3342 30 0
3343 40 1
3344 24 0
3345 17 1
3346 8 1
3347 17 1
3348 36 1
3349 30 1
3350 12 1
3351 49 1
3352 3 1
3353 41 1
3354 38 1
3355 38 0
3356 21 1
3357 21 0
3358 6 1
3359 33 0
3360 10 1
3361 20 1
3362 47 1
3363 30 0
3364 22 0
3365 28 0
3366 9 1
3367 9 1
3368 27 0
3369 35 1
3370 34 1
3371 25 1
3372 13 1
3373 7 1
3374 32 1
3375 26 1
3376 38 1
3377 36 1
3378 35 1
3379 41 1
3380 0 0
3381 40 1
3382 48 0
3383 50 1
3384 24 1
3385 13 1
3386 31 1
3387 14 0
3388 37 1
3389 40 1
3390 37 1
3391 36 0
3392 37 1
3393 9 1
3394 39 1
3395 26 1
3396 20 1
3397 25 1
3398 15 0
3399 16 1
3400 8 0
3401 51 0
3402 20 1
3403 8 1
3404 39 0
3405 50 1
3406 39 0
3407 0 0
3408 7 1
3409 44 0
3410 35 1
3411 10 1
3412 36 1
3413 24 0
3414 10 1
3415 44 0
3416 22 1
3417 34 1
3418 36 1
3419 51 1
3420 15 1
3421 0 1
3422 36 0
3423 2 1
3424 37 1
3425 13 1
3426 17 1
3427 4 1
3428 34 0
3429 30 0
3430 21 1
3431 39 1
3432 17 1
3433 37 1
3434 16 0
3435 1 1
3436 10 1
3437 10 1
3438 5 1
3439 13 1
3440 12 1
3441 42 1
3442 26 1
3443 7 1
3444 0 1
3445 5 0
3446 11 1
3447 41 1
3448 17 0
3449 34 0
3450 39 1
3451 42 0
3452 40 1
3453 19 1
3454 17 1
3455 39 0
3456 34 1
3457 35 0
3458 0 1
3459 21 1
3460 32 1
3461 26 1
3462 46 1
3463 24 1
3464 45 1
3465 21 1
3466 45 0
3467 33 1
3468 16 0
3469 6 1
3470 36 1
3471 39 1
3472 50 1
3473 31 1
3474 40 1
3475 31 1
3476 2 1
3477 40 1
3478 0 1
3479 12 0
3480 22 1
3481 30 0
3482 49 1
3483 0 1
3484 16 1
3485 22 1
3486 27 0
3487 48 1
3488 35 0
3489 4 0
3490 32 1
3491 44 1
3492 45 0
3493 35 0
3494 48 1
3495 16 1
3496 8 1
3497 9 1
3498 10 1
3499 22 1
3500 19 1
3501 28 1
3502 6 1
3503 0 0
3504 31 1
3505 42 0
3506 16 0
3507 50 0
3508 19 0
3509 32 1
3510 32 0
3511 10 1
3512 18 1
3513 22 1
3514 33 0
3515 32 1
3516 41 0
3517 51 1
3518 12 1
3519 14 1
3520 31 1
3521 31 0
3522 14 1
3523 34 0
3524 38 1
3525 25 0
3526 38 1
3527 10 1
3528 30 1
3529 37 0
3530 29 0
3531 40 1
3532 5 1
3533 14 1
3534 14 1
3535 37 1
3536 8 1
3537 17 1
3538 49 1
3539 4 1
3540 17 0
3541 33 1
3542 40 0
3543 12 1
3544 0 1
3545 30 1
3546 19 0
3547 23 1
3548 33 1
3549 18 0
3550 18 1
3551 45 0
3552 23 1
3553 50 0
3554 14 1
3555 7 1
3556 36 1
3557 11 1
3558 31 1
3559 19 1
3560 48 0
3561 12 1
3562 44 0
3563 16 1
3564 26 0
3565 1 1
3566 13 1
3567 19 1
3568 33 1
3569 4 1
3570 24 1
3571 2 0
3572 51 0
3573 8 0
3574 36 0
3575 14 1
3576 2 1
3577 24 0
3578 14 1
3579 0 1
3580 50 1
3581 33 0
3582 24 0
3583 47 1
3584 22 0
3585 28 1
3586 14 1
3587 30 1
3588 20 1
3589 48 0
3590 42 0
3591 14 1
3592 40 1
3593 43 0
3594 31 0
3595 19 1
3596 21 1
3597 41 0
3598 29 1
3599 27 1
3600 12 1
3601 21 1
3602 11 0
3603 44 1
3604 41 1
3605 12 1
3606 26 0
3607 28 0
3608 45 1
3609 21 1
3610 15 1
3611 29 1
3612 17 0
3613 34 1
3614 31 1
3615 21 0
3616 42 1
3617 21 1
3618 17 1
3619 36 0
3620 1 1
3621 43 1
3622 3 0
3623 22 1
3624 43 1
3625 48 1
3626 8 1
3627 46 1
3628 44 0
3629 48 1
3630 15 1
3631 18 1
3632 12 1
3633 38 1
3634 29 0
3635 41 1
3636 23 0
3637 38 1
3638 27 0
3639 27 0
3640 28 1
3641 28 1
3642 50 0
3643 14 1
3644 28 1
3645 46 1
3646 9 1
3647 28 0
3648 28 1
3649 3 1
3650 40 0
3651 41 1
3652 28 1
3653 43 1
3654 12 0
3655 26 1
3656 18 0
3657 28 0
3658 2 1
3659 39 1
3660 34 1
3661 25 1
3662 21 1
3663 40 0
3664 43 1
3665 32 1
3666 12 0
3667 47 1
3668 24 1
3669 21 0
3670 9 1
3671 0 1
3672 26 0
3673 48 1
3674 24 1
3675 6 0
3676 44 0
3677 25 0
3678 8 0
3679 39 0
3680 33 1
3681 35 1
3682 44 1
3683 11 0
3684 21 1
3685 1 0
3686 3 0
3687 9 1
3688 35 0
3689 34 0
3690 16 0
3691 41 1
3692 24 1
3693 26 0
3694 3 0
3695 36 1
3696 37 1
3697 7 1
3698 30 0
3699 22 1
3700 26 1
3701 33 0
3702 30 0
3703 11 1
3704 24 0
3705 48 1
3706 39 0
3707 1 1
3708 27 0
3709 48 0
3710 44 1
3711 15 0
3712 4 1
3713 35 1
3714 40 1
3715 9 1
3716 9 1
3717 24 1
3718 9 1
3719 28 0
3720 33 1
3721 49 1
3722 37 1
3723 32 1
3724 29 0
3725 43 1
3726 37 1
3727 27 0
3728 5 1
3729 28 1
3730 48 1
3731 12 0
3732 32 0
3733 45 0
3734 23 1
3735 50 1
3736 50 0
3737 25 1
3738 50 1
3739 24 1
3740 38 1
3741 50 0
3742 49 1
3743 17 0
3744 40 0
3745 0 1
3746 36 1
3747 41 0
3748 0 0
3749 34 0
3750 36 1
3751 28 1
3752 4 1
3753 45 0
3754 35 0
3755 7 1
3756 32 1
3757 21 1
3758 34 0
3759 36 0
3760 36 1
3761 10 1
3762 24 1
3763 13 1
3764 38 1
3765 48 1
3766 3 1
3767 32 0
3768 2 0
3769 39 1
3770 43 0
3771 11 1
3772 3 0
3773 34 0
3774 23 1
3775 12 1
3776 31 0
3777 4 1
3778 50 0
3779 4 1
3780 40 0
3781 11 1
3782 28 1
3783 3 1
3784 46 1
3785 21 1
3786 40 0
3787 13 1
3788 17 1
3789 5 1
3790 42 1
3791 23 1
3792 15 1
3793 24 0
3794 48 0
3795 3 0
3796 32 0
3797 8 0
3798 34 0
3799 16 0
3800 30 0
3801 18 1
3802 45 1
3803 38 1
3804 3 0
3805 26 1
3806 36 1
3807 14 1
3808 5 1
3809 17 0
3810 19 0
3811 42 1
3812 35 1
3813 36 1
3814 38 1
3815 50 0
3816 13 0
3817 10 0
3818 23 0
3819 45 1
3820 43 1
3821 47 1
3822 50 0
3823 31 0
3824 0 0
3825 33 1
3826 17 1
3827 22 1
3828 50 1
3829 49 0
3830 35 1
3831 28 1
3832 39 1
3833 32 0
3834 39 0
3835 13 0
3836 49 1
3837 10 0
3838 18 1
3839 27 1
3840 14 1
3841 41 0
3842 8 0
3843 35 0
3844 47 0
3845 19 1
3846 4 1
3847 27 1
3848 39 1
3849 2 0
3850 9 1
3851 33 0
3852 1 1
3853 6 1
3854 9 1
3855 42 0
3856 17 1
3857 6 1
3858 19 0
3859 37 1
3860 50 0
3861 45 1
3862 4 1
3863 21 1
3864 32 1
3865 46 0
3866 44 1
3867 51 1
3868 23 1
3869 40 1
3870 42 1
3871 32 1
3872 38 1
3873 38 0
3874 4 0
3875 20 1
3876 31 1
3877 8 1
3878 37 1
3879 27 0
3880 6 1
3881 34 1
3882 25 1
3883 19 0
3884 43 1
3885 5 1
3886 14 1
3887 46 0
3888 29 1
3889 33 0
3890 7 0
3891 16 1
3892 18 0
3893 50 0
3894 6 0
3895 49 0
3896 51 1
3897 14 1
3898 42 0
3899 25 0
3900 45 0
3901 19 0
3902 20 1
3903 11 0
3904 21 1
3905 11 1
3906 50 0
3907 47 0
3908 3 0
3909 48 1
3910 23 0
3911 26 1
3912 2 1
3913 51 1
3914 26 1
3915 5 0
3916 7 1
3917 30 1
3918 14 0
3919 5 1
3920 38 0
3921 16 0
3922 19 1
3923 28 0
3924 33 1
3925 8 0
3926 47 1
3927 31 1
3928 0 1
3929 21 0
3930 7 1
3931 22 1
3932 51 0
3933 18 1
3934 46 0
3935 26 1
3936 15 0
3937 20 1
3938 6 0
3939 8 1
3940 25 0
3941 47 1
3942 4 1
3943 21 1
3944 34 1
3945 6 1
3946 17 1
3947 32 0
3948 33 0
3949 6 1
3950 25 0
3951 11 0
3952 27 1
3953 26 1
3954 3 0
3955 24 1
3956 3 1
3957 25 1
3958 22 0
3959 15 1
3960 13 1
3961 50 1
3962 2 1
3963 23 1
3964 32 0
3965 14 0
3966 14 0
3967 21 1
3968 32 1
3969 26 1
3970 5 0
3971 17 1
3972 21 1
3973 20 1
3974 41 1
3975 24 1
3976 34 0
3977 9 1
3978 4 1
3979 48 1
3980 14 1
3981 41 0
3982 12 1
3983 21 0
3984 33 1
3985 8 1
3986 21 0
3987 0 1
3988 20 1
3989 10 1
3990 32 0
3991 12 0
3992 9 0
3993 51 1
3994 6 0
3995 50 1
3996 33 1
3997 48 0
3998 2 1
3999 18 1
4000 40 0
4001 3 1
4002 28 1
4003 4 1
4004 27 1
4005 5 1
4006 1 0
4007 22 1
4008 20 1
4009 29 1
4010 20 1
4011 47 0
4012 47 1
4013 27 1
4014 13 1
4015 38 1
4016 20 1
4017 43 1
4018 20 1
4019 20 1
4020 13 1
4021 3 0
4022 47 1
4023 30 0
4024 51 0
4025 18 1
4026 38 1
4027 2 0
4028 8 0
4029 8 1
4030 23 1
4031 27 1
4032 35 1
4033 15 1
4034 41 0
4035 26 0
4036 12 0
4037 45 1
4038 8 1
4039 27 1
4040 10 1
4041 31 1
4042 34 1
4043 35 1
4044 11 1
4045 40 1
4046 13 0
4047 29 0
4048 33 1
4049 3 1
4050 31 1
4051 1 1
4052 35 1
4053 3 1
4054 50 1
4055 27 1
4056 0 1
4057 9 0
4058 16 1
4059 2 1
4060 11 0
4061 13 1
4062 6 0
4063 0 1
4064 10 0
4065 14 0
4066 33 1
4067 8 1
4068 41 1
4069 36 0
4070 19 0
4071 0 0
4072 45 1
4073 30 0
4074 30 1
4075 40 1
4076 23 1
4077 46 0
4078 43 0
4079 48 1
4080 50 1
4081 18 1
4082 29 0
4083 51 1
4084 15 1
4085 10 0
4086 50 1
4087 1 0
4088 48 1
4089 5 1
4090 40 0
4091 19 1
4092 51 0
4093 44 0
4094 36 1
4095 48 1
4096 27 1
4097 17 0
4098 18 1
4099 28 1
4100 4 1
4101 15 0
4102 1 1
4103 50 1
4104 0 1
4105 27 1
4106 2 1
4107 28 1
4108 12 0
4109 20 1
4110 38 1
4111 6 1
4112 8 1
4113 22 1
4114 43 1
4115 35 1
4116 41 1
4117 2 1
4118 18 1
4119 43 0
4120 32 1
4121 36 1
4122 16 0
4123 12 1
4124 9 1
4125 0 0
4126 25 1
4127 13 0
4128 5 1
4129 35 0
4130 38 1
4131 20 1
4132 44 0
4133 21 1
4134 23 0
4135 6 1
4136 6 1
4137 42 1
4138 6 1
4139 27 1
4140 38 1
4141 15 1
4142 34 1
4143 49 0
4144 16 0
4145 12 1
4146 27 1
4147 33 1
4148 31 1
4149 7 1
4150 18 1
4151 10 1
4152 7 0
4153 50 1
4154 6 0
4155 33 0
4156 29 1
4157 8 1
4158 29 1
4159 30 0
4160 15 1
4161 51 1
4162 0 1
4163 10 0
4164 14 1
4165 10 1
4166 34 0
4167 36 1
4168 24 1
4169 31 1
4170 12 0
4171 26 1
4172 13 1
4173 4 1
4174 17 1
4175 40 1
4176 2 1
4177 22 0
4178 0 1
4179 9 0
4180 30 1
4181 51 1
4182 19 0
4183 30 1
4184 47 1
4185 25 1
4186 26 0
4187 25 0
4188 11 1
4189 34 0
4190 16 1
4191 8 1
4192 15 1
4193 24 0
4194 43 1
4195 34 0
4196 5 1
4197 35 0
4198 22 1
4199 44 1
4200 27 1
4201 0 1
4202 18 0
4203 16 1
4204 7 0
4205 33 1
4206 26 1
4207 18 1
4208 51 1
4209 8 1
4210 28 1
4211 41 1
4212 5 1
4213 35 0
4214 41 1
4215 20 1
4216 21 1
4217 45 1
4218 22 0
4219 20 1
4220 13 1
4221 28 0
4222 46 1
4223 4 1
4224 41 1
4225 13 1
4226 7 1
4227 51 0
4228 2 0
4229 39 0
4230 38 1
4231 12 1
4232 4 1
4233 51 1
4234 19 1
4235 31 1
4236 49 0
4237 47 1
4238 6 1
4239 13 1
4240 16 1
4241 12 1
4242 28 1
4243 12 1
4244 50 0
4245 2 1
4246 11 0
4247 48 0
4248 47 0
4249 17 1
4250 42 1
4251 51 1
4252 7 1
4253 31 1
4254 50 0
4255 36 1
4256 19 0
4257 14 1
4258 13 1
4259 6 1
4260 1 1
4261 28 0
4262 50 1
4263 31 0
4264 47 1
4265 12 1
4266 48 0
4267 1 1
4268 11 1
4269 45 1
4270 0 1
4271 28 0
4272 31 1
4273 47 1
4274 44 1
4275 7 0
4276 37 1
4277 10 1
4278 35 1
4279 4 1
4280 14 0
4281 20 1
4282 33 0
4283 18 1
4284 29 1
4285 33 1
4286 46 1
4287 1 0
4288 27 1
4289 45 1
4290 49 1
4291 41 1
4292 12 0
4293 45 1
4294 16 1
4295 30 1
4296 18 1
4297 17 1
4298 23 1
4299 23 1
4300 23 0
4301 5 0
4302 42 1
4303 18 0
4304 2 1
4305 37 1
4306 16 1
4307 37 0
4308 1 1
4309 27 1
4310 32 1
4311 24 0
4312 7 1
4313 2 1
4314 1 1
4315 6 1
4316 6 0
4317 46 0
4318 46 1
4319 15 1
4320 28 1
4321 0 1
4322 31 1
4323 48 1
4324 44 0
4325 2 1
4326 5 1
4327 51 1
4328 44 0
4329 19 1
4330 30 1
4331 22 1
4332 13 1
4333 34 0
4334 4 0
4335 33 1
4336 1 0
4337 0 1
4338 47 0
4339 17 1
4340 24 1
4341 40 1
4342 46 1
4343 17 0
4344 20 0
4345 36 1
4346 38 1
4347 36 0
4348 50 1
4349 7 1
4350 19 0
4351 11 1
4352 50 1
4353 5 1
4354 12 1
4355 9 1
4356 41 0
4357 41 1
4358 17 0
4359 27 1
4360 47 1
4361 37 0
4362 18 1
4363 33 1
4364 43 1
4365 47 0
4366 33 0
4367 6 1
4368 51 1
4369 24 1
4370 9 1
4371 0 0
4372 36 1
4373 39 1
4374 0 0
4375 39 0
4376 1 1
4377 5 0
4378 49 1
4379 40 0
4380 7 1
4381 26 0
4382 46 1
4383 19 0
4384 48 1
4385 9 1
4386 5 1
4387 9 0
4388 26 1
4389 19 1
4390 38 0
4391 27 0
4392 35 0
4393 11 0
4394 51 1
4395 49 1
4396 38 0
4397 46 1
4398 8 0
4399 30 1
4400 36 1
4401 15 0
4402 24 1
4403 7 1
4404 48 1
4405 30 1
4406 9 0
4407 25 1
4408 41 1
4409 0 0
4410 15 0
4411 22 1
4412 49 1
4413 39 1
4414 9 0
4415 38 1
4416 9 1
4417 12 0
4418 1 1
4419 36 1
4420 22 1
4421 35 1
4422 23 0
4423 27 1
4424 25 1
4425 5 1
4426 25 1
4427 19 1
4428 48 1
4429 27 1
4430 27 0
4431 28 1
4432 43 0
4433 22 0
4434 11 1
4435 18 0
4436 49 0
4437 44 1
4438 15 1
4439 37 1
4440 47 0
4441 33 1
4442 47 1
4443 18 0
4444 10 1
4445 25 1
4446 11 1
4447 50 1
4448 45 0
4449 24 1
4450 3 1
4451 42 1
4452 24 0
4453 48 0
4454 30 0
4455 32 0
4456 1 1
4457 21 0
4458 42 1
4459 43 1
4460 9 0
4461 14 1
4462 46 1
4463 23 1
4464 37 0
4465 49 1
4466 18 1
4467 16 0
4468 26 1
4469 6 1
4470 51 0
4471 6 1
4472 27 1
4473 28 1
4474 15 1
4475 18 1
4476 12 1
4477 45 0
4478 49 1
4479 51 1
4480 44 1
4481 51 1
4482 39 0
4483 0 0
4484 33 1
4485 47 0
4486 20 0
4487 36 1
4488 5 1
4489 41 0
4490 7 1
4491 21 1
4492 44 1
4493 3 1
4494 35 1
4495 0 0
4496 26 0
4497 13 0
4498 44 1
4499 31 0
4500 48 1
4501 33 0
4502 32 1
4503 16 1
4504 33 1
4505 10 1
4506 17 1
4507 8 1
4508 50 0
4509 27 0
4510 41 0
4511 12 1
4512 3 1
4513 33 1
4514 15 1
4515 48 0
4516 15 1
4517 31 0
4518 26 1
4519 8 1
4520 6 0
4521 24 1
4522 27 1
4523 9 1
4524 20 1
4525 11 0
4526 15 1
4527 29 1
4528 49 1
4529 42 0
4530 22 1
4531 27 0
4532 48 0
4533 36 1
4534 6 1
4535 34 1
4536 40 1
4537 40 0
4538 15 0
4539 16 1
4540 9 0
4541 48 1
4542 27 1
4543 19 0
4544 39 0
4545 40 1
4546 29 1
4547 51 1
4548 25 1
4549 24 1
4550 5 0
4551 24 1
4552 41 1
4553 36 0
4554 9 0
4555 43 1
4556 4 1
4557 47 1
4558 17 0
4559 7 0
4560 0 0
4561 43 1
4562 38 1
4563 31 1
4564 2 1
4565 23 1
4566 14 0
4567 28 1
4568 8 1
4569 12 0
4570 41 1
4571 40 0
4572 20 1
4573 28 0
4574 26 1
4575 42 0
4576 6 0
4577 8 1
4578 0 1
4579 7 0
4580 22 0
4581 10 1
4582 3 0
4583 45 1
4584 27 0
4585 33 0
4586 9 1
4587 41 1
4588 9 1
4589 43 1
4590 4 0
4591 14 1
4592 43 0
4593 6 1
4594 41 1
4595 21 0
4596 20 0
4597 24 0
4598 46 1
4599 11 1
4600 51 1
4601 41 1
4602 42 1
4603 42 0
4604 51 1
4605 39 1
4606 42 0
4607 41 1
4608 27 1
4609 0 1
4610 36 1
4611 32 1
4612 5 1
4613 4 0
4614 50 1
4615 24 1
4616 12 1
4617 9 1
4618 47 1
4619 6 1
4620 8 1
4621 25 1
4622 23 1
4623 8 0
4624 37 1
4625 19 1
4626 7 1
4627 3 1
4628 32 1
4629 40 1
4630 3 0
4631 31 1
4632 30 0
4633 21 0
4634 16 1
4635 48 1
4636 22 0
4637 51 1
4638 12 1
4639 48 0
4640 45 1
4641 23 1
4642 19 1
4643 16 1
4644 38 1
4645 9 1
4646 21 1
4647 8 1
4648 33 1
4649 0 1
4650 5 1
4651 25 1
4652 18 0
4653 1 1
4654 9 0
4655 31 1
4656 17 1
4657 34 0
4658 5 0
4659 16 1
4660 7 1
4661 36 1
4662 42 0
4663 31 1
4664 50 1
4665 24 0
4666 4 1
4667 35 1
4668 23 1
4669 32 1
4670 9 0
4671 38 0
4672 42 0
4673 44 1
4674 22 1
4675 43 1
4676 38 0
4677 9 1
4678 48 0
4679 4 0
4680 0 1
4681 2 1
4682 27 0
4683 30 0
4684 25 1
4685 10 1
4686 49 0
4687 13 1
4688 20 0
4689 12 1
4690 46 1
4691 48 0
4692 7 1
4693 37 1
4694 26 1
4695 2 1
4696 47 1
4697 6 1
4698 45 1
4699 24 1
4700 22 1
4701 29 1
4702 34 1
4703 11 1
4704 28 0
4705 44 1
4706 31 1
4707 30 0
4708 26 1
4709 46 0
4710 34 0
4711 26 1
4712 5 0
4713 3 1
4714 44 1
4715 45 0
4716 13 1
4717 37 1
4718 17 1
4719 49 1
4720 24 1
4721 15 1
4722 34 0
4723 18 1
4724 13 0
4725 36 1
4726 13 1
4727 28 0
4728 18 1
4729 46 1
4730 34 0
4731 0 1
4732 10 1
4733 18 0
4734 38 0
4735 48 0
4736 33 1
4737 42 1
4738 8 1
4739 27 1
4740 25 1
4741 45 0
4742 21 1
4743 33 1
4744 5 1
4745 25 1
4746 15 1
4747 11 1
4748 38 0
4749 4 1
4750 21 0
4751 40 1
4752 15 0
4753 21 0
4754 43 1
4755 49 1
4756 7 1
4757 30 1
4758 17 0
4759 19 1
4760 15 1
4761 38 1
4762 45 0
4763 35 1
4764 4 0
4765 9 1
4766 43 0
4767 32 1
4768 31 0
4769 34 0
4770 26 1
4771 42 1
4772 50 0
4773 14 1
4774 37 0
4775 38 0
4776 30 1
4777 35 1
4778 50 1
4779 7 1
4780 34 1
4781 32 1
4782 17 1
4783 8 0
4784 13 1
4785 23 1
4786 21 0
4787 25 1
4788 39 1
4789 35 0
4790 0 1
4791 0 1
4792 22 1
4793 30 0
4794 30 1
4795 51 0
4796 6 1
4797 13 1
4798 19 1
4799 24 1
4800 11 0
4801 24 1
4802 14 0
4803 29 1
4804 12 0
4805 1 1
4806 38 0
4807 19 1
4808 41 0
4809 4 1
4810 38 1
4811 35 0
4812 10 1
4813 20 1
4814 46 1
4815 38 1
4816 16 1
4817 42 1
4818 35 0
4819 7 1
4820 12 1
4821 11 1
4822 14 1
4823 34 0
4824 31 0
4825 26 1
4826 18 1
4827 38 0
4828 33 0
4829 10 0
4830 51 0
4831 37 1
4832 10 1
4833 50 1
4834 51 1
4835 44 1
4836 18 0
4837 9 1
4838 38 1
4839 11 1
4840 33 1
4841 35 1
4842 22 1
4843 32 1
4844 28 1
4845 35 1
4846 42 0
4847 23 1
4848 23 0
4849 21 1
4850 30 1
4851 9 0
4852 44 1
4853 28 1
4854 13 1
4855 24 0
4856 28 1
4857 50 0
4858 5 1
4859 30 1
4860 48 0
4861 41 1
4862 9 1
4863 14 0
4864 9 0
4865 7 1
4866 24 1
4867 36 0
4868 11 1
4869 23 1
4870 4 0
4871 23 1
4872 7 1
4873 7 1
4874 28 0
4875 50 0
4876 2 0
4877 15 1
4878 0 1
4879 48 1
4880 41 0
4881 50 0
4882 47 0
4883 7 0
4884 51 1
4885 35 0
4886 30 1
4887 41 1
4888 32 1
4889 25 1
4890 10 0
4891 38 1
4892 40 1
4893 28 0
4894 7 0
4895 26 0
4896 31 1
4897 11 0
4898 39 1
4899 9 1
4900 0 1
4901 18 1
4902 30 1
4903 43 0
4904 32 0
4905 48 1
4906 17 1
4907 6 1
4908 11 1
4909 49 0
4910 10 1
4911 16 0
4912 28 1
4913 44 0
4914 49 0
4915 2 1
4916 25 1
4917 32 1
4918 32 0
4919 42 1
4920 16 0
4921 6 1
4922 48 0
4923 42 0
4924 23 1
4925 3 0
4926 16 0
4927 27 1
4928 26 1
4929 36 1
4930 48 1
4931 24 0
4932 10 1
4933 0 0
4934 28 1
4935 6 1
4936 5 1
4937 6 0
4938 25 1
4939 14 1
4940 40 1
4941 9 1
4942 40 1
4943 1 1
4944 31 1
4945 41 1
4946 51 0
4947 0 0
4948 18 1
4949 32 0
4950 20 1
4951 18 1
4952 51 0
4953 7 1
4954 49 1
4955 24 1
4956 42 1
4957 18 1
4958 46 1
4959 48 1
4960 32 1
4961 29 1
4962 51 0
4963 20 0
4964 6 1
4965 15 0
4966 39 0
4967 32 1
4968 34 1
4969 38 1
4970 9 1
4971 16 1
4972 47 1
4973 6 0
4974 5 1
4975 43 1
4976 16 1
4977 20 1
4978 1 0
4979 8 1
4980 17 1
4981 14 1
4982 8 0
4983 18 1
4984 34 1
4985 21 1
4986 18 1
4987 46 0
4988 24 0
4989 31 1
4990 7 1
4991 43 1
4992 18 1
4993 14 0
4994 29 1
4995 32 1
4996 25 1
4997 27 1
4998 41 1
4999 0 1
5000 26 1
5001 18 1
5002 11 1
5003 34 1
5004 17 1
5005 42 0
5006 12 0
5007 23 0
5008 21 0
5009 3 0
5010 11 1
5011 49 0
5012 5 1
5013 45 1
5014 45 1
5015 21 1
5016 43 1
5017 16 0
5018 32 1
5019 42 1
5020 40 1
5021 25 1
5022 42 1
5023 36 1
5024 37 1
5025 42 0
5026 26 1
5027 8 1
5028 11 1
5029 30 1
5030 51 0
5031 28 1
5032 19 1
5033 48 1
5034 18 1
5035 24 1
5036 47 1
5037 12 1
5038 21 0
5039 1 1
5040 39 1
5041 6 1
5042 6 0
5043 20 1
5044 19 1
5045 49 1
5046 26 1
5047 12 1
5048 17 1
5049 20 1
5050 24 0
5051 47 1
5052 17 1
5053 9 1
5054 7 0
5055 48 1
5056 5 1
5057 7 0
5058 44 0
5059 4 1
5060 2 1
5061 34 0
5062 3 0
5063 25 1
5064 31 1
5065 8 1
5066 41 1
5067 3 1
5068 14 0
5069 48 0
5070 26 1
5071 15 1
5072 22 0
5073 46 1
5074 26 0
5075 1 1
5076 27 0
5077 8 1
5078 6 1
5079 3 1
5080 2 0
5081 45 0
5082 43 1
5083 25 1
5084 12 0
5085 3 1
5086 13 1
5087 21 1
5088 45 1
5089 25 0
5090 41 1
5091 51 0
5092 14 0
5093 23 0
5094 16 1
5095 9 0
5096 13 1
5097 37 1
5098 2 1
5099 38 0
5100 31 0
5101 28 1
5102 11 1
5103 31 1
5104 12 0
5105 27 1
5106 34 1
5107 22 0
5108 9 1
5109 44 1
5110 23 0
5111 19 1
5112 8 1
5113 17 0
5114 42 0
5115 1 1
5116 24 1
5117 45 1
5118 27 1
5119 16 1
5120 32 0
5121 45 1
5122 46 1
5123 15 1
5124 12 1
5125 33 1
5126 14 1
5127 48 1
5128 9 1
5129 9 1
5130 20 1
5131 49 1
5132 17 1
5133 3 1
5134 43 1
5135 36 1
5136 39 1
5137 42 0
5138 49 0
5139 40 0
5140 42 0
5141 21 1
5142 26 1
5143 30 1
5144 6 1
5145 10 0
5146 3 1
5147 46 0
5148 26 1
5149 40 1
5150 45 1
5151 16 0
5152 35 1
5153 41 0
5154 41 1
5155 18 0
5156 3 1
5157 11 1
5158 5 0
5159 16 1
5160 33 0
5161 14 1
5162 10 1
5163 32 1
5164 11 1
5165 29 1
5166 50 0
5167 13 1
5168 5 1
5169 41 1
5170 36 1
5171 1 0
5172 48 0
5173 49 1
5174 5 0
5175 41 1
5176 17 1
5177 51 1
5178 17 0
5179 40 1
5180 29 1
5181 8 1
5182 15 0
5183 12 1
5184 28 1
5185 42 0
5186 9 1
5187 32 1
5188 31 1
5189 11 1
5190 20 0
5191 0 0
5192 32 0
5193 44 1
5194 7 1
5195 1 0
5196 2 0
5197 15 1
5198 35 1
5199 42 1
5200 5 1
5201 28 1
5202 24 0
5203 24 1
5204 14 1
5205 44 1
5206 11 0
5207 51 1
5208 48 1
5209 45 1
5210 0 0
5211 16 1
5212 9 1
5213 24 0
5214 11 1
5215 8 0
5216 46 0
5217 6 0
5218 48 1
5219 2 1
5220 13 1
5221 25 1
5222 15 0
5223 21 1
5224 45 1
5225 42 0
5226 37 1
5227 0 1
5228 18 1
5229 19 0
5230 14 1
5231 45 1
5232 15 1
5233 7 1
5234 30 0
5235 50 0
5236 31 1
5237 20 0
5238 25 1
5239 9 1
5240 32 1
5241 15 1
5242 38 1
5243 44 1
5244 43 0
5245 33 0
5246 14 1
5247 46 1
5248 2 1
5249 40 0
5250 38 0
5251 3 0
5252 15 1
5253 16 0
5254 17 0
5255 38 1
5256 29 1
5257 19 1
5258 21 0
5259 20 0
5260 22 1
5261 50 1
5262 32 0
5263 41 1
5264 45 1
5265 18 0
5266 48 0
5267 24 1
5268 22 1
5269 31 0
5270 42 1
5271 13 1
5272 47 1
5273 11 0
5274 19 1
5275 8 0
5276 38 1
5277 29 0
5278 50 1
5279 5 1
5280 51 1
5281 26 1
5282 21 1
5283 35 1
5284 43 1
5285 7 0
5286 8 0
5287 5 1
5288 32 1
5289 51 1
5290 28 1
5291 44 0
5292 14 1
5293 37 1
5294 43 1
5295 36 1
5296 13 1
5297 14 0
5298 14 0
5299 30 1
5300 17 1
5301 19 1
5302 9 1
5303 33 0
5304 44 1
5305 16 1
5306 40 1
5307 39 1
5308 33 1
5309 48 1
5310 14 1
5311 43 1
5312 19 0
5313 15 1
5314 7 1
5315 43 1
5316 7 0
5317 2 0
5318 38 1
5319 10 1
5320 15 0
5321 3 0
5322 39 1
5323 39 1
5324 15 1
5325 49 1
5326 15 0
5327 10 0
5328 49 1
5329 44 0
5330 22 1
5331 33 0
5332 49 0
5333 50 1
5334 18 1
5335 42 1
5336 38 0
5337 42 1
5338 36 0
5339 50 1
5340 40 1
5341 34 1
5342 39 0
5343 14 1
5344 21 1
5345 17 1
5346 46 1
5347 25 1
5348 10 1
5349 3 1
5350 35 0
5351 15 1
5352 15 1
5353 51 1
5354 38 1
5355 27 1
5356 48 1
5357 5 1
5358 5 1
5359 47 1
5360 31 0
5361 22 1
5362 16 0
5363 21 1
5364 50 0
5365 7 1
5366 46 1
5367 6 1
5368 7 0
5369 37 1
5370 6 1
5371 19 1
5372 26 1
5373 13 1
5374 21 0
5375 10 1
5376 26 0
5377 29 0
5378 7 1
5379 44 1
5380 0 0
5381 14 1
5382 2 1
5383 4 1
5384 30 0
5385 31 1
5386 5 0
5387 43 1
5388 0 0
5389 15 1
5390 17 1
5391 49 0
5392 37 1
5393 9 1
5394 1 1
5395 25 1
5396 6 0
5397 48 1
5398 11 1
5399 46 1
5400 21 1
5401 30 1
5402 1 1
5403 34 1
5404 29 1
5405 26 1
5406 26 1
5407 42 1
5408 1 0
5409 3 1
5410 6 0
5411 32 1
5412 43 1
5413 0 0
5414 8 0
5415 20 1
5416 25 1
5417 4 1
5418 47 1
5419 31 0
5420 39 0
5421 23 0
5422 32 0
5423 24 1
5424 46 1
5425 12 1
5426 31 0
5427 16 1
5428 25 1
5429 28 0
5430 39 1
5431 11 1
5432 22 1
5433 14 1
5434 5 1
5435 46 1
5436 2 1
5437 5 1
5438 35 1
5439 44 1
5440 32 1
5441 5 1
5442 1 1
5443 13 1
5444 42 1
5445 9 1
5446 42 0
5447 46 1
5448 40 1
5449 34 1
5450 6 1
5451 38 1
5452 22 0
5453 19 1
5454 49 1
5455 39 0
5456 43 0
5457 21 1
5458 18 1
5459 20 1
5460 0 0
5461 41 0
5462 1 1
5463 32 1
5464 20 1
5465 11 1
5466 19 1
5467 10 1
5468 44 1
5469 50 1
5470 40 1
5471 23 0
5472 34 0
5473 1 1
5474 2 0
5475 36 1
5476 2 0
5477 22 1
5478 37 0
5479 21 1
5480 20 0
5481 7 1
5482 5 0
5483 32 1
5484 51 1
5485 15 0
5486 20 1
5487 23 0
5488 6 1
5489 6 0
5490 49 0
5491 39 1
5492 20 1
5493 31 0
5494 15 0
5495 38 1
5496 8 1
5497 27 1
5498 14 1
5499 38 0
5500 43 0
5501 29 1
5502 43 1
5503 46 1
5504 29 1
5505 10 0
5506 19 1
5507 2 1
5508 35 1
5509 44 0
5510 13 1
5511 38 0
5512 27 1
5513 38 0
5514 50 1
5515 7 0
5516 30 1
5517 4 1
5518 12 1
5519 51 1
5520 51 1
5521 44 0
5522 34 1
5523 9 1
5524 31 1
5525 20 1
5526 35 1
5527 17 0
5528 20 0
5529 3 0
5530 31 1
5531 35 0
5532 22 0
5533 35 0
5534 14 1
5535 0 1
5536 19 1
5537 11 1
5538 42 0
5539 47 1
5540 49 1
5541 17 0
5542 21 1
5543 18 0
5544 13 1
5545 36 1
5546 8 1
5547 30 1
5548 12 1
5549 42 1
5550 51 0
5551 20 1
5552 39 1
5553 20 1
5554 0 0
5555 31 1
5556 6 1
5557 6 1
5558 35 1
5559 45 0
5560 22 1
5561 45 0
5562 2 0
5563 38 0
5564 41 1
5565 44 1
5566 46 1
5567 35 0
5568 20 0
5569 15 1
5570 22 1
5571 45 1
5572 46 0
5573 8 1
5574 28 0
5575 30 0
5576 35 1
5577 33 1
5578 51 0
5579 3 1
5580 23 1
5581 34 1
5582 12 1
5583 3 1
5584 1 1
5585 28 1
5586 16 1
5587 28 1
5588 25 0
5589 44 1
5590 13 1
5591 32 1
5592 50 1
5593 38 1
5594 37 1
5595 42 1
5596 18 0
5597 2 0
5598 46 1
5599 11 0
5600 0 1
5601 46 0
5602 13 1
5603 4 1
5604 10 0
5605 20 1
5606 47 0
5607 25 0
5608 42 1
5609 18 1
5610 33 1
5611 11 0
5612 9 1
5613 30 0
5614 20 1
5615 2 1
5616 32 1
5617 13 1
5618 23 1
5619 37 1
5620 42 1
5621 10 0
5622 34 1
5623 30 0
5624 50 1
5625 27 1
5626 33 0
5627 7 1
5628 0 1
5629 50 0
5630 30 1
5631 21 0
5632 26 1
5633 9 0
5634 4 1
5635 35 1
5636 3 1
5637 7 1
5638 4 1
5639 37 0
5640 37 1
5641 39 1
5642 27 1
5643 38 1
5644 8 0
5645 28 0
5646 41 0
5647 1 1
5648 7 1
5649 17 1
5650 36 0
5651 33 0
5652 22 0
5653 29 0
5654 5 1
5655 33 0
5656 31 1
5657 38 1
5658 43 0
5659 10 0
5660 12 1
5661 41 1
5662 11 0
5663 45 1
5664 33 1
5665 6 1
5666 39 1
5667 34 0
5668 32 1
5669 11 0
5670 2 0
5671 4 1
5672 41 1
5673 16 1
5674 18 1
5675 7 0
5676 40 1
5677 9 1
5678 16 1
5679 46 0
5680 17 1
5681 43 1
5682 43 0
5683 17 0
5684 41 1
5685 13 1
5686 49 1
5687 1 1
5688 12 0
5689 47 1
5690 20 1
5691 9 0
5692 28 1
5693 12 1
5694 49 1
5695 45 1
5696 10 0
5697 46 0
5698 14 1
5699 5 1
5700 15 0
5701 23 1
5702 12 1
5703 4 0
5704 46 1
5705 30 1
5706 6 0
5707 28 1
5708 34 1
5709 30 0
5710 27 0
5711 49 1
5712 37 1
5713 43 1
5714 6 1
5715 31 1
5716 15 1
5717 15 1
5718 30 0
5719 3 1
5720 22 1
5721 16 1
5722 50 1
5723 39 1
5724 36 1
5725 16 1
5726 42 0
5727 25 0
5728 9 0
5729 30 0
5730 13 0
5731 41 1
5732 43 0
5733 36 0
5734 51 1
5735 23 1
5736 50 1
5737 27 1
5738 35 1
5739 4 1
5740 8 1
5741 7 1
5742 10 1
5743 29 0
5744 24 1
5745 10 1
5746 49 0
5747 47 0
5748 4 1
5749 39 1
5750 47 1
5751 30 0
5752 25 1
5753 41 0
5754 47 0
5755 3 1
5756 42 1
5757 6 0
5758 18 0
5759 47 0
5760 24 1
5761 9 0
5762 34 1
5763 38 0
5764 35 1
5765 46 1
5766 11 0
5767 0 1
5768 5 1
5769 20 1
5770 40 1
5771 9 1
5772 10 1
5773 7 1
5774 31 0
5775 24 0
5776 36 0
5777 1 0
5778 13 1
5779 33 0
5780 17 1
5781 31 0
5782 28 1
5783 41 0
5784 26 1
5785 10 0
5786 9 0
5787 44 1
5788 39 1
5789 25 1
5790 30 1
5791 50 1
5792 34 1
5793 37 1
5794 42 1
5795 47 1
5796 49 1
5797 40 1
5798 35 0
5799 35 1
5800 14 0
5801 51 1
5802 17 1
5803 20 1
5804 19 0
5805 50 1
5806 18 1
5807 43 1
5808 23 0
5809 23 0
5810 50 1
5811 25 1
5812 21 1
5813 25 0
5814 18 1
5815 17 0
5816 30 0
5817 9 0
5818 36 1
5819 27 1
5820 22 1
5821 4 1
5822 50 0
5823 16 1
5824 28 1
5825 39 0
5826 33 0
5827 26 1
5828 2 1
5829 11 1
5830 36 1
5831 6 1
5832 45 1
5833 13 0
5834 44 1
5835 36 0
5836 18 1
5837 6 0
5838 40 0
5839 13 1
5840 13 1
5841 46 1
5842 18 1
5843 1 1
5844 25 1
5845 21 0
5846 18 1
5847 4 1
5848 18 1
5849 45 1
5850 10 1
5851 28 1
5852 46 0
5853 20 0
5854 8 1
5855 26 0
5856 14 1
5857 20 1
5858 45 1
5859 5 1
5860 10 1
5861 32 1
5862 30 0
5863 44 1
5864 29 1
5865 11 1
5866 14 0
5867 19 1
5868 26 0
5869 18 1
5870 25 1
5871 8 1
5872 17 1
5873 48 1
5874 1 1
5875 33 1
5876 31 1
5877 44 0
5878 25 1
5879 10 1
5880 21 0
5881 18 1
5882 36 0
5883 20 0
5884 29 0
5885 21 0
5886 35 0
5887 17 1
5888 33 1
5889 15 1
5890 46 1
5891 50 1
5892 37 1
5893 11 1
5894 27 1
5895 16 1
5896 18 1
5897 37 1
5898 24 1
5899 41 1
5900 48 0
5901 3 1
5902 43 1
5903 8 1
5904 14 0
5905 35 1
5906 23 0
5907 34 1
5908 0 1
5909 22 1
5910 19 1
5911 29 1
5912 49 0
5913 45 0
5914 47 1
5915 22 0
5916 49 1
5917 0 0
5918 50 1
5919 41 0
5920 8 0
5921 20 0
5922 9 1
5923 16 1
5924 29 1
5925 14 0
5926 1 1
5927 38 1
5928 33 1
5929 48 1
5930 18 0
5931 48 1
5932 20 0
5933 31 1
5934 33 1
5935 34 1
5936 24 1
5937 48 1
5938 10 0
5939 48 1
5940 3 0
5941 39 0
5942 29 0
5943 31 1
5944 33 1
5945 42 1
5946 23 1
5947 42 0
5948 39 1
5949 14 1
5950 46 1
5951 37 1
5952 27 1
5953 5 1
5954 50 0
5955 28 0
5956 39 0
5957 34 0
5958 18 1
5959 30 1
5960 17 1
5961 27 1
5962 11 0
5963 36 1
5964 43 1
5965 47 1
5966 46 0
5967 9 0
5968 19 1
5969 39 0
5970 15 1
5971 47 0
5972 8 1
5973 22 1
5974 46 1
5975 25 1
5976 24 1
5977 4 1
5978 22 0
5979 39 1
5980 38 0
5981 27 0
5982 47 0
5983 35 1
5984 26 0
5985 32 1
5986 38 1
5987 47 0
5988 8 1
5989 48 1
5990 45 0
5991 42 1
5992 26 1
5993 34 1
5994 11 1
5995 38 1
5996 7 1
5997 35 1
5998 2 1
5999 45 1
6000 16 1
6001 46 0
6002 4 1
6003 1 1
6004 35 0
6005 43 1
6006 24 0
6007 50 1
6008 4 1
6009 51 0
6010 5 0
6011 42 0
6012 2 1
6013 20 1
6014 19 1
6015 9 0
6016 43 1
6017 14 1
6018 48 1
6019 36 0
6020 42 1
6021 12 1
6022 8 1
6023 16 1
6024 47 1
6025 5 1
6026 4 0
6027 17 1
6028 20 1
6029 15 1
6030 27 0
6031 50 0
6032 31 1
6033 41 0
6034 5 0
6035 11 1
6036 28 1
6037 13 1
6038 10 0
6039 2 1
6040 21 0
6041 33 1
6042 30 0
6043 36 1
6044 12 1
6045 41 1
6046 4 0
6047 33 1
6048 28 1
6049 16 1
6050 0 0
6051 32 1
6052 51 1
6053 18 1
6054 23 0
6055 42 1
6056 3 1
6057 49 1
6058 50 0
6059 35 1
6060 38 0
6061 26 0
6062 15 1
6063 2 1
6064 11 1
6065 29 1
6066 22 0
6067 16 0
6068 3 1
6069 6 1
6070 30 0
6071 22 1
6072 47 0
6073 18 1
6074 30 1
6075 9 1
6076 5 1
6077 34 1
6078 47 1
6079 41 0
6080 7 1
6081 46 1
6082 28 1
6083 50 1
6084 49 0
6085 10 1
6086 4 1
6087 13 0
6088 5 1
6089 50 1
6090 37 0
6091 3 0
6092 18 1
6093 39 0
6094 26 1
6095 24 1
6096 23 1
6097 11 1
6098 9 1
6099 35 1
6100 46 0
6101 9 1
6102 3 1
6103 3 1
6104 30 1
6105 47 0
6106 36 1
6107 33 1
6108 39 0
6109 44 1
6110 25 0
6111 24 1
6112 39 1
6113 0 1
6114 49 1
6115 30 1
6116 5 1
6117 19 1
6118 38 1
6119 20 1
6120 51 1
6121 35 0
6122 41 1
6123 37 1
6124 42 1
6125 19 0
6126 51 1
6127 16 1
6128 2 0
6129 11 1
6130 27 0
6131 20 1
6132 5 1
6133 45 1
6134 37 1
6135 12 0
6136 5 1
6137 19 1
6138 41 1
6139 0 1
6140 38 0
6141 50 1
6142 10 0
6143 4 1
6144 34 0
6145 40 1
6146 8 0
6147 19 1
6148 23 0
6149 34 1
6150 2 1
6151 20 1
6152 18 0
6153 31 0
6154 48 1
6155 42 0
6156 26 0
6157 24 1
6158 7 0
6159 0 1
6160 19 1
6161 28 1
6162 25 0
6163 17 1
6164 11 1
6165 37 1
6166 50 0
6167 50 0
6168 21 0
6169 0 0
6170 12 1
6171 4 1
6172 7 0
6173 26 0
6174 8 0
6175 33 1
6176 43 0
6177 6 0
6178 32 1
6179 46 1
6180 27 1
6181 33 1
6182 37 1
6183 18 1
6184 12 1
6185 28 1
6186 12 1
6187 38 0
6188 12 1
6189 39 1
6190 15 1
6191 23 1
6192 29 1
6193 27 1
6194 30 1
6195 28 1
6196 29 0
6197 7 0
6198 17 0
6199 25 0
6200 47 1
6201 2 1
6202 38 1
6203 31 1
6204 5 1
6205 19 1
6206 14 1
6207 7 1
6208 49 1
6209 4 1
6210 32 1
6211 8 0
6212 19 0
6213 51 1
6214 44 1
6215 42 0
6216 31 0
6217 51 1
6218 38 1
6219 16 0
6220 1 1
6221 44 0
6222 31 1
6223 11 1
6224 9 1
6225 3 1
6226 0 1
6227 26 1
6228 31 1
6229 8 0
6230 3 1
6231 15 1
6232 19 1
6233 51 1
6234 24 1
6235 1 1
6236 4 1
6237 45 1
6238 44 1
6239 39 1
6240 23 0
6241 19 1
6242 5 0
6243 23 1
6244 23 1
6245 12 1
6246 30 1
6247 8 1
6248 17 1
6249 7 1
6250 28 1
6251 43 0
6252 29 0
6253 19 0
6254 44 1
6255 26 0
6256 24 1
6257 19 1
6258 43 0
6259 18 1
6260 22 0
6261 41 1
6262 33 1
6263 2 1
6264 9 1
6265 43 0
6266 45 0
6267 21 1
6268 46 1
6269 47 0
6270 50 0
6271 6 1
6272 19 1
6273 4 1
6274 44 0
6275 24 1
6276 28 0
6277 19 1
6278 15 0
6279 35 1
6280 6 0
6281 14 1
6282 37 1
6283 25 0
6284 4 0
6285 22 1
6286 46 0
6287 1 0
6288 5 0
6289 23 0
6290 3 1
6291 41 1
6292 41 0
6293 16 0
6294 6 1
6295 32 1
6296 1 1
6297 44 1
6298 10 0
6299 22 1
6300 42 0
6301 16 1
6302 0 1
6303 25 1
6304 50 0
6305 31 1
6306 23 1
6307 36 1
6308 5 0
6309 44 0
6310 3 0
6311 27 0
6312 23 1
6313 47 1
6314 13 1
6315 23 1
6316 41 0
6317 15 1
6318 33 1
6319 23 0
6320 16 1
6321 9 1
6322 27 1
6323 28 1
6324 50 1
6325 19 1
6326 49 0
6327 35 1
6328 42 1
6329 30 0
6330 0 0
6331 34 0
6332 18 1
6333 35 1
6334 17 1
6335 7 1
6336 12 1
6337 20 1
6338 15 1
6339 19 1
6340 45 1
6341 43 1
6342 9 1
6343 39 0
6344 9 1
6345 30 1
6346 24 1
6347 2 0
6348 13 1
6349 17 1
6350 19 1
6351 11 0
6352 46 0
6353 47 0
6354 32 1
6355 26 1
6356 29 1
6357 43 1
6358 48 0
6359 13 0
6360 1 0
6361 18 1
6362 31 1
6363 43 1
6364 34 1
6365 22 0
6366 9 1
6367 38 0
6368 17 1
6369 44 0
6370 0 1
6371 50 1
6372 41 0
6373 20 1
6374 24 0
6375 47 0
6376 29 0
6377 2 0
6378 34 1
6379 29 1
6380 2 1
6381 23 1
6382 13 1
6383 47 1
6384 46 1
6385 3 1
6386 34 1
6387 29 1
6388 47 1
6389 13 1
6390 11 1
6391 49 1
6392 49 1
6393 2 1
6394 21 0
6395 1 1
6396 35 1
6397 38 0
6398 13 1
6399 31 0
6400 49 1
6401 6 1
6402 40 0
6403 35 0
6404 37 0
6405 7 1
6406 8 1
6407 13 1
6408 7 0
6409 13 0
6410 23 0
6411 3 1
6412 18 1
6413 7 1
6414 27 1
6415 15 1
6416 50 0
6417 8 1
6418 9 1
6419 50 1
6420 43 1
6421 18 1
6422 13 1
6423 8 0
6424 23 1
6425 1 1
6426 40 1
6427 5 1
6428 50 0
6429 38 1
6430 27 1
6431 26 1
6432 27 1
6433 40 0
6434 29 1
6435 6 1
6436 19 1
6437 23 1
6438 32 0
6439 32 1
6440 30 1
6441 2 0
6442 42 1
6443 1 1
6444 24 1
6445 42 0
6446 45 1
6447 1 1
6448 3 1
6449 4 1
6450 3 1
6451 5 1
6452 11 1
6453 34 0
6454 13 1
6455 27 0
6456 0 1
6457 37 0
6458 41 1
6459 30 0
6460 31 1
6461 17 1
6462 14 1
6463 21 1
6464 11 1
6465 26 0
6466 40 0
6467 40 1
6468 37 1
6469 22 1
6470 12 1
6471 17 1
6472 32 0
6473 30 1
6474 21 1
6475 39 0
6476 6 0
6477 1 0
6478 50 1
6479 13 1
6480 51 0
6481 51 1
6482 48 1
6483 42 1
6484 37 0
6485 35 0
6486 39 1
6487 14 1
6488 34 1
6489 16 1
6490 5 0
6491 32 0
6492 35 0
6493 7 0
6494 7 0
6495 46 1
6496 37 0
6497 22 1
6498 8 0
6499 18 0
6500 26 1
6501 23 1
6502 5 0
6503 32 0
6504 33 1
6505 19 1
6506 28 1
6507 50 0
6508 37 1
6509 49 1
6510 31 1
6511 0 1
6512 13 1
6513 1 1
6514 11 1
6515 19 1
6516 24 1
6517 26 1
6518 31 0
6519 20 0
6520 7 0
6521 51 0
6522 16 1
6523 50 1
6524 36 1
6525 22 1
6526 15 0
6527 35 1
6528 49 1
6529 25 0
6530 7 0
6531 46 1
6532 38 0
6533 40 1
6534 31 1
6535 6 0
6536 24 1
6537 21 1
6538 7 0
6539 46 1
6540 43 1
6541 10 1
6542 43 0
6543 10 1
6544 5 1
6545 48 1
6546 32 1
6547 47 1
6548 15 1
6549 12 1
6550 20 1
6551 32 1
6552 51 1
6553 13 1
6554 24 1
6555 2 0
6556 27 1
6557 49 0
6558 34 1
6559 34 1
6560 47 1
6561 28 1
6562 25 1
6563 21 0
6564 35 1
6565 10 1
6566 51 1
6567 0 1
6568 47 1
6569 10 0
6570 48 1
6571 39 0
6572 1 1
6573 18 0
6574 48 1
6575 0 0
6576 7 1
6577 46 1
6578 28 1
6579 49 0
6580 49 1
6581 19 1
6582 2 1
6583 0 1
6584 8 1
6585 22 0
6586 50 1
6587 32 1
6588 50 0
6589 12 1
6590 50 1
6591 42 0
6592 16 1
6593 15 1
6594 1 1
6595 9 1
6596 24 1
6597 23 1
6598 24 1
6599 29 1
6600 9 0
6601 41 1
6602 12 0
6603 36 1
6604 47 1
6605 10 1
6606 36 1
6607 3 0
6608 37 0
6609 21 1
6610 7 0
6611 41 1
6612 35 1
6613 34 1
6614 40 0
6615 43 0
6616 38 1
6617 33 0
6618 5 1
6619 14 1
6620 17 0
6621 22 0
6622 0 1
6623 30 1
6624 20 0
6625 4 1
6626 6 0
6627 10 1
6628 34 1
6629 24 1
6630 32 1
6631 47 0
6632 0 1
6633 22 0
6634 50 0
6635 6 0
6636 12 1
6637 21 1
6638 29 1
6639 30 1
6640 3 1
6641 28 1
6642 4 1
6643 2 1
6644 32 0
6645 12 1
6646 17 1
6647 35 1
6648 41 1
6649 23 1
6650 21 0
6651 35 0
6652 9 1
6653 50 0
6654 8 1
6655 12 0
6656 15 1
6657 24 1
6658 27 1
6659 10 1
6660 28 1
6661 0 1
6662 35 1
6663 15 0
6664 45 0
6665 15 0
6666 19 0
6667 24 1
6668 32 1
6669 43 1
6670 2 1
6671 28 0
6672 19 1
6673 14 1
6674 31 1
6675 6 1
6676 23 1
6677 33 0
6678 18 0
6679 6 1
6680 39 1
6681 1 1
6682 25 0
6683 11 0
6684 27 0
6685 21 0
6686 33 1
6687 24 1
6688 30 0
6689 24 1
6690 10 0
6691 44 1
6692 37 1
6693 16 1
6694 51 1
6695 18 1
6696 49 1
6697 21 1
6698 49 1
6699 3 1
6700 11 1
6701 30 0
6702 26 1
6703 22 0
6704 40 0
6705 41 1
6706 0 1
6707 37 0
6708 11 0
6709 44 0
6710 0 0
6711 25 1
6712 34 1
6713 19 1
6714 3 0
6715 7 1
6716 51 0
6717 36 1
6718 40 1
6719 5 1
6720 4 0
6721 32 1
6722 31 1
6723 22 1
6724 46 1
6725 29 1
6726 29 1
6727 20 0
6728 49 0
6729 46 0
6730 14 0
6731 43 0
6732 39 0
6733 14 0
6734 37 0
6735 9 1
6736 17 1
6737 26 1
6738 10 1
6739 16 1
6740 14 1
6741 3 1
6742 48 1
6743 30 1
6744 16 1
6745 21 1
6746 26 1
6747 20 0
6748 44 1
6749 45 0
6750 34 1
6751 23 1
6752 47 1
6753 24 1
6754 21 0
6755 38 0
6756 10 0
6757 31 1
6758 41 1
6759 3 0
6760 10 0
6761 12 0
6762 41 0
6763 30 0
6764 18 1
6765 12 1
6766 2 0
6767 28 0
6768 37 1
6769 31 1
6770 21 0
6771 18 1
6772 10 1
6773 41 1
6774 36 1
6775 9 1
6776 44 1
6777 11 1
6778 5 1
6779 16 1
6780 40 0
6781 28 0
6782 43 1
6783 44 0
6784 9 1
6785 35 1
6786 20 1
6787 37 1
6788 3 0
6789 10 0
6790 46 0
6791 14 1
6792 17 0
6793 24 1
6794 42 1
6795 51 0
6796 48 0
6797 25 1
6798 8 1
6799 16 1
6800 20 1
6801 51 1
6802 33 0
6803 22 0
6804 14 1
6805 28 1
6806 29 1
6807 50 1
6808 15 1
6809 21 1
6810 43 1
6811 15 1
6812 0 1
6813 4 0
6814 9 1
6815 29 1
6816 24 0
6817 21 1
6818 16 0
6819 17 1
6820 1 1
6821 14 1
6822 35 0
6823 28 0
6824 39 1
6825 35 1
6826 50 1
6827 47 1
6828 15 1
6829 34 1
6830 19 0
6831 6 1
6832 43 1
6833 0 1
6834 48 0
6835 37 1
6836 39 1
6837 31 1
6838 40 1
6839 25 1
6840 37 0
6841 34 0
6842 36 0
6843 10 1
6844 28 1
6845 0 1
6846 36 1
6847 19 1
6848 39 1
6849 11 1
6850 38 1
6851 36 1
6852 0 1
6853 24 1
6854 2 1
6855 20 1
6856 11 1
6857 0 0
6858 8 1
6859 46 1
6860 35 0
6861 12 1
6862 6 1
6863 24 1
6864 0 1
6865 4 0
6866 36 0
6867 15 0
6868 35 1
6869 1 0
6870 42 1
6871 1 1
6872 0 0
6873 48 1
6874 44 0
6875 48 1
6876 17 1
6877 23 0
6878 17 1
6879 20 1
6880 35 1
6881 7 0
6882 44 1
6883 4 1
6884 38 1
6885 13 1
6886 3 0
6887 5 0
6888 20 0
6889 39 1
6890 24 0
6891 39 0
6892 21 1
6893 17 1
6894 10 1
6895 31 1
6896 14 1
6897 13 0
6898 36 0
6899 34 1
6900 27 1
6901 3 1
6902 37 1
6903 10 1
6904 14 1
6905 45 1
6906 38 1
6907 4 0
6908 48 1
6909 49 1
6910 34 0
6911 0 0
6912 18 1
6913 31 1
6914 34 1
6915 5 1
6916 12 0
6917 17 0
6918 22 1
6919 7 1
6920 29 0
6921 51 0
6922 9 0
6923 26 1
6924 28 1
6925 40 1
6926 3 0
6927 11 0
6928 5 1
6929 28 1
6930 31 1
6931 49 1
6932 18 1
6933 16 0
6934 18 0
6935 29 1
6936 0 1
6937 39 1
6938 35 1
6939 47 1
6940 41 0
6941 49 1
6942 27 1
6943 18 0
6944 26 1
6945 47 1
6946 31 0
6947 24 1
6948 35 1
6949 42 1
6950 16 1
6951 25 1
6952 23 1
6953 6 1
6954 29 0
6955 45 0
6956 12 1
6957 15 1
6958 3 1
6959 47 0
6960 7 1
6961 11 1
6962 35 1
6963 12 1
6964 29 1
6965 24 1
6966 50 1
6967 14 1
6968 13 1
6969 32 1
6970 49 1
6971 41 1
6972 21 0
6973 24 0
6974 41 1
6975 2 1
6976 9 1
6977 11 1
6978 2 1
6979 44 1
6980 30 1
6981 0 0
6982 18 0
6983 3 0
6984 10 0
6985 26 1
6986 37 0
6987 16 0
6988 48 0
6989 31 1
6990 35 0
6991 38 0
6992 51 1
6993 42 1
6994 25 0
6995 32 1
6996 26 1
6997 12 0
6998 23 1
6999 0 0
7000 27 1
7001 17 0
7002 46 1
7003 47 1
7004 50 1
7005 9 0
7006 39 0
7007 3 1
7008 49 1
7009 16 1
7010 3 1
7011 29 1
7012 34 1
7013 50 1
7014 33 1
7015 43 1
7016 4 1
7017 1 0
7018 19 1
7019 46 1
7020 26 1
7021 3 0
7022 26 0
7023 28 1
7024 3 1
7025 21 1
7026 46 0
7027 12 1
7028 45 0
7029 37 0
7030 36 0
7031 15 0
7032 42 1
7033 15 0
7034 40 0
7035 30 0
7036 40 1
7037 31 1
7038 16 1
7039 42 0
7040 5 1
7041 2 1
7042 15 1
7043 31 0
7044 0 1
7045 14 1
7046 25 0
7047 1 1
7048 21 0
7049 0 1
7050 30 0
7051 27 1
7052 13 1
7053 37 0
7054 43 0
7055 1 1
7056 16 1
7057 23 1
7058 22 0
7059 19 0
7060 22 1
7061 35 1
7062 39 1
7063 11 0
7064 5 0
7065 46 0
7066 19 1
7067 29 1
7068 28 0
7069 13 0
7070 19 1
7071 43 1
7072 51 1
7073 18 0
7074 44 1
7075 20 1
7076 18 1
7077 39 0
7078 44 1
7079 42 1
7080 14 1
7081 8 0
7082 33 1
7083 41 0
7084 5 1
7085 5 1
7086 22 1
7087 35 1
7088 39 1
7089 18 0
7090 14 1
7091 51 1
7092 19 0
7093 42 1
7094 40 0
7095 37 0
7096 20 0
7097 36 1
7098 11 0
7099 39 1
7100 5 1
7101 16 1
7102 46 0
7103 0 1
7104 28 1
7105 41 1
7106 33 1
7107 27 1
7108 2 1
7109 16 1
7110 25 1
7111 46 1
7112 26 1
7113 22 1
7114 32 0
7115 6 1
7116 7 1
7117 16 1
7118 50 0
7119 10 0
7120 11 0
7121 49 0
7122 16 1
7123 25 1
7124 17 1
7125 10 1
7126 46 1
7127 39 0
7128 10 1
7129 10 1
7130 24 1
7131 4 1
7132 16 1
7133 8 1
7134 13 0
7135 45 1
7136 46 0
7137 49 1
7138 43 0
7139 30 1
7140 39 1
7141 3 0
7142 20 0
7143 5 1
7144 29 0
7145 49 1
7146 9 1
7147 36 1
7148 51 1
7149 15 1
7150 38 1
7151 41 1
7152 4 1
7153 20 1
7154 36 1
7155 32 1
7156 42 1
7157 8 0
7158 31 1
7159 44 1
7160 33 1
7161 13 1
7162 48 1
7163 43 1
7164 17 1
7165 11 0
7166 20 1
7167 12 1
7168 14 1
7169 47 0
7170 34 1
7171 49 0
7172 16 1
7173 10 1
7174 23 1
7175 7 1
7176 49 1
7177 51 1
7178 45 1
7179 44 1
7180 25 1
7181 17 1
7182 8 1
7183 45 0
7184 14 1
7185 49 1
7186 45 1
7187 49 1
7188 32 1
7189 8 1
7190 15 1
7191 11 0
7192 11 0
7193 9 0
7194 29 1
7195 18 1
7196 8 1
7197 0 0
7198 17 1
7199 43 1
7200 34 0
7201 33 0
7202 14 0
7203 40 1
7204 42 1
7205 25 1
7206 39 0
7207 45 0
7208 51 1
7209 6 0
7210 31 0
7211 35 1
7212 36 0
7213 8 1
7214 4 1
7215 37 1
7216 19 0
7217 18 1
7218 1 1
7219 4 1
7220 7 1
7221 49 0
7222 19 1
7223 21 1
7224 21 1
7225 23 0
7226 28 0
7227 44 1
7228 45 1
7229 46 0
7230 4 1
7231 40 0
7232 2 1
7233 34 0
7234 18 1
7235 22 0
7236 20 1
7237 48 1
7238 14 1
7239 34 1
7240 50 0
7241 11 1
7242 15 0
7243 19 1
7244 9 1
7245 33 0
7246 48 0
7247 13 1
7248 5 1
7249 5 1
7250 10 1
7251 24 1
7252 51 0
7253 22 1
7254 19 0
7255 24 0
7256 13 1
7257 47 0
7258 44 1
7259 12 0
7260 3 0
7261 42 1
7262 19 0
7263 26 0
7264 27 0
7265 51 1
7266 36 0
7267 20 0
7268 25 1
7269 25 1
7270 22 1
7271 9 1
7272 37 1
7273 39 0
7274 47 0
7275 34 1
7276 48 1
7277 26 0
7278 5 1
7279 20 0
7280 9 1
7281 46 1
7282 48 1
7283 4 1
7284 32 1
7285 13 1
7286 3 0
7287 37 1
7288 30 0
7289 50 1
7290 51 1
7291 0 1
7292 33 1
7293 43 1
7294 3 0
7295 23 0
7296 8 1
7297 33 1
7298 35 0
7299 1 0
7300 43 0
7301 45 0
7302 12 1
7303 39 1
7304 30 1
7305 44 1
7306 45 0
7307 4 1
7308 46 0
7309 17 1
7310 36 1
7311 14 1
7312 9 1
7313 24 1
7314 38 1
7315 7 1
7316 15 0
7317 28 1
7318 6 0
7319 21 0
7320 0 0
7321 45 1
7322 33 1
7323 24 1
7324 22 0
7325 6 1
7326 34 0
7327 26 1
7328 20 1
7329 36 1
7330 51 0
7331 12 1
7332 48 1
7333 45 1
7334 31 1
7335 43 1
7336 32 0
7337 28 1
7338 11 1
7339 45 1
7340 47 1
7341 15 1
7342 48 1
7343 21 1
7344 15 0
7345 51 1
7346 2 1
7347 32 0
7348 27 1
7349 5 0
7350 43 0
7351 13 1
7352 38 1
7353 13 1
7354 46 1
7355 6 1
7356 10 1
7357 47 1
7358 14 0
7359 50 1
7360 26 0
7361 23 1
7362 8 0
7363 31 0
7364 32 0
7365 17 0
7366 13 1
7367 51 0
7368 24 1
7369 24 0
7370 22 1
7371 36 0
7372 3 1
7373 14 1
7374 23 1
7375 50 0
7376 10 1
7377 30 1
7378 0 1
7379 6 1
7380 50 0
7381 8 0
7382 6 0
7383 39 0
7384 47 0
7385 1 1
7386 46 1
7387 26 1
7388 44 1
7389 47 0
7390 5 0
7391 17 1
7392 43 0
7393 39 1
7394 33 1
7395 0 1
7396 21 0
7397 47 1
7398 43 1
7399 10 0
7400 49 0
7401 7 0
7402 24 1
7403 21 0
7404 26 1
7405 8 0
7406 9 1
7407 23 0
7408 49 0
7409 20 0
7410 32 0
7411 42 1
7412 32 0
7413 5 1
7414 47 1
7415 13 0
7416 3 1
7417 40 1
7418 30 0
7419 48 0
7420 25 1
7421 39 1
7422 34 0
7423 39 1
7424 25 0
7425 14 0
7426 31 0
7427 7 0
7428 18 0
7429 10 1
7430 32 1
7431 11 1
7432 20 1
7433 16 1
7434 37 1
7435 34 0
7436 21 1
7437 49 1
7438 36 0
7439 10 0
7440 48 0
7441 43 0
7442 6 1
7443 39 1
7444 15 0
7445 42 1
7446 25 1
7447 7 0
7448 29 1
7449 47 1
7450 12 0
7451 0 1
7452 3 1
7453 12 1
7454 39 1
7455 25 1
7456 51 1
7457 11 1
7458 19 1
7459 34 1
7460 29 1
7461 6 1
7462 2 0
7463 24 0
7464 13 1
7465 21 1
7466 25 0
7467 34 1
7468 23 0
7469 43 1
7470 44 0
7471 22 1
7472 38 1
7473 25 0
7474 36 0
7475 16 1
7476 8 0
7477 44 1
7478 11 1
7479 17 0
7480 11 0
7481 1 1
7482 35 0
7483 16 0
7484 5 1
7485 21 1
7486 29 1
7487 46 1
7488 1 1
7489 48 1
7490 31 0
7491 27 1
7492 38 0
7493 1 1
7494 11 1
7495 26 1
7496 8 1
7497 11 1
7498 39 1
7499 2 1
7500 39 1
7501 23 1
7502 15 1
7503 35 1
7504 12 1
7505 6 0
7506 48 1
7507 34 0
7508 4 1
7509 9 0
7510 5 1
7511 41 0
7512 39 0
7513 33 0
7514 4 0
7515 0 0
7516 35 1
7517 36 1
7518 16 1
7519 19 1
7520 27 0
7521 24 0
7522 10 0
7523 35 1
7524 46 1
7525 33 1
7526 31 1
7527 17 1
7528 23 1
7529 26 1
7530 9 1
7531 47 1
7532 25 1
7533 48 1
7534 26 1
7535 21 1
7536 45 0
7537 30 1
7538 4 0
7539 22 0
7540 9 1
7541 1 0
7542 26 1
7543 11 1
7544 44 1
7545 29 1
7546 39 1
7547 27 1
7548 31 0
7549 29 1
7550 14 0
7551 36 1
7552 48 1
7553 15 0
7554 3 1
7555 2 1
7556 40 0
7557 28 1
7558 26 1
7559 45 1
7560 25 1
7561 1 1
7562 23 0
7563 1 1
7564 27 1
7565 36 1
7566 6 1
7567 1 1
7568 34 1
7569 7 0
7570 29 1
7571 25 1
7572 45 1
7573 36 0
7574 42 1
7575 43 0
7576 4 0
7577 4 1
7578 48 0
7579 33 0
7580 13 1
7581 40 1
7582 14 1
7583 25 1
7584 33 1
7585 38 0
7586 46 0
7587 4 0
7588 14 0
7589 11 0
7590 22 1
7591 47 1
7592 50 0
7593 5 1
7594 34 1
7595 21 0
7596 32 1
7597 18 0
7598 3 1
7599 48 1
7600 28 1
7601 23 1
7602 46 1
7603 13 0
7604 20 1
7605 16 1
7606 3 1
7607 48 1
7608 16 1
7609 0 0
7610 15 1
7611 49 1
7612 36 1
7613 23 1
7614 10 1
7615 24 1
7616 29 1
7617 36 1
7618 27 0
7619 36 1
7620 51 1
7621 17 0
7622 17 1
7623 36 0
7624 42 1
7625 35 0
7626 11 1
7627 34 0
7628 51 1
7629 34 0
7630 24 0
7631 48 1
7632 7 1
7633 29 0
7634 34 0
7635 10 0
7636 43 1
7637 40 1
7638 41 0
7639 17 1
7640 37 0
7641 41 0
7642 8 1
7643 43 1
7644 28 0
7645 44 0
7646 37 1
7647 6 1
7648 25 1
7649 30 1
