5968
1 529 1
2 628 1
3 430 1
4 471 1
5 514 1
6 796 1
7 277 0
8 742 1
9 36 0
10 37 0
11 476 1
12 744 0
13 278 0
14 328 1
15 82 0
16 441 1
17 516 1
18 30 0
19 70 0
20 583 1
21 648 1
22 560 1
23 31 1
24 65 1
25 561 1
26 271 1
27 134 0
28 198 0
29 32 1
30 283 1
31 405 0
32 726 1
33 719 1
34 102 1
35 182 1
36 171 1
37 171 1
38 681 1
39 140 0
40 14 1
41 465 1
42 665 1
43 354 1
44 65 1
45 442 1
46 501 1
47 126 1
48 694 1
49 90 1
50 560 1
51 280 0
52 28 1
53 516 1
54 398 1
55 252 1
56 155 1
57 569 1
58 370 1
59 608 0
60 491 1
61 528 0
62 4 0
63 326 1
64 425 1
65 292 1
66 304 0
67 642 1
68 77 0
69 785 0
70 740 1
71 759 0
72 809 1
73 641 1
74 486 1
75 668 1
76 534 0
77 767 0
78 775 1
79 33 0
80 434 1
81 421 1
82 770 1
83 815 0
84 328 0
85 247 1
86 745 0
87 197 0
88 441 1
89 148 1
90 322 0
91 11 1
92 118 1
93 191 1
94 106 0
95 457 0
96 550 1
97 205 1
98 47 1
99 402 0
100 36 1
101 496 1
102 709 1
103 569 1
104 457 0
105 184 1
106 459 1
107 432 0
108 27 1
109 525 1
110 29 0
111 419 0
112 785 1
113 6 1
114 569 1
115 133 1
116 803 1
117 440 1
118 120 1
119 769 0
120 653 1
121 282 0
122 201 1
123 743 1
124 391 0
125 235 1
126 484 1
127 744 1
128 203 1
129 80 1
130 84 1
131 431 0
132 586 0
133 506 1
134 807 1
135 338 1
136 462 1
137 806 1
138 388 1
139 764 1
140 233 1
141 253 0
142 578 1
143 93 0
144 110 1
145 607 0
146 258 0
147 135 0
148 16 0
149 605 1
150 150 1
151 389 0
152 744 1
153 328 0
154 33 0
155 147 1
156 326 0
157 37 1
158 579 1
159 611 0
160 176 1
161 627 1
162 363 1
163 205 1
164 328 0
165 128 1
166 115 1
167 143 1
168 510 1
169 98 1
170 490 1
171 682 0
172 518 1
173 646 1
174 722 0
175 711 1
176 710 0
177 387 1
178 79 0
179 506 1
180 455 1
181 758 1
182 767 1
183 354 1
184 298 1
185 55 1
186 442 1
187 530 1
188 638 0
189 163 1
190 796 1
191 493 1
192 319 1
193 814 1
194 397 1
195 677 1
196 60 0
197 475 1
198 443 1
199 340 0
200 336 1
201 583 0
202 186 1
203 792 1
204 651 1
205 290 0
206 64 1
207 242 1
208 717 0
209 525 0
210 483 1
211 201 1
212 53 1
213 424 1
214 688 1
215 290 1
216 85 0
217 36 0
218 220 0
219 20 1
220 18 1
221 426 1
222 147 1
223 209 1
224 649 1
225 86 1
226 170 1
227 729 1
228 145 0
229 719 0
230 24 1
231 782 0
232 117 1
233 815 1
234 572 1
235 263 0
236 198 1
237 416 1
238 282 1
239 136 1
240 412 1
241 298 0
242 509 1
243 678 0
244 286 1
245 413 1
246 642 0
247 163 0
248 812 1
249 150 0
250 47 1
251 81 1
252 27 0
253 464 1
254 48 1
255 294 1
256 3 1
257 96 1
258 544 1
259 92 1
260 407 0
261 194 1
262 499 0
263 42 0
264 261 1
265 110 0
266 478 0
267 298 0
268 433 1
269 687 1
270 415 1
271 685 0
272 370 1
273 547 1
274 482 0
275 798 1
276 70 1
277 44 0
278 146 1
279 114 0
280 151 1
281 460 0
282 160 1
283 189 1
284 574 1
285 818 1
286 655 0
287 333 1
288 264 0
289 302 0
290 572 1
291 688 0
292 198 1
293 265 1
294 690 0
295 496 0
296 349 0
297 525 0
298 767 1
299 28 1
300 387 1
301 565 1
302 328 0
303 430 1
304 703 1
305 391 1
306 757 1
307 152 0
308 736 0
309 96 1
310 542 1
311 503 1
312 601 1
313 325 0
314 539 1
315 125 0
316 125 0
317 331 1
318 385 1
319 99 1
320 418 0
321 598 1
322 495 0
323 108 1
324 93 1
325 73 0
326 669 1
327 579 1
328 529 1
329 745 1
330 183 0
331 229 1
332 358 1
333 506 1
334 246 1
335 66 1
336 20 1
337 636 1
338 468 1
339 109 1
340 692 1
341 250 0
342 631 1
343 47 1
344 659 0
345 463 1
346 588 0
347 204 1
348 177 0
349 53 1
350 368 1
351 12 0
352 656 1
353 776 1
354 317 1
355 738 1
356 812 0
357 605 0
358 52 1
359 18 1
360 369 1
361 479 1
362 98 0
363 267 1
364 447 1
365 570 0
366 183 1
367 130 1
368 283 0
369 197 0
370 26 1
371 791 0
372 158 0
373 515 1
374 282 0
375 666 1
376 759 1
377 662 1
378 63 1
379 186 1
380 46 1
381 252 1
382 392 0
383 122 1
384 469 1
385 329 0
386 181 1
387 386 0
388 750 1
389 422 0
390 360 0
391 608 0
392 339 1
393 82 1
394 306 1
395 786 0
396 769 1
397 455 0
398 345 1
399 70 1
400 641 1
401 363 0
402 444 0
403 215 1
404 576 1
405 332 1
406 778 0
407 289 0
408 446 1
409 573 1
410 512 1
411 30 1
412 375 1
413 676 1
414 807 1
415 716 1
416 71 1
417 377 0
418 753 1
419 763 1
420 282 1
421 499 1
422 270 0
423 283 1
424 341 1
425 394 1
426 322 1
427 368 1
428 782 1
429 471 0
430 715 1
431 196 1
432 372 1
433 483 1
434 218 0
435 561 1
436 575 1
437 485 0
438 83 0
439 615 1
440 679 1
441 330 0
442 487 0
443 624 1
444 667 1
445 17 1
446 517 1
447 403 0
448 787 1
449 122 0
450 366 0
451 431 1
452 669 0
453 22 0
454 738 1
455 358 1
456 700 1
457 525 1
458 184 0
459 562 0
460 351 0
461 469 1
462 792 0
463 684 0
464 812 1
465 691 1
466 414 0
467 226 1
468 272 0
469 199 0
470 758 0
471 662 1
472 43 1
473 60 0
474 315 0
475 133 1
476 126 1
477 588 1
478 527 0
479 604 1
480 312 1
481 624 1
482 523 1
483 173 0
484 152 1
485 40 1
486 673 0
487 730 1
488 815 1
489 126 1
490 209 0
491 31 0
492 733 1
493 434 1
494 126 1
495 706 0
496 439 1
497 218 1
498 286 0
499 811 1
500 635 1
501 529 0
502 607 1
503 260 1
504 27 1
505 659 1
506 517 0
507 571 1
508 235 1
509 488 0
510 150 0
511 671 1
512 630 1
513 477 1
514 334 0
515 536 1
516 374 0
517 385 0
518 431 0
519 638 1
520 212 1
521 567 1
522 94 1
523 85 1
524 251 1
525 434 1
526 2 1
527 735 0
528 102 1
529 602 1
530 735 1
531 331 0
532 311 1
533 325 1
534 542 1
535 126 0
536 367 1
537 408 1
538 758 1
539 663 1
540 811 0
541 463 1
542 438 1
543 242 1
544 646 1
545 720 0
546 90 1
547 725 0
548 2 1
549 68 0
550 247 1
551 224 0
552 633 1
553 130 1
554 742 1
555 634 1
556 816 1
557 344 1
558 658 1
559 719 1
560 613 1
561 101 1
562 726 1
563 157 1
564 110 1
565 198 0
566 164 0
567 716 1
568 109 1
569 294 1
570 437 1
571 511 1
572 260 1
573 614 0
574 623 1
575 329 1
576 60 1
577 173 1
578 181 1
579 440 0
580 300 0
581 264 1
582 114 1
583 59 0
584 752 0
585 0 0
586 207 1
587 677 1
588 419 1
589 310 1
590 730 0
591 513 1
592 813 1
593 502 1
594 761 0
595 82 1
596 634 0
597 451 1
598 381 1
599 716 1
600 735 1
601 685 1
602 280 0
603 462 1
604 68 1
605 795 1
606 337 1
607 642 1
608 102 0
609 123 1
610 193 0
611 159 0
612 425 0
613 501 1
614 173 1
615 173 1
616 167 0
617 85 0
618 454 1
619 199 1
620 117 1
621 374 0
622 410 1
623 531 0
624 395 1
625 556 1
626 732 1
627 469 1
628 250 0
629 197 0
630 421 1
631 385 1
632 282 1
633 88 1
634 761 1
635 312 0
636 80 1
637 259 1
638 756 1
639 183 1
640 497 1
641 793 1
642 380 1
643 493 1
644 467 1
645 235 1
646 806 1
647 402 1
648 15 0
649 59 1
650 523 1
651 708 1
652 239 1
653 146 0
654 810 0
655 381 1
656 812 1
657 644 1
658 671 1
659 57 1
660 753 0
661 134 0
662 656 1
663 191 1
664 771 1
665 500 0
666 494 1
667 3 0
668 410 1
669 782 0
670 350 1
671 635 1
672 572 1
673 589 1
674 650 1
675 360 1
676 682 1
677 378 1
678 775 1
679 243 1
680 564 1
681 256 1
682 187 0
683 26 0
684 281 1
685 615 1
686 206 1
687 28 1
688 763 1
689 128 1
690 317 1
691 233 1
692 36 0
693 572 1
694 234 1
695 719 1
696 613 1
697 218 0
698 288 1
699 194 0
700 107 1
701 253 1
702 422 0
703 17 0
704 772 1
705 15 0
706 505 0
707 195 0
708 731 1
709 405 1
710 509 0
711 125 0
712 206 0
713 28 0
714 333 1
715 116 0
716 213 1
717 497 0
718 396 1
719 56 1
720 403 0
721 363 0
722 191 0
723 503 1
724 252 0
725 122 1
726 140 1
727 808 0
728 335 1
729 713 0
730 111 1
731 724 1
732 124 0
733 705 1
734 661 1
735 741 1
736 704 0
737 208 0
738 461 0
739 51 1
740 673 1
741 399 0
742 293 1
743 213 1
744 277 1
745 222 1
746 680 0
747 457 0
748 402 1
749 378 1
750 157 0
751 363 1
752 331 0
753 809 1
754 335 1
755 558 0
756 215 0
757 747 0
758 398 1
759 62 0
760 811 1
761 679 1
762 283 1
763 531 1
764 533 1
765 675 0
766 263 1
767 733 0
768 534 1
769 567 1
770 638 0
771 803 0
772 188 1
773 159 1
774 617 1
775 186 0
776 377 1
777 208 0
778 237 1
779 271 1
780 701 1
781 514 0
782 90 0
783 612 1
784 78 1
785 547 0
786 283 1
787 366 1
788 316 1
789 239 1
790 746 1
791 469 1
792 217 0
793 709 1
794 341 1
795 149 0
796 161 0
797 241 1
798 18 0
799 57 1
800 12 1
801 556 1
802 188 1
803 767 1
804 501 1
805 364 0
806 230 1
807 477 1
808 435 1
809 773 1
810 400 1
811 52 1
812 511 1
813 813 1
814 73 1
815 497 0
816 655 1
817 252 0
818 773 0
819 401 0
820 5 1
821 627 1
822 523 0
823 682 0
824 396 0
825 96 1
826 355 1
827 539 0
828 315 0
829 577 1
830 456 0
831 217 0
832 106 0
833 61 1
834 414 1
835 259 1
836 153 1
837 526 1
838 97 1
839 688 0
840 769 1
841 344 1
842 677 1
843 226 1
844 342 0
845 305 1
846 803 1
847 144 1
848 736 1
849 714 0
850 539 0
851 495 0
852 786 1
853 422 0
854 464 1
855 302 0
856 0 1
857 464 1
858 455 1
859 723 1
860 547 1
861 520 0
862 476 1
863 238 1
864 741 1
865 597 0
866 161 1
867 770 0
868 347 0
869 755 0
870 408 1
871 151 0
872 757 1
873 140 1
874 359 0
875 115 0
876 126 1
877 362 1
878 353 1
879 49 1
880 607 0
881 354 1
882 663 1
883 640 1
884 551 0
885 747 1
886 687 0
887 421 1
888 439 1
889 763 1
890 350 1
891 629 1
892 440 1
893 4 0
894 517 1
895 813 0
896 444 0
897 817 0
898 398 0
899 97 1
900 140 0
901 14 1
902 668 0
903 506 1
904 741 0
905 11 1
906 255 0
907 621 1
908 428 1
909 541 1
910 551 0
911 304 1
912 500 0
913 210 0
914 685 0
915 81 0
916 76 1
917 706 0
918 276 1
919 776 0
920 588 0
921 471 1
922 224 1
923 591 0
924 770 1
925 780 0
926 466 1
927 424 0
928 312 0
929 99 1
930 685 0
931 748 0
932 148 1
933 559 1
934 645 1
935 495 1
936 229 1
937 311 0
938 164 1
939 159 1
940 13 1
941 362 0
942 130 1
943 499 1
944 345 1
945 365 1
946 650 0
947 26 0
948 546 1
949 148 1
950 717 1
951 787 1
952 534 1
953 325 0
954 106 1
955 686 1
956 477 1
957 471 0
958 760 1
959 102 0
960 493 1
961 370 1
962 507 1
963 49 0
964 597 0
965 479 0
966 585 1
967 367 1
968 470 1
969 52 1
970 357 1
971 312 1
972 20 0
973 622 1
974 679 1
975 120 1
976 246 1
977 551 1
978 630 1
979 731 1
980 541 1
981 647 1
982 710 1
983 480 0
984 68 0
985 554 1
986 451 1
987 313 0
988 703 1
989 177 0
990 714 1
991 790 1
992 659 0
993 638 1
994 303 1
995 494 1
996 814 0
997 205 1
998 518 1
999 683 1
1000 398 1
1001 65 1
1002 209 1
1003 245 1
1004 368 0
1005 530 1
1006 591 0
1007 276 1
1008 76 1
1009 517 1
1010 517 0
1011 148 0
1012 515 1
1013 143 1
1014 91 0
1015 672 0
1016 297 1
1017 263 1
1018 170 1
1019 472 1
1020 675 1
1021 801 0
1022 428 1
1023 623 0
1024 97 1
1025 627 0
1026 386 1
1027 52 1
1028 310 1
1029 40 0
1030 74 1
1031 763 1
1032 376 0
1033 749 0
1034 589 1
1035 265 1
1036 202 1
1037 765 0
1038 249 1
1039 188 1
1040 636 0
1041 704 1
1042 773 0
1043 30 1
1044 695 0
1045 538 1
1046 527 1
1047 65 1
1048 563 0
1049 630 1
1050 15 0
1051 522 1
1052 67 0
1053 29 1
1054 92 1
1055 406 0
1056 87 1
1057 803 0
1058 792 1
1059 49 1
1060 648 1
1061 235 1
1062 815 0
1063 313 1
1064 41 1
1065 636 1
1066 636 0
1067 145 1
1068 680 1
1069 73 0
1070 137 1
1071 553 1
1072 643 0
1073 137 1
1074 296 1
1075 83 0
1076 646 0
1077 354 1
1078 619 1
1079 126 1
1080 407 1
1081 460 1
1082 27 0
1083 800 1
1084 653 1
1085 533 0
1086 405 1
1087 195 0
1088 549 0
1089 591 0
1090 262 0
1091 24 1
1092 173 0
1093 476 0
1094 789 1
1095 378 1
1096 418 0
1097 474 1
1098 498 1
1099 206 1
1100 381 1
1101 303 1
1102 750 1
1103 70 1
1104 574 1
1105 380 1
1106 388 0
1107 798 1
1108 655 1
1109 279 1
1110 112 1
1111 747 1
1112 294 1
1113 29 1
1114 602 1
1115 177 0
1116 718 0
1117 696 1
1118 722 1
1119 183 1
1120 352 1
1121 366 1
1122 21 1
1123 226 0
1124 674 1
1125 226 1
1126 780 1
1127 369 0
1128 302 0
1129 228 0
1130 249 1
1131 685 1
1132 757 0
1133 670 1
1134 381 1
1135 190 1
1136 342 1
1137 398 1
1138 646 0
1139 783 1
1140 184 1
1141 212 0
1142 217 0
1143 400 1
1144 724 1
1145 221 1
1146 777 0
1147 175 0
1148 522 1
1149 428 1
1150 624 1
1151 562 1
1152 227 0
1153 254 0
1154 638 1
1155 300 0
1156 280 1
1157 711 1
1158 148 1
1159 761 0
1160 664 1
1161 80 0
1162 814 1
1163 390 0
1164 26 1
1165 345 1
1166 489 1
1167 541 1
1168 793 1
1169 516 1
1170 66 1
1171 360 1
1172 382 0
1173 589 0
1174 289 1
1175 328 1
1176 439 0
1177 501 1
1178 408 1
1179 4 0
1180 763 1
1181 10 0
1182 182 1
1183 203 1
1184 144 0
1185 384 1
1186 589 0
1187 302 1
1188 741 0
1189 555 0
1190 475 0
1191 89 1
1192 216 0
1193 401 1
1194 535 1
1195 804 1
1196 499 1
1197 784 1
1198 163 1
1199 453 0
1200 760 1
1201 391 0
1202 635 1
1203 683 1
1204 765 1
1205 640 1
1206 227 1
1207 389 1
1208 501 1
1209 812 1
1210 121 0
1211 440 1
1212 537 1
1213 226 1
1214 446 1
1215 61 1
1216 569 1
1217 99 1
1218 198 1
1219 814 1
1220 817 0
1221 310 1
1222 546 0
1223 413 1
1224 286 0
1225 61 1
1226 257 1
1227 771 1
1228 778 1
1229 419 0
1230 601 1
1231 666 1
1232 677 0
1233 609 1
1234 345 0
1235 764 1
1236 293 1
1237 441 0
1238 570 1
1239 683 0
1240 313 0
1241 317 1
1242 298 1
1243 289 0
1244 192 0
1245 536 1
1246 115 1
1247 199 0
1248 73 1
1249 30 1
1250 338 1
1251 634 1
1252 666 1
1253 268 0
1254 35 1
1255 328 0
1256 621 1
1257 663 1
1258 787 0
1259 103 0
1260 714 0
1261 8 1
1262 766 0
1263 803 0
1264 759 1
1265 183 1
1266 425 0
1267 655 1
1268 817 1
1269 563 1
1270 800 0
1271 253 0
1272 589 1
1273 576 0
1274 103 1
1275 463 1
1276 371 1
1277 572 1
1278 550 0
1279 82 1
1280 314 1
1281 513 0
1282 135 1
1283 66 0
1284 198 0
1285 38 1
1286 573 0
1287 654 1
1288 261 1
1289 773 1
1290 15 1
1291 235 1
1292 760 0
1293 448 1
1294 288 1
1295 726 1
1296 796 1
1297 267 1
1298 514 0
1299 118 1
1300 15 1
1301 763 0
1302 321 1
1303 804 1
1304 754 1
1305 0 1
1306 101 1
1307 81 0
1308 786 1
1309 150 1
1310 242 0
1311 729 1
1312 221 0
1313 204 0
1314 383 1
1315 500 0
1316 352 0
1317 731 1
1318 97 1
1319 308 1
1320 272 1
1321 546 0
1322 287 0
1323 31 1
1324 339 0
1325 381 0
1326 801 1
1327 544 1
1328 342 0
1329 811 1
1330 125 1
1331 49 1
1332 810 1
1333 75 1
1334 422 0
1335 683 0
1336 436 1
1337 120 1
1338 92 1
1339 31 0
1340 205 1
1341 65 1
1342 576 0
1343 264 1
1344 411 1
1345 569 0
1346 749 1
1347 629 1
1348 452 1
1349 700 1
1350 13 0
1351 750 1
1352 720 1
1353 353 1
1354 767 1
1355 296 0
1356 541 0
1357 341 1
1358 23 0
1359 142 1
1360 734 1
1361 587 1
1362 510 1
1363 330 0
1364 27 0
1365 72 0
1366 520 0
1367 489 0
1368 618 1
1369 286 1
1370 152 1
1371 720 1
1372 815 1
1373 736 0
1374 592 0
1375 199 0
1376 770 1
1377 96 1
1378 109 1
1379 349 1
1380 382 0
1381 177 1
1382 297 1
1383 377 1
1384 435 0
1385 663 1
1386 299 1
1387 334 1
1388 422 1
1389 187 0
1390 310 0
1391 446 1
1392 226 0
1393 338 1
1394 713 0
1395 344 1
1396 290 1
1397 232 1
1398 242 1
1399 556 1
1400 197 1
1401 317 0
1402 580 1
1403 792 1
1404 774 0
1405 123 0
1406 419 0
1407 270 1
1408 37 1
1409 724 1
1410 350 1
1411 208 0
1412 516 1
1413 153 1
1414 793 1
1415 360 1
1416 725 0
1417 540 1
1418 382 1
1419 413 1
1420 546 1
1421 347 1
1422 159 0
1423 663 1
1424 151 0
1425 0 1
1426 690 1
1427 195 0
1428 393 1
1429 198 0
1430 673 0
1431 284 1
1432 289 1
1433 809 0
1434 519 1
1435 61 1
1436 812 0
1437 392 1
1438 79 0
1439 92 0
1440 676 0
1441 604 0
1442 46 1
1443 807 1
1444 72 1
1445 551 0
1446 489 1
1447 377 0
1448 22 1
1449 630 1
1450 642 1
1451 531 1
1452 153 1
1453 659 0
1454 84 0
1455 335 1
1456 717 1
1457 233 0
1458 791 1
1459 127 0
1460 153 1
1461 533 1
1462 695 1
1463 602 1
1464 202 1
1465 183 1
1466 30 0
1467 661 1
1468 690 0
1469 160 1
1470 178 1
1471 588 1
1472 487 1
1473 583 0
1474 787 1
1475 119 1
1476 443 0
1477 636 1
1478 487 1
1479 781 1
1480 576 1
1481 587 0
1482 41 1
1483 535 1
1484 674 1
1485 559 1
1486 116 1
1487 545 1
1488 202 1
1489 807 0
1490 765 0
1491 164 0
1492 504 1
1493 580 1
1494 144 0
1495 734 1
1496 688 1
1497 253 1
1498 803 1
1499 385 1
1500 408 1
1501 308 1
1502 197 1
1503 181 0
1504 217 1
1505 443 0
1506 148 0
1507 424 1
1508 333 1
1509 697 0
1510 600 1
1511 251 1
1512 39 1
1513 123 1
1514 89 0
1515 425 1
1516 378 1
1517 75 1
1518 769 1
1519 28 0
1520 297 0
1521 202 1
1522 4 1
1523 23 1
1524 683 1
1525 814 1
1526 257 1
1527 677 0
1528 367 1
1529 191 1
1530 106 1
1531 136 1
1532 404 1
1533 112 0
1534 340 0
1535 265 0
1536 484 1
1537 8 1
1538 146 1
1539 697 1
1540 496 1
1541 219 1
1542 684 1
1543 794 1
1544 494 0
1545 689 0
1546 656 1
1547 265 1
1548 781 0
1549 339 1
1550 390 0
1551 683 1
1552 252 0
1553 416 1
1554 468 0
1555 24 1
1556 732 0
1557 643 0
1558 65 1
1559 701 1
1560 658 1
1561 340 1
1562 194 1
1563 608 1
1564 35 0
1565 202 0
1566 604 1
1567 354 0
1568 503 0
1569 179 1
1570 809 0
1571 41 0
1572 319 1
1573 372 1
1574 357 0
1575 687 0
1576 571 0
1577 563 0
1578 685 1
1579 794 0
1580 352 1
1581 71 0
1582 116 0
1583 46 1
1584 812 1
1585 643 0
1586 172 1
1587 578 1
1588 423 1
1589 619 0
1590 130 1
1591 29 1
1592 567 1
1593 520 1
1594 816 1
1595 770 1
1596 416 0
1597 230 1
1598 64 1
1599 205 0
1600 117 0
1601 731 1
1602 459 1
1603 653 1
1604 366 1
1605 715 1
1606 685 1
1607 251 1
1608 389 1
1609 611 1
1610 319 0
1611 351 1
1612 456 1
1613 321 1
1614 601 1
1615 449 1
1616 173 1
1617 60 0
1618 468 1
1619 439 1
1620 92 0
1621 384 1
1622 132 1
1623 263 1
1624 459 1
1625 523 0
1626 489 1
1627 438 0
1628 508 1
1629 391 1
1630 212 1
1631 61 0
1632 128 0
1633 761 0
1634 707 1
1635 484 1
1636 588 1
1637 757 0
1638 684 1
1639 38 0
1640 129 1
1641 155 1
1642 616 1
1643 617 1
1644 278 0
1645 339 0
1646 84 1
1647 619 1
1648 393 0
1649 680 1
1650 814 1
1651 133 1
1652 394 1
1653 228 0
1654 145 0
1655 327 0
1656 699 1
1657 764 1
1658 129 1
1659 545 1
1660 625 1
1661 642 1
1662 337 1
1663 793 1
1664 57 1
1665 756 1
1666 53 1
1667 380 0
1668 142 1
1669 451 1
1670 747 0
1671 433 1
1672 314 1
1673 49 1
1674 814 1
1675 594 1
1676 404 1
1677 382 1
1678 732 1
1679 397 1
1680 63 1
1681 585 1
1682 406 0
1683 436 0
1684 627 1
1685 580 0
1686 27 1
1687 107 0
1688 317 0
1689 528 0
1690 495 0
1691 804 0
1692 593 0
1693 693 1
1694 595 1
1695 348 0
1696 479 1
1697 775 0
1698 133 1
1699 358 1
1700 332 1
1701 240 1
1702 58 0
1703 445 0
1704 248 0
1705 432 0
1706 203 1
1707 4 1
1708 529 1
1709 356 1
1710 714 1
1711 145 1
1712 691 1
1713 312 1
1714 238 1
1715 510 1
1716 534 1
1717 803 1
1718 152 1
1719 583 1
1720 328 0
1721 69 0
1722 358 1
1723 381 1
1724 515 0
1725 373 1
1726 366 1
1727 656 1
1728 365 0
1729 808 0
1730 564 1
1731 227 1
1732 303 0
1733 487 0
1734 257 1
1735 600 0
1736 320 1
1737 170 1
1738 486 1
1739 746 1
1740 85 0
1741 593 1
1742 563 1
1743 434 1
1744 324 0
1745 585 1
1746 667 0
1747 220 1
1748 640 0
1749 351 1
1750 12 0
1751 535 0
1752 673 1
1753 63 1
1754 53 1
1755 395 1
1756 162 0
1757 334 0
1758 345 1
1759 707 1
1760 117 1
1761 611 1
1762 83 1
1763 807 0
1764 592 1
1765 673 1
1766 343 1
1767 808 0
1768 711 0
1769 282 1
1770 733 1
1771 647 1
1772 591 1
1773 546 0
1774 802 1
1775 659 1
1776 652 1
1777 628 1
1778 335 1
1779 511 1
1780 700 1
1781 456 1
1782 499 0
1783 166 1
1784 241 0
1785 80 1
1786 742 0
1787 795 1
1788 70 1
1789 504 1
1790 10 0
1791 717 0
1792 539 1
1793 579 1
1794 197 1
1795 727 0
1796 509 0
1797 175 0
1798 554 0
1799 324 0
1800 406 1
1801 695 1
1802 185 1
1803 716 1
1804 118 0
1805 182 1
1806 489 0
1807 664 0
1808 479 0
1809 8 1
1810 568 1
1811 755 1
1812 25 0
1813 192 1
1814 197 1
1815 299 1
1816 666 1
1817 805 0
1818 718 0
1819 160 1
1820 156 0
1821 19 1
1822 295 1
1823 598 1
1824 160 1
1825 632 1
1826 267 1
1827 732 1
1828 295 1
1829 743 1
1830 366 1
1831 22 0
1832 271 0
1833 118 1
1834 583 0
1835 752 1
1836 493 1
1837 182 1
1838 507 1
1839 743 1
1840 312 1
1841 449 1
1842 740 1
1843 744 1
1844 340 0
1845 454 1
1846 765 1
1847 664 1
1848 228 0
1849 132 1
1850 241 1
1851 348 0
1852 708 1
1853 575 1
1854 363 1
1855 117 1
1856 800 1
1857 437 1
1858 801 1
1859 683 0
1860 775 0
1861 644 0
1862 538 1
1863 683 1
1864 452 1
1865 503 1
1866 753 1
1867 353 0
1868 562 1
1869 783 1
1870 354 0
1871 782 0
1872 519 0
1873 673 0
1874 507 1
1875 567 1
1876 727 1
1877 110 0
1878 754 1
1879 266 1
1880 661 0
1881 698 1
1882 801 1
1883 163 0
1884 86 1
1885 522 0
1886 80 1
1887 520 1
1888 630 1
1889 26 1
1890 784 1
1891 654 1
1892 730 1
1893 64 1
1894 610 1
1895 798 0
1896 24 1
1897 664 1
1898 781 1
1899 294 1
1900 698 0
1901 361 1
1902 355 1
1903 430 0
1904 437 0
1905 357 1
1906 794 1
1907 147 0
1908 700 1
1909 552 0
1910 285 1
1911 688 1
1912 261 1
1913 187 1
1914 285 0
1915 145 1
1916 351 0
1917 814 1
1918 441 1
1919 745 1
1920 626 0
1921 333 1
1922 348 1
1923 487 1
1924 436 0
1925 593 0
1926 496 1
1927 84 1
1928 739 1
1929 35 0
1930 625 0
1931 241 0
1932 686 0
1933 735 0
1934 278 1
1935 239 1
1936 127 0
1937 558 1
1938 797 1
1939 577 0
1940 191 1
1941 60 0
1942 558 1
1943 499 0
1944 288 1
1945 556 1
1946 586 1
1947 123 1
1948 650 1
1949 506 1
1950 573 0
1951 66 1
1952 243 1
1953 792 1
1954 595 0
1955 379 1
1956 646 1
1957 399 1
1958 328 1
1959 737 1
1960 357 1
1961 454 1
1962 197 1
1963 322 1
1964 360 1
1965 701 0
1966 626 1
1967 431 1
1968 317 1
1969 15 1
1970 8 0
1971 752 0
1972 450 1
1973 93 0
1974 156 1
1975 447 0
1976 358 1
1977 382 0
1978 531 1
1979 328 1
1980 585 1
1981 750 0
1982 32 0
1983 187 0
1984 639 1
1985 443 0
1986 213 1
1987 355 0
1988 452 1
1989 622 1
1990 332 1
1991 47 0
1992 204 1
1993 298 1
1994 58 1
1995 551 1
1996 710 1
1997 651 1
1998 590 1
1999 272 1
2000 785 1
2001 674 1
2002 16 0
2003 714 0
2004 402 1
2005 2 1
2006 511 1
2007 477 1
2008 222 1
2009 375 1
2010 456 0
2011 667 1
2012 334 0
2013 142 1
2014 263 1
2015 132 1
2016 55 0
2017 152 1
2018 760 1
2019 284 1
2020 308 1
2021 259 0
2022 80 0
2023 587 1
2024 565 0
2025 327 0
2026 123 0
2027 293 0
2028 292 1
2029 179 1
2030 594 1
2031 529 0
2032 42 1
2033 464 1
2034 473 1
2035 326 1
2036 780 1
2037 782 1
2038 247 1
2039 88 1
2040 566 1
2041 759 1
2042 208 1
2043 71 0
2044 413 1
2045 236 0
2046 305 0
2047 709 1
2048 372 1
2049 330 0
2050 719 1
2051 679 1
2052 167 1
2053 466 1
2054 246 1
2055 152 1
2056 586 1
2057 426 1
2058 69 1
2059 475 1
2060 620 1
2061 670 1
2062 402 0
2063 454 1
2064 531 1
2065 544 1
2066 494 1
2067 37 1
2068 791 1
2069 1 1
2070 801 0
2071 774 0
2072 808 1
2073 416 1
2074 60 0
2075 541 0
2076 657 1
2077 658 0
2078 569 0
2079 759 1
2080 131 0
2081 585 1
2082 761 1
2083 212 1
2084 178 1
2085 5 0
2086 111 0
2087 473 1
2088 342 0
2089 32 0
2090 16 1
2091 7 1
2092 710 1
2093 785 1
2094 12 1
2095 486 1
2096 263 0
2097 513 0
2098 746 0
2099 811 1
2100 555 1
2101 701 1
2102 650 1
2103 640 1
2104 298 0
2105 192 1
2106 170 1
2107 168 0
2108 737 0
2109 267 0
2110 604 1
2111 637 1
2112 59 1
2113 817 0
2114 673 1
2115 527 1
2116 551 1
2117 1 1
2118 636 0
2119 172 1
2120 238 0
2121 430 1
2122 563 1
2123 343 1
2124 350 1
2125 157 1
2126 544 0
2127 747 1
2128 742 1
2129 334 1
2130 479 1
2131 58 1
2132 323 0
2133 338 1
2134 445 0
2135 128 1
2136 55 1
2137 274 1
2138 83 1
2139 26 1
2140 280 1
2141 312 0
2142 721 0
2143 353 0
2144 729 1
2145 293 1
2146 473 0
2147 346 0
2148 156 1
2149 680 1
2150 248 1
2151 338 1
2152 293 0
2153 538 1
2154 154 0
2155 553 1
2156 491 1
2157 312 0
2158 159 0
2159 782 1
2160 405 1
2161 203 0
2162 353 0
2163 727 1
2164 159 1
2165 35 1
2166 322 1
2167 454 0
2168 730 1
2169 44 0
2170 482 0
2171 372 1
2172 388 0
2173 165 1
2174 530 1
2175 360 0
2176 129 1
2177 47 1
2178 38 1
2179 735 1
2180 160 0
2181 476 1
2182 70 1
2183 279 0
2184 158 1
2185 610 0
2186 537 1
2187 539 0
2188 720 0
2189 525 1
2190 577 1
2191 292 1
2192 374 1
2193 114 0
2194 730 1
2195 610 1
2196 545 0
2197 554 0
2198 252 1
2199 341 1
2200 772 1
2201 666 0
2202 296 1
2203 468 0
2204 16 0
2205 374 0
2206 804 1
2207 353 1
2208 59 0
2209 516 1
2210 241 1
2211 733 1
2212 448 1
2213 327 1
2214 226 1
2215 726 1
2216 801 0
2217 542 1
2218 13 0
2219 220 0
2220 110 0
2221 495 1
2222 314 1
2223 199 0
2224 368 0
2225 88 1
2226 76 1
2227 322 0
2228 215 1
2229 149 1
2230 499 1
2231 366 0
2232 502 1
2233 375 1
2234 25 1
2235 417 1
2236 243 0
2237 103 0
2238 814 1
2239 803 0
2240 71 0
2241 718 0
2242 766 0
2243 416 0
2244 51 0
2245 349 1
2246 494 1
2247 775 1
2248 676 0
2249 564 0
2250 800 1
2251 582 0
2252 257 0
2253 654 1
2254 732 0
2255 488 1
2256 582 1
2257 694 0
2258 480 1
2259 437 0
2260 601 1
2261 7 1
2262 554 1
2263 325 1
2264 40 1
2265 729 0
2266 233 1
2267 808 1
2268 231 1
2269 615 1
2270 334 0
2271 691 0
2272 288 1
2273 244 1
2274 602 1
2275 225 1
2276 392 1
2277 532 0
2278 760 1
2279 282 0
2280 799 1
2281 437 0
2282 557 0
2283 576 1
2284 814 1
2285 804 0
2286 273 0
2287 171 1
2288 168 1
2289 382 1
2290 21 1
2291 335 1
2292 713 1
2293 284 0
2294 777 1
2295 251 1
2296 632 1
2297 24 1
2298 39 1
2299 212 1
2300 589 0
2301 236 0
2302 618 0
2303 476 1
2304 567 1
2305 737 1
2306 520 1
2307 746 0
2308 45 1
2309 684 0
2310 650 0
2311 632 1
2312 548 1
2313 578 1
2314 311 1
2315 494 1
2316 731 1
2317 688 1
2318 62 1
2319 369 1
2320 257 1
2321 143 0
2322 284 1
2323 807 1
2324 25 1
2325 204 1
2326 660 1
2327 755 0
2328 547 0
2329 30 1
2330 229 1
2331 683 1
2332 307 0
2333 416 1
2334 770 1
2335 52 1
2336 126 0
2337 602 0
2338 700 1
2339 612 1
2340 316 1
2341 326 1
2342 707 0
2343 291 0
2344 521 1
2345 218 0
2346 589 1
2347 765 1
2348 507 0
2349 318 1
2350 201 1
2351 410 0
2352 181 1
2353 611 0
2354 656 1
2355 532 1
2356 146 0
2357 54 1
2358 46 0
2359 341 1
2360 410 1
2361 372 1
2362 386 0
2363 129 0
2364 424 1
2365 276 1
2366 562 1
2367 7 1
2368 624 1
2369 550 1
2370 75 1
2371 358 0
2372 47 0
2373 128 1
2374 630 1
2375 405 1
2376 645 0
2377 402 1
2378 20 0
2379 30 1
2380 32 1
2381 124 0
2382 737 1
2383 136 0
2384 493 1
2385 747 1
2386 694 1
2387 534 1
2388 570 1
2389 578 1
2390 58 1
2391 603 0
2392 814 1
2393 660 0
2394 589 0
2395 333 1
2396 50 1
2397 14 1
2398 332 1
2399 254 0
2400 580 0
2401 446 0
2402 340 1
2403 121 0
2404 697 0
2405 473 1
2406 46 1
2407 383 0
2408 187 0
2409 748 0
2410 787 1
2411 323 0
2412 463 0
2413 677 0
2414 231 1
2415 801 1
2416 166 1
2417 320 1
2418 463 1
2419 469 1
2420 195 1
2421 149 0
2422 252 0
2423 26 1
2424 629 1
2425 269 1
2426 90 1
2427 615 1
2428 674 1
2429 530 1
2430 329 0
2431 770 1
2432 686 1
2433 745 0
2434 586 1
2435 671 0
2436 263 1
2437 766 1
2438 277 1
2439 699 1
2440 620 0
2441 684 0
2442 485 1
2443 318 1
2444 569 1
2445 427 0
2446 286 1
2447 318 0
2448 522 0
2449 483 0
2450 384 0
2451 814 0
2452 80 1
2453 87 1
2454 607 1
2455 445 1
2456 807 1
2457 300 0
2458 407 1
2459 814 1
2460 520 0
2461 109 1
2462 545 1
2463 13 1
2464 416 0
2465 154 1
2466 576 1
2467 372 0
2468 783 1
2469 67 1
2470 427 1
2471 160 1
2472 568 1
2473 71 1
2474 4 0
2475 186 1
2476 105 1
2477 256 1
2478 596 1
2479 642 0
2480 637 0
2481 610 1
2482 818 1
2483 104 0
2484 495 1
2485 406 0
2486 556 0
2487 392 1
2488 771 0
2489 206 1
2490 273 1
2491 225 1
2492 560 0
2493 772 1
2494 622 0
2495 275 1
2496 445 1
2497 707 1
2498 101 1
2499 279 1
2500 36 1
2501 445 1
2502 305 1
2503 514 0
2504 353 0
2505 777 1
2506 165 1
2507 621 0
2508 409 1
2509 116 1
2510 351 0
2511 526 0
2512 201 1
2513 294 1
2514 279 0
2515 644 1
2516 312 1
2517 779 0
2518 160 1
2519 747 1
2520 247 1
2521 755 1
2522 633 1
2523 192 1
2524 313 0
2525 309 0
2526 316 1
2527 386 1
2528 174 1
2529 564 1
2530 180 1
2531 768 1
2532 531 1
2533 35 1
2534 128 1
2535 257 1
2536 412 1
2537 661 0
2538 751 0
2539 195 1
2540 86 0
2541 654 1
2542 264 1
2543 792 0
2544 646 1
2545 764 1
2546 799 1
2547 244 1
2548 239 1
2549 384 1
2550 114 1
2551 616 1
2552 579 1
2553 369 1
2554 236 1
2555 629 1
2556 812 1
2557 597 1
2558 558 0
2559 440 1
2560 160 0
2561 137 1
2562 23 0
2563 524 0
2564 532 0
2565 631 1
2566 474 1
2567 788 1
2568 758 0
2569 619 1
2570 775 0
2571 369 1
2572 766 1
2573 770 0
2574 461 1
2575 634 1
2576 648 1
2577 634 1
2578 77 1
2579 807 0
2580 172 1
2581 52 1
2582 100 1
2583 626 0
2584 233 1
2585 777 1
2586 727 0
2587 702 0
2588 91 1
2589 795 1
2590 98 1
2591 99 1
2592 435 1
2593 472 1
2594 817 1
2595 47 1
2596 132 0
2597 562 0
2598 813 0
2599 706 1
2600 667 0
2601 160 1
2602 607 1
2603 175 0
2604 698 1
2605 304 0
2606 634 1
2607 596 1
2608 190 0
2609 508 0
2610 453 0
2611 232 1
2612 527 1
2613 561 1
2614 216 1
2615 492 1
2616 165 1
2617 383 1
2618 569 1
2619 652 1
2620 454 1
2621 169 0
2622 413 0
2623 136 1
2624 759 1
2625 664 1
2626 125 0
2627 32 1
2628 615 1
2629 99 1
2630 95 1
2631 639 1
2632 169 0
2633 87 0
2634 378 1
2635 111 1
2636 621 0
2637 27 1
2638 100 0
2639 562 0
2640 680 1
2641 178 1
2642 101 1
2643 382 0
2644 549 1
2645 601 1
2646 126 1
2647 777 1
2648 370 0
2649 87 1
2650 529 1
2651 506 0
2652 351 0
2653 290 1
2654 568 1
2655 236 1
2656 57 1
2657 159 1
2658 497 0
2659 748 1
2660 204 0
2661 744 1
2662 696 0
2663 370 1
2664 492 0
2665 740 1
2666 399 0
2667 277 1
2668 13 1
2669 255 1
2670 216 1
2671 64 1
2672 778 1
2673 305 0
2674 765 1
2675 428 0
2676 508 0
2677 97 0
2678 671 0
2679 377 1
2680 668 0
2681 290 0
2682 469 0
2683 53 1
2684 187 1
2685 808 0
2686 544 1
2687 422 1
2688 20 1
2689 575 1
2690 14 1
2691 681 0
2692 153 1
2693 780 1
2694 171 0
2695 222 0
2696 253 0
2697 13 1
2698 133 1
2699 130 1
2700 119 0
2701 469 1
2702 735 1
2703 91 0
2704 799 1
2705 595 1
2706 595 1
2707 260 1
2708 288 1
2709 754 0
2710 305 1
2711 352 0
2712 415 1
2713 206 0
2714 176 1
2715 741 0
2716 200 0
2717 702 0
2718 335 0
2719 745 1
2720 384 0
2721 53 1
2722 159 0
2723 781 0
2724 280 1
2725 651 1
2726 618 1
2727 68 0
2728 293 0
2729 635 1
2730 356 1
2731 508 1
2732 693 1
2733 417 1
2734 109 0
2735 269 1
2736 45 1
2737 526 0
2738 380 0
2739 268 1
2740 130 1
2741 298 0
2742 28 1
2743 16 1
2744 514 0
2745 535 1
2746 261 0
2747 479 0
2748 488 0
2749 217 1
2750 293 1
2751 144 1
2752 552 1
2753 415 1
2754 84 0
2755 774 1
2756 655 0
2757 16 0
2758 493 1
2759 749 1
2760 555 0
2761 111 1
2762 561 1
2763 696 1
2764 412 0
2765 572 1
2766 324 1
2767 98 1
2768 184 0
2769 171 1
2770 250 0
2771 355 1
2772 125 1
2773 514 0
2774 147 1
2775 550 1
2776 653 1
2777 316 1
2778 304 0
2779 242 0
2780 159 1
2781 348 1
2782 583 1
2783 412 1
2784 12 1
2785 90 1
2786 327 0
2787 93 1
2788 433 1
2789 814 1
2790 667 1
2791 208 1
2792 259 1
2793 512 1
2794 589 1
2795 205 1
2796 749 1
2797 156 1
2798 52 1
2799 207 1
2800 77 0
2801 199 0
2802 358 1
2803 600 0
2804 643 1
2805 425 1
2806 193 1
2807 736 1
2808 82 1
2809 760 1
2810 365 1
2811 472 0
2812 572 0
2813 426 1
2814 121 1
2815 561 1
2816 674 0
2817 347 1
2818 106 0
2819 186 0
2820 596 1
2821 166 1
2822 41 1
2823 167 0
2824 514 0
2825 666 0
2826 127 0
2827 228 0
2828 691 1
2829 376 1
2830 340 1
2831 755 0
2832 61 0
2833 281 1
2834 285 0
2835 661 1
2836 3 0
2837 724 0
2838 784 0
2839 39 0
2840 181 1
2841 539 1
2842 77 0
2843 60 1
2844 347 1
2845 505 1
2846 428 1
2847 627 1
2848 726 1
2849 272 0
2850 428 0
2851 126 0
2852 815 1
2853 347 0
2854 796 1
2855 312 1
2856 144 0
2857 211 1
2858 544 0
2859 42 0
2860 452 1
2861 505 1
2862 43 0
2863 294 0
2864 275 1
2865 14 1
2866 554 1
2867 188 0
2868 735 1
2869 255 1
2870 794 1
2871 615 1
2872 343 1
2873 213 1
2874 22 0
2875 705 0
2876 547 1
2877 408 0
2878 448 1
2879 412 1
2880 195 1
2881 608 1
2882 311 1
2883 224 1
2884 256 0
2885 812 1
2886 99 0
2887 95 1
2888 487 1
2889 383 0
2890 307 1
2891 37 0
2892 404 0
2893 626 1
2894 765 0
2895 629 0
2896 390 0
2897 71 1
2898 139 1
2899 110 0
2900 518 1
2901 499 1
2902 583 1
2903 803 1
2904 774 0
2905 504 1
2906 509 0
2907 43 1
2908 604 1
2909 692 1
2910 633 1
2911 691 1
2912 793 0
2913 87 1
2914 801 1
2915 253 0
2916 44 1
2917 42 1
2918 400 1
2919 622 0
2920 266 0
2921 235 0
2922 466 1
2923 615 1
2924 0 0
2925 673 1
2926 171 1
2927 20 1
2928 232 0
2929 3 1
2930 49 0
2931 458 0
2932 62 0
2933 593 1
2934 398 1
2935 435 0
2936 320 1
2937 494 1
2938 1 1
2939 90 1
2940 650 0
2941 507 1
2942 361 0
2943 711 1
2944 379 1
2945 423 1
2946 714 1
2947 393 1
2948 306 1
2949 37 0
2950 180 1
2951 423 1
2952 195 1
2953 340 1
2954 260 0
2955 69 1
2956 375 0
2957 784 1
2958 29 1
2959 127 1
2960 315 1
2961 708 1
2962 485 0
2963 732 0
2964 194 1
2965 421 1
2966 294 0
2967 747 1
2968 686 1
2969 429 0
2970 570 1
2971 781 1
2972 0 0
2973 607 1
2974 476 0
2975 310 1
2976 337 1
2977 747 0
2978 355 1
2979 411 1
2980 354 1
2981 668 0
2982 730 1
2983 190 1
2984 608 1
2985 469 1
2986 42 1
2987 358 1
2988 231 0
2989 764 0
2990 624 1
2991 425 0
2992 455 0
2993 709 0
2994 757 1
2995 157 1
2996 186 1
2997 812 1
2998 346 0
2999 439 0
3000 546 0
3001 366 0
3002 520 1
3003 503 1
3004 614 1
3005 385 1
3006 704 1
3007 562 1
3008 216 0
3009 767 1
3010 625 0
3011 318 0
3012 802 1
3013 781 0
3014 238 0
3015 208 1
3016 362 1
3017 425 1
3018 352 1
3019 559 1
3020 430 0
3021 567 0
3022 807 1
3023 400 0
3024 506 0
3025 102 1
3026 453 0
3027 48 1
3028 475 1
3029 509 1
3030 155 1
3031 422 1
3032 472 1
3033 325 1
3034 702 1
3035 25 0
3036 63 1
3037 501 1
3038 518 0
3039 128 0
3040 430 0
3041 261 0
3042 395 1
3043 244 1
3044 192 0
3045 509 1
3046 651 1
3047 737 0
3048 704 0
3049 54 0
3050 308 1
3051 773 1
3052 415 1
3053 295 1
3054 537 1
3055 63 1
3056 525 0
3057 775 1
3058 505 0
3059 25 0
3060 6 1
3061 98 1
3062 518 1
3063 705 1
3064 131 1
3065 172 1
3066 582 1
3067 555 0
3068 453 0
3069 36 0
3070 326 0
3071 63 0
3072 423 0
3073 134 1
3074 782 1
3075 551 0
3076 565 1
3077 498 1
3078 537 0
3079 540 1
3080 197 1
3081 33 1
3082 583 1
3083 702 1
3084 491 0
3085 133 1
3086 710 1
3087 30 0
3088 779 0
3089 169 0
3090 67 1
3091 584 1
3092 423 1
3093 641 0
3094 393 0
3095 554 0
3096 0 1
3097 295 1
3098 228 1
3099 674 0
3100 790 1
3101 717 1
3102 748 1
3103 740 1
3104 656 1
3105 505 0
3106 683 1
3107 281 0
3108 278 1
3109 300 0
3110 337 1
3111 187 0
3112 494 0
3113 666 1
3114 533 1
3115 494 1
3116 253 1
3117 239 1
3118 193 0
3119 73 0
3120 123 0
3121 625 1
3122 592 1
3123 146 1
3124 62 1
3125 467 1
3126 354 0
3127 482 1
3128 190 1
3129 496 0
3130 594 1
3131 281 0
3132 436 0
3133 211 1
3134 424 1
3135 531 0
3136 606 1
3137 406 0
3138 169 0
3139 176 1
3140 52 0
3141 375 1
3142 223 1
3143 307 1
3144 111 1
3145 189 1
3146 28 1
3147 606 1
3148 43 1
3149 274 1
3150 27 1
3151 68 1
3152 758 1
3153 757 1
3154 80 0
3155 84 0
3156 630 0
3157 410 1
3158 242 0
3159 319 1
3160 574 0
3161 803 1
3162 160 1
3163 247 1
3164 460 0
3165 287 1
3166 123 1
3167 174 1
3168 703 1
3169 734 0
3170 227 1
3171 660 1
3172 331 1
3173 635 0
3174 150 1
3175 670 0
3176 515 1
3177 252 1
3178 425 1
3179 495 1
3180 637 0
3181 554 1
3182 319 1
3183 568 1
3184 713 0
3185 603 1
3186 483 1
3187 722 1
3188 695 1
3189 440 1
3190 417 1
3191 368 0
3192 818 0
3193 661 1
3194 173 1
3195 363 1
3196 300 1
3197 497 1
3198 571 1
3199 439 0
3200 729 1
3201 330 0
3202 539 0
3203 132 0
3204 515 1
3205 187 1
3206 608 0
3207 227 1
3208 228 1
3209 775 0
3210 406 1
3211 138 1
3212 163 1
3213 251 1
3214 753 1
3215 125 1
3216 786 1
3217 801 1
3218 561 1
3219 795 0
3220 559 0
3221 371 0
3222 462 0
3223 699 1
3224 539 1
3225 145 1
3226 28 1
3227 576 0
3228 790 0
3229 670 1
3230 444 1
3231 313 1
3232 303 1
3233 662 1
3234 281 0
3235 175 1
3236 545 1
3237 113 1
3238 69 0
3239 751 1
3240 649 1
3241 478 0
3242 105 1
3243 741 0
3244 807 1
3245 545 1
3246 440 1
3247 588 0
3248 206 1
3249 661 1
3250 123 1
3251 253 0
3252 435 1
3253 601 1
3254 232 1
3255 165 1
3256 482 1
3257 483 1
3258 750 1
3259 536 1
3260 50 1
3261 96 0
3262 173 1
3263 287 1
3264 297 1
3265 738 0
3266 18 1
3267 13 0
3268 411 1
3269 701 1
3270 200 1
3271 577 1
3272 434 1
3273 323 0
3274 519 0
3275 29 0
3276 174 1
3277 113 1
3278 682 1
3279 598 1
3280 401 0
3281 196 1
3282 562 1
3283 616 0
3284 568 0
3285 669 1
3286 289 1
3287 505 1
3288 541 1
3289 13 0
3290 50 0
3291 554 1
3292 732 0
3293 444 1
3294 811 1
3295 500 0
3296 613 1
3297 684 1
3298 650 1
3299 383 1
3300 723 1
3301 222 0
3302 533 0
3303 660 1
3304 736 0
3305 112 1
3306 461 1
3307 755 1
3308 259 1
3309 22 1
3310 603 0
3311 517 1
3312 144 1
3313 755 1
3314 608 1
3315 247 0
3316 297 1
3317 450 1
3318 249 1
3319 11 1
3320 19 0
3321 569 1
3322 535 1
3323 726 1
3324 66 1
3325 227 1
3326 196 1
3327 249 1
3328 181 0
3329 59 0
3330 120 1
3331 355 0
3332 520 1
3333 302 1
3334 151 1
3335 553 0
3336 181 0
3337 522 1
3338 809 1
3339 564 1
3340 358 0
3341 598 1
3342 589 1
3343 638 1
3344 648 1
3345 485 1
3346 749 1
3347 368 0
3348 699 1
3349 17 1
3350 727 1
3351 764 1
3352 55 0
3353 678 1
3354 77 1
3355 792 1
3356 268 1
3357 606 1
3358 344 1
3359 553 1
3360 49 0
3361 124 0
3362 112 1
3363 173 1
3364 87 1
3365 587 0
3366 633 1
3367 776 1
3368 53 1
3369 477 1
3370 112 0
3371 311 1
3372 767 0
3373 163 0
3374 396 1
3375 338 1
3376 116 1
3377 296 1
3378 698 0
3379 93 1
3380 533 1
3381 781 1
3382 139 1
3383 89 1
3384 427 0
3385 195 1
3386 70 1
3387 664 1
3388 349 0
3389 183 1
3390 596 1
3391 244 1
3392 37 1
3393 685 1
3394 754 1
3395 702 1
3396 384 1
3397 688 1
3398 327 1
3399 588 1
3400 268 1
3401 220 1
3402 215 1
3403 229 1
3404 637 1
3405 362 1
3406 806 1
3407 52 1
3408 72 0
3409 759 1
3410 568 0
3411 348 1
3412 231 0
3413 401 0
3414 738 1
3415 239 0
3416 698 0
3417 398 1
3418 140 1
3419 402 1
3420 93 1
3421 117 1
3422 296 0
3423 795 0
3424 778 1
3425 247 1
3426 303 1
3427 277 1
3428 684 1
3429 147 1
3430 593 1
3431 663 0
3432 589 1
3433 310 0
3434 614 1
3435 560 1
3436 530 1
3437 660 1
3438 590 0
3439 247 1
3440 298 1
3441 692 1
3442 143 1
3443 189 0
3444 702 1
3445 356 0
3446 466 1
3447 2 0
3448 186 0
3449 710 0
3450 78 1
3451 562 1
3452 53 1
3453 487 1
3454 784 1
3455 117 1
3456 281 0
3457 737 1
3458 13 1
3459 177 0
3460 188 1
3461 117 1
3462 605 1
3463 635 1
3464 175 1
3465 645 1
3466 721 0
3467 605 0
3468 536 1
3469 214 0
3470 751 1
3471 637 1
3472 193 0
3473 382 1
3474 534 0
3475 538 1
3476 145 1
3477 430 1
3478 390 1
3479 467 0
3480 516 1
3481 563 0
3482 426 1
3483 117 0
3484 367 0
3485 516 0
3486 534 1
3487 386 0
3488 633 1
3489 550 1
3490 253 1
3491 252 0
3492 669 0
3493 74 1
3494 672 0
3495 679 1
3496 450 1
3497 659 1
3498 517 1
3499 763 1
3500 32 0
3501 366 1
3502 539 1
3503 91 1
3504 317 1
3505 575 1
3506 783 1
3507 713 1
3508 435 1
3509 747 1
3510 253 1
3511 530 1
3512 83 1
3513 633 1
3514 72 1
3515 539 1
3516 782 0
3517 415 1
3518 454 1
3519 729 1
3520 200 1
3521 395 1
3522 365 0
3523 671 0
3524 129 1
3525 142 1
3526 259 0
3527 10 1
3528 95 0
3529 687 1
3530 146 0
3531 144 1
3532 109 0
3533 612 1
3534 118 1
3535 388 1
3536 60 1
3537 355 1
3538 816 1
3539 407 0
3540 550 1
3541 124 1
3542 274 1
3543 77 0
3544 650 1
3545 537 1
3546 97 1
3547 777 1
3548 293 0
3549 642 1
3550 18 1
3551 474 0
3552 738 0
3553 505 0
3554 781 1
3555 605 1
3556 387 1
3557 375 1
3558 44 1
3559 84 1
3560 269 1
3561 415 1
3562 356 1
3563 445 1
3564 689 1
3565 677 0
3566 351 1
3567 786 1
3568 215 0
3569 186 1
3570 310 0
3571 561 1
3572 701 1
3573 411 0
3574 569 1
3575 365 1
3576 171 0
3577 258 1
3578 79 1
3579 793 1
3580 24 1
3581 657 1
3582 37 1
3583 645 1
3584 22 0
3585 301 1
3586 547 1
3587 82 0
3588 33 1
3589 100 1
3590 42 1
3591 495 1
3592 170 0
3593 485 1
3594 382 0
3595 71 1
3596 164 1
3597 782 1
3598 406 0
3599 326 1
3600 493 1
3601 632 1
3602 544 0
3603 395 1
3604 132 1
3605 233 1
3606 13 0
3607 132 1
3608 279 0
3609 177 1
3610 2 1
3611 120 0
3612 30 0
3613 112 0
3614 564 1
3615 736 1
3616 120 0
3617 203 1
3618 316 1
3619 166 1
3620 274 1
3621 368 0
3622 744 0
3623 87 1
3624 43 0
3625 737 0
3626 385 1
3627 774 0
3628 122 1
3629 724 0
3630 379 1
3631 668 1
3632 116 1
3633 779 0
3634 523 1
3635 626 1
3636 270 1
3637 701 0
3638 547 0
3639 144 1
3640 106 1
3641 379 0
3642 102 1
3643 651 1
3644 275 0
3645 527 1
3646 815 1
3647 769 1
3648 301 0
3649 289 1
3650 599 0
3651 548 1
3652 15 1
3653 810 1
3654 272 1
3655 78 0
3656 70 0
3657 613 1
3658 665 0
3659 13 1
3660 619 0
3661 519 1
3662 788 1
3663 599 1
3664 251 0
3665 149 0
3666 38 1
3667 645 1
3668 180 0
3669 489 1
3670 516 1
3671 702 1
3672 78 1
3673 503 1
3674 687 1
3675 45 1
3676 109 1
3677 155 1
3678 86 0
3679 221 1
3680 696 0
3681 113 0
3682 811 1
3683 661 1
3684 320 0
3685 625 0
3686 770 1
3687 347 1
3688 750 1
3689 645 0
3690 419 1
3691 158 1
3692 180 1
3693 351 1
3694 120 0
3695 348 1
3696 687 1
3697 605 1
3698 17 1
3699 724 1
3700 650 1
3701 98 1
3702 784 1
3703 375 1
3704 349 1
3705 386 0
3706 637 1
3707 222 1
3708 729 1
3709 9 1
3710 70 0
3711 28 0
3712 563 1
3713 490 1
3714 261 1
3715 789 0
3716 542 1
3717 310 0
3718 386 1
3719 275 1
3720 631 1
3721 556 1
3722 258 1
3723 448 1
3724 276 0
3725 199 1
3726 687 1
3727 157 0
3728 733 1
3729 756 1
3730 659 0
3731 12 1
3732 539 1
3733 71 0
3734 751 0
3735 713 0
3736 752 1
3737 194 1
3738 154 0
3739 232 1
3740 25 1
3741 778 1
3742 530 1
3743 69 1
3744 508 1
3745 364 1
3746 478 1
3747 730 1
3748 442 0
3749 177 1
3750 764 1
3751 119 0
3752 394 1
3753 760 1
3754 9 1
3755 33 0
3756 604 0
3757 619 1
3758 671 0
3759 504 1
3760 439 0
3761 452 0
3762 297 0
3763 169 0
3764 90 1
3765 295 1
3766 289 1
3767 604 1
3768 600 1
3769 286 1
3770 719 1
3771 388 0
3772 55 1
3773 437 0
3774 621 1
3775 12 0
3776 44 0
3777 212 1
3778 700 1
3779 134 0
3780 599 1
3781 570 1
3782 587 1
3783 497 1
3784 774 1
3785 723 1
3786 27 1
3787 104 1
3788 225 0
3789 681 1
3790 536 0
3791 140 1
3792 210 1
3793 102 0
3794 477 0
3795 627 0
3796 409 0
3797 762 1
3798 606 0
3799 419 1
3800 277 1
3801 161 1
3802 487 1
3803 259 0
3804 679 1
3805 611 1
3806 686 1
3807 157 1
3808 720 1
3809 732 0
3810 240 1
3811 380 1
3812 100 1
3813 699 1
3814 636 1
3815 193 1
3816 494 0
3817 270 1
3818 491 0
3819 747 1
3820 394 1
3821 619 1
3822 89 0
3823 83 1
3824 780 1
3825 241 1
3826 537 0
3827 594 1
3828 817 1
3829 140 1
3830 646 1
3831 600 1
3832 559 1
3833 357 1
3834 325 0
3835 455 0
3836 569 1
3837 725 0
3838 213 1
3839 521 1
3840 677 0
3841 119 1
3842 437 0
3843 776 1
3844 242 1
3845 123 0
3846 303 0
3847 391 1
3848 520 0
3849 275 1
3850 87 0
3851 618 1
3852 40 1
3853 240 1
3854 386 0
3855 172 1
3856 576 0
3857 383 1
3858 58 0
3859 375 1
3860 310 1
3861 370 1
3862 147 1
3863 528 1
3864 435 1
3865 566 1
3866 460 1
3867 103 1
3868 634 1
3869 625 0
3870 29 0
3871 318 1
3872 142 1
3873 545 1
3874 95 0
3875 501 1
3876 343 1
3877 762 1
3878 557 1
3879 339 1
3880 201 0
3881 567 0
3882 324 1
3883 214 1
3884 758 0
3885 213 1
3886 690 1
3887 319 1
3888 159 1
3889 85 1
3890 709 0
3891 276 1
3892 382 0
3893 596 0
3894 435 0
3895 166 1
3896 766 1
3897 222 1
3898 458 0
3899 155 1
3900 201 0
3901 110 0
3902 644 1
3903 648 1
3904 346 1
3905 674 1
3906 245 0
3907 86 0
3908 94 1
3909 620 1
3910 543 1
3911 91 1
3912 574 1
3913 506 1
3914 494 0
3915 226 1
3916 774 1
3917 511 1
3918 638 1
3919 200 0
3920 818 0
3921 146 0
3922 58 0
3923 743 0
3924 787 0
3925 554 1
3926 385 1
3927 746 1
3928 13 0
3929 788 1
3930 20 1
3931 256 0
3932 532 1
3933 447 1
3934 33 1
3935 390 1
3936 574 1
3937 20 1
3938 513 1
3939 528 1
3940 233 1
3941 736 0
3942 654 1
3943 502 1
3944 151 1
3945 227 1
3946 667 0
3947 19 1
3948 176 1
3949 604 1
3950 38 0
3951 804 0
3952 456 1
3953 169 0
3954 640 0
3955 375 1
3956 705 0
3957 545 1
3958 9 1
3959 132 0
3960 572 0
3961 76 1
3962 587 1
3963 673 0
3964 305 1
3965 716 1
3966 378 1
3967 8 1
3968 578 1
3969 728 0
3970 746 0
3971 199 0
3972 320 1
3973 98 1
3974 717 1
3975 362 0
3976 463 1
3977 763 1
3978 277 0
3979 48 1
3980 1 1
3981 106 1
3982 519 1
3983 138 0
3984 163 0
3985 294 0
3986 203 1
3987 468 1
3988 163 1
3989 725 1
3990 669 0
3991 532 0
3992 451 1
3993 545 1
3994 19 1
3995 492 1
3996 410 0
3997 399 1
3998 457 1
3999 5 1
4000 456 1
4001 328 1
4002 665 1
4003 108 1
4004 287 0
4005 70 1
4006 27 0
4007 451 1
4008 696 1
4009 133 0
4010 514 1
4011 736 1
4012 21 1
4013 651 0
4014 598 1
4015 25 1
4016 137 0
4017 511 1
4018 202 1
4019 683 1
4020 377 1
4021 627 1
4022 281 1
4023 628 0
4024 181 0
4025 746 1
4026 311 1
4027 418 1
4028 723 0
4029 684 0
4030 88 1
4031 482 1
4032 243 0
4033 80 0
4034 665 1
4035 806 1
4036 441 0
4037 500 1
4038 619 1
4039 625 0
4040 686 1
4041 421 1
4042 268 0
4043 256 0
4044 271 0
4045 547 1
4046 702 0
4047 328 0
4048 384 1
4049 315 1
4050 96 0
4051 326 1
4052 789 1
4053 185 1
4054 752 1
4055 443 1
4056 416 1
4057 542 0
4058 757 1
4059 730 1
4060 791 0
4061 312 1
4062 669 1
4063 416 1
4064 101 0
4065 209 1
4066 215 0
4067 606 1
4068 158 0
4069 647 1
4070 656 1
4071 455 0
4072 188 0
4073 810 0
4074 30 1
4075 79 1
4076 361 1
4077 293 1
4078 212 0
4079 61 1
4080 622 0
4081 382 0
4082 549 1
4083 766 0
4084 15 1
4085 543 1
4086 609 1
4087 105 0
4088 230 1
4089 668 0
4090 690 0
4091 6 1
4092 64 0
4093 187 1
4094 62 1
4095 334 0
4096 391 1
4097 446 1
4098 759 1
4099 574 0
4100 732 1
4101 626 0
4102 222 1
4103 245 1
4104 572 1
4105 456 1
4106 587 1
4107 548 1
4108 506 1
4109 800 1
4110 38 1
4111 305 1
4112 86 1
4113 295 1
4114 69 0
4115 672 1
4116 93 1
4117 249 1
4118 135 0
4119 511 1
4120 461 1
4121 205 0
4122 354 0
4123 753 1
4124 542 0
4125 481 1
4126 103 1
4127 754 1
4128 590 0
4129 87 0
4130 25 1
4131 514 1
4132 291 1
4133 177 1
4134 439 1
4135 188 1
4136 708 1
4137 55 0
4138 71 0
4139 157 1
4140 467 1
4141 119 1
4142 606 1
4143 504 1
4144 29 0
4145 90 1
4146 404 1
4147 735 1
4148 421 1
4149 176 1
4150 525 1
4151 686 0
4152 501 1
4153 401 1
4154 474 1
4155 111 1
4156 250 1
4157 437 0
4158 29 1
4159 30 0
4160 587 1
4161 675 0
4162 598 0
4163 49 1
4164 300 0
4165 114 0
4166 333 1
4167 36 1
4168 466 0
4169 460 1
4170 740 1
4171 806 1
4172 546 0
4173 771 1
4174 420 1
4175 378 1
4176 795 0
4177 360 0
4178 442 1
4179 646 1
4180 251 1
4181 493 1
4182 357 1
4183 472 1
4184 21 0
4185 688 1
4186 429 1
4187 805 1
4188 154 0
4189 476 1
4190 484 1
4191 762 1
4192 15 1
4193 778 0
4194 329 1
4195 125 1
4196 291 1
4197 347 1
4198 74 1
4199 525 1
4200 677 0
4201 728 1
4202 252 1
4203 315 1
4204 397 1
4205 33 1
4206 572 0
4207 395 1
4208 714 1
4209 788 1
4210 704 0
4211 678 1
4212 330 0
4213 698 0
4214 769 1
4215 371 1
4216 671 1
4217 786 1
4218 48 1
4219 254 0
4220 0 1
4221 379 1
4222 7 1
4223 212 1
4224 54 1
4225 0 0
4226 20 1
4227 116 1
4228 756 1
4229 754 1
4230 272 1
4231 259 0
4232 459 1
4233 792 0
4234 253 1
4235 5 0
4236 387 0
4237 697 0
4238 84 1
4239 169 1
4240 16 0
4241 77 0
4242 28 0
4243 259 0
4244 752 1
4245 288 0
4246 245 0
4247 74 1
4248 645 1
4249 264 0
4250 146 1
4251 77 0
4252 397 1
4253 109 1
4254 609 1
4255 491 1
4256 448 1
4257 534 1
4258 507 1
4259 58 1
4260 40 1
4261 262 1
4262 765 0
4263 733 0
4264 255 1
4265 415 0
4266 191 1
4267 807 1
4268 193 1
4269 123 0
4270 247 1
4271 353 1
4272 109 1
4273 788 0
4274 733 1
4275 800 0
4276 245 1
4277 803 0
4278 451 0
4279 654 1
4280 768 1
4281 33 0
4282 488 0
4283 473 0
4284 809 1
4285 280 1
4286 137 0
4287 677 1
4288 573 0
4289 734 1
4290 673 1
4291 314 1
4292 12 1
4293 162 1
4294 68 1
4295 95 1
4296 811 0
4297 30 0
4298 712 1
4299 777 1
4300 153 1
4301 811 0
4302 744 0
4303 408 1
4304 496 1
4305 167 0
4306 783 0
4307 193 1
4308 651 1
4309 183 1
4310 97 1
4311 609 1
4312 150 0
4313 314 1
4314 196 0
4315 617 0
4316 383 0
4317 384 1
4318 332 1
4319 808 1
4320 41 0
4321 104 0
4322 382 0
4323 672 1
4324 525 0
4325 678 0
4326 187 1
4327 584 1
4328 161 1
4329 253 1
4330 95 0
4331 451 0
4332 533 1
4333 788 0
4334 680 0
4335 748 1
4336 677 1
4337 598 0
4338 203 0
4339 199 1
4340 232 1
4341 404 0
4342 527 1
4343 628 0
4344 683 1
4345 790 0
4346 805 1
4347 439 1
4348 310 1
4349 566 1
4350 110 0
4351 765 1
4352 401 1
4353 772 1
4354 740 1
4355 386 0
4356 210 0
4357 444 1
4358 576 1
4359 352 0
4360 60 1
4361 401 1
4362 746 0
4363 566 1
4364 173 0
4365 281 0
4366 553 1
4367 123 0
4368 389 0
4369 739 1
4370 100 0
4371 208 0
4372 23 0
4373 793 1
4374 650 1
4375 221 1
4376 521 1
4377 629 1
4378 387 1
4379 430 0
4380 306 1
4381 715 1
4382 683 0
4383 175 1
4384 659 0
4385 308 1
4386 18 1
4387 815 1
4388 221 0
4389 513 1
4390 168 1
4391 508 1
4392 282 1
4393 63 0
4394 311 1
4395 283 1
4396 129 1
4397 657 0
4398 762 1
4399 810 1
4400 543 1
4401 288 0
4402 687 1
4403 475 1
4404 126 1
4405 706 0
4406 776 0
4407 727 0
4408 457 0
4409 780 1
4410 80 1
4411 438 0
4412 296 0
4413 767 0
4414 724 0
4415 714 1
4416 802 1
4417 64 0
4418 339 1
4419 504 1
4420 581 1
4421 503 0
4422 530 1
4423 521 1
4424 818 0
4425 681 1
4426 727 0
4427 162 1
4428 321 0
4429 443 1
4430 612 0
4431 548 0
4432 394 1
4433 191 1
4434 76 1
4435 252 1
4436 140 1
4437 811 1
4438 93 1
4439 583 1
4440 177 1
4441 735 1
4442 619 0
4443 161 0
4444 751 0
4445 220 1
4446 687 1
4447 193 1
4448 305 0
4449 50 0
4450 133 0
4451 783 0
4452 674 1
4453 815 1
4454 342 1
4455 604 1
4456 79 1
4457 476 1
4458 471 1
4459 563 1
4460 295 1
4461 1 1
4462 605 0
4463 426 0
4464 323 1
4465 218 1
4466 395 1
4467 601 0
4468 702 0
4469 71 1
4470 103 0
4471 617 1
4472 248 0
4473 496 1
4474 93 1
4475 304 0
4476 77 1
4477 552 0
4478 244 1
4479 519 0
4480 252 1
4481 77 1
4482 663 1
4483 78 1
4484 202 1
4485 645 0
4486 696 0
4487 231 1
4488 590 0
4489 717 1
4490 20 1
4491 125 0
4492 252 0
4493 653 1
4494 581 1
4495 117 1
4496 143 1
4497 533 0
4498 746 1
4499 278 1
4500 633 0
4501 306 1
4502 292 1
4503 380 1
4504 189 0
4505 491 0
4506 225 0
4507 307 1
4508 219 1
4509 27 0
4510 366 1
4511 558 0
4512 211 1
4513 241 0
4514 756 0
4515 139 1
4516 496 1
4517 5 1
4518 598 1
4519 723 0
4520 409 1
4521 50 1
4522 66 1
4523 165 1
4524 371 1
4525 11 0
4526 80 1
4527 172 1
4528 23 1
4529 302 1
4530 113 1
4531 274 1
4532 503 1
4533 322 0
4534 409 0
4535 814 0
4536 495 1
4537 378 0
4538 275 1
4539 718 1
4540 607 1
4541 308 1
4542 352 1
4543 32 1
4544 637 0
4545 79 0
4546 393 1
4547 285 0
4548 376 0
4549 232 1
4550 707 1
4551 401 0
4552 145 1
4553 816 1
4554 503 1
4555 810 1
4556 498 0
4557 723 1
4558 524 1
4559 150 1
4560 143 1
4561 147 0
4562 454 1
4563 486 1
4564 93 1
4565 413 1
4566 690 1
4567 236 1
4568 775 1
4569 181 0
4570 2 1
4571 495 0
4572 345 1
4573 275 0
4574 208 0
4575 393 1
4576 526 0
4577 632 1
4578 26 0
4579 735 0
4580 633 0
4581 101 1
4582 198 1
4583 266 1
4584 443 0
4585 358 1
4586 620 1
4587 561 1
4588 178 0
4589 69 1
4590 186 0
4591 482 1
4592 56 1
4593 617 0
4594 210 0
4595 73 1
4596 735 0
4597 401 0
4598 384 0
4599 141 1
4600 168 1
4601 197 1
4602 406 1
4603 679 1
4604 519 1
4605 715 1
4606 263 1
4607 470 0
4608 417 1
4609 273 0
4610 673 1
4611 396 1
4612 265 1
4613 576 1
4614 518 1
4615 401 1
4616 142 1
4617 399 1
4618 281 1
4619 58 0
4620 60 1
4621 558 1
4622 205 1
4623 515 0
4624 349 1
4625 175 1
4626 189 0
4627 666 1
4628 422 1
4629 157 1
4630 757 1
4631 551 1
4632 82 0
4633 372 0
4634 263 1
4635 217 1
4636 386 0
4637 519 1
4638 38 1
4639 139 0
4640 58 0
4641 335 0
4642 630 0
4643 445 0
4644 350 0
4645 789 1
4646 86 0
4647 112 1
4648 397 0
4649 403 1
4650 96 1
4651 727 1
4652 577 1
4653 690 1
4654 516 1
4655 746 1
4656 69 1
4657 437 0
4658 317 1
4659 549 1
4660 410 1
4661 699 1
4662 94 1
4663 408 1
4664 349 1
4665 76 1
4666 485 1
4667 672 1
4668 413 0
4669 474 1
4670 425 1
4671 428 1
4672 536 1
4673 811 1
4674 672 0
4675 446 1
4676 805 0
4677 503 1
4678 191 1
4679 316 1
4680 520 1
4681 730 1
4682 378 0
4683 173 1
4684 51 1
4685 517 1
4686 101 1
4687 715 1
4688 735 1
4689 545 1
4690 46 1
4691 724 0
4692 371 0
4693 804 1
4694 117 1
4695 28 0
4696 567 1
4697 695 1
4698 266 1
4699 661 0
4700 568 1
4701 666 1
4702 229 1
4703 232 1
4704 67 0
4705 733 1
4706 694 0
4707 17 1
4708 663 0
4709 553 0
4710 177 1
4711 598 1
4712 265 1
4713 614 1
4714 395 1
4715 721 1
4716 559 0
4717 557 1
4718 56 1
4719 114 1
4720 492 0
4721 236 1
4722 411 1
4723 486 0
4724 0 0
4725 88 0
4726 546 0
4727 665 1
4728 213 1
4729 397 1
4730 788 1
4731 624 1
4732 49 1
4733 369 0
4734 77 1
4735 100 1
4736 384 1
4737 809 0
4738 333 1
4739 794 1
4740 441 1
4741 383 0
4742 749 0
4743 33 0
4744 434 0
4745 623 1
4746 730 1
4747 804 1
4748 662 1
4749 628 1
4750 710 1
4751 235 1
4752 808 1
4753 814 0
4754 446 0
4755 400 1
4756 33 1
4757 108 1
4758 758 1
4759 669 0
4760 444 1
4761 649 1
4762 773 0
4763 750 1
4764 43 1
4765 282 1
4766 212 1
4767 773 1
4768 486 0
4769 268 1
4770 611 1
4771 744 1
4772 505 1
4773 352 1
4774 739 1
4775 818 0
4776 420 0
4777 464 1
4778 336 0
4779 735 1
4780 8 0
4781 58 0
4782 459 0
4783 294 0
4784 780 1
4785 803 1
4786 411 1
4787 142 1
4788 507 0
4789 542 1
4790 312 1
4791 663 1
4792 243 1
4793 160 0
4794 576 1
4795 12 1
4796 19 1
4797 676 0
4798 773 1
4799 349 0
4800 713 1
4801 232 0
4802 807 0
4803 276 1
4804 740 1
4805 794 1
4806 285 0
4807 19 1
4808 691 1
4809 160 0
4810 818 1
4811 776 0
4812 114 0
4813 241 1
4814 657 0
4815 675 1
4816 796 1
4817 601 1
4818 334 1
4819 332 1
4820 493 0
4821 232 0
4822 690 1
4823 359 0
4824 174 1
4825 754 1
4826 564 0
4827 64 1
4828 397 1
4829 491 1
4830 77 0
4831 531 0
4832 179 1
4833 583 1
4834 116 1
4835 512 1
4836 148 1
4837 568 1
4838 740 0
4839 453 1
4840 371 0
4841 269 1
4842 152 1
4843 539 1
4844 639 1
4845 529 0
4846 302 1
4847 387 0
4848 426 1
4849 47 0
4850 810 1
4851 204 1
4852 356 0
4853 158 1
4854 624 1
4855 245 1
4856 743 0
4857 37 1
4858 720 0
4859 498 1
4860 659 1
4861 54 0
4862 321 0
4863 495 1
4864 464 1
4865 215 1
4866 154 1
4867 595 1
4868 245 1
4869 660 1
4870 290 1
4871 790 1
4872 345 0
4873 163 0
4874 457 0
4875 531 1
4876 613 0
4877 184 1
4878 208 1
4879 607 1
4880 275 1
4881 310 0
4882 294 1
4883 813 1
4884 584 1
4885 334 1
4886 485 1
4887 15 0
4888 58 0
4889 129 0
4890 712 1
4891 558 1
4892 300 1
4893 366 1
4894 475 1
4895 234 0
4896 720 1
4897 362 1
4898 247 0
4899 607 0
4900 754 0
4901 759 1
4902 43 1
4903 303 1
4904 6 0
4905 490 1
4906 147 1
4907 149 0
4908 24 1
4909 699 1
4910 413 1
4911 432 1
4912 275 1
4913 382 1
4914 75 1
4915 535 0
4916 727 1
4917 175 1
4918 175 1
4919 744 1
4920 783 0
4921 643 1
4922 516 1
4923 302 1
4924 361 1
4925 94 0
4926 42 1
4927 14 1
4928 117 0
4929 712 1
4930 438 0
4931 765 1
4932 647 0
4933 169 0
4934 600 1
4935 747 0
4936 382 1
4937 292 1
4938 545 1
4939 365 1
4940 521 1
4941 477 1
4942 729 1
4943 625 1
4944 759 1
4945 782 1
4946 818 0
4947 468 1
4948 31 1
4949 266 1
4950 605 1
4951 811 0
4952 766 0
4953 683 1
4954 751 1
4955 323 0
4956 432 1
4957 70 1
4958 345 1
4959 113 1
4960 266 1
4961 536 0
4962 805 0
4963 527 0
4964 695 1
4965 392 1
4966 169 1
4967 266 1
4968 541 0
4969 480 0
4970 360 1
4971 107 1
4972 528 1
4973 188 0
4974 616 0
4975 212 0
4976 250 0
4977 72 1
4978 677 0
4979 125 1
4980 446 1
4981 651 1
4982 645 1
4983 603 0
4984 229 1
4985 21 0
4986 811 1
4987 306 0
4988 50 1
4989 447 1
4990 540 1
4991 602 1
4992 460 1
4993 79 1
4994 328 0
4995 617 0
4996 337 1
4997 443 1
4998 548 0
4999 403 0
5000 364 1
5001 291 1
5002 297 0
5003 749 1
5004 17 1
5005 68 1
5006 90 1
5007 400 1
5008 398 1
5009 614 1
5010 427 1
5011 426 1
5012 733 1
5013 799 0
5014 149 1
5015 164 1
5016 680 1
5017 614 1
5018 669 0
5019 250 1
5020 794 1
5021 168 1
5022 42 1
5023 361 1
5024 791 1
5025 783 0
5026 312 0
5027 216 1
5028 440 0
5029 433 0
5030 324 1
5031 28 1
5032 669 0
5033 87 1
5034 239 1
5035 258 1
5036 528 0
5037 25 1
5038 47 1
5039 755 0
5040 286 1
5041 162 1
5042 162 1
5043 696 0
5044 318 1
5045 244 1
5046 780 1
5047 571 0
5048 95 1
5049 202 1
5050 50 0
5051 294 1
5052 758 1
5053 74 0
5054 449 1
5055 568 1
5056 473 1
5057 514 1
5058 161 1
5059 290 1
5060 574 1
5061 47 1
5062 679 1
5063 90 1
5064 330 1
5065 34 1
5066 496 0
5067 575 0
5068 391 1
5069 165 1
5070 403 0
5071 756 1
5072 516 1
5073 436 1
5074 715 1
5075 209 1
5076 313 1
5077 749 0
5078 747 0
5079 692 0
5080 184 0
5081 383 1
5082 108 1
5083 168 0
5084 532 1
5085 393 1
5086 247 0
5087 736 0
5088 526 1
5089 493 1
5090 132 1
5091 636 1
5092 703 1
5093 491 1
5094 458 1
5095 633 0
5096 143 1
5097 375 0
5098 80 0
5099 623 1
5100 57 1
5101 600 0
5102 271 0
5103 811 1
5104 51 1
5105 144 1
5106 112 0
5107 373 1
5108 399 1
5109 499 1
5110 153 1
5111 552 0
5112 255 1
5113 420 0
5114 523 1
5115 1 0
5116 37 1
5117 500 1
5118 300 1
5119 159 1
5120 721 0
5121 279 1
5122 137 1
5123 574 1
5124 441 1
5125 319 0
5126 313 1
5127 763 1
5128 724 1
5129 776 0
5130 332 1
5131 62 1
5132 433 1
5133 549 1
5134 108 1
5135 10 1
5136 65 0
5137 588 0
5138 686 0
5139 482 1
5140 471 1
5141 775 1
5142 598 1
5143 277 1
5144 136 1
5145 803 0
5146 757 1
5147 709 0
5148 481 1
5149 157 1
5150 201 1
5151 471 0
5152 74 0
5153 340 0
5154 457 1
5155 122 1
5156 549 0
5157 765 0
5158 798 0
5159 575 0
5160 202 0
5161 456 1
5162 478 0
5163 383 0
5164 531 0
5165 601 1
5166 453 1
5167 52 0
5168 239 1
5169 340 0
5170 140 1
5171 677 1
5172 542 1
5173 634 1
5174 590 1
5175 509 0
5176 4 1
5177 805 0
5178 238 1
5179 495 1
5180 783 1
5181 554 0
5182 275 1
5183 688 1
5184 743 1
5185 263 0
5186 672 1
5187 370 0
5188 616 0
5189 661 0
5190 449 0
5191 234 1
5192 370 1
5193 551 0
5194 462 1
5195 430 0
5196 249 1
5197 587 0
5198 516 1
5199 783 1
5200 538 1
5201 249 0
5202 349 1
5203 531 1
5204 677 0
5205 278 1
5206 596 0
5207 376 1
5208 477 0
5209 500 0
5210 208 0
5211 419 1
5212 22 1
5213 726 0
5214 388 1
5215 723 1
5216 98 0
5217 370 0
5218 516 1
5219 210 0
5220 455 0
5221 298 1
5222 54 0
5223 125 1
5224 656 1
5225 523 1
5226 609 1
5227 247 1
5228 746 1
5229 786 0
5230 716 1
5231 422 1
5232 587 1
5233 59 1
5234 56 1
5235 531 0
5236 629 1
5237 488 1
5238 558 1
5239 139 1
5240 292 0
5241 184 1
5242 402 1
5243 330 1
5244 329 1
5245 644 1
5246 40 0
5247 657 0
5248 93 1
5249 92 1
5250 38 0
5251 276 1
5252 379 1
5253 276 1
5254 303 1
5255 129 1
5256 3 1
5257 422 0
5258 489 1
5259 735 1
5260 230 1
5261 661 1
5262 552 0
5263 769 1
5264 396 1
5265 538 1
5266 282 1
5267 154 1
5268 633 1
5269 395 1
5270 718 0
5271 585 1
5272 710 1
5273 180 0
5274 812 0
5275 814 1
5276 402 0
5277 237 1
5278 336 0
5279 525 0
5280 792 1
5281 91 0
5282 112 0
5283 789 0
5284 420 1
5285 735 1
5286 762 0
5287 785 1
5288 305 1
5289 649 0
5290 678 1
5291 265 1
5292 482 0
5293 141 1
5294 433 1
5295 348 1
5296 91 1
5297 534 1
5298 430 0
5299 693 1
5300 615 1
5301 786 1
5302 35 1
5303 137 1
5304 642 1
5305 510 1
5306 612 1
5307 507 1
5308 202 0
5309 711 1
5310 495 1
5311 95 0
5312 552 1
5313 535 1
5314 59 0
5315 758 1
5316 72 1
5317 158 1
5318 402 1
5319 192 1
5320 262 0
5321 471 1
5322 403 1
5323 767 0
5324 808 1
5325 166 1
5326 80 1
5327 816 0
5328 634 1
5329 668 1
5330 685 1
5331 293 1
5332 257 1
5333 609 1
5334 746 1
5335 757 1
5336 428 0
5337 809 1
5338 569 1
5339 362 1
5340 469 1
5341 788 1
5342 533 1
5343 235 1
5344 242 1
5345 95 1
5346 436 1
5347 610 0
5348 712 1
5349 406 0
5350 126 1
5351 574 1
5352 626 1
5353 311 1
5354 246 1
5355 807 1
5356 126 1
5357 317 1
5358 486 1
5359 60 1
5360 382 1
5361 581 0
5362 289 1
5363 437 0
5364 388 0
5365 566 0
5366 241 1
5367 812 0
5368 501 0
5369 297 0
5370 721 1
5371 643 0
5372 806 1
5373 559 0
5374 567 1
5375 127 1
5376 520 0
5377 692 1
5378 696 1
5379 44 1
5380 208 0
5381 651 1
5382 548 1
5383 498 1
5384 693 0
5385 31 1
5386 5 1
5387 368 1
5388 689 1
5389 210 1
5390 472 1
5391 439 0
5392 661 0
5393 35 1
5394 495 1
5395 675 1
5396 435 1
5397 334 1
5398 76 0
5399 267 1
5400 424 1
5401 290 1
5402 27 1
5403 294 1
5404 510 1
5405 78 1
5406 585 0
5407 81 1
5408 573 1
5409 146 1
5410 760 0
5411 6 0
5412 381 0
5413 156 0
5414 788 1
5415 280 1
5416 467 1
5417 4 1
5418 281 1
5419 135 0
5420 546 1
5421 699 0
5422 474 1
5423 739 1
5424 514 0
5425 350 0
5426 759 1
5427 575 1
5428 441 0
5429 522 1
5430 208 1
5431 804 1
5432 425 1
5433 222 1
5434 31 1
5435 423 0
5436 314 1
5437 70 0
5438 9 1
5439 70 1
5440 747 1
5441 31 1
5442 521 1
5443 624 1
5444 263 0
5445 555 0
5446 55 1
5447 72 1
5448 274 1
5449 112 0
5450 396 1
5451 64 1
5452 711 1
5453 552 0
5454 816 1
5455 169 1
5456 95 1
5457 229 0
5458 551 1
5459 761 0
5460 234 1
5461 210 1
5462 781 1
5463 643 1
5464 449 0
5465 414 1
5466 344 0
5467 608 1
5468 356 0
5469 700 1
5470 144 0
5471 23 1
5472 814 0
5473 729 0
5474 158 1
5475 413 1
5476 93 1
5477 555 1
5478 778 0
5479 164 0
5480 59 1
5481 306 1
5482 109 1
5483 383 1
5484 181 1
5485 691 0
5486 59 1
5487 309 1
5488 19 1
5489 344 0
5490 634 0
5491 442 1
5492 306 1
5493 655 0
5494 301 0
5495 545 1
5496 450 1
5497 508 1
5498 690 1
5499 77 0
5500 82 0
5501 250 1
5502 407 0
5503 631 1
5504 523 1
5505 348 0
5506 786 1
5507 119 1
5508 22 1
5509 538 1
5510 390 0
5511 428 0
5512 40 1
5513 324 0
5514 63 1
5515 527 1
5516 95 0
5517 30 1
5518 389 1
5519 545 1
5520 818 1
5521 304 0
5522 736 1
5523 802 1
5524 122 1
5525 7 1
5526 529 1
5527 277 1
5528 553 1
5529 224 1
5530 746 1
5531 633 1
5532 581 0
5533 269 1
5534 378 0
5535 117 1
5536 760 0
5537 778 1
5538 588 1
5539 489 1
5540 335 1
5541 147 1
5542 112 0
5543 486 1
5544 78 1
5545 335 1
5546 515 0
5547 719 0
5548 558 1
5549 302 0
5550 727 1
5551 111 1
5552 585 1
5553 527 0
5554 13 0
5555 681 0
5556 565 1
5557 266 1
5558 178 1
5559 396 1
5560 516 0
5561 6 1
5562 626 0
5563 363 1
5564 639 0
5565 226 1
5566 137 1
5567 269 1
5568 280 1
5569 2 1
5570 737 1
5571 513 1
5572 436 1
5573 86 1
5574 457 1
5575 615 1
5576 139 0
5577 111 1
5578 272 1
5579 55 1
5580 192 1
5581 385 0
5582 363 1
5583 796 1
5584 248 1
5585 808 1
5586 406 0
5587 522 1
5588 207 0
5589 382 1
5590 143 1
5591 435 0
5592 544 0
5593 792 1
5594 765 1
5595 653 1
5596 746 0
5597 340 0
5598 618 1
5599 115 1
5600 169 0
5601 85 1
5602 351 1
5603 472 1
5604 140 1
5605 20 0
5606 86 0
5607 311 1
5608 55 1
5609 499 0
5610 748 0
5611 11 1
5612 425 1
5613 147 1
5614 670 0
5615 15 0
5616 110 1
5617 468 1
5618 452 1
5619 765 1
5620 29 1
5621 621 1
5622 294 0
5623 745 1
5624 141 1
5625 222 1
5626 631 1
5627 618 0
5628 585 0
5629 206 1
5630 771 1
5631 73 0
5632 195 1
5633 269 1
5634 407 1
5635 165 0
5636 744 1
5637 423 1
5638 771 0
5639 440 0
5640 518 1
5641 728 1
5642 768 1
5643 441 1
5644 346 1
5645 587 1
5646 613 0
5647 105 1
5648 254 1
5649 381 0
5650 205 1
5651 150 1
5652 386 0
5653 94 1
5654 538 1
5655 176 1
5656 122 0
5657 441 0
5658 485 0
5659 478 1
5660 454 0
5661 54 0
5662 778 0
5663 110 0
5664 150 0
5665 747 1
5666 91 1
5667 359 1
5668 396 1
5669 687 1
5670 41 1
5671 225 0
5672 2 0
5673 107 1
5674 473 1
5675 371 1
5676 703 0
5677 230 1
5678 458 1
5679 748 1
5680 576 1
5681 17 1
5682 498 1
5683 69 0
5684 574 1
5685 754 1
5686 673 1
5687 651 0
5688 571 1
5689 216 1
5690 397 0
5691 334 1
5692 67 0
5693 688 1
5694 777 1
5695 58 1
5696 218 1
5697 254 1
5698 196 1
5699 408 0
5700 132 1
5701 439 1
5702 376 1
5703 407 0
5704 774 0
5705 225 1
5706 136 1
5707 379 1
5708 177 0
5709 472 0
5710 482 0
5711 413 1
5712 479 1
5713 342 1
5714 734 1
5715 499 1
5716 275 1
5717 470 1
5718 134 1
5719 523 1
5720 425 0
5721 315 1
5722 362 1
5723 637 1
5724 686 1
5725 419 1
5726 3 1
5727 103 0
5728 425 1
5729 82 1
5730 377 1
5731 132 1
5732 316 1
5733 101 1
5734 532 1
5735 413 1
5736 427 0
5737 573 1
5738 347 1
5739 381 0
5740 554 0
5741 436 1
5742 686 1
5743 783 1
5744 37 1
5745 504 1
5746 244 1
5747 684 1
5748 420 1
5749 65 1
5750 463 0
5751 17 1
5752 259 0
5753 41 1
5754 34 1
5755 692 1
5756 276 1
5757 71 1
5758 720 0
5759 307 1
5760 518 1
5761 789 1
5762 502 1
5763 376 1
5764 620 0
5765 800 1
5766 791 0
5767 208 1
5768 460 0
5769 709 0
5770 417 1
5771 9 1
5772 764 1
5773 709 1
5774 551 1
5775 349 0
5776 62 0
5777 66 0
5778 26 1
5779 540 1
5780 628 1
5781 655 1
5782 392 1
5783 704 1
5784 39 0
5785 400 1
5786 230 1
5787 330 1
5788 234 0
5789 714 0
5790 290 1
5791 89 0
5792 307 0
5793 661 0
5794 341 1
5795 723 0
5796 647 0
5797 495 1
5798 477 0
5799 126 1
5800 27 1
5801 25 1
5802 680 0
5803 306 1
5804 448 0
5805 752 0
5806 317 1
5807 706 0
5808 49 1
5809 10 1
5810 674 0
5811 285 1
5812 346 1
5813 467 1
5814 213 1
5815 264 1
5816 173 0
5817 243 1
5818 517 1
5819 1 1
5820 750 0
5821 628 1
5822 648 0
5823 744 1
5824 808 1
5825 13 1
5826 540 1
5827 91 0
5828 132 1
5829 635 1
5830 205 0
5831 331 0
5832 370 0
5833 156 1
5834 304 0
5835 777 0
5836 655 0
5837 227 1
5838 27 1
5839 234 0
5840 650 1
5841 423 0
5842 291 0
5843 183 1
5844 818 1
5845 385 0
5846 772 0
5847 199 1
5848 343 0
5849 136 0
5850 257 1
5851 626 0
5852 553 1
5853 449 1
5854 749 1
5855 468 1
5856 547 1
5857 696 1
5858 331 0
5859 187 1
5860 751 0
5861 279 1
5862 342 1
5863 772 1
5864 705 1
5865 258 0
5866 183 0
5867 799 0
5868 663 1
5869 369 1
5870 38 1
5871 99 1
5872 654 1
5873 477 1
5874 599 0
5875 241 1
5876 161 1
5877 161 1
5878 51 1
5879 114 0
5880 203 1
5881 772 1
5882 309 0
5883 176 1
5884 107 0
5885 619 1
5886 308 0
5887 602 1
5888 566 0
5889 54 0
5890 540 1
5891 622 0
5892 687 1
5893 258 1
5894 79 1
5895 419 0
5896 616 0
5897 414 1
5898 50 1
5899 132 1
5900 61 0
5901 302 1
5902 394 1
5903 385 1
5904 781 0
5905 360 1
5906 478 1
5907 385 0
5908 0 0
5909 9 1
5910 760 0
5911 107 1
5912 673 1
5913 409 1
5914 164 1
5915 61 1
5916 218 0
5917 468 0
5918 193 1
5919 626 0
5920 346 0
5921 657 0
5922 74 0
5923 224 0
5924 484 1
5925 27 0
5926 534 1
5927 727 0
5928 527 1
5929 165 1
5930 603 1
5931 789 0
5932 462 0
5933 486 1
5934 345 1
5935 554 0
5936 76 1
5937 568 0
5938 361 0
5939 789 1
5940 770 1
5941 195 1
5942 3 1
5943 746 0
5944 293 1
5945 146 0
5946 192 0
5947 770 1
5948 299 1
5949 235 1
5950 475 1
5951 388 1
5952 235 1
5953 447 0
5954 674 1
5955 366 1
5956 286 1
5957 164 1
5958 538 0
5959 563 1
5960 56 0
5961 781 1
5962 570 0
5963 647 1
5964 95 1
5965 567 0
5966 33 1
5967 48 0
5968 19 0
