4427
1 91 1
2 520 1
3 550 1
4 132 1
5 196 0
6 637 0
7 274 0
8 121 0
9 231 1
10 391 0
11 638 1
12 534 0
13 65 1
14 328 1
15 340 0
16 87 1
17 93 1
18 357 1
19 196 1
20 7 1
21 498 1
22 449 1
23 67 0
24 104 1
25 615 1
26 61 1
27 620 1
28 198 1
29 245 0
30 196 1
31 225 1
32 372 1
33 230 1
34 309 0
35 557 1
36 150 1
37 300 1
38 522 1
39 509 1
40 5 1
41 453 1
42 428 0
43 9 1
44 461 1
45 499 1
46 195 0
47 288 0
48 382 1
49 636 1
50 284 0
51 340 1
52 298 1
53 381 1
54 347 0
55 132 1
56 56 1
57 410 1
58 361 1
59 449 1
60 29 0
61 174 1
62 367 1
63 131 1
64 320 0
65 127 0
66 1 1
67 378 1
68 455 1
69 458 0
70 344 0
71 501 1
72 524 1
73 224 1
74 33 1
75 410 0
76 324 0
77 263 1
78 385 0
79 126 1
80 500 0
81 13 1
82 68 1
83 140 1
84 490 1
85 19 1
86 529 0
87 581 1
88 126 1
89 640 0
90 181 0
91 206 1
92 328 1
93 527 1
94 211 0
95 130 0
96 262 0
97 553 0
98 518 1
99 201 0
100 639 1
101 544 1
102 88 1
103 278 1
104 625 0
105 358 1
106 18 0
107 642 1
108 381 1
109 408 1
110 533 1
111 644 1
112 20 0
113 465 1
114 584 1
115 241 0
116 227 1
117 449 0
118 597 1
119 514 0
120 341 1
121 78 1
122 138 1
123 53 0
124 592 1
125 460 1
126 346 1
127 615 1
128 350 1
129 236 1
130 441 1
131 215 1
132 601 0
133 323 0
134 87 1
135 479 0
136 411 1
137 134 1
138 625 1
139 416 0
140 641 1
141 400 1
142 29 1
143 48 1
144 161 1
145 16 1
146 108 1
147 618 1
148 235 0
149 611 1
150 480 1
151 89 1
152 357 1
153 142 1
154 396 1
155 258 1
156 137 1
157 82 0
158 384 0
159 530 0
160 407 1
161 486 1
162 117 1
163 565 1
164 94 1
165 14 1
166 331 1
167 167 0
168 303 0
169 365 1
170 208 0
171 439 1
172 629 1
173 496 1
174 644 1
175 252 1
176 275 1
177 270 0
178 529 1
179 92 0
180 68 1
181 545 0
182 185 1
183 426 0
184 361 1
185 535 0
186 109 1
187 254 1
188 206 0
189 445 0
190 487 0
191 604 0
192 130 0
193 502 1
194 403 0
195 629 1
196 39 1
197 217 1
198 581 1
199 61 1
200 138 1
201 214 1
202 273 1
203 333 1
204 573 1
205 23 0
206 178 1
207 518 1
208 204 1
209 306 1
210 309 1
211 426 1
212 167 1
213 565 1
214 643 0
215 392 1
216 562 0
217 375 1
218 421 0
219 8 0
220 189 1
221 105 0
222 6 1
223 14 1
224 337 0
225 158 1
226 602 0
227 342 1
228 583 0
229 227 1
230 228 1
231 56 1
232 573 0
233 311 1
234 479 1
235 47 1
236 342 0
237 374 0
238 114 1
239 544 1
240 55 1
241 445 0
242 641 0
243 129 0
244 388 1
245 500 1
246 324 1
247 100 1
248 320 1
249 594 1
250 77 0
251 162 1
252 132 1
253 116 1
254 264 1
255 45 0
256 72 1
257 324 1
258 616 0
259 632 1
260 158 1
261 323 1
262 376 1
263 81 1
264 174 0
265 197 0
266 19 1
267 10 1
268 235 0
269 390 0
270 133 1
271 157 1
272 256 0
273 250 1
274 275 1
275 579 1
276 64 1
277 254 1
278 11 1
279 483 1
280 358 0
281 421 0
282 379 1
283 522 1
284 550 1
285 452 1
286 34 0
287 228 1
288 423 1
289 518 1
290 62 0
291 478 1
292 48 0
293 559 0
294 414 0
295 229 1
296 418 0
297 498 0
298 428 0
299 106 1
300 618 1
301 364 1
302 499 0
303 298 1
304 409 1
305 322 0
306 607 1
307 590 0
308 226 0
309 45 1
310 242 1
311 116 1
312 271 0
313 151 1
314 320 0
315 380 1
316 155 1
317 301 0
318 22 0
319 279 1
320 109 1
321 250 1
322 96 0
323 57 0
324 39 1
325 310 0
326 369 1
327 288 1
328 379 1
329 34 1
330 36 0
331 340 1
332 490 0
333 185 1
334 579 1
335 291 1
336 404 0
337 90 1
338 84 1
339 178 0
340 233 0
341 397 1
342 262 1
343 590 0
344 464 1
345 43 1
346 378 1
347 39 1
348 363 1
349 92 1
350 35 1
351 324 1
352 272 1
353 287 1
354 545 1
355 471 1
356 293 0
357 83 1
358 256 1
359 543 0
360 636 0
361 560 1
362 308 1
363 594 1
364 171 0
365 315 0
366 408 0
367 631 1
368 400 0
369 383 1
370 86 1
371 434 0
372 425 1
373 281 1
374 537 0
375 96 0
376 105 1
377 245 0
378 603 1
379 432 0
380 211 0
381 321 0
382 89 1
383 2 1
384 580 1
385 137 1
386 580 0
387 392 1
388 435 1
389 389 0
390 192 1
391 194 1
392 480 1
393 49 1
394 618 1
395 561 1
396 568 0
397 152 1
398 528 0
399 493 0
400 524 1
401 477 1
402 540 1
403 167 1
404 237 1
405 641 1
406 388 1
407 73 0
408 623 1
409 9 0
410 596 1
411 120 1
412 138 1
413 523 1
414 411 0
415 485 1
416 341 1
417 89 1
418 525 1
419 559 1
420 159 0
421 538 1
422 93 1
423 109 1
424 89 0
425 7 0
426 28 0
427 551 0
428 392 0
429 180 1
430 139 0
431 424 0
432 321 1
433 72 1
434 116 0
435 303 1
436 533 1
437 161 0
438 155 1
439 45 1
440 382 1
441 276 0
442 172 1
443 561 0
444 595 1
445 53 0
446 109 0
447 562 1
448 346 1
449 617 1
450 612 1
451 77 1
452 456 1
453 475 1
454 501 1
455 211 1
456 565 1
457 633 1
458 1 0
459 640 1
460 630 1
461 34 0
462 525 0
463 510 1
464 578 1
465 28 1
466 96 1
467 385 0
468 335 1
469 520 1
470 83 0
471 422 0
472 550 0
473 87 1
474 291 1
475 496 0
476 114 1
477 363 1
478 473 1
479 205 1
480 57 1
481 291 1
482 322 0
483 62 0
484 239 0
485 196 1
486 7 1
487 325 1
488 368 1
489 465 1
490 470 0
491 283 1
492 193 1
493 578 1
494 222 0
495 412 0
496 355 1
497 425 0
498 73 0
499 37 1
500 416 1
501 634 1
502 199 1
503 329 1
504 57 1
505 566 0
506 457 1
507 466 0
508 190 1
509 2 1
510 522 1
511 38 1
512 456 1
513 249 1
514 298 1
515 197 1
516 512 0
517 478 0
518 485 0
519 626 0
520 311 1
521 417 1
522 91 0
523 112 1
524 623 1
525 32 0
526 521 1
527 72 0
528 519 1
529 209 1
530 600 0
531 226 1
532 578 1
533 526 0
534 221 1
535 300 1
536 394 1
537 639 0
538 296 1
539 114 0
540 205 1
541 121 0
542 210 0
543 389 0
544 508 0
545 240 1
546 345 1
547 278 1
548 518 1
549 35 0
550 13 0
551 611 1
552 393 1
553 241 1
554 43 0
555 310 1
556 486 1
557 305 1
558 625 0
559 119 0
560 4 1
561 299 1
562 174 1
563 619 1
564 83 0
565 126 0
566 329 0
567 488 0
568 46 0
569 105 0
570 416 0
571 322 1
572 194 1
573 293 1
574 32 0
575 2 1
576 111 0
577 377 1
578 217 1
579 317 1
580 345 1
581 372 1
582 528 0
583 83 1
584 284 1
585 3 0
586 588 0
587 305 1
588 299 0
589 295 1
590 349 1
591 360 1
592 582 1
593 85 0
594 428 0
595 430 1
596 193 0
597 142 0
598 366 0
599 635 1
600 405 0
601 61 1
602 310 1
603 477 1
604 311 1
605 288 0
606 409 0
607 468 0
608 81 1
609 477 1
610 295 1
611 630 1
612 413 1
613 549 0
614 344 0
615 131 1
616 524 0
617 445 0
618 550 0
619 145 1
620 381 1
621 224 1
622 422 0
623 477 0
624 593 1
625 367 1
626 564 1
627 79 1
628 463 1
629 458 1
630 514 0
631 259 1
632 129 1
633 574 0
634 320 0
635 243 0
636 485 0
637 187 1
638 507 1
639 120 0
640 320 1
641 46 1
642 179 1
643 556 0
644 101 1
645 160 1
646 299 1
647 348 1
648 462 1
649 455 1
650 337 0
651 186 0
652 521 0
653 431 1
654 384 1
655 186 1
656 377 0
657 284 1
658 350 1
659 546 0
660 549 1
661 407 0
662 464 0
663 632 0
664 372 1
665 410 1
666 488 0
667 225 1
668 317 1
669 95 0
670 554 0
671 101 1
672 506 1
673 190 1
674 572 0
675 639 0
676 136 1
677 27 1
678 496 1
679 228 0
680 441 1
681 280 1
682 583 1
683 641 1
684 509 1
685 288 0
686 365 1
687 52 1
688 121 1
689 422 1
690 326 0
691 518 1
692 165 1
693 410 1
694 552 0
695 239 1
696 625 1
697 632 1
698 372 1
699 149 1
700 68 1
701 1 1
702 182 1
703 644 0
704 289 1
705 345 1
706 184 1
707 417 1
708 110 1
709 357 0
710 161 0
711 365 1
712 455 0
713 43 1
714 321 0
715 410 0
716 630 1
717 161 1
718 450 0
719 464 0
720 565 0
721 48 0
722 374 0
723 446 1
724 633 1
725 494 0
726 95 0
727 274 0
728 551 1
729 80 1
730 501 1
731 592 1
732 241 1
733 639 0
734 253 0
735 132 1
736 614 0
737 271 0
738 623 1
739 174 0
740 223 1
741 99 0
742 230 1
743 216 1
744 37 0
745 348 1
746 125 1
747 364 1
748 396 1
749 405 1
750 163 1
751 171 1
752 58 0
753 467 1
754 506 0
755 639 1
756 20 0
757 387 0
758 458 1
759 371 1
760 238 1
761 364 0
762 361 1
763 78 0
764 434 0
765 102 1
766 368 1
767 85 1
768 54 1
769 462 1
770 542 1
771 629 1
772 533 1
773 144 1
774 314 1
775 180 1
776 581 1
777 256 1
778 621 1
779 394 1
780 164 1
781 355 1
782 108 1
783 306 1
784 333 0
785 70 0
786 556 1
787 123 0
788 418 1
789 146 1
790 137 0
791 625 1
792 211 0
793 355 1
794 554 0
795 581 0
796 593 0
797 598 1
798 72 0
799 219 1
800 360 1
801 619 1
802 335 1
803 71 0
804 357 0
805 181 0
806 521 1
807 552 0
808 381 0
809 266 1
810 358 1
811 355 0
812 478 1
813 363 1
814 553 1
815 302 1
816 226 1
817 531 1
818 350 1
819 17 1
820 152 0
821 540 0
822 343 0
823 115 1
824 48 0
825 369 1
826 559 1
827 68 0
828 381 1
829 298 1
830 360 1
831 541 1
832 208 1
833 487 1
834 369 1
835 604 1
836 42 1
837 541 1
838 286 1
839 457 0
840 376 1
841 89 0
842 245 1
843 31 0
844 573 1
845 254 1
846 269 1
847 222 0
848 562 1
849 375 0
850 560 1
851 147 1
852 174 1
853 335 0
854 47 1
855 134 0
856 312 1
857 53 1
858 365 1
859 531 0
860 406 1
861 565 0
862 275 0
863 484 0
864 198 0
865 471 1
866 542 0
867 47 1
868 8 0
869 515 1
870 513 0
871 463 0
872 220 0
873 86 1
874 593 1
875 217 1
876 105 1
877 368 0
878 272 1
879 565 0
880 415 1
881 561 1
882 348 1
883 367 1
884 338 1
885 396 1
886 234 0
887 379 0
888 70 1
889 379 1
890 422 0
891 356 1
892 74 1
893 247 0
894 271 1
895 156 0
896 543 0
897 337 0
898 20 1
899 580 0
900 281 1
901 548 1
902 530 1
903 317 1
904 87 1
905 602 0
906 633 1
907 384 1
908 368 0
909 400 1
910 146 1
911 28 1
912 605 0
913 276 1
914 409 1
915 330 0
916 526 0
917 553 1
918 501 1
919 350 1
920 261 1
921 453 1
922 596 1
923 303 0
924 170 1
925 315 0
926 592 1
927 346 1
928 48 1
929 525 1
930 172 1
931 487 0
932 436 0
933 457 1
934 597 1
935 228 0
936 454 0
937 455 0
938 212 1
939 72 0
940 148 1
941 38 1
942 70 0
943 640 1
944 345 0
945 560 1
946 77 1
947 563 1
948 129 1
949 145 1
950 513 0
951 295 1
952 393 1
953 67 0
954 202 1
955 335 0
956 519 1
957 438 1
958 97 1
959 54 1
960 292 1
961 307 1
962 357 1
963 223 1
964 576 1
965 560 1
966 81 1
967 106 0
968 299 1
969 427 0
970 312 1
971 183 0
972 482 0
973 130 1
974 394 1
975 369 0
976 147 0
977 404 0
978 240 1
979 329 1
980 334 0
981 599 1
982 446 1
983 237 0
984 233 0
985 578 0
986 136 1
987 79 0
988 85 1
989 537 0
990 387 1
991 514 1
992 284 1
993 377 1
994 255 1
995 26 0
996 298 1
997 352 1
998 41 0
999 176 1
1000 608 1
1001 167 0
1002 209 0
1003 56 1
1004 449 1
1005 122 1
1006 201 0
1007 72 1
1008 256 1
1009 340 1
1010 502 1
1011 439 1
1012 347 0
1013 239 0
1014 82 1
1015 9 1
1016 516 0
1017 128 0
1018 416 0
1019 367 0
1020 117 1
1021 411 1
1022 464 1
1023 143 1
1024 271 0
1025 570 1
1026 197 0
1027 268 1
1028 511 1
1029 271 1
1030 269 1
1031 631 1
1032 442 0
1033 212 0
1034 292 0
1035 433 1
1036 400 1
1037 75 0
1038 21 1
1039 287 1
1040 42 1
1041 404 0
1042 578 1
1043 123 0
1044 518 1
1045 385 1
1046 14 0
1047 266 1
1048 479 1
1049 24 1
1050 390 0
1051 519 1
1052 640 0
1053 365 1
1054 161 0
1055 292 0
1056 213 0
1057 434 0
1058 63 0
1059 574 1
1060 291 1
1061 55 1
1062 26 1
1063 109 1
1064 140 1
1065 615 0
1066 567 1
1067 22 1
1068 431 1
1069 571 1
1070 380 1
1071 142 1
1072 262 1
1073 86 1
1074 473 1
1075 239 0
1076 322 0
1077 417 1
1078 616 1
1079 192 1
1080 635 0
1081 625 0
1082 636 1
1083 467 0
1084 383 1
1085 362 1
1086 603 0
1087 66 1
1088 420 1
1089 531 0
1090 151 1
1091 360 0
1092 419 1
1093 161 0
1094 642 1
1095 486 1
1096 508 1
1097 537 1
1098 462 1
1099 269 1
1100 99 0
1101 318 1
1102 474 0
1103 271 1
1104 520 1
1105 491 0
1106 274 0
1107 492 0
1108 331 0
1109 423 0
1110 355 1
1111 300 1
1112 63 1
1113 65 0
1114 536 1
1115 72 1
1116 304 1
1117 33 1
1118 113 0
1119 375 1
1120 445 1
1121 6 1
1122 420 0
1123 106 1
1124 500 0
1125 418 1
1126 126 0
1127 420 0
1128 251 0
1129 69 1
1130 150 0
1131 109 0
1132 523 1
1133 580 0
1134 438 1
1135 616 1
1136 516 1
1137 296 1
1138 460 1
1139 381 1
1140 280 1
1141 509 0
1142 220 1
1143 595 1
1144 109 1
1145 590 0
1146 144 1
1147 61 0
1148 189 0
1149 5 1
1150 291 1
1151 205 1
1152 590 0
1153 437 1
1154 251 1
1155 60 0
1156 319 1
1157 276 1
1158 202 1
1159 350 1
1160 229 1
1161 563 1
1162 334 1
1163 387 1
1164 605 1
1165 489 1
1166 360 1
1167 397 0
1168 535 1
1169 51 0
1170 354 0
1171 12 0
1172 28 0
1173 553 1
1174 499 1
1175 526 1
1176 538 0
1177 441 1
1178 408 1
1179 97 0
1180 568 1
1181 604 1
1182 620 1
1183 581 1
1184 522 1
1185 627 1
1186 91 1
1187 245 1
1188 267 0
1189 342 0
1190 403 0
1191 188 1
1192 6 1
1193 515 1
1194 160 1
1195 123 1
1196 538 0
1197 358 0
1198 415 1
1199 354 1
1200 274 1
1201 517 1
1202 323 1
1203 485 0
1204 270 1
1205 58 0
1206 389 0
1207 317 1
1208 231 1
1209 149 0
1210 139 1
1211 458 1
1212 339 0
1213 529 0
1214 458 0
1215 394 1
1216 566 0
1217 453 1
1218 375 1
1219 181 1
1220 451 1
1221 13 1
1222 486 0
1223 575 1
1224 493 0
1225 439 0
1226 344 1
1227 3 1
1228 415 0
1229 131 1
1230 109 1
1231 309 1
1232 131 0
1233 267 0
1234 387 1
1235 491 1
1236 35 0
1237 381 1
1238 165 1
1239 569 1
1240 382 0
1241 638 1
1242 607 0
1243 103 1
1244 513 1
1245 599 1
1246 100 1
1247 1 1
1248 364 1
1249 93 1
1250 56 0
1251 292 1
1252 420 0
1253 589 0
1254 323 1
1255 592 1
1256 216 0
1257 126 1
1258 574 0
1259 541 1
1260 456 1
1261 413 1
1262 97 1
1263 143 1
1264 21 1
1265 552 1
1266 152 0
1267 154 0
1268 211 1
1269 506 0
1270 596 1
1271 586 1
1272 385 0
1273 339 0
1274 289 1
1275 97 1
1276 77 0
1277 641 1
1278 271 0
1279 619 0
1280 359 1
1281 354 1
1282 72 1
1283 432 1
1284 591 1
1285 164 1
1286 93 1
1287 57 0
1288 165 1
1289 140 1
1290 615 1
1291 547 1
1292 94 0
1293 205 1
1294 21 1
1295 642 0
1296 61 1
1297 231 1
1298 199 0
1299 409 0
1300 303 0
1301 34 1
1302 27 1
1303 222 0
1304 472 0
1305 639 1
1306 584 1
1307 474 1
1308 423 0
1309 375 0
1310 215 1
1311 171 1
1312 62 1
1313 402 1
1314 413 1
1315 398 0
1316 88 0
1317 452 1
1318 517 0
1319 299 0
1320 368 1
1321 126 1
1322 173 1
1323 316 1
1324 636 1
1325 387 0
1326 402 0
1327 466 1
1328 309 1
1329 73 1
1330 383 0
1331 133 1
1332 252 1
1333 570 1
1334 599 0
1335 452 1
1336 502 1
1337 621 1
1338 527 0
1339 619 1
1340 331 1
1341 71 1
1342 267 0
1343 546 1
1344 108 1
1345 638 1
1346 446 1
1347 293 0
1348 59 0
1349 169 1
1350 427 0
1351 336 1
1352 540 1
1353 314 1
1354 590 1
1355 287 1
1356 634 1
1357 365 1
1358 242 1
1359 172 1
1360 233 1
1361 173 0
1362 291 0
1363 72 1
1364 24 1
1365 357 1
1366 202 1
1367 90 0
1368 345 0
1369 511 1
1370 32 1
1371 567 0
1372 503 0
1373 262 1
1374 538 0
1375 436 1
1376 599 0
1377 144 1
1378 415 1
1379 580 1
1380 442 1
1381 246 1
1382 333 1
1383 89 1
1384 81 0
1385 324 1
1386 101 0
1387 127 1
1388 509 1
1389 52 1
1390 178 1
1391 512 1
1392 445 0
1393 353 0
1394 212 0
1395 2 1
1396 581 0
1397 1 1
1398 578 1
1399 295 0
1400 29 0
1401 119 1
1402 196 0
1403 90 1
1404 627 0
1405 447 0
1406 623 0
1407 276 1
1408 310 1
1409 622 1
1410 266 1
1411 532 1
1412 213 0
1413 456 1
1414 607 0
1415 144 0
1416 56 1
1417 114 1
1418 502 1
1419 296 0
1420 339 1
1421 629 0
1422 405 1
1423 87 1
1424 229 0
1425 585 0
1426 36 1
1427 45 1
1428 345 1
1429 387 1
1430 583 1
1431 284 1
1432 142 1
1433 230 1
1434 603 1
1435 475 1
1436 617 1
1437 614 1
1438 67 1
1439 431 0
1440 112 1
1441 139 1
1442 184 0
1443 390 0
1444 24 1
1445 176 0
1446 3 1
1447 593 1
1448 214 0
1449 144 0
1450 51 0
1451 453 1
1452 426 0
1453 392 1
1454 462 1
1455 137 0
1456 543 1
1457 62 1
1458 452 0
1459 595 1
1460 570 1
1461 422 0
1462 587 1
1463 74 1
1464 532 0
1465 312 0
1466 177 1
1467 607 0
1468 534 1
1469 436 1
1470 517 1
1471 273 1
1472 196 1
1473 481 1
1474 127 1
1475 455 1
1476 551 0
1477 618 1
1478 586 1
1479 634 0
1480 249 1
1481 404 1
1482 422 1
1483 370 1
1484 59 1
1485 10 0
1486 74 1
1487 323 1
1488 610 1
1489 258 0
1490 576 0
1491 137 0
1492 285 1
1493 322 0
1494 141 1
1495 47 1
1496 613 1
1497 157 1
1498 164 1
1499 40 1
1500 27 1
1501 131 0
1502 317 0
1503 364 1
1504 607 1
1505 368 1
1506 37 1
1507 367 1
1508 600 1
1509 541 0
1510 348 0
1511 479 1
1512 378 1
1513 45 1
1514 494 1
1515 104 0
1516 120 1
1517 615 1
1518 46 1
1519 67 1
1520 303 0
1521 538 1
1522 280 1
1523 2 1
1524 296 1
1525 331 1
1526 470 1
1527 299 0
1528 133 0
1529 92 1
1530 406 1
1531 505 0
1532 425 1
1533 310 1
1534 157 1
1535 463 1
1536 160 1
1537 140 1
1538 608 1
1539 22 0
1540 25 1
1541 243 1
1542 504 1
1543 38 1
1544 218 1
1545 620 0
1546 320 1
1547 505 1
1548 295 0
1549 555 0
1550 540 1
1551 251 1
1552 84 0
1553 488 1
1554 519 0
1555 282 1
1556 204 1
1557 379 1
1558 407 0
1559 47 1
1560 541 1
1561 604 0
1562 479 1
1563 308 1
1564 626 0
1565 565 1
1566 583 1
1567 570 0
1568 548 0
1569 53 1
1570 263 1
1571 305 1
1572 208 1
1573 522 0
1574 450 1
1575 579 1
1576 577 1
1577 554 1
1578 349 1
1579 533 0
1580 427 1
1581 191 1
1582 617 1
1583 379 0
1584 506 1
1585 289 1
1586 106 0
1587 584 1
1588 627 1
1589 268 1
1590 370 1
1591 125 0
1592 87 1
1593 61 0
1594 243 1
1595 98 1
1596 386 0
1597 374 1
1598 382 1
1599 226 0
1600 516 1
1601 359 1
1602 450 1
1603 284 1
1604 99 1
1605 211 1
1606 94 1
1607 119 1
1608 362 0
1609 602 0
1610 121 1
1611 606 0
1612 336 1
1613 213 1
1614 427 0
1615 308 1
1616 287 1
1617 267 0
1618 297 0
1619 508 1
1620 443 1
1621 213 0
1622 402 1
1623 65 1
1624 504 0
1625 55 0
1626 69 1
1627 471 0
1628 343 1
1629 463 0
1630 464 0
1631 415 0
1632 134 0
1633 182 0
1634 581 1
1635 175 0
1636 111 1
1637 271 1
1638 75 1
1639 608 1
1640 351 1
1641 551 0
1642 34 1
1643 173 1
1644 401 1
1645 486 1
1646 111 0
1647 310 1
1648 285 1
1649 23 1
1650 529 1
1651 592 0
1652 586 1
1653 492 1
1654 547 0
1655 579 1
1656 465 1
1657 20 1
1658 210 1
1659 215 0
1660 178 1
1661 171 0
1662 304 1
1663 526 1
1664 321 1
1665 150 1
1666 95 0
1667 185 0
1668 316 0
1669 37 0
1670 480 0
1671 463 1
1672 449 1
1673 139 1
1674 25 0
1675 609 1
1676 395 0
1677 484 0
1678 609 0
1679 628 1
1680 261 1
1681 474 0
1682 232 1
1683 385 0
1684 39 1
1685 106 1
1686 393 1
1687 158 1
1688 392 0
1689 195 1
1690 636 1
1691 612 0
1692 287 1
1693 432 1
1694 163 1
1695 528 1
1696 542 1
1697 136 1
1698 364 0
1699 16 1
1700 290 1
1701 261 0
1702 31 0
1703 220 1
1704 56 1
1705 180 1
1706 560 0
1707 433 0
1708 583 0
1709 446 0
1710 621 0
1711 526 1
1712 34 1
1713 639 0
1714 523 1
1715 141 0
1716 117 0
1717 200 1
1718 170 0
1719 547 1
1720 175 1
1721 258 0
1722 214 0
1723 285 0
1724 251 0
1725 253 0
1726 399 1
1727 92 0
1728 137 1
1729 172 0
1730 81 0
1731 176 1
1732 63 0
1733 322 1
1734 128 1
1735 444 1
1736 299 1
1737 386 0
1738 87 1
1739 20 0
1740 88 1
1741 566 1
1742 392 1
1743 260 0
1744 84 1
1745 537 1
1746 85 0
1747 355 0
1748 421 0
1749 366 0
1750 249 1
1751 199 0
1752 214 1
1753 408 1
1754 587 1
1755 632 1
1756 48 0
1757 502 1
1758 552 1
1759 317 0
1760 534 1
1761 149 0
1762 254 1
1763 114 1
1764 529 0
1765 571 1
1766 637 0
1767 28 0
1768 42 0
1769 492 1
1770 211 1
1771 644 1
1772 372 1
1773 39 1
1774 610 1
1775 263 1
1776 550 1
1777 457 1
1778 263 0
1779 181 1
1780 391 0
1781 264 0
1782 217 1
1783 574 1
1784 67 1
1785 227 1
1786 232 1
1787 522 1
1788 82 1
1789 231 1
1790 265 0
1791 531 1
1792 245 0
1793 330 1
1794 263 1
1795 640 1
1796 611 0
1797 385 1
1798 536 0
1799 426 1
1800 67 1
1801 221 0
1802 227 1
1803 251 0
1804 643 1
1805 350 1
1806 315 1
1807 427 1
1808 572 1
1809 407 0
1810 616 0
1811 200 1
1812 1 1
1813 105 1
1814 239 1
1815 479 1
1816 525 1
1817 598 0
1818 145 0
1819 409 0
1820 33 0
1821 400 0
1822 343 1
1823 247 0
1824 286 1
1825 461 0
1826 396 1
1827 180 0
1828 577 1
1829 281 1
1830 156 0
1831 463 0
1832 163 0
1833 136 1
1834 613 1
1835 437 1
1836 7 1
1837 326 0
1838 366 1
1839 620 1
1840 567 0
1841 257 1
1842 428 1
1843 63 1
1844 70 1
1845 517 1
1846 453 1
1847 247 1
1848 90 1
1849 264 1
1850 283 0
1851 36 0
1852 240 1
1853 632 1
1854 282 1
1855 606 1
1856 383 0
1857 524 1
1858 3 0
1859 512 1
1860 271 0
1861 275 1
1862 58 0
1863 35 1
1864 260 0
1865 191 1
1866 348 1
1867 173 1
1868 589 1
1869 534 0
1870 108 1
1871 431 1
1872 60 1
1873 634 1
1874 237 0
1875 120 1
1876 232 1
1877 572 1
1878 265 1
1879 431 1
1880 253 1
1881 401 1
1882 204 1
1883 529 1
1884 74 0
1885 366 1
1886 260 0
1887 13 0
1888 447 1
1889 368 0
1890 496 0
1891 540 1
1892 223 0
1893 358 1
1894 421 1
1895 354 0
1896 105 0
1897 607 0
1898 31 1
1899 441 1
1900 248 0
1901 280 0
1902 307 1
1903 175 1
1904 296 0
1905 141 1
1906 371 0
1907 222 0
1908 487 1
1909 438 1
1910 63 1
1911 277 0
1912 249 0
1913 469 1
1914 69 1
1915 379 1
1916 420 1
1917 172 0
1918 300 0
1919 184 1
1920 230 1
1921 90 1
1922 354 1
1923 550 1
1924 232 0
1925 452 1
1926 475 1
1927 456 0
1928 307 0
1929 353 1
1930 538 1
1931 40 0
1932 101 1
1933 387 0
1934 536 1
1935 344 1
1936 253 0
1937 69 1
1938 86 1
1939 151 1
1940 302 1
1941 597 1
1942 27 0
1943 205 1
1944 36 1
1945 58 1
1946 637 1
1947 234 0
1948 287 0
1949 479 1
1950 540 0
1951 291 0
1952 597 0
1953 87 1
1954 319 0
1955 340 1
1956 181 1
1957 93 1
1958 40 0
1959 536 1
1960 195 0
1961 634 1
1962 32 0
1963 265 1
1964 183 1
1965 482 0
1966 269 0
1967 203 0
1968 473 0
1969 243 1
1970 521 0
1971 116 1
1972 207 0
1973 258 0
1974 492 1
1975 315 0
1976 91 0
1977 214 1
1978 519 0
1979 427 1
1980 570 0
1981 120 1
1982 386 0
1983 400 1
1984 606 0
1985 362 1
1986 558 1
1987 532 1
1988 26 0
1989 367 0
1990 287 1
1991 545 0
1992 333 1
1993 493 0
1994 577 0
1995 248 1
1996 533 1
1997 27 1
1998 32 1
1999 488 1
2000 410 1
2001 452 0
2002 22 1
2003 435 1
2004 468 0
2005 551 0
2006 178 0
2007 480 1
2008 549 1
2009 57 1
2010 597 1
2011 322 1
2012 13 1
2013 106 1
2014 116 0
2015 15 1
2016 139 1
2017 188 1
2018 145 0
2019 194 1
2020 119 1
2021 79 0
2022 536 1
2023 155 1
2024 235 1
2025 261 0
2026 510 0
2027 11 1
2028 265 1
2029 545 0
2030 51 1
2031 247 1
2032 366 0
2033 335 1
2034 398 1
2035 479 1
2036 615 1
2037 170 1
2038 457 1
2039 286 1
2040 530 0
2041 219 1
2042 463 1
2043 257 1
2044 332 0
2045 464 0
2046 56 1
2047 565 0
2048 486 1
2049 288 1
2050 116 1
2051 103 0
2052 20 0
2053 577 1
2054 591 1
2055 509 0
2056 97 1
2057 210 0
2058 297 1
2059 643 1
2060 617 1
2061 367 1
2062 513 0
2063 451 1
2064 519 1
2065 577 0
2066 209 1
2067 61 0
2068 293 1
2069 46 1
2070 195 1
2071 54 1
2072 622 1
2073 200 1
2074 87 1
2075 259 0
2076 9 0
2077 79 1
2078 245 1
2079 216 1
2080 617 0
2081 102 0
2082 176 0
2083 395 0
2084 148 1
2085 56 1
2086 336 1
2087 620 0
2088 375 1
2089 581 0
2090 367 1
2091 505 0
2092 161 1
2093 245 1
2094 462 1
2095 510 1
2096 602 1
2097 600 1
2098 122 0
2099 595 1
2100 123 1
2101 590 1
2102 110 1
2103 121 1
2104 88 1
2105 279 0
2106 236 1
2107 186 0
2108 71 1
2109 144 1
2110 232 1
2111 307 0
2112 614 0
2113 307 1
2114 589 0
2115 338 1
2116 248 0
2117 511 1
2118 195 1
2119 175 1
2120 28 1
2121 94 1
2122 593 1
2123 10 1
2124 44 0
2125 538 0
2126 163 1
2127 450 0
2128 439 0
2129 208 0
2130 353 1
2131 442 1
2132 176 1
2133 299 1
2134 280 1
2135 2 1
2136 283 1
2137 574 0
2138 362 1
2139 236 1
2140 85 1
2141 21 0
2142 313 1
2143 365 1
2144 567 0
2145 482 1
2146 458 1
2147 217 1
2148 573 1
2149 344 1
2150 338 0
2151 509 1
2152 428 1
2153 184 1
2154 361 0
2155 535 1
2156 533 1
2157 42 1
2158 375 0
2159 293 1
2160 327 1
2161 557 0
2162 395 0
2163 121 0
2164 630 1
2165 515 1
2166 151 1
2167 283 1
2168 157 1
2169 71 1
2170 227 1
2171 312 1
2172 502 0
2173 294 1
2174 116 1
2175 513 1
2176 57 1
2177 575 1
2178 539 1
2179 114 0
2180 493 1
2181 194 1
2182 349 1
2183 579 1
2184 293 1
2185 364 1
2186 588 1
2187 620 0
2188 378 1
2189 24 1
2190 196 1
2191 277 1
2192 302 1
2193 45 0
2194 235 0
2195 76 0
2196 128 0
2197 83 1
2198 96 1
2199 323 0
2200 643 1
2201 240 0
2202 74 1
2203 378 0
2204 469 1
2205 287 1
2206 279 0
2207 266 1
2208 119 1
2209 117 1
2210 454 1
2211 430 0
2212 457 1
2213 399 1
2214 514 1
2215 273 0
2216 120 1
2217 446 1
2218 76 0
2219 631 0
2220 566 1
2221 558 1
2222 185 0
2223 121 0
2224 482 1
2225 643 1
2226 424 1
2227 214 1
2228 281 1
2229 128 1
2230 46 0
2231 3 1
2232 262 0
2233 336 1
2234 613 1
2235 231 1
2236 588 1
2237 82 0
2238 316 0
2239 425 0
2240 434 0
2241 430 1
2242 199 0
2243 434 1
2244 612 1
2245 616 1
2246 311 0
2247 163 1
2248 415 1
2249 258 1
2250 170 1
2251 258 1
2252 635 0
2253 234 1
2254 528 1
2255 452 0
2256 429 1
2257 514 1
2258 228 1
2259 449 1
2260 205 0
2261 193 1
2262 386 1
2263 436 1
2264 196 0
2265 516 0
2266 539 1
2267 463 0
2268 462 1
2269 183 0
2270 58 1
2271 1 1
2272 204 1
2273 448 1
2274 158 1
2275 612 1
2276 11 1
2277 226 0
2278 502 1
2279 537 0
2280 58 0
2281 395 1
2282 530 1
2283 474 0
2284 250 1
2285 39 0
2286 624 1
2287 135 0
2288 540 0
2289 607 1
2290 174 0
2291 416 1
2292 83 0
2293 566 1
2294 6 1
2295 614 1
2296 215 0
2297 9 1
2298 561 0
2299 440 1
2300 472 0
2301 467 1
2302 504 1
2303 626 1
2304 525 1
2305 452 1
2306 511 0
2307 224 1
2308 204 1
2309 510 0
2310 596 0
2311 266 1
2312 182 0
2313 251 1
2314 107 0
2315 257 0
2316 509 1
2317 370 0
2318 20 1
2319 114 1
2320 287 1
2321 584 1
2322 128 0
2323 78 0
2324 292 1
2325 534 1
2326 414 1
2327 386 0
2328 424 1
2329 42 1
2330 22 1
2331 449 1
2332 370 1
2333 239 0
2334 518 1
2335 283 1
2336 267 0
2337 290 0
2338 361 1
2339 75 1
2340 304 0
2341 236 1
2342 113 0
2343 9 1
2344 599 1
2345 407 0
2346 334 1
2347 501 0
2348 378 0
2349 441 0
2350 441 1
2351 395 0
2352 277 0
2353 452 0
2354 401 1
2355 631 1
2356 476 0
2357 117 0
2358 184 1
2359 473 0
2360 161 0
2361 108 1
2362 431 1
2363 546 1
2364 43 0
2365 399 1
2366 406 1
2367 541 0
2368 174 0
2369 16 1
2370 222 1
2371 619 1
2372 209 0
2373 635 0
2374 210 1
2375 516 1
2376 30 1
2377 222 1
2378 572 1
2379 609 0
2380 458 1
2381 448 1
2382 497 0
2383 235 1
2384 31 0
2385 585 1
2386 238 1
2387 291 1
2388 642 1
2389 179 1
2390 85 0
2391 579 0
2392 22 0
2393 561 0
2394 271 1
2395 558 1
2396 236 0
2397 281 1
2398 44 0
2399 98 1
2400 106 0
2401 320 0
2402 589 1
2403 130 1
2404 241 1
2405 149 1
2406 361 1
2407 425 0
2408 223 1
2409 325 1
2410 214 1
2411 563 1
2412 583 1
2413 530 0
2414 54 1
2415 57 1
2416 13 0
2417 497 1
2418 337 1
2419 535 1
2420 285 1
2421 251 0
2422 114 1
2423 368 0
2424 365 1
2425 179 0
2426 279 1
2427 384 0
2428 281 1
2429 200 1
2430 236 1
2431 488 1
2432 620 1
2433 190 1
2434 316 1
2435 245 0
2436 104 1
2437 586 1
2438 511 0
2439 540 1
2440 350 1
2441 165 0
2442 155 1
2443 195 1
2444 149 1
2445 127 1
2446 637 1
2447 618 1
2448 303 1
2449 279 0
2450 228 1
2451 559 1
2452 359 1
2453 534 1
2454 157 1
2455 457 1
2456 495 1
2457 492 1
2458 503 0
2459 442 0
2460 430 0
2461 385 1
2462 524 1
2463 382 1
2464 506 0
2465 133 0
2466 525 0
2467 405 0
2468 540 1
2469 457 1
2470 79 0
2471 559 1
2472 232 1
2473 581 1
2474 433 0
2475 90 1
2476 279 0
2477 625 1
2478 182 0
2479 324 1
2480 370 0
2481 109 1
2482 497 1
2483 482 1
2484 156 1
2485 436 1
2486 556 1
2487 158 1
2488 96 0
2489 218 0
2490 456 1
2491 87 1
2492 131 0
2493 232 0
2494 421 1
2495 341 1
2496 361 0
2497 389 1
2498 311 0
2499 597 1
2500 513 1
2501 43 1
2502 86 1
2503 544 0
2504 287 0
2505 51 0
2506 417 0
2507 165 0
2508 190 1
2509 209 1
2510 309 1
2511 106 1
2512 339 0
2513 231 1
2514 69 1
2515 458 0
2516 564 1
2517 353 1
2518 49 0
2519 180 1
2520 361 1
2521 410 1
2522 354 0
2523 30 1
2524 328 1
2525 504 1
2526 121 1
2527 2 1
2528 444 1
2529 450 1
2530 402 1
2531 450 1
2532 111 1
2533 311 0
2534 395 0
2535 488 1
2536 61 0
2537 238 1
2538 184 1
2539 300 1
2540 491 1
2541 489 0
2542 108 1
2543 420 1
2544 64 1
2545 413 1
2546 481 1
2547 127 0
2548 353 1
2549 108 1
2550 276 0
2551 208 1
2552 189 1
2553 84 1
2554 53 1
2555 233 1
2556 527 1
2557 504 0
2558 561 1
2559 527 1
2560 496 1
2561 431 1
2562 497 1
2563 272 1
2564 343 0
2565 310 1
2566 315 1
2567 287 1
2568 311 1
2569 226 1
2570 103 1
2571 255 1
2572 529 1
2573 605 0
2574 377 1
2575 409 1
2576 129 1
2577 553 0
2578 92 1
2579 180 0
2580 544 1
2581 385 1
2582 355 0
2583 59 0
2584 392 0
2585 369 1
2586 91 1
2587 465 1
2588 70 1
2589 396 1
2590 260 1
2591 15 0
2592 348 1
2593 364 1
2594 88 1
2595 215 1
2596 381 1
2597 187 1
2598 621 0
2599 88 1
2600 523 1
2601 202 1
2602 412 1
2603 574 0
2604 449 1
2605 277 1
2606 478 0
2607 446 1
2608 208 0
2609 607 0
2610 48 1
2611 277 0
2612 125 1
2613 504 1
2614 57 0
2615 453 1
2616 396 1
2617 533 0
2618 26 0
2619 1 1
2620 127 1
2621 523 1
2622 563 1
2623 118 1
2624 474 0
2625 415 0
2626 242 1
2627 299 0
2628 495 1
2629 453 0
2630 98 1
2631 471 1
2632 256 1
2633 6 1
2634 153 1
2635 96 1
2636 270 1
2637 225 1
2638 292 0
2639 298 1
2640 416 0
2641 628 0
2642 92 0
2643 364 1
2644 426 1
2645 487 0
2646 426 1
2647 366 1
2648 13 0
2649 312 1
2650 364 0
2651 431 1
2652 375 1
2653 161 0
2654 346 0
2655 128 1
2656 504 0
2657 114 0
2658 386 1
2659 532 1
2660 6 0
2661 39 1
2662 27 1
2663 454 1
2664 117 0
2665 191 0
2666 513 1
2667 454 1
2668 625 1
2669 258 1
2670 405 1
2671 436 1
2672 490 1
2673 209 1
2674 384 1
2675 383 0
2676 454 1
2677 154 1
2678 158 1
2679 506 1
2680 68 1
2681 95 0
2682 13 1
2683 173 1
2684 511 1
2685 304 1
2686 157 1
2687 521 0
2688 629 1
2689 209 0
2690 173 1
2691 99 1
2692 345 1
2693 456 1
2694 201 1
2695 126 1
2696 346 1
2697 190 1
2698 118 1
2699 337 1
2700 134 1
2701 241 1
2702 75 1
2703 277 0
2704 202 0
2705 421 1
2706 418 1
2707 341 1
2708 120 0
2709 622 0
2710 455 1
2711 583 0
2712 310 0
2713 500 0
2714 476 1
2715 405 0
2716 173 1
2717 240 1
2718 110 1
2719 301 1
2720 342 1
2721 26 0
2722 597 0
2723 226 1
2724 505 0
2725 378 0
2726 291 1
2727 455 1
2728 428 1
2729 377 1
2730 488 1
2731 208 0
2732 123 0
2733 249 1
2734 304 1
2735 530 1
2736 627 1
2737 109 1
2738 263 1
2739 628 1
2740 523 0
2741 430 1
2742 16 0
2743 118 1
2744 544 1
2745 43 1
2746 624 1
2747 395 1
2748 47 0
2749 328 1
2750 542 1
2751 345 0
2752 108 1
2753 451 1
2754 129 1
2755 495 1
2756 142 1
2757 169 1
2758 514 0
2759 587 1
2760 129 1
2761 147 1
2762 228 0
2763 195 1
2764 526 1
2765 611 1
2766 75 1
2767 296 1
2768 97 0
2769 555 0
2770 529 1
2771 226 1
2772 26 0
2773 169 1
2774 21 1
2775 292 0
2776 80 0
2777 235 1
2778 328 1
2779 560 1
2780 300 0
2781 618 1
2782 184 1
2783 550 1
2784 363 1
2785 501 1
2786 198 1
2787 258 0
2788 454 1
2789 103 1
2790 514 1
2791 610 1
2792 181 1
2793 233 0
2794 622 1
2795 58 0
2796 29 1
2797 636 0
2798 292 0
2799 480 1
2800 341 0
2801 250 1
2802 394 1
2803 102 1
2804 274 0
2805 26 0
2806 592 0
2807 76 1
2808 175 0
2809 622 1
2810 458 0
2811 421 0
2812 59 1
2813 33 1
2814 292 1
2815 354 1
2816 188 1
2817 512 1
2818 460 1
2819 141 1
2820 167 0
2821 217 0
2822 134 0
2823 227 1
2824 604 1
2825 453 0
2826 232 1
2827 252 1
2828 625 1
2829 634 1
2830 145 1
2831 245 1
2832 304 1
2833 263 0
2834 75 0
2835 193 1
2836 555 1
2837 349 1
2838 52 0
2839 345 1
2840 136 0
2841 428 0
2842 374 1
2843 6 0
2844 305 1
2845 610 1
2846 332 1
2847 123 0
2848 324 1
2849 86 1
2850 137 1
2851 633 1
2852 38 0
2853 83 1
2854 262 0
2855 93 1
2856 573 1
2857 106 1
2858 541 1
2859 3 0
2860 92 0
2861 637 1
2862 172 1
2863 399 0
2864 494 1
2865 242 1
2866 113 1
2867 26 1
2868 552 0
2869 225 0
2870 530 0
2871 552 1
2872 178 1
2873 108 0
2874 109 0
2875 261 0
2876 64 0
2877 618 1
2878 352 1
2879 79 1
2880 198 0
2881 188 1
2882 536 1
2883 446 0
2884 307 1
2885 605 0
2886 336 0
2887 635 1
2888 517 1
2889 581 0
2890 193 1
2891 175 0
2892 434 1
2893 494 0
2894 498 0
2895 335 1
2896 234 0
2897 362 1
2898 76 0
2899 569 0
2900 173 1
2901 568 1
2902 388 1
2903 362 1
2904 3 1
2905 225 1
2906 488 0
2907 439 1
2908 526 1
2909 404 1
2910 201 1
2911 430 0
2912 610 1
2913 561 0
2914 294 0
2915 409 1
2916 353 1
2917 315 1
2918 238 0
2919 340 0
2920 323 1
2921 415 1
2922 298 0
2923 429 0
2924 489 0
2925 550 0
2926 282 0
2927 482 1
2928 466 1
2929 273 1
2930 223 0
2931 566 0
2932 362 1
2933 20 1
2934 260 1
2935 174 1
2936 257 1
2937 98 1
2938 145 1
2939 81 1
2940 62 1
2941 27 1
2942 313 1
2943 576 1
2944 247 0
2945 225 0
2946 225 1
2947 393 0
2948 366 1
2949 520 1
2950 105 1
2951 558 0
2952 630 1
2953 265 0
2954 530 0
2955 111 1
2956 333 1
2957 283 0
2958 632 1
2959 112 0
2960 402 1
2961 51 1
2962 476 1
2963 555 1
2964 197 0
2965 163 1
2966 471 1
2967 12 0
2968 71 1
2969 570 1
2970 615 1
2971 532 0
2972 159 1
2973 289 0
2974 377 0
2975 373 1
2976 85 0
2977 102 1
2978 217 1
2979 90 0
2980 426 1
2981 56 1
2982 322 1
2983 55 0
2984 329 1
2985 334 1
2986 0 1
2987 595 1
2988 384 0
2989 299 1
2990 624 0
2991 236 0
2992 452 0
2993 610 1
2994 334 0
2995 415 0
2996 300 0
2997 359 1
2998 523 1
2999 355 1
3000 378 0
3001 498 0
3002 265 1
3003 530 1
3004 26 1
3005 106 0
3006 212 0
3007 70 1
3008 27 0
3009 20 0
3010 82 1
3011 468 1
3012 253 1
3013 352 0
3014 580 0
3015 322 0
3016 98 1
3017 38 0
3018 616 1
3019 352 1
3020 100 1
3021 3 1
3022 147 1
3023 316 0
3024 92 0
3025 519 1
3026 126 0
3027 540 1
3028 508 1
3029 494 1
3030 293 1
3031 95 0
3032 346 1
3033 94 0
3034 42 1
3035 307 1
3036 252 0
3037 447 1
3038 359 1
3039 566 0
3040 454 1
3041 609 1
3042 122 1
3043 298 1
3044 99 1
3045 413 0
3046 318 1
3047 131 1
3048 626 0
3049 321 1
3050 26 0
3051 158 1
3052 277 1
3053 25 1
3054 78 1
3055 426 1
3056 378 1
3057 451 1
3058 241 1
3059 478 0
3060 243 1
3061 80 1
3062 101 1
3063 564 0
3064 428 0
3065 106 1
3066 207 1
3067 72 1
3068 216 1
3069 459 0
3070 35 1
3071 165 1
3072 630 1
3073 269 1
3074 59 1
3075 551 0
3076 340 1
3077 210 1
3078 189 1
3079 516 0
3080 362 1
3081 411 1
3082 226 1
3083 393 1
3084 572 1
3085 76 0
3086 440 1
3087 375 1
3088 197 1
3089 637 1
3090 85 1
3091 551 1
3092 522 1
3093 206 0
3094 231 0
3095 23 0
3096 39 1
3097 502 1
3098 264 1
3099 56 1
3100 451 0
3101 153 0
3102 358 1
3103 11 1
3104 512 1
3105 160 0
3106 539 1
3107 362 0
3108 167 1
3109 474 1
3110 637 1
3111 331 1
3112 278 0
3113 282 0
3114 431 1
3115 80 1
3116 454 1
3117 476 1
3118 109 0
3119 79 1
3120 483 1
3121 565 1
3122 289 1
3123 140 1
3124 197 1
3125 194 1
3126 459 0
3127 206 1
3128 61 0
3129 619 1
3130 165 1
3131 77 0
3132 280 1
3133 142 1
3134 379 1
3135 357 0
3136 444 1
3137 586 1
3138 544 0
3139 530 0
3140 43 0
3141 270 0
3142 589 1
3143 586 1
3144 303 0
3145 489 1
3146 607 1
3147 435 1
3148 466 1
3149 631 1
3150 138 0
3151 410 1
3152 596 1
3153 10 1
3154 425 1
3155 576 1
3156 612 1
3157 317 0
3158 17 1
3159 553 1
3160 166 1
3161 128 1
3162 319 0
3163 370 1
3164 487 0
3165 317 1
3166 30 1
3167 555 0
3168 427 1
3169 461 1
3170 461 0
3171 15 1
3172 586 1
3173 323 1
3174 591 1
3175 262 1
3176 620 0
3177 225 1
3178 308 1
3179 411 1
3180 283 0
3181 131 0
3182 166 1
3183 280 0
3184 599 1
3185 132 0
3186 489 1
3187 182 0
3188 479 1
3189 380 1
3190 75 1
3191 515 1
3192 380 0
3193 337 0
3194 38 0
3195 186 0
3196 186 1
3197 620 1
3198 343 1
3199 277 1
3200 351 1
3201 51 1
3202 548 0
3203 609 1
3204 77 1
3205 148 1
3206 326 0
3207 203 0
3208 105 0
3209 88 1
3210 643 0
3211 450 1
3212 577 0
3213 521 1
3214 27 1
3215 557 0
3216 555 1
3217 558 1
3218 189 1
3219 189 1
3220 214 1
3221 419 1
3222 339 1
3223 585 1
3224 509 1
3225 580 0
3226 295 1
3227 30 1
3228 157 1
3229 487 1
3230 45 0
3231 547 1
3232 354 1
3233 398 1
3234 329 1
3235 157 1
3236 263 1
3237 422 1
3238 537 1
3239 394 1
3240 391 1
3241 247 1
3242 54 0
3243 261 1
3244 168 0
3245 380 0
3246 494 0
3247 153 1
3248 89 0
3249 94 1
3250 486 1
3251 301 1
3252 174 0
3253 46 0
3254 433 0
3255 459 1
3256 116 0
3257 204 0
3258 330 0
3259 374 1
3260 560 1
3261 51 0
3262 383 1
3263 605 0
3264 111 1
3265 237 0
3266 297 1
3267 40 1
3268 609 1
3269 521 0
3270 518 1
3271 568 1
3272 380 1
3273 152 0
3274 585 0
3275 548 1
3276 627 1
3277 257 1
3278 151 1
3279 184 1
3280 263 1
3281 190 1
3282 307 1
3283 370 1
3284 301 1
3285 15 1
3286 565 0
3287 157 1
3288 58 1
3289 349 1
3290 191 1
3291 482 1
3292 192 0
3293 531 0
3294 295 1
3295 590 0
3296 484 1
3297 465 0
3298 350 0
3299 410 0
3300 420 0
3301 174 1
3302 356 1
3303 624 1
3304 640 1
3305 388 1
3306 566 0
3307 344 1
3308 304 0
3309 448 1
3310 300 1
3311 505 1
3312 513 0
3313 287 1
3314 500 0
3315 217 0
3316 462 1
3317 600 1
3318 69 0
3319 572 1
3320 256 0
3321 227 1
3322 526 0
3323 282 1
3324 156 0
3325 140 0
3326 463 1
3327 597 0
3328 319 1
3329 533 1
3330 267 0
3331 442 0
3332 481 0
3333 251 1
3334 325 1
3335 592 0
3336 478 1
3337 105 0
3338 101 1
3339 537 1
3340 472 1
3341 61 0
3342 25 1
3343 605 0
3344 228 1
3345 503 1
3346 584 1
3347 581 1
3348 45 1
3349 302 0
3350 349 1
3351 290 1
3352 424 0
3353 534 1
3354 137 1
3355 129 1
3356 451 1
3357 231 0
3358 188 1
3359 160 0
3360 25 1
3361 268 0
3362 310 1
3363 368 0
3364 375 1
3365 65 0
3366 267 0
3367 254 1
3368 98 0
3369 555 0
3370 562 1
3371 185 0
3372 215 1
3373 184 1
3374 600 1
3375 167 1
3376 362 1
3377 581 1
3378 623 0
3379 375 1
3380 323 1
3381 433 1
3382 136 1
3383 629 0
3384 178 1
3385 462 1
3386 571 0
3387 448 1
3388 403 0
3389 537 1
3390 323 1
3391 331 0
3392 487 0
3393 52 1
3394 556 1
3395 174 1
3396 207 1
3397 172 1
3398 633 1
3399 570 0
3400 34 0
3401 247 1
3402 374 1
3403 94 0
3404 22 0
3405 482 1
3406 38 1
3407 370 0
3408 420 1
3409 345 1
3410 196 1
3411 558 1
3412 465 1
3413 86 0
3414 225 1
3415 605 0
3416 383 1
3417 212 0
3418 233 0
3419 228 1
3420 285 1
3421 585 0
3422 218 1
3423 195 1
3424 79 1
3425 316 1
3426 399 1
3427 10 1
3428 306 1
3429 21 0
3430 92 1
3431 138 1
3432 172 1
3433 571 1
3434 641 1
3435 8 0
3436 212 1
3437 597 1
3438 242 1
3439 415 0
3440 28 1
3441 572 0
3442 308 1
3443 639 1
3444 27 1
3445 485 0
3446 625 0
3447 587 1
3448 312 0
3449 542 1
3450 15 1
3451 583 1
3452 482 1
3453 4 1
3454 22 0
3455 384 1
3456 497 0
3457 470 1
3458 241 0
3459 114 1
3460 464 1
3461 372 1
3462 569 1
3463 581 1
3464 166 1
3465 537 1
3466 367 0
3467 392 1
3468 350 0
3469 259 1
3470 154 1
3471 415 1
3472 301 1
3473 151 1
3474 51 1
3475 142 1
3476 211 1
3477 307 1
3478 159 0
3479 356 1
3480 60 1
3481 491 1
3482 63 1
3483 615 1
3484 619 1
3485 132 1
3486 219 0
3487 128 1
3488 126 1
3489 394 1
3490 529 0
3491 48 1
3492 390 0
3493 215 1
3494 582 1
3495 223 1
3496 150 1
3497 416 0
3498 292 0
3499 610 1
3500 599 1
3501 396 0
3502 629 0
3503 25 1
3504 134 0
3505 281 1
3506 303 0
3507 98 1
3508 24 0
3509 591 1
3510 223 1
3511 596 0
3512 230 1
3513 579 1
3514 93 1
3515 137 1
3516 626 0
3517 205 1
3518 388 1
3519 69 1
3520 641 1
3521 533 1
3522 26 1
3523 341 1
3524 291 0
3525 4 1
3526 448 1
3527 226 1
3528 314 0
3529 540 0
3530 44 1
3531 447 0
3532 541 0
3533 636 0
3534 229 1
3535 154 0
3536 402 1
3537 517 0
3538 12 1
3539 479 0
3540 484 1
3541 148 1
3542 430 1
3543 305 1
3544 527 0
3545 507 0
3546 217 1
3547 588 1
3548 308 0
3549 390 1
3550 624 1
3551 102 1
3552 570 1
3553 166 1
3554 172 1
3555 224 1
3556 468 0
3557 291 1
3558 101 1
3559 345 1
3560 143 1
3561 538 0
3562 509 1
3563 466 1
3564 401 0
3565 41 0
3566 102 1
3567 117 0
3568 110 0
3569 609 1
3570 268 1
3571 285 0
3572 560 0
3573 336 1
3574 527 0
3575 629 0
3576 237 0
3577 378 1
3578 343 0
3579 250 0
3580 402 0
3581 480 1
3582 427 1
3583 531 1
3584 220 1
3585 166 1
3586 22 1
3587 571 1
3588 375 1
3589 583 1
3590 291 1
3591 276 1
3592 428 1
3593 614 0
3594 193 0
3595 218 0
3596 503 1
3597 455 0
3598 643 1
3599 170 1
3600 184 1
3601 53 1
3602 136 0
3603 128 1
3604 225 1
3605 116 0
3606 625 1
3607 384 1
3608 378 1
3609 519 1
3610 557 1
3611 513 0
3612 138 1
3613 40 1
3614 12 0
3615 346 0
3616 540 0
3617 386 1
3618 370 0
3619 526 1
3620 580 1
3621 452 1
3622 366 1
3623 300 0
3624 529 0
3625 17 0
3626 259 1
3627 195 1
3628 209 1
3629 526 1
3630 439 0
3631 401 1
3632 611 1
3633 341 0
3634 4 1
3635 272 0
3636 204 1
3637 476 0
3638 262 1
3639 9 0
3640 298 0
3641 571 0
3642 558 1
3643 294 0
3644 350 0
3645 320 0
3646 380 0
3647 454 0
3648 211 1
3649 22 0
3650 356 1
3651 140 1
3652 357 1
3653 471 1
3654 95 1
3655 105 1
3656 499 1
3657 289 0
3658 146 1
3659 511 1
3660 91 1
3661 624 0
3662 254 1
3663 164 1
3664 575 1
3665 29 0
3666 473 1
3667 186 0
3668 132 0
3669 153 0
3670 477 1
3671 612 1
3672 282 1
3673 83 1
3674 180 1
3675 279 1
3676 127 1
3677 89 1
3678 38 1
3679 194 1
3680 432 1
3681 239 1
3682 376 1
3683 439 1
3684 422 1
3685 91 1
3686 197 1
3687 569 0
3688 300 1
3689 255 0
3690 593 1
3691 98 1
3692 132 0
3693 441 0
3694 432 0
3695 123 1
3696 198 1
3697 473 1
3698 119 1
3699 430 1
3700 206 1
3701 134 1
3702 565 1
3703 222 0
3704 58 1
3705 47 1
3706 352 1
3707 66 0
3708 324 1
3709 639 1
3710 481 0
3711 331 0
3712 464 0
3713 601 0
3714 426 1
3715 471 1
3716 239 1
3717 367 1
3718 11 0
3719 371 1
3720 406 0
3721 67 1
3722 555 0
3723 598 0
3724 624 1
3725 346 1
3726 57 1
3727 487 0
3728 184 1
3729 444 1
3730 161 1
3731 582 1
3732 215 1
3733 560 1
3734 232 1
3735 287 1
3736 44 1
3737 107 1
3738 472 1
3739 181 0
3740 637 1
3741 268 1
3742 551 0
3743 555 0
3744 538 0
3745 40 1
3746 610 0
3747 454 1
3748 265 0
3749 399 1
3750 632 1
3751 491 0
3752 388 0
3753 622 1
3754 6 1
3755 15 0
3756 40 1
3757 40 1
3758 377 1
3759 21 1
3760 289 1
3761 308 0
3762 30 1
3763 427 0
3764 471 1
3765 148 0
3766 214 1
3767 481 1
3768 585 1
3769 166 1
3770 617 1
3771 574 0
3772 448 0
3773 581 1
3774 549 0
3775 435 1
3776 11 0
3777 440 0
3778 208 0
3779 329 0
3780 395 0
3781 477 1
3782 455 1
3783 551 1
3784 120 1
3785 327 0
3786 237 0
3787 89 1
3788 210 0
3789 213 0
3790 620 0
3791 299 0
3792 93 1
3793 27 0
3794 300 1
3795 321 1
3796 172 0
3797 636 0
3798 459 1
3799 371 1
3800 607 1
3801 11 0
3802 301 0
3803 232 0
3804 118 1
3805 617 1
3806 440 0
3807 79 1
3808 342 1
3809 174 0
3810 447 1
3811 32 1
3812 4 1
3813 594 0
3814 558 1
3815 382 1
3816 365 1
3817 66 1
3818 485 0
3819 525 1
3820 82 1
3821 43 1
3822 101 1
3823 395 0
3824 213 1
3825 433 1
3826 420 0
3827 618 1
3828 481 1
3829 218 1
3830 235 1
3831 261 1
3832 340 1
3833 615 1
3834 610 0
3835 131 1
3836 332 0
3837 554 0
3838 297 1
3839 224 1
3840 221 1
3841 509 0
3842 470 1
3843 404 1
3844 398 1
3845 48 1
3846 570 1
3847 589 1
3848 622 1
3849 446 1
3850 402 1
3851 627 1
3852 100 0
3853 507 1
3854 188 1
3855 247 0
3856 90 1
3857 389 0
3858 586 1
3859 207 0
3860 118 1
3861 328 1
3862 549 0
3863 300 1
3864 171 1
3865 461 0
3866 19 1
3867 1 1
3868 319 0
3869 508 1
3870 578 1
3871 264 0
3872 214 0
3873 569 0
3874 149 0
3875 495 0
3876 370 1
3877 294 0
3878 434 1
3879 156 1
3880 36 1
3881 525 1
3882 408 0
3883 166 1
3884 374 0
3885 582 0
3886 132 1
3887 316 0
3888 195 1
3889 493 1
3890 355 1
3891 588 1
3892 505 0
3893 347 1
3894 171 1
3895 247 1
3896 460 0
3897 246 0
3898 2 1
3899 290 1
3900 426 1
3901 23 1
3902 413 1
3903 243 1
3904 571 1
3905 284 0
3906 419 1
3907 338 1
3908 448 1
3909 566 0
3910 528 1
3911 166 0
3912 289 1
3913 551 1
3914 164 1
3915 643 0
3916 408 1
3917 487 0
3918 353 0
3919 116 0
3920 161 1
3921 545 1
3922 619 1
3923 206 1
3924 271 1
3925 389 0
3926 289 0
3927 482 1
3928 316 1
3929 200 1
3930 569 1
3931 418 0
3932 220 1
3933 501 1
3934 330 1
3935 201 1
3936 364 1
3937 410 0
3938 324 1
3939 99 1
3940 83 1
3941 88 1
3942 384 1
3943 289 1
3944 307 0
3945 527 1
3946 43 1
3947 556 1
3948 545 1
3949 184 1
3950 368 1
3951 60 1
3952 471 0
3953 409 1
3954 433 0
3955 84 1
3956 336 1
3957 236 0
3958 90 0
3959 114 1
3960 362 1
3961 613 1
3962 281 1
3963 16 1
3964 275 0
3965 395 0
3966 570 1
3967 77 1
3968 272 1
3969 530 1
3970 341 0
3971 562 1
3972 125 0
3973 92 0
3974 18 1
3975 605 0
3976 196 1
3977 133 1
3978 436 1
3979 6 0
3980 334 0
3981 64 1
3982 204 1
3983 639 0
3984 619 1
3985 513 1
3986 485 1
3987 333 1
3988 568 1
3989 173 1
3990 624 1
3991 322 0
3992 46 0
3993 8 1
3994 589 1
3995 549 0
3996 407 1
3997 537 1
3998 94 1
3999 419 1
4000 402 0
4001 361 1
4002 65 1
4003 192 0
4004 458 1
4005 574 1
4006 483 1
4007 613 1
4008 39 1
4009 352 1
4010 619 1
4011 262 1
4012 201 1
4013 324 0
4014 25 1
4015 349 0
4016 386 1
4017 1 0
4018 106 1
4019 431 0
4020 542 1
4021 357 1
4022 596 1
4023 250 1
4024 286 1
4025 611 1
4026 197 1
4027 619 1
4028 366 1
4029 42 1
4030 397 1
4031 158 1
4032 456 0
4033 581 0
4034 344 1
4035 473 1
4036 66 1
4037 614 0
4038 496 0
4039 637 0
4040 152 0
4041 382 1
4042 178 1
4043 88 1
4044 10 1
4045 283 0
4046 513 1
4047 529 1
4048 600 1
4049 225 1
4050 171 1
4051 533 0
4052 231 1
4053 239 1
4054 53 0
4055 212 1
4056 182 0
4057 539 1
4058 298 1
4059 253 1
4060 104 1
4061 54 1
4062 333 1
4063 272 1
4064 395 1
4065 572 1
4066 551 1
4067 150 1
4068 293 0
4069 212 1
4070 614 1
4071 536 1
4072 365 0
4073 504 1
4074 405 0
4075 310 0
4076 4 1
4077 458 1
4078 302 1
4079 601 0
4080 583 0
4081 610 1
4082 327 1
4083 610 0
4084 498 1
4085 306 0
4086 585 1
4087 618 0
4088 620 1
4089 308 1
4090 582 1
4091 228 1
4092 322 1
4093 262 0
4094 119 1
4095 16 1
4096 94 0
4097 530 1
4098 90 1
4099 382 1
4100 12 1
4101 410 0
4102 225 1
4103 242 1
4104 200 0
4105 564 1
4106 509 0
4107 71 0
4108 173 0
4109 158 1
4110 545 1
4111 341 0
4112 149 1
4113 400 1
4114 60 1
4115 174 0
4116 165 0
4117 9 1
4118 306 1
4119 574 1
4120 149 1
4121 637 1
4122 624 0
4123 192 0
4124 389 0
4125 436 1
4126 517 1
4127 268 0
4128 350 0
4129 252 0
4130 145 1
4131 475 1
4132 357 1
4133 39 1
4134 91 0
4135 518 1
4136 453 1
4137 238 1
4138 557 1
4139 577 1
4140 119 1
4141 575 1
4142 501 1
4143 642 0
4144 206 0
4145 609 1
4146 23 1
4147 0 1
4148 271 1
4149 392 0
4150 636 1
4151 587 1
4152 114 1
4153 215 0
4154 594 0
4155 312 0
4156 508 0
4157 44 1
4158 425 1
4159 546 0
4160 284 1
4161 321 1
4162 298 1
4163 43 1
4164 336 1
4165 279 1
4166 39 1
4167 102 0
4168 385 0
4169 172 1
4170 449 1
4171 386 1
4172 66 1
4173 15 1
4174 465 1
4175 462 1
4176 420 0
4177 411 0
4178 436 0
4179 634 1
4180 221 0
4181 439 1
4182 465 1
4183 406 1
4184 207 0
4185 523 1
4186 402 0
4187 316 1
4188 43 1
4189 299 1
4190 232 1
4191 612 0
4192 240 1
4193 64 1
4194 164 0
4195 143 0
4196 306 1
4197 2 1
4198 464 0
4199 324 1
4200 326 0
4201 29 0
4202 468 0
4203 543 1
4204 16 1
4205 366 0
4206 299 1
4207 248 1
4208 42 1
4209 554 1
4210 350 0
4211 585 0
4212 612 0
4213 131 1
4214 334 1
4215 449 1
4216 5 0
4217 90 1
4218 171 1
4219 323 1
4220 171 0
4221 427 0
4222 361 1
4223 356 0
4224 327 1
4225 603 1
4226 302 0
4227 44 1
4228 477 1
4229 55 0
4230 623 0
4231 166 1
4232 330 1
4233 441 1
4234 229 1
4235 35 0
4236 156 1
4237 217 1
4238 477 1
4239 268 1
4240 178 0
4241 191 1
4242 124 1
4243 97 1
4244 395 1
4245 99 0
4246 641 1
4247 341 1
4248 513 1
4249 174 0
4250 248 0
4251 482 0
4252 10 1
4253 277 0
4254 612 1
4255 638 1
4256 127 0
4257 618 0
4258 405 1
4259 184 0
4260 214 0
4261 505 1
4262 540 0
4263 520 0
4264 330 1
4265 490 0
4266 242 1
4267 330 1
4268 367 1
4269 87 1
4270 499 1
4271 464 0
4272 250 1
4273 209 1
4274 499 0
4275 149 1
4276 23 0
4277 263 0
4278 202 1
4279 318 0
4280 180 1
4281 450 0
4282 476 1
4283 14 0
4284 89 0
4285 508 0
4286 167 1
4287 554 1
4288 111 1
4289 419 0
4290 511 1
4291 26 1
4292 570 1
4293 444 1
4294 419 0
4295 644 0
4296 265 1
4297 369 1
4298 568 0
4299 270 1
4300 477 0
4301 592 0
4302 453 1
4303 408 1
4304 619 1
4305 530 0
4306 90 1
4307 358 1
4308 192 0
4309 126 0
4310 259 1
4311 558 0
4312 558 1
4313 605 1
4314 13 1
4315 485 1
4316 356 1
4317 474 1
4318 281 0
4319 85 1
4320 404 1
4321 80 1
4322 511 1
4323 501 1
4324 588 0
4325 9 1
4326 100 0
4327 74 1
4328 197 0
4329 487 0
4330 248 0
4331 40 1
4332 107 1
4333 125 1
4334 98 1
4335 637 0
4336 164 1
4337 343 0
4338 503 0
4339 73 0
4340 166 1
4341 641 0
4342 5 1
4343 271 0
4344 80 0
4345 397 0
4346 433 1
4347 289 1
4348 298 1
4349 284 1
4350 608 1
4351 246 1
4352 341 0
4353 142 1
4354 128 0
4355 638 1
4356 297 1
4357 552 1
4358 36 1
4359 490 0
4360 276 0
4361 446 1
4362 35 0
4363 605 0
4364 488 1
4365 77 1
4366 505 1
4367 570 1
4368 245 0
4369 400 0
4370 274 1
4371 7 1
4372 368 1
4373 214 1
4374 77 1
4375 521 0
4376 293 1
4377 410 1
4378 396 1
4379 1 1
4380 591 1
4381 37 0
4382 386 1
4383 7 1
4384 14 1
4385 344 1
4386 132 1
4387 200 1
4388 257 1
4389 252 1
4390 465 1
4391 28 0
4392 435 0
4393 426 1
4394 140 0
4395 418 1
4396 489 0
4397 537 1
4398 402 1
4399 201 1
4400 282 1
4401 45 1
4402 243 1
4403 262 1
4404 6 1
4405 175 1
4406 635 1
4407 568 0
4408 625 1
4409 603 1
4410 107 0
4411 198 1
4412 179 1
4413 167 0
4414 610 1
4415 345 1
4416 253 1
4417 10 1
4418 627 1
4419 336 1
4420 134 1
4421 443 1
4422 53 0
4423 533 1
4424 47 0
4425 138 1
4426 223 0
4427 99 1
