7138
1 326 1
2 138 1
3 514 0
4 16 1
5 171 1
6 432 0
7 88 1
8 203 1
9 267 1
10 450 0
11 238 1
12 471 0
13 530 0
14 503 1
15 243 1
16 546 1
17 341 0
18 121 1
19 126 1
20 275 1
21 277 1
22 301 1
23 248 1
24 366 0
25 8 0
26 327 1
27 337 1
28 422 1
29 102 1
30 115 1
31 237 1
32 362 0
33 348 0
34 382 1
35 175 1
36 381 0
37 367 1
38 373 0
39 189 0
40 133 1
41 59 1
42 0 1
43 207 1
44 212 1
45 295 1
46 102 1
47 490 0
48 113 1
49 503 1
50 315 1
51 210 0
52 133 0
53 327 0
54 195 0
55 301 0
56 323 1
57 289 1
58 258 1
59 300 1
60 253 1
61 353 0
62 130 1
63 375 1
64 131 1
65 348 1
66 59 1
67 145 0
68 84 1
69 253 1
70 544 1
71 108 0
72 417 1
73 193 1
74 395 0
75 94 1
76 37 0
77 60 1
78 292 1
79 19 1
80 315 1
81 372 1
82 427 1
83 122 1
84 545 1
85 345 1
86 486 1
87 351 1
88 406 1
89 526 0
90 539 1
91 452 0
92 69 0
93 352 1
94 449 1
95 233 1
96 186 1
97 142 0
98 124 0
99 73 1
100 141 0
101 153 1
102 373 0
103 478 0
104 51 1
105 30 1
106 74 0
107 222 1
108 496 0
109 7 0
110 393 1
111 160 1
112 400 0
113 195 1
114 121 0
115 196 1
116 243 1
117 391 1
118 463 0
119 398 1
120 324 1
121 107 1
122 411 1
123 43 1
124 405 1
125 249 0
126 344 1
127 380 1
128 266 1
129 325 0
130 399 1
131 151 1
132 425 0
133 261 0
134 415 1
135 352 0
136 35 1
137 85 1
138 290 1
139 302 0
140 233 0
141 442 1
142 515 0
143 324 1
144 292 1
145 117 0
146 118 1
147 282 1
148 366 1
149 381 1
150 150 1
151 522 0
152 86 1
153 132 0
154 292 1
155 21 1
156 487 1
157 51 1
158 180 1
159 233 1
160 526 1
161 165 1
162 174 0
163 191 1
164 545 0
165 324 0
166 199 0
167 381 1
168 510 1
169 217 0
170 504 1
171 276 1
172 203 1
173 443 1
174 204 1
175 410 0
176 528 0
177 324 0
178 79 0
179 191 1
180 35 0
181 268 0
182 417 1
183 74 0
184 165 1
185 125 1
186 85 0
187 110 1
188 176 1
189 226 0
190 124 1
191 59 0
192 214 0
193 303 1
194 453 1
195 418 1
196 11 1
197 223 0
198 338 1
199 305 1
200 91 1
201 121 1
202 333 0
203 519 1
204 231 0
205 444 1
206 330 1
207 11 1
208 388 0
209 392 1
210 364 1
211 278 1
212 445 1
213 305 1
214 247 1
215 234 0
216 43 1
217 15 1
218 87 1
219 440 0
220 228 1
221 230 1
222 336 0
223 104 1
224 110 1
225 16 1
226 254 1
227 351 1
228 243 0
229 376 0
230 269 1
231 383 0
232 467 1
233 297 1
234 488 0
235 375 1
236 16 1
237 276 0
238 401 1
239 80 1
240 377 0
241 487 0
242 390 0
243 279 1
244 496 0
245 126 0
246 215 1
247 79 0
248 518 0
249 185 1
250 61 1
251 172 0
252 167 0
253 485 1
254 384 0
255 28 0
256 108 1
257 341 0
258 355 1
259 134 0
260 225 1
261 12 1
262 380 1
263 70 0
264 23 1
265 299 1
266 317 0
267 270 1
268 475 1
269 1 1
270 268 1
271 69 0
272 153 1
273 484 1
274 34 1
275 308 0
276 434 1
277 254 1
278 20 1
279 107 1
280 81 0
281 236 1
282 433 1
283 385 1
284 210 1
285 216 1
286 25 1
287 410 1
288 306 0
289 134 1
290 460 1
291 100 1
292 317 1
293 104 1
294 179 1
295 489 1
296 174 1
297 161 0
298 179 0
299 518 0
300 541 1
301 369 1
302 76 0
303 192 1
304 122 1
305 223 1
306 323 0
307 425 1
308 232 0
309 33 0
310 297 1
311 174 1
312 195 1
313 80 1
314 490 1
315 265 0
316 335 1
317 492 0
318 469 1
319 295 1
320 12 0
321 122 0
322 397 1
323 31 1
324 79 0
325 542 0
326 88 1
327 348 0
328 53 1
329 213 1
330 29 1
331 523 1
332 169 1
333 331 1
334 148 0
335 178 0
336 146 1
337 104 1
338 349 1
339 67 1
340 307 1
341 306 0
342 274 1
343 180 0
344 85 1
345 372 1
346 427 0
347 533 1
348 359 0
349 130 1
350 438 1
351 222 1
352 110 0
353 76 1
354 16 1
355 388 1
356 308 1
357 220 0
358 297 0
359 410 1
360 348 1
361 52 1
362 126 1
363 267 0
364 398 1
365 493 1
366 260 1
367 424 0
368 542 1
369 330 1
370 145 0
371 329 0
372 361 1
373 536 1
374 450 0
375 43 1
376 178 1
377 522 0
378 182 1
379 291 1
380 242 0
381 420 1
382 448 1
383 374 1
384 238 1
385 497 1
386 426 1
387 337 1
388 323 1
389 394 1
390 269 1
391 20 1
392 87 1
393 306 0
394 334 1
395 352 0
396 384 0
397 28 1
398 65 1
399 217 1
400 109 1
401 188 1
402 542 1
403 271 0
404 401 1
405 87 0
406 50 0
407 65 0
408 152 0
409 461 1
410 470 1
411 65 1
412 88 1
413 81 0
414 51 0
415 457 1
416 15 1
417 251 0
418 172 0
419 371 1
420 135 0
421 191 1
422 67 1
423 430 1
424 75 1
425 261 1
426 154 0
427 347 1
428 474 1
429 450 1
430 281 0
431 294 1
432 1 1
433 301 1
434 15 1
435 302 0
436 78 0
437 443 1
438 251 0
439 419 1
440 161 1
441 372 0
442 508 1
443 113 1
444 149 1
445 10 0
446 419 1
447 228 1
448 297 1
449 150 1
450 149 1
451 18 1
452 501 1
453 428 1
454 283 1
455 526 1
456 476 1
457 315 1
458 121 1
459 415 1
460 547 1
461 203 1
462 176 1
463 390 1
464 462 1
465 341 1
466 547 0
467 394 1
468 321 1
469 143 1
470 65 0
471 550 0
472 71 1
473 473 1
474 350 1
475 518 1
476 315 1
477 259 0
478 100 1
479 520 0
480 137 0
481 176 1
482 222 0
483 75 0
484 341 1
485 96 1
486 442 1
487 394 0
488 514 1
489 154 1
490 258 1
491 157 0
492 341 0
493 511 1
494 14 1
495 6 1
496 341 0
497 337 1
498 307 0
499 55 1
500 131 0
501 501 0
502 299 0
503 36 1
504 265 1
505 127 1
506 363 1
507 543 1
508 256 1
509 201 0
510 535 1
511 475 1
512 497 1
513 442 1
514 173 1
515 347 1
516 150 1
517 434 1
518 193 1
519 211 1
520 107 1
521 483 1
522 178 1
523 176 1
524 531 1
525 259 1
526 86 1
527 392 1
528 550 0
529 336 1
530 280 1
531 30 1
532 535 1
533 381 1
534 381 1
535 189 0
536 486 1
537 513 0
538 149 0
539 47 1
540 69 0
541 141 1
542 543 1
543 347 1
544 317 0
545 265 0
546 370 0
547 529 1
548 261 1
549 82 1
550 450 0
551 133 1
552 500 1
553 550 0
554 392 0
555 277 0
556 459 1
557 225 1
558 399 1
559 544 0
560 151 1
561 262 1
562 54 1
563 374 1
564 96 1
565 513 1
566 283 0
567 485 0
568 242 1
569 434 1
570 136 0
571 98 1
572 78 0
573 47 1
574 343 1
575 196 0
576 403 1
577 516 1
578 251 1
579 328 1
580 349 1
581 502 1
582 436 0
583 472 1
584 472 0
585 315 1
586 67 0
587 152 1
588 237 1
589 177 1
590 345 0
591 23 1
592 386 1
593 208 0
594 432 0
595 40 0
596 326 1
597 416 1
598 479 1
599 443 1
600 189 1
601 454 1
602 119 1
603 455 0
604 306 1
605 438 0
606 8 0
607 348 1
608 4 1
609 88 0
610 95 1
611 166 0
612 173 1
613 186 0
614 418 0
615 551 0
616 335 0
617 365 1
618 6 1
619 311 1
620 509 1
621 465 1
622 214 0
623 468 1
624 318 1
625 101 0
626 186 1
627 336 1
628 404 1
629 512 1
630 99 1
631 378 1
632 464 1
633 389 1
634 12 1
635 284 1
636 507 0
637 42 1
638 511 0
639 386 1
640 14 1
641 191 1
642 310 1
643 115 0
644 551 0
645 431 0
646 141 0
647 87 1
648 1 0
649 24 1
650 180 0
651 36 1
652 505 1
653 356 0
654 89 1
655 241 1
656 231 0
657 413 1
658 461 1
659 204 1
660 158 1
661 113 0
662 446 1
663 352 1
664 232 1
665 514 1
666 186 1
667 101 0
668 130 0
669 103 1
670 147 1
671 432 1
672 278 1
673 421 1
674 321 1
675 255 0
676 262 1
677 280 1
678 124 0
679 103 0
680 11 1
681 270 0
682 117 1
683 390 1
684 330 1
685 76 1
686 339 1
687 357 1
688 301 0
689 359 1
690 352 0
691 51 0
692 484 0
693 271 1
694 465 0
695 411 1
696 494 1
697 120 0
698 1 0
699 467 0
700 506 1
701 309 1
702 499 1
703 465 0
704 394 1
705 372 1
706 386 1
707 363 1
708 255 1
709 426 0
710 12 0
711 90 1
712 521 0
713 119 1
714 277 1
715 354 0
716 24 1
717 77 0
718 333 1
719 273 0
720 368 1
721 475 0
722 16 1
723 20 1
724 476 1
725 493 1
726 287 1
727 549 0
728 349 1
729 279 0
730 202 0
731 465 0
732 299 1
733 306 0
734 87 0
735 307 0
736 172 1
737 159 1
738 125 1
739 513 0
740 127 0
741 91 1
742 538 1
743 171 0
744 256 1
745 516 1
746 85 1
747 240 1
748 472 1
749 518 1
750 73 0
751 517 1
752 58 1
753 487 0
754 356 0
755 285 1
756 348 1
757 453 1
758 517 1
759 223 0
760 76 1
761 287 1
762 115 1
763 48 1
764 22 0
765 150 0
766 340 0
767 341 0
768 345 1
769 28 1
770 225 0
771 187 1
772 244 0
773 516 0
774 267 1
775 536 1
776 426 1
777 61 1
778 300 1
779 131 0
780 176 1
781 472 1
782 503 0
783 416 1
784 92 1
785 498 1
786 367 1
787 499 0
788 274 0
789 267 1
790 95 0
791 441 1
792 77 0
793 65 0
794 166 1
795 254 1
796 532 1
797 360 0
798 543 1
799 225 1
800 278 0
801 507 0
802 356 0
803 151 1
804 417 0
805 175 1
806 279 0
807 36 0
808 120 1
809 234 0
810 351 1
811 129 1
812 217 1
813 260 1
814 269 1
815 343 1
816 102 0
817 140 1
818 360 1
819 37 1
820 320 1
821 291 1
822 383 0
823 402 1
824 536 1
825 236 0
826 180 1
827 112 1
828 357 1
829 52 1
830 358 0
831 175 1
832 302 1
833 474 1
834 162 0
835 441 1
836 279 1
837 29 1
838 62 0
839 114 1
840 69 0
841 435 1
842 271 1
843 149 0
844 475 0
845 256 1
846 152 1
847 242 1
848 302 1
849 119 0
850 175 1
851 502 0
852 296 1
853 65 1
854 464 1
855 512 1
856 84 0
857 338 1
858 497 1
859 485 1
860 190 1
861 254 1
862 175 1
863 406 1
864 160 1
865 443 1
866 35 1
867 399 1
868 424 1
869 244 1
870 198 1
871 424 1
872 99 1
873 140 1
874 198 0
875 17 0
876 315 1
877 285 1
878 269 1
879 469 0
880 166 1
881 375 1
882 306 1
883 87 1
884 187 1
885 68 1
886 36 1
887 169 1
888 257 1
889 287 1
890 490 1
891 398 1
892 132 1
893 298 1
894 377 1
895 386 1
896 129 0
897 299 1
898 538 1
899 223 1
900 273 1
901 112 1
902 339 1
903 499 1
904 146 0
905 53 1
906 94 0
907 390 1
908 190 1
909 128 0
910 404 0
911 59 0
912 332 0
913 525 1
914 300 1
915 543 1
916 41 0
917 384 0
918 493 1
919 531 1
920 119 0
921 170 0
922 91 1
923 493 0
924 196 1
925 297 0
926 193 0
927 137 1
928 270 1
929 344 0
930 412 0
931 146 1
932 491 1
933 335 0
934 470 1
935 19 1
936 453 0
937 304 1
938 304 1
939 327 1
940 475 0
941 103 0
942 536 0
943 142 1
944 457 1
945 379 1
946 321 1
947 271 0
948 112 1
949 246 0
950 528 0
951 66 1
952 9 1
953 528 1
954 169 1
955 315 1
956 428 0
957 261 1
958 214 1
959 165 1
960 444 0
961 489 1
962 73 1
963 28 1
964 422 1
965 269 1
966 95 1
967 381 1
968 260 0
969 472 1
970 105 1
971 130 1
972 153 1
973 391 1
974 350 1
975 540 0
976 50 1
977 509 1
978 238 0
979 416 1
980 366 0
981 59 0
982 521 1
983 67 1
984 243 1
985 267 1
986 220 1
987 383 1
988 290 1
989 296 1
990 280 0
991 384 1
992 260 1
993 8 1
994 324 1
995 214 1
996 58 0
997 100 1
998 161 0
999 417 0
1000 153 1
1001 254 1
1002 83 1
1003 301 0
1004 361 1
1005 516 0
1006 381 0
1007 472 1
1008 188 0
1009 195 1
1010 405 0
1011 204 1
1012 130 1
1013 45 1
1014 525 1
1015 196 1
1016 94 0
1017 53 1
1018 37 0
1019 52 1
1020 507 1
1021 486 0
1022 470 1
1023 532 1
1024 440 0
1025 172 1
1026 85 1
1027 311 1
1028 128 1
1029 61 1
1030 319 0
1031 280 1
1032 264 1
1033 91 1
1034 190 1
1035 146 1
1036 321 0
1037 534 0
1038 39 1
1039 398 1
1040 244 1
1041 326 0
1042 395 1
1043 100 0
1044 548 0
1045 125 1
1046 527 1
1047 282 1
1048 241 1
1049 539 1
1050 127 1
1051 130 1
1052 319 1
1053 134 0
1054 127 1
1055 392 0
1056 52 1
1057 201 1
1058 358 1
1059 525 1
1060 18 1
1061 277 0
1062 59 0
1063 285 0
1064 489 1
1065 286 1
1066 13 0
1067 12 1
1068 29 1
1069 192 0
1070 235 0
1071 28 0
1072 251 1
1073 235 1
1074 86 0
1075 20 1
1076 359 0
1077 151 1
1078 304 1
1079 273 1
1080 316 1
1081 411 0
1082 531 1
1083 163 1
1084 72 0
1085 218 1
1086 440 1
1087 41 1
1088 31 0
1089 304 1
1090 38 0
1091 276 1
1092 68 1
1093 371 1
1094 418 1
1095 168 0
1096 152 1
1097 12 0
1098 505 0
1099 192 1
1100 31 0
1101 331 1
1102 211 1
1103 112 1
1104 203 1
1105 415 1
1106 241 1
1107 140 0
1108 67 1
1109 237 1
1110 105 1
1111 222 1
1112 42 1
1113 442 1
1114 518 1
1115 72 0
1116 46 0
1117 24 1
1118 330 1
1119 1 1
1120 107 1
1121 275 1
1122 56 1
1123 212 1
1124 429 0
1125 163 1
1126 465 1
1127 292 1
1128 176 1
1129 501 1
1130 424 1
1131 300 0
1132 477 1
1133 229 1
1134 514 1
1135 288 1
1136 202 0
1137 524 0
1138 534 1
1139 489 1
1140 135 1
1141 499 0
1142 539 0
1143 1 1
1144 528 1
1145 466 0
1146 77 1
1147 371 1
1148 39 0
1149 309 0
1150 386 0
1151 177 0
1152 108 0
1153 401 1
1154 386 0
1155 55 1
1156 490 0
1157 123 0
1158 295 1
1159 194 0
1160 181 1
1161 171 0
1162 429 1
1163 313 0
1164 145 1
1165 23 0
1166 167 0
1167 121 1
1168 457 1
1169 474 0
1170 360 1
1171 367 1
1172 32 1
1173 330 1
1174 170 1
1175 153 0
1176 187 1
1177 165 1
1178 422 0
1179 32 1
1180 49 0
1181 101 0
1182 364 1
1183 546 1
1184 354 1
1185 167 1
1186 498 1
1187 15 1
1188 27 1
1189 359 1
1190 370 1
1191 103 0
1192 391 0
1193 121 1
1194 248 1
1195 384 1
1196 317 1
1197 14 1
1198 317 0
1199 5 0
1200 529 0
1201 335 0
1202 208 1
1203 452 1
1204 142 1
1205 486 1
1206 325 0
1207 18 0
1208 305 1
1209 532 1
1210 401 0
1211 405 1
1212 404 1
1213 401 1
1214 481 1
1215 341 1
1216 79 1
1217 379 0
1218 527 1
1219 23 1
1220 145 0
1221 184 1
1222 546 1
1223 189 1
1224 503 1
1225 460 0
1226 33 1
1227 71 1
1228 232 1
1229 160 1
1230 433 0
1231 120 1
1232 180 0
1233 301 0
1234 387 0
1235 379 1
1236 335 1
1237 504 0
1238 374 1
1239 235 0
1240 362 1
1241 177 1
1242 508 1
1243 387 1
1244 276 1
1245 403 0
1246 52 0
1247 171 0
1248 24 1
1249 387 1
1250 352 1
1251 445 1
1252 386 1
1253 72 1
1254 91 1
1255 34 1
1256 5 1
1257 404 1
1258 514 1
1259 257 1
1260 287 1
1261 449 0
1262 185 1
1263 19 0
1264 94 1
1265 176 1
1266 229 1
1267 137 0
1268 19 0
1269 325 1
1270 72 0
1271 64 1
1272 71 0
1273 93 1
1274 208 0
1275 379 1
1276 511 1
1277 390 1
1278 396 1
1279 460 1
1280 370 1
1281 492 0
1282 205 0
1283 164 0
1284 394 1
1285 388 1
1286 349 1
1287 45 1
1288 422 1
1289 507 1
1290 43 0
1291 74 1
1292 109 0
1293 252 1
1294 428 0
1295 551 0
1296 243 1
1297 400 1
1298 122 1
1299 174 0
1300 1 1
1301 483 0
1302 517 1
1303 272 0
1304 222 1
1305 518 1
1306 115 1
1307 375 0
1308 58 1
1309 339 0
1310 235 1
1311 232 1
1312 382 1
1313 428 0
1314 145 1
1315 521 0
1316 114 1
1317 52 1
1318 482 0
1319 518 1
1320 160 1
1321 525 1
1322 77 1
1323 108 1
1324 423 0
1325 122 1
1326 339 0
1327 138 1
1328 489 0
1329 174 0
1330 118 0
1331 336 0
1332 96 1
1333 418 1
1334 268 0
1335 284 1
1336 422 1
1337 204 1
1338 106 1
1339 136 1
1340 261 1
1341 135 1
1342 114 0
1343 271 1
1344 341 0
1345 240 1
1346 35 1
1347 300 0
1348 466 1
1349 210 0
1350 104 0
1351 57 1
1352 307 1
1353 472 1
1354 130 1
1355 443 0
1356 422 1
1357 439 0
1358 352 0
1359 142 1
1360 104 1
1361 209 1
1362 405 1
1363 379 0
1364 230 1
1365 2 0
1366 86 1
1367 307 0
1368 429 1
1369 307 1
1370 390 0
1371 398 1
1372 276 1
1373 351 1
1374 550 0
1375 325 1
1376 322 0
1377 348 0
1378 46 1
1379 48 0
1380 319 1
1381 58 0
1382 164 1
1383 300 1
1384 148 0
1385 47 0
1386 306 1
1387 299 1
1388 338 0
1389 159 0
1390 37 1
1391 544 1
1392 520 1
1393 142 1
1394 69 0
1395 344 1
1396 241 1
1397 295 1
1398 270 1
1399 500 0
1400 204 1
1401 457 0
1402 48 1
1403 540 1
1404 354 1
1405 277 0
1406 132 1
1407 305 1
1408 163 0
1409 220 1
1410 140 1
1411 68 0
1412 523 1
1413 342 1
1414 513 1
1415 213 1
1416 445 0
1417 176 0
1418 375 1
1419 434 0
1420 364 0
1421 123 0
1422 481 1
1423 96 1
1424 431 0
1425 378 1
1426 382 0
1427 454 1
1428 365 1
1429 93 1
1430 141 1
1431 46 1
1432 478 0
1433 81 1
1434 386 1
1435 530 1
1436 175 1
1437 140 0
1438 30 0
1439 302 1
1440 53 1
1441 534 0
1442 130 1
1443 289 1
1444 233 1
1445 376 1
1446 244 1
1447 461 1
1448 92 0
1449 469 1
1450 5 1
1451 230 1
1452 48 0
1453 337 1
1454 161 0
1455 41 0
1456 269 1
1457 205 0
1458 511 1
1459 449 1
1460 433 1
1461 120 1
1462 142 0
1463 294 0
1464 125 1
1465 267 1
1466 212 0
1467 311 1
1468 368 1
1469 447 0
1470 290 1
1471 245 1
1472 11 0
1473 513 1
1474 500 0
1475 322 1
1476 184 1
1477 6 1
1478 25 1
1479 116 1
1480 65 0
1481 335 1
1482 328 1
1483 94 0
1484 296 0
1485 174 0
1486 32 0
1487 202 1
1488 370 0
1489 121 1
1490 128 1
1491 199 1
1492 441 1
1493 139 1
1494 60 1
1495 118 1
1496 86 0
1497 512 1
1498 47 1
1499 112 0
1500 149 1
1501 539 1
1502 260 0
1503 279 1
1504 406 0
1505 450 1
1506 344 1
1507 347 0
1508 410 1
1509 200 1
1510 243 1
1511 97 1
1512 326 1
1513 298 0
1514 271 1
1515 271 1
1516 252 1
1517 103 1
1518 447 1
1519 91 1
1520 283 1
1521 335 0
1522 193 0
1523 415 0
1524 116 0
1525 520 0
1526 488 1
1527 243 0
1528 283 1
1529 135 0
1530 8 0
1531 423 1
1532 166 1
1533 273 1
1534 410 0
1535 468 1
1536 407 1
1537 323 1
1538 433 0
1539 151 1
1540 356 0
1541 464 0
1542 292 1
1543 108 1
1544 305 0
1545 24 1
1546 152 1
1547 20 1
1548 529 1
1549 486 1
1550 159 1
1551 81 1
1552 98 0
1553 115 1
1554 146 0
1555 136 1
1556 494 0
1557 349 0
1558 310 1
1559 309 1
1560 203 0
1561 375 1
1562 390 1
1563 174 1
1564 189 1
1565 307 0
1566 9 1
1567 417 1
1568 349 0
1569 193 0
1570 354 1
1571 552 1
1572 431 1
1573 29 1
1574 308 1
1575 358 1
1576 228 1
1577 367 0
1578 76 0
1579 486 0
1580 149 1
1581 169 1
1582 130 0
1583 319 0
1584 175 1
1585 475 0
1586 396 0
1587 326 1
1588 325 1
1589 17 1
1590 249 0
1591 92 1
1592 56 1
1593 44 1
1594 501 1
1595 7 0
1596 325 0
1597 363 1
1598 372 1
1599 436 0
1600 250 1
1601 24 1
1602 389 0
1603 422 1
1604 261 1
1605 295 1
1606 370 1
1607 489 1
1608 347 1
1609 114 1
1610 11 1
1611 1 0
1612 351 1
1613 293 1
1614 48 1
1615 218 1
1616 145 1
1617 445 1
1618 202 0
1619 250 1
1620 309 1
1621 475 1
1622 433 0
1623 53 1
1624 445 1
1625 131 0
1626 342 1
1627 347 0
1628 550 1
1629 419 0
1630 373 0
1631 397 0
1632 436 0
1633 54 1
1634 105 0
1635 50 1
1636 350 1
1637 540 1
1638 383 1
1639 66 0
1640 262 1
1641 232 1
1642 329 0
1643 246 0
1644 222 1
1645 479 0
1646 252 0
1647 115 1
1648 113 0
1649 274 1
1650 527 1
1651 133 1
1652 296 1
1653 109 0
1654 215 0
1655 509 0
1656 426 1
1657 29 1
1658 269 1
1659 83 1
1660 443 1
1661 89 0
1662 386 0
1663 331 1
1664 428 0
1665 273 0
1666 431 1
1667 282 1
1668 527 0
1669 409 1
1670 68 1
1671 167 1
1672 55 1
1673 252 1
1674 527 1
1675 370 1
1676 453 1
1677 60 1
1678 165 1
1679 341 1
1680 497 0
1681 550 0
1682 469 1
1683 51 1
1684 172 1
1685 188 1
1686 272 1
1687 289 1
1688 107 1
1689 206 0
1690 432 0
1691 552 0
1692 537 1
1693 119 0
1694 504 0
1695 243 1
1696 24 1
1697 271 1
1698 21 1
1699 491 1
1700 283 1
1701 541 0
1702 37 0
1703 438 1
1704 374 1
1705 334 0
1706 224 1
1707 32 1
1708 501 1
1709 412 1
1710 168 1
1711 348 0
1712 397 1
1713 186 0
1714 497 1
1715 167 0
1716 359 1
1717 285 0
1718 488 1
1719 149 1
1720 370 1
1721 118 1
1722 372 0
1723 304 1
1724 410 1
1725 219 1
1726 373 0
1727 271 0
1728 190 1
1729 192 1
1730 137 1
1731 416 1
1732 16 1
1733 501 1
1734 481 0
1735 369 0
1736 82 1
1737 394 1
1738 192 1
1739 221 1
1740 470 0
1741 75 1
1742 10 1
1743 63 1
1744 359 1
1745 389 1
1746 170 1
1747 493 1
1748 10 1
1749 246 1
1750 40 1
1751 290 0
1752 50 0
1753 77 1
1754 438 1
1755 346 1
1756 239 1
1757 201 1
1758 324 1
1759 504 1
1760 75 0
1761 128 1
1762 202 1
1763 485 0
1764 11 1
1765 204 0
1766 294 0
1767 227 1
1768 235 1
1769 142 1
1770 103 0
1771 31 1
1772 465 1
1773 147 1
1774 550 1
1775 421 0
1776 547 0
1777 425 1
1778 118 1
1779 462 1
1780 91 0
1781 288 0
1782 163 1
1783 285 0
1784 374 1
1785 73 1
1786 525 1
1787 375 0
1788 336 1
1789 175 1
1790 122 1
1791 514 0
1792 147 0
1793 313 1
1794 246 1
1795 503 1
1796 390 1
1797 224 1
1798 309 0
1799 506 0
1800 546 1
1801 163 0
1802 185 1
1803 457 0
1804 62 1
1805 357 0
1806 230 1
1807 356 1
1808 206 1
1809 197 0
1810 393 1
1811 237 1
1812 494 1
1813 339 1
1814 526 1
1815 488 1
1816 428 0
1817 539 0
1818 137 0
1819 83 1
1820 23 1
1821 439 1
1822 260 1
1823 185 1
1824 412 1
1825 366 1
1826 85 1
1827 39 0
1828 120 0
1829 330 1
1830 226 0
1831 169 1
1832 418 0
1833 216 1
1834 100 0
1835 311 1
1836 241 0
1837 539 1
1838 493 1
1839 414 0
1840 109 1
1841 106 1
1842 439 1
1843 275 0
1844 25 0
1845 209 0
1846 373 1
1847 461 1
1848 88 1
1849 349 0
1850 423 1
1851 474 0
1852 358 0
1853 113 1
1854 132 1
1855 152 0
1856 310 1
1857 437 1
1858 458 1
1859 312 1
1860 320 1
1861 343 0
1862 454 1
1863 487 1
1864 375 1
1865 286 1
1866 445 1
1867 465 1
1868 114 1
1869 104 0
1870 109 1
1871 488 1
1872 15 1
1873 225 1
1874 87 1
1875 511 1
1876 6 1
1877 103 1
1878 54 1
1879 504 0
1880 374 1
1881 285 1
1882 444 1
1883 72 1
1884 331 0
1885 305 0
1886 486 1
1887 415 1
1888 168 1
1889 530 0
1890 126 1
1891 164 1
1892 345 1
1893 148 1
1894 358 1
1895 385 0
1896 444 1
1897 55 0
1898 368 1
1899 448 0
1900 411 0
1901 88 1
1902 495 1
1903 346 1
1904 38 0
1905 420 1
1906 367 0
1907 350 0
1908 406 0
1909 6 1
1910 152 1
1911 499 1
1912 9 0
1913 432 0
1914 236 1
1915 26 1
1916 29 0
1917 492 0
1918 119 1
1919 136 1
1920 164 0
1921 375 0
1922 89 1
1923 137 1
1924 226 1
1925 208 1
1926 90 1
1927 476 1
1928 263 0
1929 532 1
1930 184 1
1931 94 0
1932 119 1
1933 238 0
1934 481 1
1935 449 1
1936 379 0
1937 124 1
1938 552 1
1939 465 1
1940 513 1
1941 158 0
1942 383 0
1943 205 0
1944 491 0
1945 94 1
1946 243 0
1947 389 1
1948 384 1
1949 156 0
1950 503 1
1951 458 0
1952 432 1
1953 407 0
1954 399 1
1955 211 1
1956 548 1
1957 518 1
1958 6 1
1959 527 1
1960 462 1
1961 174 0
1962 365 1
1963 70 0
1964 192 1
1965 64 1
1966 332 1
1967 81 1
1968 107 1
1969 197 1
1970 309 1
1971 367 1
1972 387 1
1973 184 1
1974 58 1
1975 391 0
1976 281 0
1977 228 0
1978 76 0
1979 398 1
1980 25 1
1981 519 1
1982 487 1
1983 124 0
1984 37 0
1985 548 1
1986 339 1
1987 152 1
1988 249 0
1989 13 1
1990 549 1
1991 383 1
1992 470 1
1993 424 0
1994 464 0
1995 369 1
1996 234 1
1997 455 1
1998 492 0
1999 209 0
2000 456 0
2001 485 1
2002 121 1
2003 469 0
2004 528 1
2005 233 1
2006 441 1
2007 302 0
2008 229 1
2009 459 0
2010 498 1
2011 184 1
2012 166 1
2013 401 0
2014 221 0
2015 244 0
2016 370 0
2017 474 0
2018 368 1
2019 417 1
2020 427 1
2021 315 0
2022 269 1
2023 174 0
2024 292 0
2025 194 0
2026 410 1
2027 524 1
2028 75 0
2029 291 1
2030 538 1
2031 529 0
2032 266 1
2033 401 1
2034 396 0
2035 424 1
2036 472 1
2037 33 1
2038 359 1
2039 242 1
2040 342 0
2041 444 1
2042 425 1
2043 330 1
2044 343 1
2045 243 0
2046 158 1
2047 184 1
2048 225 1
2049 505 0
2050 460 0
2051 392 1
2052 118 1
2053 123 1
2054 134 1
2055 131 1
2056 411 1
2057 230 0
2058 545 1
2059 230 0
2060 130 1
2061 110 1
2062 248 1
2063 160 1
2064 489 1
2065 96 0
2066 543 1
2067 331 1
2068 469 0
2069 141 1
2070 374 0
2071 81 1
2072 402 1
2073 17 1
2074 319 1
2075 177 1
2076 223 1
2077 238 1
2078 191 1
2079 500 1
2080 12 0
2081 25 0
2082 33 0
2083 219 1
2084 311 1
2085 54 1
2086 188 1
2087 473 0
2088 447 0
2089 487 1
2090 240 1
2091 217 0
2092 507 1
2093 435 1
2094 355 1
2095 381 1
2096 480 1
2097 478 1
2098 263 0
2099 517 1
2100 114 0
2101 316 0
2102 209 1
2103 395 1
2104 228 0
2105 479 1
2106 548 1
2107 378 0
2108 100 1
2109 204 1
2110 198 1
2111 378 0
2112 493 0
2113 194 1
2114 57 1
2115 387 1
2116 285 1
2117 29 0
2118 440 1
2119 207 1
2120 308 0
2121 31 0
2122 276 1
2123 308 1
2124 280 1
2125 388 1
2126 544 1
2127 159 1
2128 126 1
2129 243 1
2130 66 0
2131 408 0
2132 281 1
2133 401 1
2134 417 1
2135 338 0
2136 188 0
2137 477 1
2138 335 1
2139 397 1
2140 245 0
2141 95 1
2142 0 1
2143 276 1
2144 162 0
2145 363 0
2146 151 1
2147 136 1
2148 212 1
2149 155 0
2150 94 0
2151 303 1
2152 419 1
2153 356 1
2154 14 1
2155 371 1
2156 540 1
2157 550 1
2158 222 0
2159 222 1
2160 293 1
2161 168 0
2162 360 1
2163 377 1
2164 397 0
2165 203 0
2166 28 1
2167 328 0
2168 289 1
2169 149 1
2170 440 1
2171 64 0
2172 542 1
2173 25 0
2174 334 1
2175 150 1
2176 388 0
2177 19 1
2178 178 1
2179 322 1
2180 538 0
2181 14 0
2182 35 0
2183 461 1
2184 529 1
2185 183 0
2186 187 1
2187 399 1
2188 363 0
2189 441 1
2190 227 1
2191 327 0
2192 465 0
2193 366 1
2194 352 0
2195 113 1
2196 216 1
2197 351 0
2198 525 1
2199 131 1
2200 478 0
2201 526 1
2202 9 0
2203 342 1
2204 352 1
2205 73 1
2206 377 0
2207 143 1
2208 248 1
2209 488 1
2210 199 0
2211 439 0
2212 231 1
2213 222 1
2214 51 1
2215 313 1
2216 115 0
2217 143 1
2218 160 0
2219 52 1
2220 271 1
2221 40 0
2222 27 0
2223 493 0
2224 193 1
2225 431 1
2226 531 1
2227 364 1
2228 110 1
2229 520 0
2230 387 1
2231 247 1
2232 68 0
2233 235 1
2234 431 1
2235 242 1
2236 467 0
2237 299 1
2238 520 1
2239 271 1
2240 169 1
2241 109 0
2242 521 1
2243 465 1
2244 506 0
2245 349 1
2246 214 1
2247 397 0
2248 487 1
2249 11 0
2250 422 1
2251 71 1
2252 537 1
2253 332 1
2254 165 1
2255 166 0
2256 253 1
2257 36 1
2258 249 1
2259 409 0
2260 489 1
2261 98 1
2262 302 0
2263 486 1
2264 131 1
2265 211 1
2266 198 0
2267 444 1
2268 154 1
2269 188 1
2270 327 1
2271 208 1
2272 239 0
2273 412 1
2274 301 1
2275 246 1
2276 28 1
2277 441 1
2278 396 1
2279 121 1
2280 372 0
2281 136 1
2282 116 0
2283 254 0
2284 359 1
2285 90 1
2286 406 1
2287 269 1
2288 98 0
2289 81 0
2290 504 1
2291 83 1
2292 174 0
2293 417 1
2294 399 0
2295 153 1
2296 373 1
2297 290 1
2298 424 1
2299 261 0
2300 43 1
2301 418 1
2302 205 1
2303 42 1
2304 371 1
2305 149 0
2306 506 1
2307 410 1
2308 311 0
2309 306 1
2310 314 0
2311 429 1
2312 303 1
2313 179 0
2314 213 0
2315 459 1
2316 346 1
2317 261 1
2318 13 1
2319 355 1
2320 481 1
2321 262 0
2322 291 1
2323 170 0
2324 501 0
2325 260 1
2326 436 1
2327 6 0
2328 358 1
2329 415 1
2330 180 0
2331 382 1
2332 146 0
2333 80 0
2334 448 0
2335 45 1
2336 441 1
2337 420 1
2338 35 0
2339 283 0
2340 15 0
2341 354 0
2342 182 1
2343 193 1
2344 101 0
2345 113 0
2346 484 1
2347 310 1
2348 87 0
2349 290 1
2350 327 0
2351 466 1
2352 251 1
2353 450 1
2354 425 1
2355 378 1
2356 279 1
2357 446 1
2358 95 1
2359 502 0
2360 249 1
2361 533 0
2362 113 0
2363 311 1
2364 235 1
2365 290 0
2366 492 0
2367 280 1
2368 92 1
2369 32 0
2370 411 0
2371 512 1
2372 145 1
2373 100 1
2374 546 1
2375 545 0
2376 274 1
2377 423 1
2378 370 1
2379 142 0
2380 284 0
2381 117 1
2382 191 1
2383 24 1
2384 129 1
2385 355 0
2386 22 1
2387 233 1
2388 220 1
2389 515 1
2390 492 1
2391 456 1
2392 534 1
2393 156 1
2394 8 1
2395 459 1
2396 232 1
2397 126 0
2398 528 1
2399 261 1
2400 314 0
2401 145 0
2402 431 1
2403 58 1
2404 214 0
2405 312 0
2406 529 1
2407 474 1
2408 96 1
2409 363 0
2410 430 0
2411 505 1
2412 400 0
2413 33 0
2414 336 1
2415 479 1
2416 411 0
2417 488 0
2418 505 1
2419 441 1
2420 69 0
2421 373 1
2422 469 0
2423 110 1
2424 426 0
2425 171 1
2426 244 1
2427 412 0
2428 310 0
2429 467 1
2430 294 0
2431 245 1
2432 21 1
2433 549 0
2434 229 1
2435 139 1
2436 193 1
2437 451 0
2438 361 0
2439 230 0
2440 536 1
2441 537 1
2442 79 1
2443 374 1
2444 450 1
2445 483 1
2446 237 1
2447 451 1
2448 410 1
2449 231 1
2450 440 0
2451 492 1
2452 437 0
2453 297 1
2454 453 1
2455 480 1
2456 429 1
2457 111 1
2458 470 1
2459 345 1
2460 275 1
2461 60 1
2462 6 1
2463 272 0
2464 514 1
2465 112 1
2466 429 1
2467 36 0
2468 496 1
2469 60 1
2470 308 1
2471 279 0
2472 8 1
2473 141 1
2474 431 1
2475 347 1
2476 371 1
2477 221 1
2478 421 1
2479 348 1
2480 497 1
2481 393 1
2482 13 1
2483 188 1
2484 264 1
2485 406 1
2486 290 0
2487 259 1
2488 78 1
2489 332 1
2490 441 0
2491 218 0
2492 35 1
2493 191 1
2494 433 1
2495 394 1
2496 501 1
2497 252 1
2498 164 1
2499 524 1
2500 190 1
2501 4 1
2502 11 1
2503 388 1
2504 164 0
2505 154 0
2506 347 0
2507 474 1
2508 367 1
2509 340 0
2510 99 1
2511 127 1
2512 523 0
2513 63 1
2514 321 1
2515 119 0
2516 466 1
2517 492 0
2518 440 1
2519 68 1
2520 548 0
2521 265 1
2522 150 1
2523 227 1
2524 299 0
2525 267 0
2526 358 1
2527 1 1
2528 328 1
2529 18 0
2530 208 0
2531 54 0
2532 314 0
2533 154 0
2534 429 1
2535 306 1
2536 552 1
2537 269 0
2538 205 1
2539 223 1
2540 65 1
2541 458 1
2542 439 1
2543 253 1
2544 79 1
2545 365 1
2546 463 1
2547 517 1
2548 22 1
2549 426 0
2550 394 1
2551 378 1
2552 306 1
2553 152 0
2554 145 1
2555 517 1
2556 420 1
2557 135 1
2558 383 1
2559 76 1
2560 160 1
2561 305 1
2562 415 0
2563 349 1
2564 441 1
2565 337 1
2566 509 1
2567 284 1
2568 310 1
2569 276 1
2570 313 1
2571 166 1
2572 164 0
2573 42 1
2574 244 0
2575 11 0
2576 60 1
2577 529 1
2578 140 1
2579 415 1
2580 102 0
2581 472 1
2582 415 0
2583 430 1
2584 142 1
2585 182 0
2586 447 1
2587 191 1
2588 259 0
2589 214 1
2590 406 1
2591 463 1
2592 43 1
2593 444 1
2594 320 1
2595 320 1
2596 6 1
2597 37 1
2598 498 1
2599 202 1
2600 121 0
2601 97 1
2602 341 0
2603 182 1
2604 523 0
2605 52 1
2606 123 1
2607 344 1
2608 456 1
2609 459 1
2610 96 1
2611 148 1
2612 520 0
2613 78 1
2614 153 1
2615 107 1
2616 165 1
2617 397 1
2618 548 1
2619 1 0
2620 531 0
2621 449 0
2622 70 0
2623 430 1
2624 31 0
2625 251 1
2626 118 0
2627 284 1
2628 139 0
2629 106 1
2630 144 1
2631 121 1
2632 526 1
2633 318 0
2634 154 1
2635 41 1
2636 481 0
2637 342 1
2638 233 0
2639 79 1
2640 57 1
2641 500 1
2642 339 0
2643 368 1
2644 150 1
2645 272 1
2646 189 1
2647 105 1
2648 468 1
2649 185 1
2650 298 0
2651 310 1
2652 218 1
2653 332 0
2654 372 1
2655 271 1
2656 351 1
2657 159 1
2658 504 0
2659 118 1
2660 449 0
2661 450 1
2662 339 0
2663 356 0
2664 534 1
2665 432 0
2666 322 1
2667 60 1
2668 342 1
2669 493 1
2670 412 0
2671 92 1
2672 484 1
2673 403 1
2674 226 1
2675 92 1
2676 466 0
2677 370 0
2678 153 1
2679 62 1
2680 269 1
2681 521 1
2682 238 0
2683 81 0
2684 474 0
2685 297 0
2686 341 1
2687 100 1
2688 195 1
2689 316 1
2690 525 1
2691 100 1
2692 6 1
2693 192 1
2694 199 0
2695 348 1
2696 358 1
2697 62 1
2698 399 0
2699 179 1
2700 273 1
2701 210 1
2702 420 0
2703 441 1
2704 260 0
2705 539 1
2706 168 1
2707 225 0
2708 57 0
2709 334 1
2710 228 1
2711 226 1
2712 2 0
2713 185 1
2714 540 1
2715 223 1
2716 396 1
2717 429 1
2718 244 1
2719 381 1
2720 76 0
2721 291 1
2722 453 1
2723 473 0
2724 490 0
2725 322 1
2726 492 0
2727 306 0
2728 391 1
2729 397 1
2730 412 1
2731 193 0
2732 56 1
2733 74 0
2734 494 1
2735 360 1
2736 269 0
2737 316 0
2738 170 1
2739 289 1
2740 46 0
2741 326 0
2742 161 1
2743 534 0
2744 73 0
2745 486 1
2746 499 1
2747 241 0
2748 250 0
2749 357 1
2750 272 1
2751 263 0
2752 370 1
2753 212 0
2754 371 1
2755 95 1
2756 60 1
2757 457 1
2758 3 1
2759 329 1
2760 317 0
2761 62 1
2762 442 1
2763 374 1
2764 174 1
2765 439 1
2766 450 1
2767 490 1
2768 338 1
2769 255 0
2770 152 0
2771 75 1
2772 328 1
2773 542 0
2774 525 1
2775 515 1
2776 135 1
2777 162 0
2778 381 0
2779 326 1
2780 215 0
2781 5 1
2782 415 0
2783 433 1
2784 145 1
2785 412 1
2786 96 1
2787 65 1
2788 76 1
2789 310 0
2790 534 0
2791 446 1
2792 350 0
2793 302 0
2794 92 1
2795 289 0
2796 287 1
2797 527 1
2798 290 1
2799 459 1
2800 98 1
2801 234 1
2802 414 1
2803 173 1
2804 461 1
2805 40 1
2806 256 1
2807 113 1
2808 96 0
2809 340 1
2810 491 1
2811 549 0
2812 425 1
2813 538 0
2814 485 0
2815 99 1
2816 317 0
2817 333 1
2818 134 0
2819 116 1
2820 491 0
2821 40 1
2822 251 1
2823 356 0
2824 17 1
2825 36 0
2826 274 1
2827 235 0
2828 110 0
2829 362 1
2830 165 0
2831 181 1
2832 243 1
2833 162 1
2834 523 1
2835 528 1
2836 542 1
2837 157 0
2838 224 1
2839 88 1
2840 104 1
2841 196 0
2842 210 1
2843 25 1
2844 207 1
2845 470 1
2846 351 1
2847 410 0
2848 61 0
2849 27 0
2850 351 0
2851 546 0
2852 73 1
2853 81 0
2854 166 1
2855 39 0
2856 347 1
2857 204 1
2858 222 0
2859 378 1
2860 172 1
2861 358 1
2862 449 1
2863 119 1
2864 289 1
2865 42 0
2866 204 0
2867 482 0
2868 294 1
2869 129 0
2870 234 1
2871 286 0
2872 511 0
2873 87 1
2874 274 0
2875 166 1
2876 316 1
2877 471 0
2878 294 1
2879 223 0
2880 293 0
2881 118 1
2882 409 1
2883 329 0
2884 165 0
2885 112 1
2886 127 1
2887 536 1
2888 389 0
2889 320 0
2890 90 0
2891 58 1
2892 12 1
2893 66 0
2894 177 1
2895 391 1
2896 110 1
2897 414 0
2898 111 1
2899 117 1
2900 203 1
2901 177 1
2902 128 1
2903 523 0
2904 284 0
2905 182 1
2906 278 1
2907 337 1
2908 380 1
2909 153 1
2910 248 0
2911 474 1
2912 2 1
2913 325 1
2914 80 0
2915 498 1
2916 226 1
2917 168 0
2918 337 1
2919 426 0
2920 483 0
2921 53 0
2922 459 1
2923 55 1
2924 294 1
2925 344 1
2926 199 1
2927 349 1
2928 155 1
2929 423 0
2930 119 1
2931 73 1
2932 545 1
2933 201 1
2934 433 1
2935 8 0
2936 292 1
2937 74 0
2938 505 1
2939 538 0
2940 391 1
2941 290 1
2942 95 0
2943 347 0
2944 316 1
2945 94 1
2946 140 1
2947 281 1
2948 516 1
2949 72 1
2950 166 1
2951 262 0
2952 195 1
2953 158 1
2954 519 0
2955 447 0
2956 473 1
2957 448 1
2958 379 0
2959 428 1
2960 14 0
2961 78 1
2962 191 1
2963 396 1
2964 397 1
2965 106 1
2966 49 0
2967 523 1
2968 259 1
2969 499 0
2970 325 1
2971 137 1
2972 133 1
2973 369 0
2974 329 1
2975 156 1
2976 267 1
2977 54 1
2978 96 1
2979 222 1
2980 473 1
2981 59 1
2982 198 1
2983 267 0
2984 265 1
2985 238 1
2986 161 0
2987 337 1
2988 462 1
2989 309 1
2990 505 1
2991 138 1
2992 147 1
2993 233 1
2994 197 1
2995 346 1
2996 284 0
2997 140 1
2998 542 1
2999 495 1
3000 175 1
3001 345 0
3002 2 1
3003 132 0
3004 390 1
3005 259 1
3006 354 1
3007 9 1
3008 90 0
3009 354 1
3010 198 1
3011 458 0
3012 53 1
3013 466 0
3014 7 0
3015 404 1
3016 89 1
3017 19 1
3018 380 0
3019 111 1
3020 94 1
3021 7 1
3022 268 1
3023 505 0
3024 366 1
3025 200 1
3026 453 0
3027 48 0
3028 258 0
3029 103 0
3030 477 1
3031 2 1
3032 150 0
3033 213 0
3034 282 0
3035 249 1
3036 196 1
3037 326 1
3038 434 1
3039 324 1
3040 31 1
3041 366 1
3042 185 1
3043 545 1
3044 430 1
3045 264 0
3046 49 1
3047 422 1
3048 396 1
3049 285 0
3050 406 0
3051 3 0
3052 345 0
3053 15 1
3054 54 1
3055 28 1
3056 364 0
3057 124 1
3058 309 1
3059 494 0
3060 265 1
3061 42 1
3062 525 1
3063 68 1
3064 47 1
3065 494 1
3066 442 1
3067 58 1
3068 327 1
3069 15 0
3070 466 1
3071 21 0
3072 437 1
3073 274 1
3074 369 1
3075 488 1
3076 474 0
3077 449 1
3078 495 1
3079 316 1
3080 372 0
3081 551 1
3082 310 1
3083 51 0
3084 183 0
3085 21 0
3086 164 0
3087 373 0
3088 296 0
3089 351 0
3090 417 0
3091 248 1
3092 318 1
3093 340 1
3094 218 1
3095 358 0
3096 469 0
3097 407 1
3098 466 1
3099 366 1
3100 27 0
3101 192 1
3102 538 1
3103 348 0
3104 215 1
3105 449 0
3106 487 0
3107 526 1
3108 397 1
3109 13 1
3110 470 0
3111 208 1
3112 228 1
3113 169 0
3114 22 0
3115 291 0
3116 477 0
3117 295 1
3118 550 1
3119 192 0
3120 291 1
3121 345 0
3122 340 1
3123 531 1
3124 132 1
3125 355 1
3126 417 0
3127 545 0
3128 127 0
3129 342 1
3130 251 0
3131 253 0
3132 65 0
3133 85 0
3134 193 0
3135 328 1
3136 473 1
3137 210 0
3138 547 1
3139 1 1
3140 234 0
3141 284 1
3142 475 0
3143 244 1
3144 545 0
3145 252 0
3146 168 1
3147 473 1
3148 1 1
3149 295 0
3150 391 1
3151 180 0
3152 352 1
3153 127 1
3154 80 1
3155 28 0
3156 539 1
3157 466 1
3158 144 1
3159 11 0
3160 245 1
3161 488 1
3162 216 1
3163 93 1
3164 467 1
3165 21 1
3166 67 1
3167 118 1
3168 94 1
3169 321 1
3170 374 1
3171 44 1
3172 163 1
3173 376 1
3174 115 1
3175 551 1
3176 151 1
3177 329 1
3178 341 1
3179 194 1
3180 420 1
3181 8 1
3182 417 1
3183 463 0
3184 426 0
3185 295 1
3186 28 1
3187 162 1
3188 296 1
3189 552 0
3190 480 1
3191 382 0
3192 538 0
3193 500 0
3194 82 1
3195 83 0
3196 356 0
3197 546 0
3198 326 1
3199 341 1
3200 134 1
3201 1 0
3202 476 1
3203 461 0
3204 256 1
3205 187 1
3206 13 0
3207 262 0
3208 228 1
3209 432 1
3210 350 1
3211 369 1
3212 163 1
3213 482 1
3214 319 1
3215 244 1
3216 408 1
3217 171 1
3218 463 1
3219 53 0
3220 41 0
3221 350 1
3222 364 0
3223 160 0
3224 322 0
3225 404 0
3226 56 0
3227 380 1
3228 83 1
3229 264 1
3230 136 1
3231 411 1
3232 254 0
3233 431 0
3234 162 0
3235 385 1
3236 279 1
3237 365 1
3238 349 0
3239 184 1
3240 12 0
3241 345 0
3242 364 0
3243 342 0
3244 37 1
3245 405 0
3246 62 0
3247 273 1
3248 346 1
3249 535 0
3250 137 1
3251 267 1
3252 50 1
3253 62 0
3254 106 1
3255 18 1
3256 335 0
3257 294 1
3258 36 0
3259 95 0
3260 190 0
3261 355 1
3262 264 1
3263 70 0
3264 227 0
3265 66 0
3266 473 1
3267 335 1
3268 467 0
3269 477 1
3270 144 0
3271 192 1
3272 413 1
3273 127 1
3274 71 1
3275 78 1
3276 223 1
3277 15 1
3278 10 1
3279 45 0
3280 191 1
3281 210 0
3282 499 0
3283 189 0
3284 498 1
3285 487 0
3286 163 0
3287 71 0
3288 114 0
3289 27 1
3290 421 1
3291 1 0
3292 95 0
3293 80 0
3294 209 0
3295 451 0
3296 291 1
3297 12 0
3298 209 1
3299 152 1
3300 422 0
3301 299 0
3302 267 0
3303 163 1
3304 15 1
3305 175 1
3306 405 1
3307 83 0
3308 301 1
3309 106 0
3310 288 1
3311 412 0
3312 221 0
3313 265 1
3314 181 1
3315 86 1
3316 59 0
3317 191 1
3318 256 1
3319 263 1
3320 47 1
3321 317 1
3322 171 1
3323 453 1
3324 10 1
3325 430 0
3326 119 1
3327 326 1
3328 216 1
3329 325 0
3330 64 1
3331 502 1
3332 352 0
3333 505 1
3334 550 0
3335 490 1
3336 209 0
3337 550 1
3338 102 1
3339 354 1
3340 456 0
3341 465 1
3342 22 0
3343 470 1
3344 438 1
3345 191 1
3346 210 1
3347 74 0
3348 335 0
3349 227 0
3350 349 1
3351 484 0
3352 419 0
3353 440 1
3354 378 0
3355 134 1
3356 527 1
3357 466 0
3358 393 0
3359 343 1
3360 182 1
3361 229 1
3362 175 1
3363 509 1
3364 437 0
3365 398 1
3366 402 1
3367 293 1
3368 312 1
3369 344 0
3370 476 1
3371 528 1
3372 81 1
3373 2 1
3374 326 1
3375 254 1
3376 326 1
3377 401 1
3378 341 1
3379 513 1
3380 43 1
3381 459 1
3382 244 1
3383 215 1
3384 434 0
3385 195 0
3386 539 1
3387 363 1
3388 167 0
3389 43 1
3390 211 1
3391 503 1
3392 282 0
3393 41 1
3394 264 0
3395 296 0
3396 468 1
3397 254 1
3398 509 0
3399 217 1
3400 30 1
3401 304 1
3402 138 0
3403 138 0
3404 35 1
3405 299 0
3406 533 1
3407 339 1
3408 156 1
3409 332 1
3410 435 1
3411 229 0
3412 385 1
3413 65 1
3414 507 1
3415 288 1
3416 250 1
3417 55 0
3418 315 1
3419 248 1
3420 429 1
3421 152 0
3422 352 1
3423 172 1
3424 372 1
3425 429 0
3426 135 1
3427 214 0
3428 89 1
3429 364 1
3430 117 0
3431 82 0
3432 246 1
3433 310 1
3434 439 0
3435 413 0
3436 54 1
3437 226 0
3438 58 1
3439 415 1
3440 459 1
3441 293 1
3442 451 0
3443 63 1
3444 289 0
3445 139 1
3446 81 1
3447 275 1
3448 466 1
3449 444 0
3450 92 1
3451 170 1
3452 424 0
3453 53 1
3454 350 1
3455 467 1
3456 260 1
3457 352 1
3458 216 1
3459 254 1
3460 398 0
3461 467 1
3462 115 1
3463 362 1
3464 329 0
3465 435 1
3466 112 1
3467 122 0
3468 4 0
3469 74 1
3470 198 1
3471 112 1
3472 249 1
3473 172 1
3474 380 1
3475 27 1
3476 320 1
3477 206 1
3478 292 1
3479 19 0
3480 376 0
3481 45 1
3482 62 1
3483 26 1
3484 451 0
3485 474 0
3486 142 0
3487 57 0
3488 52 1
3489 466 1
3490 211 1
3491 105 1
3492 543 0
3493 522 1
3494 434 1
3495 406 0
3496 51 1
3497 246 1
3498 174 0
3499 287 1
3500 480 0
3501 170 1
3502 350 0
3503 70 1
3504 65 1
3505 337 1
3506 531 1
3507 363 1
3508 309 1
3509 306 1
3510 428 1
3511 502 0
3512 111 1
3513 94 1
3514 23 1
3515 413 1
3516 145 1
3517 128 0
3518 419 1
3519 400 1
3520 235 1
3521 262 1
3522 127 1
3523 237 0
3524 458 1
3525 128 1
3526 203 1
3527 367 0
3528 326 1
3529 155 1
3530 398 1
3531 354 0
3532 207 1
3533 486 1
3534 181 0
3535 59 1
3536 18 1
3537 131 1
3538 501 0
3539 29 1
3540 466 1
3541 348 0
3542 288 0
3543 539 0
3544 125 0
3545 411 0
3546 265 0
3547 14 1
3548 195 1
3549 47 0
3550 389 1
3551 348 0
3552 535 1
3553 1 1
3554 403 1
3555 444 0
3556 296 1
3557 487 1
3558 401 0
3559 147 1
3560 115 0
3561 51 0
3562 272 1
3563 354 0
3564 122 1
3565 453 1
3566 8 1
3567 366 1
3568 229 1
3569 473 1
3570 506 0
3571 449 1
3572 50 1
3573 334 1
3574 303 1
3575 533 1
3576 542 1
3577 300 0
3578 205 1
3579 338 0
3580 3 1
3581 286 1
3582 541 0
3583 1 0
3584 22 1
3585 350 1
3586 393 1
3587 278 1
3588 131 1
3589 450 0
3590 42 1
3591 355 1
3592 16 0
3593 401 0
3594 312 1
3595 50 1
3596 479 1
3597 327 1
3598 490 1
3599 186 1
3600 304 1
3601 541 0
3602 285 1
3603 143 1
3604 433 1
3605 352 0
3606 524 1
3607 62 1
3608 419 0
3609 317 1
3610 205 0
3611 547 1
3612 205 1
3613 154 1
3614 151 0
3615 155 1
3616 379 1
3617 154 0
3618 463 0
3619 82 1
3620 337 1
3621 375 1
3622 198 1
3623 458 1
3624 456 0
3625 296 1
3626 91 0
3627 347 1
3628 59 1
3629 493 1
3630 344 1
3631 220 0
3632 347 1
3633 443 1
3634 173 1
3635 157 0
3636 515 0
3637 428 1
3638 470 1
3639 333 1
3640 57 1
3641 36 0
3642 368 1
3643 0 1
3644 387 1
3645 247 1
3646 199 1
3647 510 1
3648 343 1
3649 359 1
3650 480 1
3651 30 0
3652 50 1
3653 159 1
3654 293 1
3655 449 1
3656 70 1
3657 53 1
3658 371 1
3659 475 0
3660 157 1
3661 491 0
3662 137 1
3663 403 1
3664 349 1
3665 499 1
3666 227 1
3667 274 1
3668 488 1
3669 300 1
3670 481 1
3671 79 1
3672 183 0
3673 545 0
3674 295 0
3675 206 1
3676 137 1
3677 309 1
3678 93 1
3679 256 0
3680 423 1
3681 274 1
3682 286 0
3683 430 0
3684 537 1
3685 450 1
3686 427 1
3687 18 0
3688 218 0
3689 113 0
3690 531 1
3691 466 1
3692 19 0
3693 498 1
3694 435 0
3695 110 1
3696 512 1
3697 458 1
3698 542 1
3699 521 1
3700 13 1
3701 546 1
3702 504 1
3703 53 0
3704 76 0
3705 183 0
3706 42 0
3707 278 0
3708 372 0
3709 282 1
3710 532 1
3711 7 1
3712 332 1
3713 238 1
3714 247 1
3715 348 1
3716 234 1
3717 310 1
3718 407 1
3719 408 1
3720 85 1
3721 38 0
3722 188 0
3723 189 1
3724 94 0
3725 262 1
3726 365 0
3727 66 1
3728 236 1
3729 21 1
3730 120 1
3731 299 1
3732 266 1
3733 540 0
3734 527 0
3735 104 1
3736 542 0
3737 187 0
3738 14 0
3739 239 1
3740 403 0
3741 183 1
3742 271 1
3743 468 1
3744 109 1
3745 546 1
3746 415 1
3747 30 1
3748 456 0
3749 303 0
3750 22 1
3751 490 1
3752 51 0
3753 242 0
3754 2 0
3755 229 1
3756 429 1
3757 122 1
3758 216 1
3759 210 0
3760 82 1
3761 109 1
3762 549 1
3763 127 1
3764 265 1
3765 330 1
3766 338 1
3767 352 1
3768 446 1
3769 510 0
3770 523 1
3771 409 1
3772 153 1
3773 157 0
3774 124 1
3775 250 1
3776 72 1
3777 205 1
3778 0 0
3779 22 1
3780 263 1
3781 108 1
3782 174 0
3783 546 1
3784 4 0
3785 72 0
3786 244 0
3787 482 1
3788 15 1
3789 268 0
3790 508 0
3791 399 1
3792 378 0
3793 95 0
3794 491 1
3795 200 0
3796 24 1
3797 412 1
3798 270 1
3799 321 1
3800 410 1
3801 357 1
3802 375 0
3803 0 1
3804 427 1
3805 30 1
3806 287 1
3807 409 1
3808 90 0
3809 46 0
3810 177 0
3811 338 1
3812 2 1
3813 454 1
3814 104 1
3815 102 1
3816 116 1
3817 116 1
3818 246 1
3819 383 0
3820 492 0
3821 3 1
3822 453 1
3823 447 1
3824 472 1
3825 73 1
3826 187 0
3827 405 1
3828 110 1
3829 70 1
3830 30 1
3831 229 0
3832 132 0
3833 140 1
3834 17 1
3835 0 0
3836 492 1
3837 291 0
3838 416 1
3839 437 1
3840 180 1
3841 539 1
3842 423 1
3843 111 1
3844 200 1
3845 249 0
3846 408 1
3847 377 1
3848 380 1
3849 366 1
3850 542 1
3851 408 1
3852 425 1
3853 429 1
3854 386 1
3855 179 1
3856 324 0
3857 488 0
3858 58 1
3859 284 0
3860 282 1
3861 489 0
3862 14 1
3863 178 1
3864 386 1
3865 293 0
3866 467 1
3867 411 0
3868 403 1
3869 128 1
3870 155 1
3871 304 1
3872 527 1
3873 230 1
3874 340 0
3875 291 0
3876 49 0
3877 314 1
3878 95 0
3879 458 1
3880 40 1
3881 357 1
3882 401 0
3883 347 1
3884 58 1
3885 542 1
3886 284 1
3887 249 1
3888 89 1
3889 344 1
3890 548 1
3891 108 0
3892 417 0
3893 162 1
3894 470 1
3895 495 0
3896 374 0
3897 19 1
3898 17 1
3899 29 1
3900 397 0
3901 397 0
3902 420 0
3903 494 0
3904 73 0
3905 548 1
3906 476 0
3907 275 0
3908 80 1
3909 354 1
3910 60 1
3911 63 1
3912 98 1
3913 212 0
3914 4 0
3915 352 1
3916 368 1
3917 84 1
3918 344 1
3919 354 0
3920 419 1
3921 41 1
3922 506 1
3923 183 1
3924 255 0
3925 85 0
3926 336 1
3927 305 0
3928 286 1
3929 158 0
3930 314 1
3931 193 1
3932 154 0
3933 419 1
3934 411 1
3935 418 1
3936 70 1
3937 174 1
3938 331 0
3939 164 1
3940 450 0
3941 456 1
3942 507 1
3943 222 1
3944 228 1
3945 31 1
3946 338 1
3947 173 1
3948 57 1
3949 492 0
3950 367 1
3951 300 1
3952 372 1
3953 15 1
3954 332 1
3955 291 0
3956 537 1
3957 517 1
3958 457 1
3959 286 1
3960 68 1
3961 230 1
3962 97 1
3963 400 1
3964 550 1
3965 177 1
3966 252 1
3967 302 1
3968 452 0
3969 329 1
3970 550 1
3971 17 0
3972 369 0
3973 28 0
3974 276 1
3975 460 1
3976 134 1
3977 252 1
3978 95 1
3979 440 0
3980 547 0
3981 456 0
3982 43 1
3983 425 1
3984 23 1
3985 336 1
3986 322 0
3987 111 1
3988 443 0
3989 466 1
3990 508 0
3991 511 1
3992 66 0
3993 321 1
3994 418 0
3995 254 1
3996 326 1
3997 105 1
3998 471 1
3999 474 0
4000 232 1
4001 125 1
4002 112 0
4003 248 1
4004 483 0
4005 168 1
4006 90 1
4007 528 0
4008 500 1
4009 427 1
4010 59 1
4011 225 0
4012 448 1
4013 364 1
4014 416 1
4015 417 1
4016 543 0
4017 259 1
4018 279 0
4019 158 1
4020 223 1
4021 95 1
4022 8 1
4023 26 0
4024 475 1
4025 375 1
4026 136 0
4027 530 0
4028 485 0
4029 453 1
4030 74 1
4031 552 1
4032 306 0
4033 220 1
4034 266 0
4035 295 1
4036 259 1
4037 304 1
4038 17 1
4039 331 1
4040 392 1
4041 29 0
4042 254 0
4043 116 0
4044 348 1
4045 36 0
4046 387 1
4047 41 0
4048 293 1
4049 280 1
4050 194 0
4051 550 0
4052 467 1
4053 276 1
4054 241 1
4055 478 0
4056 262 0
4057 164 1
4058 15 1
4059 205 1
4060 350 1
4061 340 1
4062 277 1
4063 486 1
4064 143 0
4065 132 1
4066 236 1
4067 291 0
4068 39 1
4069 136 0
4070 124 1
4071 469 0
4072 69 1
4073 404 0
4074 415 0
4075 2 0
4076 298 1
4077 6 1
4078 170 0
4079 201 1
4080 153 1
4081 151 1
4082 17 1
4083 94 1
4084 512 0
4085 445 1
4086 399 0
4087 469 1
4088 496 1
4089 108 1
4090 431 1
4091 125 0
4092 8 0
4093 306 0
4094 125 0
4095 47 1
4096 342 1
4097 222 1
4098 143 1
4099 525 1
4100 102 0
4101 185 1
4102 334 0
4103 525 0
4104 530 1
4105 190 0
4106 300 1
4107 86 1
4108 2 1
4109 541 1
4110 402 0
4111 459 0
4112 289 1
4113 106 0
4114 552 1
4115 35 0
4116 51 0
4117 158 1
4118 429 1
4119 217 0
4120 265 1
4121 317 1
4122 277 0
4123 375 1
4124 297 1
4125 460 1
4126 453 1
4127 446 1
4128 548 1
4129 122 0
4130 186 1
4131 150 0
4132 431 1
4133 177 1
4134 439 1
4135 216 1
4136 302 1
4137 272 0
4138 491 0
4139 360 0
4140 12 1
4141 490 1
4142 81 1
4143 210 1
4144 491 0
4145 125 1
4146 544 0
4147 469 1
4148 85 1
4149 232 0
4150 42 0
4151 231 1
4152 536 1
4153 478 0
4154 152 1
4155 265 1
4156 54 1
4157 185 1
4158 141 1
4159 373 1
4160 230 0
4161 311 1
4162 276 1
4163 91 1
4164 482 1
4165 387 1
4166 326 0
4167 477 0
4168 123 1
4169 285 1
4170 243 1
4171 547 0
4172 308 1
4173 540 0
4174 77 1
4175 84 1
4176 361 1
4177 528 1
4178 232 0
4179 499 0
4180 552 1
4181 241 1
4182 7 1
4183 136 0
4184 70 0
4185 513 1
4186 527 1
4187 112 1
4188 189 1
4189 287 0
4190 15 1
4191 20 1
4192 323 1
4193 15 0
4194 224 0
4195 272 0
4196 403 1
4197 550 0
4198 235 1
4199 42 1
4200 110 1
4201 119 0
4202 511 0
4203 420 1
4204 439 1
4205 467 0
4206 82 1
4207 332 1
4208 91 1
4209 515 1
4210 417 1
4211 41 1
4212 358 1
4213 180 0
4214 279 0
4215 399 1
4216 279 1
4217 527 1
4218 251 1
4219 492 1
4220 105 0
4221 92 1
4222 448 1
4223 93 1
4224 327 1
4225 357 0
4226 398 1
4227 459 1
4228 490 1
4229 243 0
4230 363 1
4231 161 0
4232 109 0
4233 435 1
4234 85 1
4235 551 1
4236 282 1
4237 431 0
4238 70 0
4239 218 0
4240 135 1
4241 35 0
4242 420 1
4243 238 1
4244 136 1
4245 183 1
4246 126 0
4247 144 1
4248 533 1
4249 96 0
4250 454 0
4251 364 0
4252 292 0
4253 361 1
4254 322 1
4255 260 0
4256 49 1
4257 492 1
4258 346 1
4259 436 0
4260 159 1
4261 38 0
4262 464 1
4263 75 1
4264 262 1
4265 65 1
4266 373 1
4267 401 1
4268 228 0
4269 529 1
4270 289 0
4271 10 1
4272 88 1
4273 417 1
4274 180 1
4275 471 1
4276 420 1
4277 180 1
4278 192 1
4279 276 1
4280 481 1
4281 173 1
4282 327 1
4283 522 0
4284 284 0
4285 161 0
4286 291 0
4287 467 0
4288 174 1
4289 314 1
4290 78 1
4291 195 1
4292 243 1
4293 330 1
4294 131 1
4295 445 0
4296 503 0
4297 415 0
4298 194 1
4299 441 1
4300 384 1
4301 552 0
4302 275 0
4303 2 1
4304 244 1
4305 251 1
4306 104 1
4307 375 1
4308 322 1
4309 337 0
4310 314 1
4311 14 1
4312 402 1
4313 97 1
4314 315 0
4315 22 1
4316 89 1
4317 377 0
4318 542 1
4319 262 1
4320 251 1
4321 111 0
4322 515 1
4323 203 1
4324 140 1
4325 293 1
4326 271 1
4327 220 1
4328 238 0
4329 218 1
4330 410 0
4331 255 1
4332 316 1
4333 312 0
4334 512 1
4335 41 0
4336 89 1
4337 66 0
4338 140 0
4339 444 1
4340 365 1
4341 236 1
4342 492 0
4343 257 1
4344 382 1
4345 286 1
4346 217 1
4347 187 1
4348 121 1
4349 286 0
4350 75 0
4351 345 1
4352 534 1
4353 324 1
4354 236 0
4355 456 1
4356 399 0
4357 185 1
4358 205 1
4359 72 1
4360 473 0
4361 275 1
4362 347 0
4363 118 1
4364 516 1
4365 50 1
4366 287 0
4367 256 1
4368 417 1
4369 389 0
4370 296 0
4371 257 1
4372 541 1
4373 37 1
4374 440 1
4375 228 0
4376 521 1
4377 552 0
4378 520 1
4379 339 0
4380 131 1
4381 22 1
4382 340 1
4383 133 1
4384 414 1
4385 413 0
4386 424 1
4387 409 0
4388 60 1
4389 107 1
4390 56 0
4391 417 1
4392 394 0
4393 448 1
4394 143 1
4395 346 1
4396 178 1
4397 139 1
4398 202 0
4399 278 1
4400 403 0
4401 330 1
4402 309 1
4403 188 1
4404 133 1
4405 426 1
4406 132 1
4407 321 1
4408 261 1
4409 388 1
4410 59 1
4411 179 0
4412 51 1
4413 312 1
4414 199 1
4415 371 0
4416 284 0
4417 379 0
4418 388 0
4419 518 0
4420 364 1
4421 265 1
4422 236 1
4423 24 0
4424 412 1
4425 457 1
4426 41 1
4427 211 0
4428 510 0
4429 345 0
4430 115 0
4431 261 1
4432 366 1
4433 548 0
4434 209 1
4435 224 1
4436 406 0
4437 125 1
4438 79 0
4439 142 0
4440 9 1
4441 518 0
4442 185 0
4443 196 0
4444 254 0
4445 353 1
4446 260 1
4447 270 0
4448 256 0
4449 330 1
4450 280 1
4451 41 0
4452 100 0
4453 276 1
4454 370 1
4455 226 1
4456 520 1
4457 483 1
4458 422 1
4459 402 0
4460 169 0
4461 547 1
4462 318 1
4463 503 1
4464 85 0
4465 43 1
4466 444 1
4467 552 0
4468 359 1
4469 225 1
4470 250 0
4471 57 1
4472 143 1
4473 531 1
4474 114 0
4475 136 1
4476 84 1
4477 160 1
4478 503 1
4479 533 0
4480 0 0
4481 455 0
4482 215 1
4483 435 1
4484 286 0
4485 253 0
4486 59 0
4487 308 1
4488 352 1
4489 269 1
4490 167 1
4491 251 1
4492 91 1
4493 156 1
4494 77 0
4495 131 0
4496 213 0
4497 22 0
4498 543 1
4499 5 1
4500 66 1
4501 313 1
4502 124 0
4503 436 0
4504 462 1
4505 498 1
4506 113 0
4507 328 1
4508 163 1
4509 300 1
4510 121 1
4511 425 1
4512 519 1
4513 318 1
4514 406 0
4515 286 1
4516 83 1
4517 152 0
4518 276 1
4519 184 0
4520 297 1
4521 316 0
4522 381 1
4523 116 0
4524 77 1
4525 340 1
4526 402 1
4527 88 1
4528 107 1
4529 379 1
4530 176 0
4531 540 0
4532 321 1
4533 21 1
4534 283 0
4535 338 1
4536 390 0
4537 546 0
4538 247 1
4539 263 0
4540 26 1
4541 77 0
4542 317 1
4543 298 1
4544 126 1
4545 492 0
4546 400 1
4547 117 1
4548 173 0
4549 267 0
4550 399 1
4551 93 0
4552 208 1
4553 508 0
4554 195 1
4555 334 1
4556 323 1
4557 205 1
4558 132 0
4559 66 1
4560 129 1
4561 63 0
4562 538 1
4563 199 0
4564 373 1
4565 224 1
4566 74 1
4567 509 1
4568 404 1
4569 293 1
4570 184 0
4571 376 0
4572 541 0
4573 149 0
4574 33 0
4575 379 1
4576 274 1
4577 247 1
4578 124 1
4579 525 1
4580 521 1
4581 164 1
4582 16 0
4583 434 0
4584 86 1
4585 22 0
4586 249 1
4587 386 1
4588 535 1
4589 412 0
4590 305 0
4591 286 1
4592 182 0
4593 393 0
4594 35 1
4595 304 1
4596 63 0
4597 100 1
4598 90 0
4599 1 0
4600 210 1
4601 1 0
4602 476 1
4603 252 1
4604 477 1
4605 29 0
4606 403 1
4607 309 1
4608 403 0
4609 392 0
4610 15 1
4611 550 0
4612 167 0
4613 212 0
4614 133 1
4615 541 1
4616 345 1
4617 357 0
4618 484 1
4619 282 0
4620 221 1
4621 138 1
4622 128 0
4623 158 1
4624 97 0
4625 525 0
4626 196 0
4627 246 0
4628 121 1
4629 122 1
4630 281 1
4631 152 0
4632 208 0
4633 449 0
4634 67 0
4635 49 0
4636 491 1
4637 414 1
4638 136 0
4639 153 0
4640 72 1
4641 454 0
4642 203 1
4643 186 0
4644 161 1
4645 187 1
4646 527 1
4647 70 1
4648 404 1
4649 375 1
4650 145 1
4651 314 1
4652 59 0
4653 312 0
4654 250 1
4655 536 1
4656 146 1
4657 199 1
4658 86 1
4659 283 1
4660 249 1
4661 244 1
4662 311 1
4663 513 1
4664 335 1
4665 188 1
4666 261 1
4667 119 1
4668 126 1
4669 124 1
4670 397 1
4671 253 0
4672 46 0
4673 503 1
4674 392 0
4675 488 1
4676 259 0
4677 419 0
4678 548 0
4679 288 1
4680 324 1
4681 366 1
4682 427 0
4683 460 1
4684 471 0
4685 538 0
4686 192 1
4687 414 1
4688 245 1
4689 426 1
4690 207 0
4691 227 1
4692 42 1
4693 538 0
4694 82 0
4695 476 1
4696 252 1
4697 492 1
4698 329 0
4699 234 1
4700 484 1
4701 64 1
4702 12 0
4703 470 1
4704 452 1
4705 341 1
4706 260 0
4707 73 0
4708 271 1
4709 448 0
4710 387 1
4711 206 1
4712 216 0
4713 320 0
4714 45 1
4715 294 0
4716 328 0
4717 207 1
4718 392 1
4719 44 0
4720 23 1
4721 397 1
4722 509 1
4723 87 1
4724 84 1
4725 81 0
4726 462 1
4727 112 1
4728 486 0
4729 173 1
4730 487 1
4731 8 1
4732 273 1
4733 103 1
4734 448 0
4735 457 0
4736 34 1
4737 256 1
4738 326 0
4739 325 1
4740 434 1
4741 383 1
4742 140 1
4743 523 1
4744 483 0
4745 105 0
4746 58 1
4747 181 0
4748 382 1
4749 551 1
4750 486 1
4751 305 1
4752 311 1
4753 65 0
4754 460 0
4755 50 1
4756 243 1
4757 185 1
4758 485 1
4759 11 1
4760 353 1
4761 334 0
4762 283 1
4763 351 1
4764 302 0
4765 499 1
4766 359 1
4767 311 1
4768 367 0
4769 310 1
4770 268 1
4771 170 1
4772 295 0
4773 450 1
4774 67 1
4775 90 1
4776 133 1
4777 387 1
4778 441 1
4779 84 1
4780 36 1
4781 534 0
4782 389 1
4783 14 1
4784 115 1
4785 33 1
4786 131 1
4787 450 1
4788 115 1
4789 101 1
4790 417 0
4791 103 1
4792 117 1
4793 468 1
4794 177 0
4795 250 0
4796 138 1
4797 109 1
4798 24 0
4799 286 0
4800 447 1
4801 78 1
4802 79 0
4803 507 1
4804 376 1
4805 430 0
4806 355 1
4807 292 0
4808 26 1
4809 531 1
4810 314 1
4811 524 1
4812 513 1
4813 535 0
4814 258 1
4815 178 1
4816 89 1
4817 286 1
4818 285 1
4819 416 1
4820 458 0
4821 456 1
4822 382 1
4823 233 1
4824 510 1
4825 166 1
4826 494 1
4827 225 0
4828 271 1
4829 547 1
4830 476 0
4831 237 1
4832 536 0
4833 289 1
4834 319 1
4835 484 1
4836 1 1
4837 484 1
4838 138 1
4839 292 1
4840 483 0
4841 367 1
4842 96 1
4843 434 0
4844 247 1
4845 452 1
4846 155 1
4847 345 0
4848 160 0
4849 460 0
4850 341 1
4851 204 1
4852 279 1
4853 172 1
4854 407 1
4855 14 1
4856 477 1
4857 317 1
4858 475 0
4859 442 1
4860 127 1
4861 502 1
4862 531 1
4863 474 1
4864 429 1
4865 173 1
4866 273 1
4867 7 1
4868 14 0
4869 471 1
4870 199 1
4871 314 1
4872 422 0
4873 198 0
4874 331 1
4875 69 0
4876 536 1
4877 296 0
4878 313 0
4879 208 1
4880 100 1
4881 408 1
4882 259 1
4883 428 1
4884 150 1
4885 250 1
4886 387 1
4887 29 0
4888 198 1
4889 101 1
4890 369 1
4891 544 0
4892 244 1
4893 422 1
4894 6 0
4895 248 0
4896 13 0
4897 481 0
4898 128 1
4899 47 1
4900 257 1
4901 129 1
4902 470 0
4903 401 0
4904 440 0
4905 147 0
4906 175 1
4907 163 0
4908 479 1
4909 531 0
4910 217 1
4911 40 1
4912 492 1
4913 4 0
4914 432 0
4915 346 0
4916 510 1
4917 336 1
4918 189 1
4919 44 1
4920 188 0
4921 440 1
4922 383 1
4923 337 0
4924 137 1
4925 297 1
4926 98 1
4927 140 1
4928 467 0
4929 159 0
4930 249 1
4931 37 0
4932 535 1
4933 134 1
4934 5 1
4935 355 0
4936 424 1
4937 166 1
4938 293 1
4939 120 1
4940 374 1
4941 393 1
4942 309 1
4943 65 1
4944 178 1
4945 124 1
4946 230 1
4947 188 0
4948 535 1
4949 546 1
4950 3 0
4951 342 1
4952 38 1
4953 291 1
4954 513 1
4955 316 1
4956 383 1
4957 308 0
4958 191 0
4959 470 1
4960 98 1
4961 298 0
4962 203 1
4963 149 1
4964 310 1
4965 280 0
4966 491 1
4967 350 0
4968 79 1
4969 361 0
4970 500 0
4971 373 0
4972 388 1
4973 524 0
4974 56 0
4975 450 1
4976 537 0
4977 37 1
4978 236 1
4979 426 1
4980 383 0
4981 469 1
4982 330 1
4983 351 1
4984 355 1
4985 448 1
4986 391 1
4987 187 1
4988 505 1
4989 307 1
4990 155 0
4991 217 1
4992 453 0
4993 380 1
4994 496 1
4995 239 1
4996 15 1
4997 149 0
4998 422 1
4999 256 1
5000 161 1
5001 81 1
5002 528 0
5003 280 1
5004 535 1
5005 544 0
5006 293 1
5007 330 1
5008 517 1
5009 439 1
5010 518 1
5011 342 0
5012 334 1
5013 379 1
5014 492 1
5015 535 0
5016 288 0
5017 208 0
5018 494 1
5019 299 1
5020 24 1
5021 168 1
5022 0 1
5023 67 1
5024 210 0
5025 34 0
5026 186 1
5027 209 1
5028 314 1
5029 279 0
5030 226 1
5031 462 1
5032 487 0
5033 332 0
5034 106 1
5035 405 0
5036 423 1
5037 4 0
5038 19 1
5039 496 0
5040 132 1
5041 512 1
5042 407 1
5043 339 1
5044 311 0
5045 475 0
5046 381 0
5047 53 1
5048 501 1
5049 244 1
5050 519 0
5051 294 0
5052 170 1
5053 368 1
5054 477 1
5055 526 1
5056 396 0
5057 374 1
5058 154 1
5059 472 0
5060 280 1
5061 5 1
5062 280 0
5063 531 0
5064 498 1
5065 391 1
5066 426 1
5067 463 1
5068 538 0
5069 340 1
5070 144 1
5071 518 1
5072 299 0
5073 345 1
5074 1 1
5075 419 1
5076 159 1
5077 497 1
5078 537 1
5079 223 1
5080 198 1
5081 502 0
5082 248 0
5083 168 1
5084 245 1
5085 197 1
5086 268 1
5087 484 1
5088 57 0
5089 521 1
5090 41 0
5091 447 1
5092 367 1
5093 141 1
5094 367 1
5095 388 1
5096 479 0
5097 137 1
5098 304 1
5099 462 1
5100 260 1
5101 439 0
5102 376 0
5103 97 1
5104 93 1
5105 46 0
5106 7 1
5107 443 1
5108 385 1
5109 226 0
5110 503 1
5111 265 0
5112 507 1
5113 105 1
5114 208 1
5115 309 0
5116 282 1
5117 52 1
5118 13 0
5119 40 0
5120 322 0
5121 349 0
5122 81 1
5123 259 1
5124 378 1
5125 221 1
5126 103 1
5127 259 1
5128 444 0
5129 370 1
5130 486 0
5131 69 0
5132 377 1
5133 374 0
5134 325 1
5135 52 1
5136 2 0
5137 532 1
5138 196 0
5139 104 1
5140 226 0
5141 404 1
5142 367 1
5143 494 0
5144 528 1
5145 411 1
5146 547 1
5147 177 1
5148 103 1
5149 262 1
5150 467 1
5151 23 1
5152 326 1
5153 53 0
5154 296 1
5155 45 1
5156 38 1
5157 352 1
5158 7 1
5159 218 1
5160 160 1
5161 498 0
5162 58 0
5163 26 0
5164 230 0
5165 90 1
5166 159 0
5167 115 0
5168 225 1
5169 508 1
5170 434 1
5171 544 0
5172 451 1
5173 487 1
5174 191 1
5175 495 1
5176 284 1
5177 7 1
5178 119 1
5179 5 0
5180 377 1
5181 547 0
5182 317 0
5183 23 0
5184 386 1
5185 11 1
5186 532 1
5187 349 0
5188 399 1
5189 444 1
5190 491 0
5191 444 1
5192 328 1
5193 173 1
5194 539 1
5195 297 1
5196 382 1
5197 454 1
5198 509 1
5199 244 1
5200 510 1
5201 165 1
5202 258 1
5203 475 0
5204 299 0
5205 250 1
5206 253 1
5207 68 1
5208 148 0
5209 31 1
5210 474 0
5211 552 1
5212 176 1
5213 5 1
5214 486 1
5215 30 1
5216 504 1
5217 433 1
5218 264 1
5219 476 1
5220 168 0
5221 410 0
5222 369 1
5223 6 1
5224 222 0
5225 152 0
5226 420 1
5227 2 1
5228 214 0
5229 338 0
5230 310 0
5231 37 1
5232 118 1
5233 80 1
5234 273 1
5235 447 0
5236 230 1
5237 418 1
5238 285 0
5239 118 1
5240 516 0
5241 205 1
5242 31 1
5243 36 1
5244 322 1
5245 392 1
5246 243 0
5247 503 1
5248 401 1
5249 190 0
5250 87 0
5251 171 0
5252 498 1
5253 472 0
5254 16 1
5255 346 0
5256 416 1
5257 471 0
5258 314 1
5259 140 1
5260 328 0
5261 325 0
5262 517 0
5263 433 1
5264 305 1
5265 41 0
5266 317 1
5267 210 1
5268 304 1
5269 101 0
5270 221 1
5271 354 1
5272 500 0
5273 33 1
5274 280 1
5275 506 1
5276 262 0
5277 181 1
5278 0 1
5279 147 0
5280 239 1
5281 252 1
5282 455 0
5283 320 1
5284 147 1
5285 28 1
5286 370 1
5287 8 1
5288 263 1
5289 187 0
5290 377 1
5291 153 0
5292 419 0
5293 421 1
5294 503 1
5295 334 0
5296 203 1
5297 247 0
5298 52 0
5299 420 0
5300 545 1
5301 177 1
5302 385 1
5303 235 1
5304 334 0
5305 139 1
5306 10 1
5307 353 1
5308 181 1
5309 459 1
5310 236 0
5311 375 1
5312 328 1
5313 101 0
5314 192 1
5315 135 1
5316 471 1
5317 102 1
5318 52 1
5319 507 1
5320 206 1
5321 100 0
5322 494 1
5323 256 1
5324 122 0
5325 362 0
5326 402 1
5327 354 1
5328 361 0
5329 59 1
5330 531 0
5331 293 1
5332 61 1
5333 308 1
5334 179 0
5335 1 1
5336 463 1
5337 158 0
5338 2 1
5339 82 1
5340 77 0
5341 39 1
5342 183 1
5343 158 1
5344 403 1
5345 46 1
5346 520 1
5347 386 1
5348 236 0
5349 196 1
5350 511 1
5351 357 1
5352 353 1
5353 381 0
5354 484 1
5355 534 1
5356 462 0
5357 541 0
5358 521 0
5359 137 0
5360 473 1
5361 308 1
5362 79 1
5363 24 1
5364 444 1
5365 286 1
5366 472 1
5367 378 0
5368 214 1
5369 129 1
5370 224 0
5371 153 0
5372 239 1
5373 279 0
5374 343 1
5375 134 1
5376 156 1
5377 258 1
5378 192 1
5379 51 1
5380 5 0
5381 539 1
5382 37 1
5383 197 1
5384 126 1
5385 451 1
5386 544 1
5387 39 0
5388 248 1
5389 546 1
5390 290 0
5391 355 0
5392 178 1
5393 182 0
5394 397 1
5395 507 1
5396 127 1
5397 327 1
5398 412 1
5399 470 0
5400 459 1
5401 444 1
5402 475 1
5403 182 1
5404 356 1
5405 316 0
5406 410 0
5407 95 0
5408 286 0
5409 405 1
5410 67 0
5411 34 1
5412 353 1
5413 520 1
5414 494 1
5415 252 1
5416 362 1
5417 298 0
5418 127 1
5419 9 1
5420 210 1
5421 132 1
5422 551 0
5423 102 1
5424 115 1
5425 469 1
5426 367 0
5427 484 1
5428 420 1
5429 487 1
5430 390 1
5431 209 1
5432 383 1
5433 537 0
5434 542 0
5435 549 0
5436 426 1
5437 266 0
5438 464 1
5439 210 1
5440 376 0
5441 262 0
5442 185 1
5443 519 1
5444 200 0
5445 415 1
5446 195 0
5447 345 0
5448 134 0
5449 91 1
5450 431 0
5451 323 0
5452 270 1
5453 230 0
5454 459 1
5455 316 1
5456 67 1
5457 82 0
5458 327 1
5459 306 0
5460 3 1
5461 119 1
5462 347 1
5463 279 1
5464 295 1
5465 106 1
5466 512 0
5467 531 1
5468 20 1
5469 518 1
5470 95 1
5471 317 1
5472 415 1
5473 470 1
5474 501 1
5475 217 1
5476 499 1
5477 205 1
5478 302 1
5479 276 1
5480 409 0
5481 271 1
5482 312 1
5483 152 1
5484 13 1
5485 313 0
5486 507 0
5487 379 0
5488 530 1
5489 113 1
5490 74 1
5491 484 1
5492 222 0
5493 368 0
5494 175 1
5495 69 0
5496 527 0
5497 508 1
5498 144 1
5499 119 0
5500 334 0
5501 320 1
5502 64 1
5503 267 1
5504 551 0
5505 75 1
5506 212 0
5507 147 0
5508 197 1
5509 405 0
5510 215 1
5511 512 1
5512 369 1
5513 30 1
5514 77 0
5515 226 1
5516 137 1
5517 254 1
5518 193 1
5519 405 1
5520 349 1
5521 318 1
5522 540 0
5523 550 1
5524 535 1
5525 112 1
5526 431 1
5527 494 0
5528 539 1
5529 315 1
5530 228 0
5531 528 1
5532 35 1
5533 122 1
5534 252 1
5535 474 1
5536 508 0
5537 218 1
5538 259 1
5539 181 1
5540 118 1
5541 546 1
5542 364 1
5543 297 1
5544 512 1
5545 468 0
5546 102 1
5547 54 1
5548 229 0
5549 421 1
5550 258 1
5551 139 1
5552 137 1
5553 156 1
5554 20 1
5555 247 1
5556 131 0
5557 189 1
5558 283 1
5559 347 1
5560 47 1
5561 538 1
5562 262 1
5563 342 0
5564 324 1
5565 527 1
5566 53 0
5567 297 0
5568 525 1
5569 142 1
5570 345 1
5571 184 1
5572 184 1
5573 527 1
5574 415 1
5575 265 1
5576 139 1
5577 167 1
5578 398 1
5579 447 0
5580 220 1
5581 308 1
5582 90 1
5583 19 0
5584 115 0
5585 108 0
5586 105 1
5587 438 1
5588 221 1
5589 312 1
5590 234 0
5591 155 0
5592 383 1
5593 330 1
5594 387 1
5595 506 1
5596 256 0
5597 382 1
5598 422 1
5599 409 1
5600 64 1
5601 498 0
5602 365 0
5603 514 1
5604 350 0
5605 279 1
5606 352 0
5607 514 1
5608 258 0
5609 464 1
5610 125 0
5611 200 1
5612 180 1
5613 175 0
5614 432 0
5615 141 0
5616 103 1
5617 167 0
5618 25 1
5619 58 0
5620 456 1
5621 516 1
5622 273 1
5623 437 1
5624 323 1
5625 124 1
5626 267 1
5627 331 1
5628 354 1
5629 52 0
5630 92 1
5631 339 1
5632 335 1
5633 220 0
5634 190 1
5635 291 1
5636 170 0
5637 402 1
5638 232 1
5639 475 1
5640 189 0
5641 7 0
5642 425 1
5643 406 1
5644 346 1
5645 69 1
5646 207 1
5647 189 1
5648 415 0
5649 458 1
5650 296 0
5651 199 1
5652 505 1
5653 465 0
5654 496 1
5655 295 1
5656 542 0
5657 91 1
5658 142 1
5659 142 1
5660 510 1
5661 481 1
5662 120 0
5663 208 0
5664 136 1
5665 89 0
5666 364 1
5667 401 1
5668 445 1
5669 1 1
5670 202 1
5671 22 1
5672 100 1
5673 107 0
5674 165 1
5675 231 1
5676 514 0
5677 342 0
5678 332 0
5679 118 1
5680 219 1
5681 402 1
5682 50 0
5683 454 1
5684 119 1
5685 439 1
5686 253 1
5687 14 1
5688 130 1
5689 97 0
5690 425 1
5691 418 1
5692 543 1
5693 23 1
5694 259 1
5695 345 1
5696 456 1
5697 9 1
5698 0 0
5699 58 1
5700 419 0
5701 495 1
5702 460 0
5703 29 0
5704 186 0
5705 386 0
5706 10 0
5707 1 1
5708 513 0
5709 430 0
5710 328 1
5711 252 1
5712 472 1
5713 293 1
5714 279 1
5715 93 1
5716 296 1
5717 428 0
5718 99 1
5719 348 1
5720 138 1
5721 399 0
5722 488 0
5723 203 1
5724 532 1
5725 223 0
5726 304 1
5727 40 1
5728 292 1
5729 250 1
5730 132 0
5731 272 1
5732 540 1
5733 241 0
5734 105 0
5735 427 0
5736 273 1
5737 447 1
5738 228 1
5739 157 0
5740 232 1
5741 16 1
5742 357 0
5743 314 0
5744 443 0
5745 168 0
5746 517 0
5747 61 1
5748 35 1
5749 93 1
5750 393 1
5751 493 1
5752 294 0
5753 321 1
5754 538 1
5755 230 1
5756 360 1
5757 309 1
5758 356 0
5759 314 0
5760 245 1
5761 432 1
5762 425 1
5763 215 1
5764 242 1
5765 156 1
5766 329 0
5767 250 0
5768 537 0
5769 93 0
5770 53 0
5771 296 1
5772 71 1
5773 79 0
5774 285 1
5775 230 1
5776 377 1
5777 241 0
5778 103 1
5779 211 1
5780 320 1
5781 536 1
5782 518 0
5783 221 1
5784 361 1
5785 526 1
5786 139 1
5787 274 1
5788 430 1
5789 140 1
5790 248 0
5791 194 1
5792 34 0
5793 430 1
5794 446 0
5795 37 0
5796 10 1
5797 418 0
5798 309 0
5799 532 0
5800 454 0
5801 32 0
5802 330 0
5803 306 1
5804 161 1
5805 423 1
5806 317 1
5807 90 0
5808 0 1
5809 542 0
5810 163 1
5811 215 0
5812 101 1
5813 257 0
5814 220 1
5815 82 1
5816 243 0
5817 271 0
5818 475 0
5819 281 0
5820 470 0
5821 47 0
5822 270 1
5823 86 1
5824 213 1
5825 272 0
5826 155 1
5827 105 1
5828 69 1
5829 222 1
5830 100 1
5831 520 1
5832 419 1
5833 471 1
5834 262 1
5835 532 1
5836 459 1
5837 521 0
5838 272 0
5839 500 0
5840 237 1
5841 416 1
5842 263 1
5843 204 0
5844 440 1
5845 231 1
5846 233 0
5847 493 1
5848 490 0
5849 549 1
5850 166 1
5851 486 1
5852 56 0
5853 302 1
5854 63 1
5855 314 1
5856 78 1
5857 248 1
5858 254 1
5859 229 1
5860 380 1
5861 237 1
5862 160 0
5863 268 0
5864 89 0
5865 405 1
5866 239 1
5867 435 1
5868 348 1
5869 124 1
5870 542 1
5871 267 1
5872 171 0
5873 463 1
5874 522 1
5875 122 1
5876 154 1
5877 518 1
5878 37 1
5879 520 1
5880 497 0
5881 436 1
5882 211 1
5883 533 1
5884 58 0
5885 472 0
5886 98 0
5887 168 1
5888 202 1
5889 250 0
5890 379 0
5891 76 1
5892 232 1
5893 349 0
5894 275 1
5895 503 1
5896 189 1
5897 512 1
5898 260 1
5899 461 1
5900 152 1
5901 365 1
5902 121 1
5903 21 0
5904 221 1
5905 549 1
5906 198 0
5907 28 0
5908 168 1
5909 254 1
5910 249 1
5911 219 1
5912 92 1
5913 395 0
5914 171 1
5915 117 1
5916 239 1
5917 76 1
5918 18 1
5919 185 0
5920 423 1
5921 286 1
5922 361 0
5923 0 1
5924 302 0
5925 475 1
5926 513 0
5927 545 1
5928 373 0
5929 459 1
5930 246 0
5931 369 0
5932 7 1
5933 346 1
5934 44 0
5935 372 0
5936 321 1
5937 36 0
5938 529 1
5939 215 0
5940 399 1
5941 384 0
5942 332 1
5943 466 1
5944 265 1
5945 251 1
5946 451 1
5947 497 0
5948 68 1
5949 39 1
5950 377 0
5951 80 1
5952 18 1
5953 384 0
5954 261 0
5955 380 0
5956 237 0
5957 521 1
5958 90 0
5959 276 1
5960 308 1
5961 368 0
5962 150 1
5963 220 1
5964 158 1
5965 385 1
5966 117 0
5967 237 1
5968 138 1
5969 292 0
5970 114 1
5971 8 0
5972 386 1
5973 475 1
5974 518 1
5975 278 1
5976 280 1
5977 35 0
5978 514 1
5979 205 1
5980 514 0
5981 156 0
5982 112 0
5983 377 1
5984 515 1
5985 97 0
5986 236 0
5987 535 0
5988 189 0
5989 46 1
5990 156 0
5991 482 1
5992 526 1
5993 477 1
5994 274 1
5995 108 0
5996 274 1
5997 423 1
5998 213 1
5999 138 1
6000 417 0
6001 306 1
6002 448 0
6003 278 1
6004 247 0
6005 293 1
6006 205 1
6007 395 1
6008 241 1
6009 221 1
6010 3 1
6011 253 1
6012 148 1
6013 220 0
6014 424 1
6015 38 1
6016 149 1
6017 443 1
6018 187 0
6019 183 0
6020 548 1
6021 393 1
6022 145 1
6023 486 1
6024 110 1
6025 404 1
6026 38 0
6027 499 0
6028 227 1
6029 103 0
6030 26 0
6031 440 1
6032 40 0
6033 273 1
6034 1 1
6035 217 1
6036 433 0
6037 304 0
6038 347 0
6039 521 1
6040 446 1
6041 71 1
6042 530 1
6043 226 0
6044 238 1
6045 410 1
6046 80 1
6047 493 1
6048 129 0
6049 457 1
6050 225 1
6051 234 0
6052 179 0
6053 240 1
6054 223 1
6055 484 1
6056 81 0
6057 209 0
6058 74 0
6059 370 1
6060 321 1
6061 78 1
6062 79 1
6063 23 0
6064 395 1
6065 447 1
6066 103 0
6067 227 0
6068 114 1
6069 309 1
6070 176 1
6071 8 1
6072 296 1
6073 423 1
6074 155 1
6075 239 1
6076 76 1
6077 378 1
6078 444 0
6079 419 1
6080 437 1
6081 408 1
6082 442 1
6083 269 0
6084 105 0
6085 449 0
6086 373 1
6087 94 1
6088 231 0
6089 43 1
6090 313 1
6091 417 1
6092 100 1
6093 46 1
6094 199 0
6095 386 1
6096 280 0
6097 71 1
6098 486 1
6099 281 1
6100 528 0
6101 373 0
6102 137 1
6103 21 1
6104 486 1
6105 309 0
6106 400 1
6107 136 0
6108 523 1
6109 546 1
6110 149 0
6111 308 1
6112 176 1
6113 154 1
6114 275 0
6115 201 1
6116 114 1
6117 101 0
6118 543 1
6119 174 0
6120 240 1
6121 277 1
6122 157 0
6123 34 1
6124 152 0
6125 352 0
6126 516 1
6127 286 0
6128 540 1
6129 303 1
6130 376 1
6131 15 0
6132 27 1
6133 297 0
6134 292 0
6135 49 1
6136 456 1
6137 66 1
6138 242 0
6139 243 0
6140 236 1
6141 250 0
6142 149 1
6143 501 0
6144 531 0
6145 453 1
6146 310 1
6147 347 1
6148 85 1
6149 410 0
6150 64 1
6151 410 1
6152 287 1
6153 83 1
6154 132 0
6155 478 1
6156 422 1
6157 123 0
6158 267 0
6159 262 0
6160 376 1
6161 102 0
6162 132 1
6163 525 1
6164 95 1
6165 204 1
6166 397 0
6167 182 0
6168 39 0
6169 162 1
6170 146 1
6171 95 0
6172 317 0
6173 141 1
6174 397 0
6175 332 1
6176 67 1
6177 461 1
6178 384 1
6179 27 1
6180 371 1
6181 140 1
6182 293 1
6183 401 1
6184 142 1
6185 59 0
6186 205 1
6187 357 1
6188 480 0
6189 110 1
6190 403 1
6191 45 1
6192 323 1
6193 225 1
6194 442 1
6195 134 1
6196 538 1
6197 530 1
6198 98 1
6199 166 1
6200 496 1
6201 529 1
6202 488 1
6203 226 1
6204 387 1
6205 187 1
6206 279 1
6207 317 1
6208 241 0
6209 311 1
6210 296 0
6211 444 1
6212 222 1
6213 60 1
6214 354 1
6215 62 1
6216 8 1
6217 1 0
6218 481 1
6219 359 1
6220 119 1
6221 162 0
6222 335 1
6223 3 1
6224 522 0
6225 153 1
6226 315 1
6227 47 0
6228 21 0
6229 413 0
6230 443 1
6231 228 1
6232 15 1
6233 394 1
6234 65 1
6235 367 1
6236 303 1
6237 138 1
6238 455 0
6239 162 1
6240 10 1
6241 191 1
6242 467 1
6243 472 1
6244 454 1
6245 419 1
6246 255 1
6247 242 0
6248 377 1
6249 322 0
6250 393 1
6251 128 0
6252 166 1
6253 336 1
6254 515 0
6255 47 1
6256 314 0
6257 460 1
6258 32 1
6259 272 1
6260 159 1
6261 278 0
6262 286 1
6263 240 0
6264 159 0
6265 107 0
6266 199 0
6267 250 1
6268 2 1
6269 541 0
6270 86 0
6271 45 0
6272 382 1
6273 184 1
6274 386 1
6275 347 1
6276 95 1
6277 515 0
6278 148 1
6279 545 1
6280 265 1
6281 415 0
6282 389 1
6283 384 0
6284 308 1
6285 464 1
6286 516 1
6287 296 0
6288 16 1
6289 206 1
6290 437 1
6291 450 0
6292 235 0
6293 414 1
6294 116 1
6295 245 1
6296 6 1
6297 455 0
6298 382 1
6299 342 1
6300 214 0
6301 531 1
6302 371 0
6303 23 1
6304 255 1
6305 291 1
6306 391 1
6307 226 1
6308 102 0
6309 510 0
6310 48 1
6311 154 1
6312 418 0
6313 5 0
6314 397 1
6315 438 1
6316 209 0
6317 289 1
6318 192 0
6319 469 1
6320 150 1
6321 88 1
6322 504 1
6323 116 1
6324 510 0
6325 325 0
6326 384 0
6327 115 1
6328 37 1
6329 551 0
6330 23 1
6331 546 1
6332 355 1
6333 368 1
6334 203 1
6335 496 1
6336 46 1
6337 341 0
6338 455 1
6339 50 1
6340 32 1
6341 472 1
6342 356 1
6343 167 0
6344 263 1
6345 328 1
6346 158 1
6347 73 1
6348 158 1
6349 8 1
6350 226 1
6351 161 0
6352 92 1
6353 324 0
6354 515 0
6355 514 1
6356 251 1
6357 464 1
6358 23 0
6359 501 0
6360 353 1
6361 127 1
6362 98 1
6363 525 1
6364 143 1
6365 64 1
6366 539 1
6367 198 1
6368 283 0
6369 234 0
6370 452 1
6371 293 1
6372 185 1
6373 313 1
6374 391 1
6375 50 1
6376 93 1
6377 257 0
6378 378 1
6379 502 1
6380 210 0
6381 447 0
6382 401 1
6383 437 0
6384 169 0
6385 430 0
6386 368 0
6387 328 1
6388 483 0
6389 317 0
6390 512 1
6391 68 1
6392 45 0
6393 353 1
6394 56 1
6395 501 1
6396 424 1
6397 17 1
6398 96 1
6399 512 1
6400 74 1
6401 442 1
6402 115 1
6403 52 1
6404 414 0
6405 475 1
6406 291 1
6407 480 0
6408 423 1
6409 261 1
6410 84 1
6411 300 1
6412 213 0
6413 336 1
6414 327 1
6415 76 1
6416 187 1
6417 399 0
6418 291 1
6419 402 1
6420 375 0
6421 26 1
6422 422 0
6423 4 0
6424 288 1
6425 327 1
6426 30 1
6427 436 0
6428 500 1
6429 0 1
6430 16 1
6431 177 0
6432 150 1
6433 7 0
6434 29 1
6435 94 1
6436 234 1
6437 72 0
6438 128 0
6439 4 0
6440 397 1
6441 344 1
6442 514 1
6443 172 1
6444 2 1
6445 237 1
6446 357 0
6447 276 1
6448 546 1
6449 395 1
6450 193 0
6451 535 1
6452 111 1
6453 139 0
6454 240 1
6455 265 0
6456 30 0
6457 12 0
6458 392 1
6459 452 1
6460 466 1
6461 521 0
6462 53 1
6463 279 1
6464 82 0
6465 123 0
6466 166 1
6467 257 0
6468 215 1
6469 125 1
6470 40 1
6471 40 1
6472 3 0
6473 115 0
6474 399 1
6475 345 0
6476 206 1
6477 84 1
6478 58 1
6479 359 1
6480 39 0
6481 469 1
6482 90 1
6483 37 0
6484 70 1
6485 315 0
6486 55 0
6487 289 1
6488 16 0
6489 507 1
6490 527 1
6491 229 1
6492 113 0
6493 493 1
6494 231 1
6495 419 1
6496 284 1
6497 530 1
6498 9 1
6499 234 0
6500 178 0
6501 352 0
6502 459 1
6503 291 0
6504 47 1
6505 392 1
6506 46 0
6507 202 0
6508 490 1
6509 439 1
6510 551 0
6511 440 1
6512 142 1
6513 211 1
6514 486 1
6515 339 1
6516 549 0
6517 398 1
6518 334 1
6519 485 0
6520 490 1
6521 403 1
6522 448 1
6523 250 0
6524 358 1
6525 55 0
6526 496 1
6527 193 1
6528 468 0
6529 290 1
6530 404 1
6531 513 0
6532 322 1
6533 464 1
6534 50 0
6535 539 1
6536 222 1
6537 523 1
6538 550 0
6539 58 1
6540 411 1
6541 266 0
6542 164 1
6543 493 1
6544 364 0
6545 480 1
6546 415 1
6547 170 1
6548 354 1
6549 342 0
6550 532 1
6551 391 1
6552 218 1
6553 481 1
6554 136 1
6555 126 1
6556 207 0
6557 402 1
6558 353 1
6559 504 1
6560 128 0
6561 434 1
6562 427 1
6563 228 0
6564 187 1
6565 133 0
6566 345 1
6567 476 0
6568 440 0
6569 335 1
6570 444 0
6571 126 1
6572 355 0
6573 524 0
6574 426 0
6575 375 1
6576 408 0
6577 45 1
6578 362 1
6579 12 1
6580 291 0
6581 271 1
6582 225 0
6583 203 1
6584 99 0
6585 245 1
6586 500 0
6587 197 1
6588 455 1
6589 513 0
6590 90 1
6591 438 1
6592 92 0
6593 283 1
6594 205 1
6595 7 1
6596 549 1
6597 81 1
6598 527 1
6599 443 1
6600 323 0
6601 172 1
6602 61 1
6603 75 1
6604 38 0
6605 401 0
6606 424 0
6607 182 1
6608 217 1
6609 472 1
6610 262 1
6611 474 1
6612 259 1
6613 534 0
6614 395 1
6615 414 1
6616 60 0
6617 490 0
6618 510 0
6619 194 0
6620 155 1
6621 178 0
6622 382 0
6623 44 1
6624 327 0
6625 78 0
6626 497 0
6627 402 1
6628 56 1
6629 490 1
6630 309 1
6631 117 1
6632 493 1
6633 47 0
6634 175 1
6635 446 1
6636 391 1
6637 465 0
6638 485 1
6639 429 0
6640 28 1
6641 403 1
6642 8 0
6643 283 1
6644 84 0
6645 70 1
6646 72 1
6647 318 1
6648 351 0
6649 463 1
6650 215 0
6651 466 1
6652 535 0
6653 382 1
6654 443 1
6655 228 1
6656 321 1
6657 551 0
6658 331 1
6659 502 1
6660 2 1
6661 418 0
6662 316 0
6663 195 1
6664 104 0
6665 195 0
6666 16 1
6667 427 0
6668 542 1
6669 520 1
6670 69 1
6671 405 1
6672 327 1
6673 222 1
6674 240 0
6675 76 0
6676 245 1
6677 479 1
6678 179 0
6679 176 0
6680 335 1
6681 103 1
6682 36 1
6683 404 0
6684 395 0
6685 511 1
6686 67 1
6687 357 1
6688 376 1
6689 2 0
6690 197 0
6691 359 0
6692 20 1
6693 505 1
6694 462 1
6695 37 0
6696 56 1
6697 97 1
6698 226 0
6699 171 1
6700 374 0
6701 34 0
6702 48 1
6703 338 1
6704 417 1
6705 541 1
6706 472 0
6707 60 1
6708 188 1
6709 246 0
6710 195 0
6711 396 1
6712 532 1
6713 343 1
6714 496 1
6715 381 0
6716 199 1
6717 261 1
6718 254 1
6719 172 0
6720 494 0
6721 289 1
6722 62 1
6723 515 1
6724 415 1
6725 402 1
6726 47 0
6727 363 1
6728 186 0
6729 339 1
6730 223 0
6731 501 0
6732 30 1
6733 170 1
6734 363 1
6735 512 1
6736 57 1
6737 327 1
6738 152 0
6739 425 1
6740 52 0
6741 180 1
6742 520 0
6743 179 1
6744 253 1
6745 336 1
6746 133 1
6747 400 1
6748 49 1
6749 3 0
6750 522 1
6751 272 0
6752 318 0
6753 200 0
6754 389 1
6755 539 0
6756 401 1
6757 96 1
6758 211 1
6759 76 1
6760 295 1
6761 442 1
6762 252 1
6763 201 1
6764 414 1
6765 162 1
6766 221 1
6767 464 1
6768 36 0
6769 511 0
6770 346 1
6771 368 1
6772 218 1
6773 117 1
6774 242 1
6775 449 1
6776 106 0
6777 22 1
6778 182 1
6779 108 1
6780 481 0
6781 535 1
6782 313 1
6783 244 1
6784 113 1
6785 222 1
6786 308 1
6787 154 0
6788 57 0
6789 12 1
6790 518 1
6791 446 1
6792 301 0
6793 538 1
6794 192 1
6795 83 0
6796 525 0
6797 378 0
6798 13 1
6799 82 0
6800 433 0
6801 140 1
6802 504 1
6803 269 1
6804 120 0
6805 416 1
6806 245 0
6807 264 1
6808 224 0
6809 32 1
6810 505 1
6811 145 0
6812 289 1
6813 265 0
6814 147 1
6815 536 1
6816 207 0
6817 323 0
6818 525 0
6819 220 0
6820 376 0
6821 231 0
6822 392 0
6823 169 1
6824 300 0
6825 88 1
6826 479 1
6827 232 1
6828 258 1
6829 18 1
6830 291 1
6831 541 0
6832 232 1
6833 211 1
6834 406 1
6835 296 1
6836 16 1
6837 405 1
6838 524 1
6839 27 0
6840 385 1
6841 25 0
6842 404 1
6843 28 1
6844 201 0
6845 16 0
6846 210 1
6847 47 0
6848 425 1
6849 148 1
6850 138 1
6851 62 1
6852 527 0
6853 64 1
6854 97 1
6855 325 0
6856 316 1
6857 296 1
6858 109 0
6859 276 1
6860 533 1
6861 412 1
6862 406 1
6863 135 1
6864 166 1
6865 57 1
6866 283 1
6867 13 0
6868 195 1
6869 257 0
6870 278 1
6871 276 0
6872 434 0
6873 208 0
6874 506 1
6875 408 1
6876 386 1
6877 178 1
6878 229 1
6879 72 1
6880 152 1
6881 254 0
6882 410 1
6883 140 1
6884 399 0
6885 345 1
6886 481 0
6887 219 0
6888 196 1
6889 406 1
6890 521 0
6891 82 1
6892 31 1
6893 149 1
6894 129 1
6895 156 1
6896 459 1
6897 164 1
6898 178 1
6899 369 1
6900 257 0
6901 257 1
6902 283 1
6903 49 1
6904 459 1
6905 129 1
6906 273 1
6907 283 1
6908 28 1
6909 119 1
6910 154 0
6911 439 1
6912 240 0
6913 431 0
6914 462 1
6915 52 1
6916 516 0
6917 407 1
6918 342 1
6919 281 1
6920 467 1
6921 177 1
6922 123 1
6923 46 1
6924 447 1
6925 363 1
6926 548 0
6927 217 1
6928 407 1
6929 209 0
6930 396 1
6931 483 1
6932 72 1
6933 106 1
6934 295 1
6935 218 1
6936 299 1
6937 451 1
6938 410 1
6939 183 1
6940 218 1
6941 406 1
6942 350 1
6943 4 0
6944 219 1
6945 21 1
6946 29 0
6947 475 1
6948 343 0
6949 71 0
6950 524 0
6951 349 1
6952 185 1
6953 302 1
6954 299 0
6955 400 1
6956 532 0
6957 286 1
6958 432 1
6959 34 1
6960 112 0
6961 215 0
6962 7 0
6963 297 0
6964 275 1
6965 544 1
6966 159 1
6967 72 1
6968 142 1
6969 495 1
6970 360 1
6971 15 1
6972 152 1
6973 169 1
6974 146 0
6975 130 1
6976 258 1
6977 454 1
6978 39 1
6979 226 1
6980 122 1
6981 61 1
6982 113 1
6983 182 0
6984 8 1
6985 252 0
6986 521 1
6987 154 1
6988 70 0
6989 152 1
6990 27 1
6991 30 1
6992 183 1
6993 107 1
6994 238 1
6995 536 1
6996 51 1
6997 251 0
6998 232 0
6999 474 1
7000 59 1
7001 110 1
7002 549 0
7003 202 1
7004 89 0
7005 446 1
7006 245 0
7007 457 1
7008 516 1
7009 152 0
7010 398 1
7011 116 1
7012 289 1
7013 115 1
7014 302 0
7015 317 0
7016 371 1
7017 551 1
7018 194 1
7019 543 1
7020 109 1
7021 508 1
7022 413 1
7023 284 1
7024 531 1
7025 78 1
7026 128 1
7027 327 1
7028 118 1
7029 493 1
7030 532 1
7031 391 1
7032 241 1
7033 219 1
7034 90 1
7035 273 1
7036 146 1
7037 108 1
7038 142 0
7039 491 1
7040 385 0
7041 551 0
7042 320 0
7043 485 1
7044 268 1
7045 467 1
7046 292 1
7047 99 1
7048 195 1
7049 469 1
7050 83 1
7051 39 1
7052 419 1
7053 344 0
7054 42 0
7055 237 1
7056 354 1
7057 441 1
7058 116 0
7059 168 1
7060 353 1
7061 133 0
7062 442 0
7063 73 1
7064 106 0
7065 424 1
7066 234 1
7067 472 1
7068 58 0
7069 216 1
7070 48 0
7071 28 1
7072 299 1
7073 78 1
7074 343 1
7075 301 1
7076 328 1
7077 291 1
7078 222 1
7079 356 1
7080 462 1
7081 18 1
7082 191 0
7083 297 1
7084 310 1
7085 404 0
7086 523 1
7087 261 1
7088 403 1
7089 185 1
7090 86 1
7091 446 1
7092 423 1
7093 187 1
7094 103 0
7095 475 0
7096 325 0
7097 156 1
7098 40 1
7099 267 1
7100 469 1
7101 209 0
7102 107 1
7103 263 1
7104 310 1
7105 205 1
7106 436 1
7107 366 0
7108 336 1
7109 507 0
7110 44 1
7111 453 1
7112 531 1
7113 386 0
7114 11 0
7115 477 0
7116 328 1
7117 474 0
7118 105 1
7119 446 1
7120 134 1
7121 421 0
7122 251 0
7123 486 1
7124 288 0
7125 475 1
7126 424 1
7127 256 1
7128 485 1
7129 529 0
7130 299 1
7131 478 1
7132 89 0
7133 10 1
7134 85 1
7135 165 1
7136 56 1
7137 399 0
7138 322 1
