9610
1 55 1
2 154 0
3 100 0
4 24 0
5 82 0
6 154 1
7 67 0
8 67 0
9 12 0
10 130 1
11 2 1
12 30 0
13 119 1
14 154 1
15 73 1
16 48 1
17 36 1
18 87 1
19 136 1
20 142 0
21 132 1
22 2 1
23 25 1
24 146 1
25 78 1
26 52 0
27 86 0
28 6 1
29 5 1
30 25 0
31 90 1
32 48 1
33 128 1
34 30 1
35 98 0
36 102 1
37 3 1
38 123 1
39 26 1
40 77 0
41 6 0
42 38 1
43 138 1
44 65 1
45 130 1
46 63 1
47 90 1
48 40 0
49 99 1
50 17 1
51 22 1
52 121 1
53 150 1
54 65 0
55 132 1
56 59 1
57 38 1
58 157 0
59 152 0
60 2 1
61 6 0
62 37 1
63 29 1
64 8 0
65 85 1
66 103 1
67 156 1
68 59 1
69 2 1
70 17 0
71 33 1
72 41 0
73 26 1
74 15 0
75 29 0
76 69 1
77 20 1
78 142 0
79 120 1
80 29 1
81 103 0
82 80 1
83 50 1
84 100 1
85 115 1
86 40 1
87 119 1
88 72 1
89 46 1
90 91 1
91 116 0
92 121 1
93 44 1
94 112 1
95 97 0
96 52 1
97 127 1
98 152 1
99 39 0
100 156 1
101 136 1
102 70 0
103 44 0
104 94 1
105 82 1
106 18 1
107 123 0
108 102 1
109 12 0
110 14 1
111 50 0
112 2 1
113 51 1
114 47 1
115 100 0
116 98 0
117 8 0
118 111 1
119 4 1
120 155 0
121 84 1
122 51 0
123 80 0
124 142 1
125 136 1
126 127 1
127 75 1
128 56 1
129 62 1
130 69 1
131 74 0
132 91 0
133 29 0
134 147 0
135 17 0
136 45 1
137 83 1
138 76 1
139 17 0
140 23 1
141 142 1
142 32 1
143 132 1
144 26 1
145 118 0
146 123 0
147 30 1
148 127 1
149 26 1
150 18 0
151 110 0
152 144 1
153 85 1
154 51 1
155 48 1
156 23 1
157 151 0
158 90 1
159 155 1
160 86 0
161 63 1
162 0 1
163 118 0
164 4 1
165 95 1
166 28 0
167 11 1
168 18 1
169 86 0
170 52 1
171 70 1
172 92 0
173 142 1
174 113 1
175 150 1
176 20 0
177 18 1
178 85 0
179 74 1
180 47 1
181 38 1
182 152 1
183 99 1
184 157 0
185 7 0
186 13 0
187 137 1
188 140 1
189 139 1
190 100 1
191 61 1
192 37 1
193 67 0
194 67 1
195 137 1
196 3 1
197 115 0
198 77 1
199 94 1
200 9 1
201 52 0
202 105 0
203 54 0
204 150 0
205 32 0
206 91 0
207 65 1
208 99 1
209 102 1
210 126 0
211 48 1
212 23 1
213 52 0
214 61 1
215 101 1
216 100 1
217 18 1
218 109 1
219 143 1
220 33 0
221 45 0
222 36 0
223 104 0
224 94 1
225 155 0
226 53 1
227 117 0
228 49 1
229 17 1
230 9 0
231 32 1
232 39 0
233 92 1
234 134 1
235 17 1
236 18 1
237 143 1
238 24 1
239 43 0
240 61 0
241 106 0
242 83 1
243 117 1
244 85 1
245 95 1
246 21 0
247 55 1
248 116 1
249 135 1
250 149 0
251 111 1
252 66 0
253 149 0
254 36 1
255 135 0
256 72 0
257 138 0
258 157 1
259 140 1
260 158 1
261 104 0
262 142 0
263 6 1
264 0 1
265 116 1
266 61 1
267 10 1
268 16 1
269 144 0
270 118 1
271 1 0
272 139 1
273 124 1
274 89 1
275 147 1
276 34 0
277 119 0
278 29 0
279 42 1
280 34 1
281 31 1
282 79 0
283 150 0
284 127 0
285 158 1
286 34 0
287 129 1
288 78 0
289 152 1
290 125 0
291 22 1
292 84 0
293 103 1
294 33 0
295 154 1
296 157 1
297 90 0
298 152 0
299 25 0
300 153 1
301 133 1
302 121 0
303 43 0
304 49 0
305 133 1
306 28 0
307 101 1
308 148 0
309 3 1
310 44 0
311 17 1
312 109 1
313 130 0
314 125 0
315 149 1
316 32 1
317 148 0
318 4 1
319 120 1
320 79 1
321 154 0
322 102 0
323 156 1
324 153 1
325 40 0
326 84 0
327 6 1
328 16 1
329 148 1
330 144 1
331 28 1
332 40 0
333 23 1
334 60 0
335 24 1
336 89 1
337 24 0
338 42 0
339 124 1
340 32 0
341 1 1
342 148 1
343 77 1
344 155 1
345 73 1
346 57 1
347 84 1
348 129 1
349 143 1
350 17 0
351 21 0
352 113 1
353 65 0
354 77 1
355 117 1
356 47 1
357 152 1
358 52 0
359 126 1
360 147 1
361 41 1
362 152 0
363 144 1
364 0 1
365 78 1
366 147 1
367 136 1
368 70 1
369 23 0
370 158 1
371 98 1
372 26 0
373 8 1
374 87 0
375 138 1
376 27 0
377 47 0
378 72 1
379 69 1
380 97 1
381 102 1
382 14 1
383 113 1
384 121 1
385 158 1
386 130 0
387 92 0
388 114 1
389 2 1
390 87 1
391 128 1
392 12 1
393 145 1
394 60 1
395 84 1
396 55 1
397 11 1
398 117 1
399 79 0
400 113 1
401 126 0
402 27 1
403 8 1
404 12 1
405 35 0
406 76 1
407 139 0
408 107 1
409 99 1
410 107 1
411 18 1
412 147 0
413 157 1
414 6 1
415 26 0
416 8 0
417 56 1
418 63 0
419 103 1
420 0 0
421 100 1
422 69 0
423 16 1
424 47 1
425 37 0
426 151 1
427 83 1
428 11 1
429 12 0
430 10 1
431 73 0
432 42 0
433 54 1
434 119 0
435 33 1
436 62 1
437 47 1
438 140 1
439 75 1
440 106 0
441 108 1
442 94 0
443 90 1
444 124 0
445 59 1
446 67 1
447 79 1
448 103 0
449 68 1
450 57 1
451 35 0
452 87 1
453 19 1
454 72 1
455 97 1
456 133 1
457 129 1
458 16 1
459 25 1
460 15 1
461 43 1
462 57 1
463 45 1
464 23 1
465 76 1
466 66 0
467 52 1
468 119 1
469 64 1
470 92 0
471 137 1
472 145 1
473 60 0
474 105 0
475 70 0
476 21 1
477 129 1
478 2 1
479 91 0
480 54 1
481 117 1
482 130 1
483 116 0
484 8 1
485 49 0
486 34 1
487 7 1
488 146 0
489 24 1
490 89 0
491 139 1
492 133 1
493 29 0
494 51 1
495 13 0
496 139 1
497 152 1
498 151 1
499 127 1
500 56 0
501 100 0
502 130 1
503 38 0
504 111 0
505 62 1
506 82 0
507 151 1
508 4 1
509 128 1
510 153 1
511 86 1
512 123 1
513 96 0
514 115 1
515 116 1
516 8 1
517 115 1
518 17 1
519 23 1
520 56 1
521 96 0
522 139 1
523 46 1
524 122 1
525 50 1
526 83 1
527 102 1
528 69 1
529 89 0
530 30 1
531 49 1
532 116 0
533 103 0
534 158 1
535 114 0
536 64 1
537 45 1
538 152 0
539 114 0
540 118 1
541 157 0
542 69 1
543 26 1
544 67 1
545 15 1
546 15 1
547 62 1
548 155 1
549 116 0
550 58 1
551 62 1
552 135 0
553 94 0
554 136 1
555 10 1
556 66 0
557 74 0
558 109 1
559 125 1
560 58 1
561 41 1
562 132 1
563 130 0
564 35 1
565 135 0
566 11 0
567 68 0
568 73 1
569 126 1
570 149 1
571 157 1
572 71 1
573 44 1
574 14 1
575 50 1
576 3 1
577 71 0
578 46 1
579 116 1
580 141 0
581 111 1
582 57 1
583 77 0
584 35 1
585 33 1
586 33 0
587 8 0
588 29 0
589 136 0
590 73 0
591 42 1
592 129 1
593 64 0
594 8 1
595 34 1
596 40 1
597 154 1
598 93 0
599 80 1
600 42 1
601 154 1
602 70 1
603 105 0
604 140 1
605 69 0
606 121 1
607 57 1
608 78 0
609 45 1
610 154 1
611 3 1
612 152 0
613 144 1
614 155 1
615 140 1
616 104 0
617 40 1
618 64 1
619 40 1
620 6 0
621 26 0
622 74 1
623 72 1
624 131 1
625 79 1
626 123 1
627 88 0
628 91 0
629 128 1
630 64 1
631 52 1
632 12 0
633 109 1
634 89 1
635 48 1
636 38 0
637 76 1
638 84 1
639 105 1
640 32 1
641 109 1
642 119 1
643 124 1
644 38 0
645 139 0
646 56 0
647 123 1
648 135 1
649 71 0
650 76 1
651 87 1
652 35 0
653 152 0
654 78 1
655 102 1
656 134 0
657 119 0
658 17 1
659 72 1
660 30 1
661 11 1
662 95 1
663 155 1
664 60 1
665 62 1
666 113 1
667 102 1
668 80 1
669 35 1
670 119 1
671 122 1
672 116 1
673 115 1
674 92 1
675 126 0
676 91 1
677 135 1
678 124 0
679 24 1
680 51 0
681 88 1
682 4 0
683 80 0
684 53 0
685 21 1
686 20 0
687 34 1
688 151 1
689 122 1
690 104 1
691 134 1
692 153 0
693 149 1
694 9 1
695 143 1
696 28 1
697 65 1
698 30 1
699 53 1
700 29 1
701 22 1
702 59 1
703 38 1
704 133 0
705 63 0
706 16 0
707 126 0
708 74 0
709 54 0
710 143 1
711 143 1
712 122 1
713 55 1
714 48 1
715 2 1
716 24 0
717 137 1
718 93 1
719 62 1
720 28 1
721 156 1
722 89 0
723 140 0
724 93 0
725 14 1
726 86 0
727 100 1
728 59 0
729 128 1
730 30 0
731 121 1
732 7 1
733 150 0
734 127 1
735 93 1
736 104 1
737 127 0
738 152 0
739 123 1
740 70 0
741 15 1
742 62 1
743 132 1
744 37 0
745 81 0
746 83 1
747 133 0
748 69 1
749 117 1
750 103 1
751 120 0
752 154 0
753 8 1
754 122 1
755 0 1
756 110 1
757 42 0
758 56 1
759 146 1
760 127 0
761 97 1
762 37 1
763 69 1
764 122 0
765 156 0
766 5 1
767 115 0
768 57 0
769 147 0
770 23 0
771 65 1
772 14 1
773 84 0
774 134 1
775 15 1
776 65 0
777 7 1
778 111 1
779 61 1
780 29 0
781 67 1
782 27 1
783 120 1
784 0 1
785 31 0
786 34 1
787 93 1
788 130 0
789 119 0
790 89 0
791 61 1
792 100 1
793 109 1
794 155 1
795 137 0
796 155 0
797 145 0
798 81 0
799 108 0
800 153 0
801 115 1
802 2 0
803 77 1
804 153 1
805 91 1
806 110 0
807 90 1
808 72 0
809 29 0
810 136 1
811 19 1
812 64 1
813 156 0
814 124 1
815 152 1
816 85 0
817 72 0
818 95 1
819 146 1
820 125 0
821 24 0
822 82 1
823 127 0
824 6 1
825 63 1
826 100 1
827 116 1
828 15 0
829 151 1
830 144 1
831 109 1
832 31 1
833 10 1
834 24 0
835 67 1
836 87 1
837 151 0
838 58 0
839 91 0
840 127 1
841 134 1
842 89 1
843 1 0
844 57 1
845 95 1
846 149 0
847 39 1
848 79 1
849 0 0
850 131 0
851 105 1
852 12 1
853 155 1
854 143 1
855 146 0
856 93 0
857 32 0
858 65 0
859 54 0
860 112 0
861 16 1
862 47 0
863 61 1
864 30 1
865 156 1
866 56 1
867 158 0
868 125 1
869 149 1
870 93 0
871 73 1
872 25 0
873 137 0
874 65 0
875 64 0
876 108 1
877 131 1
878 62 1
879 49 0
880 22 0
881 33 1
882 0 0
883 157 0
884 113 0
885 87 1
886 51 1
887 1 1
888 118 0
889 19 1
890 23 1
891 53 0
892 17 1
893 139 1
894 70 0
895 24 0
896 87 0
897 22 1
898 101 0
899 151 1
900 20 1
901 113 0
902 92 1
903 74 0
904 105 1
905 86 0
906 30 1
907 27 1
908 101 0
909 52 0
910 122 0
911 31 0
912 71 1
913 150 1
914 85 0
915 153 1
916 73 0
917 103 1
918 75 1
919 68 1
920 123 0
921 150 1
922 71 1
923 126 1
924 110 0
925 27 1
926 34 0
927 136 1
928 123 1
929 45 1
930 121 1
931 7 1
932 73 0
933 127 0
934 66 1
935 96 1
936 43 0
937 110 0
938 116 1
939 54 0
940 34 1
941 152 1
942 151 1
943 100 1
944 108 1
945 17 1
946 110 1
947 32 1
948 72 1
949 25 1
950 132 1
951 10 0
952 60 1
953 142 0
954 49 0
955 11 0
956 45 0
957 78 1
958 145 0
959 78 1
960 16 1
961 91 1
962 132 1
963 4 0
964 60 0
965 110 1
966 3 0
967 61 0
968 92 1
969 7 0
970 81 1
971 3 0
972 107 1
973 4 1
974 112 1
975 114 1
976 105 1
977 23 1
978 21 0
979 134 0
980 67 0
981 125 1
982 131 1
983 60 0
984 71 1
985 143 1
986 85 1
987 46 1
988 154 1
989 138 0
990 60 1
991 4 1
992 65 1
993 95 0
994 54 0
995 104 1
996 82 1
997 118 1
998 98 1
999 56 0
1000 86 0
1001 89 1
1002 38 1
1003 56 1
1004 113 0
1005 68 1
1006 54 0
1007 105 1
1008 25 0
1009 142 1
1010 37 0
1011 52 1
1012 158 0
1013 26 0
1014 115 0
1015 33 1
1016 48 0
1017 65 1
1018 26 1
1019 46 1
1020 9 1
1021 153 0
1022 38 1
1023 35 0
1024 151 1
1025 153 1
1026 32 1
1027 1 0
1028 58 1
1029 139 1
1030 35 0
1031 142 1
1032 148 0
1033 95 0
1034 97 0
1035 154 1
1036 34 1
1037 96 1
1038 99 1
1039 62 1
1040 3 0
1041 131 1
1042 104 0
1043 78 1
1044 11 1
1045 103 1
1046 83 1
1047 140 0
1048 62 1
1049 87 0
1050 156 1
1051 117 0
1052 82 0
1053 104 1
1054 113 0
1055 124 1
1056 150 1
1057 77 0
1058 81 0
1059 109 1
1060 66 0
1061 76 1
1062 152 1
1063 148 1
1064 146 1
1065 66 0
1066 96 1
1067 100 0
1068 5 0
1069 127 0
1070 65 1
1071 1 1
1072 115 1
1073 77 0
1074 86 1
1075 68 0
1076 7 1
1077 69 1
1078 43 1
1079 66 1
1080 71 1
1081 25 1
1082 9 0
1083 113 1
1084 98 0
1085 59 1
1086 99 0
1087 60 1
1088 150 1
1089 105 1
1090 16 1
1091 156 0
1092 158 0
1093 35 1
1094 135 1
1095 84 1
1096 1 1
1097 141 0
1098 3 0
1099 110 0
1100 102 1
1101 105 1
1102 81 0
1103 25 1
1104 154 1
1105 77 1
1106 70 0
1107 120 1
1108 67 1
1109 123 1
1110 25 1
1111 102 1
1112 96 0
1113 122 0
1114 32 1
1115 126 1
1116 94 1
1117 30 1
1118 89 1
1119 15 1
1120 37 1
1121 21 1
1122 93 1
1123 28 1
1124 65 1
1125 55 1
1126 138 1
1127 42 1
1128 95 1
1129 15 1
1130 15 1
1131 40 1
1132 139 1
1133 52 1
1134 51 1
1135 79 1
1136 12 0
1137 47 0
1138 94 0
1139 117 1
1140 154 1
1141 101 0
1142 97 1
1143 49 1
1144 1 1
1145 98 1
1146 57 0
1147 52 1
1148 135 0
1149 32 0
1150 24 1
1151 127 1
1152 137 1
1153 152 1
1154 17 1
1155 84 1
1156 49 1
1157 156 0
1158 97 1
1159 32 1
1160 121 0
1161 41 1
1162 121 0
1163 141 0
1164 50 0
1165 135 0
1166 51 0
1167 121 0
1168 130 0
1169 114 0
1170 150 1
1171 12 0
1172 151 1
1173 40 1
1174 67 0
1175 40 1
1176 55 1
1177 60 0
1178 27 0
1179 40 0
1180 142 0
1181 4 1
1182 131 0
1183 149 0
1184 18 0
1185 27 1
1186 70 1
1187 62 0
1188 60 1
1189 78 1
1190 100 1
1191 8 0
1192 51 1
1193 98 1
1194 37 0
1195 9 1
1196 7 0
1197 139 1
1198 76 1
1199 18 1
1200 1 1
1201 31 0
1202 11 1
1203 134 1
1204 36 1
1205 124 1
1206 23 1
1207 59 1
1208 42 0
1209 5 1
1210 148 0
1211 110 1
1212 39 1
1213 145 1
1214 146 0
1215 136 1
1216 134 1
1217 60 1
1218 27 1
1219 142 1
1220 25 1
1221 52 1
1222 81 1
1223 134 0
1224 46 0
1225 139 1
1226 80 0
1227 42 1
1228 106 0
1229 86 1
1230 43 1
1231 9 1
1232 83 1
1233 90 1
1234 42 1
1235 26 0
1236 107 1
1237 42 0
1238 126 1
1239 89 0
1240 82 0
1241 134 1
1242 85 1
1243 133 0
1244 57 1
1245 53 1
1246 136 1
1247 46 1
1248 142 1
1249 12 1
1250 62 1
1251 19 1
1252 54 1
1253 136 1
1254 89 0
1255 121 1
1256 147 0
1257 27 1
1258 40 1
1259 118 0
1260 147 1
1261 125 0
1262 85 1
1263 26 0
1264 0 1
1265 105 1
1266 14 1
1267 85 1
1268 37 1
1269 17 1
1270 140 1
1271 64 1
1272 1 1
1273 129 1
1274 19 1
1275 151 1
1276 26 1
1277 143 1
1278 55 0
1279 31 0
1280 59 1
1281 129 1
1282 27 0
1283 69 1
1284 129 1
1285 116 1
1286 150 1
1287 6 0
1288 39 1
1289 119 1
1290 75 1
1291 151 0
1292 154 0
1293 64 1
1294 156 1
1295 117 1
1296 73 1
1297 141 0
1298 154 1
1299 91 0
1300 63 1
1301 1 0
1302 156 1
1303 132 1
1304 154 0
1305 21 0
1306 56 1
1307 24 1
1308 0 1
1309 39 1
1310 26 1
1311 138 1
1312 95 0
1313 126 1
1314 98 1
1315 140 1
1316 34 1
1317 68 1
1318 76 0
1319 152 1
1320 71 1
1321 153 1
1322 38 1
1323 115 0
1324 108 0
1325 120 1
1326 3 1
1327 85 1
1328 147 1
1329 115 1
1330 38 1
1331 100 1
1332 6 1
1333 114 0
1334 62 1
1335 5 0
1336 133 1
1337 27 0
1338 104 0
1339 136 1
1340 64 1
1341 113 0
1342 123 1
1343 93 0
1344 18 0
1345 50 0
1346 146 1
1347 65 1
1348 86 1
1349 1 0
1350 139 1
1351 123 1
1352 18 1
1353 125 1
1354 146 1
1355 101 0
1356 52 0
1357 119 1
1358 20 1
1359 139 1
1360 29 1
1361 32 0
1362 21 1
1363 21 0
1364 129 1
1365 24 1
1366 40 1
1367 63 1
1368 150 1
1369 106 1
1370 143 1
1371 30 0
1372 29 0
1373 64 1
1374 55 0
1375 100 0
1376 74 0
1377 111 1
1378 82 0
1379 55 1
1380 7 1
1381 3 1
1382 153 1
1383 32 1
1384 108 1
1385 123 1
1386 113 1
1387 55 1
1388 80 1
1389 118 1
1390 4 1
1391 71 1
1392 118 0
1393 110 1
1394 8 1
1395 20 0
1396 86 0
1397 148 1
1398 17 0
1399 151 1
1400 11 1
1401 143 0
1402 46 1
1403 108 0
1404 84 0
1405 114 1
1406 53 0
1407 18 1
1408 61 1
1409 64 1
1410 62 1
1411 85 1
1412 120 1
1413 81 0
1414 106 1
1415 114 1
1416 125 1
1417 9 1
1418 64 1
1419 149 1
1420 111 1
1421 89 1
1422 57 0
1423 102 0
1424 88 0
1425 114 0
1426 18 1
1427 66 1
1428 126 1
1429 42 1
1430 157 0
1431 44 1
1432 22 1
1433 146 1
1434 12 1
1435 1 1
1436 8 1
1437 128 1
1438 124 1
1439 35 1
1440 4 1
1441 130 1
1442 43 1
1443 87 1
1444 36 0
1445 95 1
1446 138 0
1447 83 1
1448 34 0
1449 87 1
1450 132 1
1451 21 0
1452 105 1
1453 131 1
1454 72 1
1455 50 1
1456 84 1
1457 110 0
1458 143 1
1459 148 1
1460 21 1
1461 65 1
1462 65 0
1463 2 1
1464 70 0
1465 156 0
1466 30 0
1467 25 0
1468 93 1
1469 58 1
1470 16 0
1471 9 1
1472 55 0
1473 79 1
1474 10 1
1475 155 1
1476 80 0
1477 117 1
1478 61 1
1479 97 0
1480 60 1
1481 101 1
1482 113 0
1483 79 0
1484 134 0
1485 139 1
1486 98 1
1487 29 1
1488 34 1
1489 45 0
1490 30 0
1491 2 0
1492 114 1
1493 22 1
1494 90 0
1495 74 1
1496 55 1
1497 94 0
1498 68 1
1499 67 1
1500 3 1
1501 131 1
1502 47 1
1503 22 0
1504 37 1
1505 53 1
1506 34 1
1507 103 1
1508 27 1
1509 91 1
1510 12 1
1511 35 1
1512 33 1
1513 87 1
1514 80 1
1515 155 1
1516 54 1
1517 111 1
1518 130 1
1519 109 1
1520 126 1
1521 1 1
1522 70 1
1523 2 1
1524 155 1
1525 55 0
1526 110 1
1527 86 0
1528 157 1
1529 11 1
1530 106 1
1531 4 0
1532 62 0
1533 28 1
1534 16 1
1535 52 1
1536 67 1
1537 155 1
1538 83 1
1539 1 1
1540 103 0
1541 99 1
1542 0 1
1543 50 1
1544 137 1
1545 77 1
1546 155 1
1547 85 0
1548 49 1
1549 102 1
1550 18 1
1551 59 1
1552 48 1
1553 149 1
1554 66 1
1555 147 1
1556 60 1
1557 76 0
1558 125 1
1559 143 1
1560 115 1
1561 28 1
1562 80 1
1563 95 0
1564 152 1
1565 46 0
1566 118 1
1567 24 1
1568 14 0
1569 149 1
1570 17 1
1571 101 1
1572 151 1
1573 63 0
1574 72 0
1575 72 1
1576 121 0
1577 65 1
1578 139 0
1579 98 1
1580 124 1
1581 155 1
1582 17 1
1583 16 1
1584 131 0
1585 37 1
1586 154 1
1587 152 1
1588 84 1
1589 115 1
1590 115 1
1591 110 0
1592 54 1
1593 46 0
1594 102 1
1595 104 1
1596 140 1
1597 2 0
1598 58 1
1599 115 1
1600 120 0
1601 104 1
1602 144 1
1603 29 0
1604 6 1
1605 151 1
1606 25 1
1607 125 0
1608 44 1
1609 125 0
1610 82 1
1611 150 1
1612 96 1
1613 147 1
1614 22 1
1615 110 0
1616 35 1
1617 24 1
1618 90 1
1619 100 1
1620 50 1
1621 144 1
1622 120 1
1623 80 1
1624 48 1
1625 88 0
1626 42 1
1627 45 1
1628 157 1
1629 145 1
1630 149 0
1631 88 1
1632 5 1
1633 56 1
1634 92 1
1635 118 1
1636 15 1
1637 58 1
1638 54 1
1639 77 1
1640 111 1
1641 158 0
1642 85 1
1643 59 0
1644 89 0
1645 114 0
1646 69 0
1647 115 0
1648 81 1
1649 95 1
1650 94 0
1651 82 1
1652 157 0
1653 96 1
1654 46 1
1655 6 0
1656 105 1
1657 77 1
1658 135 1
1659 125 1
1660 109 1
1661 156 0
1662 49 0
1663 19 1
1664 51 1
1665 156 1
1666 95 1
1667 107 1
1668 61 1
1669 157 1
1670 144 0
1671 31 0
1672 95 0
1673 133 1
1674 13 1
1675 147 0
1676 32 1
1677 67 1
1678 24 0
1679 64 1
1680 126 1
1681 72 1
1682 142 1
1683 82 0
1684 150 1
1685 4 1
1686 84 1
1687 77 1
1688 155 1
1689 102 1
1690 3 1
1691 57 0
1692 2 0
1693 42 1
1694 136 0
1695 27 1
1696 95 1
1697 7 1
1698 46 0
1699 133 1
1700 95 0
1701 24 1
1702 25 1
1703 52 0
1704 5 1
1705 42 1
1706 98 0
1707 43 0
1708 76 1
1709 53 0
1710 45 1
1711 157 0
1712 106 1
1713 144 1
1714 106 1
1715 42 0
1716 108 0
1717 149 1
1718 95 1
1719 91 1
1720 49 0
1721 120 1
1722 85 1
1723 15 1
1724 101 0
1725 55 1
1726 0 1
1727 53 1
1728 71 0
1729 112 0
1730 9 1
1731 146 1
1732 147 0
1733 28 1
1734 116 0
1735 36 1
1736 20 0
1737 80 1
1738 12 1
1739 107 0
1740 100 1
1741 101 0
1742 68 0
1743 59 1
1744 45 1
1745 84 1
1746 19 1
1747 97 1
1748 145 0
1749 102 1
1750 12 1
1751 34 1
1752 61 0
1753 63 0
1754 146 1
1755 113 0
1756 99 1
1757 40 1
1758 63 0
1759 74 0
1760 123 1
1761 89 1
1762 8 1
1763 75 0
1764 79 1
1765 22 0
1766 82 0
1767 49 1
1768 108 1
1769 69 0
1770 49 0
1771 35 1
1772 90 1
1773 9 1
1774 100 1
1775 29 1
1776 94 1
1777 58 1
1778 71 1
1779 22 1
1780 4 1
1781 93 0
1782 112 0
1783 82 1
1784 106 1
1785 8 1
1786 112 1
1787 156 0
1788 118 0
1789 123 0
1790 16 1
1791 135 1
1792 122 1
1793 54 0
1794 95 1
1795 37 1
1796 47 1
1797 112 1
1798 125 1
1799 72 1
1800 124 1
1801 80 1
1802 50 1
1803 47 0
1804 94 0
1805 155 1
1806 15 1
1807 148 1
1808 92 1
1809 23 0
1810 46 0
1811 128 1
1812 43 0
1813 105 0
1814 128 0
1815 92 1
1816 111 0
1817 97 0
1818 16 0
1819 97 1
1820 81 1
1821 148 1
1822 151 0
1823 85 1
1824 106 1
1825 113 0
1826 21 1
1827 99 0
1828 100 1
1829 158 1
1830 75 1
1831 16 1
1832 31 0
1833 115 0
1834 25 1
1835 11 1
1836 73 0
1837 140 0
1838 63 1
1839 149 1
1840 27 0
1841 89 0
1842 122 0
1843 39 0
1844 1 1
1845 145 1
1846 57 0
1847 115 1
1848 126 0
1849 147 1
1850 124 1
1851 36 1
1852 84 0
1853 29 0
1854 9 1
1855 84 1
1856 134 0
1857 86 0
1858 129 0
1859 14 0
1860 16 1
1861 143 1
1862 13 1
1863 14 1
1864 11 1
1865 143 1
1866 87 1
1867 26 0
1868 37 1
1869 12 1
1870 87 0
1871 83 1
1872 36 1
1873 97 1
1874 147 1
1875 147 1
1876 37 1
1877 89 1
1878 157 1
1879 116 1
1880 31 1
1881 83 1
1882 120 0
1883 142 0
1884 17 1
1885 129 1
1886 17 1
1887 19 1
1888 75 1
1889 71 1
1890 154 1
1891 153 1
1892 43 1
1893 94 0
1894 112 0
1895 63 1
1896 3 1
1897 40 1
1898 22 0
1899 132 1
1900 29 0
1901 70 1
1902 82 0
1903 25 1
1904 47 1
1905 147 1
1906 8 0
1907 0 1
1908 76 0
1909 93 0
1910 156 0
1911 25 1
1912 69 0
1913 49 1
1914 99 1
1915 58 0
1916 51 1
1917 100 1
1918 144 1
1919 58 0
1920 74 0
1921 0 0
1922 114 1
1923 133 1
1924 106 0
1925 146 1
1926 76 1
1927 30 1
1928 88 1
1929 5 1
1930 28 0
1931 82 1
1932 32 1
1933 138 1
1934 86 0
1935 134 0
1936 85 0
1937 9 1
1938 146 1
1939 157 1
1940 62 0
1941 48 1
1942 9 1
1943 52 1
1944 84 1
1945 52 1
1946 46 0
1947 117 1
1948 95 0
1949 107 0
1950 60 0
1951 108 1
1952 69 1
1953 123 0
1954 112 1
1955 1 1
1956 118 1
1957 6 1
1958 139 1
1959 152 1
1960 126 1
1961 28 1
1962 32 1
1963 103 1
1964 93 1
1965 2 0
1966 59 1
1967 77 1
1968 80 1
1969 36 0
1970 89 0
1971 134 1
1972 24 0
1973 102 1
1974 51 0
1975 153 1
1976 67 1
1977 43 0
1978 93 0
1979 79 1
1980 123 1
1981 33 1
1982 119 1
1983 4 0
1984 78 0
1985 74 1
1986 15 1
1987 142 1
1988 41 0
1989 43 0
1990 107 0
1991 122 1
1992 144 0
1993 40 1
1994 4 0
1995 116 1
1996 128 1
1997 87 1
1998 113 1
1999 128 0
2000 143 1
2001 137 1
2002 103 1
2003 123 0
2004 57 1
2005 89 0
2006 55 0
2007 105 1
2008 69 0
2009 129 1
2010 33 1
2011 52 0
2012 88 1
2013 16 1
2014 83 1
2015 12 1
2016 40 1
2017 77 1
2018 121 1
2019 140 1
2020 59 0
2021 25 1
2022 134 1
2023 80 1
2024 43 1
2025 129 0
2026 63 0
2027 89 1
2028 100 1
2029 131 0
2030 102 0
2031 103 1
2032 144 1
2033 137 1
2034 74 1
2035 125 0
2036 42 1
2037 89 1
2038 133 1
2039 73 0
2040 146 1
2041 105 1
2042 4 0
2043 53 1
2044 152 1
2045 128 0
2046 20 1
2047 4 1
2048 105 0
2049 111 1
2050 38 1
2051 79 0
2052 80 0
2053 109 1
2054 105 1
2055 83 1
2056 4 0
2057 153 1
2058 75 0
2059 112 0
2060 158 1
2061 4 0
2062 6 0
2063 25 1
2064 87 0
2065 142 1
2066 140 1
2067 58 1
2068 83 1
2069 127 0
2070 42 1
2071 132 1
2072 91 0
2073 140 1
2074 15 0
2075 76 1
2076 102 1
2077 118 0
2078 26 0
2079 72 1
2080 47 0
2081 6 1
2082 44 1
2083 101 1
2084 157 1
2085 83 1
2086 132 1
2087 98 1
2088 24 1
2089 158 1
2090 100 1
2091 64 1
2092 8 0
2093 77 0
2094 93 1
2095 0 1
2096 131 1
2097 21 1
2098 155 1
2099 70 0
2100 129 1
2101 131 1
2102 137 0
2103 94 1
2104 76 1
2105 138 0
2106 20 0
2107 60 0
2108 152 0
2109 75 1
2110 139 0
2111 79 1
2112 8 0
2113 139 0
2114 1 1
2115 95 1
2116 56 1
2117 85 1
2118 63 1
2119 133 1
2120 124 1
2121 157 1
2122 155 1
2123 100 1
2124 134 1
2125 88 0
2126 91 0
2127 78 1
2128 46 0
2129 115 1
2130 119 0
2131 103 1
2132 44 1
2133 62 1
2134 61 0
2135 14 0
2136 148 0
2137 13 1
2138 83 1
2139 146 1
2140 55 1
2141 24 0
2142 94 1
2143 98 0
2144 12 1
2145 113 1
2146 116 1
2147 1 1
2148 99 1
2149 119 1
2150 26 1
2151 113 1
2152 158 1
2153 97 0
2154 91 0
2155 151 0
2156 11 1
2157 60 0
2158 45 0
2159 98 1
2160 138 1
2161 41 1
2162 122 1
2163 22 0
2164 117 1
2165 74 1
2166 127 1
2167 10 1
2168 7 1
2169 134 0
2170 44 1
2171 12 0
2172 154 1
2173 99 1
2174 71 1
2175 108 1
2176 102 1
2177 71 1
2178 44 1
2179 138 0
2180 13 0
2181 71 1
2182 94 1
2183 108 1
2184 116 0
2185 52 0
2186 147 1
2187 68 1
2188 63 1
2189 108 1
2190 58 1
2191 37 1
2192 59 0
2193 78 0
2194 139 1
2195 106 1
2196 122 1
2197 134 0
2198 27 1
2199 11 0
2200 103 1
2201 81 1
2202 128 1
2203 0 1
2204 10 0
2205 20 0
2206 18 1
2207 155 1
2208 92 0
2209 33 1
2210 142 1
2211 151 1
2212 85 1
2213 15 0
2214 61 0
2215 33 0
2216 90 1
2217 23 1
2218 31 1
2219 103 1
2220 143 0
2221 36 1
2222 107 1
2223 91 0
2224 32 1
2225 124 1
2226 31 1
2227 133 1
2228 95 0
2229 80 1
2230 16 1
2231 15 1
2232 154 0
2233 102 1
2234 73 0
2235 153 0
2236 96 1
2237 145 0
2238 148 0
2239 11 0
2240 128 1
2241 49 1
2242 19 1
2243 128 0
2244 12 0
2245 124 0
2246 89 1
2247 145 1
2248 103 1
2249 36 0
2250 62 1
2251 87 0
2252 62 1
2253 129 1
2254 3 0
2255 158 1
2256 42 1
2257 142 1
2258 156 1
2259 29 0
2260 13 1
2261 49 1
2262 59 1
2263 112 1
2264 136 1
2265 117 1
2266 20 1
2267 49 0
2268 45 0
2269 60 1
2270 85 0
2271 31 1
2272 45 1
2273 127 1
2274 137 0
2275 63 1
2276 2 1
2277 19 0
2278 1 1
2279 75 1
2280 46 1
2281 113 0
2282 5 1
2283 75 1
2284 34 0
2285 24 1
2286 132 0
2287 99 1
2288 81 0
2289 145 1
2290 75 1
2291 50 0
2292 89 0
2293 149 1
2294 126 0
2295 5 1
2296 26 0
2297 6 0
2298 132 0
2299 8 0
2300 154 0
2301 53 1
2302 99 1
2303 71 1
2304 72 0
2305 80 1
2306 34 1
2307 77 1
2308 51 0
2309 150 1
2310 59 0
2311 116 1
2312 125 0
2313 128 1
2314 131 1
2315 32 1
2316 20 0
2317 106 1
2318 89 1
2319 66 0
2320 2 1
2321 2 1
2322 128 1
2323 96 0
2324 157 0
2325 123 1
2326 9 1
2327 80 1
2328 130 1
2329 0 1
2330 37 0
2331 80 0
2332 43 1
2333 29 0
2334 131 1
2335 61 1
2336 9 1
2337 107 1
2338 79 1
2339 84 0
2340 58 0
2341 146 1
2342 56 1
2343 54 1
2344 128 1
2345 140 1
2346 97 0
2347 150 1
2348 15 1
2349 39 0
2350 42 1
2351 131 0
2352 100 0
2353 116 0
2354 50 1
2355 109 1
2356 101 0
2357 27 0
2358 16 1
2359 110 1
2360 146 1
2361 78 0
2362 5 1
2363 150 1
2364 100 1
2365 18 1
2366 142 1
2367 121 1
2368 81 0
2369 115 1
2370 45 1
2371 91 1
2372 14 1
2373 71 1
2374 126 1
2375 27 1
2376 51 1
2377 39 1
2378 26 1
2379 87 0
2380 146 1
2381 37 0
2382 107 1
2383 151 1
2384 88 1
2385 12 0
2386 25 1
2387 132 1
2388 147 1
2389 80 0
2390 79 1
2391 69 1
2392 139 1
2393 39 1
2394 64 0
2395 60 1
2396 158 1
2397 119 0
2398 107 0
2399 146 0
2400 70 0
2401 95 1
2402 28 0
2403 145 1
2404 40 0
2405 131 1
2406 16 0
2407 101 1
2408 1 1
2409 88 1
2410 34 1
2411 128 1
2412 97 0
2413 65 0
2414 51 0
2415 81 1
2416 136 1
2417 143 0
2418 13 1
2419 106 1
2420 123 1
2421 98 1
2422 45 1
2423 146 0
2424 107 1
2425 38 1
2426 150 1
2427 15 1
2428 107 1
2429 134 0
2430 143 1
2431 47 1
2432 86 0
2433 136 0
2434 88 1
2435 152 0
2436 14 1
2437 43 0
2438 142 1
2439 117 0
2440 32 1
2441 72 1
2442 14 0
2443 39 0
2444 104 1
2445 121 0
2446 82 0
2447 60 1
2448 126 0
2449 108 1
2450 132 1
2451 118 0
2452 44 1
2453 57 0
2454 118 0
2455 118 0
2456 96 1
2457 15 1
2458 56 1
2459 73 1
2460 154 0
2461 16 1
2462 56 1
2463 13 0
2464 125 1
2465 16 1
2466 75 0
2467 96 1
2468 63 1
2469 73 1
2470 10 0
2471 13 1
2472 76 1
2473 59 1
2474 94 1
2475 60 1
2476 105 0
2477 19 1
2478 80 1
2479 36 0
2480 79 1
2481 82 0
2482 113 1
2483 41 0
2484 99 0
2485 124 1
2486 73 1
2487 143 1
2488 18 1
2489 134 1
2490 27 0
2491 54 0
2492 38 1
2493 145 1
2494 31 0
2495 17 0
2496 1 1
2497 32 0
2498 44 1
2499 57 1
2500 114 1
2501 106 0
2502 86 1
2503 115 1
2504 59 0
2505 69 1
2506 51 0
2507 156 0
2508 49 1
2509 134 1
2510 6 1
2511 118 1
2512 102 1
2513 48 1
2514 150 1
2515 143 0
2516 54 1
2517 59 1
2518 106 1
2519 12 0
2520 31 1
2521 29 0
2522 57 1
2523 99 0
2524 10 0
2525 114 0
2526 4 1
2527 35 1
2528 75 1
2529 105 0
2530 42 1
2531 12 1
2532 105 0
2533 89 1
2534 98 0
2535 143 0
2536 34 1
2537 139 0
2538 40 0
2539 51 0
2540 5 0
2541 78 1
2542 90 0
2543 42 1
2544 49 1
2545 158 1
2546 4 0
2547 40 1
2548 20 1
2549 3 1
2550 156 1
2551 16 1
2552 12 1
2553 60 1
2554 86 1
2555 29 1
2556 128 1
2557 27 1
2558 147 1
2559 77 1
2560 142 1
2561 140 1
2562 98 1
2563 23 1
2564 76 1
2565 79 1
2566 24 1
2567 41 0
2568 17 0
2569 16 1
2570 139 0
2571 120 1
2572 79 1
2573 20 1
2574 68 1
2575 115 1
2576 99 1
2577 124 0
2578 128 0
2579 84 1
2580 25 1
2581 55 0
2582 25 1
2583 98 1
2584 125 1
2585 156 1
2586 85 0
2587 66 0
2588 43 1
2589 9 1
2590 110 1
2591 15 1
2592 147 0
2593 16 1
2594 139 0
2595 14 1
2596 30 0
2597 67 1
2598 93 1
2599 34 0
2600 46 1
2601 16 1
2602 85 1
2603 148 1
2604 11 1
2605 7 1
2606 49 0
2607 98 0
2608 88 1
2609 7 0
2610 66 1
2611 1 1
2612 17 1
2613 3 1
2614 0 0
2615 21 0
2616 153 1
2617 29 0
2618 47 1
2619 49 1
2620 28 1
2621 31 1
2622 5 0
2623 52 1
2624 96 0
2625 88 1
2626 92 1
2627 26 0
2628 9 0
2629 72 1
2630 152 1
2631 66 0
2632 142 1
2633 153 0
2634 51 0
2635 99 1
2636 111 1
2637 9 1
2638 28 0
2639 61 1
2640 47 0
2641 139 1
2642 17 1
2643 100 1
2644 48 0
2645 121 0
2646 33 0
2647 114 1
2648 136 1
2649 132 0
2650 4 1
2651 119 1
2652 129 0
2653 83 1
2654 115 1
2655 134 1
2656 72 1
2657 153 1
2658 47 1
2659 43 1
2660 108 0
2661 63 1
2662 45 1
2663 10 1
2664 138 1
2665 62 1
2666 66 1
2667 109 0
2668 76 0
2669 120 1
2670 114 0
2671 121 0
2672 136 0
2673 44 1
2674 51 1
2675 131 1
2676 103 1
2677 79 1
2678 149 1
2679 23 0
2680 83 1
2681 122 0
2682 118 1
2683 113 1
2684 31 1
2685 79 0
2686 22 1
2687 26 1
2688 8 1
2689 119 1
2690 83 1
2691 72 0
2692 63 0
2693 102 1
2694 93 1
2695 108 0
2696 148 0
2697 19 1
2698 70 0
2699 154 1
2700 59 0
2701 100 0
2702 126 0
2703 91 1
2704 37 1
2705 121 1
2706 154 0
2707 158 0
2708 111 1
2709 112 1
2710 80 0
2711 148 1
2712 145 1
2713 29 1
2714 152 1
2715 84 1
2716 110 1
2717 144 1
2718 77 1
2719 139 0
2720 138 0
2721 86 1
2722 135 1
2723 118 0
2724 40 0
2725 144 1
2726 144 1
2727 41 1
2728 152 1
2729 113 1
2730 107 1
2731 49 1
2732 75 1
2733 147 0
2734 121 1
2735 119 1
2736 69 0
2737 1 1
2738 143 1
2739 70 0
2740 43 0
2741 70 1
2742 40 0
2743 85 1
2744 109 1
2745 31 0
2746 3 1
2747 41 1
2748 41 1
2749 157 1
2750 83 0
2751 30 1
2752 15 1
2753 124 1
2754 3 0
2755 24 0
2756 16 1
2757 1 0
2758 133 1
2759 101 0
2760 51 1
2761 66 1
2762 138 1
2763 144 0
2764 148 1
2765 35 1
2766 111 1
2767 152 1
2768 34 1
2769 126 1
2770 79 0
2771 10 1
2772 98 0
2773 4 1
2774 108 1
2775 7 0
2776 89 1
2777 151 1
2778 106 1
2779 26 1
2780 45 0
2781 21 1
2782 52 1
2783 49 0
2784 57 1
2785 51 1
2786 105 1
2787 84 1
2788 10 1
2789 127 0
2790 130 0
2791 130 1
2792 133 1
2793 65 1
2794 25 0
2795 28 1
2796 152 1
2797 78 0
2798 148 1
2799 144 1
2800 155 0
2801 109 1
2802 34 1
2803 156 1
2804 133 0
2805 89 1
2806 25 1
2807 16 1
2808 34 1
2809 91 1
2810 14 1
2811 55 1
2812 95 1
2813 150 1
2814 112 1
2815 57 1
2816 23 0
2817 62 0
2818 127 1
2819 102 1
2820 110 0
2821 58 1
2822 29 1
2823 146 1
2824 157 1
2825 48 1
2826 124 0
2827 105 0
2828 88 1
2829 70 1
2830 157 1
2831 2 1
2832 136 0
2833 5 1
2834 51 0
2835 58 1
2836 150 0
2837 64 1
2838 118 0
2839 9 0
2840 130 1
2841 128 1
2842 86 0
2843 81 0
2844 23 0
2845 67 1
2846 47 1
2847 54 1
2848 135 1
2849 65 1
2850 92 0
2851 114 1
2852 8 1
2853 29 0
2854 157 1
2855 9 0
2856 21 1
2857 76 1
2858 64 1
2859 48 1
2860 2 0
2861 121 1
2862 112 0
2863 84 1
2864 2 1
2865 41 1
2866 41 1
2867 104 1
2868 27 1
2869 27 1
2870 98 0
2871 6 0
2872 25 0
2873 153 0
2874 91 1
2875 30 1
2876 10 1
2877 69 1
2878 19 1
2879 136 1
2880 156 0
2881 116 1
2882 26 0
2883 98 1
2884 46 1
2885 5 1
2886 87 1
2887 116 0
2888 19 1
2889 128 0
2890 4 0
2891 130 1
2892 2 0
2893 137 1
2894 132 0
2895 128 0
2896 144 1
2897 8 0
2898 157 0
2899 65 0
2900 83 0
2901 115 1
2902 7 1
2903 134 1
2904 108 1
2905 147 1
2906 29 0
2907 139 0
2908 97 1
2909 65 0
2910 84 1
2911 40 0
2912 46 1
2913 81 1
2914 6 1
2915 100 1
2916 68 0
2917 111 1
2918 55 0
2919 112 1
2920 116 1
2921 55 0
2922 157 1
2923 30 0
2924 78 1
2925 91 1
2926 129 0
2927 74 1
2928 31 1
2929 72 1
2930 154 1
2931 137 1
2932 155 1
2933 65 0
2934 101 1
2935 153 1
2936 56 1
2937 131 0
2938 10 1
2939 75 0
2940 23 1
2941 18 0
2942 64 1
2943 21 0
2944 100 0
2945 69 0
2946 117 1
2947 84 1
2948 147 0
2949 103 1
2950 105 0
2951 75 1
2952 72 0
2953 142 1
2954 134 1
2955 96 1
2956 66 1
2957 76 0
2958 59 1
2959 4 0
2960 42 0
2961 21 1
2962 47 1
2963 126 0
2964 107 1
2965 136 1
2966 93 1
2967 141 1
2968 110 1
2969 99 1
2970 108 0
2971 94 1
2972 3 0
2973 157 0
2974 35 1
2975 148 0
2976 1 0
2977 90 0
2978 43 1
2979 21 1
2980 138 1
2981 56 1
2982 136 1
2983 4 1
2984 14 0
2985 25 0
2986 150 1
2987 64 1
2988 57 1
2989 143 1
2990 75 0
2991 23 1
2992 143 1
2993 136 0
2994 22 1
2995 115 1
2996 81 0
2997 158 1
2998 61 1
2999 157 1
3000 117 1
3001 123 0
3002 142 1
3003 29 0
3004 101 1
3005 145 0
3006 146 0
3007 94 0
3008 48 1
3009 95 1
3010 154 1
3011 156 0
3012 148 1
3013 61 1
3014 10 1
3015 136 1
3016 8 1
3017 2 1
3018 55 1
3019 43 1
3020 130 1
3021 15 0
3022 123 1
3023 100 0
3024 32 1
3025 93 0
3026 87 1
3027 114 0
3028 97 0
3029 137 1
3030 86 0
3031 86 1
3032 55 1
3033 97 0
3034 132 0
3035 34 1
3036 96 1
3037 147 1
3038 95 1
3039 158 1
3040 124 1
3041 6 1
3042 35 1
3043 139 1
3044 63 1
3045 92 1
3046 72 1
3047 11 0
3048 119 1
3049 90 1
3050 89 1
3051 122 0
3052 25 0
3053 13 1
3054 39 0
3055 99 0
3056 30 1
3057 67 1
3058 151 1
3059 124 0
3060 90 1
3061 131 1
3062 2 0
3063 141 1
3064 17 1
3065 55 1
3066 48 0
3067 144 0
3068 54 1
3069 45 1
3070 95 0
3071 108 1
3072 90 1
3073 32 1
3074 74 0
3075 149 1
3076 139 0
3077 93 1
3078 30 1
3079 30 1
3080 74 1
3081 6 0
3082 115 0
3083 48 1
3084 74 0
3085 115 1
3086 5 0
3087 135 1
3088 92 0
3089 31 1
3090 16 1
3091 98 0
3092 69 1
3093 149 1
3094 120 0
3095 158 1
3096 117 1
3097 10 0
3098 81 1
3099 11 1
3100 79 1
3101 6 0
3102 43 1
3103 32 1
3104 2 1
3105 70 1
3106 11 0
3107 26 1
3108 53 1
3109 105 0
3110 121 1
3111 61 1
3112 35 0
3113 6 1
3114 56 1
3115 38 1
3116 154 1
3117 146 0
3118 112 0
3119 16 0
3120 9 1
3121 58 0
3122 106 0
3123 26 0
3124 26 1
3125 26 1
3126 3 1
3127 80 1
3128 85 1
3129 7 0
3130 114 1
3131 44 0
3132 16 1
3133 148 1
3134 61 1
3135 9 1
3136 102 1
3137 16 1
3138 4 1
3139 62 0
3140 100 1
3141 30 0
3142 28 1
3143 67 0
3144 48 1
3145 21 1
3146 46 0
3147 39 1
3148 22 1
3149 31 0
3150 45 0
3151 80 1
3152 44 1
3153 49 0
3154 65 0
3155 90 1
3156 126 0
3157 35 0
3158 83 1
3159 34 1
3160 103 1
3161 146 1
3162 121 1
3163 52 0
3164 139 1
3165 5 0
3166 60 0
3167 99 1
3168 109 0
3169 5 1
3170 101 1
3171 33 1
3172 142 1
3173 74 1
3174 12 1
3175 49 1
3176 89 0
3177 117 0
3178 62 1
3179 132 1
3180 31 0
3181 68 1
3182 64 0
3183 49 1
3184 83 1
3185 126 1
3186 150 1
3187 104 0
3188 68 1
3189 125 1
3190 138 0
3191 134 1
3192 137 1
3193 46 1
3194 29 1
3195 9 0
3196 156 1
3197 5 0
3198 97 1
3199 13 1
3200 108 1
3201 57 1
3202 65 0
3203 84 0
3204 32 1
3205 67 1
3206 77 0
3207 80 0
3208 60 1
3209 106 1
3210 145 0
3211 3 1
3212 46 1
3213 56 0
3214 147 1
3215 17 1
3216 135 0
3217 48 1
3218 3 1
3219 102 1
3220 109 0
3221 47 1
3222 63 1
3223 93 1
3224 20 1
3225 139 0
3226 82 1
3227 0 1
3228 76 1
3229 124 1
3230 138 1
3231 13 1
3232 141 0
3233 8 1
3234 119 1
3235 106 0
3236 131 1
3237 107 1
3238 132 0
3239 85 0
3240 82 1
3241 10 1
3242 60 0
3243 60 0
3244 78 1
3245 53 0
3246 92 1
3247 24 1
3248 53 1
3249 145 0
3250 69 0
3251 94 1
3252 12 1
3253 88 0
3254 10 1
3255 63 0
3256 5 0
3257 108 1
3258 9 1
3259 128 0
3260 119 0
3261 156 0
3262 14 0
3263 53 0
3264 54 1
3265 6 0
3266 57 0
3267 16 1
3268 69 1
3269 65 0
3270 44 1
3271 97 1
3272 53 0
3273 41 0
3274 141 1
3275 2 0
3276 117 1
3277 80 1
3278 106 1
3279 124 1
3280 98 1
3281 61 1
3282 157 1
3283 76 0
3284 34 1
3285 72 1
3286 121 1
3287 55 1
3288 142 1
3289 88 1
3290 107 0
3291 77 0
3292 102 1
3293 123 1
3294 142 1
3295 62 1
3296 145 1
3297 3 0
3298 53 1
3299 137 0
3300 72 1
3301 93 0
3302 146 1
3303 60 1
3304 85 1
3305 31 1
3306 92 1
3307 110 1
3308 118 0
3309 10 1
3310 3 1
3311 109 1
3312 48 1
3313 134 1
3314 44 0
3315 115 0
3316 15 1
3317 3 1
3318 123 1
3319 143 1
3320 139 1
3321 20 1
3322 136 1
3323 33 1
3324 45 1
3325 38 0
3326 127 0
3327 39 1
3328 28 1
3329 128 1
3330 63 1
3331 115 0
3332 145 1
3333 8 0
3334 109 0
3335 97 1
3336 19 1
3337 87 1
3338 89 1
3339 18 1
3340 4 1
3341 109 1
3342 130 1
3343 158 1
3344 99 1
3345 83 1
3346 65 0
3347 83 0
3348 84 1
3349 98 1
3350 94 1
3351 134 0
3352 154 1
3353 36 1
3354 23 0
3355 144 1
3356 37 1
3357 96 0
3358 95 1
3359 19 1
3360 76 0
3361 40 1
3362 67 1
3363 44 0
3364 66 1
3365 38 1
3366 105 0
3367 41 0
3368 2 1
3369 36 1
3370 58 1
3371 65 0
3372 128 0
3373 115 0
3374 24 1
3375 26 1
3376 77 1
3377 8 1
3378 41 1
3379 63 1
3380 122 1
3381 109 0
3382 127 1
3383 95 1
3384 154 1
3385 81 1
3386 79 1
3387 1 1
3388 1 0
3389 39 0
3390 17 0
3391 52 1
3392 58 0
3393 91 1
3394 124 1
3395 48 1
3396 108 1
3397 82 1
3398 0 1
3399 132 1
3400 1 1
3401 61 1
3402 53 1
3403 55 1
3404 31 1
3405 5 1
3406 86 1
3407 154 1
3408 129 1
3409 84 1
3410 7 1
3411 108 1
3412 141 0
3413 44 1
3414 60 1
3415 149 1
3416 83 1
3417 68 1
3418 50 1
3419 42 1
3420 144 1
3421 141 1
3422 116 1
3423 141 1
3424 148 1
3425 106 1
3426 51 1
3427 49 1
3428 12 0
3429 102 0
3430 122 1
3431 60 0
3432 154 0
3433 34 1
3434 104 0
3435 53 1
3436 50 1
3437 87 1
3438 23 0
3439 19 1
3440 148 1
3441 104 1
3442 107 0
3443 0 1
3444 15 0
3445 44 0
3446 46 1
3447 110 0
3448 84 1
3449 98 1
3450 147 0
3451 46 1
3452 38 0
3453 130 1
3454 55 1
3455 84 1
3456 41 0
3457 11 1
3458 109 1
3459 120 0
3460 125 0
3461 114 0
3462 35 0
3463 65 1
3464 61 0
3465 75 1
3466 7 1
3467 98 0
3468 107 1
3469 43 1
3470 70 0
3471 133 1
3472 82 0
3473 112 1
3474 81 1
3475 94 1
3476 4 0
3477 145 1
3478 51 1
3479 11 0
3480 66 0
3481 14 0
3482 60 1
3483 129 0
3484 34 1
3485 96 1
3486 66 1
3487 143 1
3488 66 1
3489 118 0
3490 22 1
3491 36 1
3492 114 1
3493 77 1
3494 84 0
3495 46 0
3496 111 1
3497 149 1
3498 25 1
3499 31 0
3500 143 1
3501 6 1
3502 50 1
3503 136 1
3504 23 1
3505 32 1
3506 75 0
3507 83 1
3508 102 0
3509 123 0
3510 100 0
3511 104 0
3512 155 0
3513 150 1
3514 66 1
3515 8 0
3516 2 0
3517 112 1
3518 100 1
3519 96 1
3520 110 1
3521 95 1
3522 122 0
3523 143 1
3524 105 1
3525 19 1
3526 43 1
3527 109 1
3528 143 1
3529 72 0
3530 134 0
3531 27 0
3532 31 1
3533 30 1
3534 154 1
3535 22 1
3536 21 1
3537 58 0
3538 147 1
3539 50 1
3540 1 0
3541 76 1
3542 118 0
3543 95 0
3544 53 1
3545 153 0
3546 100 1
3547 90 1
3548 86 1
3549 30 0
3550 99 0
3551 39 0
3552 21 1
3553 106 1
3554 151 0
3555 113 1
3556 78 1
3557 123 0
3558 56 0
3559 66 1
3560 152 0
3561 148 1
3562 8 1
3563 151 1
3564 53 0
3565 113 0
3566 0 1
3567 114 1
3568 17 0
3569 30 1
3570 70 0
3571 87 1
3572 14 1
3573 111 0
3574 110 1
3575 32 0
3576 6 1
3577 123 1
3578 112 1
3579 46 1
3580 63 0
3581 0 0
3582 79 1
3583 84 0
3584 28 1
3585 31 0
3586 109 1
3587 13 1
3588 96 0
3589 46 0
3590 69 0
3591 78 0
3592 110 0
3593 101 1
3594 10 1
3595 155 1
3596 74 1
3597 137 1
3598 37 1
3599 17 1
3600 103 1
3601 89 1
3602 94 1
3603 29 1
3604 78 0
3605 5 1
3606 79 1
3607 75 0
3608 63 1
3609 105 1
3610 17 1
3611 72 1
3612 24 0
3613 97 0
3614 39 1
3615 52 1
3616 90 1
3617 47 1
3618 10 1
3619 67 1
3620 151 0
3621 89 1
3622 93 1
3623 39 0
3624 34 1
3625 155 1
3626 13 1
3627 153 1
3628 119 1
3629 25 1
3630 133 1
3631 152 0
3632 71 1
3633 26 0
3634 43 0
3635 23 0
3636 18 1
3637 44 1
3638 43 0
3639 120 1
3640 154 0
3641 139 1
3642 27 1
3643 57 1
3644 152 1
3645 83 0
3646 98 0
3647 127 1
3648 43 0
3649 103 1
3650 98 1
3651 134 0
3652 90 0
3653 81 0
3654 29 1
3655 63 1
3656 85 1
3657 43 0
3658 104 0
3659 37 0
3660 121 1
3661 75 1
3662 122 1
3663 155 0
3664 122 0
3665 20 1
3666 152 1
3667 30 1
3668 99 1
3669 144 0
3670 6 1
3671 78 0
3672 18 0
3673 56 1
3674 75 1
3675 60 0
3676 139 0
3677 23 1
3678 104 1
3679 35 0
3680 45 1
3681 140 1
3682 61 0
3683 49 1
3684 134 0
3685 130 1
3686 8 1
3687 83 1
3688 24 1
3689 75 1
3690 158 1
3691 62 1
3692 123 1
3693 93 1
3694 30 1
3695 147 1
3696 36 1
3697 41 1
3698 77 0
3699 25 1
3700 50 0
3701 44 1
3702 58 1
3703 96 1
3704 34 1
3705 107 0
3706 1 1
3707 24 0
3708 21 1
3709 45 0
3710 97 0
3711 127 1
3712 14 1
3713 157 0
3714 99 1
3715 69 1
3716 116 1
3717 145 1
3718 8 0
3719 23 0
3720 106 0
3721 1 1
3722 66 1
3723 73 1
3724 153 1
3725 139 1
3726 78 1
3727 151 1
3728 43 0
3729 36 1
3730 110 1
3731 144 0
3732 71 1
3733 83 1
3734 64 1
3735 47 0
3736 89 0
3737 119 0
3738 85 1
3739 10 1
3740 4 1
3741 13 1
3742 23 1
3743 27 1
3744 7 1
3745 61 1
3746 22 1
3747 25 0
3748 28 1
3749 99 0
3750 152 1
3751 104 1
3752 121 1
3753 4 1
3754 24 0
3755 54 0
3756 4 0
3757 37 1
3758 83 1
3759 105 1
3760 139 0
3761 59 0
3762 138 0
3763 22 0
3764 45 0
3765 100 1
3766 34 1
3767 46 1
3768 36 1
3769 130 0
3770 65 1
3771 100 1
3772 103 1
3773 35 1
3774 54 0
3775 129 1
3776 74 0
3777 122 0
3778 40 1
3779 146 1
3780 32 0
3781 135 0
3782 143 1
3783 74 0
3784 0 0
3785 93 1
3786 81 1
3787 146 0
3788 24 0
3789 138 0
3790 89 1
3791 38 1
3792 63 0
3793 57 1
3794 156 1
3795 42 1
3796 142 1
3797 33 0
3798 126 1
3799 74 1
3800 79 0
3801 44 0
3802 127 0
3803 112 0
3804 139 1
3805 155 0
3806 125 1
3807 73 1
3808 132 1
3809 144 1
3810 27 1
3811 11 0
3812 46 1
3813 63 0
3814 78 1
3815 151 1
3816 71 1
3817 84 0
3818 152 0
3819 117 1
3820 139 1
3821 127 0
3822 86 0
3823 146 0
3824 24 1
3825 115 1
3826 0 1
3827 72 1
3828 97 1
3829 155 1
3830 40 0
3831 99 1
3832 109 1
3833 78 1
3834 73 1
3835 2 1
3836 2 1
3837 11 1
3838 12 0
3839 74 1
3840 56 1
3841 98 0
3842 83 1
3843 113 0
3844 74 0
3845 123 1
3846 24 1
3847 67 1
3848 100 1
3849 77 1
3850 108 0
3851 153 1
3852 136 0
3853 51 1
3854 89 1
3855 37 0
3856 81 1
3857 53 1
3858 73 1
3859 39 0
3860 43 1
3861 103 1
3862 78 1
3863 126 1
3864 9 0
3865 119 1
3866 136 1
3867 79 1
3868 130 1
3869 28 1
3870 107 1
3871 132 1
3872 127 1
3873 47 1
3874 119 0
3875 30 0
3876 100 1
3877 81 1
3878 155 0
3879 39 1
3880 105 0
3881 48 1
3882 39 0
3883 121 1
3884 110 0
3885 156 1
3886 141 1
3887 100 1
3888 9 0
3889 76 1
3890 85 1
3891 69 0
3892 91 1
3893 131 1
3894 51 1
3895 19 1
3896 22 1
3897 90 1
3898 122 1
3899 83 1
3900 54 1
3901 143 0
3902 62 1
3903 156 1
3904 157 1
3905 137 1
3906 32 0
3907 47 1
3908 49 1
3909 137 0
3910 42 1
3911 109 1
3912 151 1
3913 137 0
3914 104 0
3915 124 1
3916 153 1
3917 46 1
3918 119 1
3919 65 1
3920 128 0
3921 53 0
3922 16 0
3923 50 1
3924 46 1
3925 92 1
3926 112 0
3927 5 0
3928 10 0
3929 155 1
3930 56 1
3931 40 1
3932 70 0
3933 33 0
3934 141 0
3935 75 1
3936 67 0
3937 122 1
3938 81 0
3939 0 0
3940 53 1
3941 67 0
3942 147 0
3943 121 1
3944 142 1
3945 38 1
3946 79 0
3947 16 0
3948 17 1
3949 106 1
3950 158 1
3951 120 1
3952 3 1
3953 1 1
3954 22 0
3955 63 0
3956 105 1
3957 8 1
3958 129 1
3959 102 1
3960 14 0
3961 4 1
3962 71 1
3963 10 0
3964 80 0
3965 98 0
3966 150 1
3967 71 1
3968 68 1
3969 89 1
3970 158 0
3971 19 1
3972 134 0
3973 50 1
3974 9 1
3975 143 1
3976 61 0
3977 43 1
3978 19 1
3979 147 1
3980 22 1
3981 19 1
3982 72 0
3983 18 1
3984 88 1
3985 9 1
3986 26 0
3987 45 0
3988 67 0
3989 32 0
3990 15 1
3991 100 1
3992 16 1
3993 50 1
3994 49 0
3995 135 1
3996 50 1
3997 84 1
3998 97 0
3999 41 0
4000 135 1
4001 52 0
4002 5 1
4003 15 0
4004 44 1
4005 148 1
4006 75 1
4007 136 0
4008 12 0
4009 139 1
4010 76 1
4011 133 0
4012 48 1
4013 27 1
4014 13 1
4015 25 1
4016 119 1
4017 88 1
4018 100 1
4019 122 1
4020 2 1
4021 45 0
4022 53 0
4023 22 1
4024 61 1
4025 53 1
4026 128 1
4027 43 0
4028 96 1
4029 90 1
4030 139 1
4031 110 1
4032 33 1
4033 149 0
4034 68 1
4035 44 0
4036 75 1
4037 74 1
4038 124 1
4039 46 0
4040 35 1
4041 16 1
4042 52 1
4043 34 1
4044 130 1
4045 25 0
4046 6 0
4047 61 1
4048 15 1
4049 24 0
4050 15 0
4051 80 1
4052 84 1
4053 71 1
4054 29 0
4055 2 1
4056 143 1
4057 80 0
4058 4 0
4059 112 1
4060 5 1
4061 96 1
4062 114 1
4063 146 1
4064 134 1
4065 65 0
4066 80 1
4067 6 1
4068 77 1
4069 140 1
4070 122 0
4071 23 1
4072 86 1
4073 69 1
4074 144 0
4075 76 0
4076 1 1
4077 98 0
4078 11 0
4079 22 1
4080 97 1
4081 61 0
4082 84 1
4083 34 1
4084 72 1
4085 120 1
4086 9 0
4087 141 1
4088 14 0
4089 38 0
4090 0 1
4091 0 0
4092 139 0
4093 127 1
4094 110 1
4095 148 1
4096 4 0
4097 77 0
4098 45 0
4099 103 0
4100 138 1
4101 152 1
4102 60 1
4103 95 1
4104 38 0
4105 84 1
4106 101 0
4107 125 0
4108 35 1
4109 158 1
4110 11 1
4111 119 1
4112 125 1
4113 115 0
4114 0 0
4115 54 1
4116 135 1
4117 138 0
4118 33 1
4119 121 1
4120 134 1
4121 37 0
4122 141 0
4123 84 1
4124 23 0
4125 88 0
4126 157 1
4127 61 0
4128 11 1
4129 60 1
4130 88 0
4131 76 1
4132 87 1
4133 111 1
4134 130 1
4135 119 1
4136 45 0
4137 34 1
4138 11 1
4139 130 0
4140 53 1
4141 80 1
4142 108 1
4143 27 1
4144 11 0
4145 57 1
4146 128 0
4147 15 1
4148 115 1
4149 104 0
4150 51 0
4151 44 1
4152 72 0
4153 134 0
4154 48 1
4155 129 0
4156 91 0
4157 5 1
4158 44 1
4159 96 0
4160 47 1
4161 6 1
4162 55 0
4163 73 1
4164 84 0
4165 24 1
4166 93 1
4167 9 1
4168 157 0
4169 16 1
4170 101 1
4171 158 1
4172 48 0
4173 84 0
4174 123 0
4175 0 0
4176 102 0
4177 27 1
4178 124 1
4179 94 0
4180 56 1
4181 37 0
4182 123 1
4183 82 0
4184 117 1
4185 19 0
4186 96 1
4187 19 0
4188 109 1
4189 89 0
4190 136 1
4191 84 0
4192 108 0
4193 88 0
4194 149 1
4195 134 1
4196 153 0
4197 38 1
4198 71 1
4199 6 0
4200 71 0
4201 14 0
4202 45 0
4203 78 0
4204 148 1
4205 153 0
4206 110 1
4207 131 0
4208 126 1
4209 143 1
4210 95 1
4211 90 0
4212 69 1
4213 134 1
4214 100 1
4215 95 1
4216 92 1
4217 105 1
4218 69 1
4219 143 1
4220 45 1
4221 109 1
4222 67 1
4223 140 0
4224 153 0
4225 78 0
4226 95 1
4227 20 0
4228 63 0
4229 145 1
4230 62 1
4231 28 0
4232 117 1
4233 144 1
4234 10 0
4235 11 1
4236 33 1
4237 136 0
4238 54 1
4239 61 0
4240 94 0
4241 137 1
4242 148 0
4243 121 1
4244 5 1
4245 153 0
4246 41 1
4247 74 0
4248 81 1
4249 111 1
4250 113 0
4251 158 0
4252 94 1
4253 88 1
4254 105 1
4255 122 1
4256 130 0
4257 156 0
4258 111 0
4259 109 1
4260 151 0
4261 121 1
4262 51 1
4263 43 1
4264 21 1
4265 76 1
4266 128 1
4267 48 0
4268 64 1
4269 138 1
4270 52 1
4271 62 0
4272 55 1
4273 80 1
4274 103 0
4275 134 0
4276 59 0
4277 140 1
4278 58 1
4279 9 0
4280 105 0
4281 66 0
4282 14 1
4283 149 1
4284 17 0
4285 25 1
4286 83 1
4287 104 1
4288 72 1
4289 71 0
4290 55 0
4291 38 1
4292 69 0
4293 150 0
4294 128 1
4295 59 1
4296 97 1
4297 75 0
4298 91 0
4299 126 1
4300 120 1
4301 103 1
4302 6 1
4303 108 0
4304 73 1
4305 95 1
4306 78 1
4307 94 1
4308 78 1
4309 126 1
4310 97 0
4311 48 0
4312 3 0
4313 158 1
4314 115 1
4315 128 1
4316 44 0
4317 132 1
4318 47 0
4319 130 0
4320 113 1
4321 101 1
4322 52 0
4323 105 0
4324 48 1
4325 30 1
4326 25 1
4327 107 1
4328 128 0
4329 49 0
4330 83 0
4331 13 0
4332 17 1
4333 20 1
4334 152 1
4335 112 1
4336 68 0
4337 64 1
4338 17 0
4339 103 1
4340 94 1
4341 137 1
4342 53 1
4343 73 0
4344 128 1
4345 118 1
4346 67 1
4347 22 1
4348 43 1
4349 149 1
4350 44 0
4351 69 1
4352 83 0
4353 85 1
4354 155 1
4355 92 0
4356 3 0
4357 135 1
4358 93 1
4359 91 1
4360 24 1
4361 116 0
4362 23 1
4363 17 1
4364 32 1
4365 29 1
4366 121 1
4367 114 0
4368 11 0
4369 145 1
4370 154 1
4371 109 0
4372 2 1
4373 67 0
4374 146 1
4375 158 1
4376 134 1
4377 29 0
4378 105 1
4379 76 1
4380 150 1
4381 139 0
4382 56 1
4383 157 0
4384 146 1
4385 86 1
4386 0 1
4387 152 0
4388 47 0
4389 24 1
4390 144 1
4391 58 0
4392 150 0
4393 129 0
4394 71 1
4395 1 1
4396 3 1
4397 15 1
4398 87 1
4399 138 1
4400 93 0
4401 69 1
4402 27 1
4403 22 1
4404 48 0
4405 121 0
4406 155 1
4407 4 1
4408 118 1
4409 9 1
4410 116 1
4411 18 0
4412 77 0
4413 32 1
4414 142 0
4415 6 1
4416 88 1
4417 97 1
4418 63 1
4419 42 0
4420 92 1
4421 155 1
4422 35 0
4423 86 1
4424 71 1
4425 36 1
4426 106 0
4427 75 1
4428 99 0
4429 29 0
4430 129 1
4431 86 1
4432 37 1
4433 26 1
4434 154 0
4435 138 1
4436 158 0
4437 112 1
4438 147 0
4439 40 0
4440 135 1
4441 99 1
4442 58 1
4443 32 0
4444 133 1
4445 7 1
4446 108 1
4447 88 0
4448 128 1
4449 14 0
4450 109 0
4451 63 1
4452 65 1
4453 68 1
4454 141 1
4455 124 0
4456 112 1
4457 125 1
4458 6 1
4459 20 1
4460 145 1
4461 10 0
4462 47 1
4463 81 0
4464 65 1
4465 152 0
4466 26 0
4467 49 1
4468 84 1
4469 71 0
4470 79 1
4471 110 0
4472 26 1
4473 139 1
4474 75 0
4475 13 0
4476 113 1
4477 156 1
4478 133 1
4479 30 0
4480 111 0
4481 140 0
4482 90 1
4483 69 0
4484 1 1
4485 9 1
4486 102 0
4487 123 0
4488 122 1
4489 87 1
4490 29 1
4491 26 0
4492 135 1
4493 71 1
4494 113 1
4495 75 1
4496 50 1
4497 128 1
4498 14 1
4499 8 0
4500 105 0
4501 21 1
4502 148 1
4503 29 1
4504 99 1
4505 2 0
4506 69 1
4507 112 0
4508 63 0
4509 81 0
4510 51 1
4511 93 1
4512 139 0
4513 94 1
4514 27 1
4515 94 1
4516 46 1
4517 32 0
4518 37 0
4519 72 1
4520 31 1
4521 32 1
4522 30 1
4523 72 1
4524 95 1
4525 122 1
4526 2 1
4527 100 1
4528 119 1
4529 62 0
4530 137 1
4531 130 1
4532 50 1
4533 70 1
4534 76 0
4535 76 1
4536 144 0
4537 60 1
4538 20 0
4539 34 1
4540 52 0
4541 113 1
4542 139 1
4543 122 1
4544 100 0
4545 97 1
4546 120 0
4547 114 1
4548 82 0
4549 25 0
4550 95 1
4551 44 0
4552 136 1
4553 21 1
4554 77 1
4555 123 1
4556 138 1
4557 36 1
4558 143 0
4559 69 1
4560 110 1
4561 90 0
4562 1 1
4563 9 0
4564 156 0
4565 20 1
4566 147 1
4567 98 1
4568 10 0
4569 133 1
4570 101 0
4571 69 1
4572 102 0
4573 50 0
4574 31 1
4575 12 0
4576 52 1
4577 65 1
4578 74 1
4579 147 0
4580 45 1
4581 5 0
4582 0 1
4583 11 1
4584 149 0
4585 109 1
4586 83 0
4587 108 1
4588 136 0
4589 39 1
4590 129 1
4591 2 0
4592 80 0
4593 86 1
4594 78 1
4595 151 1
4596 9 1
4597 83 1
4598 27 0
4599 105 0
4600 6 1
4601 119 1
4602 1 0
4603 127 1
4604 78 1
4605 157 0
4606 143 0
4607 155 1
4608 78 1
4609 144 1
4610 82 1
4611 132 1
4612 145 0
4613 27 1
4614 77 0
4615 41 1
4616 40 0
4617 24 1
4618 80 1
4619 31 1
4620 84 1
4621 132 0
4622 115 1
4623 59 1
4624 136 1
4625 43 1
4626 108 1
4627 78 1
4628 158 0
4629 34 0
4630 16 0
4631 11 0
4632 88 1
4633 108 1
4634 113 0
4635 94 1
4636 11 1
4637 33 1
4638 122 0
4639 13 1
4640 64 0
4641 11 1
4642 84 1
4643 118 1
4644 47 0
4645 96 1
4646 80 1
4647 130 1
4648 154 1
4649 103 1
4650 60 0
4651 157 0
4652 106 1
4653 135 0
4654 51 1
4655 20 1
4656 57 0
4657 65 0
4658 47 1
4659 3 1
4660 29 0
4661 9 1
4662 133 0
4663 129 1
4664 145 1
4665 88 1
4666 38 1
4667 129 1
4668 119 1
4669 150 1
4670 20 1
4671 137 0
4672 128 0
4673 157 1
4674 78 0
4675 122 1
4676 112 0
4677 68 1
4678 38 0
4679 67 1
4680 49 1
4681 82 1
4682 84 1
4683 83 1
4684 9 1
4685 151 0
4686 11 1
4687 118 1
4688 24 1
4689 83 0
4690 55 1
4691 136 0
4692 104 0
4693 21 1
4694 21 1
4695 19 0
4696 12 1
4697 83 0
4698 5 0
4699 151 0
4700 7 0
4701 129 1
4702 124 1
4703 10 0
4704 142 1
4705 91 0
4706 151 0
4707 131 1
4708 51 1
4709 91 1
4710 9 1
4711 142 0
4712 64 1
4713 128 1
4714 158 1
4715 10 0
4716 115 1
4717 35 1
4718 80 1
4719 69 1
4720 150 1
4721 101 1
4722 81 1
4723 6 1
4724 78 1
4725 130 0
4726 60 0
4727 119 1
4728 105 1
4729 121 1
4730 134 1
4731 36 1
4732 112 1
4733 96 1
4734 128 1
4735 22 0
4736 93 0
4737 29 0
4738 48 1
4739 158 1
4740 144 1
4741 140 1
4742 83 0
4743 96 0
4744 41 0
4745 59 1
4746 31 0
4747 33 1
4748 92 1
4749 28 1
4750 62 1
4751 34 1
4752 25 1
4753 22 1
4754 110 1
4755 52 0
4756 150 0
4757 66 0
4758 146 0
4759 114 1
4760 147 0
4761 130 0
4762 35 1
4763 99 0
4764 61 1
4765 42 1
4766 29 0
4767 131 0
4768 150 1
4769 139 1
4770 101 0
4771 48 0
4772 151 0
4773 19 0
4774 130 1
4775 8 1
4776 0 0
4777 149 1
4778 69 1
4779 15 1
4780 143 1
4781 106 1
4782 144 0
4783 153 1
4784 72 1
4785 89 1
4786 6 1
4787 118 1
4788 105 1
4789 137 1
4790 48 1
4791 120 1
4792 51 0
4793 10 0
4794 126 1
4795 18 1
4796 94 0
4797 49 1
4798 128 0
4799 67 0
4800 17 1
4801 67 1
4802 147 1
4803 108 0
4804 89 1
4805 95 0
4806 84 1
4807 112 1
4808 19 1
4809 22 0
4810 158 1
4811 107 0
4812 90 1
4813 25 1
4814 126 1
4815 27 1
4816 16 1
4817 19 0
4818 46 1
4819 23 1
4820 151 1
4821 124 0
4822 27 1
4823 137 0
4824 51 0
4825 43 0
4826 126 0
4827 70 1
4828 73 1
4829 128 1
4830 29 1
4831 36 1
4832 101 1
4833 61 1
4834 35 1
4835 134 0
4836 55 0
4837 103 0
4838 29 1
4839 54 0
4840 92 1
4841 131 1
4842 14 1
4843 128 0
4844 138 0
4845 139 1
4846 104 1
4847 150 0
4848 156 0
4849 119 0
4850 147 0
4851 144 1
4852 119 0
4853 125 0
4854 21 1
4855 155 1
4856 128 0
4857 25 1
4858 96 1
4859 156 1
4860 17 0
4861 21 1
4862 78 1
4863 93 0
4864 149 0
4865 119 1
4866 73 1
4867 22 1
4868 119 0
4869 108 1
4870 20 1
4871 106 0
4872 84 1
4873 58 1
4874 52 0
4875 108 1
4876 43 1
4877 43 1
4878 142 0
4879 49 1
4880 116 1
4881 112 0
4882 39 0
4883 150 1
4884 134 1
4885 151 0
4886 56 1
4887 156 0
4888 82 1
4889 87 1
4890 37 1
4891 57 0
4892 93 0
4893 54 1
4894 4 0
4895 135 0
4896 123 1
4897 152 0
4898 1 0
4899 88 1
4900 94 1
4901 57 0
4902 115 1
4903 57 1
4904 36 0
4905 100 1
4906 108 1
4907 5 1
4908 24 1
4909 129 1
4910 14 0
4911 150 0
4912 131 1
4913 67 1
4914 138 1
4915 109 1
4916 13 1
4917 76 1
4918 73 1
4919 93 1
4920 45 1
4921 34 0
4922 117 1
4923 47 0
4924 25 1
4925 97 1
4926 135 1
4927 29 0
4928 9 0
4929 7 1
4930 18 1
4931 72 0
4932 134 1
4933 85 1
4934 123 1
4935 9 0
4936 139 1
4937 100 0
4938 83 0
4939 92 1
4940 17 0
4941 84 1
4942 129 1
4943 112 1
4944 135 1
4945 137 1
4946 2 1
4947 36 0
4948 40 1
4949 122 1
4950 68 1
4951 109 1
4952 16 1
4953 83 0
4954 124 1
4955 59 0
4956 57 1
4957 61 1
4958 24 0
4959 17 0
4960 59 0
4961 80 1
4962 46 1
4963 134 0
4964 5 0
4965 101 1
4966 70 1
4967 59 0
4968 28 1
4969 111 1
4970 0 1
4971 134 1
4972 6 1
4973 11 1
4974 61 0
4975 116 1
4976 109 1
4977 33 1
4978 5 1
4979 8 0
4980 32 1
4981 21 0
4982 12 1
4983 114 1
4984 64 0
4985 33 1
4986 88 1
4987 132 1
4988 56 1
4989 51 1
4990 24 1
4991 5 0
4992 130 1
4993 55 0
4994 133 1
4995 158 1
4996 109 0
4997 35 0
4998 101 1
4999 88 1
5000 142 1
5001 81 0
5002 141 1
5003 92 1
5004 50 0
5005 83 1
5006 78 0
5007 133 0
5008 53 1
5009 38 1
5010 103 1
5011 45 1
5012 142 1
5013 100 1
5014 155 0
5015 101 0
5016 77 1
5017 62 1
5018 15 1
5019 109 1
5020 65 1
5021 150 0
5022 48 1
5023 46 0
5024 5 0
5025 66 0
5026 132 0
5027 87 1
5028 32 1
5029 52 1
5030 69 0
5031 19 1
5032 114 1
5033 57 1
5034 2 1
5035 120 0
5036 126 1
5037 64 1
5038 2 1
5039 128 0
5040 46 1
5041 126 0
5042 72 0
5043 60 1
5044 93 1
5045 58 1
5046 33 1
5047 1 1
5048 158 1
5049 43 1
5050 152 1
5051 81 1
5052 41 0
5053 146 1
5054 107 1
5055 61 0
5056 2 1
5057 13 0
5058 8 1
5059 104 1
5060 112 0
5061 116 0
5062 7 1
5063 144 1
5064 102 1
5065 19 0
5066 43 0
5067 152 0
5068 97 1
5069 138 1
5070 106 0
5071 39 0
5072 153 0
5073 34 1
5074 52 0
5075 29 1
5076 67 1
5077 2 1
5078 30 1
5079 92 1
5080 100 1
5081 80 1
5082 138 1
5083 153 1
5084 64 1
5085 48 1
5086 13 0
5087 130 0
5088 151 0
5089 94 0
5090 69 1
5091 60 0
5092 121 1
5093 137 1
5094 134 1
5095 135 1
5096 107 1
5097 144 1
5098 140 0
5099 89 1
5100 111 0
5101 141 1
5102 76 0
5103 142 1
5104 117 1
5105 123 0
5106 52 1
5107 16 1
5108 12 1
5109 91 1
5110 75 1
5111 147 1
5112 135 0
5113 36 1
5114 37 1
5115 88 0
5116 40 1
5117 50 1
5118 24 1
5119 111 0
5120 121 1
5121 21 1
5122 26 1
5123 40 1
5124 42 1
5125 37 1
5126 52 1
5127 67 1
5128 10 1
5129 71 0
5130 80 0
5131 122 1
5132 157 1
5133 3 0
5134 132 1
5135 16 1
5136 116 1
5137 120 1
5138 86 1
5139 32 0
5140 60 1
5141 13 1
5142 106 0
5143 151 1
5144 109 1
5145 89 1
5146 76 0
5147 76 0
5148 151 1
5149 22 1
5150 120 1
5151 144 1
5152 14 1
5153 145 1
5154 34 1
5155 155 1
5156 99 1
5157 132 0
5158 90 1
5159 14 0
5160 40 0
5161 156 1
5162 82 1
5163 116 0
5164 6 1
5165 124 1
5166 30 1
5167 130 0
5168 68 0
5169 70 0
5170 146 1
5171 122 1
5172 77 0
5173 70 0
5174 71 0
5175 134 0
5176 115 1
5177 154 1
5178 58 1
5179 39 1
5180 18 1
5181 116 1
5182 125 1
5183 103 0
5184 56 0
5185 62 0
5186 81 1
5187 67 0
5188 46 1
5189 19 1
5190 149 0
5191 156 1
5192 52 0
5193 80 1
5194 30 0
5195 100 0
5196 135 1
5197 107 1
5198 156 0
5199 147 0
5200 151 1
5201 108 0
5202 76 1
5203 84 1
5204 80 0
5205 92 1
5206 23 1
5207 112 0
5208 93 0
5209 38 0
5210 79 1
5211 98 1
5212 49 1
5213 9 1
5214 109 1
5215 111 1
5216 47 1
5217 100 1
5218 87 0
5219 24 0
5220 128 1
5221 16 1
5222 132 1
5223 80 1
5224 89 1
5225 115 1
5226 24 1
5227 76 1
5228 38 1
5229 57 0
5230 8 1
5231 89 0
5232 80 1
5233 116 0
5234 56 0
5235 102 1
5236 23 1
5237 29 0
5238 15 1
5239 73 0
5240 154 0
5241 124 1
5242 21 1
5243 30 1
5244 137 1
5245 47 1
5246 22 1
5247 138 1
5248 93 1
5249 110 1
5250 2 1
5251 111 1
5252 25 0
5253 33 1
5254 102 1
5255 81 1
5256 147 1
5257 128 1
5258 99 0
5259 69 1
5260 86 0
5261 1 0
5262 105 0
5263 136 1
5264 75 0
5265 40 0
5266 78 0
5267 28 1
5268 60 0
5269 80 1
5270 94 0
5271 27 0
5272 134 0
5273 18 1
5274 80 0
5275 88 0
5276 57 1
5277 126 1
5278 69 1
5279 54 0
5280 42 1
5281 73 1
5282 13 1
5283 150 0
5284 15 1
5285 3 1
5286 0 0
5287 44 1
5288 122 1
5289 145 1
5290 87 0
5291 61 1
5292 5 1
5293 0 1
5294 142 0
5295 156 1
5296 148 0
5297 72 1
5298 25 1
5299 87 1
5300 147 1
5301 87 1
5302 131 1
5303 134 1
5304 45 1
5305 63 1
5306 36 1
5307 129 0
5308 4 1
5309 54 1
5310 24 1
5311 98 0
5312 48 1
5313 28 1
5314 86 1
5315 125 1
5316 132 0
5317 74 1
5318 36 0
5319 51 0
5320 10 0
5321 66 0
5322 91 1
5323 26 0
5324 7 0
5325 94 1
5326 131 1
5327 57 1
5328 55 0
5329 20 0
5330 52 1
5331 68 1
5332 50 1
5333 141 1
5334 32 1
5335 94 1
5336 158 1
5337 101 0
5338 38 0
5339 38 1
5340 133 1
5341 89 1
5342 17 1
5343 52 1
5344 83 1
5345 140 1
5346 70 1
5347 13 1
5348 118 0
5349 133 1
5350 39 1
5351 46 1
5352 155 1
5353 140 1
5354 126 0
5355 6 1
5356 3 1
5357 131 0
5358 93 0
5359 18 0
5360 109 1
5361 5 1
5362 61 1
5363 152 1
5364 109 1
5365 23 1
5366 121 1
5367 38 1
5368 153 1
5369 78 1
5370 49 1
5371 61 0
5372 32 1
5373 157 0
5374 144 0
5375 154 1
5376 28 1
5377 125 1
5378 114 1
5379 35 1
5380 13 1
5381 138 1
5382 65 1
5383 93 1
5384 48 1
5385 106 1
5386 107 0
5387 2 0
5388 128 1
5389 117 1
5390 28 0
5391 133 0
5392 49 1
5393 71 1
5394 144 0
5395 153 0
5396 18 1
5397 133 1
5398 1 0
5399 69 1
5400 16 0
5401 158 0
5402 111 1
5403 30 0
5404 12 0
5405 45 1
5406 111 1
5407 108 1
5408 129 0
5409 5 1
5410 139 1
5411 39 1
5412 57 1
5413 18 1
5414 17 1
5415 34 0
5416 116 0
5417 157 0
5418 119 1
5419 0 1
5420 27 1
5421 24 0
5422 75 1
5423 139 1
5424 91 0
5425 86 1
5426 69 1
5427 80 1
5428 150 0
5429 36 1
5430 112 0
5431 42 1
5432 29 1
5433 63 1
5434 79 1
5435 132 1
5436 119 1
5437 85 1
5438 141 0
5439 7 1
5440 135 1
5441 70 0
5442 71 1
5443 108 1
5444 101 1
5445 72 1
5446 67 1
5447 135 0
5448 7 0
5449 97 1
5450 114 1
5451 34 1
5452 153 1
5453 36 0
5454 111 1
5455 61 0
5456 62 0
5457 70 1
5458 134 1
5459 38 0
5460 90 1
5461 141 0
5462 76 1
5463 22 1
5464 83 1
5465 96 0
5466 116 0
5467 38 1
5468 101 0
5469 97 1
5470 117 1
5471 152 1
5472 142 1
5473 81 1
5474 8 1
5475 119 0
5476 81 1
5477 24 1
5478 145 1
5479 8 1
5480 17 1
5481 33 1
5482 1 1
5483 95 1
5484 157 1
5485 82 1
5486 44 1
5487 147 0
5488 64 1
5489 155 1
5490 40 1
5491 97 0
5492 69 0
5493 46 1
5494 19 1
5495 50 1
5496 84 0
5497 22 0
5498 6 0
5499 113 1
5500 4 0
5501 46 1
5502 122 1
5503 13 1
5504 115 1
5505 111 0
5506 51 1
5507 44 0
5508 97 1
5509 16 0
5510 81 0
5511 5 1
5512 1 1
5513 102 0
5514 72 1
5515 23 1
5516 104 1
5517 135 1
5518 29 1
5519 32 1
5520 158 1
5521 67 1
5522 118 1
5523 22 0
5524 53 1
5525 25 1
5526 115 1
5527 151 0
5528 58 1
5529 134 1
5530 2 1
5531 132 1
5532 152 1
5533 26 0
5534 24 0
5535 93 1
5536 127 1
5537 10 1
5538 123 1
5539 69 0
5540 155 1
5541 3 1
5542 124 1
5543 153 1
5544 15 0
5545 80 1
5546 53 0
5547 50 1
5548 15 0
5549 155 0
5550 145 1
5551 0 0
5552 102 1
5553 41 0
5554 43 1
5555 21 0
5556 130 0
5557 77 1
5558 31 1
5559 45 1
5560 126 1
5561 75 0
5562 32 1
5563 153 0
5564 54 1
5565 97 1
5566 5 1
5567 80 1
5568 34 0
5569 26 0
5570 83 1
5571 42 1
5572 82 1
5573 2 0
5574 43 0
5575 12 0
5576 25 1
5577 42 0
5578 65 1
5579 115 1
5580 111 0
5581 13 1
5582 3 1
5583 76 0
5584 152 0
5585 40 1
5586 1 1
5587 57 0
5588 54 1
5589 49 1
5590 32 0
5591 45 1
5592 1 1
5593 126 0
5594 135 1
5595 38 0
5596 74 1
5597 130 1
5598 156 1
5599 115 0
5600 76 1
5601 151 1
5602 90 1
5603 88 1
5604 119 1
5605 20 1
5606 125 1
5607 62 1
5608 79 1
5609 118 1
5610 49 1
5611 68 1
5612 134 1
5613 42 0
5614 88 1
5615 132 1
5616 5 1
5617 9 0
5618 26 0
5619 93 0
5620 2 1
5621 150 1
5622 105 1
5623 94 1
5624 93 0
5625 6 1
5626 136 1
5627 33 1
5628 114 0
5629 95 0
5630 84 1
5631 145 1
5632 120 0
5633 38 1
5634 104 1
5635 144 1
5636 96 1
5637 0 1
5638 114 0
5639 152 0
5640 158 1
5641 44 1
5642 0 1
5643 15 1
5644 79 0
5645 95 0
5646 31 1
5647 105 1
5648 2 1
5649 150 1
5650 52 1
5651 138 1
5652 38 1
5653 43 1
5654 10 1
5655 53 0
5656 47 0
5657 72 1
5658 101 0
5659 88 0
5660 49 0
5661 36 0
5662 31 1
5663 158 1
5664 63 0
5665 66 1
5666 52 1
5667 32 1
5668 36 0
5669 9 1
5670 38 1
5671 141 1
5672 86 1
5673 59 1
5674 152 0
5675 134 1
5676 97 0
5677 50 0
5678 80 1
5679 88 0
5680 51 1
5681 26 1
5682 51 1
5683 45 1
5684 145 0
5685 145 1
5686 43 0
5687 36 1
5688 34 1
5689 84 1
5690 10 0
5691 70 1
5692 157 0
5693 88 1
5694 96 0
5695 73 1
5696 23 1
5697 17 0
5698 10 0
5699 99 1
5700 42 1
5701 106 1
5702 139 0
5703 68 1
5704 90 0
5705 126 1
5706 64 1
5707 61 0
5708 84 1
5709 151 1
5710 104 1
5711 20 1
5712 92 1
5713 54 1
5714 110 0
5715 25 1
5716 80 1
5717 17 1
5718 125 1
5719 85 0
5720 89 1
5721 84 1
5722 17 1
5723 142 1
5724 146 1
5725 134 1
5726 42 1
5727 145 1
5728 44 1
5729 88 0
5730 35 1
5731 0 0
5732 22 0
5733 113 0
5734 28 1
5735 131 0
5736 19 1
5737 39 1
5738 53 0
5739 63 1
5740 83 0
5741 58 0
5742 119 0
5743 111 1
5744 10 0
5745 84 1
5746 91 1
5747 99 1
5748 102 1
5749 29 1
5750 19 1
5751 101 0
5752 142 0
5753 74 1
5754 88 0
5755 2 1
5756 102 1
5757 149 1
5758 30 1
5759 151 0
5760 80 1
5761 24 1
5762 88 1
5763 52 1
5764 17 0
5765 14 1
5766 8 1
5767 1 1
5768 22 1
5769 112 0
5770 66 0
5771 135 1
5772 101 0
5773 157 0
5774 5 1
5775 25 1
5776 152 1
5777 24 1
5778 98 1
5779 39 0
5780 10 0
5781 4 1
5782 95 0
5783 95 1
5784 93 1
5785 154 0
5786 89 0
5787 9 1
5788 108 0
5789 90 1
5790 83 1
5791 125 0
5792 16 0
5793 10 1
5794 77 1
5795 81 1
5796 113 0
5797 117 1
5798 18 1
5799 93 1
5800 27 1
5801 37 0
5802 71 1
5803 75 0
5804 139 0
5805 59 0
5806 47 1
5807 76 0
5808 100 1
5809 103 0
5810 146 1
5811 117 0
5812 37 0
5813 2 1
5814 54 1
5815 18 1
5816 110 0
5817 51 1
5818 28 1
5819 127 1
5820 132 1
5821 82 0
5822 138 1
5823 9 1
5824 97 0
5825 109 0
5826 63 0
5827 37 1
5828 69 0
5829 8 1
5830 61 0
5831 58 0
5832 82 1
5833 45 1
5834 76 1
5835 129 1
5836 52 1
5837 80 1
5838 63 0
5839 36 0
5840 53 1
5841 96 1
5842 66 0
5843 69 1
5844 26 1
5845 37 1
5846 31 0
5847 37 1
5848 130 0
5849 76 0
5850 107 1
5851 107 0
5852 25 1
5853 116 1
5854 128 1
5855 15 1
5856 76 1
5857 150 0
5858 97 1
5859 130 1
5860 64 0
5861 63 0
5862 30 0
5863 61 1
5864 108 1
5865 60 1
5866 24 1
5867 67 0
5868 48 0
5869 63 0
5870 29 0
5871 51 0
5872 42 1
5873 15 0
5874 113 1
5875 115 1
5876 5 1
5877 125 0
5878 45 1
5879 48 0
5880 5 1
5881 136 1
5882 42 1
5883 5 1
5884 80 1
5885 34 1
5886 158 1
5887 140 1
5888 53 1
5889 33 1
5890 78 0
5891 37 1
5892 93 1
5893 45 0
5894 31 1
5895 143 0
5896 127 1
5897 78 1
5898 17 1
5899 27 0
5900 4 1
5901 47 1
5902 157 0
5903 130 1
5904 121 1
5905 144 1
5906 4 0
5907 124 0
5908 111 0
5909 87 1
5910 115 1
5911 32 1
5912 118 0
5913 106 1
5914 119 1
5915 73 1
5916 47 1
5917 54 0
5918 1 0
5919 23 0
5920 115 1
5921 3 1
5922 41 1
5923 143 1
5924 76 1
5925 63 1
5926 69 1
5927 127 0
5928 131 0
5929 90 1
5930 60 0
5931 141 0
5932 51 1
5933 78 0
5934 147 1
5935 26 0
5936 46 1
5937 148 1
5938 10 0
5939 93 1
5940 56 0
5941 129 1
5942 18 1
5943 80 1
5944 98 1
5945 92 0
5946 102 1
5947 32 0
5948 122 1
5949 58 0
5950 64 1
5951 139 1
5952 40 0
5953 51 1
5954 113 1
5955 147 1
5956 67 0
5957 62 1
5958 142 0
5959 86 1
5960 80 1
5961 7 1
5962 105 1
5963 29 0
5964 2 1
5965 105 1
5966 12 1
5967 30 0
5968 67 1
5969 40 1
5970 66 0
5971 117 0
5972 73 1
5973 70 0
5974 14 1
5975 137 1
5976 27 0
5977 129 1
5978 36 1
5979 54 1
5980 86 0
5981 31 1
5982 23 0
5983 89 1
5984 68 1
5985 112 1
5986 158 1
5987 119 1
5988 101 1
5989 54 0
5990 112 1
5991 136 1
5992 29 1
5993 51 1
5994 32 1
5995 30 0
5996 116 1
5997 70 1
5998 134 1
5999 156 0
6000 55 0
6001 104 0
6002 31 1
6003 138 1
6004 21 1
6005 15 0
6006 78 1
6007 125 1
6008 25 0
6009 25 1
6010 133 1
6011 103 1
6012 127 0
6013 83 0
6014 99 0
6015 72 1
6016 42 1
6017 135 1
6018 92 1
6019 132 1
6020 75 1
6021 99 1
6022 139 1
6023 112 1
6024 94 1
6025 149 1
6026 44 1
6027 11 1
6028 107 1
6029 126 1
6030 101 1
6031 127 1
6032 67 1
6033 142 1
6034 145 1
6035 125 1
6036 29 1
6037 66 1
6038 57 1
6039 27 0
6040 83 1
6041 145 1
6042 36 1
6043 151 1
6044 18 1
6045 42 0
6046 95 0
6047 29 0
6048 40 0
6049 16 1
6050 139 1
6051 98 1
6052 48 0
6053 31 0
6054 25 1
6055 23 1
6056 1 0
6057 13 0
6058 92 1
6059 32 0
6060 136 1
6061 156 0
6062 95 1
6063 2 1
6064 136 1
6065 14 0
6066 86 1
6067 52 1
6068 118 1
6069 6 1
6070 67 1
6071 103 1
6072 123 1
6073 116 1
6074 49 1
6075 20 1
6076 0 1
6077 24 0
6078 55 1
6079 158 1
6080 56 1
6081 75 0
6082 126 1
6083 117 1
6084 63 0
6085 81 0
6086 4 1
6087 51 1
6088 154 1
6089 37 0
6090 9 1
6091 81 1
6092 0 0
6093 31 0
6094 143 1
6095 99 0
6096 129 0
6097 24 1
6098 80 0
6099 34 1
6100 43 1
6101 40 1
6102 68 0
6103 28 1
6104 26 1
6105 118 1
6106 48 1
6107 129 0
6108 156 0
6109 30 1
6110 117 1
6111 108 1
6112 156 0
6113 36 1
6114 126 1
6115 146 1
6116 112 0
6117 144 0
6118 45 1
6119 95 0
6120 4 1
6121 117 1
6122 20 0
6123 100 0
6124 101 0
6125 85 1
6126 113 1
6127 158 0
6128 92 0
6129 114 1
6130 31 1
6131 156 0
6132 55 1
6133 17 1
6134 80 1
6135 24 1
6136 93 1
6137 136 1
6138 156 1
6139 58 0
6140 60 0
6141 9 1
6142 18 1
6143 62 1
6144 54 1
6145 96 1
6146 129 1
6147 156 0
6148 1 0
6149 53 1
6150 53 0
6151 91 1
6152 145 1
6153 28 1
6154 157 1
6155 92 0
6156 155 1
6157 84 1
6158 121 1
6159 135 1
6160 89 0
6161 29 1
6162 92 1
6163 11 0
6164 51 0
6165 112 1
6166 153 1
6167 19 0
6168 39 1
6169 49 1
6170 144 1
6171 107 1
6172 10 1
6173 6 1
6174 30 1
6175 75 1
6176 140 0
6177 30 1
6178 56 0
6179 105 0
6180 117 1
6181 138 1
6182 103 1
6183 18 1
6184 56 1
6185 32 1
6186 60 0
6187 107 1
6188 23 1
6189 55 0
6190 22 1
6191 98 1
6192 75 1
6193 88 1
6194 97 1
6195 5 0
6196 19 1
6197 93 1
6198 68 1
6199 117 0
6200 30 1
6201 7 1
6202 141 0
6203 13 0
6204 80 0
6205 59 1
6206 124 0
6207 43 1
6208 54 1
6209 23 1
6210 92 1
6211 132 1
6212 99 1
6213 0 1
6214 29 0
6215 59 0
6216 120 1
6217 2 1
6218 34 1
6219 108 1
6220 95 0
6221 154 1
6222 19 1
6223 112 0
6224 95 1
6225 65 1
6226 16 0
6227 65 1
6228 116 0
6229 135 1
6230 36 1
6231 57 0
6232 28 1
6233 99 1
6234 11 1
6235 29 1
6236 69 1
6237 19 0
6238 62 1
6239 87 1
6240 118 1
6241 112 1
6242 42 1
6243 28 1
6244 95 1
6245 156 0
6246 40 1
6247 128 1
6248 39 1
6249 142 1
6250 129 0
6251 83 0
6252 121 1
6253 138 0
6254 85 1
6255 33 1
6256 144 1
6257 116 1
6258 16 1
6259 38 1
6260 149 1
6261 84 0
6262 15 1
6263 110 1
6264 133 1
6265 115 1
6266 31 0
6267 153 0
6268 67 1
6269 28 1
6270 50 1
6271 49 1
6272 59 1
6273 74 0
6274 77 1
6275 27 1
6276 73 1
6277 109 0
6278 17 1
6279 68 1
6280 79 1
6281 106 0
6282 149 0
6283 114 0
6284 11 1
6285 62 1
6286 56 1
6287 23 0
6288 128 1
6289 31 1
6290 135 0
6291 41 1
6292 107 1
6293 63 1
6294 137 0
6295 126 1
6296 81 1
6297 105 1
6298 111 1
6299 140 1
6300 55 1
6301 24 1
6302 91 1
6303 152 0
6304 70 1
6305 33 1
6306 19 1
6307 106 1
6308 151 1
6309 17 0
6310 152 1
6311 38 1
6312 69 0
6313 157 1
6314 130 0
6315 69 1
6316 118 0
6317 63 1
6318 67 0
6319 37 1
6320 17 1
6321 110 1
6322 156 0
6323 89 1
6324 79 1
6325 44 1
6326 102 1
6327 74 1
6328 152 0
6329 119 1
6330 63 1
6331 75 0
6332 50 1
6333 84 1
6334 131 1
6335 22 0
6336 43 1
6337 25 1
6338 43 0
6339 29 1
6340 147 0
6341 121 1
6342 82 1
6343 29 1
6344 120 1
6345 124 1
6346 31 1
6347 57 0
6348 30 1
6349 124 1
6350 29 0
6351 150 1
6352 132 1
6353 39 1
6354 142 1
6355 149 1
6356 68 1
6357 146 0
6358 0 1
6359 151 1
6360 18 1
6361 155 1
6362 82 0
6363 56 1
6364 121 1
6365 114 0
6366 94 1
6367 76 0
6368 133 1
6369 20 0
6370 36 1
6371 13 1
6372 134 0
6373 107 1
6374 28 1
6375 107 0
6376 68 1
6377 106 1
6378 157 1
6379 30 0
6380 25 0
6381 123 1
6382 28 0
6383 124 1
6384 7 0
6385 44 1
6386 81 1
6387 1 1
6388 69 1
6389 43 0
6390 145 0
6391 155 1
6392 20 1
6393 58 0
6394 32 1
6395 150 1
6396 85 1
6397 28 0
6398 91 0
6399 127 1
6400 64 0
6401 153 0
6402 81 1
6403 139 1
6404 115 1
6405 100 1
6406 25 1
6407 82 0
6408 50 0
6409 149 1
6410 155 0
6411 150 1
6412 32 0
6413 47 1
6414 24 1
6415 148 0
6416 114 0
6417 86 1
6418 149 0
6419 113 1
6420 100 1
6421 132 1
6422 2 0
6423 22 1
6424 122 1
6425 146 0
6426 5 0
6427 52 1
6428 9 0
6429 2 0
6430 41 0
6431 48 1
6432 145 1
6433 118 1
6434 52 1
6435 7 1
6436 52 1
6437 129 1
6438 121 1
6439 43 1
6440 91 0
6441 55 1
6442 20 0
6443 60 0
6444 59 0
6445 148 1
6446 65 1
6447 23 0
6448 24 0
6449 27 1
6450 139 1
6451 81 1
6452 100 1
6453 23 1
6454 56 1
6455 84 1
6456 108 1
6457 10 1
6458 99 1
6459 157 1
6460 145 1
6461 111 1
6462 111 0
6463 29 1
6464 127 1
6465 138 1
6466 102 1
6467 150 1
6468 39 1
6469 42 0
6470 6 0
6471 9 1
6472 119 1
6473 9 1
6474 27 1
6475 70 0
6476 81 0
6477 150 0
6478 82 0
6479 94 1
6480 87 0
6481 83 1
6482 61 0
6483 84 1
6484 14 0
6485 47 1
6486 21 1
6487 146 1
6488 12 1
6489 125 1
6490 15 0
6491 138 0
6492 143 1
6493 55 1
6494 1 1
6495 127 1
6496 150 1
6497 45 0
6498 51 1
6499 4 1
6500 98 1
6501 23 1
6502 118 1
6503 100 1
6504 17 1
6505 96 1
6506 29 0
6507 129 1
6508 57 1
6509 91 1
6510 28 1
6511 148 1
6512 37 1
6513 82 0
6514 90 0
6515 6 0
6516 148 0
6517 74 1
6518 50 0
6519 89 0
6520 93 1
6521 100 1
6522 29 1
6523 146 1
6524 34 0
6525 71 1
6526 64 1
6527 92 1
6528 106 1
6529 115 1
6530 112 0
6531 67 0
6532 2 0
6533 145 1
6534 9 0
6535 46 1
6536 28 1
6537 65 1
6538 69 1
6539 155 0
6540 57 0
6541 17 1
6542 139 1
6543 148 1
6544 50 1
6545 123 1
6546 78 1
6547 115 1
6548 25 1
6549 59 1
6550 103 0
6551 136 1
6552 18 1
6553 126 1
6554 105 0
6555 43 1
6556 41 1
6557 50 1
6558 96 0
6559 33 1
6560 155 1
6561 76 1
6562 40 1
6563 80 1
6564 60 1
6565 25 1
6566 85 1
6567 147 1
6568 55 0
6569 44 1
6570 3 1
6571 16 1
6572 74 0
6573 151 1
6574 117 0
6575 85 0
6576 108 1
6577 113 0
6578 120 1
6579 140 0
6580 15 1
6581 37 1
6582 20 0
6583 57 1
6584 65 0
6585 89 1
6586 114 1
6587 124 0
6588 24 0
6589 127 1
6590 141 1
6591 107 1
6592 140 0
6593 7 1
6594 97 1
6595 135 1
6596 6 1
6597 139 0
6598 124 0
6599 114 1
6600 64 1
6601 110 1
6602 1 0
6603 135 1
6604 117 1
6605 20 0
6606 82 0
6607 42 1
6608 30 1
6609 91 0
6610 123 1
6611 92 1
6612 7 1
6613 82 1
6614 121 1
6615 13 0
6616 7 0
6617 131 0
6618 50 1
6619 46 0
6620 62 0
6621 34 1
6622 119 1
6623 134 1
6624 52 1
6625 55 1
6626 60 1
6627 156 1
6628 146 1
6629 124 1
6630 43 0
6631 60 1
6632 113 1
6633 71 1
6634 151 0
6635 13 0
6636 35 1
6637 51 0
6638 49 1
6639 82 1
6640 104 1
6641 128 1
6642 52 1
6643 83 1
6644 47 1
6645 158 0
6646 111 0
6647 152 1
6648 104 1
6649 70 1
6650 118 0
6651 88 0
6652 141 1
6653 1 1
6654 18 0
6655 59 0
6656 73 0
6657 138 0
6658 154 1
6659 17 1
6660 36 1
6661 70 0
6662 88 1
6663 65 1
6664 139 1
6665 140 1
6666 70 1
6667 19 1
6668 136 0
6669 10 1
6670 114 1
6671 44 1
6672 23 0
6673 81 1
6674 97 0
6675 72 1
6676 41 1
6677 59 1
6678 132 1
6679 88 1
6680 112 0
6681 136 1
6682 151 0
6683 2 1
6684 112 1
6685 49 0
6686 7 1
6687 23 0
6688 54 0
6689 135 1
6690 43 1
6691 51 0
6692 32 1
6693 140 1
6694 3 1
6695 128 1
6696 151 1
6697 65 0
6698 113 1
6699 38 1
6700 6 1
6701 60 0
6702 33 1
6703 130 1
6704 28 1
6705 5 0
6706 80 1
6707 9 1
6708 19 0
6709 128 1
6710 145 0
6711 64 0
6712 55 1
6713 121 1
6714 123 1
6715 86 1
6716 99 1
6717 70 1
6718 71 1
6719 145 1
6720 158 0
6721 24 1
6722 58 0
6723 129 1
6724 108 1
6725 26 0
6726 48 0
6727 158 1
6728 61 1
6729 123 0
6730 132 0
6731 81 0
6732 38 1
6733 130 1
6734 44 0
6735 62 0
6736 118 1
6737 60 0
6738 130 1
6739 22 0
6740 139 0
6741 26 0
6742 139 0
6743 57 0
6744 158 1
6745 151 0
6746 72 1
6747 130 1
6748 77 0
6749 72 0
6750 155 1
6751 17 1
6752 72 1
6753 58 1
6754 33 0
6755 49 0
6756 55 1
6757 53 0
6758 27 1
6759 87 1
6760 58 0
6761 84 0
6762 5 1
6763 19 1
6764 8 1
6765 46 1
6766 152 0
6767 45 1
6768 152 1
6769 35 0
6770 121 0
6771 125 0
6772 11 0
6773 63 0
6774 57 1
6775 76 1
6776 155 0
6777 24 1
6778 67 0
6779 85 0
6780 60 0
6781 91 1
6782 131 1
6783 130 1
6784 92 1
6785 151 1
6786 27 1
6787 156 0
6788 148 1
6789 14 1
6790 136 1
6791 99 1
6792 18 1
6793 145 1
6794 92 0
6795 14 1
6796 139 1
6797 58 1
6798 9 1
6799 77 1
6800 131 0
6801 7 1
6802 124 1
6803 48 1
6804 75 1
6805 12 1
6806 80 1
6807 36 1
6808 75 0
6809 36 1
6810 31 1
6811 97 1
6812 8 0
6813 50 1
6814 36 1
6815 129 1
6816 49 1
6817 18 1
6818 151 0
6819 53 1
6820 56 1
6821 45 1
6822 17 1
6823 86 1
6824 115 0
6825 37 0
6826 110 1
6827 85 1
6828 57 1
6829 61 1
6830 103 0
6831 113 1
6832 19 1
6833 18 1
6834 125 0
6835 78 1
6836 63 1
6837 10 1
6838 131 1
6839 25 0
6840 156 0
6841 1 1
6842 124 0
6843 152 1
6844 62 0
6845 42 1
6846 23 1
6847 96 1
6848 140 0
6849 139 1
6850 28 1
6851 139 1
6852 34 1
6853 98 1
6854 23 0
6855 105 0
6856 39 0
6857 55 1
6858 119 0
6859 26 1
6860 40 1
6861 125 1
6862 77 1
6863 33 1
6864 19 1
6865 90 1
6866 83 1
6867 149 1
6868 156 1
6869 50 0
6870 65 0
6871 126 1
6872 29 1
6873 108 1
6874 8 1
6875 22 1
6876 140 0
6877 38 1
6878 137 1
6879 127 1
6880 96 1
6881 55 1
6882 65 0
6883 138 0
6884 60 1
6885 83 1
6886 111 0
6887 155 0
6888 84 1
6889 55 0
6890 17 1
6891 140 0
6892 152 1
6893 68 1
6894 102 1
6895 53 0
6896 106 0
6897 60 0
6898 79 0
6899 75 1
6900 80 1
6901 117 1
6902 134 0
6903 99 0
6904 70 1
6905 77 1
6906 85 1
6907 12 1
6908 90 0
6909 60 1
6910 42 0
6911 73 0
6912 73 1
6913 87 1
6914 24 1
6915 70 1
6916 13 1
6917 64 0
6918 154 1
6919 59 0
6920 11 1
6921 79 1
6922 121 1
6923 26 0
6924 23 1
6925 12 0
6926 51 1
6927 66 0
6928 70 0
6929 129 1
6930 82 1
6931 40 0
6932 154 1
6933 9 1
6934 35 1
6935 67 1
6936 131 0
6937 69 1
6938 89 0
6939 83 0
6940 34 1
6941 103 1
6942 32 0
6943 62 0
6944 89 1
6945 122 1
6946 83 0
6947 33 0
6948 34 0
6949 80 1
6950 122 1
6951 42 1
6952 60 0
6953 125 0
6954 58 1
6955 28 0
6956 70 0
6957 30 1
6958 153 1
6959 130 0
6960 61 1
6961 22 1
6962 97 1
6963 149 1
6964 110 1
6965 53 1
6966 144 1
6967 20 0
6968 58 1
6969 47 1
6970 120 0
6971 146 1
6972 60 0
6973 59 0
6974 120 1
6975 138 0
6976 123 0
6977 93 1
6978 69 1
6979 131 0
6980 6 0
6981 19 0
6982 132 1
6983 49 0
6984 110 1
6985 0 1
6986 98 1
6987 102 1
6988 90 1
6989 54 0
6990 117 1
6991 85 1
6992 46 1
6993 155 1
6994 114 1
6995 135 1
6996 78 0
6997 49 1
6998 120 0
6999 9 1
7000 121 1
7001 69 1
7002 8 1
7003 145 0
7004 100 0
7005 88 1
7006 10 1
7007 67 0
7008 45 1
7009 98 1
7010 116 1
7011 131 0
7012 82 0
7013 13 0
7014 46 1
7015 126 1
7016 127 1
7017 6 0
7018 135 1
7019 87 1
7020 43 0
7021 146 0
7022 115 1
7023 36 1
7024 128 0
7025 86 1
7026 62 1
7027 47 1
7028 92 1
7029 39 1
7030 8 1
7031 84 1
7032 55 1
7033 38 1
7034 8 0
7035 118 1
7036 67 1
7037 115 1
7038 86 1
7039 36 1
7040 139 1
7041 67 0
7042 34 1
7043 38 1
7044 100 0
7045 42 0
7046 21 0
7047 11 1
7048 142 1
7049 33 1
7050 27 1
7051 53 1
7052 99 1
7053 129 0
7054 88 1
7055 93 0
7056 56 1
7057 36 1
7058 127 0
7059 153 1
7060 3 1
7061 103 0
7062 89 0
7063 101 0
7064 16 1
7065 149 1
7066 54 0
7067 63 0
7068 53 1
7069 31 0
7070 126 1
7071 135 0
7072 64 0
7073 124 0
7074 12 0
7075 27 1
7076 154 1
7077 126 1
7078 97 0
7079 83 1
7080 55 0
7081 82 1
7082 42 1
7083 29 1
7084 32 0
7085 4 1
7086 38 1
7087 107 1
7088 78 0
7089 60 1
7090 116 1
7091 118 1
7092 145 0
7093 48 1
7094 5 1
7095 123 1
7096 56 1
7097 11 1
7098 129 1
7099 120 0
7100 28 1
7101 86 0
7102 117 1
7103 20 1
7104 32 0
7105 53 0
7106 94 1
7107 112 0
7108 23 0
7109 16 0
7110 58 0
7111 90 1
7112 122 0
7113 138 1
7114 68 0
7115 106 0
7116 77 1
7117 14 0
7118 153 0
7119 156 0
7120 41 1
7121 112 0
7122 148 1
7123 153 1
7124 151 0
7125 42 1
7126 1 1
7127 16 1
7128 0 0
7129 68 1
7130 107 1
7131 91 0
7132 135 0
7133 145 1
7134 66 1
7135 8 1
7136 119 0
7137 21 0
7138 112 1
7139 122 0
7140 110 0
7141 7 1
7142 63 0
7143 86 0
7144 105 1
7145 58 1
7146 97 1
7147 89 1
7148 23 1
7149 128 1
7150 143 0
7151 49 1
7152 110 1
7153 139 1
7154 11 1
7155 94 0
7156 118 0
7157 84 0
7158 137 1
7159 96 1
7160 18 0
7161 147 1
7162 157 1
7163 114 1
7164 78 1
7165 121 1
7166 73 1
7167 92 1
7168 7 0
7169 13 1
7170 26 0
7171 65 0
7172 62 1
7173 92 1
7174 13 1
7175 134 1
7176 37 1
7177 158 1
7178 125 1
7179 67 1
7180 123 1
7181 117 1
7182 52 0
7183 146 1
7184 134 1
7185 4 0
7186 35 1
7187 72 1
7188 156 0
7189 148 1
7190 47 1
7191 52 1
7192 12 1
7193 130 0
7194 91 1
7195 33 1
7196 78 1
7197 104 1
7198 53 1
7199 42 1
7200 92 1
7201 42 1
7202 52 1
7203 76 1
7204 131 0
7205 144 1
7206 114 0
7207 29 1
7208 100 1
7209 115 0
7210 123 1
7211 99 1
7212 66 1
7213 25 0
7214 61 0
7215 0 1
7216 50 1
7217 133 1
7218 9 1
7219 78 1
7220 127 1
7221 1 1
7222 113 1
7223 135 1
7224 116 1
7225 13 0
7226 7 1
7227 134 0
7228 8 1
7229 130 0
7230 79 1
7231 75 1
7232 25 1
7233 0 0
7234 112 1
7235 100 0
7236 153 1
7237 89 0
7238 143 1
7239 88 1
7240 10 0
7241 106 0
7242 65 1
7243 28 0
7244 94 1
7245 68 1
7246 140 0
7247 70 1
7248 120 0
7249 51 1
7250 75 1
7251 79 1
7252 105 1
7253 29 1
7254 13 1
7255 115 1
7256 70 0
7257 51 1
7258 156 1
7259 134 1
7260 4 1
7261 31 1
7262 39 1
7263 77 1
7264 98 1
7265 84 1
7266 48 1
7267 95 1
7268 111 1
7269 10 1
7270 8 1
7271 147 0
7272 40 1
7273 139 0
7274 45 1
7275 139 0
7276 9 0
7277 120 1
7278 40 1
7279 145 0
7280 94 1
7281 79 1
7282 87 1
7283 62 1
7284 65 0
7285 4 1
7286 124 1
7287 151 1
7288 42 1
7289 139 1
7290 12 1
7291 63 1
7292 57 1
7293 7 0
7294 148 0
7295 88 1
7296 150 0
7297 151 1
7298 34 1
7299 43 1
7300 53 1
7301 98 0
7302 124 0
7303 35 1
7304 147 1
7305 21 0
7306 60 1
7307 117 1
7308 34 0
7309 67 1
7310 45 1
7311 118 1
7312 15 0
7313 40 0
7314 18 0
7315 148 1
7316 56 1
7317 101 0
7318 103 1
7319 39 1
7320 151 0
7321 28 1
7322 70 1
7323 22 1
7324 38 0
7325 66 0
7326 97 1
7327 45 0
7328 147 1
7329 3 0
7330 94 0
7331 4 1
7332 91 1
7333 23 1
7334 8 1
7335 138 1
7336 134 1
7337 63 0
7338 80 1
7339 2 0
7340 28 1
7341 127 1
7342 20 1
7343 79 0
7344 24 0
7345 100 0
7346 87 0
7347 120 1
7348 135 1
7349 66 1
7350 57 1
7351 69 1
7352 65 0
7353 4 1
7354 70 1
7355 30 1
7356 86 1
7357 150 1
7358 22 1
7359 40 1
7360 5 1
7361 101 1
7362 85 0
7363 123 1
7364 57 1
7365 130 1
7366 13 0
7367 158 1
7368 25 1
7369 149 0
7370 20 1
7371 120 1
7372 29 1
7373 138 1
7374 107 1
7375 108 0
7376 1 0
7377 57 0
7378 38 0
7379 0 1
7380 63 0
7381 62 1
7382 23 1
7383 81 1
7384 149 1
7385 155 1
7386 103 1
7387 43 1
7388 153 1
7389 121 1
7390 53 1
7391 66 1
7392 47 1
7393 153 1
7394 71 1
7395 107 1
7396 136 1
7397 63 1
7398 156 0
7399 60 1
7400 67 1
7401 8 1
7402 98 1
7403 81 1
7404 85 0
7405 120 0
7406 113 1
7407 119 1
7408 77 0
7409 13 1
7410 34 1
7411 61 0
7412 141 0
7413 97 1
7414 35 1
7415 136 1
7416 140 0
7417 125 1
7418 122 0
7419 24 0
7420 90 1
7421 38 1
7422 24 1
7423 57 1
7424 123 0
7425 102 1
7426 42 1
7427 10 0
7428 55 0
7429 88 0
7430 117 0
7431 46 1
7432 136 1
7433 31 0
7434 145 0
7435 84 1
7436 52 0
7437 132 0
7438 132 1
7439 103 1
7440 112 1
7441 21 1
7442 137 1
7443 20 1
7444 150 1
7445 135 0
7446 26 1
7447 133 0
7448 120 0
7449 113 0
7450 146 1
7451 108 0
7452 13 0
7453 41 0
7454 124 1
7455 9 1
7456 43 1
7457 73 0
7458 73 1
7459 66 0
7460 140 1
7461 99 0
7462 150 0
7463 96 1
7464 5 1
7465 143 0
7466 15 1
7467 116 1
7468 26 1
7469 99 1
7470 68 1
7471 154 0
7472 151 1
7473 59 1
7474 14 1
7475 56 0
7476 94 1
7477 88 1
7478 154 0
7479 122 0
7480 1 1
7481 3 1
7482 124 1
7483 55 0
7484 43 1
7485 153 1
7486 116 0
7487 76 1
7488 143 0
7489 99 1
7490 113 1
7491 79 1
7492 3 1
7493 144 1
7494 118 1
7495 10 0
7496 65 1
7497 147 0
7498 59 1
7499 33 0
7500 50 0
7501 152 0
7502 17 1
7503 126 1
7504 130 1
7505 11 1
7506 74 0
7507 143 0
7508 109 1
7509 3 1
7510 87 1
7511 39 1
7512 112 1
7513 109 0
7514 156 1
7515 53 1
7516 96 0
7517 140 0
7518 41 0
7519 126 1
7520 100 1
7521 108 1
7522 79 1
7523 20 0
7524 73 1
7525 108 1
7526 47 1
7527 6 1
7528 16 1
7529 110 1
7530 24 0
7531 146 0
7532 135 0
7533 87 1
7534 1 1
7535 40 1
7536 44 1
7537 129 1
7538 93 1
7539 5 1
7540 24 1
7541 19 1
7542 102 1
7543 83 1
7544 66 0
7545 143 0
7546 123 0
7547 149 1
7548 24 1
7549 42 1
7550 57 0
7551 54 0
7552 83 0
7553 77 0
7554 99 1
7555 35 1
7556 36 1
7557 120 1
7558 91 1
7559 36 0
7560 79 1
7561 27 1
7562 77 0
7563 69 0
7564 20 0
7565 53 1
7566 121 0
7567 31 1
7568 131 1
7569 74 1
7570 116 1
7571 120 0
7572 101 1
7573 143 1
7574 127 1
7575 44 1
7576 52 0
7577 17 1
7578 14 1
7579 82 1
7580 125 0
7581 37 1
7582 10 0
7583 143 1
7584 102 1
7585 65 1
7586 20 1
7587 138 0
7588 109 0
7589 7 0
7590 154 0
7591 50 1
7592 133 1
7593 28 1
7594 81 1
7595 33 0
7596 13 1
7597 145 1
7598 150 1
7599 18 1
7600 40 1
7601 79 1
7602 110 1
7603 33 1
7604 33 1
7605 148 0
7606 18 1
7607 12 1
7608 119 1
7609 151 0
7610 76 1
7611 99 1
7612 108 0
7613 51 0
7614 66 1
7615 34 1
7616 78 1
7617 92 0
7618 24 1
7619 101 1
7620 93 1
7621 22 1
7622 142 0
7623 41 0
7624 0 1
7625 154 1
7626 71 0
7627 104 0
7628 31 0
7629 119 1
7630 65 1
7631 45 1
7632 120 1
7633 25 1
7634 115 1
7635 139 1
7636 144 0
7637 13 0
7638 37 1
7639 155 1
7640 14 1
7641 125 1
7642 11 1
7643 105 1
7644 66 0
7645 65 1
7646 72 1
7647 127 1
7648 100 1
7649 29 1
7650 46 1
7651 32 0
7652 97 0
7653 84 0
7654 99 1
7655 97 1
7656 156 0
7657 125 1
7658 60 1
7659 135 1
7660 149 1
7661 110 1
7662 4 1
7663 21 0
7664 157 1
7665 2 1
7666 71 0
7667 2 1
7668 5 0
7669 69 1
7670 8 0
7671 70 1
7672 82 1
7673 25 0
7674 35 1
7675 122 1
7676 54 0
7677 13 1
7678 4 1
7679 4 1
7680 95 1
7681 57 1
7682 51 1
7683 27 1
7684 72 1
7685 13 0
7686 115 1
7687 11 1
7688 46 1
7689 33 1
7690 49 0
7691 117 1
7692 81 1
7693 3 1
7694 16 0
7695 98 1
7696 25 0
7697 56 1
7698 67 1
7699 144 1
7700 106 1
7701 60 1
7702 8 1
7703 112 1
7704 119 1
7705 73 1
7706 153 1
7707 38 1
7708 14 1
7709 12 1
7710 61 0
7711 153 1
7712 117 1
7713 89 0
7714 61 0
7715 5 1
7716 158 0
7717 156 1
7718 148 0
7719 73 0
7720 21 0
7721 128 1
7722 103 1
7723 16 1
7724 60 0
7725 74 0
7726 64 1
7727 134 1
7728 45 0
7729 48 1
7730 65 1
7731 41 1
7732 130 1
7733 157 1
7734 158 0
7735 5 1
7736 143 1
7737 47 1
7738 152 0
7739 57 1
7740 18 1
7741 16 1
7742 137 0
7743 116 1
7744 140 0
7745 56 1
7746 71 0
7747 38 0
7748 146 0
7749 14 1
7750 119 1
7751 17 0
7752 79 1
7753 43 1
7754 54 1
7755 51 0
7756 84 1
7757 91 1
7758 69 1
7759 12 0
7760 140 0
7761 24 1
7762 17 1
7763 105 1
7764 109 1
7765 1 1
7766 65 1
7767 99 0
7768 83 1
7769 142 1
7770 10 1
7771 61 0
7772 28 0
7773 9 1
7774 127 1
7775 74 1
7776 100 0
7777 12 0
7778 12 0
7779 132 0
7780 89 1
7781 117 1
7782 152 1
7783 65 1
7784 126 0
7785 65 0
7786 9 1
7787 83 1
7788 45 1
7789 145 1
7790 40 0
7791 133 1
7792 11 1
7793 110 1
7794 116 0
7795 72 0
7796 143 0
7797 127 0
7798 88 1
7799 64 0
7800 8 1
7801 117 1
7802 22 1
7803 65 1
7804 146 1
7805 8 0
7806 38 1
7807 20 1
7808 54 0
7809 0 1
7810 67 1
7811 143 1
7812 102 0
7813 114 1
7814 70 1
7815 97 1
7816 75 0
7817 106 1
7818 24 0
7819 17 0
7820 149 1
7821 49 1
7822 19 1
7823 89 1
7824 127 1
7825 96 1
7826 87 0
7827 12 1
7828 117 1
7829 73 0
7830 157 1
7831 118 0
7832 153 1
7833 22 1
7834 4 1
7835 40 1
7836 76 1
7837 33 1
7838 85 0
7839 21 0
7840 64 1
7841 14 1
7842 123 1
7843 109 1
7844 5 0
7845 120 1
7846 120 0
7847 2 0
7848 71 1
7849 58 1
7850 76 0
7851 80 0
7852 114 1
7853 100 1
7854 88 0
7855 20 0
7856 5 1
7857 146 0
7858 72 1
7859 61 0
7860 130 1
7861 7 0
7862 113 0
7863 132 1
7864 46 0
7865 26 1
7866 141 0
7867 52 0
7868 145 0
7869 63 1
7870 125 1
7871 154 1
7872 43 1
7873 25 1
7874 89 1
7875 120 0
7876 120 1
7877 4 1
7878 63 1
7879 25 1
7880 106 0
7881 9 0
7882 9 1
7883 37 1
7884 140 1
7885 155 1
7886 109 0
7887 89 1
7888 58 1
7889 120 0
7890 53 1
7891 60 1
7892 135 0
7893 88 1
7894 127 0
7895 1 1
7896 90 1
7897 89 0
7898 72 1
7899 21 1
7900 152 1
7901 13 1
7902 20 0
7903 32 0
7904 69 0
7905 4 1
7906 86 1
7907 63 1
7908 54 1
7909 28 1
7910 32 0
7911 23 0
7912 39 0
7913 148 0
7914 90 0
7915 103 1
7916 124 0
7917 122 0
7918 70 1
7919 74 1
7920 75 1
7921 30 0
7922 68 0
7923 150 1
7924 12 1
7925 72 0
7926 133 0
7927 94 0
7928 145 0
7929 136 0
7930 105 1
7931 12 1
7932 122 1
7933 66 1
7934 130 0
7935 100 1
7936 71 1
7937 134 1
7938 64 1
7939 29 0
7940 70 1
7941 48 0
7942 134 0
7943 142 1
7944 151 1
7945 37 0
7946 126 0
7947 19 0
7948 110 1
7949 50 0
7950 78 1
7951 54 1
7952 121 1
7953 55 1
7954 91 0
7955 29 0
7956 123 0
7957 131 1
7958 145 1
7959 59 0
7960 86 1
7961 87 0
7962 157 1
7963 70 0
7964 44 1
7965 31 1
7966 111 0
7967 38 0
7968 51 1
7969 110 0
7970 31 1
7971 70 1
7972 143 1
7973 20 1
7974 8 1
7975 35 1
7976 102 0
7977 1 0
7978 81 1
7979 50 1
7980 43 0
7981 100 0
7982 103 1
7983 79 1
7984 85 1
7985 137 0
7986 11 0
7987 122 1
7988 101 1
7989 126 1
7990 148 0
7991 57 1
7992 135 1
7993 118 1
7994 140 1
7995 36 1
7996 102 0
7997 104 1
7998 127 1
7999 127 0
8000 139 1
8001 106 0
8002 6 1
8003 73 1
8004 138 0
8005 70 1
8006 53 1
8007 145 1
8008 37 0
8009 13 0
8010 125 1
8011 53 1
8012 38 1
8013 127 1
8014 107 1
8015 71 1
8016 53 1
8017 5 1
8018 99 1
8019 20 0
8020 55 0
8021 132 1
8022 143 1
8023 64 0
8024 75 1
8025 50 0
8026 138 0
8027 36 1
8028 27 1
8029 34 1
8030 26 1
8031 73 0
8032 135 1
8033 65 1
8034 9 1
8035 80 1
8036 101 1
8037 99 1
8038 24 0
8039 117 1
8040 19 0
8041 152 0
8042 37 1
8043 100 0
8044 119 1
8045 50 1
8046 92 1
8047 76 1
8048 129 1
8049 69 1
8050 79 1
8051 129 1
8052 56 1
8053 118 1
8054 11 0
8055 32 1
8056 11 0
8057 113 0
8058 139 0
8059 124 1
8060 41 0
8061 22 0
8062 66 1
8063 127 0
8064 93 0
8065 100 1
8066 39 1
8067 46 1
8068 78 1
8069 28 0
8070 9 1
8071 46 1
8072 11 0
8073 154 0
8074 140 1
8075 28 1
8076 62 1
8077 7 0
8078 75 1
8079 5 1
8080 23 1
8081 119 0
8082 28 1
8083 84 0
8084 97 0
8085 48 1
8086 98 1
8087 127 1
8088 94 1
8089 112 1
8090 9 0
8091 108 1
8092 31 1
8093 40 0
8094 101 0
8095 127 1
8096 3 1
8097 29 1
8098 20 1
8099 149 0
8100 152 1
8101 65 0
8102 58 1
8103 127 1
8104 7 1
8105 80 1
8106 61 0
8107 14 1
8108 156 0
8109 51 1
8110 111 1
8111 64 1
8112 118 1
8113 157 0
8114 59 1
8115 23 1
8116 37 1
8117 154 0
8118 58 1
8119 14 1
8120 128 1
8121 8 1
8122 50 0
8123 134 0
8124 4 0
8125 71 0
8126 57 1
8127 156 1
8128 81 1
8129 7 1
8130 68 1
8131 44 1
8132 55 1
8133 126 1
8134 88 1
8135 20 1
8136 76 1
8137 14 0
8138 51 0
8139 25 1
8140 101 1
8141 97 1
8142 158 1
8143 27 1
8144 15 1
8145 73 0
8146 76 1
8147 114 0
8148 10 1
8149 86 1
8150 147 1
8151 82 1
8152 61 1
8153 42 1
8154 12 0
8155 20 1
8156 90 1
8157 39 0
8158 63 1
8159 96 1
8160 112 1
8161 2 0
8162 140 0
8163 3 0
8164 49 1
8165 15 0
8166 48 0
8167 28 1
8168 121 1
8169 73 1
8170 64 1
8171 14 1
8172 62 1
8173 10 1
8174 130 1
8175 44 1
8176 118 1
8177 40 1
8178 14 0
8179 16 1
8180 143 1
8181 27 0
8182 55 0
8183 67 1
8184 51 1
8185 3 1
8186 1 0
8187 121 0
8188 155 1
8189 30 1
8190 80 0
8191 136 0
8192 132 1
8193 149 1
8194 71 1
8195 62 1
8196 48 1
8197 14 1
8198 70 1
8199 132 0
8200 75 0
8201 89 1
8202 152 0
8203 66 0
8204 110 1
8205 53 0
8206 109 0
8207 81 0
8208 59 1
8209 81 1
8210 88 1
8211 112 1
8212 0 1
8213 7 1
8214 61 1
8215 119 1
8216 116 1
8217 64 1
8218 112 0
8219 36 1
8220 6 1
8221 94 1
8222 46 1
8223 123 1
8224 98 1
8225 2 0
8226 116 0
8227 90 1
8228 9 1
8229 113 1
8230 4 1
8231 58 1
8232 134 0
8233 9 1
8234 20 1
8235 77 1
8236 61 0
8237 67 0
8238 40 0
8239 64 0
8240 4 1
8241 92 1
8242 107 1
8243 3 1
8244 131 1
8245 38 1
8246 116 1
8247 109 1
8248 60 0
8249 31 1
8250 89 0
8251 118 1
8252 46 1
8253 35 0
8254 58 1
8255 151 1
8256 92 1
8257 108 0
8258 118 1
8259 83 1
8260 155 0
8261 78 0
8262 144 1
8263 56 0
8264 146 1
8265 136 1
8266 36 1
8267 79 1
8268 48 0
8269 95 1
8270 55 0
8271 21 0
8272 23 1
8273 40 1
8274 8 1
8275 9 0
8276 96 0
8277 43 1
8278 116 0
8279 137 1
8280 27 1
8281 107 0
8282 136 1
8283 156 1
8284 68 1
8285 143 0
8286 116 0
8287 123 0
8288 134 1
8289 58 1
8290 138 1
8291 73 1
8292 156 0
8293 9 1
8294 56 0
8295 143 1
8296 114 0
8297 83 0
8298 130 0
8299 128 0
8300 25 1
8301 15 1
8302 117 1
8303 133 1
8304 154 0
8305 13 0
8306 101 1
8307 62 1
8308 129 0
8309 63 1
8310 70 0
8311 121 1
8312 76 1
8313 54 0
8314 138 0
8315 13 0
8316 61 1
8317 157 1
8318 19 1
8319 48 1
8320 6 0
8321 75 1
8322 149 0
8323 57 1
8324 145 1
8325 72 1
8326 20 1
8327 93 1
8328 92 1
8329 144 1
8330 96 1
8331 1 1
8332 38 1
8333 102 0
8334 132 1
8335 157 1
8336 54 1
8337 97 1
8338 62 1
8339 15 1
8340 41 0
8341 32 1
8342 49 1
8343 85 0
8344 40 1
8345 138 1
8346 80 1
8347 61 1
8348 139 0
8349 27 0
8350 81 0
8351 102 1
8352 110 1
8353 31 1
8354 120 1
8355 148 0
8356 61 1
8357 76 1
8358 157 0
8359 103 0
8360 83 1
8361 27 1
8362 62 1
8363 59 1
8364 18 1
8365 7 1
8366 124 1
8367 87 0
8368 2 1
8369 15 0
8370 18 0
8371 63 1
8372 121 1
8373 115 1
8374 67 0
8375 10 1
8376 67 1
8377 7 0
8378 51 1
8379 24 1
8380 79 1
8381 96 1
8382 153 0
8383 46 1
8384 154 1
8385 130 1
8386 3 0
8387 18 0
8388 99 1
8389 11 1
8390 44 1
8391 10 1
8392 70 1
8393 8 0
8394 9 1
8395 118 1
8396 75 1
8397 133 1
8398 90 1
8399 77 1
8400 93 1
8401 25 0
8402 9 1
8403 61 0
8404 103 1
8405 127 1
8406 106 1
8407 26 1
8408 6 1
8409 150 0
8410 78 0
8411 104 1
8412 16 1
8413 149 0
8414 110 1
8415 119 1
8416 41 1
8417 66 1
8418 29 1
8419 85 1
8420 53 1
8421 48 1
8422 42 1
8423 28 1
8424 35 0
8425 148 0
8426 55 1
8427 33 0
8428 25 1
8429 105 1
8430 101 1
8431 32 1
8432 50 1
8433 119 1
8434 152 0
8435 65 1
8436 35 1
8437 57 0
8438 39 1
8439 51 0
8440 117 0
8441 113 1
8442 146 0
8443 11 1
8444 22 1
8445 84 1
8446 107 1
8447 108 1
8448 141 1
8449 90 1
8450 51 1
8451 33 1
8452 46 1
8453 90 0
8454 28 1
8455 86 1
8456 34 1
8457 85 1
8458 39 1
8459 44 0
8460 139 1
8461 112 1
8462 12 0
8463 97 1
8464 140 1
8465 140 1
8466 35 1
8467 45 1
8468 41 1
8469 93 1
8470 128 1
8471 141 0
8472 71 1
8473 36 1
8474 16 1
8475 99 0
8476 136 1
8477 94 0
8478 39 1
8479 154 0
8480 146 1
8481 64 1
8482 86 1
8483 115 1
8484 11 1
8485 123 0
8486 154 1
8487 80 0
8488 25 1
8489 104 1
8490 124 1
8491 48 0
8492 22 0
8493 101 1
8494 102 1
8495 7 0
8496 83 1
8497 123 1
8498 106 0
8499 64 1
8500 129 0
8501 35 0
8502 145 0
8503 118 1
8504 158 0
8505 64 1
8506 33 0
8507 76 1
8508 23 1
8509 42 1
8510 52 1
8511 55 1
8512 132 1
8513 72 1
8514 26 0
8515 49 1
8516 91 1
8517 132 0
8518 125 1
8519 15 0
8520 6 1
8521 15 1
8522 119 1
8523 105 0
8524 48 1
8525 108 1
8526 49 1
8527 3 1
8528 35 1
8529 112 0
8530 64 1
8531 69 1
8532 97 1
8533 0 1
8534 145 1
8535 115 1
8536 21 1
8537 43 1
8538 0 1
8539 49 1
8540 148 0
8541 75 1
8542 14 1
8543 71 0
8544 6 1
8545 122 1
8546 38 1
8547 152 0
8548 0 1
8549 125 1
8550 20 1
8551 149 1
8552 138 1
8553 34 1
8554 33 1
8555 113 0
8556 93 1
8557 71 1
8558 118 1
8559 8 1
8560 104 0
8561 48 1
8562 3 1
8563 118 1
8564 46 1
8565 1 1
8566 92 1
8567 118 1
8568 35 1
8569 136 1
8570 3 1
8571 102 0
8572 130 0
8573 55 1
8574 94 0
8575 66 1
8576 35 0
8577 107 1
8578 82 1
8579 53 1
8580 78 1
8581 120 1
8582 131 1
8583 94 1
8584 158 1
8585 88 1
8586 13 1
8587 109 1
8588 142 1
8589 84 1
8590 153 0
8591 43 1
8592 32 1
8593 79 1
8594 144 1
8595 9 1
8596 113 1
8597 11 1
8598 61 0
8599 105 1
8600 102 1
8601 73 1
8602 2 0
8603 110 1
8604 39 1
8605 149 1
8606 113 1
8607 74 1
8608 36 1
8609 112 1
8610 137 1
8611 21 0
8612 103 1
8613 30 0
8614 138 1
8615 76 1
8616 21 0
8617 134 1
8618 24 0
8619 9 1
8620 133 1
8621 107 1
8622 129 0
8623 84 1
8624 112 1
8625 39 0
8626 85 1
8627 109 1
8628 19 1
8629 45 1
8630 41 1
8631 18 1
8632 37 1
8633 85 1
8634 5 1
8635 50 1
8636 105 1
8637 151 1
8638 117 1
8639 93 1
8640 40 1
8641 87 1
8642 44 0
8643 6 0
8644 102 1
8645 74 0
8646 98 1
8647 46 1
8648 85 1
8649 37 1
8650 153 1
8651 155 0
8652 23 1
8653 101 1
8654 151 1
8655 136 0
8656 93 1
8657 10 1
8658 113 1
8659 127 0
8660 153 1
8661 41 0
8662 60 1
8663 69 0
8664 146 1
8665 89 0
8666 46 1
8667 91 1
8668 0 1
8669 135 0
8670 153 1
8671 110 0
8672 29 0
8673 77 1
8674 62 1
8675 126 1
8676 99 1
8677 149 1
8678 107 0
8679 72 1
8680 17 0
8681 86 0
8682 14 1
8683 58 0
8684 137 0
8685 92 1
8686 158 1
8687 156 1
8688 15 1
8689 23 1
8690 131 1
8691 134 1
8692 95 1
8693 156 0
8694 35 0
8695 149 1
8696 83 0
8697 116 1
8698 21 1
8699 38 1
8700 146 0
8701 143 1
8702 99 1
8703 25 1
8704 141 1
8705 117 1
8706 135 1
8707 110 1
8708 68 1
8709 41 0
8710 29 1
8711 156 0
8712 33 1
8713 136 0
8714 65 1
8715 55 0
8716 145 0
8717 123 1
8718 105 0
8719 51 1
8720 50 0
8721 126 0
8722 28 1
8723 24 0
8724 37 1
8725 41 1
8726 22 1
8727 105 1
8728 3 1
8729 110 1
8730 24 1
8731 47 1
8732 56 1
8733 107 0
8734 87 1
8735 101 0
8736 10 1
8737 15 1
8738 157 0
8739 61 1
8740 115 1
8741 113 1
8742 67 1
8743 119 1
8744 68 1
8745 151 1
8746 88 0
8747 115 0
8748 136 1
8749 158 1
8750 148 1
8751 127 0
8752 22 1
8753 49 1
8754 119 1
8755 67 1
8756 139 1
8757 139 0
8758 6 0
8759 130 0
8760 22 0
8761 20 0
8762 87 1
8763 106 1
8764 124 1
8765 55 0
8766 59 0
8767 50 1
8768 104 0
8769 38 1
8770 136 1
8771 140 0
8772 137 1
8773 90 0
8774 72 1
8775 145 1
8776 35 1
8777 130 1
8778 152 1
8779 114 0
8780 36 0
8781 83 1
8782 45 0
8783 28 1
8784 85 1
8785 140 1
8786 24 1
8787 20 0
8788 94 0
8789 72 1
8790 98 1
8791 28 1
8792 75 1
8793 23 1
8794 89 1
8795 112 1
8796 85 1
8797 72 1
8798 107 1
8799 132 0
8800 18 0
8801 96 1
8802 1 0
8803 130 0
8804 79 1
8805 30 0
8806 28 0
8807 77 1
8808 69 1
8809 98 0
8810 16 1
8811 135 1
8812 24 1
8813 158 0
8814 74 1
8815 7 1
8816 11 1
8817 61 0
8818 72 0
8819 34 0
8820 76 1
8821 95 1
8822 60 1
8823 133 1
8824 125 1
8825 140 1
8826 49 1
8827 95 1
8828 91 1
8829 132 1
8830 151 0
8831 25 1
8832 9 1
8833 101 1
8834 45 0
8835 158 1
8836 52 1
8837 151 1
8838 119 0
8839 93 0
8840 124 0
8841 79 1
8842 117 1
8843 100 0
8844 36 0
8845 140 1
8846 138 1
8847 43 1
8848 105 1
8849 7 1
8850 132 1
8851 39 0
8852 27 1
8853 148 1
8854 9 1
8855 157 1
8856 83 1
8857 86 0
8858 105 1
8859 101 1
8860 111 1
8861 22 1
8862 15 0
8863 15 1
8864 136 0
8865 38 0
8866 29 0
8867 145 1
8868 119 1
8869 54 1
8870 143 1
8871 30 0
8872 141 1
8873 119 0
8874 154 1
8875 70 1
8876 69 1
8877 122 0
8878 84 0
8879 57 1
8880 1 1
8881 108 1
8882 98 1
8883 23 1
8884 155 1
8885 114 1
8886 55 1
8887 143 1
8888 27 0
8889 125 1
8890 5 0
8891 54 1
8892 140 0
8893 12 0
8894 80 1
8895 64 1
8896 91 0
8897 48 0
8898 35 0
8899 15 1
8900 74 1
8901 23 1
8902 40 1
8903 94 1
8904 37 1
8905 15 1
8906 108 1
8907 128 1
8908 97 0
8909 91 1
8910 136 1
8911 111 1
8912 96 1
8913 24 1
8914 83 1
8915 88 0
8916 10 1
8917 55 0
8918 130 0
8919 44 1
8920 135 0
8921 61 1
8922 66 1
8923 25 0
8924 97 0
8925 109 1
8926 40 1
8927 142 1
8928 73 1
8929 108 0
8930 133 1
8931 82 1
8932 1 1
8933 120 1
8934 53 1
8935 65 1
8936 3 1
8937 125 0
8938 83 1
8939 74 1
8940 34 0
8941 22 0
8942 97 1
8943 51 0
8944 99 0
8945 94 1
8946 49 1
8947 142 1
8948 6 0
8949 107 0
8950 121 1
8951 100 1
8952 150 1
8953 34 1
8954 57 0
8955 108 0
8956 144 1
8957 92 1
8958 136 1
8959 20 1
8960 70 0
8961 1 1
8962 143 1
8963 95 1
8964 100 1
8965 61 0
8966 67 1
8967 112 0
8968 68 1
8969 145 1
8970 107 0
8971 69 1
8972 65 0
8973 101 0
8974 147 1
8975 130 1
8976 3 1
8977 30 1
8978 43 1
8979 62 1
8980 95 1
8981 131 1
8982 51 0
8983 147 0
8984 8 1
8985 97 1
8986 68 1
8987 61 0
8988 10 1
8989 29 1
8990 136 1
8991 68 1
8992 143 1
8993 52 0
8994 149 1
8995 22 0
8996 90 1
8997 15 1
8998 89 1
8999 28 0
9000 63 1
9001 140 1
9002 132 1
9003 117 0
9004 56 1
9005 152 1
9006 73 0
9007 13 1
9008 11 1
9009 96 1
9010 32 1
9011 13 1
9012 39 0
9013 30 1
9014 117 1
9015 78 1
9016 109 1
9017 4 1
9018 27 1
9019 78 1
9020 109 1
9021 117 1
9022 144 1
9023 92 1
9024 133 1
9025 9 0
9026 147 1
9027 139 1
9028 62 1
9029 8 1
9030 154 1
9031 52 1
9032 72 1
9033 114 1
9034 105 0
9035 35 0
9036 115 1
9037 90 1
9038 136 1
9039 108 0
9040 52 1
9041 128 0
9042 77 1
9043 79 1
9044 45 1
9045 97 0
9046 25 1
9047 157 1
9048 59 0
9049 49 0
9050 156 0
9051 145 1
9052 4 1
9053 139 1
9054 99 1
9055 103 1
9056 57 1
9057 44 1
9058 21 1
9059 42 0
9060 147 1
9061 119 1
9062 141 1
9063 122 1
9064 155 0
9065 46 1
9066 107 1
9067 31 0
9068 35 0
9069 104 0
9070 99 1
9071 138 0
9072 120 1
9073 59 1
9074 83 1
9075 61 0
9076 92 1
9077 96 1
9078 149 1
9079 116 1
9080 8 1
9081 149 0
9082 122 1
9083 153 0
9084 33 1
9085 144 1
9086 73 1
9087 141 1
9088 158 1
9089 29 0
9090 68 1
9091 80 0
9092 48 0
9093 77 1
9094 13 0
9095 109 1
9096 123 0
9097 63 1
9098 46 0
9099 96 1
9100 82 1
9101 64 1
9102 131 1
9103 43 0
9104 14 1
9105 55 1
9106 14 1
9107 10 1
9108 90 1
9109 26 0
9110 133 0
9111 51 1
9112 1 0
9113 36 1
9114 97 1
9115 138 1
9116 139 0
9117 103 0
9118 89 1
9119 84 1
9120 144 1
9121 112 1
9122 52 1
9123 72 1
9124 136 1
9125 13 1
9126 74 0
9127 59 1
9128 30 0
9129 133 1
9130 153 1
9131 74 1
9132 81 1
9133 13 0
9134 90 0
9135 41 1
9136 88 0
9137 85 1
9138 128 1
9139 50 1
9140 22 0
9141 67 1
9142 138 1
9143 23 1
9144 63 0
9145 62 1
9146 36 1
9147 117 1
9148 81 1
9149 56 1
9150 153 1
9151 99 0
9152 29 1
9153 149 1
9154 35 1
9155 29 0
9156 29 1
9157 80 1
9158 63 1
9159 28 0
9160 113 0
9161 36 1
9162 153 1
9163 119 1
9164 136 0
9165 100 1
9166 125 1
9167 65 1
9168 3 1
9169 78 1
9170 95 0
9171 23 0
9172 129 0
9173 143 0
9174 59 1
9175 97 1
9176 113 0
9177 15 1
9178 64 0
9179 36 1
9180 77 1
9181 24 1
9182 28 1
9183 49 1
9184 144 1
9185 82 1
9186 86 0
9187 141 1
9188 134 1
9189 100 0
9190 148 1
9191 59 1
9192 108 0
9193 62 1
9194 50 0
9195 140 1
9196 86 1
9197 22 0
9198 20 0
9199 158 1
9200 124 1
9201 22 1
9202 112 0
9203 33 0
9204 55 0
9205 133 1
9206 24 1
9207 158 0
9208 108 1
9209 146 1
9210 86 1
9211 137 1
9212 59 1
9213 139 0
9214 71 0
9215 96 1
9216 145 0
9217 87 1
9218 49 1
9219 112 1
9220 106 1
9221 1 1
9222 46 1
9223 29 1
9224 147 1
9225 6 0
9226 156 0
9227 98 1
9228 70 1
9229 147 1
9230 143 1
9231 104 1
9232 130 1
9233 154 1
9234 5 0
9235 51 0
9236 46 1
9237 8 1
9238 138 1
9239 99 0
9240 140 0
9241 137 1
9242 17 1
9243 119 0
9244 8 1
9245 155 1
9246 34 1
9247 48 0
9248 71 1
9249 110 1
9250 3 1
9251 114 0
9252 141 1
9253 153 1
9254 1 0
9255 25 1
9256 125 1
9257 119 0
9258 6 1
9259 156 1
9260 29 0
9261 92 1
9262 31 1
9263 79 1
9264 121 1
9265 20 1
9266 44 0
9267 26 1
9268 97 0
9269 158 0
9270 40 0
9271 7 0
9272 112 0
9273 75 1
9274 59 0
9275 59 1
9276 76 0
9277 88 1
9278 70 1
9279 51 0
9280 49 1
9281 9 1
9282 57 1
9283 46 1
9284 67 1
9285 106 0
9286 154 1
9287 114 0
9288 18 1
9289 153 0
9290 28 1
9291 91 1
9292 142 0
9293 138 0
9294 113 1
9295 96 1
9296 113 0
9297 24 0
9298 153 0
9299 93 1
9300 42 1
9301 95 1
9302 5 0
9303 71 1
9304 91 0
9305 27 1
9306 130 0
9307 75 0
9308 65 0
9309 18 1
9310 97 1
9311 35 1
9312 146 1
9313 74 1
9314 129 1
9315 54 1
9316 144 1
9317 135 1
9318 136 1
9319 100 1
9320 124 1
9321 39 1
9322 98 1
9323 134 0
9324 106 1
9325 36 1
9326 33 1
9327 33 1
9328 130 1
9329 98 1
9330 127 0
9331 124 1
9332 153 1
9333 29 0
9334 158 1
9335 50 1
9336 109 1
9337 144 0
9338 56 0
9339 138 0
9340 123 1
9341 59 1
9342 12 1
9343 30 1
9344 125 1
9345 95 1
9346 133 1
9347 47 1
9348 12 1
9349 25 1
9350 132 0
9351 61 1
9352 17 1
9353 56 0
9354 92 1
9355 87 1
9356 62 1
9357 65 1
9358 5 0
9359 69 0
9360 76 1
9361 150 1
9362 76 0
9363 103 0
9364 41 1
9365 26 1
9366 130 0
9367 22 1
9368 59 1
9369 146 0
9370 125 1
9371 60 1
9372 147 0
9373 115 1
9374 73 1
9375 135 0
9376 116 1
9377 125 1
9378 91 1
9379 133 1
9380 39 1
9381 72 0
9382 13 1
9383 83 0
9384 25 1
9385 150 1
9386 155 1
9387 105 1
9388 28 1
9389 148 1
9390 13 1
9391 91 0
9392 103 1
9393 14 1
9394 53 0
9395 94 1
9396 73 1
9397 28 0
9398 28 1
9399 85 0
9400 33 1
9401 130 1
9402 138 1
9403 25 0
9404 149 0
9405 109 1
9406 149 0
9407 58 1
9408 110 1
9409 56 1
9410 146 0
9411 22 1
9412 158 1
9413 73 1
9414 13 1
9415 92 1
9416 1 1
9417 12 1
9418 151 1
9419 146 0
9420 136 1
9421 70 0
9422 75 1
9423 147 1
9424 52 0
9425 115 1
9426 120 1
9427 111 1
9428 39 0
9429 0 1
9430 109 1
9431 109 0
9432 93 0
9433 16 0
9434 85 1
9435 78 1
9436 37 1
9437 41 1
9438 128 1
9439 64 1
9440 10 0
9441 72 0
9442 83 1
9443 18 1
9444 60 1
9445 100 1
9446 121 1
9447 131 1
9448 23 1
9449 66 1
9450 2 0
9451 23 1
9452 59 1
9453 77 1
9454 31 0
9455 135 1
9456 87 0
9457 98 0
9458 157 1
9459 59 1
9460 60 1
9461 79 0
9462 61 1
9463 4 0
9464 124 1
9465 119 1
9466 141 0
9467 18 1
9468 144 1
9469 155 0
9470 15 1
9471 142 1
9472 105 1
9473 125 1
9474 124 0
9475 13 0
9476 111 0
9477 134 1
9478 69 0
9479 24 1
9480 61 0
9481 13 1
9482 64 1
9483 23 1
9484 63 0
9485 150 0
9486 77 1
9487 22 1
9488 68 1
9489 64 1
9490 98 1
9491 144 1
9492 96 0
9493 149 0
9494 36 0
9495 41 1
9496 10 0
9497 152 1
9498 96 1
9499 50 0
9500 121 0
9501 79 1
9502 113 1
9503 158 0
9504 100 1
9505 66 1
9506 141 0
9507 16 1
9508 23 0
9509 10 1
9510 31 1
9511 9 0
9512 31 1
9513 128 1
9514 30 1
9515 128 0
9516 72 1
9517 42 1
9518 1 0
9519 59 1
9520 31 1
9521 140 1
9522 104 1
9523 102 1
9524 14 1
9525 39 1
9526 90 1
9527 99 0
9528 135 0
9529 101 1
9530 13 1
9531 9 1
9532 129 0
9533 123 0
9534 104 1
9535 72 0
9536 150 1
9537 74 1
9538 147 1
9539 148 1
9540 55 0
9541 59 1
9542 2 1
9543 119 1
9544 152 1
9545 155 1
9546 57 1
9547 104 0
9548 142 0
9549 83 1
9550 18 1
9551 148 1
9552 60 0
9553 30 1
9554 91 0
9555 136 1
9556 59 1
9557 70 0
9558 36 1
9559 52 0
9560 17 1
9561 47 1
9562 65 1
9563 27 1
9564 146 0
9565 62 1
9566 32 1
9567 100 1
9568 126 1
9569 141 1
9570 2 1
9571 58 1
9572 155 1
9573 135 1
9574 85 1
9575 72 0
9576 87 1
9577 103 1
9578 123 1
9579 128 1
9580 8 1
9581 42 1
9582 94 0
9583 133 1
9584 124 1
9585 47 0
9586 86 1
9587 41 0
9588 85 1
9589 125 0
9590 130 1
9591 40 0
9592 85 1
9593 52 1
9594 125 0
9595 86 1
9596 64 1
9597 15 1
9598 48 1
9599 146 1
9600 116 1
9601 151 0
9602 150 1
9603 52 0
9604 50 0
9605 99 1
9606 69 1
9607 6 1
9608 134 1
9609 55 1
9610 91 1
