5439
1 83 1
2 32 1
3 101 1
4 11 0
5 82 0
6 4 1
7 168 1
8 163 1
9 0 1
10 111 0
11 108 1
12 50 0
13 26 0
14 134 1
15 48 1
16 48 0
17 83 1
18 160 0
19 30 0
20 49 1
21 18 0
22 120 1
23 80 1
24 110 0
25 76 0
26 167 1
27 169 1
28 141 0
29 148 1
30 9 1
31 114 0
32 149 0
33 12 1
34 140 1
35 175 1
36 145 1
37 117 1
38 75 1
39 65 1
40 152 1
41 39 1
42 22 1
43 116 0
44 162 1
45 17 1
46 103 1
47 166 1
48 24 0
49 78 1
50 95 1
51 166 0
52 142 1
53 85 0
54 176 1
55 34 1
56 103 1
57 47 1
58 40 1
59 162 1
60 70 1
61 69 1
62 6 1
63 121 0
64 109 1
65 6 1
66 84 1
67 140 1
68 35 1
69 138 1
70 71 1
71 118 1
72 5 1
73 174 1
74 87 0
75 6 1
76 95 1
77 142 0
78 5 0
79 121 0
80 157 1
81 78 1
82 58 0
83 163 0
84 139 1
85 178 1
86 170 0
87 142 0
88 157 1
89 157 1
90 53 1
91 97 1
92 112 1
93 60 1
94 82 1
95 54 0
96 130 1
97 177 1
98 45 1
99 40 1
100 42 0
101 152 0
102 94 0
103 145 0
104 127 0
105 12 1
106 161 1
107 139 1
108 107 1
109 150 0
110 23 1
111 125 1
112 31 1
113 37 1
114 158 0
115 135 0
116 171 0
117 171 0
118 35 0
119 33 1
120 136 1
121 38 0
122 91 1
123 150 1
124 135 0
125 147 1
126 83 1
127 7 0
128 90 0
129 2 0
130 175 1
131 28 1
132 119 1
133 128 1
134 33 1
135 76 1
136 143 1
137 45 1
138 50 0
139 12 0
140 75 0
141 102 1
142 126 1
143 147 1
144 154 0
145 44 1
146 44 1
147 76 0
148 146 1
149 77 0
150 123 1
151 43 1
152 88 1
153 79 0
154 159 1
155 83 1
156 9 0
157 151 0
158 116 1
159 47 1
160 27 0
161 115 1
162 38 0
163 110 1
164 90 1
165 59 0
166 161 0
167 58 0
168 2 0
169 83 1
170 104 1
171 154 1
172 110 0
173 123 1
174 4 1
175 12 1
176 20 0
177 41 1
178 130 0
179 1 1
180 96 0
181 13 1
182 152 1
183 22 0
184 83 1
185 74 1
186 146 0
187 175 0
188 176 1
189 177 1
190 111 0
191 149 1
192 12 1
193 127 1
194 36 1
195 120 1
196 62 1
197 147 1
198 79 1
199 128 1
200 34 1
201 108 1
202 10 0
203 16 1
204 44 1
205 61 0
206 141 1
207 162 0
208 159 1
209 169 0
210 113 0
211 86 1
212 2 1
213 148 0
214 46 1
215 1 0
216 174 0
217 18 1
218 150 1
219 65 1
220 165 1
221 46 1
222 95 1
223 154 1
224 13 0
225 146 1
226 12 1
227 60 0
228 108 0
229 95 1
230 1 1
231 108 1
232 143 1
233 170 1
234 35 1
235 68 0
236 119 1
237 22 0
238 17 0
239 165 1
240 78 1
241 94 1
242 6 1
243 42 1
244 57 0
245 143 1
246 172 1
247 107 0
248 11 1
249 9 1
250 91 1
251 121 1
252 65 0
253 5 1
254 15 1
255 50 1
256 123 0
257 121 1
258 172 1
259 118 1
260 60 0
261 46 0
262 146 0
263 126 1
264 126 1
265 140 1
266 150 1
267 123 0
268 100 0
269 56 1
270 56 0
271 82 0
272 61 1
273 120 1
274 63 0
275 42 1
276 16 1
277 50 0
278 52 1
279 77 1
280 70 1
281 91 1
282 174 1
283 16 0
284 101 0
285 84 0
286 169 1
287 32 1
288 3 0
289 106 1
290 148 1
291 126 1
292 110 1
293 85 1
294 110 1
295 36 1
296 76 0
297 160 1
298 99 0
299 41 1
300 59 0
301 116 1
302 103 0
303 101 1
304 174 1
305 109 1
306 50 1
307 66 1
308 106 1
309 133 1
310 10 0
311 156 1
312 54 0
313 31 1
314 124 1
315 112 0
316 72 0
317 54 1
318 8 1
319 40 1
320 57 0
321 84 1
322 80 0
323 78 1
324 176 0
325 161 0
326 139 0
327 30 1
328 149 1
329 42 1
330 8 1
331 36 1
332 15 1
333 130 0
334 119 0
335 143 1
336 14 1
337 94 0
338 136 1
339 102 1
340 78 1
341 78 0
342 160 0
343 169 0
344 44 1
345 162 1
346 61 0
347 70 0
348 162 1
349 101 0
350 128 1
351 152 1
352 51 1
353 174 1
354 113 0
355 78 0
356 56 0
357 167 1
358 23 0
359 104 1
360 63 0
361 173 0
362 159 1
363 23 1
364 23 1
365 2 1
366 63 1
367 169 1
368 158 1
369 59 1
370 20 1
371 105 1
372 52 1
373 50 1
374 8 0
375 17 1
376 116 0
377 133 0
378 13 0
379 176 1
380 91 1
381 63 1
382 91 1
383 27 0
384 38 1
385 100 0
386 99 1
387 71 1
388 56 1
389 164 1
390 150 0
391 9 1
392 66 1
393 57 1
394 173 1
395 54 1
396 107 1
397 178 0
398 44 0
399 26 1
400 166 1
401 78 1
402 26 1
403 175 1
404 145 1
405 20 1
406 99 1
407 140 0
408 110 1
409 3 0
410 10 0
411 64 1
412 164 1
413 73 0
414 143 0
415 112 0
416 100 1
417 91 1
418 34 1
419 146 1
420 5 1
421 53 1
422 133 0
423 143 0
424 33 0
425 43 1
426 78 1
427 97 1
428 108 1
429 30 1
430 143 0
431 13 1
432 27 1
433 12 1
434 128 1
435 115 1
436 82 1
437 111 1
438 120 0
439 38 1
440 160 1
441 133 1
442 126 1
443 176 1
444 95 1
445 117 0
446 107 1
447 61 1
448 56 1
449 71 1
450 168 1
451 13 1
452 50 1
453 46 1
454 137 1
455 145 1
456 103 0
457 52 0
458 141 1
459 158 1
460 130 0
461 55 1
462 47 1
463 68 1
464 127 0
465 162 1
466 20 0
467 62 1
468 57 1
469 63 1
470 130 0
471 71 1
472 119 0
473 41 1
474 163 1
475 77 1
476 169 1
477 110 1
478 6 0
479 15 1
480 75 1
481 124 1
482 47 1
483 167 0
484 53 1
485 57 0
486 133 0
487 58 1
488 126 1
489 156 0
490 109 0
491 162 0
492 123 1
493 136 0
494 30 1
495 137 1
496 23 1
497 138 0
498 142 1
499 112 1
500 114 0
501 20 1
502 56 1
503 80 0
504 167 1
505 167 0
506 48 1
507 17 1
508 118 1
509 111 1
510 0 1
511 11 1
512 25 1
513 147 1
514 34 1
515 5 1
516 8 1
517 92 1
518 157 1
519 5 1
520 50 1
521 1 1
522 18 0
523 143 0
524 47 1
525 158 0
526 82 0
527 124 1
528 15 0
529 33 1
530 110 1
531 72 1
532 118 1
533 120 1
534 157 0
535 116 1
536 172 1
537 0 0
538 11 0
539 85 1
540 93 0
541 42 1
542 172 1
543 93 1
544 18 1
545 110 1
546 40 1
547 5 0
548 105 1
549 128 1
550 8 1
551 165 0
552 58 1
553 130 1
554 120 0
555 64 1
556 154 1
557 20 1
558 94 1
559 29 1
560 62 0
561 178 1
562 81 1
563 18 1
564 66 1
565 144 1
566 86 0
567 129 1
568 55 1
569 87 0
570 107 1
571 84 1
572 16 1
573 104 1
574 39 0
575 97 1
576 147 0
577 140 0
578 153 1
579 110 1
580 0 1
581 104 1
582 143 0
583 42 0
584 9 1
585 69 1
586 155 1
587 136 1
588 15 1
589 155 1
590 68 0
591 93 0
592 43 0
593 139 1
594 87 1
595 47 0
596 83 1
597 48 1
598 144 1
599 120 1
600 156 1
601 91 0
602 100 1
603 61 0
604 46 1
605 107 1
606 164 1
607 88 0
608 130 1
609 36 0
610 172 0
611 63 1
612 173 1
613 177 1
614 138 1
615 49 1
616 65 1
617 6 1
618 125 1
619 38 0
620 95 1
621 44 1
622 42 0
623 163 1
624 118 1
625 31 0
626 41 1
627 125 0
628 79 1
629 110 1
630 178 0
631 91 1
632 58 1
633 166 1
634 38 0
635 113 1
636 162 1
637 89 1
638 48 0
639 18 1
640 30 1
641 36 1
642 18 0
643 160 1
644 43 1
645 136 0
646 126 1
647 160 1
648 19 0
649 126 1
650 48 0
651 128 1
652 39 1
653 172 0
654 48 1
655 12 0
656 113 0
657 25 0
658 147 1
659 166 0
660 151 1
661 108 1
662 45 1
663 104 0
664 111 1
665 58 1
666 49 1
667 64 1
668 162 1
669 113 0
670 5 1
671 164 1
672 111 1
673 8 0
674 132 0
675 81 1
676 171 1
677 140 1
678 153 0
679 38 1
680 170 1
681 3 1
682 42 0
683 66 1
684 62 1
685 47 0
686 63 1
687 123 0
688 158 1
689 128 1
690 64 1
691 154 0
692 157 0
693 31 1
694 118 1
695 37 0
696 104 1
697 149 1
698 45 1
699 161 1
700 154 1
701 111 0
702 62 1
703 87 1
704 125 0
705 91 0
706 3 1
707 120 1
708 118 1
709 49 1
710 96 0
711 166 0
712 1 1
713 41 1
714 48 0
715 90 0
716 53 1
717 114 1
718 132 1
719 95 1
720 111 0
721 141 0
722 10 1
723 33 0
724 109 1
725 123 0
726 44 1
727 100 1
728 121 0
729 29 1
730 101 1
731 3 0
732 16 1
733 145 0
734 14 1
735 163 1
736 5 1
737 178 1
738 20 0
739 80 0
740 52 1
741 29 0
742 72 0
743 79 1
744 28 1
745 58 0
746 101 1
747 158 1
748 116 1
749 24 1
750 122 1
751 15 0
752 9 1
753 79 0
754 162 0
755 95 1
756 5 1
757 6 1
758 11 0
759 145 0
760 67 1
761 158 0
762 22 1
763 45 1
764 20 1
765 144 1
766 15 1
767 91 1
768 47 0
769 53 1
770 89 0
771 119 1
772 146 0
773 162 1
774 85 1
775 70 1
776 89 1
777 17 0
778 125 1
779 124 1
780 68 1
781 46 1
782 122 0
783 45 1
784 4 1
785 137 0
786 58 0
787 177 1
788 140 0
789 4 1
790 109 1
791 74 0
792 178 1
793 5 0
794 27 1
795 143 1
796 156 1
797 116 0
798 23 1
799 90 1
800 72 1
801 173 0
802 62 1
803 156 1
804 90 0
805 124 1
806 47 1
807 93 1
808 163 0
809 107 1
810 164 0
811 43 0
812 135 1
813 62 1
814 17 1
815 122 1
816 21 0
817 156 0
818 99 1
819 44 1
820 106 1
821 83 1
822 61 1
823 20 1
824 148 0
825 56 1
826 9 1
827 96 1
828 18 1
829 124 1
830 68 1
831 177 0
832 174 0
833 47 1
834 162 0
835 157 1
836 134 1
837 0 1
838 112 0
839 178 1
840 21 0
841 153 1
842 29 0
843 113 0
844 103 0
845 135 1
846 0 1
847 19 1
848 162 1
849 143 1
850 94 1
851 109 1
852 58 1
853 3 1
854 67 1
855 126 1
856 110 0
857 172 0
858 45 1
859 124 1
860 102 1
861 14 0
862 88 0
863 88 0
864 36 1
865 154 0
866 112 1
867 170 0
868 130 1
869 35 1
870 49 1
871 160 1
872 20 1
873 58 1
874 18 0
875 87 0
876 21 0
877 96 1
878 72 0
879 118 0
880 175 0
881 51 0
882 51 0
883 152 0
884 153 1
885 74 0
886 107 1
887 120 1
888 83 1
889 67 1
890 56 0
891 95 1
892 131 0
893 61 1
894 71 1
895 7 0
896 147 0
897 49 1
898 154 1
899 13 1
900 84 1
901 25 0
902 17 0
903 77 1
904 19 0
905 75 1
906 174 1
907 90 1
908 172 1
909 87 1
910 89 1
911 69 0
912 143 1
913 131 0
914 15 1
915 4 1
916 105 0
917 49 0
918 50 1
919 96 1
920 145 1
921 145 1
922 152 1
923 24 1
924 144 1
925 32 0
926 18 1
927 166 0
928 94 1
929 38 0
930 136 0
931 83 1
932 9 1
933 122 1
934 70 1
935 66 1
936 85 0
937 114 1
938 141 0
939 141 1
940 61 0
941 35 1
942 149 1
943 178 1
944 14 1
945 48 0
946 16 1
947 150 1
948 75 1
949 138 0
950 122 1
951 3 1
952 110 1
953 140 0
954 129 1
955 116 1
956 34 1
957 28 1
958 48 0
959 5 1
960 117 1
961 150 0
962 60 1
963 34 0
964 25 1
965 39 1
966 72 1
967 50 1
968 33 0
969 13 0
970 113 1
971 164 1
972 38 1
973 151 0
974 94 1
975 86 1
976 148 0
977 104 1
978 52 1
979 38 1
980 5 0
981 98 1
982 56 1
983 18 1
984 159 0
985 63 0
986 160 1
987 178 0
988 178 1
989 159 1
990 66 1
991 64 1
992 60 1
993 117 1
994 127 0
995 0 1
996 170 1
997 147 1
998 68 1
999 127 1
1000 17 0
1001 79 1
1002 112 1
1003 70 1
1004 167 1
1005 143 1
1006 53 0
1007 26 1
1008 133 0
1009 36 1
1010 56 0
1011 87 0
1012 135 1
1013 148 0
1014 157 1
1015 9 1
1016 44 1
1017 46 1
1018 105 1
1019 26 1
1020 41 1
1021 147 1
1022 71 1
1023 82 1
1024 11 0
1025 159 0
1026 92 0
1027 168 1
1028 123 1
1029 125 1
1030 170 1
1031 34 1
1032 98 1
1033 128 1
1034 135 0
1035 117 1
1036 135 1
1037 29 0
1038 132 0
1039 169 1
1040 105 1
1041 84 1
1042 39 0
1043 120 0
1044 84 1
1045 22 0
1046 75 0
1047 163 1
1048 75 1
1049 18 0
1050 79 1
1051 81 1
1052 94 0
1053 63 1
1054 160 0
1055 64 1
1056 141 1
1057 41 1
1058 96 1
1059 37 1
1060 102 1
1061 67 1
1062 170 1
1063 109 0
1064 39 0
1065 150 1
1066 74 1
1067 90 0
1068 100 1
1069 153 1
1070 82 1
1071 104 0
1072 124 0
1073 161 1
1074 2 1
1075 34 0
1076 16 1
1077 40 1
1078 153 1
1079 126 1
1080 87 1
1081 5 0
1082 24 1
1083 88 1
1084 8 1
1085 143 1
1086 37 1
1087 134 0
1088 88 1
1089 78 0
1090 9 1
1091 132 1
1092 34 0
1093 86 1
1094 16 1
1095 75 0
1096 68 0
1097 23 0
1098 114 1
1099 154 0
1100 110 1
1101 33 0
1102 60 1
1103 68 1
1104 157 1
1105 177 1
1106 16 1
1107 129 1
1108 61 1
1109 112 0
1110 8 0
1111 55 1
1112 80 1
1113 106 0
1114 64 0
1115 74 0
1116 73 1
1117 18 1
1118 148 1
1119 40 0
1120 106 1
1121 50 0
1122 106 1
1123 46 1
1124 154 1
1125 118 1
1126 158 1
1127 175 1
1128 127 1
1129 74 0
1130 173 1
1131 177 1
1132 13 1
1133 138 0
1134 39 1
1135 45 1
1136 91 1
1137 141 0
1138 149 1
1139 59 0
1140 105 1
1141 160 1
1142 109 1
1143 143 1
1144 133 1
1145 60 1
1146 60 1
1147 132 0
1148 12 1
1149 171 0
1150 144 1
1151 71 0
1152 69 1
1153 127 1
1154 158 1
1155 38 0
1156 121 0
1157 42 0
1158 114 1
1159 162 1
1160 97 0
1161 133 1
1162 155 1
1163 167 0
1164 52 1
1165 92 1
1166 133 1
1167 126 1
1168 71 0
1169 117 0
1170 18 1
1171 9 1
1172 112 1
1173 66 1
1174 111 1
1175 169 1
1176 146 1
1177 61 1
1178 84 1
1179 47 0
1180 146 1
1181 28 1
1182 177 1
1183 61 1
1184 40 0
1185 109 1
1186 92 1
1187 73 1
1188 44 0
1189 10 1
1190 125 1
1191 58 1
1192 176 1
1193 151 1
1194 106 0
1195 93 1
1196 33 1
1197 110 0
1198 87 1
1199 90 1
1200 108 1
1201 124 0
1202 76 0
1203 47 0
1204 157 1
1205 33 1
1206 110 0
1207 133 1
1208 32 0
1209 63 0
1210 178 1
1211 85 1
1212 152 1
1213 116 0
1214 125 1
1215 125 1
1216 163 0
1217 76 0
1218 25 1
1219 117 1
1220 170 1
1221 160 1
1222 63 0
1223 83 0
1224 30 0
1225 44 1
1226 61 0
1227 114 1
1228 82 1
1229 147 1
1230 131 0
1231 21 1
1232 38 0
1233 113 0
1234 32 1
1235 120 1
1236 139 0
1237 62 0
1238 26 1
1239 108 1
1240 49 0
1241 23 1
1242 39 0
1243 18 1
1244 63 1
1245 88 1
1246 134 0
1247 69 0
1248 80 1
1249 57 1
1250 108 0
1251 73 1
1252 90 0
1253 82 1
1254 154 1
1255 111 1
1256 38 0
1257 9 1
1258 30 1
1259 74 0
1260 130 1
1261 47 1
1262 145 1
1263 79 1
1264 172 1
1265 33 1
1266 125 0
1267 45 1
1268 115 0
1269 91 1
1270 13 1
1271 51 0
1272 94 0
1273 67 1
1274 25 1
1275 93 1
1276 61 1
1277 115 1
1278 14 1
1279 126 0
1280 25 1
1281 162 1
1282 23 1
1283 125 1
1284 30 1
1285 165 0
1286 176 0
1287 32 0
1288 35 1
1289 153 0
1290 114 1
1291 153 0
1292 144 1
1293 76 0
1294 157 1
1295 40 0
1296 4 0
1297 28 1
1298 105 0
1299 103 1
1300 127 1
1301 115 1
1302 65 1
1303 153 1
1304 121 1
1305 98 1
1306 69 0
1307 106 0
1308 35 1
1309 4 0
1310 28 0
1311 132 1
1312 120 1
1313 176 1
1314 72 0
1315 118 0
1316 128 1
1317 19 0
1318 140 0
1319 51 1
1320 111 0
1321 13 1
1322 95 1
1323 25 1
1324 124 1
1325 80 0
1326 126 1
1327 58 0
1328 132 1
1329 51 0
1330 94 0
1331 99 1
1332 162 1
1333 110 1
1334 165 1
1335 79 1
1336 6 1
1337 35 1
1338 150 1
1339 169 1
1340 27 1
1341 5 0
1342 41 1
1343 159 1
1344 56 1
1345 73 0
1346 22 1
1347 4 1
1348 49 1
1349 65 1
1350 150 0
1351 133 1
1352 112 1
1353 78 1
1354 104 1
1355 115 0
1356 13 1
1357 106 1
1358 120 1
1359 102 0
1360 55 1
1361 138 1
1362 168 0
1363 136 1
1364 131 0
1365 12 1
1366 41 1
1367 79 1
1368 9 1
1369 173 1
1370 100 1
1371 66 1
1372 166 1
1373 42 1
1374 133 1
1375 159 1
1376 140 1
1377 139 0
1378 135 1
1379 42 1
1380 172 1
1381 11 0
1382 137 1
1383 125 1
1384 123 1
1385 81 1
1386 166 0
1387 95 1
1388 130 1
1389 19 1
1390 102 0
1391 146 1
1392 55 0
1393 3 0
1394 77 1
1395 36 0
1396 100 1
1397 42 1
1398 76 1
1399 142 1
1400 160 0
1401 1 1
1402 2 1
1403 122 1
1404 170 1
1405 91 1
1406 78 0
1407 30 1
1408 39 1
1409 18 1
1410 17 1
1411 8 0
1412 156 0
1413 50 1
1414 91 1
1415 126 1
1416 47 1
1417 157 1
1418 161 1
1419 55 1
1420 0 1
1421 120 1
1422 142 1
1423 148 1
1424 58 1
1425 56 1
1426 158 1
1427 130 0
1428 168 1
1429 125 1
1430 4 0
1431 28 1
1432 137 0
1433 153 0
1434 107 1
1435 29 0
1436 113 1
1437 6 1
1438 58 0
1439 131 1
1440 78 1
1441 129 0
1442 127 1
1443 130 0
1444 134 1
1445 71 0
1446 23 1
1447 126 1
1448 106 1
1449 100 1
1450 66 1
1451 15 1
1452 37 0
1453 13 0
1454 49 0
1455 149 1
1456 91 1
1457 59 1
1458 116 1
1459 29 1
1460 141 0
1461 83 1
1462 21 1
1463 146 1
1464 4 1
1465 35 0
1466 71 1
1467 71 0
1468 8 0
1469 78 0
1470 103 0
1471 122 0
1472 84 1
1473 107 0
1474 66 1
1475 82 1
1476 175 0
1477 130 1
1478 69 0
1479 19 0
1480 38 1
1481 81 0
1482 105 0
1483 93 1
1484 110 1
1485 108 1
1486 94 1
1487 40 0
1488 169 1
1489 74 1
1490 159 0
1491 22 1
1492 17 1
1493 109 1
1494 123 1
1495 97 1
1496 4 1
1497 146 1
1498 88 0
1499 96 1
1500 105 1
1501 44 1
1502 129 0
1503 136 1
1504 170 1
1505 114 0
1506 124 1
1507 63 1
1508 163 1
1509 165 1
1510 59 1
1511 27 0
1512 135 0
1513 46 1
1514 44 0
1515 116 1
1516 42 1
1517 107 1
1518 67 1
1519 49 1
1520 32 1
1521 145 1
1522 174 1
1523 172 0
1524 138 1
1525 86 1
1526 115 1
1527 134 0
1528 98 1
1529 52 1
1530 134 1
1531 114 1
1532 88 1
1533 105 0
1534 44 1
1535 87 1
1536 76 0
1537 107 0
1538 19 1
1539 166 0
1540 133 1
1541 50 0
1542 62 0
1543 15 1
1544 176 1
1545 124 1
1546 174 1
1547 128 1
1548 155 0
1549 112 0
1550 146 1
1551 149 0
1552 73 0
1553 52 0
1554 53 0
1555 60 0
1556 167 1
1557 130 0
1558 169 0
1559 147 1
1560 151 1
1561 118 0
1562 142 1
1563 166 0
1564 58 1
1565 12 1
1566 56 1
1567 7 1
1568 114 1
1569 95 1
1570 152 1
1571 48 1
1572 24 1
1573 127 0
1574 83 1
1575 54 0
1576 63 0
1577 138 1
1578 176 0
1579 82 1
1580 161 1
1581 134 1
1582 14 0
1583 104 1
1584 12 1
1585 53 1
1586 49 1
1587 63 1
1588 39 0
1589 140 1
1590 160 1
1591 114 0
1592 124 0
1593 8 1
1594 135 0
1595 167 0
1596 58 0
1597 29 1
1598 75 1
1599 138 1
1600 143 1
1601 9 1
1602 168 0
1603 24 0
1604 137 1
1605 87 1
1606 54 1
1607 100 1
1608 32 1
1609 174 1
1610 135 1
1611 95 1
1612 42 1
1613 24 1
1614 131 0
1615 141 1
1616 166 1
1617 45 1
1618 34 1
1619 57 1
1620 108 1
1621 48 1
1622 103 1
1623 98 1
1624 14 1
1625 113 1
1626 13 1
1627 37 0
1628 90 1
1629 47 1
1630 99 0
1631 74 0
1632 35 0
1633 115 1
1634 126 1
1635 178 1
1636 74 0
1637 38 0
1638 16 1
1639 123 1
1640 167 0
1641 116 0
1642 86 0
1643 173 1
1644 89 1
1645 92 0
1646 168 1
1647 148 1
1648 43 0
1649 30 0
1650 14 1
1651 161 0
1652 76 0
1653 139 0
1654 94 0
1655 175 1
1656 77 1
1657 20 0
1658 24 1
1659 34 0
1660 173 0
1661 176 1
1662 50 1
1663 123 1
1664 167 0
1665 137 1
1666 120 1
1667 144 1
1668 140 0
1669 163 0
1670 125 1
1671 74 1
1672 30 1
1673 61 1
1674 47 1
1675 41 0
1676 96 0
1677 140 0
1678 121 1
1679 114 1
1680 174 1
1681 164 1
1682 14 1
1683 70 1
1684 171 1
1685 84 0
1686 34 0
1687 14 1
1688 127 0
1689 171 0
1690 45 1
1691 152 1
1692 9 1
1693 45 1
1694 134 1
1695 176 1
1696 170 1
1697 66 1
1698 49 1
1699 33 1
1700 127 0
1701 32 0
1702 150 1
1703 100 1
1704 175 0
1705 147 0
1706 1 0
1707 3 0
1708 108 0
1709 78 1
1710 83 1
1711 14 0
1712 174 1
1713 16 0
1714 91 1
1715 139 1
1716 41 0
1717 139 1
1718 156 1
1719 100 1
1720 27 1
1721 68 1
1722 63 0
1723 155 0
1724 173 1
1725 55 1
1726 3 1
1727 88 0
1728 25 1
1729 97 1
1730 28 0
1731 93 0
1732 166 0
1733 71 1
1734 104 1
1735 170 1
1736 177 1
1737 97 1
1738 4 1
1739 53 0
1740 117 1
1741 76 1
1742 52 0
1743 172 1
1744 143 1
1745 131 0
1746 22 1
1747 177 1
1748 89 0
1749 27 1
1750 178 0
1751 82 0
1752 14 1
1753 174 1
1754 63 0
1755 133 0
1756 93 0
1757 175 1
1758 70 1
1759 160 1
1760 133 0
1761 143 0
1762 148 1
1763 101 1
1764 148 0
1765 9 1
1766 83 1
1767 81 0
1768 82 0
1769 169 0
1770 61 1
1771 21 1
1772 28 1
1773 174 0
1774 122 0
1775 70 1
1776 142 0
1777 105 0
1778 112 1
1779 106 1
1780 30 0
1781 102 1
1782 81 0
1783 85 1
1784 133 1
1785 3 0
1786 10 1
1787 44 0
1788 41 0
1789 74 0
1790 132 1
1791 114 1
1792 52 1
1793 28 0
1794 6 1
1795 120 1
1796 8 0
1797 87 1
1798 101 0
1799 126 1
1800 59 1
1801 124 1
1802 91 1
1803 45 1
1804 81 1
1805 55 0
1806 137 0
1807 68 1
1808 147 1
1809 48 1
1810 168 1
1811 11 1
1812 86 1
1813 140 0
1814 145 0
1815 116 0
1816 92 1
1817 32 1
1818 166 0
1819 74 1
1820 133 1
1821 41 1
1822 57 0
1823 154 1
1824 142 0
1825 0 1
1826 66 1
1827 4 1
1828 99 1
1829 97 1
1830 106 0
1831 145 0
1832 33 0
1833 140 1
1834 13 1
1835 143 0
1836 102 1
1837 49 0
1838 51 1
1839 5 0
1840 101 0
1841 83 1
1842 6 1
1843 78 1
1844 169 0
1845 46 1
1846 148 0
1847 169 1
1848 63 1
1849 76 1
1850 165 0
1851 34 0
1852 161 1
1853 5 1
1854 44 0
1855 164 1
1856 69 1
1857 135 1
1858 93 0
1859 56 1
1860 84 0
1861 169 0
1862 167 1
1863 109 1
1864 110 0
1865 2 1
1866 163 0
1867 59 0
1868 119 1
1869 53 0
1870 129 1
1871 130 0
1872 43 1
1873 85 0
1874 174 1
1875 93 1
1876 1 0
1877 7 0
1878 1 1
1879 157 1
1880 59 0
1881 20 1
1882 16 1
1883 63 0
1884 18 1
1885 56 1
1886 91 1
1887 41 0
1888 147 1
1889 145 1
1890 26 1
1891 159 1
1892 17 1
1893 70 1
1894 40 0
1895 5 1
1896 81 0
1897 133 0
1898 41 0
1899 106 1
1900 7 1
1901 144 1
1902 107 1
1903 169 0
1904 133 1
1905 155 1
1906 69 1
1907 123 1
1908 175 1
1909 105 1
1910 115 0
1911 10 1
1912 72 0
1913 51 1
1914 34 1
1915 111 1
1916 78 0
1917 76 1
1918 20 0
1919 19 0
1920 76 1
1921 70 1
1922 68 1
1923 52 1
1924 82 1
1925 38 1
1926 142 0
1927 152 1
1928 65 0
1929 87 0
1930 119 1
1931 77 0
1932 95 0
1933 140 1
1934 31 1
1935 26 1
1936 156 1
1937 10 0
1938 164 1
1939 47 1
1940 94 0
1941 138 0
1942 8 1
1943 31 1
1944 73 1
1945 110 0
1946 74 1
1947 147 1
1948 152 1
1949 159 0
1950 26 0
1951 48 0
1952 156 1
1953 39 1
1954 174 1
1955 82 1
1956 46 0
1957 21 1
1958 27 0
1959 66 1
1960 44 0
1961 166 1
1962 59 0
1963 162 1
1964 116 1
1965 90 1
1966 85 1
1967 136 1
1968 71 1
1969 77 1
1970 20 1
1971 93 1
1972 12 1
1973 58 0
1974 41 0
1975 76 1
1976 59 0
1977 78 1
1978 134 0
1979 25 1
1980 140 0
1981 88 1
1982 13 1
1983 162 1
1984 158 1
1985 151 1
1986 31 1
1987 3 0
1988 53 0
1989 82 1
1990 123 0
1991 54 1
1992 158 0
1993 58 1
1994 67 0
1995 58 1
1996 137 1
1997 64 1
1998 67 1
1999 55 1
2000 161 1
2001 36 1
2002 145 1
2003 172 1
2004 153 1
2005 167 1
2006 107 1
2007 37 1
2008 48 1
2009 73 1
2010 117 0
2011 17 1
2012 152 0
2013 162 0
2014 3 1
2015 77 1
2016 119 1
2017 51 1
2018 26 0
2019 158 1
2020 172 0
2021 98 1
2022 63 1
2023 123 1
2024 168 0
2025 101 0
2026 86 0
2027 55 0
2028 12 1
2029 90 1
2030 130 0
2031 54 1
2032 154 0
2033 29 0
2034 24 0
2035 1 1
2036 30 0
2037 118 0
2038 109 0
2039 79 1
2040 17 0
2041 79 1
2042 111 1
2043 36 1
2044 47 1
2045 138 1
2046 167 1
2047 5 1
2048 172 1
2049 143 1
2050 33 1
2051 150 1
2052 118 0
2053 31 0
2054 89 1
2055 21 0
2056 102 0
2057 83 0
2058 108 0
2059 157 1
2060 4 1
2061 153 0
2062 4 1
2063 135 1
2064 4 1
2065 67 1
2066 2 0
2067 154 0
2068 2 0
2069 43 0
2070 169 0
2071 71 0
2072 38 1
2073 64 1
2074 95 1
2075 123 0
2076 97 0
2077 28 0
2078 67 0
2079 152 1
2080 21 0
2081 46 0
2082 16 1
2083 18 0
2084 143 0
2085 47 1
2086 0 1
2087 100 1
2088 94 0
2089 123 1
2090 145 1
2091 162 1
2092 39 1
2093 101 0
2094 112 0
2095 52 0
2096 52 1
2097 31 0
2098 56 0
2099 24 1
2100 101 1
2101 144 0
2102 128 0
2103 78 1
2104 167 1
2105 44 1
2106 142 1
2107 17 0
2108 155 0
2109 163 0
2110 67 0
2111 96 0
2112 72 0
2113 62 1
2114 167 1
2115 139 0
2116 32 0
2117 65 1
2118 106 1
2119 15 1
2120 39 1
2121 49 1
2122 86 0
2123 122 0
2124 176 0
2125 26 1
2126 142 0
2127 58 1
2128 61 1
2129 38 0
2130 80 0
2131 75 1
2132 39 0
2133 147 1
2134 158 1
2135 177 1
2136 42 0
2137 22 1
2138 168 1
2139 66 1
2140 8 1
2141 103 0
2142 88 1
2143 60 1
2144 155 1
2145 135 0
2146 149 1
2147 44 1
2148 47 1
2149 28 1
2150 112 1
2151 161 0
2152 128 1
2153 94 1
2154 22 0
2155 156 1
2156 126 0
2157 118 1
2158 0 1
2159 59 1
2160 34 1
2161 86 1
2162 101 0
2163 129 1
2164 17 1
2165 48 1
2166 58 1
2167 157 1
2168 88 0
2169 61 0
2170 107 1
2171 78 1
2172 172 1
2173 81 0
2174 16 1
2175 22 1
2176 30 1
2177 170 0
2178 113 1
2179 153 0
2180 89 1
2181 17 1
2182 107 1
2183 155 1
2184 6 1
2185 1 1
2186 66 0
2187 42 1
2188 34 1
2189 168 1
2190 138 1
2191 154 1
2192 173 1
2193 174 1
2194 77 1
2195 59 1
2196 45 1
2197 135 1
2198 10 1
2199 43 0
2200 138 1
2201 119 0
2202 124 0
2203 21 1
2204 159 1
2205 84 1
2206 75 1
2207 45 1
2208 142 0
2209 51 0
2210 62 1
2211 144 1
2212 125 1
2213 134 0
2214 85 1
2215 141 1
2216 43 1
2217 7 1
2218 1 1
2219 21 1
2220 92 1
2221 37 1
2222 102 1
2223 111 1
2224 59 0
2225 159 1
2226 31 1
2227 104 1
2228 99 1
2229 165 1
2230 58 1
2231 104 1
2232 146 0
2233 79 0
2234 14 1
2235 66 1
2236 143 1
2237 32 1
2238 123 1
2239 69 1
2240 64 1
2241 0 0
2242 111 0
2243 126 1
2244 163 1
2245 91 1
2246 177 1
2247 17 0
2248 64 1
2249 49 0
2250 135 0
2251 60 1
2252 41 1
2253 103 0
2254 110 1
2255 105 1
2256 158 1
2257 143 0
2258 146 0
2259 176 0
2260 77 1
2261 47 0
2262 41 1
2263 156 0
2264 36 0
2265 174 0
2266 142 1
2267 144 0
2268 85 1
2269 106 0
2270 177 0
2271 64 1
2272 128 1
2273 59 1
2274 172 1
2275 100 1
2276 18 1
2277 82 1
2278 87 1
2279 38 1
2280 22 1
2281 105 0
2282 26 1
2283 106 0
2284 13 1
2285 64 1
2286 56 1
2287 42 1
2288 31 0
2289 37 0
2290 31 0
2291 94 1
2292 44 1
2293 161 1
2294 172 1
2295 65 0
2296 171 0
2297 117 1
2298 114 0
2299 67 1
2300 68 1
2301 76 1
2302 134 1
2303 66 0
2304 94 1
2305 10 0
2306 0 1
2307 49 0
2308 154 1
2309 165 1
2310 168 1
2311 99 1
2312 95 1
2313 53 0
2314 20 0
2315 95 0
2316 125 0
2317 87 1
2318 163 1
2319 3 1
2320 15 0
2321 78 1
2322 170 1
2323 49 1
2324 32 1
2325 50 0
2326 23 1
2327 172 1
2328 125 0
2329 86 1
2330 40 1
2331 107 0
2332 110 1
2333 120 0
2334 106 1
2335 110 1
2336 74 0
2337 127 1
2338 126 1
2339 148 1
2340 149 1
2341 54 1
2342 107 1
2343 165 1
2344 147 1
2345 72 0
2346 127 0
2347 112 1
2348 132 0
2349 89 0
2350 114 1
2351 54 1
2352 19 0
2353 13 1
2354 116 1
2355 178 1
2356 55 0
2357 132 1
2358 154 1
2359 152 1
2360 64 1
2361 69 1
2362 99 0
2363 7 1
2364 108 1
2365 164 0
2366 170 0
2367 170 1
2368 95 1
2369 30 0
2370 102 1
2371 171 1
2372 136 1
2373 78 1
2374 1 0
2375 108 1
2376 87 1
2377 78 1
2378 53 0
2379 112 1
2380 119 1
2381 143 0
2382 11 0
2383 112 1
2384 12 0
2385 12 1
2386 46 1
2387 146 0
2388 65 1
2389 167 0
2390 151 1
2391 132 1
2392 32 1
2393 120 0
2394 53 1
2395 6 0
2396 88 1
2397 95 1
2398 157 0
2399 79 1
2400 44 1
2401 41 1
2402 32 0
2403 146 0
2404 171 1
2405 164 1
2406 53 1
2407 76 0
2408 22 1
2409 108 0
2410 8 1
2411 122 1
2412 137 1
2413 132 1
2414 119 1
2415 105 1
2416 60 1
2417 12 1
2418 93 0
2419 126 1
2420 52 1
2421 165 1
2422 165 0
2423 64 1
2424 17 1
2425 21 1
2426 45 0
2427 121 1
2428 56 0
2429 119 0
2430 159 1
2431 97 1
2432 67 1
2433 6 1
2434 27 1
2435 66 1
2436 118 0
2437 58 1
2438 167 0
2439 166 1
2440 53 0
2441 30 0
2442 25 1
2443 40 1
2444 36 1
2445 78 1
2446 79 1
2447 109 1
2448 43 1
2449 127 0
2450 122 0
2451 23 1
2452 119 1
2453 39 1
2454 141 1
2455 113 0
2456 150 0
2457 114 1
2458 106 1
2459 78 1
2460 72 1
2461 96 1
2462 27 1
2463 56 1
2464 16 0
2465 131 0
2466 72 1
2467 73 1
2468 173 0
2469 57 1
2470 139 1
2471 150 1
2472 10 1
2473 108 0
2474 114 1
2475 17 1
2476 154 1
2477 33 1
2478 78 1
2479 125 1
2480 30 0
2481 44 1
2482 169 1
2483 52 1
2484 167 1
2485 56 1
2486 38 1
2487 176 1
2488 166 1
2489 39 0
2490 165 0
2491 162 0
2492 107 1
2493 16 1
2494 42 1
2495 154 1
2496 156 1
2497 112 1
2498 73 1
2499 67 1
2500 32 1
2501 64 1
2502 88 0
2503 109 1
2504 103 0
2505 51 1
2506 141 0
2507 41 1
2508 104 1
2509 13 0
2510 20 1
2511 157 1
2512 60 1
2513 81 1
2514 13 1
2515 70 1
2516 30 0
2517 52 1
2518 132 1
2519 131 1
2520 67 1
2521 135 1
2522 91 0
2523 37 1
2524 55 1
2525 101 1
2526 29 0
2527 126 0
2528 43 1
2529 97 1
2530 52 0
2531 101 1
2532 59 0
2533 75 1
2534 10 0
2535 5 1
2536 83 1
2537 45 1
2538 138 1
2539 66 0
2540 6 0
2541 143 1
2542 120 0
2543 62 1
2544 172 1
2545 157 1
2546 85 1
2547 2 0
2548 44 1
2549 157 1
2550 41 0
2551 70 1
2552 177 1
2553 110 1
2554 71 1
2555 88 1
2556 38 1
2557 50 0
2558 80 1
2559 17 1
2560 29 0
2561 172 1
2562 127 1
2563 17 1
2564 9 1
2565 48 1
2566 31 1
2567 164 0
2568 170 0
2569 104 1
2570 30 1
2571 76 1
2572 3 1
2573 101 1
2574 112 0
2575 30 1
2576 50 1
2577 14 1
2578 71 1
2579 108 1
2580 79 0
2581 120 1
2582 32 0
2583 15 1
2584 139 1
2585 138 1
2586 69 1
2587 112 1
2588 152 0
2589 145 0
2590 90 1
2591 101 1
2592 136 1
2593 77 1
2594 21 1
2595 162 0
2596 99 1
2597 86 1
2598 147 1
2599 144 1
2600 157 0
2601 150 0
2602 128 1
2603 173 1
2604 119 1
2605 124 1
2606 73 1
2607 108 0
2608 99 1
2609 113 1
2610 65 1
2611 159 0
2612 137 1
2613 169 0
2614 104 0
2615 86 1
2616 174 0
2617 3 0
2618 79 1
2619 46 1
2620 11 1
2621 102 1
2622 154 0
2623 105 1
2624 91 0
2625 132 0
2626 10 1
2627 79 0
2628 52 1
2629 127 0
2630 141 1
2631 112 1
2632 145 1
2633 19 0
2634 103 0
2635 117 0
2636 110 1
2637 73 0
2638 10 0
2639 33 1
2640 155 0
2641 132 1
2642 89 1
2643 7 1
2644 156 1
2645 56 1
2646 106 1
2647 13 1
2648 159 0
2649 55 1
2650 151 0
2651 72 1
2652 150 0
2653 41 1
2654 81 1
2655 136 0
2656 51 1
2657 96 1
2658 59 1
2659 41 1
2660 59 1
2661 92 0
2662 140 1
2663 112 0
2664 12 0
2665 78 1
2666 34 1
2667 119 1
2668 53 0
2669 103 1
2670 45 1
2671 129 1
2672 87 1
2673 175 0
2674 150 1
2675 57 0
2676 8 1
2677 7 1
2678 65 1
2679 143 0
2680 160 0
2681 114 1
2682 66 1
2683 138 0
2684 151 0
2685 128 1
2686 176 1
2687 168 0
2688 177 0
2689 41 1
2690 138 1
2691 54 0
2692 58 1
2693 53 1
2694 55 1
2695 138 1
2696 50 0
2697 105 1
2698 65 0
2699 110 0
2700 1 1
2701 109 1
2702 11 1
2703 135 1
2704 83 0
2705 96 1
2706 149 1
2707 62 1
2708 148 0
2709 152 1
2710 8 0
2711 177 0
2712 60 1
2713 49 0
2714 42 1
2715 100 1
2716 93 1
2717 94 1
2718 65 1
2719 52 1
2720 100 1
2721 64 1
2722 119 1
2723 36 1
2724 117 0
2725 166 1
2726 174 1
2727 57 1
2728 141 0
2729 118 1
2730 141 1
2731 100 1
2732 123 1
2733 34 0
2734 118 0
2735 32 1
2736 55 1
2737 47 0
2738 97 1
2739 74 0
2740 146 0
2741 97 1
2742 99 1
2743 134 1
2744 20 1
2745 119 1
2746 49 1
2747 153 0
2748 172 1
2749 119 1
2750 32 1
2751 88 1
2752 121 1
2753 20 1
2754 93 0
2755 75 1
2756 92 1
2757 139 1
2758 86 1
2759 127 0
2760 104 1
2761 25 0
2762 44 1
2763 21 1
2764 61 1
2765 23 1
2766 165 1
2767 119 0
2768 58 1
2769 147 1
2770 171 1
2771 149 1
2772 91 0
2773 150 0
2774 77 1
2775 157 0
2776 39 1
2777 146 0
2778 118 0
2779 111 1
2780 65 1
2781 148 1
2782 3 1
2783 95 1
2784 164 1
2785 151 0
2786 98 1
2787 115 0
2788 42 1
2789 61 0
2790 174 0
2791 175 0
2792 158 1
2793 107 1
2794 67 0
2795 151 0
2796 173 1
2797 57 1
2798 145 1
2799 113 1
2800 90 1
2801 45 0
2802 17 0
2803 72 1
2804 120 1
2805 116 1
2806 109 1
2807 23 0
2808 128 1
2809 60 1
2810 170 0
2811 85 0
2812 90 1
2813 153 1
2814 168 0
2815 124 1
2816 46 0
2817 142 1
2818 88 1
2819 123 0
2820 106 1
2821 19 1
2822 162 1
2823 178 0
2824 174 1
2825 64 1
2826 29 1
2827 88 1
2828 165 1
2829 112 1
2830 86 1
2831 108 0
2832 49 1
2833 133 1
2834 45 1
2835 41 1
2836 11 1
2837 125 1
2838 41 1
2839 42 1
2840 5 0
2841 22 1
2842 13 1
2843 90 0
2844 47 1
2845 27 1
2846 19 1
2847 140 1
2848 29 0
2849 16 1
2850 108 1
2851 162 0
2852 56 1
2853 50 1
2854 171 1
2855 70 1
2856 135 1
2857 85 0
2858 77 1
2859 84 1
2860 73 1
2861 133 1
2862 6 1
2863 34 0
2864 126 0
2865 46 0
2866 46 0
2867 112 1
2868 12 0
2869 73 1
2870 13 0
2871 55 1
2872 109 1
2873 55 1
2874 10 0
2875 7 1
2876 125 1
2877 113 1
2878 108 1
2879 103 1
2880 73 0
2881 111 1
2882 53 1
2883 95 1
2884 80 1
2885 7 1
2886 69 0
2887 116 1
2888 139 1
2889 123 1
2890 5 1
2891 170 1
2892 144 1
2893 83 0
2894 64 1
2895 66 1
2896 31 1
2897 77 1
2898 95 1
2899 150 1
2900 35 1
2901 27 1
2902 156 0
2903 156 1
2904 72 0
2905 139 1
2906 168 0
2907 83 1
2908 47 1
2909 82 1
2910 48 1
2911 69 1
2912 84 1
2913 164 1
2914 13 1
2915 50 1
2916 166 1
2917 26 1
2918 158 1
2919 133 0
2920 41 1
2921 120 0
2922 36 0
2923 39 0
2924 127 1
2925 131 1
2926 90 1
2927 77 1
2928 41 1
2929 49 1
2930 72 1
2931 155 0
2932 114 1
2933 140 1
2934 121 0
2935 136 0
2936 178 1
2937 131 1
2938 38 0
2939 55 1
2940 49 1
2941 99 0
2942 144 1
2943 9 1
2944 113 1
2945 50 1
2946 31 0
2947 2 1
2948 81 1
2949 51 1
2950 48 1
2951 124 0
2952 22 0
2953 20 0
2954 4 1
2955 162 1
2956 83 0
2957 129 0
2958 133 1
2959 45 1
2960 70 1
2961 10 1
2962 59 0
2963 122 1
2964 29 1
2965 38 1
2966 118 0
2967 62 1
2968 112 1
2969 74 1
2970 94 0
2971 43 1
2972 14 1
2973 100 1
2974 69 1
2975 152 1
2976 177 1
2977 116 1
2978 113 1
2979 9 1
2980 106 1
2981 94 0
2982 147 0
2983 122 1
2984 112 0
2985 71 1
2986 127 0
2987 142 1
2988 45 1
2989 48 0
2990 82 0
2991 129 0
2992 5 1
2993 12 0
2994 178 0
2995 72 0
2996 5 1
2997 87 1
2998 17 1
2999 107 1
3000 100 1
3001 93 1
3002 113 0
3003 127 0
3004 172 1
3005 148 1
3006 18 1
3007 156 1
3008 101 1
3009 132 1
3010 126 0
3011 142 0
3012 128 1
3013 42 1
3014 133 1
3015 148 1
3016 85 1
3017 39 1
3018 56 1
3019 52 1
3020 100 0
3021 125 0
3022 56 1
3023 16 0
3024 144 1
3025 131 1
3026 173 0
3027 96 0
3028 18 1
3029 141 1
3030 161 1
3031 79 1
3032 172 1
3033 140 0
3034 160 1
3035 36 0
3036 151 1
3037 137 1
3038 74 0
3039 123 1
3040 122 0
3041 4 1
3042 44 0
3043 112 1
3044 176 1
3045 88 1
3046 5 1
3047 163 1
3048 160 1
3049 101 1
3050 137 1
3051 160 1
3052 172 1
3053 75 1
3054 92 0
3055 159 0
3056 31 1
3057 25 1
3058 21 1
3059 75 1
3060 148 0
3061 114 1
3062 88 1
3063 25 0
3064 159 1
3065 32 1
3066 137 0
3067 101 0
3068 68 1
3069 71 1
3070 132 1
3071 69 0
3072 35 1
3073 60 0
3074 105 1
3075 128 1
3076 56 1
3077 164 1
3078 98 1
3079 151 0
3080 74 0
3081 70 1
3082 71 1
3083 37 1
3084 105 1
3085 174 1
3086 97 0
3087 42 1
3088 33 1
3089 64 0
3090 111 1
3091 150 0
3092 14 1
3093 7 1
3094 21 0
3095 65 1
3096 37 0
3097 2 1
3098 64 1
3099 7 0
3100 86 1
3101 48 1
3102 120 0
3103 11 1
3104 67 1
3105 51 1
3106 26 1
3107 41 1
3108 32 0
3109 89 0
3110 143 1
3111 23 1
3112 47 1
3113 164 0
3114 2 1
3115 38 1
3116 47 1
3117 30 1
3118 114 1
3119 143 0
3120 54 0
3121 117 1
3122 90 1
3123 57 1
3124 143 1
3125 50 1
3126 59 0
3127 163 1
3128 36 0
3129 92 1
3130 14 0
3131 64 1
3132 154 1
3133 50 0
3134 9 1
3135 28 1
3136 82 1
3137 80 1
3138 178 1
3139 170 1
3140 42 1
3141 124 1
3142 168 1
3143 144 0
3144 130 0
3145 0 0
3146 125 1
3147 143 1
3148 95 1
3149 10 0
3150 82 0
3151 105 1
3152 173 1
3153 32 1
3154 81 1
3155 10 0
3156 2 1
3157 161 1
3158 117 1
3159 132 1
3160 121 0
3161 87 1
3162 18 1
3163 167 0
3164 2 0
3165 29 1
3166 26 1
3167 7 1
3168 79 1
3169 67 0
3170 63 1
3171 158 1
3172 149 0
3173 109 1
3174 88 0
3175 29 1
3176 131 1
3177 151 1
3178 167 1
3179 74 1
3180 128 1
3181 75 1
3182 59 1
3183 50 0
3184 59 1
3185 110 1
3186 16 1
3187 61 1
3188 50 1
3189 10 1
3190 106 1
3191 160 1
3192 93 0
3193 145 1
3194 30 0
3195 9 0
3196 143 1
3197 9 0
3198 41 1
3199 152 1
3200 176 0
3201 96 1
3202 109 1
3203 52 1
3204 22 1
3205 173 1
3206 155 1
3207 8 1
3208 44 1
3209 24 1
3210 14 0
3211 108 0
3212 172 1
3213 55 1
3214 113 1
3215 9 1
3216 49 0
3217 177 1
3218 21 1
3219 77 0
3220 50 0
3221 172 0
3222 99 1
3223 148 0
3224 91 1
3225 155 1
3226 143 0
3227 136 0
3228 138 1
3229 45 1
3230 95 0
3231 57 0
3232 96 1
3233 177 0
3234 42 1
3235 98 0
3236 20 0
3237 171 0
3238 145 1
3239 21 1
3240 134 0
3241 36 1
3242 135 1
3243 172 1
3244 59 0
3245 41 0
3246 29 1
3247 173 1
3248 90 1
3249 1 1
3250 5 1
3251 99 1
3252 127 1
3253 19 1
3254 169 0
3255 87 0
3256 153 1
3257 96 1
3258 53 1
3259 141 1
3260 64 0
3261 141 0
3262 38 1
3263 156 1
3264 128 1
3265 18 1
3266 14 1
3267 32 1
3268 146 1
3269 108 1
3270 28 1
3271 18 1
3272 13 0
3273 49 1
3274 141 0
3275 53 0
3276 130 0
3277 57 1
3278 88 1
3279 54 0
3280 128 1
3281 160 1
3282 127 1
3283 157 1
3284 118 1
3285 167 0
3286 155 1
3287 87 1
3288 58 1
3289 108 1
3290 148 1
3291 99 1
3292 52 1
3293 26 1
3294 64 1
3295 52 1
3296 90 0
3297 92 1
3298 100 0
3299 70 0
3300 30 0
3301 124 1
3302 2 1
3303 48 0
3304 168 1
3305 70 1
3306 14 1
3307 111 1
3308 21 1
3309 143 1
3310 38 1
3311 36 1
3312 103 1
3313 168 1
3314 73 1
3315 1 1
3316 171 1
3317 163 1
3318 94 1
3319 108 0
3320 127 0
3321 32 1
3322 44 1
3323 144 1
3324 101 1
3325 151 1
3326 178 1
3327 90 0
3328 75 0
3329 0 0
3330 128 1
3331 10 1
3332 1 1
3333 53 1
3334 144 0
3335 170 1
3336 35 1
3337 170 0
3338 167 1
3339 82 1
3340 64 1
3341 166 0
3342 0 0
3343 39 0
3344 146 0
3345 98 1
3346 95 1
3347 38 1
3348 40 0
3349 3 1
3350 126 1
3351 150 1
3352 18 1
3353 178 1
3354 97 1
3355 32 1
3356 73 1
3357 36 1
3358 150 0
3359 23 1
3360 169 1
3361 35 1
3362 166 1
3363 55 0
3364 38 1
3365 86 1
3366 169 1
3367 84 0
3368 136 0
3369 67 1
3370 102 1
3371 91 1
3372 173 1
3373 123 1
3374 140 1
3375 20 1
3376 88 1
3377 152 0
3378 2 1
3379 40 1
3380 25 0
3381 26 1
3382 59 0
3383 140 0
3384 131 0
3385 8 0
3386 65 1
3387 104 0
3388 101 1
3389 141 1
3390 131 1
3391 130 1
3392 154 1
3393 169 0
3394 6 1
3395 18 1
3396 31 0
3397 163 1
3398 28 1
3399 44 1
3400 26 1
3401 89 1
3402 26 1
3403 88 1
3404 116 1
3405 126 0
3406 149 0
3407 162 0
3408 55 1
3409 101 1
3410 119 1
3411 30 0
3412 37 1
3413 115 1
3414 12 0
3415 100 1
3416 86 0
3417 67 1
3418 14 0
3419 113 1
3420 143 1
3421 73 1
3422 12 1
3423 174 1
3424 145 1
3425 65 0
3426 90 0
3427 47 1
3428 46 1
3429 131 1
3430 17 1
3431 34 1
3432 115 1
3433 89 0
3434 131 1
3435 18 0
3436 21 1
3437 146 0
3438 21 0
3439 37 1
3440 113 1
3441 62 1
3442 135 0
3443 89 1
3444 31 1
3445 114 1
3446 146 1
3447 89 1
3448 123 0
3449 86 1
3450 139 1
3451 109 0
3452 69 1
3453 130 0
3454 92 0
3455 130 1
3456 27 0
3457 167 1
3458 60 1
3459 39 1
3460 172 0
3461 14 1
3462 59 1
3463 96 0
3464 155 1
3465 16 1
3466 160 0
3467 149 1
3468 76 1
3469 130 0
3470 141 1
3471 132 1
3472 31 1
3473 26 1
3474 134 0
3475 173 0
3476 155 1
3477 25 1
3478 101 1
3479 92 1
3480 177 0
3481 67 0
3482 108 1
3483 82 1
3484 12 1
3485 110 1
3486 51 1
3487 81 0
3488 57 0
3489 164 0
3490 47 0
3491 140 1
3492 41 1
3493 112 1
3494 160 1
3495 158 1
3496 123 1
3497 74 1
3498 137 1
3499 110 1
3500 63 1
3501 125 1
3502 158 0
3503 8 1
3504 124 0
3505 166 1
3506 89 1
3507 69 1
3508 167 1
3509 32 0
3510 80 1
3511 65 0
3512 173 0
3513 14 1
3514 170 1
3515 40 1
3516 40 0
3517 43 1
3518 3 0
3519 173 0
3520 160 1
3521 57 1
3522 45 1
3523 139 1
3524 65 0
3525 119 1
3526 119 1
3527 43 0
3528 81 0
3529 119 1
3530 56 1
3531 64 1
3532 135 1
3533 116 1
3534 95 1
3535 24 1
3536 28 1
3537 84 0
3538 81 1
3539 107 1
3540 89 1
3541 102 0
3542 168 0
3543 17 1
3544 140 1
3545 143 1
3546 170 1
3547 50 1
3548 72 1
3549 23 1
3550 151 1
3551 118 0
3552 2 0
3553 75 0
3554 121 1
3555 103 1
3556 104 0
3557 177 0
3558 171 1
3559 101 0
3560 88 1
3561 23 1
3562 31 1
3563 143 1
3564 115 0
3565 82 1
3566 150 1
3567 88 0
3568 161 1
3569 56 1
3570 41 1
3571 71 1
3572 6 1
3573 175 1
3574 84 1
3575 5 1
3576 101 1
3577 10 1
3578 155 1
3579 47 1
3580 77 1
3581 0 1
3582 88 0
3583 21 0
3584 126 1
3585 110 0
3586 110 1
3587 70 0
3588 9 0
3589 168 0
3590 101 1
3591 25 1
3592 75 1
3593 30 1
3594 63 0
3595 80 0
3596 144 1
3597 10 1
3598 106 0
3599 61 0
3600 46 0
3601 157 1
3602 112 1
3603 147 0
3604 167 1
3605 152 1
3606 67 0
3607 166 1
3608 24 1
3609 68 1
3610 148 1
3611 164 1
3612 166 0
3613 41 1
3614 143 1
3615 83 1
3616 33 1
3617 40 1
3618 46 1
3619 140 0
3620 144 1
3621 178 0
3622 102 1
3623 165 1
3624 57 1
3625 150 1
3626 140 1
3627 13 1
3628 131 1
3629 158 0
3630 95 0
3631 158 0
3632 177 1
3633 84 0
3634 144 1
3635 133 1
3636 33 0
3637 132 1
3638 55 1
3639 136 1
3640 110 0
3641 12 1
3642 65 0
3643 73 0
3644 18 1
3645 103 1
3646 106 0
3647 52 1
3648 39 1
3649 23 1
3650 55 0
3651 168 1
3652 162 0
3653 99 1
3654 177 0
3655 25 1
3656 101 0
3657 53 0
3658 1 1
3659 174 1
3660 170 0
3661 6 1
3662 117 1
3663 138 0
3664 131 1
3665 99 1
3666 76 1
3667 149 1
3668 146 1
3669 36 0
3670 0 1
3671 10 1
3672 36 0
3673 142 1
3674 65 0
3675 56 1
3676 172 0
3677 90 1
3678 57 1
3679 25 0
3680 148 1
3681 70 1
3682 86 0
3683 43 1
3684 163 0
3685 19 0
3686 77 1
3687 138 1
3688 147 0
3689 88 1
3690 175 0
3691 26 1
3692 81 1
3693 153 1
3694 102 1
3695 22 1
3696 177 1
3697 55 0
3698 123 0
3699 75 1
3700 114 1
3701 144 0
3702 178 1
3703 0 1
3704 142 1
3705 116 1
3706 108 1
3707 2 1
3708 16 0
3709 23 1
3710 28 1
3711 11 1
3712 12 0
3713 48 1
3714 164 1
3715 0 1
3716 29 0
3717 102 1
3718 6 0
3719 111 0
3720 65 1
3721 44 0
3722 127 1
3723 5 1
3724 75 1
3725 83 0
3726 11 1
3727 67 1
3728 98 1
3729 33 0
3730 50 0
3731 57 1
3732 52 1
3733 108 1
3734 135 0
3735 143 1
3736 142 0
3737 16 0
3738 108 1
3739 171 1
3740 103 0
3741 109 1
3742 106 1
3743 12 1
3744 166 0
3745 162 1
3746 133 0
3747 116 0
3748 73 0
3749 2 1
3750 76 0
3751 51 1
3752 91 0
3753 66 1
3754 26 0
3755 142 0
3756 133 1
3757 2 0
3758 122 1
3759 139 1
3760 113 0
3761 20 1
3762 99 1
3763 11 1
3764 56 1
3765 23 0
3766 95 1
3767 108 0
3768 79 0
3769 145 1
3770 54 0
3771 109 0
3772 54 1
3773 60 0
3774 0 1
3775 160 0
3776 80 1
3777 118 0
3778 75 0
3779 110 1
3780 79 1
3781 138 1
3782 81 1
3783 56 1
3784 1 1
3785 141 1
3786 4 1
3787 117 1
3788 57 0
3789 172 1
3790 135 0
3791 107 1
3792 91 0
3793 36 1
3794 49 1
3795 173 1
3796 153 1
3797 114 1
3798 137 0
3799 154 1
3800 130 1
3801 68 1
3802 124 1
3803 130 0
3804 121 0
3805 175 1
3806 34 1
3807 113 0
3808 140 1
3809 166 1
3810 170 0
3811 13 1
3812 114 1
3813 137 1
3814 56 0
3815 85 1
3816 165 0
3817 78 1
3818 96 1
3819 50 1
3820 26 0
3821 52 1
3822 141 1
3823 60 1
3824 10 1
3825 50 0
3826 29 1
3827 19 1
3828 128 1
3829 26 1
3830 27 0
3831 128 1
3832 22 0
3833 62 1
3834 110 1
3835 94 0
3836 33 1
3837 71 1
3838 133 1
3839 35 1
3840 116 1
3841 18 1
3842 86 1
3843 162 0
3844 132 0
3845 157 0
3846 58 1
3847 173 1
3848 9 1
3849 20 0
3850 106 1
3851 14 1
3852 20 1
3853 9 0
3854 154 1
3855 171 1
3856 66 0
3857 110 0
3858 164 1
3859 63 1
3860 40 1
3861 98 1
3862 22 0
3863 115 0
3864 23 0
3865 88 1
3866 125 1
3867 142 1
3868 62 1
3869 56 1
3870 69 0
3871 66 0
3872 175 1
3873 163 1
3874 28 1
3875 99 1
3876 141 0
3877 40 1
3878 163 1
3879 16 1
3880 166 0
3881 73 1
3882 144 0
3883 15 1
3884 62 0
3885 2 0
3886 57 1
3887 142 0
3888 120 1
3889 150 1
3890 47 1
3891 28 0
3892 141 1
3893 110 0
3894 98 1
3895 70 1
3896 105 0
3897 71 1
3898 118 0
3899 151 0
3900 32 1
3901 7 1
3902 96 0
3903 16 1
3904 33 1
3905 176 1
3906 111 0
3907 80 1
3908 146 1
3909 136 0
3910 12 1
3911 25 0
3912 109 0
3913 62 1
3914 57 1
3915 39 1
3916 62 1
3917 52 0
3918 133 1
3919 7 0
3920 109 1
3921 121 0
3922 145 0
3923 51 0
3924 150 0
3925 115 1
3926 153 1
3927 154 1
3928 175 0
3929 121 1
3930 125 0
3931 80 1
3932 28 0
3933 104 1
3934 75 1
3935 87 1
3936 52 1
3937 99 1
3938 105 1
3939 4 1
3940 33 0
3941 112 0
3942 135 0
3943 143 1
3944 63 1
3945 121 1
3946 67 0
3947 134 1
3948 29 1
3949 15 1
3950 44 0
3951 162 0
3952 6 1
3953 167 1
3954 169 0
3955 61 1
3956 165 0
3957 147 1
3958 19 1
3959 126 1
3960 134 0
3961 145 1
3962 144 0
3963 55 1
3964 33 1
3965 151 0
3966 47 1
3967 110 1
3968 153 1
3969 38 1
3970 27 1
3971 42 0
3972 146 1
3973 9 1
3974 175 1
3975 6 1
3976 142 1
3977 90 1
3978 125 1
3979 39 1
3980 90 1
3981 56 0
3982 83 1
3983 64 1
3984 22 1
3985 12 1
3986 138 1
3987 117 0
3988 118 1
3989 29 1
3990 20 1
3991 66 1
3992 61 1
3993 91 1
3994 176 0
3995 166 1
3996 78 1
3997 45 1
3998 84 1
3999 30 0
4000 148 0
4001 147 0
4002 34 0
4003 87 0
4004 85 1
4005 87 0
4006 26 1
4007 89 1
4008 122 0
4009 149 1
4010 5 1
4011 28 1
4012 170 0
4013 56 0
4014 57 1
4015 57 1
4016 129 1
4017 124 0
4018 47 1
4019 73 0
4020 22 1
4021 59 1
4022 9 1
4023 11 1
4024 24 1
4025 9 1
4026 170 1
4027 104 0
4028 163 1
4029 175 1
4030 68 0
4031 121 0
4032 78 0
4033 118 1
4034 35 1
4035 15 1
4036 46 0
4037 43 1
4038 98 1
4039 61 1
4040 25 1
4041 26 1
4042 44 1
4043 53 1
4044 112 0
4045 7 1
4046 39 1
4047 72 1
4048 15 0
4049 116 0
4050 76 1
4051 45 1
4052 143 1
4053 52 0
4054 133 1
4055 122 1
4056 121 1
4057 49 1
4058 37 1
4059 132 1
4060 88 1
4061 24 1
4062 89 1
4063 55 1
4064 44 0
4065 29 1
4066 124 1
4067 0 0
4068 152 0
4069 88 0
4070 104 0
4071 139 0
4072 116 0
4073 149 0
4074 49 1
4075 176 1
4076 63 1
4077 76 0
4078 117 1
4079 67 1
4080 124 1
4081 39 0
4082 44 0
4083 31 0
4084 30 1
4085 177 0
4086 24 1
4087 1 1
4088 84 1
4089 168 1
4090 11 1
4091 144 1
4092 61 1
4093 100 0
4094 110 0
4095 35 1
4096 22 0
4097 177 1
4098 52 0
4099 138 1
4100 23 1
4101 37 1
4102 148 1
4103 62 1
4104 63 1
4105 60 1
4106 92 1
4107 86 1
4108 120 1
4109 90 0
4110 113 0
4111 43 1
4112 138 1
4113 76 0
4114 123 0
4115 30 1
4116 46 1
4117 68 1
4118 158 1
4119 121 1
4120 119 0
4121 55 0
4122 80 1
4123 123 1
4124 86 0
4125 9 1
4126 97 1
4127 30 0
4128 30 0
4129 4 0
4130 16 1
4131 58 0
4132 38 1
4133 130 1
4134 78 0
4135 177 0
4136 11 1
4137 104 1
4138 68 0
4139 50 1
4140 135 1
4141 49 1
4142 112 1
4143 163 0
4144 60 1
4145 54 1
4146 139 0
4147 12 1
4148 176 1
4149 133 1
4150 88 0
4151 147 1
4152 58 0
4153 64 0
4154 173 1
4155 155 0
4156 111 1
4157 57 1
4158 158 1
4159 176 0
4160 147 1
4161 168 0
4162 102 1
4163 106 1
4164 133 1
4165 112 1
4166 65 1
4167 131 0
4168 26 1
4169 8 0
4170 5 1
4171 23 1
4172 63 1
4173 34 1
4174 60 1
4175 135 0
4176 21 0
4177 135 1
4178 116 1
4179 159 0
4180 113 0
4181 166 0
4182 162 0
4183 60 1
4184 73 0
4185 82 0
4186 106 1
4187 132 1
4188 124 1
4189 86 1
4190 72 0
4191 33 1
4192 42 0
4193 90 1
4194 42 1
4195 103 0
4196 37 1
4197 156 0
4198 84 0
4199 146 1
4200 159 1
4201 172 0
4202 156 1
4203 13 1
4204 166 0
4205 43 1
4206 17 1
4207 90 0
4208 55 1
4209 91 0
4210 125 1
4211 12 1
4212 97 1
4213 121 1
4214 79 0
4215 96 1
4216 75 1
4217 82 1
4218 152 1
4219 27 0
4220 70 1
4221 135 1
4222 20 1
4223 83 1
4224 101 1
4225 111 1
4226 64 0
4227 31 1
4228 49 1
4229 163 1
4230 178 1
4231 62 0
4232 107 0
4233 1 1
4234 114 1
4235 156 0
4236 36 1
4237 29 0
4238 33 0
4239 69 0
4240 161 1
4241 2 0
4242 124 0
4243 145 1
4244 60 1
4245 113 1
4246 84 1
4247 8 1
4248 77 0
4249 29 0
4250 153 1
4251 71 1
4252 171 0
4253 67 0
4254 87 0
4255 96 1
4256 138 1
4257 53 0
4258 7 0
4259 68 0
4260 85 0
4261 117 0
4262 114 1
4263 55 1
4264 71 1
4265 78 0
4266 143 1
4267 172 1
4268 125 1
4269 98 1
4270 133 1
4271 156 1
4272 168 0
4273 166 0
4274 165 1
4275 116 0
4276 173 0
4277 115 0
4278 116 1
4279 57 1
4280 13 1
4281 107 1
4282 160 1
4283 166 1
4284 97 0
4285 129 0
4286 155 0
4287 18 1
4288 73 1
4289 77 0
4290 60 1
4291 68 1
4292 6 1
4293 99 0
4294 111 1
4295 5 1
4296 166 1
4297 39 0
4298 86 1
4299 64 0
4300 49 0
4301 171 0
4302 58 1
4303 106 0
4304 15 1
4305 12 1
4306 72 0
4307 3 0
4308 21 1
4309 74 1
4310 133 1
4311 15 1
4312 65 1
4313 142 0
4314 18 1
4315 92 0
4316 158 0
4317 146 1
4318 32 0
4319 170 0
4320 131 0
4321 176 1
4322 137 0
4323 39 0
4324 40 1
4325 165 1
4326 130 1
4327 52 0
4328 172 0
4329 105 1
4330 95 1
4331 132 0
4332 40 1
4333 113 1
4334 109 1
4335 58 0
4336 160 1
4337 22 0
4338 172 0
4339 151 1
4340 49 0
4341 144 1
4342 139 0
4343 132 1
4344 22 1
4345 18 0
4346 14 1
4347 14 1
4348 7 0
4349 127 1
4350 105 1
4351 115 0
4352 178 0
4353 79 1
4354 73 1
4355 142 0
4356 9 1
4357 59 0
4358 115 1
4359 156 1
4360 124 1
4361 77 1
4362 146 1
4363 14 0
4364 92 1
4365 28 1
4366 22 0
4367 41 1
4368 93 0
4369 13 0
4370 108 1
4371 163 1
4372 138 0
4373 141 1
4374 109 1
4375 33 1
4376 50 1
4377 130 0
4378 75 1
4379 45 1
4380 97 1
4381 122 0
4382 91 1
4383 140 1
4384 158 1
4385 46 1
4386 120 0
4387 80 0
4388 10 1
4389 91 0
4390 97 0
4391 49 1
4392 109 1
4393 39 1
4394 135 0
4395 110 0
4396 31 0
4397 172 0
4398 91 1
4399 2 1
4400 97 0
4401 33 1
4402 15 0
4403 55 1
4404 92 1
4405 20 1
4406 29 1
4407 31 0
4408 122 1
4409 80 0
4410 144 0
4411 68 0
4412 2 1
4413 173 1
4414 5 1
4415 101 1
4416 98 1
4417 79 1
4418 5 1
4419 13 1
4420 39 1
4421 160 1
4422 155 0
4423 80 1
4424 73 0
4425 51 1
4426 172 0
4427 152 1
4428 55 1
4429 88 1
4430 16 1
4431 101 1
4432 82 0
4433 102 1
4434 9 0
4435 122 1
4436 86 1
4437 106 0
4438 170 1
4439 35 0
4440 168 0
4441 156 1
4442 144 1
4443 93 1
4444 149 0
4445 18 0
4446 66 1
4447 38 0
4448 173 1
4449 174 1
4450 14 1
4451 105 0
4452 32 1
4453 99 1
4454 156 1
4455 141 1
4456 159 1
4457 64 1
4458 6 1
4459 18 1
4460 97 1
4461 79 0
4462 93 1
4463 133 0
4464 132 0
4465 145 1
4466 57 1
4467 4 0
4468 157 1
4469 50 0
4470 113 1
4471 38 0
4472 67 0
4473 28 1
4474 81 1
4475 50 0
4476 20 1
4477 163 1
4478 121 0
4479 76 0
4480 57 1
4481 158 0
4482 166 1
4483 24 1
4484 141 1
4485 38 1
4486 23 0
4487 42 0
4488 116 1
4489 101 1
4490 53 1
4491 134 1
4492 155 1
4493 125 0
4494 110 1
4495 109 0
4496 1 1
4497 39 1
4498 10 1
4499 7 1
4500 75 1
4501 163 1
4502 175 0
4503 63 1
4504 149 1
4505 5 1
4506 11 0
4507 97 1
4508 132 1
4509 22 0
4510 2 0
4511 104 1
4512 157 1
4513 45 1
4514 144 1
4515 76 0
4516 35 1
4517 12 1
4518 76 0
4519 80 0
4520 115 0
4521 7 1
4522 163 1
4523 51 1
4524 85 1
4525 54 0
4526 78 0
4527 144 1
4528 123 0
4529 161 0
4530 62 0
4531 2 1
4532 109 0
4533 2 1
4534 143 1
4535 106 1
4536 106 0
4537 80 1
4538 155 1
4539 143 1
4540 141 1
4541 22 0
4542 114 0
4543 34 1
4544 50 1
4545 20 1
4546 66 0
4547 84 1
4548 89 1
4549 119 1
4550 107 1
4551 123 1
4552 97 0
4553 61 0
4554 155 1
4555 8 1
4556 160 0
4557 32 0
4558 71 0
4559 27 1
4560 20 1
4561 172 0
4562 6 1
4563 20 1
4564 101 0
4565 139 1
4566 60 0
4567 0 1
4568 108 1
4569 105 1
4570 24 0
4571 76 1
4572 82 1
4573 153 0
4574 112 1
4575 96 1
4576 164 1
4577 93 1
4578 104 1
4579 139 0
4580 63 0
4581 56 1
4582 121 1
4583 156 0
4584 55 0
4585 9 1
4586 17 0
4587 74 0
4588 68 1
4589 11 1
4590 102 1
4591 8 1
4592 134 1
4593 131 0
4594 25 1
4595 22 1
4596 128 1
4597 149 0
4598 72 1
4599 58 1
4600 146 1
4601 80 1
4602 90 1
4603 137 1
4604 76 1
4605 34 1
4606 13 1
4607 23 1
4608 17 1
4609 143 1
4610 3 1
4611 5 1
4612 118 1
4613 139 1
4614 39 0
4615 12 1
4616 139 1
4617 43 0
4618 120 1
4619 83 0
4620 86 0
4621 132 1
4622 97 1
4623 5 1
4624 67 0
4625 31 1
4626 73 1
4627 140 1
4628 128 1
4629 140 0
4630 109 1
4631 47 1
4632 119 1
4633 172 0
4634 29 1
4635 15 1
4636 16 0
4637 152 1
4638 61 0
4639 102 1
4640 65 1
4641 73 1
4642 44 1
4643 24 0
4644 9 1
4645 150 1
4646 12 0
4647 61 0
4648 162 1
4649 128 0
4650 131 1
4651 1 1
4652 112 1
4653 72 1
4654 70 1
4655 175 1
4656 3 1
4657 84 1
4658 41 1
4659 31 0
4660 147 1
4661 42 0
4662 137 1
4663 164 1
4664 95 0
4665 6 0
4666 15 1
4667 69 0
4668 162 1
4669 111 1
4670 73 1
4671 62 1
4672 114 0
4673 115 1
4674 128 1
4675 80 1
4676 23 0
4677 129 1
4678 163 1
4679 155 0
4680 39 0
4681 1 1
4682 170 0
4683 55 0
4684 85 1
4685 17 1
4686 31 1
4687 109 0
4688 99 1
4689 60 1
4690 3 0
4691 82 1
4692 21 0
4693 124 1
4694 137 1
4695 138 0
4696 21 1
4697 167 1
4698 83 1
4699 39 0
4700 146 1
4701 85 0
4702 9 1
4703 18 1
4704 51 1
4705 156 0
4706 93 0
4707 17 1
4708 82 1
4709 173 1
4710 1 0
4711 37 1
4712 146 1
4713 87 0
4714 5 0
4715 156 1
4716 56 1
4717 23 1
4718 131 1
4719 173 1
4720 173 0
4721 57 1
4722 84 1
4723 139 0
4724 90 1
4725 143 1
4726 140 0
4727 166 0
4728 142 1
4729 96 1
4730 137 1
4731 56 1
4732 136 0
4733 16 0
4734 174 0
4735 28 0
4736 98 1
4737 14 0
4738 33 1
4739 43 1
4740 161 1
4741 152 0
4742 8 1
4743 167 1
4744 88 1
4745 55 1
4746 158 0
4747 177 1
4748 127 0
4749 77 0
4750 141 1
4751 166 0
4752 64 1
4753 116 1
4754 29 0
4755 95 1
4756 166 1
4757 70 1
4758 83 1
4759 19 1
4760 80 1
4761 155 1
4762 122 1
4763 164 1
4764 106 0
4765 68 1
4766 41 0
4767 3 1
4768 109 1
4769 77 1
4770 37 1
4771 23 1
4772 178 1
4773 73 0
4774 27 1
4775 75 0
4776 41 0
4777 41 0
4778 142 1
4779 108 0
4780 26 0
4781 12 1
4782 105 1
4783 110 0
4784 134 1
4785 48 0
4786 1 1
4787 70 0
4788 40 0
4789 83 1
4790 46 1
4791 111 1
4792 147 1
4793 9 1
4794 116 1
4795 117 0
4796 168 1
4797 146 1
4798 81 0
4799 4 1
4800 85 1
4801 82 1
4802 178 0
4803 25 1
4804 53 0
4805 43 0
4806 141 1
4807 124 1
4808 2 1
4809 156 1
4810 124 0
4811 134 1
4812 160 1
4813 82 1
4814 116 1
4815 36 1
4816 76 1
4817 162 0
4818 28 0
4819 51 1
4820 107 0
4821 54 0
4822 123 1
4823 115 1
4824 6 1
4825 117 1
4826 124 1
4827 2 1
4828 110 0
4829 42 1
4830 171 1
4831 123 0
4832 70 0
4833 18 1
4834 168 1
4835 53 0
4836 38 1
4837 165 0
4838 160 1
4839 44 0
4840 67 1
4841 118 1
4842 170 1
4843 171 1
4844 26 0
4845 23 0
4846 165 1
4847 77 1
4848 10 0
4849 91 1
4850 38 1
4851 32 1
4852 9 1
4853 58 1
4854 172 1
4855 94 0
4856 137 1
4857 126 0
4858 91 1
4859 167 1
4860 89 0
4861 126 1
4862 94 1
4863 68 0
4864 56 0
4865 157 1
4866 61 1
4867 171 0
4868 145 1
4869 177 1
4870 27 1
4871 73 0
4872 0 1
4873 51 0
4874 76 1
4875 83 1
4876 103 1
4877 115 0
4878 55 1
4879 176 0
4880 101 1
4881 28 1
4882 101 1
4883 171 1
4884 124 0
4885 80 1
4886 136 1
4887 12 1
4888 48 1
4889 164 1
4890 40 1
4891 165 1
4892 37 1
4893 36 1
4894 43 0
4895 141 1
4896 61 1
4897 129 1
4898 1 1
4899 167 0
4900 164 1
4901 35 0
4902 32 1
4903 15 0
4904 48 1
4905 143 1
4906 7 0
4907 105 1
4908 167 1
4909 10 1
4910 48 0
4911 177 1
4912 132 1
4913 30 1
4914 122 1
4915 80 1
4916 76 0
4917 103 0
4918 37 1
4919 126 1
4920 56 1
4921 47 1
4922 156 0
4923 160 1
4924 52 1
4925 114 1
4926 18 0
4927 84 0
4928 50 1
4929 42 1
4930 69 1
4931 153 1
4932 111 1
4933 11 1
4934 17 1
4935 107 1
4936 165 0
4937 127 1
4938 128 1
4939 162 1
4940 153 1
4941 91 0
4942 83 1
4943 17 1
4944 47 1
4945 0 1
4946 118 0
4947 135 1
4948 52 1
4949 10 1
4950 43 0
4951 132 1
4952 93 1
4953 162 1
4954 126 0
4955 96 1
4956 116 1
4957 30 0
4958 121 0
4959 27 0
4960 43 1
4961 43 0
4962 2 1
4963 22 1
4964 83 1
4965 176 0
4966 150 1
4967 146 1
4968 147 1
4969 43 1
4970 96 1
4971 15 1
4972 21 1
4973 170 1
4974 145 1
4975 69 1
4976 162 0
4977 44 0
4978 164 1
4979 155 1
4980 36 0
4981 6 1
4982 155 0
4983 8 1
4984 103 1
4985 38 1
4986 64 1
4987 106 1
4988 152 1
4989 165 0
4990 169 1
4991 65 0
4992 104 1
4993 74 1
4994 114 0
4995 33 1
4996 13 1
4997 95 0
4998 13 1
4999 50 1
5000 92 0
5001 10 0
5002 16 1
5003 0 0
5004 88 1
5005 46 1
5006 158 0
5007 167 0
5008 158 0
5009 48 1
5010 165 0
5011 118 0
5012 57 1
5013 104 0
5014 74 0
5015 60 1
5016 1 1
5017 18 0
5018 177 1
5019 60 1
5020 121 1
5021 38 1
5022 155 0
5023 59 1
5024 141 1
5025 39 0
5026 62 1
5027 63 1
5028 12 1
5029 64 1
5030 17 1
5031 127 1
5032 6 1
5033 88 1
5034 100 0
5035 27 1
5036 13 1
5037 18 1
5038 28 1
5039 177 0
5040 58 1
5041 170 0
5042 131 1
5043 176 1
5044 95 1
5045 166 1
5046 123 0
5047 4 1
5048 80 1
5049 70 0
5050 0 1
5051 98 0
5052 99 1
5053 56 0
5054 67 1
5055 170 1
5056 144 1
5057 66 1
5058 152 1
5059 176 1
5060 62 0
5061 55 1
5062 36 1
5063 9 1
5064 89 0
5065 171 1
5066 50 0
5067 93 0
5068 80 1
5069 150 1
5070 77 1
5071 93 1
5072 60 1
5073 12 1
5074 160 0
5075 38 0
5076 109 1
5077 102 1
5078 90 1
5079 136 1
5080 127 1
5081 143 1
5082 156 1
5083 84 1
5084 80 0
5085 142 0
5086 17 1
5087 73 1
5088 90 1
5089 47 1
5090 31 0
5091 167 0
5092 53 1
5093 44 1
5094 138 1
5095 17 1
5096 66 1
5097 21 1
5098 91 1
5099 38 1
5100 160 1
5101 86 1
5102 110 1
5103 128 1
5104 65 0
5105 145 1
5106 134 0
5107 111 1
5108 160 1
5109 88 1
5110 30 0
5111 142 0
5112 140 1
5113 77 1
5114 26 0
5115 161 0
5116 106 1
5117 174 1
5118 49 0
5119 175 1
5120 172 0
5121 85 1
5122 33 1
5123 10 1
5124 46 1
5125 8 0
5126 79 1
5127 110 1
5128 9 1
5129 30 1
5130 176 0
5131 159 1
5132 19 1
5133 77 1
5134 36 0
5135 57 1
5136 152 0
5137 31 1
5138 34 1
5139 73 0
5140 78 1
5141 94 0
5142 106 1
5143 71 0
5144 149 1
5145 87 0
5146 168 1
5147 7 1
5148 159 0
5149 13 1
5150 95 0
5151 161 0
5152 25 1
5153 11 0
5154 172 1
5155 77 0
5156 40 1
5157 165 1
5158 18 1
5159 135 1
5160 33 1
5161 72 0
5162 48 0
5163 146 0
5164 39 0
5165 160 1
5166 105 1
5167 140 1
5168 31 1
5169 126 1
5170 110 0
5171 32 0
5172 18 1
5173 108 1
5174 128 0
5175 141 0
5176 46 1
5177 121 1
5178 168 0
5179 60 1
5180 7 0
5181 99 1
5182 58 0
5183 116 1
5184 86 1
5185 50 1
5186 88 1
5187 158 1
5188 37 0
5189 17 1
5190 90 1
5191 86 1
5192 130 1
5193 41 0
5194 54 0
5195 84 0
5196 17 1
5197 47 1
5198 118 0
5199 39 1
5200 164 1
5201 96 1
5202 172 1
5203 54 0
5204 100 1
5205 70 1
5206 166 1
5207 137 1
5208 59 0
5209 111 0
5210 38 1
5211 112 1
5212 75 1
5213 5 1
5214 18 1
5215 93 0
5216 133 0
5217 13 1
5218 138 1
5219 147 1
5220 138 1
5221 61 0
5222 132 1
5223 118 0
5224 136 1
5225 62 0
5226 4 1
5227 104 1
5228 145 0
5229 84 0
5230 90 1
5231 166 1
5232 61 1
5233 161 0
5234 68 0
5235 17 1
5236 104 1
5237 27 0
5238 36 1
5239 122 1
5240 133 1
5241 41 1
5242 170 1
5243 28 1
5244 128 1
5245 120 1
5246 47 1
5247 74 1
5248 45 1
5249 128 0
5250 122 0
5251 130 1
5252 99 0
5253 158 1
5254 177 1
5255 118 1
5256 160 1
5257 143 1
5258 0 1
5259 109 1
5260 104 1
5261 158 1
5262 32 1
5263 17 0
5264 109 1
5265 64 1
5266 102 1
5267 36 0
5268 111 1
5269 147 1
5270 54 1
5271 178 1
5272 4 1
5273 124 1
5274 71 1
5275 122 1
5276 159 1
5277 21 1
5278 154 1
5279 143 1
5280 57 0
5281 10 0
5282 160 1
5283 119 1
5284 115 1
5285 139 1
5286 111 1
5287 79 1
5288 91 0
5289 109 1
5290 69 1
5291 32 0
5292 154 1
5293 115 1
5294 144 1
5295 25 1
5296 107 0
5297 119 0
5298 136 0
5299 55 1
5300 22 0
5301 53 0
5302 27 1
5303 123 1
5304 30 1
5305 38 0
5306 106 0
5307 23 0
5308 176 0
5309 23 1
5310 38 1
5311 101 0
5312 21 1
5313 109 1
5314 154 1
5315 104 1
5316 117 1
5317 5 1
5318 163 1
5319 137 1
5320 2 1
5321 167 1
5322 120 0
5323 2 0
5324 150 0
5325 133 0
5326 73 1
5327 30 1
5328 149 1
5329 10 1
5330 177 1
5331 175 0
5332 145 0
5333 134 0
5334 129 1
5335 81 0
5336 141 1
5337 115 1
5338 81 0
5339 74 1
5340 79 1
5341 116 0
5342 136 1
5343 5 1
5344 159 1
5345 168 1
5346 4 1
5347 147 1
5348 103 1
5349 37 0
5350 68 1
5351 60 1
5352 125 1
5353 166 1
5354 166 0
5355 17 1
5356 142 1
5357 155 1
5358 153 1
5359 142 1
5360 51 1
5361 165 1
5362 171 1
5363 79 1
5364 46 0
5365 23 1
5366 172 1
5367 18 0
5368 69 1
5369 83 1
5370 119 0
5371 122 0
5372 108 0
5373 118 1
5374 18 0
5375 90 0
5376 88 1
5377 177 0
5378 20 1
5379 112 1
5380 132 1
5381 117 1
5382 30 1
5383 65 1
5384 15 1
5385 93 1
5386 122 1
5387 91 0
5388 73 1
5389 8 1
5390 165 0
5391 97 0
5392 164 0
5393 91 1
5394 110 0
5395 8 1
5396 35 1
5397 10 1
5398 134 0
5399 102 0
5400 34 1
5401 158 0
5402 170 1
5403 145 1
5404 153 0
5405 29 1
5406 125 1
5407 88 1
5408 95 1
5409 115 1
5410 79 0
5411 27 1
5412 6 0
5413 169 1
5414 102 1
5415 48 0
5416 163 1
5417 114 0
5418 34 1
5419 92 0
5420 107 1
5421 22 1
5422 121 0
5423 163 0
5424 102 0
5425 1 1
5426 159 0
5427 169 0
5428 119 1
5429 0 1
5430 10 0
5431 0 1
5432 12 1
5433 85 0
5434 68 1
5435 108 1
5436 172 1
5437 49 1
5438 115 1
5439 89 0
