2141
1 393 0
2 322 1
3 451 1
4 287 0
5 112 0
6 86 1
7 534 0
8 327 0
9 247 1
10 137 1
11 236 1
12 302 1
13 317 0
14 398 0
15 168 1
16 437 1
17 205 0
18 409 1
19 294 0
20 130 1
21 404 1
22 65 1
23 415 1
24 273 1
25 293 0
26 123 1
27 226 0
28 110 1
29 47 0
30 458 1
31 298 1
32 230 1
33 138 0
34 128 0
35 365 1
36 478 1
37 52 1
38 191 1
39 513 1
40 160 1
41 514 1
42 367 1
43 224 1
44 252 1
45 500 1
46 487 0
47 27 1
48 332 1
49 387 1
50 175 1
51 359 1
52 5 0
53 165 1
54 456 1
55 299 1
56 30 0
57 414 1
58 522 1
59 451 0
60 363 1
61 515 1
62 233 1
63 51 1
64 285 0
65 118 1
66 282 1
67 144 1
68 404 1
69 60 1
70 18 1
71 444 1
72 142 0
73 23 1
74 465 0
75 407 1
76 394 1
77 224 1
78 494 0
79 284 1
80 290 1
81 209 1
82 395 0
83 437 1
84 240 1
85 142 1
86 435 1
87 368 0
88 475 0
89 209 1
90 381 1
91 252 0
92 21 1
93 494 1
94 267 1
95 202 1
96 87 0
97 161 1
98 341 1
99 250 0
100 64 0
101 354 1
102 494 1
103 44 1
104 144 1
105 393 1
106 447 0
107 392 0
108 90 1
109 500 1
110 24 1
111 493 1
112 143 0
113 171 0
114 282 1
115 96 1
116 392 1
117 361 1
118 265 1
119 339 1
120 237 1
121 512 1
122 345 0
123 121 1
124 212 1
125 309 0
126 291 1
127 472 1
128 486 1
129 11 0
130 95 1
131 83 0
132 134 1
133 404 1
134 428 1
135 325 1
136 443 0
137 317 1
138 163 1
139 192 1
140 28 1
141 127 1
142 333 1
143 331 0
144 149 1
145 9 1
146 511 1
147 247 0
148 114 0
149 14 0
150 362 0
151 237 1
152 82 1
153 14 0
154 24 1
155 137 1
156 223 0
157 434 1
158 317 0
159 406 1
160 76 1
161 287 1
162 85 0
163 264 0
164 215 1
165 319 1
166 70 0
167 350 0
168 203 1
169 522 1
170 149 1
171 342 0
172 439 1
173 506 1
174 510 1
175 252 1
176 296 0
177 143 0
178 166 1
179 96 1
180 200 1
181 474 1
182 63 1
183 546 1
184 219 1
185 9 1
186 211 1
187 318 1
188 34 0
189 436 1
190 96 1
191 99 1
192 258 1
193 289 1
194 226 1
195 320 1
196 377 1
197 211 1
198 102 1
199 223 1
200 248 1
201 205 1
202 99 1
203 78 1
204 253 1
205 254 1
206 171 1
207 320 1
208 111 1
209 430 0
210 25 1
211 279 1
212 513 1
213 358 1
214 155 0
215 451 0
216 391 1
217 377 0
218 147 0
219 200 1
220 485 1
221 328 1
222 323 0
223 115 0
224 287 1
225 350 1
226 263 1
227 230 0
228 26 1
229 297 0
230 200 1
231 161 1
232 373 0
233 173 0
234 24 1
235 437 1
236 342 0
237 195 1
238 443 0
239 131 1
240 370 1
241 11 1
242 16 0
243 378 1
244 406 0
245 348 0
246 393 0
247 227 0
248 141 1
249 255 1
250 288 1
251 252 0
252 487 0
253 265 1
254 335 1
255 82 1
256 330 1
257 307 0
258 458 1
259 513 0
260 330 1
261 439 1
262 464 0
263 457 0
264 97 0
265 285 0
266 373 1
267 46 0
268 15 1
269 212 1
270 222 1
271 85 1
272 26 0
273 538 1
274 109 1
275 317 1
276 396 1
277 192 1
278 514 1
279 433 0
280 330 0
281 27 1
282 286 1
283 533 0
284 447 1
285 228 1
286 132 1
287 252 1
288 346 0
289 96 1
290 262 1
291 409 1
292 199 0
293 487 0
294 218 1
295 355 1
296 123 0
297 221 1
298 517 1
299 288 1
300 44 1
301 55 0
302 469 0
303 335 1
304 127 1
305 238 1
306 421 1
307 16 0
308 278 0
309 425 0
310 455 1
311 14 1
312 130 0
313 17 1
314 81 0
315 33 1
316 399 0
317 302 0
318 34 1
319 105 0
320 98 0
321 66 1
322 21 0
323 231 0
324 163 1
325 311 0
326 405 0
327 164 1
328 137 0
329 213 1
330 64 1
331 406 1
332 521 1
333 362 1
334 375 0
335 232 1
336 387 1
337 84 1
338 443 1
339 161 1
340 1 0
341 193 1
342 313 1
343 457 1
344 116 1
345 184 1
346 494 0
347 159 0
348 328 1
349 478 1
350 503 0
351 206 0
352 524 1
353 267 1
354 182 1
355 541 1
356 478 1
357 105 1
358 60 1
359 209 0
360 262 1
361 481 1
362 13 1
363 132 0
364 130 1
365 12 0
366 350 0
367 8 1
368 23 1
369 262 1
370 219 1
371 389 1
372 506 0
373 456 1
374 24 0
375 320 0
376 89 1
377 11 1
378 410 0
379 506 1
380 392 0
381 205 0
382 252 1
383 38 1
384 488 1
385 543 1
386 135 1
387 372 1
388 394 0
389 176 1
390 524 1
391 281 0
392 327 0
393 292 1
394 13 1
395 247 1
396 347 1
397 117 1
398 242 0
399 389 1
400 33 1
401 406 1
402 347 0
403 325 1
404 90 1
405 189 1
406 512 0
407 195 1
408 279 1
409 545 1
410 254 1
411 275 1
412 336 0
413 168 1
414 125 0
415 215 0
416 520 1
417 451 0
418 429 1
419 30 1
420 245 0
421 101 1
422 205 1
423 79 1
424 237 1
425 354 0
426 447 0
427 60 0
428 537 1
429 330 1
430 362 0
431 459 1
432 196 1
433 109 1
434 107 0
435 175 0
436 420 1
437 139 1
438 88 0
439 78 1
440 359 1
441 331 1
442 30 1
443 73 1
444 196 0
445 321 1
446 464 0
447 409 1
448 50 0
449 317 1
450 172 1
451 87 0
452 346 0
453 187 1
454 507 1
455 213 1
456 213 1
457 156 0
458 28 1
459 387 1
460 210 1
461 299 0
462 394 0
463 366 0
464 195 1
465 179 0
466 205 1
467 537 1
468 7 0
469 440 0
470 505 1
471 349 0
472 290 0
473 476 0
474 374 1
475 59 1
476 54 0
477 227 1
478 34 1
479 470 0
480 244 1
481 174 0
482 492 1
483 455 0
484 404 1
485 529 1
486 31 1
487 533 1
488 414 1
489 94 1
490 417 1
491 341 0
492 26 1
493 372 0
494 130 0
495 414 1
496 521 1
497 339 0
498 329 1
499 481 1
500 110 1
501 1 1
502 310 0
503 526 0
504 88 1
505 543 0
506 288 1
507 429 1
508 483 1
509 13 1
510 127 0
511 502 1
512 45 0
513 145 1
514 57 1
515 14 0
516 58 1
517 434 0
518 127 1
519 61 1
520 486 1
521 236 0
522 519 1
523 118 0
524 498 1
525 98 1
526 74 0
527 304 0
528 473 0
529 9 1
530 44 0
531 275 0
532 164 0
533 533 0
534 28 1
535 84 0
536 229 0
537 318 1
538 17 1
539 172 1
540 145 1
541 108 1
542 387 1
543 524 1
544 378 1
545 420 1
546 135 1
547 40 0
548 373 1
549 167 0
550 135 1
551 493 1
552 150 1
553 82 1
554 340 1
555 197 1
556 102 0
557 343 1
558 171 0
559 379 1
560 308 0
561 487 1
562 464 1
563 257 0
564 68 1
565 269 1
566 253 1
567 145 1
568 543 1
569 147 1
570 121 1
571 399 1
572 165 1
573 290 1
574 516 1
575 463 1
576 499 1
577 235 1
578 507 1
579 284 0
580 494 0
581 417 0
582 284 1
583 243 0
584 367 1
585 194 1
586 312 1
587 227 0
588 303 1
589 390 1
590 216 1
591 65 1
592 286 0
593 162 1
594 370 1
595 460 1
596 515 1
597 95 1
598 409 1
599 110 1
600 243 1
601 171 1
602 412 0
603 0 1
604 430 0
605 503 1
606 274 0
607 330 0
608 447 0
609 446 1
610 516 1
611 103 1
612 206 1
613 314 1
614 51 0
615 359 1
616 243 1
617 365 1
618 443 0
619 338 1
620 395 1
621 488 1
622 441 1
623 261 1
624 279 1
625 64 0
626 35 1
627 248 1
628 489 1
629 371 0
630 501 1
631 350 1
632 229 1
633 367 0
634 110 0
635 514 1
636 93 0
637 206 1
638 242 1
639 328 1
640 142 1
641 285 1
642 137 1
643 543 0
644 64 0
645 73 1
646 129 0
647 340 1
648 168 1
649 546 1
650 444 1
651 299 1
652 422 0
653 39 1
654 487 0
655 154 1
656 336 0
657 385 1
658 488 1
659 68 1
660 326 0
661 149 1
662 141 1
663 267 0
664 227 1
665 102 1
666 295 1
667 238 1
668 422 0
669 350 1
670 159 1
671 23 1
672 459 1
673 484 1
674 304 1
675 45 0
676 270 0
677 54 1
678 261 1
679 235 1
680 165 1
681 128 1
682 255 1
683 146 1
684 159 1
685 132 1
686 516 1
687 329 0
688 78 1
689 406 1
690 334 1
691 529 1
692 161 0
693 531 0
694 420 1
695 363 1
696 73 0
697 498 0
698 373 1
699 97 0
700 110 1
701 365 1
702 385 0
703 85 1
704 477 1
705 362 1
706 457 1
707 446 1
708 442 0
709 8 1
710 228 1
711 353 1
712 440 1
713 206 1
714 527 1
715 313 1
716 533 0
717 293 1
718 404 1
719 351 1
720 446 1
721 175 0
722 25 1
723 490 0
724 83 1
725 298 0
726 448 1
727 189 0
728 533 1
729 123 1
730 213 0
731 242 1
732 145 1
733 149 0
734 491 0
735 398 1
736 181 1
737 263 0
738 288 1
739 188 1
740 220 1
741 259 1
742 106 1
743 525 1
744 358 0
745 183 0
746 114 0
747 348 1
748 476 1
749 324 1
750 512 1
751 327 0
752 327 0
753 414 0
754 311 0
755 501 0
756 542 0
757 230 1
758 176 0
759 318 1
760 433 0
761 197 1
762 441 0
763 323 1
764 11 1
765 369 0
766 338 1
767 123 1
768 316 0
769 186 0
770 109 0
771 189 1
772 477 0
773 392 1
774 205 0
775 217 0
776 179 0
777 217 1
778 476 0
779 21 1
780 155 0
781 526 1
782 116 0
783 127 0
784 218 1
785 28 1
786 93 1
787 70 1
788 152 0
789 130 1
790 78 1
791 27 1
792 340 1
793 455 1
794 361 1
795 333 1
796 382 1
797 525 1
798 540 1
799 384 0
800 59 1
801 115 1
802 144 0
803 176 1
804 163 1
805 232 1
806 294 1
807 76 1
808 80 0
809 418 1
810 522 1
811 472 1
812 94 1
813 309 1
814 134 0
815 360 0
816 11 1
817 407 1
818 300 0
819 514 0
820 530 1
821 281 1
822 35 1
823 364 1
824 465 0
825 9 1
826 78 1
827 251 1
828 448 0
829 260 0
830 221 0
831 352 0
832 188 1
833 512 1
834 373 0
835 528 1
836 256 1
837 148 1
838 197 1
839 469 0
840 324 0
841 72 1
842 537 1
843 91 1
844 461 1
845 50 1
846 2 0
847 430 1
848 192 1
849 256 1
850 389 0
851 499 1
852 78 0
853 452 0
854 128 1
855 515 1
856 429 1
857 432 0
858 488 1
859 373 1
860 390 1
861 114 1
862 403 1
863 222 1
864 454 0
865 129 1
866 232 1
867 34 0
868 243 1
869 162 0
870 437 1
871 401 0
872 233 1
873 255 1
874 325 1
875 153 0
876 20 1
877 137 1
878 327 1
879 534 1
880 354 1
881 171 0
882 321 0
883 473 1
884 207 0
885 513 0
886 281 0
887 479 1
888 231 0
889 266 1
890 393 0
891 301 1
892 265 1
893 414 1
894 375 0
895 404 1
896 95 1
897 345 0
898 358 1
899 74 1
900 484 0
901 239 0
902 532 1
903 248 1
904 483 1
905 349 0
906 512 1
907 258 0
908 180 1
909 337 0
910 42 0
911 253 1
912 409 1
913 132 0
914 447 1
915 300 1
916 370 1
917 118 1
918 289 1
919 148 1
920 458 1
921 8 0
922 239 1
923 168 1
924 453 1
925 429 0
926 340 0
927 211 1
928 311 1
929 485 1
930 126 1
931 173 1
932 293 1
933 367 1
934 297 0
935 323 0
936 43 1
937 147 1
938 174 1
939 217 1
940 460 0
941 153 0
942 359 1
943 518 1
944 284 0
945 459 1
946 209 1
947 422 0
948 16 0
949 115 1
950 396 1
951 522 1
952 346 1
953 299 1
954 14 1
955 116 1
956 131 1
957 243 1
958 211 1
959 128 1
960 247 1
961 421 0
962 251 1
963 537 1
964 177 1
965 96 0
966 121 0
967 43 0
968 317 1
969 503 1
970 311 1
971 445 0
972 403 1
973 385 0
974 480 0
975 78 1
976 70 0
977 153 0
978 372 1
979 165 0
980 372 0
981 152 1
982 394 1
983 476 1
984 537 1
985 135 1
986 504 1
987 259 0
988 237 1
989 5 0
990 127 0
991 414 0
992 97 1
993 95 0
994 163 1
995 110 1
996 37 1
997 544 1
998 458 1
999 235 1
1000 358 1
1001 265 1
1002 527 1
1003 252 1
1004 138 1
1005 451 1
1006 402 1
1007 524 1
1008 400 0
1009 60 0
1010 394 0
1011 128 0
1012 433 1
1013 440 0
1014 113 1
1015 307 0
1016 13 1
1017 363 0
1018 66 1
1019 273 0
1020 450 1
1021 469 1
1022 72 1
1023 382 1
1024 95 1
1025 65 1
1026 128 0
1027 498 1
1028 319 0
1029 482 1
1030 34 1
1031 419 1
1032 393 0
1033 102 1
1034 367 1
1035 116 1
1036 192 1
1037 91 0
1038 61 1
1039 252 1
1040 494 1
1041 222 1
1042 512 0
1043 214 1
1044 141 1
1045 232 1
1046 516 1
1047 346 0
1048 403 1
1049 274 1
1050 464 1
1051 70 1
1052 5 0
1053 374 0
1054 151 0
1055 346 0
1056 460 0
1057 235 0
1058 319 1
1059 286 1
1060 176 1
1061 275 0
1062 201 1
1063 23 0
1064 101 0
1065 404 1
1066 327 0
1067 189 1
1068 151 1
1069 461 0
1070 221 1
1071 462 1
1072 344 0
1073 74 1
1074 177 0
1075 217 1
1076 394 1
1077 14 1
1078 20 0
1079 229 0
1080 520 1
1081 263 0
1082 138 1
1083 148 1
1084 532 1
1085 107 0
1086 384 1
1087 340 0
1088 297 1
1089 423 1
1090 351 1
1091 343 0
1092 38 1
1093 371 1
1094 518 0
1095 304 0
1096 202 0
1097 307 0
1098 536 1
1099 145 1
1100 32 1
1101 180 1
1102 398 1
1103 114 0
1104 511 0
1105 139 0
1106 145 1
1107 29 1
1108 355 1
1109 366 1
1110 517 1
1111 395 1
1112 331 0
1113 28 1
1114 188 1
1115 356 1
1116 2 1
1117 215 1
1118 86 1
1119 64 1
1120 443 0
1121 427 1
1122 201 0
1123 348 1
1124 373 0
1125 459 1
1126 478 1
1127 30 1
1128 41 1
1129 35 0
1130 417 1
1131 89 1
1132 442 1
1133 335 1
1134 148 1
1135 93 1
1136 180 0
1137 209 0
1138 7 1
1139 514 0
1140 241 1
1141 300 1
1142 249 0
1143 434 1
1144 513 1
1145 159 1
1146 437 1
1147 318 1
1148 68 1
1149 375 0
1150 83 1
1151 385 1
1152 503 1
1153 221 0
1154 120 0
1155 468 1
1156 129 1
1157 110 1
1158 68 1
1159 246 0
1160 43 0
1161 480 1
1162 231 1
1163 327 1
1164 482 1
1165 92 0
1166 138 0
1167 405 1
1168 102 0
1169 183 0
1170 329 1
1171 161 0
1172 388 1
1173 415 1
1174 393 1
1175 68 0
1176 97 1
1177 494 0
1178 377 1
1179 142 1
1180 492 1
1181 455 1
1182 289 0
1183 240 1
1184 32 1
1185 252 1
1186 43 1
1187 398 1
1188 262 1
1189 403 1
1190 442 0
1191 121 1
1192 49 1
1193 382 0
1194 405 1
1195 317 0
1196 336 1
1197 495 1
1198 178 0
1199 108 1
1200 127 1
1201 88 1
1202 289 0
1203 55 1
1204 205 0
1205 174 1
1206 506 0
1207 155 1
1208 364 0
1209 12 0
1210 92 1
1211 149 1
1212 132 1
1213 83 0
1214 348 1
1215 36 1
1216 66 1
1217 99 1
1218 125 1
1219 421 1
1220 251 1
1221 8 0
1222 344 1
1223 343 1
1224 339 1
1225 22 1
1226 200 1
1227 436 0
1228 330 1
1229 219 0
1230 287 0
1231 123 1
1232 504 1
1233 224 1
1234 16 0
1235 537 0
1236 209 1
1237 540 0
1238 347 0
1239 353 1
1240 206 0
1241 86 1
1242 61 1
1243 315 1
1244 72 1
1245 39 0
1246 368 1
1247 229 1
1248 508 1
1249 408 1
1250 129 0
1251 307 1
1252 36 1
1253 531 1
1254 213 1
1255 39 1
1256 290 1
1257 403 0
1258 163 1
1259 321 0
1260 221 1
1261 111 1
1262 99 0
1263 368 1
1264 370 0
1265 162 1
1266 267 0
1267 416 1
1268 346 1
1269 203 1
1270 315 0
1271 493 1
1272 429 0
1273 473 1
1274 36 0
1275 406 1
1276 122 1
1277 424 1
1278 372 1
1279 405 1
1280 51 1
1281 272 0
1282 4 1
1283 138 1
1284 119 1
1285 424 1
1286 98 1
1287 8 1
1288 235 1
1289 88 1
1290 305 1
1291 44 0
1292 526 1
1293 225 1
1294 290 1
1295 124 0
1296 104 1
1297 237 1
1298 115 0
1299 521 1
1300 231 1
1301 183 1
1302 285 1
1303 372 1
1304 250 1
1305 307 1
1306 532 0
1307 13 1
1308 396 0
1309 502 1
1310 323 0
1311 542 0
1312 52 1
1313 51 1
1314 123 0
1315 463 0
1316 487 1
1317 261 0
1318 354 1
1319 260 0
1320 186 0
1321 190 0
1322 495 1
1323 321 1
1324 443 1
1325 545 1
1326 479 1
1327 223 1
1328 289 1
1329 214 1
1330 363 1
1331 344 0
1332 293 1
1333 105 0
1334 269 0
1335 281 1
1336 510 1
1337 141 1
1338 191 1
1339 318 1
1340 254 0
1341 368 1
1342 372 1
1343 234 0
1344 381 0
1345 104 1
1346 32 1
1347 139 1
1348 22 1
1349 487 1
1350 187 1
1351 200 1
1352 271 0
1353 61 1
1354 382 1
1355 64 1
1356 273 0
1357 276 1
1358 538 0
1359 337 0
1360 474 1
1361 209 1
1362 342 0
1363 409 1
1364 170 1
1365 172 1
1366 148 1
1367 507 1
1368 291 1
1369 396 0
1370 525 0
1371 216 1
1372 407 1
1373 474 0
1374 33 1
1375 349 1
1376 158 0
1377 43 0
1378 484 0
1379 442 1
1380 379 0
1381 465 0
1382 502 0
1383 462 1
1384 25 1
1385 373 1
1386 287 0
1387 317 0
1388 173 0
1389 61 1
1390 508 1
1391 290 1
1392 484 0
1393 258 1
1394 363 1
1395 44 0
1396 221 1
1397 238 0
1398 451 1
1399 485 1
1400 41 1
1401 541 1
1402 539 1
1403 476 1
1404 70 1
1405 496 1
1406 463 0
1407 274 1
1408 150 1
1409 398 0
1410 202 1
1411 162 1
1412 530 1
1413 177 1
1414 130 1
1415 487 0
1416 65 0
1417 15 1
1418 308 0
1419 346 1
1420 544 1
1421 534 1
1422 50 1
1423 375 1
1424 371 1
1425 229 1
1426 184 0
1427 512 1
1428 369 0
1429 116 1
1430 443 0
1431 249 0
1432 53 1
1433 142 1
1434 209 1
1435 254 1
1436 299 1
1437 119 1
1438 18 1
1439 126 0
1440 235 1
1441 478 1
1442 325 1
1443 102 1
1444 162 0
1445 224 1
1446 399 0
1447 81 1
1448 191 1
1449 266 1
1450 226 1
1451 183 0
1452 277 1
1453 389 1
1454 373 1
1455 200 0
1456 387 0
1457 58 0
1458 89 1
1459 436 1
1460 504 1
1461 433 0
1462 40 1
1463 262 0
1464 314 1
1465 208 0
1466 79 1
1467 519 1
1468 208 1
1469 229 1
1470 454 0
1471 158 1
1472 75 1
1473 36 1
1474 501 1
1475 54 1
1476 102 1
1477 330 0
1478 31 0
1479 498 0
1480 150 1
1481 401 0
1482 4 1
1483 164 1
1484 311 1
1485 309 1
1486 400 1
1487 152 1
1488 198 1
1489 217 1
1490 239 0
1491 126 1
1492 336 1
1493 545 1
1494 78 1
1495 228 1
1496 109 1
1497 36 0
1498 517 0
1499 449 1
1500 170 1
1501 139 1
1502 255 0
1503 14 1
1504 543 1
1505 122 1
1506 17 1
1507 91 1
1508 282 1
1509 236 0
1510 101 1
1511 104 1
1512 123 1
1513 447 1
1514 526 0
1515 498 1
1516 138 0
1517 235 0
1518 383 1
1519 362 1
1520 542 1
1521 129 1
1522 310 0
1523 490 1
1524 371 0
1525 405 1
1526 220 1
1527 259 0
1528 289 1
1529 498 1
1530 148 1
1531 419 1
1532 56 1
1533 194 0
1534 419 1
1535 395 0
1536 9 1
1537 4 1
1538 259 1
1539 426 0
1540 251 0
1541 133 1
1542 372 1
1543 392 1
1544 191 0
1545 383 1
1546 309 1
1547 78 1
1548 487 1
1549 381 1
1550 344 1
1551 350 1
1552 206 1
1553 188 1
1554 427 1
1555 187 0
1556 477 1
1557 180 1
1558 290 1
1559 478 0
1560 432 1
1561 273 1
1562 209 1
1563 74 1
1564 138 0
1565 85 1
1566 199 1
1567 352 1
1568 368 1
1569 447 0
1570 185 1
1571 503 0
1572 470 0
1573 479 0
1574 225 1
1575 271 1
1576 303 0
1577 366 1
1578 410 1
1579 177 1
1580 410 0
1581 61 1
1582 213 0
1583 529 1
1584 46 0
1585 344 1
1586 93 1
1587 409 1
1588 500 0
1589 353 1
1590 329 0
1591 350 0
1592 136 0
1593 113 0
1594 124 0
1595 187 1
1596 129 0
1597 173 1
1598 301 1
1599 439 1
1600 223 1
1601 93 1
1602 115 1
1603 395 0
1604 421 0
1605 308 1
1606 403 1
1607 351 0
1608 342 1
1609 116 1
1610 269 1
1611 92 1
1612 66 1
1613 256 1
1614 544 1
1615 229 1
1616 25 1
1617 51 1
1618 464 1
1619 332 1
1620 225 1
1621 57 0
1622 266 0
1623 135 1
1624 387 0
1625 166 1
1626 69 0
1627 84 1
1628 38 1
1629 80 1
1630 67 0
1631 317 1
1632 210 0
1633 356 1
1634 330 0
1635 528 0
1636 296 0
1637 89 0
1638 446 0
1639 262 1
1640 538 1
1641 457 1
1642 139 0
1643 258 1
1644 459 1
1645 336 1
1646 164 0
1647 195 0
1648 536 1
1649 16 0
1650 207 1
1651 389 1
1652 35 0
1653 95 1
1654 218 1
1655 344 1
1656 300 1
1657 331 1
1658 311 1
1659 193 0
1660 444 1
1661 327 0
1662 150 0
1663 497 1
1664 42 1
1665 36 1
1666 26 1
1667 330 1
1668 357 0
1669 120 1
1670 298 0
1671 299 1
1672 234 0
1673 68 0
1674 189 0
1675 345 1
1676 368 0
1677 209 0
1678 163 0
1679 235 0
1680 187 1
1681 31 1
1682 151 1
1683 337 1
1684 302 0
1685 114 1
1686 374 0
1687 228 1
1688 74 0
1689 183 1
1690 135 1
1691 411 0
1692 169 1
1693 536 0
1694 294 1
1695 52 1
1696 12 1
1697 148 0
1698 507 1
1699 248 1
1700 457 1
1701 439 1
1702 353 1
1703 470 1
1704 541 1
1705 268 0
1706 213 0
1707 85 1
1708 330 1
1709 230 0
1710 424 0
1711 12 1
1712 428 1
1713 114 1
1714 223 1
1715 228 1
1716 302 0
1717 481 0
1718 304 0
1719 174 1
1720 88 1
1721 5 1
1722 152 1
1723 199 0
1724 289 1
1725 12 1
1726 288 0
1727 117 0
1728 310 1
1729 136 1
1730 171 0
1731 182 1
1732 0 1
1733 220 0
1734 160 1
1735 180 1
1736 352 1
1737 65 1
1738 399 1
1739 439 1
1740 332 0
1741 308 1
1742 53 0
1743 367 1
1744 234 1
1745 412 0
1746 445 1
1747 393 0
1748 350 1
1749 327 0
1750 523 1
1751 273 1
1752 207 1
1753 347 1
1754 241 0
1755 263 1
1756 205 0
1757 224 0
1758 28 1
1759 137 0
1760 125 1
1761 183 0
1762 236 0
1763 530 0
1764 158 0
1765 64 1
1766 332 1
1767 524 1
1768 315 0
1769 176 1
1770 78 0
1771 160 1
1772 41 1
1773 119 1
1774 490 0
1775 394 1
1776 383 0
1777 215 0
1778 121 0
1779 173 1
1780 86 1
1781 537 1
1782 152 1
1783 535 0
1784 415 1
1785 53 1
1786 243 0
1787 354 1
1788 50 1
1789 416 1
1790 245 1
1791 186 1
1792 417 0
1793 154 1
1794 116 0
1795 395 1
1796 80 1
1797 136 1
1798 477 1
1799 276 1
1800 475 1
1801 416 1
1802 58 0
1803 518 1
1804 273 0
1805 165 1
1806 227 1
1807 116 1
1808 268 0
1809 212 1
1810 113 1
1811 40 0
1812 23 1
1813 3 1
1814 425 1
1815 422 1
1816 187 1
1817 40 1
1818 29 1
1819 416 0
1820 460 1
1821 337 0
1822 448 1
1823 361 1
1824 238 0
1825 7 0
1826 211 1
1827 123 0
1828 409 1
1829 249 1
1830 530 1
1831 219 0
1832 478 0
1833 478 1
1834 333 0
1835 388 1
1836 444 1
1837 26 0
1838 146 1
1839 514 1
1840 538 1
1841 251 0
1842 207 1
1843 499 1
1844 16 0
1845 482 1
1846 389 0
1847 294 1
1848 537 1
1849 405 1
1850 25 1
1851 209 1
1852 486 1
1853 329 1
1854 137 0
1855 532 1
1856 395 0
1857 332 1
1858 126 0
1859 250 1
1860 63 1
1861 327 1
1862 463 1
1863 350 0
1864 299 1
1865 354 1
1866 517 1
1867 371 0
1868 251 1
1869 119 1
1870 28 1
1871 517 0
1872 402 1
1873 118 1
1874 164 0
1875 247 1
1876 68 1
1877 257 0
1878 164 0
1879 500 0
1880 330 1
1881 428 1
1882 323 1
1883 334 1
1884 530 0
1885 477 1
1886 72 0
1887 12 1
1888 327 1
1889 33 0
1890 14 1
1891 234 1
1892 432 0
1893 191 0
1894 66 0
1895 91 1
1896 28 1
1897 336 1
1898 286 1
1899 502 1
1900 153 1
1901 343 1
1902 395 1
1903 214 1
1904 486 0
1905 182 1
1906 105 1
1907 97 1
1908 484 1
1909 40 1
1910 9 0
1911 524 0
1912 165 0
1913 450 1
1914 13 1
1915 237 1
1916 353 0
1917 453 0
1918 451 1
1919 439 1
1920 492 1
1921 405 0
1922 6 0
1923 40 0
1924 368 1
1925 9 0
1926 336 1
1927 477 0
1928 423 1
1929 469 1
1930 301 1
1931 117 0
1932 192 0
1933 370 0
1934 330 0
1935 1 1
1936 338 1
1937 387 1
1938 486 1
1939 350 1
1940 85 1
1941 261 1
1942 470 1
1943 439 1
1944 87 1
1945 298 1
1946 35 1
1947 10 1
1948 78 1
1949 448 1
1950 158 1
1951 198 1
1952 433 0
1953 480 0
1954 43 1
1955 256 1
1956 220 1
1957 127 0
1958 286 0
1959 6 0
1960 504 1
1961 338 1
1962 297 0
1963 344 1
1964 305 1
1965 361 1
1966 209 1
1967 52 0
1968 175 0
1969 44 1
1970 331 1
1971 409 1
1972 457 0
1973 210 0
1974 133 1
1975 84 1
1976 36 0
1977 207 1
1978 285 1
1979 286 0
1980 311 0
1981 84 0
1982 176 0
1983 193 1
1984 184 1
1985 23 1
1986 177 0
1987 35 1
1988 545 0
1989 283 1
1990 524 1
1991 346 1
1992 304 0
1993 408 0
1994 134 0
1995 209 0
1996 311 1
1997 57 1
1998 8 1
1999 291 1
2000 65 1
2001 347 1
2002 323 1
2003 391 1
2004 204 1
2005 30 0
2006 71 0
2007 256 1
2008 506 1
2009 541 0
2010 328 0
2011 115 1
2012 74 0
2013 94 1
2014 0 0
2015 461 1
2016 277 0
2017 431 1
2018 220 0
2019 499 1
2020 526 1
2021 59 0
2022 483 0
2023 487 1
2024 495 1
2025 113 1
2026 200 1
2027 492 1
2028 41 1
2029 543 0
2030 2 0
2031 231 1
2032 295 1
2033 456 0
2034 515 1
2035 392 1
2036 516 1
2037 545 1
2038 344 1
2039 472 1
2040 482 1
2041 146 0
2042 454 0
2043 533 0
2044 255 1
2045 536 1
2046 16 1
2047 51 1
2048 460 1
2049 279 0
2050 8 1
2051 437 1
2052 153 0
2053 7 1
2054 436 0
2055 367 1
2056 157 1
2057 83 0
2058 181 0
2059 12 0
2060 114 1
2061 146 0
2062 346 0
2063 442 1
2064 344 1
2065 264 0
2066 361 1
2067 454 0
2068 167 0
2069 42 1
2070 517 0
2071 4 1
2072 499 0
2073 254 0
2074 157 0
2075 23 1
2076 331 1
2077 463 1
2078 6 1
2079 514 1
2080 48 1
2081 218 1
2082 448 1
2083 501 0
2084 101 0
2085 187 0
2086 530 0
2087 323 1
2088 279 1
2089 132 0
2090 360 1
2091 284 0
2092 449 0
2093 336 1
2094 74 1
2095 383 1
2096 50 1
2097 109 0
2098 241 0
2099 82 0
2100 246 1
2101 53 1
2102 524 1
2103 228 1
2104 469 1
2105 332 1
2106 92 1
2107 426 0
2108 332 1
2109 28 1
2110 96 1
2111 106 1
2112 528 1
2113 222 1
2114 465 1
2115 204 1
2116 151 1
2117 518 1
2118 148 1
2119 24 1
2120 136 0
2121 353 1
2122 425 1
2123 286 1
2124 88 1
2125 195 1
2126 178 1
2127 455 1
2128 156 1
2129 506 1
2130 11 0
2131 300 1
2132 482 1
2133 415 1
2134 48 0
2135 216 1
2136 248 1
2137 414 0
2138 380 1
2139 462 0
2140 529 1
2141 229 0
