914
1 610 0
2 187 0
3 547 0
4 48 0
5 325 1
6 31 0
7 223 0
8 22 0
9 234 0
10 388 1
11 8 0
12 141 0
13 566 1
14 463 1
15 487 1
16 270 1
17 102 1
18 543 1
19 520 0
20 286 1
21 9 0
22 227 0
23 193 0
24 200 0
25 570 1
26 334 1
27 548 1
28 261 1
29 50 1
30 481 0
31 333 1
32 411 0
33 341 1
34 345 1
35 65 0
36 99 1
37 81 1
38 51 1
39 320 0
40 446 0
41 456 0
42 602 0
43 516 1
44 155 0
45 235 1
46 492 0
47 36 1
48 136 0
49 378 1
50 371 1
51 118 1
52 262 1
53 57 0
54 218 0
55 180 1
56 272 0
57 92 0
58 289 0
59 257 1
60 563 1
61 213 1
62 193 1
63 479 1
64 371 0
65 427 0
66 304 0
67 345 1
68 5 1
69 11 1
70 524 0
71 147 0
72 89 0
73 191 0
74 108 1
75 83 1
76 201 1
77 119 0
78 289 1
79 339 1
80 587 0
81 52 0
82 572 0
83 590 1
84 544 1
85 544 1
86 538 1
87 512 1
88 63 0
89 265 1
90 412 0
91 587 1
92 388 1
93 11 0
94 565 0
95 115 1
96 505 1
97 565 0
98 308 1
99 303 1
100 405 1
101 568 1
102 187 1
103 218 1
104 304 0
105 166 1
106 576 1
107 333 0
108 108 1
109 291 1
110 83 1
111 347 1
112 317 1
113 186 0
114 587 1
115 610 1
116 470 1
117 584 1
118 39 1
119 40 0
120 419 1
121 192 1
122 219 1
123 608 1
124 130 1
125 262 1
126 565 1
127 546 1
128 41 0
129 512 0
130 354 0
131 269 1
132 208 1
133 2 0
134 177 1
135 464 0
136 120 1
137 239 0
138 442 1
139 539 1
140 395 1
141 46 0
142 542 1
143 363 1
144 101 1
145 472 1
146 33 1
147 540 0
148 115 1
149 362 1
150 456 0
151 20 1
152 258 1
153 175 0
154 240 1
155 534 0
156 164 0
157 244 1
158 561 1
159 422 1
160 131 1
161 249 1
162 156 0
163 151 0
164 463 0
165 308 1
166 115 1
167 143 0
168 204 1
169 206 0
170 166 1
171 340 0
172 581 0
173 169 1
174 452 1
175 324 1
176 134 1
177 9 1
178 367 1
179 434 0
180 545 1
181 398 0
182 74 0
183 165 1
184 604 1
185 595 1
186 244 0
187 233 1
188 296 1
189 487 1
190 382 0
191 592 0
192 517 1
193 67 1
194 505 1
195 362 1
196 375 1
197 358 0
198 434 1
199 601 1
200 156 1
201 457 1
202 168 1
203 486 0
204 480 1
205 344 1
206 433 0
207 512 1
208 186 1
209 354 1
210 213 0
211 390 0
212 125 1
213 298 0
214 49 1
215 245 0
216 4 0
217 477 0
218 40 0
219 380 1
220 585 1
221 516 0
222 309 1
223 488 1
224 127 1
225 320 1
226 206 1
227 189 0
228 235 1
229 278 1
230 519 0
231 233 1
232 486 1
233 311 1
234 194 1
235 308 0
236 63 0
237 317 0
238 372 1
239 1 0
240 295 1
241 100 1
242 419 1
243 93 0
244 520 1
245 71 1
246 156 1
247 82 0
248 20 0
249 429 1
250 344 0
251 126 0
252 81 1
253 41 1
254 381 1
255 213 0
256 363 1
257 438 0
258 346 0
259 569 1
260 164 1
261 554 1
262 562 1
263 222 1
264 162 1
265 56 0
266 37 1
267 46 0
268 370 0
269 444 0
270 1 0
271 559 1
272 586 1
273 151 1
274 50 1
275 447 0
276 493 0
277 278 1
278 29 1
279 285 1
280 412 0
281 442 1
282 268 1
283 441 1
284 448 1
285 521 0
286 547 1
287 558 1
288 471 1
289 230 0
290 77 1
291 607 1
292 198 1
293 274 1
294 33 0
295 163 1
296 34 1
297 156 1
298 353 0
299 73 1
300 486 0
301 511 1
302 67 1
303 331 1
304 298 1
305 319 1
306 370 1
307 206 0
308 331 1
309 411 1
310 173 1
311 71 1
312 439 0
313 253 0
314 440 0
315 242 0
316 53 1
317 124 0
318 214 1
319 531 1
320 148 1
321 148 0
322 297 1
323 90 1
324 579 0
325 253 1
326 336 0
327 219 1
328 295 0
329 88 1
330 543 0
331 310 0
332 88 1
333 461 1
334 21 1
335 75 1
336 362 0
337 303 1
338 450 0
339 64 1
340 26 1
341 430 0
342 514 1
343 398 1
344 254 0
345 193 1
346 561 0
347 42 1
348 69 0
349 341 1
350 143 0
351 3 1
352 512 1
353 425 1
354 443 1
355 27 1
356 551 1
357 92 1
358 367 1
359 522 1
360 108 1
361 551 1
362 350 0
363 96 1
364 357 1
365 381 1
366 597 1
367 139 1
368 562 1
369 107 1
370 314 1
371 251 0
372 464 1
373 578 1
374 93 0
375 585 1
376 336 0
377 131 1
378 378 1
379 366 0
380 280 1
381 369 0
382 392 1
383 23 1
384 460 1
385 608 0
386 10 0
387 287 0
388 462 1
389 566 1
390 486 1
391 500 1
392 195 1
393 28 1
394 603 1
395 570 1
396 274 1
397 410 0
398 579 0
399 268 1
400 308 1
401 462 0
402 255 1
403 53 0
404 135 0
405 404 0
406 418 0
407 91 1
408 185 0
409 447 0
410 386 0
411 192 1
412 348 0
413 586 1
414 168 1
415 131 0
416 251 1
417 539 1
418 474 1
419 484 1
420 471 1
421 490 1
422 441 0
423 22 1
424 89 1
425 547 1
426 7 1
427 395 0
428 602 1
429 543 1
430 355 0
431 250 0
432 399 1
433 501 0
434 29 0
435 3 1
436 521 1
437 521 1
438 335 1
439 237 1
440 274 1
441 159 0
442 172 0
443 381 1
444 55 0
445 548 1
446 247 1
447 277 0
448 364 1
449 41 0
450 411 1
451 26 1
452 282 1
453 544 1
454 351 0
455 430 0
456 214 1
457 39 1
458 148 1
459 292 1
460 477 1
461 487 1
462 414 0
463 504 0
464 191 0
465 304 1
466 333 1
467 55 1
468 137 0
469 10 1
470 29 1
471 374 1
472 34 1
473 501 1
474 450 0
475 259 0
476 153 1
477 300 0
478 158 1
479 478 0
480 609 1
481 84 0
482 244 1
483 335 0
484 611 1
485 130 1
486 529 0
487 271 1
488 50 1
489 135 0
490 569 1
491 76 1
492 400 0
493 65 1
494 441 1
495 40 1
496 457 1
497 29 1
498 7 0
499 343 1
500 581 0
501 34 1
502 238 1
503 323 0
504 81 0
505 533 1
506 112 0
507 148 1
508 118 1
509 74 0
510 501 1
511 257 0
512 594 1
513 180 0
514 523 1
515 608 1
516 257 1
517 124 1
518 80 1
519 44 1
520 293 0
521 72 1
522 319 1
523 49 1
524 179 1
525 128 1
526 110 0
527 159 1
528 417 1
529 566 1
530 123 0
531 565 1
532 338 1
533 136 0
534 524 1
535 324 0
536 502 0
537 354 1
538 362 1
539 519 1
540 271 1
541 481 0
542 294 1
543 89 0
544 241 1
545 171 0
546 351 1
547 5 0
548 74 0
549 239 0
550 193 1
551 548 1
552 93 1
553 166 0
554 310 1
555 256 1
556 465 1
557 578 0
558 154 0
559 602 0
560 100 1
561 20 0
562 159 1
563 400 1
564 38 0
565 576 1
566 335 0
567 59 1
568 64 1
569 15 0
570 527 1
571 88 0
572 269 1
573 272 0
574 110 1
575 563 0
576 168 0
577 533 1
578 352 0
579 305 0
580 93 1
581 237 1
582 42 1
583 473 1
584 266 1
585 225 1
586 504 0
587 434 1
588 239 0
589 328 0
590 100 1
591 432 0
592 606 1
593 340 1
594 419 1
595 352 1
596 175 1
597 73 1
598 147 0
599 68 1
600 294 1
601 595 1
602 478 0
603 219 1
604 383 0
605 327 1
606 571 1
607 12 0
608 246 1
609 528 1
610 130 0
611 438 1
612 119 1
613 267 1
614 317 1
615 551 1
616 500 1
617 58 1
618 211 1
619 343 0
620 441 1
621 338 1
622 563 1
623 99 1
624 575 0
625 250 0
626 156 0
627 271 1
628 331 0
629 413 1
630 133 0
631 520 1
632 147 0
633 259 1
634 599 1
635 213 1
636 278 1
637 574 1
638 162 1
639 426 0
640 560 0
641 91 1
642 497 1
643 124 1
644 161 1
645 253 1
646 23 0
647 60 0
648 483 0
649 401 0
650 55 1
651 159 0
652 554 1
653 434 0
654 54 0
655 102 1
656 56 1
657 464 0
658 428 1
659 30 1
660 258 1
661 17 0
662 188 1
663 452 1
664 141 0
665 401 0
666 116 0
667 273 1
668 554 0
669 35 0
670 215 1
671 356 0
672 203 1
673 85 1
674 56 1
675 225 0
676 142 1
677 468 0
678 64 1
679 261 1
680 294 1
681 274 0
682 484 1
683 341 1
684 515 1
685 39 1
686 386 0
687 262 1
688 475 1
689 353 1
690 335 1
691 107 1
692 81 1
693 68 1
694 144 0
695 350 0
696 253 1
697 236 1
698 432 1
699 167 1
700 215 1
701 325 1
702 602 1
703 323 1
704 196 1
705 258 0
706 514 1
707 141 1
708 200 1
709 0 0
710 284 1
711 170 1
712 107 1
713 406 1
714 117 1
715 134 1
716 168 1
717 65 1
718 180 0
719 497 1
720 196 1
721 39 0
722 380 0
723 566 0
724 135 1
725 185 1
726 50 1
727 88 1
728 506 0
729 569 1
730 327 1
731 571 1
732 295 1
733 399 1
734 157 1
735 111 1
736 299 1
737 325 0
738 560 0
739 519 1
740 106 1
741 246 0
742 320 0
743 186 1
744 88 0
745 582 0
746 590 1
747 43 1
748 438 1
749 9 1
750 598 1
751 210 0
752 16 1
753 224 1
754 74 1
755 531 0
756 224 0
757 81 0
758 371 1
759 503 0
760 154 1
761 490 1
762 274 0
763 279 1
764 236 1
765 441 1
766 281 1
767 508 1
768 318 1
769 261 1
770 125 1
771 317 0
772 89 1
773 510 1
774 410 1
775 51 1
776 134 1
777 442 1
778 336 1
779 253 0
780 269 1
781 55 0
782 477 1
783 108 1
784 429 0
785 448 1
786 166 1
787 519 0
788 424 1
789 104 1
790 206 0
791 532 0
792 442 1
793 493 1
794 215 0
795 482 0
796 89 1
797 295 1
798 234 1
799 138 1
800 390 1
801 349 1
802 611 1
803 200 0
804 546 1
805 391 0
806 77 0
807 225 0
808 417 1
809 557 0
810 112 0
811 376 1
812 97 0
813 156 0
814 208 1
815 254 1
816 268 1
817 414 1
818 476 1
819 563 1
820 536 1
821 294 1
822 397 0
823 520 1
824 369 0
825 222 1
826 508 1
827 71 1
828 531 1
829 325 1
830 393 1
831 469 1
832 187 1
833 61 0
834 18 1
835 205 0
836 99 1
837 427 1
838 151 1
839 571 1
840 544 1
841 263 0
842 524 1
843 307 1
844 306 1
845 314 1
846 344 0
847 9 0
848 187 1
849 327 0
850 566 0
851 504 1
852 165 1
853 422 1
854 527 0
855 581 1
856 306 1
857 32 0
858 311 1
859 534 1
860 232 1
861 448 0
862 152 1
863 112 1
864 399 1
865 417 1
866 233 1
867 23 0
868 500 1
869 458 1
870 570 1
871 7 1
872 532 1
873 356 1
874 251 0
875 592 1
876 387 1
877 191 1
878 146 1
879 139 1
880 4 1
881 516 1
882 609 0
883 379 1
884 245 1
885 45 1
886 525 0
887 340 1
888 448 1
889 421 1
890 107 1
891 314 1
892 575 1
893 166 1
894 553 1
895 399 1
896 606 1
897 538 0
898 587 1
899 106 0
900 275 0
901 167 0
902 560 0
903 506 1
904 336 1
905 227 0
906 462 1
907 198 1
908 50 1
909 406 1
910 542 1
911 421 0
912 113 1
913 273 1
914 397 0
