6155
1 736 1
2 563 1
3 851 1
4 820 0
5 67 0
6 293 1
7 575 0
8 422 1
9 274 1
10 176 0
11 294 1
12 319 1
13 710 0
14 285 0
15 813 1
16 216 0
17 652 1
18 185 1
19 712 1
20 824 1
21 197 1
22 793 1
23 153 1
24 878 0
25 314 0
26 534 1
27 706 1
28 413 1
29 632 0
30 755 1
31 741 1
32 157 0
33 273 0
34 739 0
35 815 1
36 21 1
37 257 1
38 307 1
39 552 0
40 306 1
41 496 1
42 944 1
43 482 0
44 461 0
45 843 0
46 668 0
47 30 1
48 554 1
49 636 0
50 757 0
51 168 0
52 40 1
53 381 0
54 304 0
55 734 1
56 56 1
57 238 0
58 275 1
59 879 1
60 889 1
61 475 1
62 883 1
63 905 1
64 277 0
65 41 1
66 302 1
67 335 0
68 369 0
69 157 1
70 172 1
71 71 1
72 911 1
73 697 0
74 764 0
75 711 1
76 195 1
77 521 1
78 213 1
79 771 0
80 543 1
81 314 1
82 756 1
83 656 1
84 834 0
85 320 1
86 228 0
87 22 0
88 169 0
89 167 1
90 138 1
91 163 1
92 586 0
93 613 1
94 899 1
95 345 1
96 305 0
97 811 1
98 776 1
99 29 1
100 123 1
101 458 1
102 475 1
103 278 0
104 668 1
105 100 1
106 792 1
107 341 0
108 682 1
109 21 0
110 447 1
111 601 0
112 493 1
113 336 0
114 455 0
115 456 0
116 184 1
117 664 1
118 597 1
119 772 1
120 857 1
121 594 1
122 869 1
123 870 1
124 678 1
125 30 1
126 45 0
127 400 1
128 565 0
129 64 1
130 570 0
131 387 1
132 902 1
133 882 1
134 517 1
135 608 1
136 368 0
137 865 0
138 926 0
139 631 1
140 469 1
141 572 1
142 760 1
143 521 0
144 763 1
145 188 1
146 839 0
147 876 0
148 149 1
149 138 1
150 308 1
151 562 1
152 56 1
153 701 0
154 740 1
155 430 1
156 782 0
157 512 0
158 83 1
159 444 0
160 407 1
161 701 1
162 676 0
163 565 1
164 911 1
165 14 1
166 503 0
167 683 0
168 260 0
169 64 0
170 294 0
171 52 0
172 285 1
173 195 1
174 386 0
175 682 1
176 60 1
177 829 0
178 271 1
179 350 1
180 885 0
181 244 0
182 142 1
183 469 1
184 834 1
185 191 1
186 496 0
187 727 0
188 808 1
189 617 1
190 616 0
191 776 0
192 259 1
193 201 1
194 575 1
195 500 0
196 383 1
197 690 1
198 194 0
199 663 0
200 482 0
201 945 1
202 832 0
203 548 1
204 702 1
205 410 0
206 307 0
207 518 0
208 634 0
209 564 1
210 739 0
211 512 0
212 597 0
213 436 0
214 471 1
215 607 1
216 476 1
217 719 1
218 120 0
219 524 0
220 275 1
221 664 1
222 909 1
223 616 1
224 423 1
225 330 0
226 86 0
227 127 1
228 153 1
229 528 0
230 185 1
231 99 0
232 530 1
233 225 1
234 608 1
235 262 1
236 471 1
237 933 1
238 630 1
239 501 1
240 571 1
241 58 1
242 727 1
243 129 1
244 216 1
245 27 1
246 582 0
247 530 1
248 148 0
249 551 1
250 292 1
251 162 1
252 261 1
253 933 1
254 221 1
255 733 1
256 373 1
257 238 1
258 444 1
259 503 1
260 760 1
261 796 0
262 806 1
263 296 0
264 604 0
265 498 1
266 449 1
267 182 1
268 278 1
269 390 0
270 391 0
271 759 1
272 170 1
273 121 1
274 834 1
275 63 1
276 623 1
277 512 1
278 441 1
279 225 1
280 444 1
281 464 1
282 852 1
283 393 1
284 550 1
285 151 1
286 163 1
287 228 1
288 165 1
289 2 1
290 707 0
291 435 1
292 392 1
293 602 0
294 543 1
295 401 1
296 74 0
297 670 1
298 299 1
299 579 1
300 102 1
301 579 1
302 843 0
303 599 1
304 624 0
305 795 1
306 134 1
307 504 0
308 699 0
309 561 1
310 457 0
311 73 0
312 615 0
313 925 1
314 62 1
315 552 0
316 757 0
317 430 1
318 194 1
319 451 1
320 152 1
321 938 0
322 53 0
323 14 1
324 125 1
325 783 1
326 326 1
327 847 1
328 121 1
329 378 1
330 853 0
331 82 1
332 318 1
333 787 0
334 63 1
335 119 0
336 60 1
337 649 0
338 342 0
339 866 1
340 706 1
341 784 1
342 348 0
343 762 1
344 34 0
345 387 1
346 593 1
347 340 1
348 449 1
349 479 0
350 207 1
351 195 1
352 444 0
353 115 1
354 29 1
355 41 1
356 207 1
357 556 1
358 299 1
359 758 0
360 34 0
361 689 1
362 136 1
363 594 0
364 945 1
365 831 1
366 193 1
367 889 0
368 658 1
369 211 0
370 774 1
371 477 0
372 812 0
373 324 0
374 193 1
375 913 1
376 750 1
377 589 1
378 474 1
379 260 1
380 512 0
381 149 1
382 906 1
383 131 0
384 150 1
385 94 0
386 64 1
387 693 0
388 392 1
389 776 0
390 622 1
391 280 1
392 867 1
393 780 1
394 575 1
395 604 1
396 654 0
397 582 1
398 313 1
399 20 1
400 524 1
401 176 1
402 153 1
403 253 1
404 409 1
405 598 0
406 560 0
407 245 1
408 537 1
409 611 0
410 854 1
411 722 0
412 224 1
413 910 0
414 540 1
415 55 1
416 513 1
417 175 1
418 568 1
419 0 1
420 245 1
421 796 1
422 265 1
423 754 0
424 175 1
425 437 0
426 157 1
427 379 0
428 306 1
429 653 0
430 741 1
431 166 1
432 407 0
433 29 1
434 503 1
435 475 0
436 361 1
437 75 1
438 155 1
439 217 1
440 38 1
441 147 1
442 602 1
443 45 0
444 337 1
445 10 1
446 195 0
447 175 0
448 518 1
449 101 0
450 913 1
451 292 0
452 370 1
453 690 1
454 931 1
455 856 1
456 350 1
457 633 1
458 732 1
459 382 1
460 845 0
461 937 1
462 568 0
463 166 0
464 105 1
465 630 0
466 311 1
467 815 1
468 77 1
469 262 1
470 255 0
471 766 1
472 378 1
473 345 0
474 334 0
475 23 1
476 587 0
477 62 0
478 860 0
479 764 0
480 229 1
481 506 0
482 838 1
483 277 1
484 669 1
485 712 1
486 179 1
487 583 0
488 454 1
489 723 1
490 857 1
491 756 1
492 494 1
493 707 1
494 781 0
495 842 0
496 441 0
497 339 0
498 245 1
499 37 1
500 889 1
501 892 1
502 70 0
503 415 0
504 659 0
505 781 0
506 672 1
507 122 1
508 878 1
509 776 1
510 823 1
511 511 1
512 542 0
513 120 1
514 255 1
515 756 0
516 641 1
517 736 1
518 700 1
519 24 0
520 397 0
521 718 1
522 865 1
523 757 1
524 193 1
525 32 1
526 48 0
527 803 0
528 863 1
529 166 1
530 815 1
531 785 1
532 148 1
533 10 1
534 780 1
535 730 1
536 308 1
537 768 0
538 812 0
539 759 0
540 635 0
541 809 1
542 124 1
543 475 1
544 379 1
545 627 1
546 87 0
547 493 1
548 776 0
549 551 1
550 271 1
551 310 0
552 307 0
553 542 1
554 860 1
555 912 0
556 615 0
557 434 1
558 496 1
559 248 1
560 606 1
561 858 1
562 131 1
563 662 0
564 642 1
565 40 0
566 71 1
567 15 1
568 218 0
569 19 0
570 115 1
571 150 1
572 495 1
573 938 1
574 548 1
575 389 1
576 584 1
577 635 0
578 174 1
579 145 0
580 87 1
581 931 0
582 270 1
583 685 0
584 26 0
585 89 1
586 158 0
587 606 0
588 557 1
589 166 1
590 306 0
591 102 0
592 324 1
593 128 1
594 557 0
595 516 0
596 193 1
597 271 1
598 237 0
599 420 0
600 448 0
601 405 1
602 482 1
603 47 0
604 397 0
605 933 1
606 237 1
607 382 0
608 296 0
609 262 1
610 252 1
611 286 1
612 69 1
613 377 1
614 301 0
615 303 1
616 94 1
617 144 1
618 507 0
619 403 1
620 553 1
621 396 0
622 895 1
623 821 1
624 77 0
625 152 0
626 650 1
627 509 0
628 463 1
629 759 1
630 471 1
631 302 0
632 559 1
633 875 1
634 105 0
635 759 0
636 872 1
637 918 0
638 722 1
639 120 1
640 664 1
641 863 0
642 179 0
643 556 0
644 101 1
645 461 0
646 901 0
647 606 1
648 677 1
649 369 0
650 337 1
651 229 0
652 392 1
653 818 0
654 728 0
655 702 1
656 678 0
657 284 1
658 780 1
659 288 1
660 678 1
661 923 1
662 34 1
663 202 1
664 587 1
665 281 0
666 488 1
667 655 0
668 446 1
669 783 1
670 253 1
671 144 1
672 893 1
673 577 1
674 56 1
675 811 1
676 136 1
677 156 1
678 840 0
679 615 1
680 398 1
681 194 1
682 196 1
683 555 1
684 165 1
685 73 1
686 666 1
687 138 0
688 379 1
689 809 1
690 369 1
691 905 1
692 251 1
693 410 0
694 208 0
695 626 1
696 711 1
697 546 1
698 458 1
699 751 1
700 283 1
701 775 1
702 96 1
703 85 1
704 418 1
705 646 1
706 356 1
707 761 1
708 454 1
709 486 1
710 720 1
711 322 1
712 455 0
713 860 1
714 493 1
715 324 1
716 544 1
717 247 1
718 536 1
719 851 0
720 694 1
721 263 1
722 890 0
723 446 1
724 719 1
725 795 1
726 568 0
727 446 0
728 508 0
729 725 1
730 759 1
731 33 1
732 671 0
733 467 0
734 81 0
735 3 1
736 657 1
737 615 0
738 494 1
739 733 0
740 782 0
741 228 1
742 488 0
743 216 1
744 768 1
745 520 1
746 512 1
747 407 1
748 568 0
749 233 1
750 34 1
751 214 0
752 918 1
753 80 1
754 678 1
755 467 1
756 450 0
757 387 1
758 157 1
759 457 1
760 66 1
761 708 0
762 318 0
763 551 0
764 778 1
765 59 1
766 755 1
767 558 0
768 570 1
769 247 1
770 241 0
771 285 1
772 877 1
773 832 1
774 744 0
775 481 1
776 108 1
777 858 0
778 148 1
779 781 1
780 35 1
781 527 1
782 581 1
783 306 1
784 247 0
785 242 0
786 470 0
787 381 1
788 934 1
789 490 0
790 610 1
791 66 1
792 684 1
793 613 1
794 855 1
795 280 1
796 77 1
797 469 1
798 416 1
799 864 1
800 532 1
801 619 0
802 421 0
803 458 1
804 56 1
805 611 1
806 177 1
807 853 1
808 123 1
809 481 1
810 702 0
811 656 1
812 91 1
813 492 0
814 424 1
815 904 1
816 570 1
817 746 0
818 780 0
819 189 1
820 410 1
821 24 1
822 945 1
823 502 1
824 865 0
825 154 1
826 0 1
827 455 1
828 725 0
829 599 0
830 145 1
831 627 0
832 337 1
833 229 0
834 154 1
835 475 1
836 687 1
837 885 0
838 845 1
839 543 0
840 892 1
841 175 1
842 30 1
843 719 1
844 100 1
845 426 0
846 398 0
847 695 1
848 3 1
849 375 1
850 130 1
851 190 1
852 819 1
853 292 0
854 305 1
855 5 1
856 54 1
857 612 1
858 279 0
859 574 1
860 492 0
861 92 1
862 576 1
863 828 1
864 499 1
865 471 0
866 843 1
867 649 1
868 524 1
869 902 1
870 298 1
871 549 1
872 822 1
873 172 1
874 335 1
875 2 1
876 535 1
877 239 0
878 616 1
879 479 0
880 114 1
881 2 1
882 133 1
883 195 1
884 381 1
885 9 0
886 793 1
887 766 0
888 242 1
889 293 1
890 207 0
891 872 0
892 805 1
893 376 1
894 701 0
895 113 1
896 328 1
897 294 1
898 235 0
899 322 0
900 109 1
901 763 0
902 358 1
903 360 1
904 44 1
905 645 1
906 418 0
907 728 0
908 884 0
909 486 0
910 748 1
911 243 1
912 863 1
913 61 0
914 495 0
915 502 0
916 182 1
917 295 1
918 372 0
919 608 1
920 777 1
921 668 0
922 80 1
923 260 0
924 342 0
925 659 1
926 549 1
927 690 1
928 908 1
929 353 1
930 602 0
931 530 1
932 909 1
933 113 1
934 683 0
935 486 1
936 497 1
937 498 1
938 126 1
939 330 1
940 707 0
941 81 0
942 414 0
943 511 1
944 44 1
945 302 1
946 507 1
947 219 1
948 860 0
949 274 0
950 255 1
951 166 1
952 436 1
953 798 1
954 890 1
955 765 0
956 906 1
957 696 1
958 140 1
959 484 1
960 593 0
961 565 1
962 142 0
963 94 1
964 318 0
965 388 0
966 597 1
967 794 0
968 686 0
969 384 1
970 828 1
971 484 0
972 783 1
973 216 0
974 910 1
975 842 1
976 276 1
977 447 0
978 713 0
979 888 1
980 377 1
981 126 1
982 618 0
983 796 1
984 620 0
985 191 0
986 437 1
987 79 1
988 644 0
989 666 0
990 731 1
991 901 1
992 757 1
993 893 1
994 943 0
995 757 1
996 900 1
997 137 1
998 858 0
999 133 1
1000 221 1
1001 769 0
1002 467 1
1003 400 1
1004 879 0
1005 509 1
1006 416 1
1007 459 0
1008 600 1
1009 899 0
1010 29 1
1011 439 1
1012 648 1
1013 24 1
1014 297 0
1015 826 0
1016 215 1
1017 644 1
1018 287 1
1019 582 0
1020 633 0
1021 884 1
1022 77 0
1023 745 0
1024 271 1
1025 742 1
1026 197 0
1027 698 0
1028 812 1
1029 873 1
1030 613 0
1031 416 1
1032 872 1
1033 298 0
1034 894 0
1035 433 1
1036 228 1
1037 419 0
1038 236 0
1039 717 0
1040 386 0
1041 275 1
1042 750 1
1043 897 1
1044 217 1
1045 514 1
1046 100 1
1047 180 1
1048 780 0
1049 239 0
1050 562 1
1051 777 1
1052 511 1
1053 150 0
1054 204 1
1055 722 1
1056 170 1
1057 907 1
1058 493 1
1059 58 1
1060 205 1
1061 743 0
1062 26 0
1063 66 1
1064 871 1
1065 56 0
1066 180 1
1067 65 1
1068 818 1
1069 227 0
1070 552 0
1071 400 0
1072 735 1
1073 430 0
1074 688 0
1075 196 1
1076 795 1
1077 933 1
1078 917 1
1079 149 1
1080 506 1
1081 797 1
1082 507 1
1083 166 1
1084 813 1
1085 190 1
1086 130 1
1087 195 1
1088 420 1
1089 617 1
1090 581 0
1091 790 1
1092 806 1
1093 720 1
1094 298 1
1095 142 1
1096 809 1
1097 279 1
1098 591 1
1099 484 0
1100 572 1
1101 877 1
1102 732 1
1103 357 1
1104 219 0
1105 104 1
1106 575 1
1107 19 1
1108 460 0
1109 681 1
1110 398 1
1111 85 1
1112 20 0
1113 366 0
1114 278 1
1115 803 1
1116 46 1
1117 76 1
1118 328 1
1119 719 0
1120 875 1
1121 135 1
1122 506 1
1123 407 1
1124 629 1
1125 246 1
1126 169 0
1127 76 0
1128 165 0
1129 800 0
1130 494 0
1131 496 1
1132 179 1
1133 107 1
1134 739 1
1135 788 1
1136 172 1
1137 640 1
1138 546 1
1139 166 0
1140 925 1
1141 724 1
1142 478 0
1143 337 1
1144 711 1
1145 289 1
1146 316 0
1147 534 1
1148 146 1
1149 736 1
1150 936 1
1151 76 1
1152 289 1
1153 308 1
1154 552 1
1155 533 1
1156 620 0
1157 147 0
1158 847 1
1159 264 0
1160 143 1
1161 606 0
1162 807 1
1163 688 1
1164 304 1
1165 360 1
1166 790 0
1167 870 0
1168 621 0
1169 438 1
1170 440 1
1171 227 0
1172 71 1
1173 682 0
1174 327 1
1175 53 1
1176 22 0
1177 398 1
1178 322 1
1179 570 0
1180 353 1
1181 389 1
1182 835 0
1183 65 0
1184 694 0
1185 885 1
1186 263 1
1187 718 0
1188 9 1
1189 41 1
1190 188 1
1191 274 1
1192 221 0
1193 773 1
1194 547 0
1195 639 0
1196 796 1
1197 831 1
1198 544 1
1199 397 1
1200 188 0
1201 216 1
1202 237 1
1203 786 1
1204 442 0
1205 316 1
1206 389 1
1207 575 1
1208 317 1
1209 622 0
1210 268 1
1211 286 0
1212 812 1
1213 271 0
1214 802 0
1215 437 1
1216 738 0
1217 496 1
1218 375 0
1219 9 0
1220 365 1
1221 916 1
1222 916 1
1223 833 0
1224 149 0
1225 353 1
1226 559 1
1227 3 1
1228 544 0
1229 303 0
1230 410 1
1231 180 1
1232 862 1
1233 912 1
1234 215 0
1235 577 1
1236 35 1
1237 123 0
1238 294 1
1239 440 0
1240 253 1
1241 595 1
1242 220 1
1243 705 1
1244 341 1
1245 900 1
1246 272 1
1247 689 1
1248 278 0
1249 480 1
1250 99 0
1251 808 1
1252 807 1
1253 288 1
1254 409 0
1255 334 1
1256 44 1
1257 943 1
1258 316 0
1259 498 1
1260 499 1
1261 198 1
1262 54 1
1263 14 1
1264 64 0
1265 294 0
1266 754 1
1267 713 0
1268 555 1
1269 506 1
1270 252 0
1271 414 1
1272 557 0
1273 296 1
1274 848 1
1275 54 1
1276 34 0
1277 641 0
1278 873 1
1279 834 1
1280 617 1
1281 569 0
1282 72 0
1283 776 0
1284 806 1
1285 379 1
1286 910 0
1287 143 1
1288 939 1
1289 183 0
1290 701 1
1291 31 1
1292 223 1
1293 291 1
1294 795 1
1295 556 0
1296 362 1
1297 360 1
1298 930 1
1299 796 0
1300 260 1
1301 636 0
1302 758 1
1303 480 1
1304 687 1
1305 381 1
1306 369 1
1307 646 0
1308 552 1
1309 891 1
1310 172 1
1311 601 0
1312 148 0
1313 703 0
1314 886 0
1315 656 0
1316 518 1
1317 839 1
1318 861 1
1319 815 0
1320 239 1
1321 513 1
1322 130 1
1323 402 0
1324 206 1
1325 817 1
1326 316 0
1327 380 1
1328 223 1
1329 331 0
1330 426 0
1331 778 0
1332 123 1
1333 742 1
1334 513 0
1335 108 1
1336 330 1
1337 148 1
1338 570 1
1339 877 1
1340 632 1
1341 888 1
1342 9 0
1343 202 1
1344 194 1
1345 810 1
1346 575 1
1347 766 1
1348 102 1
1349 470 1
1350 642 1
1351 422 0
1352 669 0
1353 486 0
1354 590 0
1355 803 0
1356 634 0
1357 279 1
1358 801 1
1359 344 0
1360 749 1
1361 818 0
1362 850 0
1363 545 1
1364 669 0
1365 357 1
1366 116 1
1367 391 1
1368 818 1
1369 812 1
1370 763 1
1371 739 1
1372 202 1
1373 563 1
1374 22 0
1375 522 1
1376 169 1
1377 617 0
1378 501 1
1379 494 0
1380 700 0
1381 590 1
1382 419 1
1383 390 0
1384 382 0
1385 754 0
1386 660 0
1387 385 0
1388 767 1
1389 654 0
1390 909 1
1391 82 0
1392 359 1
1393 353 1
1394 384 1
1395 819 1
1396 753 0
1397 689 0
1398 234 1
1399 252 1
1400 803 1
1401 549 1
1402 755 1
1403 434 1
1404 670 0
1405 834 0
1406 107 1
1407 233 1
1408 138 0
1409 794 1
1410 223 1
1411 661 1
1412 600 1
1413 671 0
1414 5 1
1415 918 1
1416 185 1
1417 114 1
1418 244 1
1419 38 1
1420 425 1
1421 70 1
1422 577 1
1423 732 0
1424 358 1
1425 26 1
1426 36 1
1427 346 1
1428 560 1
1429 258 1
1430 196 0
1431 843 0
1432 486 1
1433 789 0
1434 560 1
1435 432 1
1436 488 0
1437 571 1
1438 540 1
1439 302 0
1440 671 1
1441 268 1
1442 485 1
1443 132 1
1444 153 0
1445 133 0
1446 89 1
1447 464 0
1448 42 1
1449 359 0
1450 868 1
1451 109 1
1452 82 1
1453 263 1
1454 505 1
1455 309 0
1456 629 0
1457 406 1
1458 925 1
1459 681 0
1460 398 1
1461 895 1
1462 845 1
1463 117 0
1464 188 1
1465 11 0
1466 736 0
1467 521 0
1468 534 1
1469 909 1
1470 818 0
1471 58 0
1472 583 0
1473 137 1
1474 471 0
1475 842 1
1476 422 1
1477 145 1
1478 672 1
1479 677 1
1480 206 1
1481 705 1
1482 809 1
1483 284 0
1484 532 1
1485 225 1
1486 934 0
1487 108 0
1488 481 1
1489 602 1
1490 533 0
1491 610 1
1492 758 0
1493 64 1
1494 485 1
1495 133 1
1496 484 1
1497 157 1
1498 852 0
1499 212 0
1500 156 0
1501 45 0
1502 188 0
1503 450 0
1504 134 1
1505 411 0
1506 338 1
1507 410 1
1508 299 1
1509 369 1
1510 4 1
1511 264 0
1512 808 0
1513 303 0
1514 64 1
1515 620 0
1516 421 0
1517 99 1
1518 820 1
1519 67 1
1520 389 1
1521 409 0
1522 22 1
1523 346 1
1524 81 1
1525 159 1
1526 685 1
1527 41 0
1528 47 1
1529 49 0
1530 62 0
1531 333 1
1532 124 1
1533 826 1
1534 716 1
1535 420 1
1536 160 1
1537 355 1
1538 436 0
1539 237 1
1540 885 0
1541 71 0
1542 289 1
1543 640 1
1544 605 1
1545 448 1
1546 148 1
1547 204 1
1548 682 0
1549 684 0
1550 712 0
1551 79 0
1552 41 1
1553 789 0
1554 605 0
1555 196 0
1556 892 0
1557 637 0
1558 794 0
1559 305 1
1560 756 1
1561 174 1
1562 737 1
1563 910 0
1564 196 1
1565 393 1
1566 540 1
1567 570 1
1568 376 1
1569 526 0
1570 908 0
1571 47 1
1572 724 1
1573 823 1
1574 751 0
1575 493 1
1576 405 1
1577 253 1
1578 779 0
1579 404 1
1580 599 1
1581 406 1
1582 58 0
1583 508 1
1584 592 1
1585 203 1
1586 278 0
1587 197 0
1588 670 1
1589 96 1
1590 671 1
1591 770 1
1592 44 0
1593 61 0
1594 28 1
1595 55 0
1596 730 1
1597 288 0
1598 640 1
1599 11 1
1600 86 0
1601 574 1
1602 880 1
1603 155 1
1604 314 1
1605 813 1
1606 309 0
1607 850 1
1608 448 1
1609 645 1
1610 164 0
1611 305 1
1612 895 1
1613 471 1
1614 857 1
1615 609 0
1616 846 1
1617 95 1
1618 211 1
1619 852 0
1620 916 1
1621 299 1
1622 144 0
1623 366 0
1624 848 1
1625 270 0
1626 499 1
1627 428 1
1628 902 0
1629 506 1
1630 851 1
1631 544 0
1632 822 1
1633 53 1
1634 624 0
1635 347 1
1636 412 1
1637 873 1
1638 849 0
1639 350 0
1640 93 1
1641 551 1
1642 249 1
1643 775 0
1644 401 1
1645 486 1
1646 240 0
1647 525 0
1648 457 0
1649 883 0
1650 271 0
1651 463 0
1652 930 1
1653 707 1
1654 418 1
1655 106 0
1656 465 1
1657 837 1
1658 425 1
1659 387 1
1660 737 1
1661 601 1
1662 691 0
1663 827 0
1664 493 1
1665 752 1
1666 783 1
1667 916 0
1668 660 1
1669 123 1
1670 523 1
1671 377 0
1672 621 1
1673 225 0
1674 670 1
1675 394 1
1676 8 1
1677 226 0
1678 910 1
1679 370 0
1680 605 1
1681 689 0
1682 447 1
1683 944 1
1684 125 1
1685 708 0
1686 350 1
1687 158 1
1688 822 1
1689 539 0
1690 464 0
1691 741 1
1692 717 1
1693 905 0
1694 808 1
1695 872 1
1696 241 1
1697 910 1
1698 63 1
1699 317 1
1700 763 0
1701 304 1
1702 633 1
1703 607 0
1704 314 0
1705 524 1
1706 603 1
1707 304 0
1708 755 1
1709 790 1
1710 62 1
1711 139 1
1712 120 0
1713 725 1
1714 480 1
1715 786 1
1716 590 0
1717 200 0
1718 342 0
1719 934 1
1720 476 1
1721 903 1
1722 300 0
1723 242 1
1724 939 0
1725 726 1
1726 270 0
1727 92 1
1728 438 0
1729 43 1
1730 382 1
1731 4 1
1732 708 1
1733 451 1
1734 214 1
1735 229 1
1736 686 1
1737 558 0
1738 861 0
1739 149 1
1740 88 1
1741 910 1
1742 263 0
1743 217 1
1744 342 1
1745 408 1
1746 558 1
1747 484 0
1748 765 1
1749 839 1
1750 163 0
1751 457 0
1752 42 1
1753 623 1
1754 71 1
1755 546 1
1756 435 0
1757 932 0
1758 36 1
1759 188 1
1760 878 1
1761 837 1
1762 211 0
1763 544 1
1764 99 0
1765 743 1
1766 293 1
1767 845 1
1768 472 0
1769 707 0
1770 82 0
1771 171 0
1772 286 0
1773 684 0
1774 94 0
1775 435 1
1776 937 1
1777 930 1
1778 435 0
1779 912 0
1780 434 0
1781 264 1
1782 432 1
1783 531 1
1784 153 1
1785 915 0
1786 748 1
1787 221 0
1788 297 0
1789 145 1
1790 566 1
1791 832 0
1792 374 1
1793 760 1
1794 134 1
1795 812 1
1796 224 1
1797 84 1
1798 708 1
1799 82 1
1800 110 1
1801 565 0
1802 872 1
1803 681 1
1804 213 0
1805 350 1
1806 874 1
1807 126 0
1808 787 0
1809 579 1
1810 401 1
1811 544 0
1812 44 1
1813 750 1
1814 712 1
1815 135 1
1816 353 1
1817 469 1
1818 274 0
1819 237 0
1820 764 1
1821 56 1
1822 558 1
1823 462 0
1824 802 1
1825 375 1
1826 9 0
1827 352 1
1828 749 0
1829 539 1
1830 457 0
1831 807 1
1832 163 1
1833 824 0
1834 269 0
1835 394 0
1836 437 1
1837 928 1
1838 366 0
1839 448 1
1840 8 0
1841 214 1
1842 944 0
1843 751 1
1844 457 1
1845 732 0
1846 754 1
1847 247 1
1848 391 1
1849 823 0
1850 240 1
1851 896 0
1852 455 1
1853 460 1
1854 110 1
1855 778 1
1856 254 0
1857 137 0
1858 347 1
1859 469 1
1860 701 1
1861 920 1
1862 316 0
1863 895 0
1864 346 1
1865 836 1
1866 778 1
1867 732 1
1868 718 0
1869 577 1
1870 624 1
1871 1 1
1872 189 1
1873 333 1
1874 495 0
1875 808 1
1876 791 1
1877 228 1
1878 738 1
1879 603 0
1880 683 1
1881 874 1
1882 333 0
1883 271 1
1884 375 1
1885 667 1
1886 45 0
1887 400 1
1888 275 0
1889 239 1
1890 324 1
1891 755 1
1892 352 1
1893 745 1
1894 894 0
1895 698 0
1896 363 1
1897 349 1
1898 74 1
1899 269 1
1900 936 1
1901 237 1
1902 393 0
1903 3 1
1904 425 1
1905 227 0
1906 758 1
1907 652 1
1908 487 0
1909 309 0
1910 321 1
1911 535 0
1912 421 1
1913 168 1
1914 26 1
1915 680 1
1916 162 0
1917 731 1
1918 343 1
1919 12 1
1920 445 1
1921 305 0
1922 10 0
1923 421 1
1924 877 1
1925 667 1
1926 260 0
1927 671 1
1928 608 1
1929 912 1
1930 65 1
1931 384 1
1932 617 0
1933 516 1
1934 106 0
1935 516 1
1936 769 1
1937 542 1
1938 301 1
1939 65 1
1940 216 1
1941 898 1
1942 457 0
1943 893 1
1944 251 0
1945 488 1
1946 293 0
1947 277 1
1948 244 1
1949 393 1
1950 110 1
1951 635 1
1952 253 1
1953 861 1
1954 663 0
1955 254 1
1956 181 1
1957 824 1
1958 298 1
1959 493 1
1960 152 0
1961 333 1
1962 376 0
1963 824 1
1964 871 1
1965 439 0
1966 914 1
1967 117 0
1968 774 1
1969 243 0
1970 693 1
1971 159 0
1972 852 1
1973 301 1
1974 277 0
1975 487 1
1976 564 0
1977 343 1
1978 218 1
1979 83 1
1980 226 1
1981 593 1
1982 386 1
1983 830 1
1984 477 0
1985 706 1
1986 773 1
1987 833 1
1988 370 1
1989 883 1
1990 717 1
1991 545 0
1992 32 1
1993 63 1
1994 577 1
1995 807 0
1996 404 1
1997 199 0
1998 634 1
1999 58 1
2000 625 1
2001 538 1
2002 151 0
2003 865 0
2004 81 0
2005 637 1
2006 694 1
2007 867 1
2008 592 1
2009 444 1
2010 812 1
2011 494 0
2012 228 0
2013 794 1
2014 245 1
2015 230 1
2016 139 1
2017 790 1
2018 661 0
2019 280 1
2020 33 1
2021 595 1
2022 622 1
2023 241 1
2024 235 0
2025 906 1
2026 725 1
2027 785 0
2028 351 1
2029 72 1
2030 8 1
2031 935 0
2032 538 1
2033 851 1
2034 11 0
2035 49 1
2036 572 0
2037 772 1
2038 629 1
2039 931 0
2040 487 1
2041 434 1
2042 549 0
2043 687 0
2044 375 1
2045 550 1
2046 529 1
2047 264 0
2048 787 0
2049 374 1
2050 503 1
2051 576 0
2052 536 1
2053 792 0
2054 204 1
2055 552 1
2056 871 1
2057 425 1
2058 727 1
2059 428 0
2060 660 0
2061 539 1
2062 40 0
2063 365 1
2064 175 1
2065 147 1
2066 897 1
2067 276 1
2068 594 0
2069 175 0
2070 367 1
2071 11 1
2072 235 0
2073 501 1
2074 603 0
2075 173 1
2076 697 0
2077 294 1
2078 718 1
2079 87 1
2080 187 1
2081 360 0
2082 692 1
2083 94 1
2084 492 1
2085 873 0
2086 465 1
2087 620 1
2088 375 1
2089 452 0
2090 840 1
2091 763 1
2092 806 1
2093 116 0
2094 505 0
2095 940 1
2096 172 1
2097 299 0
2098 724 1
2099 939 0
2100 811 0
2101 332 1
2102 540 0
2103 766 0
2104 862 1
2105 150 0
2106 365 1
2107 401 1
2108 759 0
2109 273 0
2110 189 0
2111 479 0
2112 356 0
2113 694 1
2114 374 1
2115 553 1
2116 76 1
2117 38 1
2118 625 1
2119 734 1
2120 544 1
2121 352 1
2122 851 1
2123 870 1
2124 474 1
2125 452 0
2126 464 1
2127 493 1
2128 912 1
2129 423 1
2130 396 1
2131 313 1
2132 649 0
2133 557 0
2134 624 0
2135 604 1
2136 283 0
2137 187 1
2138 233 1
2139 322 0
2140 42 1
2141 838 1
2142 227 1
2143 795 0
2144 94 0
2145 267 0
2146 716 0
2147 432 1
2148 401 0
2149 215 1
2150 123 1
2151 36 1
2152 299 0
2153 743 1
2154 748 0
2155 707 1
2156 361 1
2157 85 1
2158 719 1
2159 250 1
2160 886 1
2161 772 0
2162 567 1
2163 809 0
2164 716 1
2165 515 1
2166 366 1
2167 713 0
2168 243 1
2169 931 0
2170 98 0
2171 570 1
2172 760 0
2173 251 1
2174 589 0
2175 814 0
2176 487 0
2177 919 1
2178 367 1
2179 544 1
2180 63 0
2181 710 1
2182 134 1
2183 149 1
2184 723 0
2185 837 1
2186 29 1
2187 749 1
2188 851 1
2189 110 1
2190 24 0
2191 492 1
2192 87 1
2193 88 0
2194 450 1
2195 592 1
2196 214 1
2197 943 1
2198 569 0
2199 194 1
2200 428 0
2201 369 0
2202 547 1
2203 34 1
2204 641 1
2205 416 1
2206 537 1
2207 911 1
2208 162 1
2209 547 0
2210 153 1
2211 860 0
2212 285 1
2213 184 1
2214 471 1
2215 402 1
2216 464 1
2217 145 1
2218 678 1
2219 932 1
2220 738 1
2221 773 1
2222 99 0
2223 422 1
2224 525 1
2225 342 0
2226 897 1
2227 515 0
2228 582 1
2229 558 1
2230 132 1
2231 476 0
2232 520 1
2233 809 1
2234 269 0
2235 360 1
2236 932 0
2237 125 0
2238 660 0
2239 81 0
2240 305 1
2241 387 1
2242 414 1
2243 907 1
2244 655 1
2245 573 1
2246 268 1
2247 851 0
2248 458 1
2249 774 1
2250 299 1
2251 258 0
2252 377 0
2253 105 0
2254 399 0
2255 65 0
2256 343 1
2257 428 0
2258 142 1
2259 277 0
2260 377 1
2261 107 1
2262 687 1
2263 221 1
2264 196 1
2265 129 0
2266 238 0
2267 248 1
2268 505 1
2269 441 0
2270 273 1
2271 130 0
2272 161 1
2273 577 0
2274 416 0
2275 569 1
2276 226 1
2277 226 1
2278 158 1
2279 580 1
2280 230 0
2281 51 1
2282 831 1
2283 818 0
2284 121 1
2285 82 0
2286 22 0
2287 479 0
2288 239 0
2289 220 1
2290 432 1
2291 502 1
2292 255 1
2293 93 1
2294 909 0
2295 915 1
2296 172 0
2297 396 1
2298 733 0
2299 182 0
2300 730 1
2301 37 1
2302 891 1
2303 669 0
2304 95 0
2305 839 1
2306 468 0
2307 654 0
2308 591 1
2309 338 1
2310 209 1
2311 481 0
2312 741 0
2313 853 1
2314 881 1
2315 171 1
2316 767 1
2317 886 0
2318 192 1
2319 630 1
2320 287 0
2321 283 0
2322 386 1
2323 680 1
2324 206 0
2325 319 0
2326 113 0
2327 945 1
2328 467 1
2329 171 1
2330 409 0
2331 535 1
2332 284 1
2333 411 1
2334 819 1
2335 498 0
2336 353 1
2337 118 1
2338 920 1
2339 505 1
2340 605 1
2341 64 1
2342 414 1
2343 95 1
2344 384 1
2345 751 0
2346 76 1
2347 759 0
2348 550 1
2349 570 0
2350 54 0
2351 51 1
2352 105 1
2353 882 1
2354 702 1
2355 674 0
2356 734 0
2357 547 1
2358 270 0
2359 817 1
2360 376 1
2361 237 1
2362 431 1
2363 546 1
2364 688 1
2365 872 1
2366 707 1
2367 885 1
2368 561 1
2369 360 1
2370 50 0
2371 146 1
2372 295 1
2373 721 1
2374 124 0
2375 688 1
2376 417 1
2377 7 1
2378 443 1
2379 351 1
2380 458 0
2381 663 0
2382 669 1
2383 235 1
2384 891 0
2385 69 1
2386 152 1
2387 248 0
2388 642 0
2389 480 0
2390 85 1
2391 321 0
2392 882 0
2393 819 1
2394 615 1
2395 300 0
2396 236 1
2397 496 1
2398 87 1
2399 657 1
2400 794 0
2401 707 1
2402 675 1
2403 861 0
2404 714 1
2405 192 1
2406 619 1
2407 769 0
2408 309 1
2409 669 1
2410 601 1
2411 520 0
2412 454 1
2413 530 1
2414 269 1
2415 573 1
2416 701 0
2417 798 1
2418 79 0
2419 535 1
2420 844 1
2421 380 1
2422 28 0
2423 540 0
2424 580 0
2425 50 0
2426 21 0
2427 126 0
2428 109 1
2429 71 1
2430 365 1
2431 230 1
2432 448 1
2433 18 0
2434 531 1
2435 374 0
2436 749 0
2437 414 1
2438 425 1
2439 583 0
2440 6 0
2441 294 1
2442 671 0
2443 238 0
2444 278 1
2445 213 0
2446 422 1
2447 231 0
2448 260 1
2449 451 1
2450 271 1
2451 688 1
2452 101 0
2453 319 0
2454 845 1
2455 586 1
2456 323 1
2457 879 1
2458 503 0
2459 829 0
2460 215 1
2461 213 1
2462 8 1
2463 296 0
2464 162 0
2465 262 1
2466 95 0
2467 921 0
2468 841 0
2469 457 0
2470 251 1
2471 645 1
2472 447 1
2473 624 0
2474 218 0
2475 520 0
2476 752 0
2477 539 1
2478 913 1
2479 496 1
2480 370 1
2481 711 1
2482 497 1
2483 396 1
2484 715 1
2485 866 1
2486 685 0
2487 330 0
2488 612 1
2489 605 1
2490 929 1
2491 732 0
2492 647 1
2493 17 0
2494 894 1
2495 212 1
2496 60 1
2497 518 1
2498 397 1
2499 683 1
2500 556 1
2501 602 1
2502 903 0
2503 630 1
2504 674 0
2505 868 0
2506 202 1
2507 595 1
2508 448 1
2509 252 1
2510 180 1
2511 450 0
2512 855 1
2513 532 0
2514 671 0
2515 888 0
2516 607 0
2517 310 1
2518 264 1
2519 868 1
2520 17 1
2521 797 1
2522 913 0
2523 804 1
2524 113 0
2525 547 1
2526 723 0
2527 2 1
2528 487 1
2529 407 0
2530 273 0
2531 493 1
2532 627 1
2533 913 1
2534 266 1
2535 617 1
2536 147 0
2537 238 1
2538 915 1
2539 945 1
2540 620 0
2541 790 0
2542 65 1
2543 764 1
2544 795 0
2545 499 0
2546 309 1
2547 471 1
2548 52 1
2549 882 1
2550 61 1
2551 337 0
2552 490 1
2553 471 1
2554 139 1
2555 276 1
2556 484 1
2557 891 0
2558 647 0
2559 570 1
2560 668 0
2561 87 0
2562 583 0
2563 702 0
2564 730 1
2565 9 1
2566 659 1
2567 201 0
2568 655 0
2569 398 1
2570 877 1
2571 341 1
2572 529 1
2573 433 0
2574 463 1
2575 194 0
2576 860 1
2577 897 0
2578 307 1
2579 868 1
2580 759 1
2581 84 1
2582 11 0
2583 145 0
2584 693 1
2585 928 1
2586 5 1
2587 508 0
2588 758 0
2589 912 1
2590 733 0
2591 875 0
2592 176 1
2593 880 1
2594 2 0
2595 43 1
2596 467 1
2597 703 0
2598 148 0
2599 346 1
2600 179 1
2601 933 0
2602 799 1
2603 187 1
2604 492 1
2605 621 1
2606 48 0
2607 661 1
2608 165 1
2609 177 1
2610 865 0
2611 664 1
2612 82 1
2613 332 0
2614 57 1
2615 539 1
2616 740 1
2617 834 1
2618 757 1
2619 259 1
2620 643 0
2621 50 1
2622 219 1
2623 118 1
2624 775 0
2625 286 0
2626 930 1
2627 815 1
2628 839 1
2629 711 1
2630 614 1
2631 600 0
2632 299 1
2633 737 0
2634 712 0
2635 827 1
2636 399 1
2637 569 1
2638 378 1
2639 470 1
2640 717 1
2641 370 1
2642 909 1
2643 235 1
2644 856 1
2645 487 0
2646 39 1
2647 667 1
2648 99 0
2649 183 0
2650 923 1
2651 689 0
2652 676 0
2653 462 0
2654 733 0
2655 730 1
2656 891 0
2657 673 0
2658 128 1
2659 446 1
2660 909 1
2661 297 1
2662 543 1
2663 755 1
2664 891 1
2665 922 1
2666 470 1
2667 712 1
2668 711 0
2669 43 1
2670 362 1
2671 737 1
2672 662 0
2673 897 1
2674 427 1
2675 297 1
2676 798 0
2677 541 1
2678 760 0
2679 506 0
2680 756 1
2681 95 0
2682 615 0
2683 216 1
2684 769 0
2685 347 1
2686 501 1
2687 908 1
2688 70 1
2689 209 1
2690 44 1
2691 357 0
2692 302 1
2693 26 1
2694 717 0
2695 556 0
2696 217 1
2697 276 1
2698 247 1
2699 681 0
2700 220 1
2701 671 1
2702 634 1
2703 406 1
2704 546 1
2705 937 1
2706 590 1
2707 900 1
2708 34 1
2709 63 1
2710 928 1
2711 67 1
2712 740 1
2713 500 0
2714 304 0
2715 792 1
2716 732 0
2717 713 0
2718 884 1
2719 860 1
2720 256 0
2721 542 1
2722 253 1
2723 527 0
2724 892 0
2725 507 1
2726 678 1
2727 541 0
2728 385 1
2729 248 0
2730 746 1
2731 681 1
2732 80 0
2733 421 1
2734 89 0
2735 917 1
2736 240 0
2737 926 0
2738 478 0
2739 929 0
2740 566 1
2741 86 1
2742 532 0
2743 505 1
2744 458 1
2745 129 1
2746 581 0
2747 524 1
2748 47 1
2749 414 1
2750 69 0
2751 216 1
2752 366 0
2753 537 1
2754 172 1
2755 323 1
2756 744 1
2757 771 0
2758 772 0
2759 716 0
2760 817 0
2761 276 1
2762 443 0
2763 582 1
2764 268 0
2765 95 1
2766 849 1
2767 382 0
2768 656 0
2769 168 1
2770 228 1
2771 355 0
2772 370 1
2773 771 1
2774 924 1
2775 894 0
2776 854 1
2777 450 0
2778 758 0
2779 44 0
2780 816 1
2781 833 0
2782 184 1
2783 722 0
2784 922 1
2785 458 1
2786 585 1
2787 645 1
2788 196 1
2789 619 0
2790 213 1
2791 438 1
2792 525 1
2793 620 1
2794 708 0
2795 832 1
2796 803 0
2797 765 1
2798 722 1
2799 351 0
2800 900 1
2801 637 1
2802 824 1
2803 16 0
2804 274 0
2805 929 1
2806 936 1
2807 76 0
2808 777 1
2809 321 1
2810 415 1
2811 851 0
2812 661 0
2813 463 1
2814 679 1
2815 870 1
2816 145 1
2817 641 1
2818 632 0
2819 98 1
2820 81 1
2821 862 1
2822 650 1
2823 55 1
2824 690 1
2825 754 1
2826 318 0
2827 166 1
2828 797 0
2829 204 1
2830 231 0
2831 632 0
2832 691 1
2833 134 1
2834 720 0
2835 752 0
2836 727 1
2837 607 1
2838 396 1
2839 646 1
2840 93 0
2841 299 1
2842 847 0
2843 178 0
2844 563 1
2845 696 0
2846 246 1
2847 639 1
2848 711 1
2849 516 1
2850 739 1
2851 74 1
2852 726 1
2853 685 1
2854 133 0
2855 50 1
2856 573 1
2857 106 0
2858 283 1
2859 906 0
2860 135 1
2861 164 1
2862 774 1
2863 786 1
2864 365 1
2865 758 1
2866 414 0
2867 413 1
2868 36 1
2869 784 0
2870 272 0
2871 810 1
2872 651 1
2873 108 1
2874 668 1
2875 304 1
2876 193 1
2877 919 0
2878 739 0
2879 294 1
2880 585 0
2881 317 1
2882 407 0
2883 661 1
2884 350 1
2885 347 1
2886 121 1
2887 936 0
2888 861 1
2889 495 1
2890 580 1
2891 175 1
2892 735 1
2893 795 1
2894 111 1
2895 421 1
2896 664 1
2897 749 1
2898 936 0
2899 569 0
2900 431 1
2901 697 1
2902 861 0
2903 792 1
2904 519 1
2905 827 1
2906 875 1
2907 396 1
2908 354 1
2909 662 1
2910 803 1
2911 215 0
2912 610 1
2913 647 1
2914 896 1
2915 409 0
2916 654 0
2917 401 0
2918 582 0
2919 813 0
2920 323 1
2921 458 1
2922 900 0
2923 386 1
2924 833 0
2925 507 0
2926 239 1
2927 267 1
2928 208 1
2929 918 1
2930 653 1
2931 7 0
2932 276 1
2933 665 0
2934 389 1
2935 217 0
2936 429 1
2937 700 1
2938 317 1
2939 425 0
2940 922 0
2941 629 1
2942 442 0
2943 533 1
2944 333 1
2945 10 0
2946 354 0
2947 135 1
2948 839 1
2949 692 1
2950 535 0
2951 730 1
2952 372 0
2953 136 0
2954 358 1
2955 627 1
2956 548 1
2957 283 0
2958 675 1
2959 843 1
2960 789 0
2961 782 1
2962 605 1
2963 297 1
2964 240 0
2965 249 0
2966 686 1
2967 528 1
2968 931 1
2969 269 1
2970 13 0
2971 145 1
2972 675 1
2973 74 1
2974 33 1
2975 201 1
2976 558 1
2977 489 0
2978 690 1
2979 864 1
2980 297 1
2981 228 0
2982 881 0
2983 829 1
2984 888 1
2985 678 1
2986 516 1
2987 251 1
2988 40 0
2989 385 0
2990 710 1
2991 365 1
2992 624 1
2993 8 1
2994 162 0
2995 501 1
2996 773 1
2997 230 1
2998 7 1
2999 97 1
3000 679 1
3001 584 1
3002 652 0
3003 229 1
3004 628 1
3005 235 1
3006 255 1
3007 715 1
3008 242 1
3009 450 1
3010 383 0
3011 597 0
3012 468 0
3013 653 1
3014 408 0
3015 838 1
3016 313 1
3017 124 1
3018 100 1
3019 180 0
3020 702 1
3021 175 1
3022 749 0
3023 359 1
3024 135 1
3025 863 1
3026 814 0
3027 196 0
3028 809 0
3029 279 1
3030 121 0
3031 826 0
3032 647 1
3033 868 1
3034 773 1
3035 264 0
3036 252 1
3037 275 0
3038 531 0
3039 781 1
3040 497 1
3041 652 1
3042 681 0
3043 169 1
3044 486 1
3045 284 1
3046 619 1
3047 776 0
3048 583 0
3049 536 1
3050 800 1
3051 674 1
3052 707 0
3053 842 0
3054 637 0
3055 426 1
3056 163 1
3057 21 0
3058 714 1
3059 177 0
3060 372 0
3061 596 1
3062 359 0
3063 779 0
3064 858 1
3065 407 1
3066 637 1
3067 287 0
3068 818 0
3069 158 0
3070 594 0
3071 165 1
3072 716 1
3073 656 1
3074 790 0
3075 207 1
3076 82 0
3077 941 1
3078 17 0
3079 172 1
3080 878 1
3081 110 0
3082 183 0
3083 436 1
3084 314 0
3085 33 1
3086 913 1
3087 719 0
3088 799 1
3089 637 0
3090 730 1
3091 594 1
3092 436 1
3093 722 1
3094 833 0
3095 797 1
3096 942 1
3097 803 1
3098 92 0
3099 916 0
3100 623 1
3101 368 1
3102 616 1
3103 742 0
3104 39 1
3105 848 1
3106 66 1
3107 104 0
3108 554 1
3109 689 1
3110 508 0
3111 675 1
3112 235 0
3113 153 1
3114 560 1
3115 467 1
3116 540 0
3117 562 1
3118 711 0
3119 681 1
3120 526 1
3121 307 1
3122 547 1
3123 828 0
3124 25 1
3125 65 1
3126 846 0
3127 507 1
3128 61 1
3129 877 1
3130 251 1
3131 593 1
3132 22 1
3133 56 1
3134 35 1
3135 271 1
3136 788 1
3137 887 0
3138 458 0
3139 14 1
3140 129 0
3141 485 1
3142 288 0
3143 844 1
3144 174 1
3145 704 1
3146 908 1
3147 5 1
3148 294 1
3149 717 0
3150 267 0
3151 625 1
3152 768 0
3153 913 0
3154 124 0
3155 232 1
3156 741 0
3157 16 1
3158 232 0
3159 166 1
3160 424 0
3161 300 1
3162 276 1
3163 370 0
3164 100 0
3165 102 1
3166 331 1
3167 211 1
3168 83 1
3169 848 0
3170 160 1
3171 875 0
3172 586 1
3173 452 1
3174 806 1
3175 692 1
3176 276 0
3177 139 0
3178 351 0
3179 325 0
3180 799 1
3181 819 1
3182 209 1
3183 753 1
3184 943 0
3185 648 1
3186 790 1
3187 526 1
3188 522 1
3189 36 1
3190 118 0
3191 816 1
3192 509 1
3193 681 0
3194 253 1
3195 100 0
3196 487 1
3197 706 1
3198 472 1
3199 191 1
3200 222 0
3201 94 1
3202 204 1
3203 910 1
3204 120 1
3205 578 1
3206 197 0
3207 633 1
3208 191 1
3209 88 1
3210 428 0
3211 20 0
3212 577 1
3213 134 1
3214 27 1
3215 41 0
3216 899 1
3217 730 0
3218 490 1
3219 619 1
3220 429 1
3221 849 1
3222 167 1
3223 800 1
3224 638 1
3225 537 1
3226 811 1
3227 503 0
3228 71 1
3229 14 1
3230 432 1
3231 762 0
3232 870 0
3233 11 1
3234 28 1
3235 759 1
3236 349 0
3237 551 1
3238 666 1
3239 609 1
3240 348 1
3241 892 0
3242 226 0
3243 390 1
3244 555 0
3245 810 1
3246 193 0
3247 841 1
3248 906 0
3249 266 1
3250 271 1
3251 860 0
3252 475 1
3253 605 1
3254 605 1
3255 287 0
3256 202 1
3257 634 1
3258 416 1
3259 460 0
3260 216 1
3261 481 1
3262 684 1
3263 261 1
3264 283 1
3265 366 1
3266 340 0
3267 642 0
3268 480 1
3269 478 0
3270 303 0
3271 826 1
3272 466 1
3273 668 1
3274 327 1
3275 376 0
3276 240 1
3277 687 1
3278 22 1
3279 356 0
3280 263 0
3281 61 1
3282 737 1
3283 886 1
3284 473 0
3285 144 0
3286 651 1
3287 71 1
3288 273 1
3289 521 1
3290 922 1
3291 611 1
3292 278 0
3293 875 0
3294 768 0
3295 74 0
3296 742 0
3297 422 1
3298 307 1
3299 539 0
3300 248 1
3301 346 1
3302 442 1
3303 538 1
3304 210 1
3305 517 0
3306 480 1
3307 817 0
3308 3 1
3309 792 1
3310 85 1
3311 591 1
3312 470 1
3313 416 0
3314 844 1
3315 346 1
3316 161 0
3317 514 1
3318 843 1
3319 787 0
3320 901 1
3321 442 0
3322 10 1
3323 927 0
3324 113 0
3325 785 1
3326 162 0
3327 81 1
3328 233 1
3329 877 0
3330 654 0
3331 12 0
3332 438 1
3333 208 0
3334 368 0
3335 592 1
3336 822 1
3337 492 0
3338 402 1
3339 580 1
3340 300 1
3341 448 1
3342 584 0
3343 562 0
3344 228 1
3345 417 0
3346 240 1
3347 753 1
3348 690 1
3349 216 0
3350 478 1
3351 849 1
3352 897 1
3353 921 1
3354 868 0
3355 602 1
3356 709 1
3357 833 1
3358 102 0
3359 633 1
3360 412 1
3361 268 0
3362 267 1
3363 798 1
3364 504 1
3365 538 0
3366 611 0
3367 125 1
3368 571 1
3369 383 0
3370 390 0
3371 185 0
3372 559 1
3373 915 0
3374 256 1
3375 726 1
3376 706 1
3377 108 0
3378 537 0
3379 719 1
3380 710 0
3381 132 0
3382 222 1
3383 672 1
3384 92 1
3385 75 0
3386 829 0
3387 104 1
3388 747 1
3389 838 1
3390 409 0
3391 460 1
3392 401 1
3393 611 0
3394 943 1
3395 88 0
3396 164 1
3397 817 1
3398 891 1
3399 914 0
3400 120 1
3401 935 1
3402 718 0
3403 180 1
3404 581 1
3405 310 0
3406 425 1
3407 628 1
3408 807 1
3409 818 0
3410 411 1
3411 300 1
3412 594 0
3413 430 1
3414 182 0
3415 46 0
3416 856 0
3417 40 1
3418 276 1
3419 615 0
3420 27 1
3421 370 1
3422 218 1
3423 66 1
3424 79 0
3425 617 1
3426 313 0
3427 268 1
3428 822 1
3429 236 1
3430 565 1
3431 95 0
3432 731 1
3433 571 1
3434 770 0
3435 653 0
3436 900 1
3437 38 1
3438 543 0
3439 931 1
3440 458 1
3441 314 1
3442 308 1
3443 467 1
3444 70 1
3445 657 1
3446 453 1
3447 845 1
3448 355 1
3449 714 0
3450 445 0
3451 712 0
3452 912 1
3453 305 1
3454 323 0
3455 599 0
3456 626 1
3457 341 1
3458 284 1
3459 587 1
3460 34 0
3461 458 0
3462 784 1
3463 194 0
3464 295 1
3465 107 1
3466 797 1
3467 607 1
3468 92 1
3469 474 1
3470 670 1
3471 931 0
3472 774 0
3473 753 1
3474 868 1
3475 615 0
3476 426 1
3477 178 1
3478 632 1
3479 872 1
3480 748 1
3481 190 1
3482 321 1
3483 830 1
3484 232 0
3485 562 0
3486 219 1
3487 42 0
3488 341 1
3489 308 1
3490 658 0
3491 220 1
3492 519 1
3493 817 0
3494 238 0
3495 868 1
3496 924 0
3497 373 1
3498 378 0
3499 180 1
3500 83 1
3501 568 1
3502 758 0
3503 498 1
3504 607 0
3505 152 1
3506 518 1
3507 872 0
3508 239 0
3509 32 1
3510 8 1
3511 252 1
3512 746 1
3513 20 1
3514 351 1
3515 524 0
3516 411 1
3517 205 1
3518 904 0
3519 112 1
3520 297 1
3521 619 0
3522 370 1
3523 642 0
3524 76 1
3525 821 1
3526 362 1
3527 484 0
3528 486 1
3529 755 0
3530 173 1
3531 60 0
3532 627 1
3533 808 0
3534 702 1
3535 885 1
3536 918 0
3537 603 0
3538 571 1
3539 6 0
3540 441 1
3541 879 1
3542 688 1
3543 434 1
3544 656 0
3545 120 0
3546 45 1
3547 201 1
3548 179 1
3549 46 1
3550 452 1
3551 403 1
3552 11 1
3553 768 0
3554 774 1
3555 697 1
3556 124 0
3557 807 1
3558 101 1
3559 775 0
3560 272 1
3561 108 1
3562 810 1
3563 724 0
3564 788 1
3565 127 1
3566 489 0
3567 719 1
3568 325 1
3569 136 0
3570 784 0
3571 156 1
3572 517 1
3573 508 0
3574 312 1
3575 844 1
3576 22 1
3577 636 1
3578 730 1
3579 78 1
3580 918 1
3581 867 0
3582 470 1
3583 15 1
3584 650 1
3585 682 1
3586 452 1
3587 184 1
3588 590 1
3589 110 1
3590 764 1
3591 276 1
3592 428 1
3593 141 1
3594 795 0
3595 519 1
3596 159 1
3597 283 1
3598 815 1
3599 213 0
3600 184 1
3601 741 1
3602 523 1
3603 128 1
3604 139 0
3605 804 0
3606 926 1
3607 212 1
3608 249 0
3609 89 0
3610 41 0
3611 599 1
3612 783 1
3613 298 1
3614 915 1
3615 905 1
3616 196 1
3617 257 1
3618 413 1
3619 354 1
3620 623 0
3621 925 1
3622 495 1
3623 214 0
3624 13 1
3625 576 0
3626 646 1
3627 668 0
3628 166 0
3629 870 0
3630 267 1
3631 702 1
3632 52 0
3633 384 0
3634 133 0
3635 487 1
3636 419 1
3637 562 1
3638 391 1
3639 181 1
3640 814 0
3641 872 1
3642 42 0
3643 466 1
3644 350 1
3645 492 0
3646 423 1
3647 282 0
3648 942 1
3649 409 1
3650 872 0
3651 355 1
3652 830 0
3653 729 1
3654 482 0
3655 148 1
3656 456 0
3657 332 0
3658 404 0
3659 855 1
3660 392 1
3661 839 1
3662 383 1
3663 78 0
3664 575 1
3665 244 1
3666 172 0
3667 315 1
3668 304 0
3669 67 1
3670 477 1
3671 870 0
3672 24 1
3673 900 0
3674 524 1
3675 236 1
3676 944 1
3677 519 1
3678 38 1
3679 495 1
3680 819 1
3681 583 1
3682 806 0
3683 783 1
3684 465 0
3685 5 1
3686 799 1
3687 397 1
3688 601 1
3689 40 1
3690 894 0
3691 829 0
3692 820 1
3693 742 1
3694 733 1
3695 940 0
3696 499 1
3697 387 0
3698 678 0
3699 258 0
3700 808 0
3701 607 1
3702 608 1
3703 7 0
3704 144 0
3705 176 0
3706 739 1
3707 453 0
3708 195 1
3709 940 1
3710 8 1
3711 589 1
3712 34 1
3713 601 0
3714 254 1
3715 643 1
3716 325 1
3717 926 0
3718 97 1
3719 930 1
3720 449 0
3721 67 0
3722 899 0
3723 856 0
3724 237 0
3725 131 1
3726 573 0
3727 487 1
3728 485 1
3729 788 1
3730 204 1
3731 324 0
3732 258 1
3733 517 0
3734 705 1
3735 330 0
3736 130 0
3737 451 1
3738 386 0
3739 912 0
3740 680 1
3741 870 0
3742 551 0
3743 383 0
3744 22 0
3745 298 1
3746 180 0
3747 755 1
3748 394 1
3749 528 0
3750 30 0
3751 362 1
3752 44 0
3753 923 1
3754 909 1
3755 789 1
3756 40 1
3757 685 1
3758 592 1
3759 150 1
3760 762 1
3761 308 1
3762 804 1
3763 169 1
3764 858 0
3765 406 1
3766 343 1
3767 782 1
3768 370 1
3769 553 1
3770 703 0
3771 445 0
3772 577 1
3773 538 1
3774 721 0
3775 306 1
3776 871 1
3777 268 1
3778 466 1
3779 716 0
3780 868 0
3781 735 1
3782 412 1
3783 121 1
3784 120 1
3785 585 1
3786 538 1
3787 89 0
3788 683 0
3789 127 1
3790 104 1
3791 729 1
3792 781 0
3793 758 1
3794 902 0
3795 149 0
3796 172 1
3797 292 1
3798 244 1
3799 156 1
3800 822 0
3801 656 1
3802 559 1
3803 318 1
3804 161 0
3805 488 0
3806 612 0
3807 294 0
3808 471 0
3809 217 1
3810 103 1
3811 720 1
3812 305 0
3813 594 0
3814 214 0
3815 382 1
3816 279 0
3817 238 0
3818 571 1
3819 869 0
3820 469 1
3821 731 0
3822 832 1
3823 51 0
3824 600 1
3825 519 0
3826 635 1
3827 446 0
3828 94 1
3829 691 0
3830 579 0
3831 132 0
3832 899 1
3833 486 0
3834 395 1
3835 45 0
3836 289 1
3837 468 1
3838 856 1
3839 267 1
3840 522 0
3841 681 1
3842 814 1
3843 619 0
3844 11 1
3845 5 1
3846 226 1
3847 503 0
3848 923 0
3849 704 0
3850 187 1
3851 25 1
3852 315 0
3853 120 0
3854 747 0
3855 204 0
3856 907 0
3857 2 1
3858 801 1
3859 207 1
3860 720 1
3861 457 1
3862 764 1
3863 859 1
3864 472 1
3865 848 1
3866 836 1
3867 603 1
3868 835 0
3869 164 1
3870 578 1
3871 694 1
3872 42 0
3873 784 1
3874 106 1
3875 710 1
3876 671 1
3877 294 1
3878 649 1
3879 285 1
3880 294 0
3881 568 0
3882 795 1
3883 123 1
3884 417 1
3885 109 0
3886 390 0
3887 58 1
3888 23 0
3889 63 1
3890 355 1
3891 158 1
3892 462 1
3893 304 0
3894 128 0
3895 75 1
3896 245 0
3897 74 1
3898 604 1
3899 247 1
3900 899 1
3901 539 0
3902 628 0
3903 243 1
3904 227 1
3905 929 0
3906 548 1
3907 811 1
3908 61 0
3909 910 0
3910 227 0
3911 80 0
3912 418 0
3913 35 0
3914 766 1
3915 299 0
3916 107 1
3917 530 1
3918 224 1
3919 589 1
3920 548 0
3921 502 1
3922 447 0
3923 894 1
3924 271 0
3925 432 1
3926 633 0
3927 439 1
3928 402 1
3929 329 0
3930 225 0
3931 676 1
3932 521 1
3933 802 1
3934 502 1
3935 932 1
3936 751 1
3937 668 0
3938 324 1
3939 228 1
3940 943 1
3941 561 1
3942 642 1
3943 203 0
3944 264 1
3945 54 1
3946 215 1
3947 556 1
3948 459 1
3949 270 0
3950 325 1
3951 533 1
3952 213 0
3953 796 0
3954 605 0
3955 600 0
3956 207 1
3957 21 0
3958 4 1
3959 415 0
3960 491 0
3961 226 1
3962 668 1
3963 231 1
3964 662 1
3965 610 0
3966 226 0
3967 851 0
3968 186 0
3969 444 1
3970 513 1
3971 863 1
3972 727 1
3973 92 1
3974 577 1
3975 734 1
3976 712 0
3977 563 1
3978 264 1
3979 350 1
3980 764 1
3981 21 0
3982 892 0
3983 897 1
3984 361 1
3985 126 1
3986 227 1
3987 118 0
3988 396 0
3989 474 1
3990 452 0
3991 150 1
3992 691 0
3993 653 1
3994 30 0
3995 936 1
3996 751 1
3997 838 1
3998 352 1
3999 32 1
4000 918 1
4001 791 0
4002 882 1
4003 622 1
4004 587 1
4005 359 1
4006 827 0
4007 312 0
4008 426 0
4009 51 1
4010 490 1
4011 305 1
4012 201 0
4013 195 1
4014 455 1
4015 736 0
4016 386 0
4017 775 1
4018 278 1
4019 388 1
4020 69 1
4021 13 1
4022 725 1
4023 938 0
4024 759 0
4025 396 1
4026 498 0
4027 748 1
4028 366 1
4029 42 1
4030 225 1
4031 717 1
4032 413 1
4033 667 1
4034 731 1
4035 344 1
4036 324 1
4037 485 1
4038 152 1
4039 723 0
4040 668 1
4041 683 0
4042 608 1
4043 389 1
4044 483 0
4045 584 0
4046 943 1
4047 787 1
4048 901 0
4049 569 1
4050 85 1
4051 275 1
4052 59 1
4053 927 1
4054 440 0
4055 857 1
4056 612 1
4057 797 1
4058 814 0
4059 38 0
4060 405 0
4061 527 1
4062 32 0
4063 14 1
4064 610 1
4065 142 1
4066 551 1
4067 838 0
4068 379 1
4069 556 1
4070 313 1
4071 450 1
4072 795 1
4073 934 0
4074 276 1
4075 482 0
4076 649 1
4077 286 0
4078 431 1
4079 816 0
4080 884 1
4081 524 1
4082 843 0
4083 567 1
4084 25 0
4085 564 1
4086 112 1
4087 317 0
4088 104 1
4089 93 0
4090 66 0
4091 529 0
4092 107 1
4093 864 1
4094 850 1
4095 102 1
4096 481 1
4097 745 1
4098 778 0
4099 124 0
4100 12 1
4101 195 1
4102 225 1
4103 500 0
4104 286 0
4105 177 1
4106 638 1
4107 802 1
4108 44 1
4109 72 1
4110 244 1
4111 470 0
4112 536 1
4113 572 0
4114 103 1
4115 905 1
4116 853 0
4117 654 0
4118 134 1
4119 875 0
4120 536 1
4121 508 0
4122 280 1
4123 708 0
4124 819 1
4125 6 1
4126 689 1
4127 311 1
4128 479 0
4129 381 1
4130 102 1
4131 432 1
4132 228 1
4133 555 0
4134 349 1
4135 518 0
4136 324 1
4137 582 1
4138 858 1
4139 663 0
4140 592 1
4141 317 1
4142 200 0
4143 83 1
4144 34 1
4145 50 1
4146 539 1
4147 559 1
4148 357 1
4149 865 1
4150 120 1
4151 114 0
4152 931 0
4153 516 1
4154 508 1
4155 97 1
4156 637 1
4157 904 0
4158 511 1
4159 718 0
4160 241 0
4161 149 1
4162 40 1
4163 602 1
4164 78 1
4165 838 0
4166 426 1
4167 790 1
4168 170 1
4169 43 1
4170 62 1
4171 300 1
4172 23 1
4173 58 0
4174 35 0
4175 548 1
4176 334 0
4177 110 1
4178 608 0
4179 505 1
4180 436 1
4181 353 0
4182 551 1
4183 62 0
4184 293 1
4185 867 1
4186 660 1
4187 789 0
4188 215 1
4189 686 1
4190 146 0
4191 526 0
4192 455 0
4193 322 1
4194 551 1
4195 272 1
4196 693 0
4197 905 1
4198 292 0
4199 754 1
4200 541 1
4201 674 1
4202 898 0
4203 672 1
4204 833 1
4205 151 1
4206 170 0
4207 248 1
4208 515 1
4209 210 1
4210 866 0
4211 843 0
4212 311 1
4213 647 1
4214 291 1
4215 922 1
4216 865 1
4217 821 1
4218 902 1
4219 452 0
4220 429 1
4221 556 1
4222 748 1
4223 12 1
4224 843 1
4225 173 1
4226 173 1
4227 431 0
4228 606 1
4229 141 1
4230 322 1
4231 252 1
4232 502 1
4233 527 1
4234 143 1
4235 35 0
4236 371 0
4237 905 1
4238 864 0
4239 225 1
4240 608 1
4241 578 1
4242 468 1
4243 54 1
4244 610 1
4245 228 1
4246 727 1
4247 642 1
4248 341 0
4249 475 0
4250 936 0
4251 525 0
4252 569 1
4253 535 0
4254 870 1
4255 36 1
4256 213 1
4257 102 1
4258 147 1
4259 12 0
4260 85 1
4261 892 0
4262 454 1
4263 563 1
4264 545 1
4265 748 1
4266 70 0
4267 631 0
4268 281 1
4269 861 0
4270 714 1
4271 206 1
4272 35 1
4273 811 0
4274 198 0
4275 407 1
4276 797 0
4277 564 1
4278 675 0
4279 834 0
4280 8 0
4281 278 1
4282 433 0
4283 186 1
4284 863 1
4285 121 1
4286 468 1
4287 81 1
4288 369 1
4289 419 1
4290 769 1
4291 585 1
4292 914 1
4293 659 0
4294 118 1
4295 386 0
4296 652 0
4297 885 1
4298 95 1
4299 55 0
4300 907 0
4301 377 0
4302 238 0
4303 666 1
4304 404 1
4305 229 1
4306 434 1
4307 315 1
4308 751 1
4309 513 0
4310 44 1
4311 730 1
4312 85 1
4313 304 1
4314 529 0
4315 872 1
4316 270 0
4317 388 0
4318 496 1
4319 171 1
4320 662 1
4321 596 0
4322 683 0
4323 286 1
4324 674 0
4325 826 1
4326 487 1
4327 203 1
4328 68 1
4329 487 0
4330 334 1
4331 556 1
4332 451 1
4333 168 1
4334 786 0
4335 637 0
4336 207 0
4337 386 0
4338 933 1
4339 847 1
4340 940 1
4341 168 1
4342 392 1
4343 787 0
4344 80 0
4345 526 1
4346 476 1
4347 74 0
4348 814 1
4349 929 1
4350 49 1
4351 891 1
4352 642 1
4353 615 0
4354 472 1
4355 79 1
4356 297 0
4357 681 1
4358 767 1
4359 619 0
4360 319 1
4361 317 0
4362 336 1
4363 777 0
4364 101 1
4365 593 1
4366 849 0
4367 140 0
4368 73 1
4369 228 1
4370 59 0
4371 480 0
4372 24 0
4373 515 1
4374 206 1
4375 693 0
4376 121 0
4377 109 1
4378 869 0
4379 130 1
4380 849 0
4381 854 1
4382 730 1
4383 351 1
4384 272 1
4385 817 0
4386 89 0
4387 157 1
4388 300 0
4389 639 1
4390 594 0
4391 501 1
4392 865 1
4393 641 1
4394 699 1
4395 547 1
4396 16 1
4397 408 1
4398 918 1
4399 72 1
4400 540 1
4401 45 1
4402 28 1
4403 477 0
4404 608 0
4405 304 0
4406 291 1
4407 439 1
4408 883 0
4409 732 1
4410 107 1
4411 26 1
4412 523 1
4413 339 0
4414 395 1
4415 474 0
4416 769 1
4417 354 1
4418 455 1
4419 594 1
4420 736 0
4421 787 1
4422 225 1
4423 705 0
4424 563 1
4425 267 1
4426 825 1
4427 529 0
4428 196 1
4429 897 1
4430 747 1
4431 316 0
4432 679 0
4433 836 1
4434 23 1
4435 40 1
4436 171 1
4437 42 1
4438 577 1
4439 27 1
4440 293 1
4441 333 0
4442 323 0
4443 308 1
4444 252 1
4445 845 0
4446 153 0
4447 358 1
4448 353 1
4449 756 1
4450 467 0
4451 604 1
4452 826 1
4453 768 1
4454 182 0
4455 120 1
4456 825 1
4457 381 1
4458 104 1
4459 189 1
4460 683 1
4461 144 0
4462 38 1
4463 723 0
4464 219 0
4465 237 0
4466 532 1
4467 112 1
4468 10 1
4469 604 1
4470 199 0
4471 402 1
4472 911 1
4473 428 1
4474 527 0
4475 426 1
4476 440 0
4477 155 0
4478 541 0
4479 339 1
4480 614 1
4481 235 1
4482 885 0
4483 612 1
4484 697 1
4485 823 0
4486 728 1
4487 442 0
4488 797 1
4489 497 1
4490 275 0
4491 377 1
4492 16 1
4493 929 0
4494 879 1
4495 106 1
4496 632 0
4497 481 1
4498 424 0
4499 935 0
4500 152 0
4501 805 1
4502 560 1
4503 96 0
4504 639 1
4505 258 1
4506 39 1
4507 684 1
4508 636 0
4509 347 1
4510 723 0
4511 584 1
4512 529 0
4513 449 0
4514 1 1
4515 862 1
4516 39 1
4517 501 1
4518 224 1
4519 744 1
4520 660 1
4521 566 0
4522 427 1
4523 489 0
4524 706 0
4525 155 1
4526 757 0
4527 361 1
4528 859 1
4529 82 1
4530 302 1
4531 481 1
4532 868 0
4533 408 1
4534 102 1
4535 478 0
4536 944 1
4537 930 0
4538 137 1
4539 276 1
4540 97 1
4541 794 1
4542 905 1
4543 929 1
4544 487 1
4545 200 1
4546 213 1
4547 599 1
4548 185 0
4549 16 0
4550 3 0
4551 252 0
4552 327 0
4553 160 0
4554 709 1
4555 775 0
4556 602 1
4557 183 1
4558 301 0
4559 847 0
4560 912 1
4561 367 0
4562 516 0
4563 49 0
4564 762 1
4565 191 1
4566 28 1
4567 500 1
4568 680 0
4569 288 1
4570 831 0
4571 718 0
4572 476 0
4573 516 1
4574 802 1
4575 620 0
4576 252 1
4577 416 0
4578 742 1
4579 937 0
4580 678 1
4581 378 0
4582 361 1
4583 531 1
4584 327 0
4585 7 1
4586 937 1
4587 847 1
4588 149 1
4589 33 0
4590 302 1
4591 242 1
4592 429 1
4593 790 1
4594 325 0
4595 517 1
4596 698 0
4597 498 1
4598 562 0
4599 889 1
4600 637 1
4601 569 1
4602 410 1
4603 564 0
4604 355 0
4605 33 1
4606 38 1
4607 945 0
4608 401 1
4609 426 1
4610 358 1
4611 252 1
4612 361 1
4613 904 1
4614 568 1
4615 334 1
4616 266 1
4617 355 1
4618 841 1
4619 704 1
4620 304 0
4621 641 1
4622 747 1
4623 544 1
4624 217 1
4625 397 1
4626 703 1
4627 421 1
4628 188 1
4629 776 0
4630 429 1
4631 483 1
4632 536 1
4633 839 1
4634 546 1
4635 416 1
4636 390 1
4637 927 0
4638 486 1
4639 808 1
4640 285 1
4641 747 1
4642 377 1
4643 574 0
4644 70 0
4645 523 0
4646 37 0
4647 662 0
4648 367 0
4649 738 1
4650 207 1
4651 285 0
4652 320 1
4653 937 0
4654 527 1
4655 31 1
4656 527 1
4657 56 1
4658 735 1
4659 672 1
4660 503 1
4661 772 0
4662 44 0
4663 581 1
4664 778 0
4665 792 0
4666 316 1
4667 105 0
4668 399 1
4669 644 0
4670 629 1
4671 260 1
4672 242 1
4673 318 0
4674 414 0
4675 305 1
4676 708 1
4677 925 0
4678 354 1
4679 632 0
4680 136 1
4681 640 1
4682 611 1
4683 556 1
4684 309 1
4685 192 1
4686 663 1
4687 617 0
4688 236 1
4689 672 1
4690 182 1
4691 356 0
4692 843 1
4693 431 0
4694 98 1
4695 852 1
4696 331 0
4697 420 0
4698 759 1
4699 474 0
4700 18 0
4701 795 1
4702 586 1
4703 109 0
4704 604 1
4705 526 1
4706 281 1
4707 464 1
4708 420 0
4709 844 1
4710 748 1
4711 752 1
4712 765 1
4713 543 0
4714 936 1
4715 435 1
4716 205 1
4717 157 0
4718 219 1
4719 667 0
4720 516 1
4721 663 1
4722 598 1
4723 710 1
4724 545 0
4725 324 1
4726 827 0
4727 894 0
4728 90 1
4729 14 1
4730 296 0
4731 768 1
4732 734 1
4733 80 1
4734 660 1
4735 564 1
4736 729 1
4737 762 0
4738 876 0
4739 867 0
4740 603 1
4741 557 0
4742 375 1
4743 865 0
4744 465 1
4745 279 1
4746 383 1
4747 51 0
4748 760 1
4749 592 0
4750 613 0
4751 174 1
4752 905 1
4753 245 1
4754 931 1
4755 779 0
4756 411 1
4757 806 1
4758 365 1
4759 719 1
4760 393 1
4761 380 0
4762 833 1
4763 149 1
4764 298 1
4765 591 1
4766 419 1
4767 776 1
4768 223 1
4769 682 0
4770 922 1
4771 264 1
4772 640 0
4773 642 1
4774 319 0
4775 890 0
4776 882 1
4777 11 1
4778 490 1
4779 885 0
4780 636 1
4781 222 0
4782 763 0
4783 222 0
4784 127 1
4785 663 1
4786 473 1
4787 905 1
4788 521 0
4789 227 1
4790 218 1
4791 340 0
4792 230 0
4793 658 0
4794 246 1
4795 297 1
4796 596 1
4797 725 1
4798 305 0
4799 868 0
4800 905 0
4801 4 1
4802 36 0
4803 335 1
4804 298 1
4805 185 0
4806 202 1
4807 405 0
4808 345 1
4809 886 1
4810 182 1
4811 941 0
4812 490 1
4813 660 1
4814 456 1
4815 16 1
4816 902 0
4817 316 1
4818 663 1
4819 283 1
4820 416 1
4821 945 0
4822 462 1
4823 784 0
4824 935 1
4825 866 1
4826 696 0
4827 684 1
4828 369 1
4829 504 1
4830 35 1
4831 709 0
4832 8 1
4833 398 0
4834 199 1
4835 154 1
4836 618 1
4837 287 1
4838 26 0
4839 675 1
4840 317 0
4841 187 1
4842 244 1
4843 722 1
4844 324 1
4845 907 0
4846 268 0
4847 499 1
4848 483 0
4849 681 1
4850 100 1
4851 85 1
4852 722 1
4853 852 0
4854 911 1
4855 498 1
4856 644 0
4857 764 1
4858 345 1
4859 290 1
4860 554 1
4861 231 1
4862 655 1
4863 832 1
4864 415 1
4865 343 1
4866 190 1
4867 288 1
4868 535 1
4869 449 1
4870 244 0
4871 251 1
4872 155 1
4873 565 0
4874 344 1
4875 638 1
4876 574 1
4877 243 1
4878 654 0
4879 890 0
4880 431 0
4881 640 0
4882 449 1
4883 323 1
4884 591 1
4885 7 1
4886 242 1
4887 247 1
4888 742 1
4889 631 1
4890 456 0
4891 508 1
4892 928 1
4893 782 1
4894 615 1
4895 494 1
4896 481 0
4897 723 1
4898 319 1
4899 703 1
4900 340 1
4901 534 1
4902 170 1
4903 713 1
4904 382 1
4905 788 0
4906 457 1
4907 390 1
4908 835 0
4909 543 1
4910 420 1
4911 606 1
4912 428 1
4913 620 0
4914 897 1
4915 712 0
4916 289 0
4917 342 0
4918 550 1
4919 160 0
4920 242 1
4921 292 0
4922 86 1
4923 606 1
4924 643 1
4925 215 1
4926 710 1
4927 487 1
4928 406 1
4929 674 0
4930 272 0
4931 116 0
4932 208 0
4933 754 1
4934 568 1
4935 212 1
4936 651 1
4937 712 1
4938 241 1
4939 182 1
4940 44 1
4941 203 0
4942 686 1
4943 415 1
4944 585 1
4945 917 0
4946 317 1
4947 886 0
4948 546 0
4949 486 1
4950 398 1
4951 180 1
4952 257 1
4953 43 1
4954 53 1
4955 850 0
4956 90 0
4957 586 0
4958 532 1
4959 390 0
4960 878 0
4961 763 1
4962 449 1
4963 922 1
4964 186 1
4965 631 1
4966 215 1
4967 836 1
4968 492 1
4969 704 1
4970 159 1
4971 642 1
4972 183 1
4973 760 0
4974 751 1
4975 621 1
4976 300 1
4977 400 0
4978 609 1
4979 532 1
4980 573 1
4981 582 1
4982 496 1
4983 48 1
4984 406 0
4985 587 1
4986 828 0
4987 282 0
4988 34 0
4989 515 1
4990 715 1
4991 257 0
4992 362 0
4993 552 1
4994 769 1
4995 290 1
4996 503 1
4997 919 1
4998 399 0
4999 776 0
5000 508 1
5001 838 0
5002 169 0
5003 190 1
5004 685 0
5005 724 1
5006 630 0
5007 257 1
5008 427 1
5009 487 1
5010 415 1
5011 115 1
5012 437 1
5013 705 0
5014 789 1
5015 163 1
5016 687 0
5017 210 1
5018 378 1
5019 528 0
5020 840 0
5021 39 0
5022 76 0
5023 40 0
5024 573 0
5025 902 0
5026 772 1
5027 694 0
5028 159 0
5029 568 0
5030 457 0
5031 768 1
5032 935 1
5033 522 0
5034 166 1
5035 218 0
5036 145 1
5037 54 0
5038 287 1
5039 193 1
5040 89 1
5041 370 0
5042 900 1
5043 858 1
5044 39 0
5045 795 1
5046 0 0
5047 162 1
5048 649 1
5049 90 1
5050 524 1
5051 345 0
5052 299 1
5053 359 0
5054 907 1
5055 914 0
5056 169 0
5057 911 1
5058 190 0
5059 916 1
5060 92 1
5061 194 1
5062 171 1
5063 495 1
5064 775 1
5065 158 1
5066 361 0
5067 225 0
5068 370 1
5069 714 1
5070 604 1
5071 381 1
5072 754 1
5073 364 0
5074 904 1
5075 907 1
5076 833 1
5077 556 0
5078 246 0
5079 347 0
5080 424 1
5081 843 1
5082 743 1
5083 233 1
5084 174 0
5085 233 0
5086 683 1
5087 73 1
5088 429 1
5089 223 1
5090 505 0
5091 851 1
5092 754 1
5093 185 1
5094 300 0
5095 543 0
5096 771 1
5097 297 0
5098 30 0
5099 470 1
5100 531 0
5101 716 1
5102 785 0
5103 227 1
5104 280 0
5105 123 0
5106 102 1
5107 646 1
5108 223 1
5109 644 1
5110 831 0
5111 35 1
5112 150 1
5113 13 1
5114 596 0
5115 119 0
5116 388 1
5117 597 1
5118 679 0
5119 230 1
5120 742 1
5121 267 1
5122 116 1
5123 223 1
5124 266 0
5125 331 1
5126 578 0
5127 542 0
5128 167 1
5129 643 0
5130 506 1
5131 679 1
5132 387 1
5133 855 1
5134 889 1
5135 548 0
5136 227 1
5137 52 1
5138 251 0
5139 150 0
5140 878 1
5141 403 0
5142 316 0
5143 706 1
5144 288 1
5145 34 0
5146 635 1
5147 476 1
5148 778 0
5149 876 1
5150 259 1
5151 194 0
5152 497 1
5153 563 0
5154 257 1
5155 54 1
5156 663 0
5157 433 1
5158 457 1
5159 930 1
5160 65 1
5161 328 0
5162 466 1
5163 510 1
5164 659 0
5165 753 0
5166 388 1
5167 193 1
5168 663 1
5169 421 1
5170 938 1
5171 843 1
5172 934 1
5173 837 0
5174 937 1
5175 925 1
5176 575 0
5177 491 0
5178 581 1
5179 128 0
5180 231 0
5181 0 1
5182 351 1
5183 26 1
5184 418 0
5185 722 1
5186 923 0
5187 268 1
5188 683 1
5189 825 0
5190 716 1
5191 466 1
5192 846 0
5193 588 0
5194 747 0
5195 509 1
5196 120 1
5197 119 0
5198 171 0
5199 8 0
5200 327 1
5201 468 1
5202 404 0
5203 684 1
5204 630 1
5205 284 1
5206 155 0
5207 893 1
5208 230 1
5209 5 1
5210 40 0
5211 744 0
5212 493 1
5213 100 1
5214 477 1
5215 722 0
5216 838 1
5217 842 1
5218 448 0
5219 586 1
5220 197 1
5221 681 1
5222 409 0
5223 823 1
5224 899 1
5225 404 1
5226 131 1
5227 568 1
5228 268 1
5229 491 1
5230 510 1
5231 603 0
5232 925 0
5233 847 1
5234 134 1
5235 294 1
5236 145 0
5237 152 1
5238 393 0
5239 661 1
5240 592 0
5241 753 1
5242 470 1
5243 550 0
5244 511 1
5245 537 0
5246 96 1
5247 626 0
5248 428 0
5249 502 1
5250 748 0
5251 95 1
5252 295 1
5253 916 1
5254 691 1
5255 236 1
5256 219 1
5257 529 1
5258 833 1
5259 482 0
5260 228 0
5261 622 1
5262 682 0
5263 133 0
5264 829 0
5265 194 1
5266 634 1
5267 312 0
5268 272 1
5269 819 0
5270 648 0
5271 89 0
5272 833 1
5273 345 1
5274 485 1
5275 320 1
5276 370 1
5277 505 1
5278 298 1
5279 685 1
5280 741 1
5281 280 1
5282 903 1
5283 147 1
5284 343 0
5285 927 0
5286 810 1
5287 381 1
5288 836 1
5289 619 1
5290 756 1
5291 556 1
5292 936 1
5293 701 1
5294 221 0
5295 618 1
5296 373 0
5297 180 1
5298 14 0
5299 28 0
5300 763 0
5301 551 0
5302 493 1
5303 793 1
5304 180 1
5305 492 1
5306 460 1
5307 585 1
5308 631 0
5309 888 1
5310 780 1
5311 603 1
5312 247 1
5313 7 1
5314 579 0
5315 87 0
5316 725 0
5317 492 1
5318 92 0
5319 124 1
5320 805 0
5321 677 1
5322 187 0
5323 919 1
5324 657 1
5325 193 1
5326 475 0
5327 168 1
5328 101 1
5329 718 1
5330 624 1
5331 545 1
5332 911 0
5333 144 0
5334 430 0
5335 64 0
5336 352 0
5337 78 1
5338 112 0
5339 826 0
5340 646 1
5341 730 0
5342 337 0
5343 632 1
5344 541 1
5345 853 0
5346 678 1
5347 91 0
5348 278 1
5349 435 1
5350 917 1
5351 467 1
5352 29 0
5353 331 0
5354 64 0
5355 645 1
5356 698 1
5357 619 0
5358 795 0
5359 261 0
5360 179 0
5361 78 1
5362 90 1
5363 23 1
5364 552 0
5365 545 1
5366 692 1
5367 314 1
5368 759 1
5369 597 1
5370 324 1
5371 587 0
5372 194 1
5373 845 0
5374 301 1
5375 848 1
5376 744 1
5377 805 1
5378 297 1
5379 936 1
5380 76 1
5381 160 0
5382 750 1
5383 544 0
5384 588 1
5385 175 1
5386 905 1
5387 457 1
5388 758 1
5389 611 0
5390 931 1
5391 327 0
5392 641 1
5393 351 0
5394 749 1
5395 575 0
5396 346 1
5397 648 1
5398 677 1
5399 448 1
5400 589 1
5401 700 1
5402 175 1
5403 436 0
5404 35 1
5405 514 0
5406 82 1
5407 218 1
5408 495 1
5409 715 0
5410 380 0
5411 858 1
5412 813 1
5413 78 0
5414 8 1
5415 598 0
5416 619 1
5417 200 1
5418 297 1
5419 249 1
5420 205 0
5421 767 1
5422 126 0
5423 64 1
5424 758 1
5425 654 1
5426 857 0
5427 386 1
5428 595 1
5429 736 1
5430 725 1
5431 255 0
5432 474 0
5433 926 0
5434 559 1
5435 572 1
5436 460 1
5437 105 0
5438 847 1
5439 942 0
5440 682 1
5441 585 1
5442 685 1
5443 519 1
5444 904 1
5445 939 0
5446 166 1
5447 550 1
5448 172 1
5449 880 0
5450 228 1
5451 550 1
5452 634 1
5453 63 1
5454 559 0
5455 663 0
5456 443 0
5457 91 0
5458 742 0
5459 518 1
5460 654 1
5461 851 0
5462 227 1
5463 250 1
5464 720 1
5465 865 1
5466 425 0
5467 424 1
5468 592 1
5469 116 1
5470 546 1
5471 915 1
5472 550 1
5473 907 0
5474 404 1
5475 780 0
5476 458 0
5477 668 1
5478 875 1
5479 819 1
5480 570 1
5481 385 1
5482 941 1
5483 576 1
5484 765 1
5485 527 1
5486 940 1
5487 823 0
5488 290 0
5489 358 1
5490 731 1
5491 541 1
5492 346 1
5493 663 0
5494 649 0
5495 658 0
5496 62 0
5497 737 1
5498 374 1
5499 378 1
5500 529 0
5501 293 1
5502 869 0
5503 270 1
5504 423 1
5505 376 1
5506 555 0
5507 186 1
5508 915 1
5509 230 1
5510 587 1
5511 360 1
5512 453 1
5513 174 0
5514 254 1
5515 489 0
5516 926 1
5517 774 1
5518 686 1
5519 265 0
5520 727 1
5521 106 1
5522 346 0
5523 705 0
5524 609 1
5525 402 1
5526 345 1
5527 367 1
5528 914 1
5529 147 1
5530 561 0
5531 739 1
5532 206 1
5533 859 0
5534 400 1
5535 790 0
5536 553 1
5537 665 1
5538 656 1
5539 3 1
5540 147 0
5541 37 1
5542 221 1
5543 78 0
5544 679 0
5545 146 0
5546 596 0
5547 570 1
5548 922 1
5549 484 0
5550 129 0
5551 706 0
5552 693 1
5553 636 1
5554 850 0
5555 871 1
5556 778 0
5557 278 1
5558 781 0
5559 923 0
5560 316 0
5561 277 1
5562 478 1
5563 504 1
5564 799 0
5565 298 0
5566 104 1
5567 399 0
5568 218 1
5569 669 1
5570 196 0
5571 853 1
5572 24 1
5573 496 1
5574 10 1
5575 788 1
5576 65 0
5577 707 1
5578 435 0
5579 465 1
5580 41 0
5581 686 1
5582 290 0
5583 411 1
5584 377 1
5585 364 0
5586 196 1
5587 336 0
5588 871 0
5589 494 1
5590 93 1
5591 410 1
5592 870 1
5593 170 1
5594 851 1
5595 116 1
5596 602 1
5597 772 1
5598 410 1
5599 455 0
5600 106 1
5601 148 1
5602 559 0
5603 258 0
5604 784 0
5605 568 1
5606 823 1
5607 505 0
5608 884 1
5609 840 1
5610 513 1
5611 469 0
5612 547 0
5613 116 0
5614 534 1
5615 266 0
5616 858 1
5617 677 0
5618 367 0
5619 425 1
5620 476 0
5621 552 0
5622 760 1
5623 154 1
5624 254 1
5625 275 0
5626 739 1
5627 671 1
5628 94 0
5629 766 1
5630 826 1
5631 471 0
5632 236 1
5633 679 1
5634 606 1
5635 277 1
5636 619 0
5637 223 1
5638 674 1
5639 865 0
5640 839 1
5641 219 1
5642 673 1
5643 708 1
5644 466 1
5645 598 0
5646 83 0
5647 553 0
5648 59 0
5649 391 0
5650 592 1
5651 535 1
5652 286 0
5653 167 1
5654 337 0
5655 411 0
5656 695 0
5657 598 1
5658 309 1
5659 924 0
5660 356 1
5661 589 1
5662 433 1
5663 493 1
5664 631 1
5665 892 1
5666 341 0
5667 278 0
5668 708 1
5669 375 1
5670 266 1
5671 64 1
5672 205 0
5673 172 1
5674 490 1
5675 77 1
5676 460 1
5677 75 1
5678 598 1
5679 174 1
5680 921 0
5681 295 1
5682 69 1
5683 411 0
5684 487 1
5685 345 1
5686 361 1
5687 503 0
5688 540 0
5689 815 1
5690 560 0
5691 931 1
5692 348 1
5693 436 0
5694 363 1
5695 697 1
5696 198 1
5697 388 1
5698 88 0
5699 247 1
5700 373 1
5701 117 1
5702 736 1
5703 770 1
5704 764 1
5705 148 1
5706 54 1
5707 868 0
5708 874 1
5709 816 0
5710 171 0
5711 97 1
5712 349 1
5713 105 0
5714 752 0
5715 747 1
5716 945 1
5717 117 1
5718 6 1
5719 533 1
5720 48 1
5721 884 1
5722 550 0
5723 239 1
5724 632 1
5725 238 0
5726 678 1
5727 907 1
5728 289 1
5729 932 0
5730 419 0
5731 689 1
5732 799 0
5733 356 1
5734 481 1
5735 365 1
5736 360 1
5737 367 0
5738 577 1
5739 176 1
5740 450 0
5741 801 1
5742 484 1
5743 677 1
5744 562 1
5745 602 1
5746 599 1
5747 603 1
5748 206 1
5749 47 0
5750 637 1
5751 686 1
5752 449 0
5753 15 0
5754 447 0
5755 77 0
5756 340 1
5757 548 1
5758 428 1
5759 385 0
5760 146 1
5761 229 0
5762 122 1
5763 932 1
5764 845 1
5765 484 0
5766 179 0
5767 322 0
5768 65 1
5769 442 0
5770 944 0
5771 879 1
5772 186 1
5773 897 0
5774 909 1
5775 128 1
5776 112 0
5777 589 0
5778 923 0
5779 297 0
5780 77 1
5781 827 1
5782 740 0
5783 619 1
5784 10 1
5785 106 0
5786 369 0
5787 346 1
5788 935 1
5789 905 0
5790 368 1
5791 742 1
5792 858 0
5793 183 0
5794 428 1
5795 179 0
5796 729 0
5797 230 0
5798 945 0
5799 117 1
5800 698 0
5801 697 1
5802 677 0
5803 412 0
5804 129 1
5805 352 1
5806 192 0
5807 179 0
5808 267 0
5809 673 0
5810 310 1
5811 669 1
5812 647 1
5813 85 1
5814 536 1
5815 123 0
5816 160 0
5817 825 1
5818 652 1
5819 291 0
5820 662 1
5821 746 1
5822 526 1
5823 692 1
5824 756 1
5825 11 0
5826 59 1
5827 628 1
5828 368 1
5829 821 1
5830 650 1
5831 662 1
5832 819 1
5833 169 1
5834 832 1
5835 774 0
5836 572 0
5837 870 0
5838 22 0
5839 679 1
5840 503 1
5841 366 1
5842 840 0
5843 737 1
5844 231 1
5845 369 1
5846 346 1
5847 894 0
5848 360 1
5849 213 1
5850 46 1
5851 262 0
5852 350 1
5853 504 1
5854 270 1
5855 884 1
5856 130 1
5857 804 0
5858 767 0
5859 701 1
5860 942 1
5861 402 0
5862 890 0
5863 30 1
5864 201 0
5865 19 0
5866 284 1
5867 333 0
5868 882 1
5869 740 1
5870 543 0
5871 448 1
5872 451 1
5873 432 0
5874 369 0
5875 739 1
5876 725 0
5877 176 0
5878 279 1
5879 442 0
5880 449 1
5881 462 1
5882 476 1
5883 156 1
5884 155 1
5885 353 1
5886 97 1
5887 159 1
5888 841 0
5889 289 1
5890 926 0
5891 98 1
5892 11 1
5893 163 0
5894 481 0
5895 238 1
5896 800 1
5897 187 1
5898 18 0
5899 477 0
5900 708 0
5901 871 1
5902 153 1
5903 142 1
5904 824 1
5905 47 0
5906 927 1
5907 564 0
5908 154 1
5909 696 1
5910 801 1
5911 89 1
5912 423 1
5913 455 0
5914 353 1
5915 614 1
5916 285 0
5917 656 0
5918 92 1
5919 221 1
5920 18 1
5921 774 0
5922 827 1
5923 672 0
5924 323 1
5925 406 0
5926 145 1
5927 302 0
5928 505 1
5929 744 1
5930 212 1
5931 708 1
5932 686 1
5933 669 1
5934 5 1
5935 216 1
5936 360 0
5937 702 1
5938 852 1
5939 692 0
5940 319 1
5941 821 0
5942 381 1
5943 767 0
5944 669 1
5945 266 1
5946 713 1
5947 166 1
5948 861 1
5949 700 1
5950 248 1
5951 623 1
5952 695 1
5953 319 1
5954 276 1
5955 298 0
5956 897 1
5957 794 0
5958 86 0
5959 686 1
5960 915 1
5961 425 1
5962 449 1
5963 604 1
5964 895 0
5965 19 1
5966 328 1
5967 275 1
5968 491 1
5969 827 1
5970 659 1
5971 151 0
5972 88 1
5973 410 1
5974 82 0
5975 929 1
5976 570 1
5977 202 0
5978 468 1
5979 853 1
5980 218 1
5981 349 1
5982 717 0
5983 773 1
5984 6 0
5985 84 1
5986 834 1
5987 743 1
5988 648 1
5989 830 0
5990 91 1
5991 516 1
5992 690 1
5993 884 1
5994 313 1
5995 364 1
5996 185 1
5997 547 1
5998 806 1
5999 899 1
6000 762 1
6001 266 1
6002 686 1
6003 95 0
6004 5 1
6005 853 1
6006 262 1
6007 226 1
6008 876 1
6009 633 1
6010 423 0
6011 510 1
6012 232 1
6013 34 0
6014 219 1
6015 639 1
6016 439 0
6017 420 1
6018 436 0
6019 302 1
6020 230 1
6021 6 0
6022 632 0
6023 912 1
6024 811 0
6025 541 1
6026 118 0
6027 365 0
6028 216 0
6029 857 1
6030 121 0
6031 204 0
6032 923 1
6033 473 1
6034 875 0
6035 323 1
6036 718 1
6037 119 1
6038 296 0
6039 436 0
6040 419 0
6041 183 1
6042 816 0
6043 356 1
6044 682 1
6045 935 0
6046 20 1
6047 151 0
6048 552 1
6049 826 1
6050 868 0
6051 108 0
6052 533 1
6053 514 0
6054 313 1
6055 724 0
6056 715 1
6057 471 1
6058 244 1
6059 139 1
6060 564 1
6061 518 1
6062 735 1
6063 316 1
6064 497 0
6065 291 0
6066 134 1
6067 794 1
6068 627 1
6069 284 1
6070 100 1
6071 194 1
6072 703 1
6073 868 1
6074 282 1
6075 397 1
6076 337 1
6077 218 1
6078 107 0
6079 203 0
6080 199 1
6081 758 1
6082 894 1
6083 54 1
6084 437 0
6085 38 0
6086 814 1
6087 821 1
6088 367 0
6089 42 1
6090 273 1
6091 17 1
6092 142 1
6093 471 1
6094 238 1
6095 322 1
6096 903 1
6097 771 1
6098 889 1
6099 895 1
6100 366 1
6101 651 1
6102 901 0
6103 275 1
6104 58 0
6105 439 1
6106 490 0
6107 675 1
6108 159 1
6109 616 1
6110 609 1
6111 570 1
6112 541 0
6113 886 1
6114 689 1
6115 598 1
6116 557 0
6117 79 0
6118 564 0
6119 302 1
6120 405 1
6121 421 1
6122 931 1
6123 581 1
6124 766 0
6125 277 1
6126 659 0
6127 464 1
6128 30 1
6129 473 0
6130 27 1
6131 564 1
6132 163 1
6133 565 1
6134 731 1
6135 818 1
6136 397 0
6137 139 0
6138 179 1
6139 262 1
6140 440 1
6141 842 1
6142 440 1
6143 556 0
6144 232 1
6145 924 1
6146 622 0
6147 579 0
6148 919 1
6149 302 1
6150 800 1
6151 628 0
6152 202 0
6153 369 1
6154 10 0
6155 794 1
