3324
1 84 0
2 399 0
3 405 0
4 562 1
5 17 1
6 287 1
7 399 0
8 170 1
9 542 1
10 554 1
11 398 0
12 25 1
13 78 0
14 619 1
15 249 0
16 276 1
17 480 1
18 391 1
19 502 1
20 248 0
21 473 1
22 595 1
23 173 0
24 508 0
25 598 1
26 134 1
27 26 1
28 327 0
29 22 1
30 69 1
31 105 1
32 605 1
33 155 1
34 87 1
35 449 1
36 195 1
37 5 0
38 295 0
39 56 0
40 28 0
41 250 1
42 152 0
43 206 1
44 265 1
45 41 1
46 500 1
47 564 0
48 500 1
49 602 1
50 511 1
51 576 1
52 474 0
53 113 1
54 528 0
55 590 0
56 476 1
57 602 0
58 367 1
59 241 0
60 403 1
61 101 0
62 197 0
63 509 0
64 519 1
65 303 1
66 546 1
67 237 1
68 77 1
69 289 1
70 288 1
71 411 0
72 337 0
73 527 1
74 438 0
75 587 0
76 301 0
77 129 1
78 487 1
79 213 1
80 249 1
81 20 1
82 12 0
83 316 1
84 376 0
85 462 1
86 620 0
87 44 0
88 387 1
89 277 1
90 590 0
91 167 0
92 52 0
93 407 1
94 185 1
95 279 1
96 503 1
97 365 0
98 324 1
99 489 0
100 537 0
101 614 1
102 441 1
103 96 1
104 364 0
105 154 1
106 372 0
107 229 1
108 502 1
109 215 0
110 623 1
111 257 1
112 561 1
113 142 1
114 437 0
115 86 1
116 84 1
117 114 1
118 377 1
119 488 0
120 353 0
121 196 0
122 213 0
123 400 1
124 312 0
125 20 1
126 359 1
127 562 0
128 33 0
129 190 0
130 470 1
131 61 1
132 110 1
133 214 0
134 155 1
135 480 0
136 594 1
137 483 0
138 352 0
139 139 1
140 115 0
141 216 0
142 204 1
143 529 0
144 215 1
145 592 0
146 245 1
147 490 1
148 597 1
149 94 0
150 22 0
151 394 1
152 616 1
153 39 0
154 262 1
155 250 0
156 222 1
157 102 1
158 611 1
159 432 1
160 601 0
161 11 1
162 178 0
163 337 1
164 339 0
165 28 1
166 371 1
167 227 1
168 318 1
169 456 0
170 214 1
171 208 1
172 423 1
173 631 1
174 192 1
175 360 1
176 70 0
177 257 1
178 525 1
179 274 1
180 275 1
181 476 0
182 376 0
183 133 1
184 104 0
185 525 1
186 430 1
187 523 0
188 410 1
189 387 1
190 316 1
191 12 1
192 253 1
193 519 0
194 631 0
195 258 0
196 229 1
197 168 0
198 572 1
199 551 1
200 142 0
201 245 1
202 426 1
203 42 0
204 20 0
205 572 1
206 427 1
207 492 1
208 104 1
209 592 1
210 305 0
211 258 1
212 201 1
213 390 1
214 95 0
215 65 0
216 518 0
217 59 1
218 328 0
219 280 1
220 415 1
221 454 1
222 53 0
223 22 0
224 457 0
225 28 1
226 80 0
227 547 1
228 79 1
229 420 0
230 379 0
231 179 1
232 46 0
233 225 0
234 108 1
235 608 1
236 607 1
237 499 1
238 508 0
239 587 1
240 385 1
241 344 1
242 267 1
243 631 0
244 328 1
245 289 1
246 154 1
247 104 1
248 360 0
249 459 1
250 84 1
251 126 1
252 629 0
253 603 1
254 281 1
255 85 1
256 537 1
257 382 1
258 454 0
259 285 1
260 48 0
261 106 1
262 62 0
263 286 0
264 308 1
265 140 0
266 429 1
267 218 0
268 26 1
269 178 0
270 627 0
271 107 0
272 344 1
273 353 1
274 4 0
275 197 0
276 347 1
277 22 0
278 165 1
279 81 1
280 304 1
281 0 0
282 256 1
283 409 1
284 290 0
285 357 1
286 503 0
287 582 1
288 607 1
289 378 1
290 189 1
291 547 1
292 12 1
293 196 1
294 127 0
295 419 0
296 268 1
297 416 1
298 521 1
299 575 0
300 430 0
301 345 0
302 415 1
303 513 0
304 362 1
305 249 0
306 600 1
307 338 0
308 499 1
309 441 1
310 581 1
311 309 1
312 529 0
313 507 1
314 568 1
315 478 1
316 515 1
317 30 0
318 134 0
319 569 1
320 568 1
321 298 0
322 115 1
323 164 0
324 305 1
325 491 1
326 82 1
327 351 0
328 25 1
329 162 0
330 441 1
331 208 1
332 482 1
333 387 0
334 549 1
335 363 1
336 274 1
337 35 0
338 548 1
339 370 0
340 572 1
341 356 0
342 278 0
343 516 1
344 66 0
345 147 1
346 453 1
347 80 1
348 361 1
349 285 1
350 39 1
351 527 0
352 560 1
353 587 1
354 529 1
355 577 0
356 319 1
357 372 1
358 257 1
359 150 0
360 66 0
361 599 0
362 420 1
363 188 0
364 397 0
365 307 1
366 255 1
367 519 0
368 12 0
369 539 1
370 46 1
371 375 1
372 32 1
373 212 0
374 251 0
375 381 1
376 428 0
377 87 1
378 276 0
379 246 0
380 400 1
381 245 1
382 4 0
383 87 0
384 602 0
385 442 1
386 244 1
387 263 0
388 180 1
389 450 1
390 606 1
391 516 0
392 311 1
393 382 1
394 13 1
395 512 1
396 316 1
397 320 0
398 21 1
399 220 1
400 168 1
401 522 1
402 613 1
403 573 0
404 395 0
405 358 1
406 470 1
407 17 1
408 95 0
409 619 1
410 278 1
411 290 1
412 272 1
413 164 1
414 152 1
415 283 1
416 181 0
417 501 0
418 90 0
419 204 1
420 79 1
421 102 1
422 53 1
423 464 0
424 519 0
425 25 1
426 81 0
427 7 1
428 176 1
429 531 0
430 323 1
431 300 0
432 119 1
433 31 0
434 491 0
435 463 1
436 47 1
437 253 1
438 569 0
439 133 0
440 418 1
441 501 0
442 358 1
443 621 1
444 447 1
445 514 1
446 583 0
447 525 0
448 348 1
449 47 1
450 41 0
451 544 1
452 210 0
453 74 0
454 131 0
455 600 0
456 250 1
457 183 1
458 628 1
459 276 0
460 457 1
461 463 0
462 336 1
463 244 1
464 161 1
465 24 1
466 569 0
467 59 1
468 615 0
469 292 0
470 225 0
471 546 0
472 378 1
473 333 1
474 552 1
475 65 1
476 533 1
477 32 1
478 132 1
479 54 1
480 451 0
481 264 1
482 414 1
483 533 1
484 341 1
485 392 0
486 217 1
487 407 0
488 168 1
489 335 1
490 367 1
491 346 1
492 178 1
493 501 1
494 539 0
495 372 1
496 401 1
497 627 1
498 93 0
499 461 1
500 601 1
501 366 1
502 408 0
503 31 0
504 531 1
505 431 1
506 16 1
507 530 0
508 290 0
509 156 1
510 87 0
511 435 1
512 298 1
513 438 1
514 205 1
515 192 1
516 369 0
517 126 1
518 466 0
519 604 0
520 523 1
521 512 1
522 313 1
523 501 1
524 575 1
525 566 1
526 436 0
527 285 1
528 565 1
529 376 0
530 239 0
531 77 1
532 262 1
533 2 0
534 360 1
535 226 1
536 142 0
537 556 1
538 282 1
539 309 1
540 215 1
541 135 1
542 494 1
543 403 1
544 395 1
545 329 0
546 483 0
547 493 1
548 494 0
549 607 1
550 351 1
551 238 0
552 73 1
553 200 0
554 236 1
555 462 1
556 519 1
557 120 1
558 384 1
559 572 1
560 36 0
561 30 0
562 559 1
563 514 1
564 268 1
565 408 1
566 455 1
567 247 0
568 58 1
569 17 1
570 609 0
571 514 1
572 327 1
573 8 0
574 524 1
575 625 1
576 616 1
577 329 1
578 312 1
579 95 0
580 465 1
581 217 1
582 400 0
583 467 1
584 46 1
585 521 1
586 98 0
587 400 1
588 285 1
589 270 1
590 122 0
591 620 0
592 50 0
593 414 0
594 293 1
595 594 1
596 263 0
597 179 0
598 527 1
599 256 0
600 380 1
601 595 0
602 428 1
603 153 1
604 19 0
605 139 1
606 453 0
607 130 0
608 210 1
609 518 1
610 188 1
611 512 1
612 541 1
613 249 0
614 587 1
615 257 1
616 532 1
617 62 1
618 463 0
619 289 0
620 291 1
621 508 1
622 323 1
623 383 0
624 433 1
625 402 1
626 630 1
627 323 0
628 105 1
629 221 1
630 327 0
631 276 1
632 581 1
633 435 1
634 321 1
635 143 1
636 172 1
637 492 0
638 540 1
639 394 1
640 392 1
641 211 0
642 211 1
643 60 1
644 357 1
645 375 0
646 529 1
647 44 1
648 123 1
649 137 1
650 339 1
651 307 1
652 298 1
653 256 0
654 290 0
655 428 0
656 580 1
657 206 0
658 424 0
659 358 1
660 316 0
661 601 1
662 518 1
663 54 1
664 259 0
665 335 0
666 356 1
667 243 1
668 58 0
669 109 1
670 399 1
671 166 1
672 427 1
673 387 1
674 522 0
675 17 0
676 612 0
677 300 1
678 398 1
679 387 1
680 314 0
681 506 0
682 616 0
683 575 0
684 499 1
685 41 0
686 472 1
687 494 0
688 463 0
689 251 1
690 243 1
691 441 1
692 137 1
693 602 0
694 346 1
695 558 1
696 329 0
697 62 1
698 430 0
699 3 1
700 573 1
701 443 0
702 252 1
703 445 0
704 436 0
705 318 0
706 214 1
707 35 0
708 116 1
709 136 1
710 128 1
711 488 1
712 259 1
713 536 1
714 323 0
715 234 1
716 584 0
717 441 1
718 116 0
719 169 0
720 82 1
721 365 1
722 496 1
723 532 1
724 173 1
725 325 1
726 498 0
727 526 0
728 498 0
729 63 1
730 217 0
731 101 0
732 109 0
733 139 1
734 563 1
735 27 1
736 45 0
737 193 1
738 446 1
739 403 0
740 10 1
741 54 0
742 158 1
743 516 1
744 258 1
745 612 1
746 10 1
747 411 0
748 506 0
749 229 1
750 108 1
751 332 1
752 418 0
753 578 1
754 500 1
755 99 1
756 442 1
757 153 0
758 617 1
759 391 1
760 382 0
761 368 1
762 332 1
763 397 0
764 580 0
765 409 1
766 133 0
767 208 1
768 400 1
769 147 0
770 385 1
771 545 0
772 167 0
773 446 1
774 502 0
775 159 0
776 456 0
777 412 1
778 558 0
779 127 0
780 51 1
781 443 1
782 411 0
783 620 1
784 573 0
785 328 0
786 32 0
787 169 1
788 188 0
789 350 1
790 184 1
791 76 1
792 172 1
793 563 1
794 431 1
795 368 0
796 477 1
797 551 0
798 598 1
799 432 1
800 324 1
801 629 0
802 249 1
803 556 0
804 30 1
805 263 0
806 435 0
807 623 1
808 595 1
809 587 1
810 492 1
811 124 0
812 267 1
813 590 0
814 348 1
815 18 1
816 514 1
817 278 1
818 464 0
819 451 0
820 126 1
821 476 1
822 187 1
823 534 1
824 151 0
825 540 1
826 460 0
827 345 0
828 591 0
829 325 1
830 573 0
831 111 1
832 9 1
833 351 1
834 358 1
835 101 0
836 17 1
837 295 1
838 177 0
839 237 0
840 450 1
841 223 0
842 576 1
843 255 1
844 4 1
845 606 1
846 58 1
847 281 1
848 241 1
849 309 1
850 50 1
851 218 1
852 123 1
853 156 1
854 593 0
855 397 1
856 304 1
857 454 1
858 323 1
859 30 0
860 540 1
861 38 1
862 488 1
863 318 1
864 201 0
865 579 1
866 289 0
867 605 0
868 560 1
869 480 0
870 288 1
871 63 1
872 114 1
873 90 1
874 477 1
875 532 0
876 7 1
877 115 1
878 140 1
879 475 1
880 312 1
881 246 1
882 351 1
883 147 1
884 229 0
885 565 1
886 121 1
887 360 1
888 280 0
889 441 1
890 339 0
891 274 1
892 45 1
893 610 1
894 591 0
895 295 1
896 6 0
897 4 1
898 527 1
899 288 0
900 547 0
901 407 0
902 616 0
903 154 0
904 352 0
905 153 1
906 70 0
907 288 1
908 468 0
909 184 1
910 600 1
911 579 1
912 39 1
913 99 1
914 503 1
915 572 1
916 374 1
917 335 1
918 248 1
919 386 1
920 219 1
921 24 1
922 618 0
923 288 0
924 460 1
925 245 1
926 605 1
927 168 0
928 542 0
929 461 0
930 422 1
931 596 1
932 629 0
933 403 0
934 439 0
935 94 0
936 463 0
937 198 0
938 198 1
939 150 1
940 611 1
941 219 1
942 354 1
943 477 1
944 422 1
945 442 1
946 587 0
947 257 1
948 354 1
949 594 1
950 467 0
951 184 1
952 574 0
953 512 1
954 2 0
955 47 0
956 308 1
957 446 0
958 422 0
959 174 0
960 361 0
961 305 1
962 156 1
963 32 1
964 240 1
965 554 1
966 449 0
967 138 1
968 254 1
969 412 0
970 44 0
971 522 1
972 609 1
973 380 1
974 392 1
975 492 1
976 422 0
977 319 0
978 493 1
979 222 1
980 111 1
981 574 0
982 130 1
983 200 0
984 94 1
985 293 1
986 437 0
987 375 0
988 400 1
989 578 0
990 561 0
991 163 1
992 483 1
993 61 1
994 199 1
995 93 1
996 310 1
997 121 0
998 112 1
999 477 1
1000 299 0
1001 229 0
1002 85 1
1003 282 1
1004 611 1
1005 529 0
1006 546 1
1007 137 1
1008 424 1
1009 389 0
1010 365 1
1011 67 1
1012 516 1
1013 250 0
1014 393 1
1015 84 0
1016 113 0
1017 562 1
1018 169 0
1019 568 1
1020 205 0
1021 50 1
1022 289 0
1023 281 0
1024 153 0
1025 470 1
1026 403 1
1027 328 1
1028 92 0
1029 47 1
1030 555 1
1031 428 0
1032 214 1
1033 116 1
1034 452 1
1035 529 1
1036 166 0
1037 25 1
1038 534 1
1039 419 1
1040 112 1
1041 339 1
1042 160 1
1043 569 1
1044 379 0
1045 622 1
1046 516 0
1047 102 1
1048 24 0
1049 479 0
1050 556 1
1051 267 1
1052 87 0
1053 544 1
1054 484 1
1055 442 1
1056 470 1
1057 361 0
1058 583 1
1059 16 0
1060 47 1
1061 281 1
1062 190 1
1063 544 1
1064 371 0
1065 458 1
1066 416 1
1067 265 0
1068 268 1
1069 375 0
1070 274 0
1071 598 0
1072 215 0
1073 624 0
1074 390 0
1075 146 0
1076 529 1
1077 251 1
1078 177 1
1079 67 0
1080 202 1
1081 609 1
1082 385 1
1083 372 1
1084 301 0
1085 22 0
1086 180 1
1087 51 1
1088 80 1
1089 329 1
1090 449 1
1091 158 1
1092 268 1
1093 198 1
1094 338 1
1095 128 1
1096 41 1
1097 409 1
1098 229 1
1099 330 0
1100 144 1
1101 471 1
1102 106 1
1103 605 1
1104 331 0
1105 542 0
1106 25 0
1107 375 0
1108 360 0
1109 507 1
1110 90 1
1111 373 1
1112 392 0
1113 442 0
1114 64 1
1115 401 0
1116 258 0
1117 302 1
1118 528 1
1119 435 0
1120 341 1
1121 255 1
1122 294 1
1123 427 1
1124 455 1
1125 486 0
1126 589 1
1127 560 0
1128 143 1
1129 334 1
1130 158 0
1131 68 0
1132 223 1
1133 31 1
1134 527 0
1135 226 1
1136 578 0
1137 368 1
1138 246 0
1139 26 0
1140 347 1
1141 380 1
1142 622 1
1143 15 1
1144 443 0
1145 625 1
1146 218 1
1147 268 0
1148 314 1
1149 442 0
1150 534 0
1151 210 0
1152 399 1
1153 484 1
1154 624 1
1155 481 1
1156 272 1
1157 407 1
1158 419 0
1159 160 1
1160 539 0
1161 80 0
1162 613 0
1163 448 1
1164 416 0
1165 268 1
1166 174 0
1167 562 1
1168 191 1
1169 354 1
1170 172 0
1171 287 0
1172 313 1
1173 474 1
1174 251 1
1175 95 1
1176 554 0
1177 48 0
1178 292 1
1179 76 1
1180 3 1
1181 159 1
1182 591 0
1183 1 1
1184 152 0
1185 615 1
1186 441 0
1187 538 1
1188 97 0
1189 103 1
1190 262 1
1191 272 0
1192 141 0
1193 599 1
1194 67 1
1195 277 1
1196 154 0
1197 131 1
1198 176 1
1199 545 0
1200 372 1
1201 538 1
1202 45 0
1203 300 1
1204 186 0
1205 374 1
1206 369 1
1207 515 0
1208 333 1
1209 78 1
1210 290 1
1211 238 1
1212 560 1
1213 323 1
1214 386 1
1215 315 0
1216 10 0
1217 304 0
1218 545 0
1219 81 1
1220 25 1
1221 314 1
1222 468 1
1223 39 0
1224 327 0
1225 219 0
1226 357 1
1227 195 1
1228 76 0
1229 153 1
1230 520 1
1231 472 1
1232 456 1
1233 470 0
1234 399 1
1235 233 1
1236 257 1
1237 69 1
1238 394 1
1239 544 0
1240 109 0
1241 589 0
1242 470 1
1243 517 0
1244 437 1
1245 260 1
1246 274 1
1247 105 1
1248 8 0
1249 464 1
1250 261 1
1251 82 1
1252 263 1
1253 262 0
1254 27 0
1255 630 0
1256 70 0
1257 371 1
1258 620 1
1259 222 1
1260 175 1
1261 632 1
1262 348 1
1263 546 0
1264 446 1
1265 532 1
1266 92 1
1267 361 1
1268 533 1
1269 264 1
1270 564 1
1271 580 1
1272 95 0
1273 426 1
1274 456 1
1275 274 0
1276 380 1
1277 215 1
1278 259 1
1279 218 0
1280 271 1
1281 547 0
1282 614 1
1283 604 0
1284 32 1
1285 323 1
1286 378 1
1287 481 1
1288 471 1
1289 439 0
1290 55 1
1291 175 1
1292 235 1
1293 297 1
1294 285 1
1295 334 1
1296 632 1
1297 54 0
1298 290 1
1299 376 0
1300 142 1
1301 168 0
1302 220 1
1303 244 1
1304 57 0
1305 235 1
1306 531 0
1307 316 1
1308 568 0
1309 279 1
1310 496 1
1311 25 1
1312 628 1
1313 357 0
1314 622 1
1315 490 1
1316 50 0
1317 419 0
1318 559 1
1319 211 1
1320 365 1
1321 497 1
1322 624 0
1323 46 0
1324 160 1
1325 27 1
1326 72 1
1327 284 0
1328 17 0
1329 235 0
1330 626 0
1331 538 0
1332 1 1
1333 80 1
1334 121 1
1335 310 0
1336 506 1
1337 632 0
1338 238 1
1339 305 0
1340 254 1
1341 304 1
1342 269 1
1343 278 1
1344 480 0
1345 60 1
1346 605 1
1347 166 1
1348 172 1
1349 416 1
1350 306 1
1351 146 1
1352 35 0
1353 40 0
1354 592 1
1355 555 1
1356 446 1
1357 539 1
1358 63 1
1359 136 0
1360 581 1
1361 34 0
1362 160 1
1363 293 0
1364 215 1
1365 511 1
1366 570 1
1367 65 0
1368 570 1
1369 128 1
1370 219 1
1371 107 0
1372 158 0
1373 515 1
1374 598 1
1375 534 0
1376 213 1
1377 231 1
1378 537 1
1379 474 1
1380 368 0
1381 6 1
1382 259 0
1383 160 0
1384 580 0
1385 90 1
1386 222 0
1387 81 0
1388 495 1
1389 486 1
1390 613 1
1391 138 1
1392 205 0
1393 217 1
1394 28 1
1395 111 0
1396 409 1
1397 585 0
1398 74 1
1399 114 1
1400 167 0
1401 69 0
1402 53 1
1403 136 0
1404 630 1
1405 142 1
1406 259 1
1407 569 0
1408 418 1
1409 340 0
1410 95 1
1411 209 1
1412 338 1
1413 307 0
1414 39 1
1415 200 1
1416 277 0
1417 480 1
1418 304 1
1419 12 1
1420 489 1
1421 44 0
1422 319 0
1423 462 1
1424 534 1
1425 434 0
1426 504 1
1427 384 1
1428 572 0
1429 504 1
1430 130 1
1431 587 0
1432 224 1
1433 505 1
1434 416 1
1435 78 1
1436 556 1
1437 385 0
1438 620 0
1439 112 0
1440 265 1
1441 400 1
1442 325 0
1443 228 0
1444 609 1
1445 9 1
1446 571 0
1447 396 1
1448 396 0
1449 55 1
1450 34 0
1451 217 0
1452 140 1
1453 81 1
1454 583 0
1455 531 0
1456 625 1
1457 118 1
1458 331 0
1459 347 1
1460 214 0
1461 179 1
1462 319 0
1463 313 1
1464 610 1
1465 27 1
1466 270 0
1467 601 1
1468 96 1
1469 305 1
1470 10 0
1471 144 0
1472 383 1
1473 85 1
1474 377 1
1475 38 1
1476 40 1
1477 627 0
1478 560 1
1479 209 0
1480 442 1
1481 431 1
1482 481 1
1483 258 1
1484 214 1
1485 507 1
1486 534 0
1487 512 0
1488 163 1
1489 132 1
1490 165 1
1491 382 0
1492 156 0
1493 448 1
1494 449 0
1495 503 0
1496 260 0
1497 105 1
1498 582 1
1499 452 1
1500 60 0
1501 39 0
1502 110 1
1503 128 1
1504 400 1
1505 65 1
1506 314 1
1507 20 1
1508 591 1
1509 437 1
1510 376 1
1511 548 0
1512 374 1
1513 511 1
1514 34 1
1515 252 1
1516 423 0
1517 573 1
1518 210 1
1519 57 0
1520 211 1
1521 425 0
1522 338 1
1523 130 1
1524 163 1
1525 67 1
1526 7 1
1527 309 1
1528 287 1
1529 587 0
1530 168 1
1531 417 0
1532 382 1
1533 374 1
1534 308 1
1535 336 1
1536 438 1
1537 179 0
1538 456 0
1539 321 0
1540 11 1
1541 293 1
1542 139 1
1543 168 1
1544 441 1
1545 114 0
1546 212 1
1547 566 1
1548 22 1
1549 320 1
1550 622 1
1551 617 0
1552 149 1
1553 453 0
1554 241 1
1555 242 0
1556 298 0
1557 39 1
1558 272 1
1559 113 0
1560 214 0
1561 54 0
1562 411 1
1563 270 1
1564 176 1
1565 531 1
1566 496 0
1567 476 1
1568 446 0
1569 384 0
1570 204 0
1571 73 1
1572 412 1
1573 189 0
1574 205 1
1575 531 0
1576 299 1
1577 95 1
1578 455 0
1579 394 1
1580 205 1
1581 564 1
1582 56 0
1583 596 1
1584 354 1
1585 439 1
1586 106 1
1587 311 1
1588 510 1
1589 336 1
1590 571 0
1591 384 1
1592 68 1
1593 197 1
1594 94 1
1595 173 1
1596 16 0
1597 134 1
1598 162 0
1599 459 1
1600 94 1
1601 324 0
1602 546 0
1603 603 1
1604 270 1
1605 387 0
1606 307 0
1607 328 0
1608 500 1
1609 33 1
1610 366 1
1611 545 0
1612 193 1
1613 339 0
1614 543 1
1615 121 0
1616 82 0
1617 87 1
1618 99 1
1619 184 0
1620 130 1
1621 461 1
1622 592 1
1623 62 0
1624 564 1
1625 70 0
1626 185 0
1627 446 1
1628 544 1
1629 502 0
1630 85 1
1631 340 1
1632 204 0
1633 563 1
1634 368 1
1635 557 0
1636 568 1
1637 301 1
1638 539 1
1639 2 1
1640 343 1
1641 15 0
1642 53 1
1643 157 1
1644 381 1
1645 184 0
1646 534 1
1647 401 1
1648 201 0
1649 291 1
1650 327 1
1651 317 1
1652 598 0
1653 555 1
1654 232 1
1655 106 1
1656 513 1
1657 353 0
1658 467 1
1659 297 1
1660 421 0
1661 449 1
1662 255 1
1663 309 1
1664 431 1
1665 160 1
1666 65 0
1667 154 1
1668 462 0
1669 301 1
1670 517 1
1671 519 1
1672 413 1
1673 97 1
1674 0 0
1675 228 1
1676 10 1
1677 626 0
1678 144 0
1679 490 1
1680 151 1
1681 467 0
1682 495 1
1683 130 1
1684 581 0
1685 152 1
1686 204 1
1687 628 1
1688 44 1
1689 631 1
1690 254 1
1691 349 0
1692 153 1
1693 413 1
1694 526 1
1695 122 1
1696 171 0
1697 260 1
1698 461 1
1699 123 1
1700 71 1
1701 6 0
1702 81 0
1703 27 1
1704 494 0
1705 572 1
1706 19 0
1707 378 0
1708 397 0
1709 354 0
1710 196 1
1711 333 1
1712 316 1
1713 283 1
1714 118 0
1715 320 1
1716 450 0
1717 350 1
1718 212 1
1719 308 1
1720 170 1
1721 589 1
1722 302 0
1723 246 1
1724 259 0
1725 354 1
1726 210 1
1727 72 1
1728 416 1
1729 439 1
1730 530 1
1731 608 0
1732 336 1
1733 529 0
1734 354 1
1735 389 0
1736 334 1
1737 598 1
1738 445 0
1739 67 0
1740 462 0
1741 526 1
1742 243 1
1743 333 1
1744 88 0
1745 444 0
1746 32 1
1747 214 1
1748 395 1
1749 51 0
1750 197 0
1751 523 1
1752 34 1
1753 417 1
1754 349 1
1755 434 1
1756 155 0
1757 618 1
1758 60 1
1759 308 0
1760 224 0
1761 17 0
1762 189 0
1763 508 1
1764 225 1
1765 583 1
1766 249 1
1767 203 1
1768 612 0
1769 531 1
1770 354 1
1771 273 1
1772 426 1
1773 42 1
1774 458 1
1775 519 1
1776 237 1
1777 72 1
1778 17 1
1779 260 1
1780 274 0
1781 432 0
1782 450 1
1783 575 1
1784 389 1
1785 523 1
1786 456 1
1787 387 0
1788 419 1
1789 619 1
1790 30 1
1791 60 1
1792 174 1
1793 60 0
1794 598 0
1795 202 1
1796 414 1
1797 12 1
1798 404 0
1799 426 1
1800 78 0
1801 37 1
1802 362 1
1803 33 1
1804 621 0
1805 276 1
1806 290 0
1807 170 1
1808 353 1
1809 423 1
1810 435 1
1811 556 1
1812 394 0
1813 214 1
1814 290 0
1815 91 1
1816 91 1
1817 153 0
1818 436 1
1819 485 0
1820 88 1
1821 326 0
1822 348 1
1823 610 1
1824 610 0
1825 385 1
1826 159 1
1827 396 0
1828 527 1
1829 601 1
1830 385 0
1831 321 0
1832 71 1
1833 180 1
1834 545 1
1835 66 0
1836 43 1
1837 30 1
1838 138 1
1839 458 0
1840 174 0
1841 410 0
1842 168 1
1843 137 0
1844 33 1
1845 14 1
1846 48 1
1847 29 1
1848 577 0
1849 395 0
1850 240 1
1851 140 1
1852 103 1
1853 558 0
1854 60 1
1855 240 1
1856 360 1
1857 569 0
1858 73 1
1859 359 1
1860 579 1
1861 176 1
1862 476 1
1863 515 0
1864 414 1
1865 42 0
1866 622 1
1867 72 0
1868 352 1
1869 101 1
1870 148 1
1871 13 1
1872 241 1
1873 55 1
1874 423 0
1875 188 1
1876 37 1
1877 130 1
1878 454 1
1879 183 0
1880 171 0
1881 542 1
1882 407 0
1883 19 1
1884 379 0
1885 421 0
1886 345 1
1887 170 1
1888 151 1
1889 35 1
1890 524 1
1891 193 0
1892 356 1
1893 209 0
1894 218 0
1895 180 1
1896 385 1
1897 201 0
1898 586 0
1899 51 0
1900 108 1
1901 109 1
1902 157 1
1903 289 1
1904 505 1
1905 133 1
1906 316 1
1907 206 0
1908 417 0
1909 215 1
1910 575 0
1911 159 1
1912 367 1
1913 368 1
1914 348 1
1915 536 1
1916 142 1
1917 159 0
1918 175 1
1919 492 1
1920 541 0
1921 325 1
1922 202 1
1923 261 1
1924 81 1
1925 505 1
1926 6 0
1927 233 1
1928 158 1
1929 578 1
1930 271 1
1931 212 1
1932 491 1
1933 596 1
1934 472 0
1935 596 1
1936 447 1
1937 486 0
1938 587 1
1939 519 1
1940 358 1
1941 458 1
1942 189 1
1943 623 0
1944 543 1
1945 104 1
1946 297 0
1947 477 0
1948 340 0
1949 589 1
1950 144 0
1951 441 1
1952 607 1
1953 259 0
1954 175 1
1955 362 0
1956 303 1
1957 32 0
1958 12 1
1959 91 1
1960 356 1
1961 503 0
1962 280 1
1963 576 1
1964 553 1
1965 567 1
1966 332 1
1967 307 1
1968 436 0
1969 633 1
1970 595 1
1971 395 1
1972 200 1
1973 7 1
1974 217 1
1975 17 0
1976 178 1
1977 361 1
1978 116 1
1979 213 0
1980 84 1
1981 501 0
1982 406 1
1983 490 0
1984 625 0
1985 186 1
1986 503 1
1987 101 1
1988 142 0
1989 281 1
1990 91 1
1991 67 0
1992 68 1
1993 611 1
1994 499 0
1995 621 0
1996 222 1
1997 17 1
1998 432 1
1999 202 1
2000 131 1
2001 28 1
2002 103 1
2003 587 0
2004 5 0
2005 373 1
2006 300 0
2007 249 1
2008 2 1
2009 320 1
2010 302 1
2011 218 0
2012 564 1
2013 402 0
2014 511 1
2015 438 1
2016 127 1
2017 410 1
2018 363 0
2019 244 1
2020 365 1
2021 465 1
2022 192 0
2023 283 0
2024 191 0
2025 464 1
2026 161 1
2027 151 1
2028 571 1
2029 106 1
2030 292 1
2031 225 1
2032 144 1
2033 417 1
2034 133 1
2035 241 1
2036 414 1
2037 530 1
2038 555 1
2039 569 0
2040 33 1
2041 374 1
2042 101 0
2043 53 1
2044 213 0
2045 486 0
2046 471 1
2047 174 1
2048 481 1
2049 488 1
2050 271 1
2051 362 1
2052 570 1
2053 426 0
2054 322 1
2055 372 1
2056 413 1
2057 317 1
2058 405 1
2059 552 1
2060 414 1
2061 489 1
2062 250 1
2063 233 1
2064 273 1
2065 479 0
2066 67 1
2067 364 0
2068 234 1
2069 263 0
2070 285 1
2071 45 1
2072 515 0
2073 463 1
2074 99 1
2075 271 1
2076 37 1
2077 14 0
2078 442 0
2079 153 1
2080 219 1
2081 510 1
2082 90 0
2083 58 1
2084 280 1
2085 131 0
2086 91 1
2087 398 0
2088 539 1
2089 144 1
2090 494 1
2091 285 1
2092 310 1
2093 68 1
2094 431 0
2095 602 0
2096 104 1
2097 71 1
2098 602 0
2099 403 0
2100 103 0
2101 466 1
2102 596 0
2103 52 1
2104 342 1
2105 158 0
2106 379 0
2107 99 1
2108 627 0
2109 577 0
2110 157 1
2111 209 1
2112 274 0
2113 224 0
2114 62 0
2115 143 1
2116 296 0
2117 128 1
2118 89 0
2119 412 0
2120 144 1
2121 0 1
2122 379 1
2123 464 1
2124 554 1
2125 566 1
2126 318 1
2127 107 0
2128 74 1
2129 603 1
2130 92 0
2131 185 1
2132 605 1
2133 415 0
2134 262 1
2135 376 0
2136 129 1
2137 297 1
2138 245 1
2139 16 0
2140 418 0
2141 10 1
2142 491 0
2143 463 0
2144 216 1
2145 585 1
2146 312 0
2147 466 0
2148 219 0
2149 111 0
2150 325 1
2151 138 1
2152 633 1
2153 615 1
2154 330 0
2155 177 1
2156 347 0
2157 101 0
2158 189 0
2159 538 1
2160 246 1
2161 482 1
2162 395 1
2163 91 1
2164 330 1
2165 229 0
2166 458 0
2167 243 1
2168 571 1
2169 585 0
2170 624 1
2171 266 0
2172 84 1
2173 195 1
2174 297 0
2175 446 1
2176 357 1
2177 351 0
2178 377 0
2179 500 1
2180 297 0
2181 612 1
2182 232 0
2183 579 1
2184 331 0
2185 205 1
2186 311 0
2187 427 1
2188 89 1
2189 552 1
2190 490 1
2191 64 1
2192 427 1
2193 100 1
2194 510 0
2195 244 1
2196 464 0
2197 295 1
2198 329 1
2199 0 0
2200 422 1
2201 633 0
2202 43 0
2203 378 1
2204 183 0
2205 288 0
2206 429 0
2207 137 1
2208 18 0
2209 161 1
2210 605 1
2211 586 1
2212 513 1
2213 266 0
2214 255 0
2215 520 1
2216 472 1
2217 27 1
2218 196 1
2219 416 1
2220 470 1
2221 303 0
2222 307 0
2223 256 1
2224 561 0
2225 622 1
2226 73 1
2227 103 1
2228 590 1
2229 562 1
2230 2 0
2231 24 1
2232 218 1
2233 7 1
2234 225 1
2235 44 1
2236 378 0
2237 211 1
2238 38 0
2239 261 1
2240 135 1
2241 267 1
2242 74 0
2243 563 1
2244 105 1
2245 11 1
2246 190 1
2247 349 0
2248 604 1
2249 72 1
2250 31 0
2251 26 0
2252 465 1
2253 345 0
2254 473 1
2255 353 1
2256 105 1
2257 584 1
2258 240 0
2259 613 1
2260 139 1
2261 221 1
2262 543 1
2263 621 1
2264 62 1
2265 361 0
2266 176 1
2267 270 1
2268 509 1
2269 395 1
2270 471 1
2271 90 1
2272 387 1
2273 409 1
2274 322 1
2275 107 1
2276 146 1
2277 40 1
2278 34 1
2279 336 0
2280 604 1
2281 475 0
2282 335 0
2283 38 1
2284 495 0
2285 442 1
2286 200 1
2287 43 1
2288 341 1
2289 464 1
2290 608 0
2291 490 1
2292 151 0
2293 577 1
2294 441 0
2295 567 1
2296 228 1
2297 442 1
2298 287 1
2299 24 1
2300 566 0
2301 365 1
2302 133 0
2303 603 1
2304 629 1
2305 503 1
2306 256 1
2307 492 1
2308 23 1
2309 244 1
2310 599 1
2311 125 0
2312 353 0
2313 525 1
2314 299 0
2315 39 1
2316 149 0
2317 132 1
2318 580 1
2319 6 0
2320 419 1
2321 313 1
2322 2 1
2323 100 0
2324 374 0
2325 373 1
2326 405 1
2327 185 1
2328 317 0
2329 15 1
2330 393 1
2331 615 0
2332 342 1
2333 593 0
2334 99 1
2335 114 1
2336 359 1
2337 212 1
2338 250 1
2339 271 1
2340 541 1
2341 98 1
2342 394 0
2343 205 0
2344 128 1
2345 461 0
2346 42 1
2347 315 1
2348 440 1
2349 556 1
2350 124 1
2351 191 1
2352 115 1
2353 96 1
2354 600 1
2355 124 1
2356 146 1
2357 587 0
2358 274 1
2359 501 0
2360 146 1
2361 175 1
2362 539 0
2363 456 1
2364 532 1
2365 18 1
2366 183 0
2367 391 0
2368 381 0
2369 432 1
2370 104 1
2371 622 1
2372 547 0
2373 41 1
2374 618 0
2375 358 1
2376 523 0
2377 319 1
2378 157 1
2379 541 0
2380 404 0
2381 597 1
2382 537 1
2383 539 1
2384 609 0
2385 399 1
2386 28 0
2387 98 1
2388 212 1
2389 530 0
2390 451 0
2391 327 1
2392 38 1
2393 537 0
2394 37 0
2395 136 1
2396 254 1
2397 48 1
2398 221 0
2399 209 1
2400 58 0
2401 159 1
2402 245 1
2403 429 1
2404 282 1
2405 20 1
2406 581 1
2407 207 1
2408 127 1
2409 65 0
2410 439 0
2411 374 0
2412 68 0
2413 100 1
2414 143 1
2415 485 0
2416 167 0
2417 172 0
2418 153 1
2419 119 1
2420 178 1
2421 418 0
2422 370 0
2423 512 1
2424 620 1
2425 546 1
2426 29 1
2427 484 0
2428 477 0
2429 387 1
2430 27 1
2431 72 0
2432 18 0
2433 374 1
2434 97 0
2435 606 1
2436 401 0
2437 168 1
2438 149 0
2439 403 0
2440 508 0
2441 560 1
2442 369 1
2443 520 1
2444 12 1
2445 199 1
2446 280 1
2447 1 0
2448 400 1
2449 469 1
2450 3 1
2451 540 1
2452 599 1
2453 309 0
2454 5 0
2455 250 0
2456 277 1
2457 417 0
2458 239 0
2459 225 1
2460 461 1
2461 175 1
2462 464 0
2463 290 0
2464 320 0
2465 380 0
2466 335 0
2467 495 1
2468 245 1
2469 299 0
2470 249 1
2471 129 1
2472 495 1
2473 540 1
2474 618 0
2475 236 0
2476 208 1
2477 321 1
2478 473 1
2479 36 1
2480 620 0
2481 135 1
2482 587 1
2483 506 1
2484 51 0
2485 332 0
2486 605 1
2487 78 1
2488 142 1
2489 335 1
2490 517 0
2491 340 1
2492 233 1
2493 531 1
2494 522 1
2495 0 1
2496 234 1
2497 80 0
2498 15 0
2499 269 1
2500 8 1
2501 136 1
2502 313 1
2503 98 1
2504 82 1
2505 350 1
2506 254 1
2507 343 1
2508 486 1
2509 444 1
2510 174 1
2511 134 1
2512 347 1
2513 480 1
2514 51 1
2515 198 0
2516 601 0
2517 556 1
2518 432 1
2519 620 0
2520 337 1
2521 131 1
2522 161 1
2523 330 1
2524 81 1
2525 273 0
2526 237 0
2527 432 1
2528 389 1
2529 81 0
2530 163 1
2531 499 1
2532 497 0
2533 179 1
2534 210 1
2535 59 0
2536 269 1
2537 390 0
2538 31 1
2539 213 1
2540 628 0
2541 136 1
2542 27 1
2543 66 1
2544 615 1
2545 107 0
2546 311 0
2547 43 1
2548 46 0
2549 470 1
2550 271 1
2551 55 1
2552 488 1
2553 623 1
2554 299 1
2555 516 0
2556 456 1
2557 409 0
2558 471 1
2559 34 1
2560 506 1
2561 365 0
2562 515 0
2563 242 1
2564 514 1
2565 185 1
2566 375 0
2567 343 0
2568 569 1
2569 0 1
2570 419 0
2571 411 1
2572 419 1
2573 493 0
2574 429 0
2575 476 1
2576 552 0
2577 369 0
2578 383 1
2579 246 1
2580 457 0
2581 66 1
2582 555 0
2583 197 1
2584 627 1
2585 492 0
2586 597 1
2587 422 0
2588 108 1
2589 290 1
2590 59 1
2591 607 0
2592 224 1
2593 296 1
2594 88 1
2595 5 1
2596 223 1
2597 513 0
2598 366 0
2599 286 0
2600 157 1
2601 539 0
2602 65 0
2603 271 1
2604 610 0
2605 595 1
2606 578 1
2607 531 1
2608 161 0
2609 545 0
2610 503 1
2611 46 1
2612 506 0
2613 4 1
2614 519 0
2615 365 1
2616 318 1
2617 564 1
2618 483 1
2619 557 0
2620 531 1
2621 262 1
2622 337 1
2623 296 0
2624 121 1
2625 632 0
2626 526 1
2627 601 1
2628 371 1
2629 405 1
2630 146 0
2631 66 0
2632 175 1
2633 99 1
2634 484 0
2635 251 1
2636 309 1
2637 625 1
2638 558 1
2639 278 1
2640 379 1
2641 438 0
2642 607 1
2643 437 1
2644 146 1
2645 485 0
2646 229 1
2647 7 1
2648 317 1
2649 313 1
2650 531 0
2651 317 1
2652 328 0
2653 620 1
2654 479 1
2655 66 0
2656 193 0
2657 263 1
2658 160 0
2659 396 0
2660 275 0
2661 483 0
2662 567 1
2663 43 1
2664 365 0
2665 186 1
2666 54 0
2667 236 1
2668 61 1
2669 519 0
2670 138 1
2671 15 1
2672 340 1
2673 383 1
2674 345 1
2675 575 0
2676 160 1
2677 143 1
2678 566 1
2679 112 0
2680 310 0
2681 327 0
2682 569 1
2683 632 1
2684 35 1
2685 305 1
2686 237 0
2687 274 0
2688 366 1
2689 95 0
2690 52 0
2691 467 1
2692 112 1
2693 190 1
2694 565 0
2695 226 0
2696 253 1
2697 374 1
2698 367 0
2699 587 1
2700 24 1
2701 345 0
2702 346 0
2703 606 1
2704 8 0
2705 41 1
2706 506 1
2707 40 1
2708 368 1
2709 29 1
2710 302 1
2711 425 0
2712 578 1
2713 512 0
2714 306 1
2715 598 1
2716 492 1
2717 359 0
2718 178 0
2719 168 1
2720 166 0
2721 14 0
2722 83 0
2723 541 1
2724 54 1
2725 519 1
2726 594 1
2727 45 0
2728 243 1
2729 100 1
2730 158 1
2731 13 1
2732 142 1
2733 623 1
2734 471 1
2735 275 0
2736 366 1
2737 560 0
2738 112 1
2739 553 1
2740 172 0
2741 406 1
2742 516 0
2743 555 1
2744 260 0
2745 443 0
2746 603 1
2747 318 1
2748 79 0
2749 316 0
2750 349 1
2751 438 1
2752 14 0
2753 415 1
2754 600 0
2755 293 1
2756 22 0
2757 155 1
2758 402 1
2759 432 1
2760 615 0
2761 330 0
2762 581 1
2763 464 1
2764 90 1
2765 345 0
2766 505 1
2767 406 0
2768 166 1
2769 12 0
2770 406 0
2771 155 0
2772 140 1
2773 101 0
2774 154 1
2775 338 1
2776 542 0
2777 372 0
2778 566 1
2779 168 0
2780 232 1
2781 231 1
2782 546 1
2783 506 0
2784 74 0
2785 96 1
2786 477 1
2787 43 0
2788 214 1
2789 293 0
2790 329 1
2791 272 1
2792 549 0
2793 378 0
2794 96 1
2795 272 1
2796 425 1
2797 199 1
2798 390 1
2799 185 1
2800 358 1
2801 195 0
2802 184 0
2803 586 0
2804 150 1
2805 17 1
2806 126 1
2807 484 0
2808 67 0
2809 291 1
2810 141 0
2811 375 1
2812 317 1
2813 557 1
2814 413 0
2815 422 0
2816 157 0
2817 107 1
2818 106 1
2819 106 0
2820 189 0
2821 504 0
2822 64 0
2823 125 1
2824 584 0
2825 178 1
2826 230 0
2827 542 1
2828 261 1
2829 504 1
2830 457 1
2831 580 1
2832 277 1
2833 206 0
2834 632 1
2835 408 1
2836 203 0
2837 387 1
2838 518 1
2839 282 1
2840 295 1
2841 559 1
2842 263 1
2843 322 1
2844 67 1
2845 332 0
2846 370 1
2847 273 1
2848 333 1
2849 48 1
2850 41 1
2851 402 1
2852 620 1
2853 395 0
2854 553 1
2855 222 0
2856 387 0
2857 508 0
2858 383 0
2859 424 0
2860 157 1
2861 110 0
2862 286 1
2863 308 1
2864 113 1
2865 200 1
2866 64 0
2867 283 1
2868 526 1
2869 322 0
2870 606 1
2871 428 1
2872 459 1
2873 260 0
2874 266 0
2875 428 1
2876 575 1
2877 201 1
2878 55 1
2879 96 1
2880 1 0
2881 323 0
2882 33 0
2883 517 1
2884 418 1
2885 255 0
2886 633 1
2887 518 0
2888 235 1
2889 551 0
2890 596 1
2891 175 1
2892 17 1
2893 131 1
2894 539 0
2895 125 0
2896 292 1
2897 605 1
2898 188 1
2899 251 1
2900 461 1
2901 247 1
2902 439 1
2903 52 0
2904 159 1
2905 309 1
2906 199 0
2907 428 1
2908 514 0
2909 58 1
2910 555 1
2911 325 0
2912 516 1
2913 539 0
2914 552 1
2915 445 0
2916 430 1
2917 607 0
2918 74 0
2919 43 0
2920 513 0
2921 8 1
2922 490 0
2923 64 1
2924 245 1
2925 39 0
2926 305 0
2927 381 1
2928 428 0
2929 26 0
2930 211 1
2931 493 1
2932 414 0
2933 127 1
2934 375 1
2935 375 0
2936 175 1
2937 218 1
2938 69 0
2939 285 1
2940 288 1
2941 365 1
2942 572 1
2943 549 1
2944 167 1
2945 364 1
2946 180 1
2947 269 0
2948 457 1
2949 102 1
2950 219 0
2951 338 1
2952 110 1
2953 310 1
2954 88 0
2955 377 1
2956 286 1
2957 219 1
2958 623 0
2959 243 0
2960 477 0
2961 418 1
2962 81 1
2963 387 1
2964 218 1
2965 505 1
2966 216 1
2967 82 0
2968 533 0
2969 273 1
2970 237 1
2971 131 1
2972 527 1
2973 516 1
2974 369 1
2975 557 0
2976 616 0
2977 5 1
2978 280 1
2979 254 1
2980 15 1
2981 70 0
2982 219 1
2983 441 0
2984 312 0
2985 508 1
2986 498 1
2987 323 0
2988 240 1
2989 159 0
2990 98 1
2991 591 0
2992 424 0
2993 546 1
2994 122 1
2995 221 0
2996 175 0
2997 252 0
2998 211 1
2999 281 1
3000 541 1
3001 322 0
3002 160 1
3003 47 0
3004 618 1
3005 145 0
3006 289 0
3007 163 0
3008 582 1
3009 436 1
3010 125 1
3011 91 0
3012 198 1
3013 579 1
3014 170 1
3015 66 1
3016 265 1
3017 366 1
3018 284 1
3019 594 1
3020 504 1
3021 351 0
3022 91 0
3023 7 1
3024 357 1
3025 511 1
3026 466 1
3027 550 1
3028 79 1
3029 207 1
3030 489 0
3031 94 1
3032 27 0
3033 314 1
3034 9 0
3035 464 1
3036 264 1
3037 557 0
3038 347 1
3039 279 1
3040 373 0
3041 320 0
3042 527 0
3043 3 1
3044 616 1
3045 624 0
3046 483 1
3047 476 0
3048 313 1
3049 590 0
3050 430 1
3051 86 1
3052 369 0
3053 300 0
3054 573 1
3055 554 1
3056 619 0
3057 285 1
3058 360 1
3059 369 1
3060 382 1
3061 64 1
3062 327 1
3063 509 1
3064 580 0
3065 329 1
3066 19 1
3067 205 1
3068 308 1
3069 238 1
3070 334 0
3071 327 0
3072 398 1
3073 198 1
3074 34 0
3075 235 1
3076 176 1
3077 531 1
3078 89 1
3079 394 1
3080 122 1
3081 180 1
3082 273 0
3083 298 1
3084 140 1
3085 597 1
3086 579 1
3087 159 1
3088 37 1
3089 237 1
3090 58 1
3091 372 1
3092 22 0
3093 506 0
3094 445 1
3095 549 0
3096 124 1
3097 477 0
3098 364 1
3099 230 0
3100 563 1
3101 344 0
3102 252 1
3103 620 1
3104 629 1
3105 246 1
3106 580 0
3107 56 1
3108 22 1
3109 597 1
3110 78 1
3111 169 1
3112 491 0
3113 369 0
3114 38 1
3115 609 1
3116 560 1
3117 360 1
3118 73 0
3119 469 1
3120 454 0
3121 5 1
3122 467 1
3123 252 1
3124 507 1
3125 91 1
3126 612 1
3127 557 1
3128 157 1
3129 459 0
3130 25 0
3131 47 1
3132 4 1
3133 130 1
3134 521 0
3135 29 1
3136 448 1
3137 625 1
3138 498 0
3139 540 1
3140 343 1
3141 91 1
3142 26 1
3143 40 1
3144 74 0
3145 262 1
3146 184 0
3147 569 1
3148 600 0
3149 265 0
3150 433 1
3151 79 0
3152 614 1
3153 297 1
3154 198 1
3155 618 0
3156 85 1
3157 112 1
3158 492 0
3159 178 0
3160 536 1
3161 434 1
3162 116 0
3163 274 1
3164 318 1
3165 222 1
3166 485 0
3167 249 1
3168 257 1
3169 78 1
3170 116 1
3171 131 0
3172 22 0
3173 80 1
3174 396 1
3175 214 1
3176 582 0
3177 153 0
3178 383 1
3179 433 1
3180 619 0
3181 185 0
3182 323 1
3183 71 1
3184 231 1
3185 54 0
3186 212 1
3187 316 0
3188 428 1
3189 632 1
3190 422 0
3191 142 0
3192 111 1
3193 319 1
3194 607 1
3195 446 0
3196 139 1
3197 198 1
3198 200 1
3199 61 1
3200 418 1
3201 546 0
3202 184 1
3203 632 1
3204 392 1
3205 572 1
3206 611 0
3207 551 0
3208 259 0
3209 350 1
3210 354 0
3211 594 0
3212 563 1
3213 90 0
3214 311 0
3215 329 0
3216 151 1
3217 494 1
3218 354 1
3219 199 1
3220 373 0
3221 293 0
3222 619 1
3223 206 0
3224 330 1
3225 361 1
3226 603 1
3227 311 0
3228 363 1
3229 430 1
3230 322 1
3231 538 0
3232 250 1
3233 577 1
3234 140 1
3235 601 0
3236 47 1
3237 631 0
3238 238 0
3239 161 0
3240 126 1
3241 386 1
3242 612 0
3243 512 0
3244 233 1
3245 150 1
3246 317 1
3247 163 0
3248 336 1
3249 422 0
3250 133 1
3251 124 1
3252 533 0
3253 615 0
3254 209 0
3255 589 0
3256 548 1
3257 198 1
3258 288 1
3259 118 0
3260 268 1
3261 211 1
3262 206 1
3263 403 1
3264 481 1
3265 268 0
3266 464 1
3267 562 1
3268 398 1
3269 268 1
3270 569 1
3271 192 0
3272 332 1
3273 260 1
3274 351 1
3275 276 1
3276 530 1
3277 455 1
3278 112 0
3279 528 1
3280 299 1
3281 225 0
3282 439 0
3283 260 0
3284 465 0
3285 60 1
3286 519 1
3287 135 0
3288 527 0
3289 605 1
3290 140 0
3291 631 0
3292 504 0
3293 23 1
3294 444 1
3295 344 1
3296 598 0
3297 122 1
3298 491 1
3299 491 1
3300 44 1
3301 608 1
3302 54 1
3303 548 0
3304 504 1
3305 477 1
3306 536 1
3307 449 1
3308 61 1
3309 272 1
3310 389 1
3311 499 1
3312 320 1
3313 124 1
3314 138 0
3315 384 1
3316 301 0
3317 514 1
3318 351 1
3319 71 1
3320 199 0
3321 518 1
3322 158 0
3323 391 1
3324 171 1
