7084
1 151 0
2 34 0
3 88 0
4 48 0
5 19 1
6 31 0
7 70 1
8 22 1
9 81 1
10 82 1
11 8 0
12 141 1
13 107 1
14 4 0
15 28 1
16 117 1
17 102 0
18 84 0
19 61 0
20 133 0
21 9 1
22 74 0
23 40 1
24 47 1
25 111 1
26 28 0
27 89 1
28 108 0
29 50 1
30 22 1
31 27 1
32 105 1
33 35 0
34 39 1
35 65 1
36 99 0
37 81 1
38 51 0
39 14 1
40 140 1
41 150 1
42 143 0
43 57 1
44 2 1
45 82 1
46 33 0
47 36 1
48 136 0
49 72 1
50 65 0
51 118 0
52 109 0
53 57 1
54 65 0
55 27 1
56 119 1
57 92 0
58 136 1
59 104 1
60 104 0
61 60 1
62 40 0
63 20 1
64 65 0
65 121 1
66 151 0
67 39 1
68 5 1
69 11 1
70 65 1
71 147 1
72 89 1
73 38 1
74 108 1
75 83 1
76 48 1
77 119 0
78 136 1
79 33 0
80 128 0
81 52 0
82 113 1
83 131 1
84 85 1
85 85 1
86 79 1
87 53 1
88 63 0
89 112 1
90 106 0
91 128 1
92 82 0
93 11 1
94 106 1
95 115 0
96 46 1
97 106 0
98 2 0
99 150 1
100 99 1
101 109 1
102 34 0
103 65 0
104 151 1
105 13 0
106 117 1
107 27 1
108 108 0
109 138 0
110 83 1
111 41 1
112 11 0
113 33 0
114 128 0
115 151 1
116 11 1
117 125 1
118 39 1
119 40 1
120 113 0
121 39 1
122 66 1
123 149 1
124 130 0
125 109 1
126 106 1
127 87 0
128 41 1
129 53 1
130 48 0
131 116 1
132 55 1
133 2 1
134 24 1
135 5 0
136 120 0
137 86 0
138 136 0
139 80 1
140 89 1
141 46 0
142 83 0
143 57 1
144 101 1
145 13 1
146 33 0
147 81 0
148 115 1
149 56 1
150 150 0
151 20 1
152 105 1
153 22 1
154 87 1
155 75 1
156 11 0
157 91 1
158 102 1
159 116 1
160 131 1
161 96 1
162 3 0
163 151 0
164 4 1
165 2 1
166 115 0
167 143 0
168 51 1
169 53 0
170 13 1
171 34 0
172 122 0
173 16 1
174 146 1
175 18 1
176 134 1
177 9 1
178 61 1
179 128 0
180 86 1
181 92 0
182 74 0
183 12 1
184 145 1
185 136 1
186 91 0
187 80 0
188 143 1
189 28 1
190 76 1
191 133 1
192 58 1
193 67 0
194 46 1
195 56 1
196 69 1
197 52 1
198 128 0
199 142 1
200 3 1
201 151 1
202 15 1
203 27 1
204 21 0
205 38 1
206 127 1
207 53 0
208 33 1
209 48 1
210 60 1
211 84 1
212 125 1
213 145 1
214 49 1
215 92 0
216 4 1
217 18 1
218 40 0
219 74 1
220 126 1
221 57 1
222 3 1
223 29 1
224 127 1
225 14 1
226 53 0
227 36 1
228 82 0
229 125 1
230 60 0
231 80 1
232 27 1
233 5 1
234 41 1
235 2 1
236 63 0
237 11 1
238 66 1
239 1 1
240 142 1
241 100 0
242 113 0
243 93 0
244 61 1
245 71 1
246 3 1
247 82 0
248 20 0
249 123 1
250 38 1
251 126 1
252 81 1
253 41 0
254 75 1
255 60 0
256 57 1
257 132 0
258 40 0
259 110 1
260 11 1
261 95 1
262 103 0
263 69 0
264 9 1
265 56 0
266 37 1
267 46 1
268 64 1
269 138 1
270 1 0
271 100 1
272 127 1
273 151 1
274 50 0
275 141 1
276 34 1
277 125 1
278 29 1
279 132 0
280 106 1
281 136 1
282 115 0
283 135 0
284 142 1
285 62 1
286 88 0
287 99 0
288 12 1
289 77 1
290 77 1
291 148 1
292 45 1
293 121 1
294 33 1
295 10 1
296 34 1
297 3 1
298 47 0
299 73 0
300 27 0
301 52 0
302 67 1
303 25 0
304 145 1
305 13 1
306 64 1
307 53 0
308 25 1
309 105 0
310 20 1
311 71 1
312 133 1
313 100 1
314 134 1
315 89 0
316 53 0
317 124 0
318 61 1
319 72 0
320 148 1
321 148 1
322 144 1
323 90 0
324 120 0
325 100 0
326 30 1
327 66 0
328 142 0
329 88 0
330 84 1
331 4 0
332 88 1
333 2 0
334 21 1
335 75 1
336 56 0
337 150 1
338 144 0
339 64 1
340 26 1
341 124 0
342 55 1
343 92 1
344 101 1
345 40 1
346 102 0
347 42 0
348 69 0
349 35 0
350 143 1
351 3 1
352 53 0
353 119 0
354 137 0
355 27 1
356 92 0
357 92 1
358 61 1
359 63 1
360 108 0
361 92 1
362 44 1
363 96 1
364 51 1
365 75 0
366 138 1
367 139 1
368 103 0
369 107 1
370 8 1
371 98 1
372 5 1
373 119 0
374 93 1
375 126 1
376 30 1
377 131 1
378 72 1
379 60 1
380 127 1
381 63 0
382 86 1
383 23 0
384 1 0
385 149 0
386 10 0
387 134 1
388 3 0
389 107 1
390 27 1
391 41 1
392 42 1
393 28 0
394 144 1
395 111 1
396 121 1
397 104 0
398 120 1
399 115 1
400 2 1
401 3 1
402 102 0
403 53 0
404 135 1
405 98 0
406 112 0
407 91 1
408 32 0
409 141 1
410 80 0
411 39 1
412 42 0
413 127 0
414 15 0
415 131 1
416 98 0
417 80 0
418 15 0
419 25 1
420 12 0
421 31 1
422 135 1
423 22 1
424 89 0
425 88 0
426 7 0
427 89 1
428 143 0
429 84 1
430 49 0
431 97 1
432 93 1
433 42 0
434 29 1
435 3 1
436 62 0
437 62 0
438 29 0
439 84 1
440 121 1
441 6 0
442 19 0
443 75 1
444 55 0
445 89 0
446 94 1
447 124 0
448 58 1
449 41 0
450 105 1
451 26 1
452 129 0
453 85 1
454 45 0
455 124 0
456 61 0
457 39 0
458 148 1
459 139 1
460 18 1
461 28 1
462 108 1
463 45 1
464 38 0
465 151 1
466 27 0
467 55 0
468 137 0
469 10 1
470 29 0
471 68 0
472 34 1
473 42 1
474 144 0
475 106 1
476 0 0
477 147 1
478 5 1
479 19 0
480 150 1
481 84 0
482 91 0
483 29 1
484 152 1
485 130 0
486 70 0
487 118 1
488 50 1
489 135 0
490 110 1
491 76 1
492 94 1
493 65 1
494 135 1
495 40 1
496 151 1
497 29 1
498 7 1
499 37 1
500 122 0
501 34 0
502 85 0
503 17 0
504 81 0
505 74 1
506 112 0
507 148 0
508 118 1
509 74 1
510 42 1
511 104 1
512 135 1
513 27 0
514 64 1
515 149 1
516 104 1
517 124 1
518 80 0
519 44 1
520 140 0
521 72 1
522 13 1
523 49 1
524 26 1
525 128 1
526 110 1
527 6 1
528 111 1
529 107 0
530 123 0
531 106 1
532 32 1
533 136 1
534 65 1
535 18 1
536 43 1
537 48 1
538 56 1
539 60 1
540 118 1
541 22 0
542 141 1
543 89 0
544 88 1
545 18 0
546 45 1
547 5 1
548 74 1
549 86 1
550 40 1
551 89 1
552 93 1
553 13 0
554 4 0
555 103 1
556 6 1
557 119 1
558 1 0
559 143 1
560 100 1
561 20 0
562 6 1
563 94 0
564 38 1
565 117 1
566 29 1
567 59 1
568 64 1
569 15 1
570 68 1
571 88 1
572 116 1
573 119 1
574 110 1
575 104 1
576 15 1
577 74 1
578 46 0
579 152 0
580 93 1
581 84 1
582 42 1
583 14 1
584 113 1
585 72 1
586 45 0
587 128 0
588 86 0
589 22 1
590 100 0
591 126 1
592 147 1
593 34 1
594 113 1
595 46 1
596 22 1
597 73 1
598 147 1
599 68 1
600 141 1
601 136 1
602 19 0
603 66 1
604 77 1
605 21 1
606 112 0
607 12 1
608 93 1
609 69 0
610 130 1
611 132 1
612 119 1
613 114 1
614 11 1
615 92 0
616 41 1
617 58 1
618 58 1
619 37 1
620 135 1
621 32 1
622 104 1
623 99 0
624 116 0
625 97 0
626 3 1
627 118 1
628 25 1
629 107 1
630 133 0
631 61 0
632 147 0
633 106 1
634 140 1
635 60 0
636 125 1
637 115 1
638 9 1
639 120 1
640 101 1
641 91 1
642 38 1
643 124 1
644 8 1
645 100 1
646 23 0
647 60 0
648 24 0
649 95 0
650 55 0
651 6 0
652 95 1
653 128 1
654 54 1
655 102 1
656 56 0
657 5 0
658 122 1
659 30 1
660 105 0
661 17 0
662 35 1
663 146 1
664 141 1
665 95 1
666 116 1
667 120 1
668 95 1
669 35 1
670 62 0
671 50 1
672 50 1
673 85 1
674 56 0
675 72 1
676 142 0
677 9 1
678 64 0
679 108 0
680 141 1
681 121 1
682 25 1
683 35 1
684 56 1
685 39 1
686 80 1
687 109 1
688 16 0
689 47 0
690 29 1
691 107 1
692 81 0
693 68 1
694 144 1
695 44 0
696 100 1
697 83 0
698 126 1
699 14 1
700 62 0
701 19 1
702 143 0
703 17 0
704 43 0
705 105 1
706 55 1
707 141 1
708 47 1
709 0 1
710 131 0
711 17 1
712 107 1
713 100 1
714 117 1
715 134 1
716 15 1
717 65 0
718 27 0
719 38 1
720 43 1
721 39 1
722 74 1
723 107 1
724 135 1
725 32 1
726 50 1
727 88 0
728 47 0
729 110 0
730 21 0
731 112 1
732 142 1
733 93 0
734 4 0
735 111 1
736 146 0
737 19 0
738 101 1
739 60 1
740 106 1
741 93 1
742 14 0
743 33 0
744 88 1
745 123 0
746 131 1
747 43 1
748 132 1
749 9 1
750 139 0
751 57 1
752 16 1
753 71 1
754 74 1
755 72 1
756 71 1
757 81 0
758 65 1
759 44 1
760 1 0
761 31 0
762 121 0
763 126 1
764 83 1
765 135 1
766 128 1
767 49 1
768 12 1
769 108 1
770 125 1
771 11 1
772 89 1
773 51 1
774 104 0
775 51 1
776 134 1
777 136 1
778 30 1
779 100 1
780 116 1
781 55 1
782 18 1
783 108 1
784 123 0
785 142 1
786 13 1
787 60 0
788 118 1
789 104 1
790 53 1
791 73 0
792 136 1
793 34 1
794 62 0
795 23 1
796 89 0
797 142 1
798 81 1
799 138 1
800 84 1
801 43 1
802 152 1
803 47 1
804 87 1
805 85 0
806 77 0
807 72 0
808 111 1
809 98 1
810 112 0
811 70 1
812 97 0
813 3 1
814 55 0
815 101 1
816 115 0
817 108 0
818 17 1
819 104 0
820 77 1
821 141 1
822 91 0
823 61 1
824 63 0
825 69 0
826 49 0
827 71 1
828 72 1
829 19 1
830 87 1
831 10 1
832 34 1
833 61 1
834 18 1
835 52 0
836 99 1
837 121 1
838 151 0
839 112 1
840 85 1
841 110 1
842 65 1
843 1 1
844 0 1
845 8 0
846 38 1
847 9 0
848 34 1
849 21 1
850 107 1
851 45 1
852 12 1
853 116 0
854 68 0
855 122 1
856 0 0
857 32 1
858 5 1
859 75 0
860 79 0
861 142 1
862 152 1
863 112 1
864 93 0
865 111 1
866 80 1
867 23 0
868 41 1
869 152 0
870 111 1
871 7 1
872 73 1
873 50 1
874 98 1
875 133 1
876 81 0
877 38 1
878 146 1
879 139 1
880 4 1
881 57 1
882 150 1
883 73 1
884 92 1
885 45 1
886 66 1
887 34 1
888 142 0
889 115 1
890 107 1
891 8 1
892 116 1
893 13 1
894 94 1
895 93 0
896 147 1
897 79 0
898 128 0
899 106 0
900 122 1
901 14 0
902 101 0
903 47 1
904 30 1
905 74 0
906 3 1
907 45 1
908 50 1
909 100 1
910 83 1
911 115 1
912 113 1
913 120 1
914 91 1
915 27 1
916 121 1
917 121 0
918 141 1
919 56 0
920 75 0
921 3 0
922 134 1
923 69 1
924 131 0
925 24 0
926 133 1
927 37 0
928 78 1
929 54 0
930 127 0
931 127 1
932 148 1
933 37 1
934 33 0
935 27 1
936 121 1
937 59 1
938 128 1
939 6 0
940 67 1
941 65 0
942 67 0
943 13 1
944 3 1
945 59 1
946 20 0
947 98 1
948 51 0
949 49 0
950 150 1
951 40 1
952 3 1
953 118 1
954 124 1
955 110 1
956 27 1
957 111 0
958 22 1
959 111 1
960 88 0
961 28 0
962 102 1
963 22 1
964 30 0
965 110 1
966 45 0
967 43 0
968 146 0
969 52 0
970 132 1
971 78 0
972 56 0
973 100 0
974 58 1
975 129 1
976 102 1
977 128 0
978 27 1
979 101 1
980 118 1
981 134 1
982 80 0
983 84 0
984 32 1
985 113 1
986 145 0
987 43 0
988 100 1
989 24 1
990 75 0
991 25 0
992 29 0
993 125 0
994 150 1
995 35 1
996 4 1
997 151 0
998 41 1
999 80 1
1000 65 1
1001 110 1
1002 128 1
1003 2 0
1004 17 1
1005 107 1
1006 51 1
1007 141 0
1008 4 1
1009 58 1
1010 58 0
1011 13 1
1012 110 1
1013 44 0
1014 118 0
1015 96 1
1016 36 0
1017 137 1
1018 80 0
1019 112 1
1020 63 1
1021 36 1
1022 95 1
1023 92 0
1024 34 1
1025 150 0
1026 116 1
1027 52 0
1028 22 1
1029 121 1
1030 92 1
1031 43 1
1032 16 0
1033 11 0
1034 40 1
1035 40 1
1036 112 1
1037 90 1
1038 150 1
1039 26 0
1040 78 1
1041 20 0
1042 35 0
1043 12 1
1044 65 1
1045 70 0
1046 95 0
1047 29 1
1048 14 1
1049 54 1
1050 87 1
1051 54 1
1052 67 0
1053 101 1
1054 47 1
1055 145 0
1056 24 1
1057 38 0
1058 135 1
1059 13 1
1060 81 1
1061 127 1
1062 95 0
1063 7 0
1064 95 1
1065 60 1
1066 78 0
1067 100 1
1068 131 1
1069 82 0
1070 74 0
1071 22 1
1072 112 1
1073 29 1
1074 8 1
1075 65 0
1076 151 1
1077 138 0
1078 43 1
1079 99 0
1080 128 0
1081 64 0
1082 18 1
1083 71 0
1084 86 1
1085 47 0
1086 99 0
1087 105 1
1088 27 1
1089 51 0
1090 73 0
1091 150 1
1092 2 1
1093 62 0
1094 24 1
1095 81 0
1096 40 0
1097 78 0
1098 30 1
1099 80 0
1100 21 1
1101 123 1
1102 93 1
1103 52 1
1104 106 1
1105 29 1
1106 91 0
1107 123 0
1108 34 1
1109 36 0
1110 67 1
1111 108 1
1112 33 1
1113 38 1
1114 80 1
1115 51 1
1116 142 1
1117 120 0
1118 146 1
1119 75 0
1120 19 1
1121 150 1
1122 3 1
1123 100 1
1124 26 1
1125 145 0
1126 24 1
1127 72 1
1128 32 1
1129 120 1
1130 150 1
1131 136 0
1132 64 1
1133 94 1
1134 147 1
1135 28 0
1136 18 0
1137 20 0
1138 43 0
1139 108 1
1140 130 1
1141 59 1
1142 73 0
1143 58 1
1144 139 1
1145 140 0
1146 93 1
1147 148 1
1148 99 0
1149 86 1
1150 3 1
1151 4 1
1152 11 0
1153 92 0
1154 17 1
1155 21 0
1156 19 0
1157 45 1
1158 85 1
1159 95 1
1160 25 1
1161 80 1
1162 103 1
1163 147 1
1164 62 1
1165 39 1
1166 66 1
1167 136 1
1168 118 1
1169 30 1
1170 147 0
1171 27 1
1172 4 0
1173 4 1
1174 73 1
1175 58 1
1176 79 1
1177 114 0
1178 111 0
1179 103 1
1180 61 0
1181 136 0
1182 83 1
1183 77 1
1184 117 1
1185 105 1
1186 31 1
1187 23 1
1188 102 0
1189 150 0
1190 151 0
1191 17 1
1192 90 1
1193 131 1
1194 112 1
1195 120 1
1196 121 0
1197 19 1
1198 145 1
1199 21 1
1200 76 1
1201 94 1
1202 131 1
1203 143 1
1204 144 1
1205 127 0
1206 92 0
1207 92 1
1208 123 1
1209 128 1
1210 49 1
1211 152 1
1212 96 0
1213 118 0
1214 140 1
1215 70 0
1216 137 1
1217 18 0
1218 0 1
1219 67 0
1220 70 0
1221 31 0
1222 33 0
1223 89 1
1224 115 0
1225 7 1
1226 32 0
1227 78 0
1228 49 0
1229 113 1
1230 79 0
1231 126 0
1232 92 1
1233 51 0
1234 75 1
1235 134 1
1236 32 1
1237 27 0
1238 57 1
1239 143 1
1240 52 0
1241 56 0
1242 28 1
1243 109 1
1244 75 1
1245 140 1
1246 151 0
1247 91 1
1248 1 1
1249 30 0
1250 5 1
1251 94 0
1252 99 1
1253 25 1
1254 134 0
1255 49 0
1256 63 0
1257 15 1
1258 112 1
1259 67 1
1260 66 0
1261 62 1
1262 64 1
1263 2 0
1264 39 1
1265 39 1
1266 119 1
1267 133 1
1268 151 1
1269 95 0
1270 71 1
1271 37 1
1272 121 1
1273 99 1
1274 49 1
1275 13 0
1276 92 1
1277 77 1
1278 100 0
1279 118 1
1280 8 0
1281 81 0
1282 9 0
1283 66 1
1284 117 0
1285 11 0
1286 24 0
1287 42 0
1288 126 1
1289 98 0
1290 51 0
1291 10 1
1292 58 0
1293 43 1
1294 63 0
1295 42 0
1296 13 1
1297 96 1
1298 82 0
1299 55 0
1300 42 0
1301 106 1
1302 141 1
1303 84 0
1304 34 1
1305 9 1
1306 38 1
1307 126 0
1308 3 1
1309 24 0
1310 26 1
1311 9 1
1312 86 1
1313 87 1
1314 140 0
1315 86 0
1316 82 1
1317 146 0
1318 61 1
1319 56 1
1320 29 1
1321 78 1
1322 134 1
1323 85 1
1324 69 1
1325 75 1
1326 72 1
1327 31 1
1328 63 0
1329 46 1
1330 134 0
1331 130 1
1332 45 1
1333 30 1
1334 98 1
1335 98 1
1336 49 1
1337 66 0
1338 101 0
1339 40 1
1340 133 0
1341 137 1
1342 72 1
1343 84 0
1344 6 0
1345 83 1
1346 110 0
1347 125 1
1348 56 0
1349 133 0
1350 139 0
1351 129 1
1352 0 0
1353 65 1
1354 92 1
1355 143 1
1356 118 1
1357 125 1
1358 14 1
1359 70 1
1360 59 0
1361 83 0
1362 60 0
1363 69 1
1364 108 1
1365 144 1
1366 25 1
1367 129 1
1368 60 0
1369 151 1
1370 44 1
1371 72 1
1372 140 0
1373 97 1
1374 151 0
1375 73 0
1376 14 1
1377 123 0
1378 109 1
1379 88 0
1380 139 1
1381 6 1
1382 72 0
1383 62 1
1384 75 1
1385 132 1
1386 74 1
1387 1 1
1388 17 1
1389 88 1
1390 112 0
1391 122 0
1392 37 1
1393 122 1
1394 29 0
1395 83 1
1396 137 0
1397 52 1
1398 98 1
1399 61 1
1400 71 0
1401 11 1
1402 13 1
1403 54 0
1404 135 1
1405 96 1
1406 23 1
1407 117 1
1408 55 1
1409 103 1
1410 17 1
1411 100 0
1412 21 0
1413 108 0
1414 10 1
1415 36 0
1416 131 1
1417 99 0
1418 85 0
1419 71 0
1420 15 1
1421 59 0
1422 105 0
1423 123 0
1424 7 0
1425 117 1
1426 132 0
1427 51 1
1428 114 0
1429 144 0
1430 97 1
1431 104 0
1432 100 1
1433 116 0
1434 51 0
1435 124 0
1436 74 1
1437 104 0
1438 79 1
1439 83 1
1440 19 1
1441 136 0
1442 10 0
1443 24 1
1444 90 1
1445 146 0
1446 93 0
1447 134 1
1448 148 0
1449 72 1
1450 3 1
1451 9 1
1452 99 1
1453 128 1
1454 84 0
1455 137 1
1456 132 1
1457 152 1
1458 26 0
1459 10 0
1460 90 1
1461 47 0
1462 101 0
1463 71 1
1464 22 1
1465 39 0
1466 84 0
1467 103 0
1468 33 1
1469 106 1
1470 34 1
1471 93 1
1472 82 0
1473 52 1
1474 13 1
1475 146 1
1476 92 1
1477 6 1
1478 118 0
1479 34 1
1480 117 1
1481 38 1
1482 122 1
1483 130 0
1484 116 0
1485 145 1
1486 71 0
1487 86 1
1488 49 0
1489 6 0
1490 99 1
1491 38 1
1492 90 0
1493 103 0
1494 18 1
1495 68 1
1496 58 0
1497 82 1
1498 119 1
1499 79 1
1500 39 1
1501 2 1
1502 53 1
1503 136 1
1504 100 1
1505 38 1
1506 13 0
1507 109 1
1508 18 1
1509 31 1
1510 69 0
1511 44 1
1512 102 1
1513 51 1
1514 107 1
1515 47 0
1516 99 1
1517 129 0
1518 139 1
1519 127 1
1520 126 1
1521 4 0
1522 139 0
1523 140 1
1524 44 0
1525 40 0
1526 14 1
1527 137 1
1528 133 1
1529 56 1
1530 88 1
1531 82 1
1532 26 0
1533 58 1
1534 43 0
1535 148 0
1536 70 0
1537 53 1
1538 137 1
1539 85 1
1540 109 1
1541 39 1
1542 108 1
1543 137 0
1544 134 1
1545 23 0
1546 17 1
1547 103 1
1548 61 1
1549 105 0
1550 66 1
1551 17 1
1552 99 1
1553 65 1
1554 9 1
1555 33 1
1556 21 1
1557 139 1
1558 146 1
1559 89 1
1560 37 1
1561 43 1
1562 140 1
1563 122 0
1564 26 0
1565 49 1
1566 46 1
1567 102 1
1568 35 1
1569 125 0
1570 62 0
1571 59 0
1572 103 1
1573 84 0
1574 42 1
1575 120 0
1576 31 1
1577 5 0
1578 28 0
1579 92 1
1580 73 1
1581 44 1
1582 80 1
1583 136 0
1584 83 1
1585 31 1
1586 10 0
1587 101 1
1588 9 1
1589 106 1
1590 103 1
1591 2 1
1592 108 1
1593 25 0
1594 6 0
1595 113 1
1596 2 1
1597 95 0
1598 73 1
1599 70 1
1600 108 0
1601 20 1
1602 90 1
1603 104 1
1604 51 1
1605 22 1
1606 28 0
1607 8 0
1608 56 1
1609 17 0
1610 22 1
1611 63 1
1612 6 0
1613 132 0
1614 133 1
1615 107 1
1616 74 1
1617 78 0
1618 18 0
1619 7 0
1620 137 1
1621 96 0
1622 78 0
1623 20 1
1624 9 0
1625 118 0
1626 39 1
1627 105 0
1628 58 1
1629 22 1
1630 32 0
1631 151 1
1632 2 1
1633 14 1
1634 131 0
1635 115 0
1636 75 1
1637 127 1
1638 9 0
1639 56 1
1640 57 0
1641 74 0
1642 49 1
1643 14 0
1644 8 1
1645 42 0
1646 39 1
1647 43 0
1648 141 0
1649 86 1
1650 103 1
1651 106 0
1652 106 0
1653 75 1
1654 100 1
1655 30 1
1656 24 0
1657 125 1
1658 3 1
1659 77 1
1660 49 0
1661 102 1
1662 31 1
1663 1 1
1664 75 0
1665 36 1
1666 8 0
1667 101 1
1668 70 1
1669 127 0
1670 27 0
1671 46 0
1672 134 1
1673 22 0
1674 31 0
1675 45 1
1676 116 1
1677 40 1
1678 12 0
1679 64 0
1680 0 1
1681 9 1
1682 91 0
1683 148 1
1684 6 0
1685 76 1
1686 126 1
1687 134 1
1688 38 1
1689 141 0
1690 0 1
1691 21 1
1692 53 1
1693 135 1
1694 127 1
1695 24 0
1696 20 1
1697 136 0
1698 16 1
1699 16 1
1700 125 0
1701 105 1
1702 112 1
1703 103 1
1704 140 0
1705 117 1
1706 23 1
1707 103 0
1708 97 1
1709 14 1
1710 30 1
1711 46 1
1712 97 0
1713 33 1
1714 58 1
1715 33 1
1716 39 0
1717 2 1
1718 98 0
1719 70 1
1720 94 1
1721 123 0
1722 70 1
1723 66 1
1724 56 0
1725 85 1
1726 15 1
1727 8 0
1728 59 1
1729 124 0
1730 141 1
1731 20 0
1732 15 1
1733 100 0
1734 50 1
1735 96 0
1736 77 1
1737 134 1
1738 36 1
1739 8 1
1740 49 1
1741 26 1
1742 122 1
1743 74 1
1744 126 0
1745 18 1
1746 100 1
1747 13 1
1748 136 1
1749 126 1
1750 3 0
1751 49 1
1752 7 1
1753 99 1
1754 152 0
1755 8 1
1756 72 0
1757 10 1
1758 120 0
1759 95 1
1760 27 1
1761 80 1
1762 74 1
1763 114 1
1764 79 1
1765 115 1
1766 28 1
1767 34 0
1768 117 1
1769 129 0
1770 112 1
1771 62 0
1772 69 1
1773 123 1
1774 28 1
1775 2 1
1776 76 1
1777 79 1
1778 47 1
1779 79 1
1780 25 1
1781 105 0
1782 103 1
1783 139 0
1784 16 1
1785 80 1
1786 22 0
1787 57 1
1788 61 1
1789 0 0
1790 118 1
1791 42 0
1792 134 0
1793 39 1
1794 35 1
1795 52 1
1796 32 1
1797 139 0
1798 41 0
1799 99 1
1800 10 1
1801 83 0
1802 41 0
1803 149 0
1804 64 1
1805 65 0
1806 48 0
1807 97 1
1808 101 1
1809 107 1
1810 127 1
1811 44 0
1812 61 0
1813 39 1
1814 53 1
1815 56 0
1816 63 1
1817 121 1
1818 151 1
1819 79 1
1820 138 1
1821 118 1
1822 124 1
1823 112 1
1824 70 1
1825 56 1
1826 123 0
1827 102 1
1828 52 0
1829 5 0
1830 24 1
1831 67 1
1832 73 1
1833 64 1
1834 25 1
1835 32 1
1836 7 0
1837 119 1
1838 84 1
1839 50 1
1840 42 0
1841 71 1
1842 128 0
1843 69 0
1844 34 1
1845 31 1
1846 9 1
1847 43 1
1848 30 1
1849 51 1
1850 97 1
1851 141 1
1852 105 1
1853 107 1
1854 57 0
1855 63 0
1856 8 1
1857 113 1
1858 27 0
1859 62 1
1860 1 1
1861 41 1
1862 88 0
1863 143 1
1864 38 1
1865 71 1
1866 150 0
1867 137 1
1868 13 1
1869 36 1
1870 147 1
1871 17 1
1872 105 0
1873 61 0
1874 57 0
1875 90 1
1876 88 1
1877 119 0
1878 88 0
1879 14 1
1880 22 1
1881 32 1
1882 144 0
1883 19 0
1884 5 0
1885 99 1
1886 26 1
1887 52 1
1888 144 1
1889 8 1
1890 109 0
1891 132 1
1892 127 1
1893 118 1
1894 79 1
1895 87 0
1896 114 1
1897 43 1
1898 7 1
1899 6 1
1900 14 0
1901 37 1
1902 94 0
1903 43 1
1904 50 1
1905 6 1
1906 47 0
1907 75 0
1908 133 0
1909 84 1
1910 69 1
1911 58 0
1912 9 0
1913 7 1
1914 60 0
1915 55 0
1916 144 1
1917 139 1
1918 54 1
1919 43 1
1920 131 1
1921 135 0
1922 60 0
1923 46 1
1924 148 0
1925 125 0
1926 46 1
1927 120 1
1928 28 1
1929 98 1
1930 13 1
1931 34 0
1932 92 0
1933 114 0
1934 125 1
1935 122 0
1936 55 1
1937 0 1
1938 59 1
1939 28 1
1940 74 1
1941 15 0
1942 81 1
1943 49 1
1944 135 1
1945 70 0
1946 19 0
1947 24 1
1948 47 1
1949 2 0
1950 15 0
1951 147 1
1952 126 1
1953 108 0
1954 91 1
1955 136 1
1956 34 0
1957 30 0
1958 31 1
1959 98 1
1960 123 0
1961 58 0
1962 17 0
1963 151 1
1964 117 1
1965 134 0
1966 149 0
1967 125 1
1968 20 1
1969 51 1
1970 89 1
1971 149 1
1972 108 1
1973 111 1
1974 3 1
1975 24 1
1976 97 1
1977 13 1
1978 36 1
1979 76 0
1980 36 0
1981 30 1
1982 59 1
1983 52 0
1984 108 1
1985 38 1
1986 60 1
1987 40 1
1988 110 0
1989 1 0
1990 80 1
1991 137 0
1992 132 0
1993 10 0
1994 58 0
1995 65 1
1996 17 1
1997 48 1
1998 149 1
1999 2 1
2000 101 1
2001 71 1
2002 124 0
2003 48 1
2004 6 1
2005 92 0
2006 124 1
2007 135 1
2008 123 1
2009 15 1
2010 105 1
2011 19 1
2012 73 1
2013 70 1
2014 65 1
2015 96 1
2016 10 0
2017 71 0
2018 22 0
2019 113 1
2020 65 0
2021 115 1
2022 26 0
2023 11 1
2024 115 0
2025 75 0
2026 132 1
2027 86 1
2028 85 1
2029 44 0
2030 126 1
2031 61 0
2032 51 0
2033 14 0
2034 149 1
2035 101 0
2036 78 1
2037 98 1
2038 58 1
2039 151 1
2040 8 0
2041 138 1
2042 91 1
2043 89 1
2044 125 0
2045 20 1
2046 17 1
2047 106 1
2048 111 1
2049 141 1
2050 17 1
2051 40 1
2052 50 1
2053 97 0
2054 120 1
2055 26 1
2056 91 0
2057 12 0
2058 132 0
2059 52 1
2060 107 1
2061 49 1
2062 51 1
2063 40 0
2064 45 0
2065 13 0
2066 143 1
2067 55 1
2068 89 1
2069 46 1
2070 144 1
2071 81 1
2072 133 1
2073 137 1
2074 42 1
2075 64 0
2076 135 0
2077 145 1
2078 38 1
2079 93 0
2080 86 1
2081 18 1
2082 32 1
2083 14 1
2084 97 1
2085 50 1
2086 30 1
2087 68 1
2088 72 0
2089 149 1
2090 115 1
2091 7 1
2092 71 1
2093 2 0
2094 57 1
2095 90 1
2096 74 0
2097 117 1
2098 53 1
2099 100 0
2100 114 0
2101 8 0
2102 2 0
2103 28 1
2104 1 1
2105 111 0
2106 134 1
2107 60 1
2108 143 1
2109 60 1
2110 55 1
2111 88 1
2112 131 0
2113 133 1
2114 106 1
2115 104 1
2116 128 1
2117 109 1
2118 60 0
2119 127 0
2120 58 1
2121 25 1
2122 50 0
2123 118 1
2124 71 1
2125 139 0
2126 22 1
2127 0 1
2128 49 0
2129 82 0
2130 110 0
2131 94 1
2132 17 1
2133 113 1
2134 85 1
2135 11 1
2136 19 1
2137 31 1
2138 20 1
2139 8 1
2140 46 1
2141 114 0
2142 118 1
2143 119 1
2144 144 0
2145 41 1
2146 131 1
2147 85 0
2148 84 0
2149 122 1
2150 5 0
2151 32 1
2152 68 0
2153 16 1
2154 109 1
2155 76 0
2156 68 0
2157 96 0
2158 24 1
2159 98 1
2160 135 0
2161 14 0
2162 20 1
2163 133 1
2164 42 1
2165 17 1
2166 133 0
2167 121 1
2168 10 0
2169 8 0
2170 59 1
2171 147 1
2172 19 0
2173 84 1
2174 152 1
2175 108 1
2176 66 0
2177 119 1
2178 119 1
2179 87 1
2180 124 0
2181 80 1
2182 52 1
2183 0 0
2184 59 1
2185 79 0
2186 15 1
2187 143 1
2188 36 0
2189 102 1
2190 1 1
2191 67 1
2192 77 1
2193 51 1
2194 55 0
2195 52 0
2196 140 0
2197 131 1
2198 54 1
2199 152 0
2200 61 1
2201 0 1
2202 152 1
2203 135 0
2204 115 0
2205 122 1
2206 39 1
2207 56 0
2208 95 1
2209 57 1
2210 142 0
2211 49 1
2212 115 1
2213 66 1
2214 55 0
2215 51 1
2216 144 1
2217 65 1
2218 67 0
2219 76 1
2220 29 0
2221 18 0
2222 107 1
2223 82 1
2224 53 1
2225 97 1
2226 121 1
2227 70 1
2228 71 1
2229 149 1
2230 49 1
2231 141 0
2232 124 1
2233 105 1
2234 151 0
2235 93 0
2236 99 0
2237 121 1
2238 58 1
2239 128 1
2240 62 1
2241 52 1
2242 91 1
2243 11 1
2244 105 0
2245 34 0
2246 80 0
2247 91 0
2248 100 1
2249 114 1
2250 98 1
2251 24 1
2252 14 0
2253 123 0
2254 93 1
2255 56 1
2256 42 0
2257 82 1
2258 102 0
2259 41 1
2260 151 1
2261 106 1
2262 122 1
2263 1 1
2264 139 1
2265 90 1
2266 17 1
2267 25 1
2268 132 1
2269 129 0
2270 118 1
2271 124 1
2272 63 0
2273 64 1
2274 44 0
2275 117 1
2276 77 0
2277 145 1
2278 13 1
2279 12 1
2280 133 0
2281 5 1
2282 89 1
2283 54 1
2284 76 1
2285 12 1
2286 138 1
2287 99 1
2288 87 0
2289 85 0
2290 12 1
2291 20 0
2292 146 1
2293 32 0
2294 30 0
2295 80 0
2296 20 0
2297 33 1
2298 12 1
2299 50 1
2300 40 1
2301 2 1
2302 96 0
2303 98 1
2304 9 0
2305 8 1
2306 106 0
2307 8 1
2308 90 1
2309 27 1
2310 110 1
2311 2 1
2312 89 0
2313 137 0
2314 149 1
2315 62 1
2316 146 1
2317 112 1
2318 62 1
2319 144 1
2320 113 1
2321 143 0
2322 77 1
2323 87 0
2324 88 0
2325 6 1
2326 93 1
2327 98 0
2328 70 1
2329 3 1
2330 13 1
2331 152 1
2332 1 0
2333 146 1
2334 41 1
2335 7 1
2336 9 0
2337 143 0
2338 70 1
2339 126 1
2340 64 0
2341 101 0
2342 14 0
2343 84 1
2344 26 1
2345 47 1
2346 49 0
2347 72 1
2348 30 0
2349 138 1
2350 75 1
2351 122 0
2352 64 1
2353 44 1
2354 62 0
2355 37 0
2356 47 1
2357 27 0
2358 82 1
2359 17 1
2360 95 1
2361 21 1
2362 8 1
2363 66 1
2364 55 1
2365 6 1
2366 94 1
2367 88 0
2368 138 0
2369 37 1
2370 21 1
2371 70 1
2372 110 1
2373 2 1
2374 81 1
2375 45 0
2376 6 0
2377 15 1
2378 56 0
2379 102 1
2380 5 1
2381 115 1
2382 134 1
2383 28 1
2384 79 1
2385 63 1
2386 37 1
2387 66 1
2388 102 0
2389 83 1
2390 139 0
2391 54 1
2392 67 0
2393 57 1
2394 22 1
2395 108 0
2396 140 1
2397 50 1
2398 17 1
2399 137 1
2400 40 1
2401 68 0
2402 52 1
2403 121 1
2404 76 0
2405 32 1
2406 28 1
2407 104 1
2408 52 1
2409 91 0
2410 40 1
2411 152 0
2412 13 0
2413 20 1
2414 24 0
2415 126 0
2416 76 1
2417 14 0
2418 49 0
2419 1 1
2420 60 1
2421 59 0
2422 144 1
2423 80 0
2424 44 1
2425 143 0
2426 90 1
2427 111 0
2428 89 1
2429 134 0
2430 32 1
2431 50 1
2432 47 1
2433 133 1
2434 73 1
2435 68 0
2436 65 0
2437 118 1
2438 34 1
2439 150 0
2440 89 1
2441 9 1
2442 26 0
2443 3 1
2444 20 1
2445 76 1
2446 142 1
2447 57 1
2448 63 0
2449 132 1
2450 69 0
2451 13 1
2452 71 1
2453 87 1
2454 49 1
2455 31 1
2456 96 1
2457 12 1
2458 83 1
2459 85 0
2460 25 1
2461 28 0
2462 32 0
2463 76 1
2464 20 1
2465 1 1
2466 0 1
2467 120 0
2468 18 1
2469 49 1
2470 139 1
2471 52 1
2472 19 1
2473 53 1
2474 130 1
2475 78 0
2476 69 0
2477 67 1
2478 65 1
2479 93 1
2480 70 1
2481 97 1
2482 134 1
2483 14 1
2484 144 1
2485 91 1
2486 16 1
2487 86 0
2488 105 1
2489 35 0
2490 21 1
2491 135 1
2492 92 1
2493 88 1
2494 64 0
2495 140 0
2496 148 1
2497 77 1
2498 20 1
2499 0 1
2500 27 0
2501 40 1
2502 107 1
2503 1 1
2504 137 1
2505 39 0
2506 21 0
2507 18 0
2508 121 1
2509 143 1
2510 135 0
2511 40 0
2512 111 0
2513 132 1
2514 81 0
2515 41 0
2516 96 1
2517 23 1
2518 79 0
2519 135 0
2520 85 1
2521 143 0
2522 93 1
2523 93 0
2524 115 1
2525 120 1
2526 136 1
2527 125 0
2528 21 1
2529 123 1
2530 135 1
2531 57 0
2532 117 1
2533 26 1
2534 2 0
2535 131 0
2536 79 1
2537 67 1
2538 130 0
2539 132 0
2540 140 1
2541 87 1
2542 3 1
2543 90 1
2544 61 0
2545 152 1
2546 97 1
2547 19 1
2548 59 1
2549 105 0
2550 78 1
2551 22 1
2552 102 0
2553 99 1
2554 146 1
2555 44 1
2556 74 1
2557 129 1
2558 63 1
2559 152 1
2560 151 1
2561 65 1
2562 104 1
2563 29 1
2564 1 0
2565 73 0
2566 114 1
2567 5 1
2568 56 1
2569 16 1
2570 55 1
2571 54 1
2572 64 1
2573 104 1
2574 146 1
2575 148 1
2576 126 0
2577 112 1
2578 41 1
2579 114 0
2580 19 1
2581 43 0
2582 1 0
2583 95 0
2584 26 1
2585 3 1
2586 43 1
2587 108 1
2588 10 1
2589 3 1
2590 35 0
2591 45 1
2592 84 0
2593 112 0
2594 43 1
2595 65 1
2596 132 1
2597 94 1
2598 30 0
2599 112 0
2600 19 1
2601 34 1
2602 94 1
2603 67 1
2604 50 1
2605 133 1
2606 94 1
2607 119 0
2608 55 1
2609 49 1
2610 48 1
2611 34 1
2612 95 0
2613 57 0
2614 36 1
2615 78 0
2616 3 1
2617 14 1
2618 128 1
2619 49 1
2620 49 0
2621 7 1
2622 80 0
2623 91 1
2624 102 0
2625 106 1
2626 152 0
2627 50 0
2628 12 1
2629 117 1
2630 149 1
2631 0 1
2632 52 0
2633 123 0
2634 18 0
2635 102 0
2636 99 1
2637 108 1
2638 109 1
2639 58 0
2640 59 1
2641 106 0
2642 74 1
2643 49 0
2644 9 1
2645 7 0
2646 81 0
2647 30 0
2648 73 0
2649 33 0
2650 70 1
2651 56 1
2652 117 0
2653 92 0
2654 82 1
2655 29 0
2656 84 0
2657 96 1
2658 11 0
2659 118 1
2660 6 0
2661 51 1
2662 30 1
2663 118 1
2664 132 1
2665 92 0
2666 30 1
2667 115 1
2668 31 1
2669 93 1
2670 126 1
2671 127 1
2672 130 1
2673 89 1
2674 63 0
2675 59 1
2676 76 1
2677 79 1
2678 113 1
2679 107 1
2680 92 1
2681 38 1
2682 91 1
2683 143 0
2684 79 1
2685 133 1
2686 103 1
2687 8 1
2688 74 1
2689 143 1
2690 23 1
2691 105 1
2692 81 1
2693 78 1
2694 126 0
2695 6 1
2696 1 1
2697 85 0
2698 70 1
2699 112 1
2700 56 0
2701 100 1
2702 96 0
2703 136 1
2704 52 0
2705 28 1
2706 73 1
2707 71 1
2708 36 0
2709 43 1
2710 80 0
2711 100 1
2712 145 1
2713 71 1
2714 5 1
2715 84 1
2716 20 1
2717 117 1
2718 11 1
2719 7 1
2720 123 1
2721 35 0
2722 15 0
2723 70 1
2724 1 1
2725 111 1
2726 60 1
2727 59 1
2728 140 1
2729 140 1
2730 59 0
2731 103 1
2732 0 1
2733 93 1
2734 64 0
2735 125 1
2736 135 1
2737 103 0
2738 11 0
2739 124 0
2740 31 0
2741 118 1
2742 37 1
2743 16 0
2744 28 0
2745 67 0
2746 99 1
2747 38 0
2748 110 1
2749 136 0
2750 104 0
2751 81 1
2752 12 1
2753 109 1
2754 102 0
2755 36 1
2756 34 0
2757 97 0
2758 52 1
2759 146 1
2760 141 1
2761 39 1
2762 102 1
2763 84 1
2764 106 1
2765 131 1
2766 72 1
2767 17 1
2768 13 1
2769 108 1
2770 79 1
2771 121 0
2772 44 1
2773 82 1
2774 75 1
2775 73 1
2776 32 1
2777 73 1
2778 61 0
2779 116 0
2780 96 0
2781 123 1
2782 25 0
2783 124 1
2784 138 0
2785 27 1
2786 147 1
2787 75 0
2788 136 1
2789 31 0
2790 1 1
2791 19 1
2792 88 1
2793 89 1
2794 121 0
2795 61 1
2796 146 1
2797 129 0
2798 43 0
2799 108 1
2800 77 0
2801 118 0
2802 52 1
2803 6 1
2804 94 0
2805 119 0
2806 13 1
2807 25 0
2808 127 1
2809 148 1
2810 14 1
2811 31 1
2812 113 0
2813 102 0
2814 4 0
2815 57 1
2816 89 1
2817 50 0
2818 88 1
2819 24 1
2820 119 1
2821 22 0
2822 50 0
2823 131 0
2824 10 0
2825 144 1
2826 55 0
2827 57 0
2828 79 0
2829 43 0
2830 88 1
2831 62 1
2832 124 0
2833 38 1
2834 42 1
2835 139 1
2836 102 0
2837 13 0
2838 82 1
2839 48 1
2840 118 1
2841 116 0
2842 86 0
2843 60 0
2844 77 0
2845 145 1
2846 77 0
2847 87 1
2848 15 1
2849 29 1
2850 59 1
2851 90 0
2852 50 0
2853 32 1
2854 121 1
2855 96 1
2856 144 1
2857 4 1
2858 130 1
2859 114 1
2860 65 1
2861 118 1
2862 34 1
2863 87 1
2864 50 0
2865 131 1
2866 5 1
2867 143 1
2868 69 1
2869 84 0
2870 128 0
2871 21 0
2872 136 1
2873 69 0
2874 139 1
2875 66 1
2876 34 1
2877 66 1
2878 133 1
2879 142 0
2880 15 0
2881 140 1
2882 86 0
2883 125 0
2884 49 0
2885 65 1
2886 108 0
2887 41 1
2888 136 1
2889 77 1
2890 37 1
2891 46 0
2892 71 1
2893 140 1
2894 36 1
2895 107 0
2896 147 1
2897 71 1
2898 121 1
2899 83 1
2900 149 0
2901 67 0
2902 106 1
2903 92 1
2904 90 1
2905 108 0
2906 32 0
2907 97 0
2908 37 1
2909 53 1
2910 111 1
2911 124 0
2912 127 1
2913 33 1
2914 135 1
2915 10 1
2916 8 0
2917 132 1
2918 58 1
2919 100 1
2920 113 0
2921 46 1
2922 133 1
2923 147 1
2924 99 0
2925 115 0
2926 54 1
2927 11 1
2928 25 1
2929 21 1
2930 58 0
2931 35 1
2932 134 1
2933 53 0
2934 110 1
2935 111 0
2936 131 1
2937 89 0
2938 19 1
2939 0 1
2940 2 1
2941 48 1
2942 73 1
2943 135 1
2944 1 1
2945 27 0
2946 84 1
2947 150 1
2948 126 1
2949 28 1
2950 126 1
2951 27 1
2952 15 1
2953 88 1
2954 71 0
2955 24 1
2956 51 1
2957 1 1
2958 29 1
2959 145 0
2960 36 0
2961 114 0
2962 107 1
2963 84 1
2964 59 1
2965 61 1
2966 123 1
2967 9 1
2968 101 0
2969 69 1
2970 57 0
2971 142 1
2972 63 1
2973 130 1
2974 152 1
2975 148 1
2976 13 1
2977 54 1
2978 94 1
2979 123 0
2980 147 0
2981 83 0
2982 145 1
2983 127 1
2984 86 1
2985 10 1
2986 33 1
2987 124 1
2988 15 1
2989 62 1
2990 120 0
2991 101 1
2992 14 1
2993 151 0
2994 37 1
2995 31 1
2996 24 0
2997 20 1
2998 103 0
2999 7 0
3000 87 0
3001 51 0
3002 16 1
3003 89 0
3004 20 1
3005 97 1
3006 56 1
3007 121 0
3008 72 1
3009 101 1
3010 112 1
3011 12 1
3012 118 1
3013 25 1
3014 76 1
3015 1 0
3016 74 0
3017 2 1
3018 100 1
3019 19 1
3020 115 1
3021 108 1
3022 33 0
3023 139 1
3024 92 1
3025 111 1
3026 66 1
3027 84 1
3028 52 1
3029 149 1
3030 38 0
3031 35 1
3032 49 1
3033 100 1
3034 27 0
3035 142 1
3036 108 1
3037 33 1
3038 95 1
3039 119 0
3040 106 0
3041 135 1
3042 98 0
3043 100 1
3044 48 1
3045 23 1
3046 93 1
3047 71 1
3048 146 0
3049 36 0
3050 137 0
3051 35 0
3052 19 1
3053 106 1
3054 87 1
3055 45 1
3056 21 1
3057 109 0
3058 118 1
3059 142 1
3060 24 0
3061 125 0
3062 95 1
3063 3 1
3064 86 1
3065 109 0
3066 114 1
3067 60 1
3068 84 0
3069 144 0
3070 110 0
3071 108 0
3072 63 1
3073 98 1
3074 17 1
3075 92 1
3076 124 0
3077 30 1
3078 132 1
3079 27 0
3080 98 1
3081 33 0
3082 25 1
3083 90 1
3084 131 1
3085 25 1
3086 143 1
3087 66 1
3088 95 1
3089 133 0
3090 148 1
3091 26 1
3092 9 1
3093 83 1
3094 141 0
3095 104 1
3096 144 1
3097 43 1
3098 102 0
3099 152 1
3100 88 1
3101 15 0
3102 55 1
3103 29 1
3104 143 1
3105 136 0
3106 107 1
3107 2 0
3108 116 1
3109 129 1
3110 67 1
3111 88 1
3112 89 1
3113 126 1
3114 137 0
3115 143 1
3116 46 1
3117 23 0
3118 112 1
3119 100 1
3120 87 1
3121 112 1
3122 142 0
3123 29 1
3124 71 1
3125 107 0
3126 111 0
3127 95 0
3128 46 1
3129 136 1
3130 90 0
3131 128 1
3132 4 1
3133 85 0
3134 100 1
3135 90 1
3136 12 0
3137 100 1
3138 61 0
3139 5 1
3140 7 0
3141 15 1
3142 52 1
3143 37 1
3144 75 1
3145 0 0
3146 19 0
3147 21 1
3148 151 0
3149 139 1
3150 36 1
3151 5 1
3152 47 0
3153 100 1
3154 107 1
3155 138 1
3156 90 1
3157 104 0
3158 8 1
3159 112 1
3160 34 1
3161 146 1
3162 88 1
3163 76 0
3164 145 1
3165 107 1
3166 60 0
3167 102 1
3168 91 1
3169 113 0
3170 2 1
3171 57 1
3172 124 1
3173 131 0
3174 150 0
3175 112 1
3176 74 1
3177 135 1
3178 119 0
3179 18 1
3180 43 1
3181 140 1
3182 85 1
3183 109 1
3184 11 0
3185 144 1
3186 15 0
3187 2 0
3188 56 1
3189 143 0
3190 120 1
3191 8 1
3192 80 0
3193 76 1
3194 74 1
3195 30 1
3196 66 1
3197 119 0
3198 4 0
3199 97 1
3200 144 0
3201 78 1
3202 8 0
3203 42 1
3204 110 1
3205 16 1
3206 32 1
3207 119 0
3208 39 1
3209 55 0
3210 136 1
3211 129 1
3212 1 1
3213 98 1
3214 42 0
3215 71 1
3216 3 1
3217 90 1
3218 102 0
3219 102 1
3220 37 1
3221 137 1
3222 39 1
3223 78 1
3224 17 1
3225 64 1
3226 91 0
3227 99 1
3228 7 1
3229 148 1
3230 138 1
3231 133 1
3232 87 0
3233 50 1
3234 74 0
3235 121 0
3236 14 1
3237 77 1
3238 105 1
3239 4 0
3240 136 1
3241 19 1
3242 6 1
3243 39 1
3244 60 0
3245 113 0
3246 125 0
3247 84 1
3248 35 1
3249 121 1
3250 6 1
3251 118 1
3252 66 0
3253 124 0
3254 70 0
3255 12 1
3256 68 1
3257 24 1
3258 21 1
3259 113 1
3260 122 1
3261 24 1
3262 38 1
3263 26 1
3264 90 1
3265 54 1
3266 108 1
3267 13 0
3268 87 0
3269 89 0
3270 137 0
3271 82 1
3272 29 1
3273 152 1
3274 42 1
3275 29 1
3276 57 0
3277 131 1
3278 34 1
3279 40 0
3280 23 1
3281 142 1
3282 139 0
3283 49 0
3284 37 1
3285 102 0
3286 136 0
3287 100 1
3288 10 0
3289 112 1
3290 59 1
3291 113 0
3292 93 1
3293 84 1
3294 145 1
3295 149 1
3296 91 0
3297 18 0
3298 38 1
3299 23 1
3300 102 1
3301 123 1
3302 29 1
3303 147 1
3304 16 1
3305 13 1
3306 146 1
3307 89 1
3308 115 1
3309 85 0
3310 144 1
3311 148 1
3312 117 1
3313 8 0
3314 131 0
3315 103 1
3316 54 1
3317 63 1
3318 15 1
3319 20 1
3320 37 1
3321 29 1
3322 58 0
3323 141 1
3324 138 0
3325 128 1
3326 52 1
3327 60 1
3328 10 0
3329 68 1
3330 21 1
3331 94 0
3332 142 1
3333 32 0
3334 88 0
3335 112 1
3336 136 1
3337 27 1
3338 107 0
3339 87 0
3340 88 1
3341 94 1
3342 58 0
3343 53 0
3344 144 1
3345 107 1
3346 38 0
3347 89 0
3348 78 1
3349 107 1
3350 70 0
3351 35 1
3352 55 1
3353 120 1
3354 77 0
3355 126 1
3356 142 0
3357 75 1
3358 119 1
3359 13 1
3360 148 1
3361 124 1
3362 40 0
3363 110 1
3364 78 1
3365 29 1
3366 3 1
3367 74 1
3368 152 1
3369 117 0
3370 121 1
3371 140 1
3372 56 1
3373 55 1
3374 63 0
3375 5 1
3376 35 1
3377 116 1
3378 86 1
3379 66 1
3380 11 0
3381 7 1
3382 58 0
3383 98 1
3384 148 1
3385 6 1
3386 25 1
3387 124 0
3388 106 1
3389 129 1
3390 119 0
3391 100 1
3392 136 0
3393 127 1
3394 34 1
3395 81 1
3396 33 0
3397 85 1
3398 66 1
3399 21 1
3400 142 1
3401 76 1
3402 71 0
3403 121 1
3404 124 0
3405 65 1
3406 104 1
3407 142 0
3408 126 1
3409 3 1
3410 28 0
3411 78 1
3412 69 1
3413 50 0
3414 90 0
3415 95 1
3416 149 1
3417 119 0
3418 140 1
3419 141 1
3420 57 1
3421 99 1
3422 116 0
3423 120 1
3424 76 1
3425 121 1
3426 105 1
3427 88 0
3428 81 0
3429 30 0
3430 107 0
3431 123 1
3432 40 1
3433 67 1
3434 74 0
3435 11 1
3436 134 1
3437 12 1
3438 95 1
3439 58 0
3440 1 0
3441 44 0
3442 98 1
3443 0 1
3444 144 1
3445 95 1
3446 52 1
3447 74 1
3448 51 1
3449 17 0
3450 69 1
3451 130 1
3452 35 0
3453 19 0
3454 19 0
3455 45 1
3456 128 0
3457 152 1
3458 94 1
3459 150 1
3460 80 1
3461 81 1
3462 29 1
3463 122 0
3464 40 1
3465 78 0
3466 64 1
3467 56 1
3468 95 1
3469 151 1
3470 49 1
3471 7 0
3472 4 0
3473 148 0
3474 30 1
3475 106 0
3476 109 1
3477 115 1
3478 111 0
3479 116 1
3480 120 0
3481 5 1
3482 147 1
3483 27 1
3484 34 1
3485 75 0
3486 93 1
3487 134 1
3488 138 1
3489 118 0
3490 19 0
3491 126 1
3492 3 0
3493 11 1
3494 69 1
3495 139 1
3496 90 0
3497 92 0
3498 103 1
3499 70 1
3500 41 1
3501 69 0
3502 125 0
3503 1 1
3504 101 1
3505 152 1
3506 63 1
3507 146 1
3508 111 1
3509 54 0
3510 28 0
3511 89 0
3512 56 1
3513 75 0
3514 45 0
3515 17 1
3516 35 1
3517 118 1
3518 58 0
3519 144 1
3520 110 0
3521 152 1
3522 140 0
3523 113 0
3524 21 1
3525 151 0
3526 79 1
3527 64 1
3528 140 0
3529 39 0
3530 29 0
3531 144 1
3532 64 1
3533 72 1
3534 100 1
3535 1 1
3536 78 1
3537 103 0
3538 42 1
3539 11 1
3540 127 1
3541 34 0
3542 121 1
3543 86 1
3544 110 1
3545 141 1
3546 79 0
3547 75 0
3548 113 1
3549 138 0
3550 108 1
3551 15 1
3552 36 0
3553 100 1
3554 79 1
3555 38 1
3556 18 1
3557 132 1
3558 17 1
3559 120 1
3560 62 1
3561 10 1
3562 113 1
3563 4 1
3564 131 1
3565 56 1
3566 0 1
3567 120 1
3568 62 0
3569 114 1
3570 76 1
3571 66 1
3572 71 1
3573 105 0
3574 110 1
3575 113 1
3576 54 0
3577 33 1
3578 106 0
3579 10 0
3580 51 1
3581 18 1
3582 10 1
3583 87 0
3584 103 1
3585 85 1
3586 97 0
3587 145 1
3588 69 0
3589 1 1
3590 42 0
3591 72 1
3592 134 1
3593 8 1
3594 40 1
3595 44 0
3596 110 1
3597 143 1
3598 73 1
3599 65 1
3600 151 0
3601 74 0
3602 22 1
3603 8 1
3604 60 1
3605 143 0
3606 148 1
3607 96 1
3608 90 0
3609 114 1
3610 20 1
3611 93 0
3612 93 0
3613 148 1
3614 33 0
3615 61 1
3616 84 1
3617 23 1
3618 73 1
3619 94 0
3620 40 0
3621 134 1
3622 69 1
3623 87 1
3624 79 0
3625 8 1
3626 79 1
3627 126 1
3628 32 0
3629 58 1
3630 55 1
3631 146 1
3632 152 0
3633 14 0
3634 73 1
3635 104 1
3636 90 1
3637 71 1
3638 34 0
3639 63 0
3640 79 1
3641 109 1
3642 21 0
3643 75 1
3644 77 1
3645 41 0
3646 23 0
3647 40 0
3648 76 0
3649 145 1
3650 59 1
3651 8 1
3652 78 0
3653 54 1
3654 110 1
3655 123 1
3656 61 1
3657 91 1
3658 35 1
3659 58 0
3660 70 1
3661 141 1
3662 5 1
3663 140 0
3664 107 1
3665 104 1
3666 101 0
3667 60 1
3668 63 0
3669 12 1
3670 129 0
3671 81 1
3672 87 1
3673 17 0
3674 84 1
3675 81 1
3676 46 0
3677 119 1
3678 122 1
3679 5 1
3680 111 1
3681 140 1
3682 118 1
3683 112 1
3684 59 0
3685 49 1
3686 131 1
3687 122 0
3688 48 1
3689 60 1
3690 86 1
3691 5 0
3692 108 0
3693 81 1
3694 102 1
3695 51 1
3696 93 1
3697 146 1
3698 8 1
3699 112 1
3700 101 1
3701 152 0
3702 37 1
3703 42 1
3704 133 1
3705 89 1
3706 142 1
3707 96 1
3708 90 1
3709 72 0
3710 7 0
3711 100 1
3712 59 1
3713 31 1
3714 45 1
3715 6 0
3716 74 0
3717 148 0
3718 152 1
3719 68 1
3720 37 1
3721 70 0
3722 123 0
3723 124 0
3724 87 1
3725 100 0
3726 39 1
3727 67 0
3728 13 1
3729 63 1
3730 11 1
3731 102 1
3732 125 1
3733 44 1
3734 31 1
3735 128 1
3736 14 1
3737 95 0
3738 109 1
3739 70 1
3740 7 0
3741 139 0
3742 89 0
3743 42 1
3744 49 1
3745 58 1
3746 73 1
3747 145 0
3748 1 0
3749 42 1
3750 71 0
3751 101 0
3752 88 1
3753 94 0
3754 135 0
3755 114 0
3756 28 1
3757 61 1
3758 50 1
3759 117 1
3760 106 1
3761 56 0
3762 54 0
3763 97 1
3764 135 1
3765 88 1
3766 28 1
3767 10 1
3768 105 1
3769 34 1
3770 116 1
3771 127 0
3772 145 0
3773 32 1
3774 36 0
3775 39 1
3776 44 1
3777 41 1
3778 16 1
3779 26 0
3780 149 0
3781 102 1
3782 47 0
3783 38 1
3784 90 0
3785 138 1
3786 117 1
3787 95 1
3788 45 1
3789 24 1
3790 149 1
3791 95 1
3792 30 0
3793 138 0
3794 18 0
3795 96 0
3796 22 0
3797 114 0
3798 30 1
3799 95 1
3800 97 1
3801 71 1
3802 64 1
3803 43 0
3804 13 1
3805 62 1
3806 2 0
3807 49 0
3808 63 1
3809 129 1
3810 96 1
3811 146 1
3812 118 1
3813 60 1
3814 132 0
3815 13 0
3816 107 1
3817 9 1
3818 122 0
3819 0 1
3820 16 1
3821 16 1
3822 143 0
3823 101 1
3824 150 1
3825 7 1
3826 150 1
3827 108 0
3828 133 1
3829 32 0
3830 43 1
3831 60 0
3832 1 1
3833 42 1
3834 19 1
3835 131 1
3836 2 0
3837 104 1
3838 60 0
3839 71 1
3840 2 1
3841 47 1
3842 104 0
3843 11 0
3844 44 1
3845 69 0
3846 114 1
3847 85 1
3848 97 1
3849 86 1
3850 42 1
3851 24 1
3852 85 1
3853 87 0
3854 53 1
3855 100 0
3856 108 1
3857 104 1
3858 22 1
3859 42 1
3860 31 1
3861 1 1
3862 138 0
3863 132 1
3864 111 1
3865 71 1
3866 28 0
3867 94 1
3868 121 1
3869 130 1
3870 83 0
3871 102 1
3872 97 1
3873 149 1
3874 41 1
3875 33 1
3876 46 1
3877 114 1
3878 17 0
3879 114 1
3880 57 1
3881 0 0
3882 0 1
3883 70 1
3884 20 1
3885 15 1
3886 150 1
3887 40 1
3888 69 1
3889 85 1
3890 124 1
3891 105 1
3892 49 0
3893 74 1
3894 57 1
3895 67 1
3896 118 1
3897 96 1
3898 35 1
3899 137 0
3900 111 1
3901 56 0
3902 14 1
3903 99 1
3904 4 1
3905 116 1
3906 47 0
3907 68 1
3908 31 1
3909 35 1
3910 75 1
3911 100 1
3912 43 1
3913 56 0
3914 107 1
3915 55 1
3916 90 1
3917 70 1
3918 80 1
3919 110 0
3920 98 1
3921 110 1
3922 13 1
3923 113 0
3924 40 1
3925 5 0
3926 124 1
3927 53 1
3928 22 0
3929 14 1
3930 47 1
3931 67 1
3932 28 1
3933 114 0
3934 51 1
3935 66 1
3936 16 0
3937 38 0
3938 99 1
3939 123 1
3940 44 0
3941 151 0
3942 132 0
3943 79 1
3944 34 0
3945 2 1
3946 10 1
3947 91 1
3948 104 0
3949 19 1
3950 20 0
3951 48 1
3952 6 0
3953 115 1
3954 109 1
3955 141 1
3956 111 0
3957 41 1
3958 63 1
3959 141 1
3960 86 1
3961 76 1
3962 110 1
3963 7 0
3964 116 1
3965 113 1
3966 9 1
3967 44 0
3968 119 0
3969 17 0
3970 116 1
3971 127 0
3972 41 1
3973 62 0
3974 33 1
3975 74 1
3976 67 1
3977 88 0
3978 61 0
3979 111 1
3980 19 0
3981 7 1
3982 105 0
3983 93 1
3984 82 1
3985 69 1
3986 140 1
3987 18 0
3988 109 0
3989 5 1
3990 3 1
3991 109 1
3992 127 1
3993 95 1
3994 37 0
3995 60 1
3996 149 1
3997 84 1
3998 16 1
3999 95 0
4000 6 1
4001 67 0
4002 80 0
4003 72 1
4004 62 0
4005 25 1
4006 54 1
4007 136 0
4008 102 1
4009 115 1
4010 28 1
4011 43 0
4012 12 0
4013 48 1
4014 49 0
4015 25 1
4016 2 1
4017 124 1
4018 49 1
4019 143 0
4020 17 1
4021 24 0
4022 47 1
4023 151 0
4024 136 1
4025 8 1
4026 32 0
4027 112 1
4028 75 1
4029 99 0
4030 151 1
4031 77 1
4032 63 0
4033 107 0
4034 116 1
4035 95 1
4036 9 1
4037 77 1
4038 25 1
4039 103 1
4040 110 0
4041 70 1
4042 34 0
4043 85 0
4044 37 1
4045 106 1
4046 27 1
4047 85 0
4048 78 1
4049 99 0
4050 33 1
4051 47 0
4052 33 0
4053 149 1
4054 122 1
4055 92 1
4056 83 1
4057 119 0
4058 64 1
4059 100 1
4060 107 1
4061 33 1
4062 84 0
4063 146 1
4064 29 0
4065 101 1
4066 134 1
4067 129 0
4068 41 0
4069 98 1
4070 98 0
4071 140 0
4072 71 0
4073 18 1
4074 30 0
4075 133 1
4076 19 0
4077 41 0
4078 131 1
4079 34 0
4080 127 0
4081 94 0
4082 27 1
4083 19 1
4084 69 1
4085 129 1
4086 51 0
4087 42 1
4088 95 1
4089 2 1
4090 51 1
4091 6 0
4092 46 1
4093 70 0
4094 107 0
4095 82 1
4096 112 1
4097 86 0
4098 120 0
4099 106 1
4100 120 0
4101 50 1
4102 96 0
4103 38 1
4104 50 1
4105 60 1
4106 74 1
4107 44 1
4108 11 1
4109 17 1
4110 92 1
4111 71 1
4112 149 1
4113 88 0
4114 6 1
4115 24 1
4116 21 1
4117 42 1
4118 63 1
4119 52 1
4120 146 1
4121 88 1
4122 75 1
4123 60 0
4124 119 1
4125 76 1
4126 49 1
4127 7 1
4128 23 0
4129 33 1
4130 34 0
4131 28 1
4132 3 1
4133 69 1
4134 151 1
4135 53 1
4136 105 0
4137 109 0
4138 17 1
4139 139 0
4140 143 0
4141 92 1
4142 57 1
4143 135 1
4144 92 1
4145 135 0
4146 98 1
4147 78 0
4148 106 1
4149 41 0
4150 12 1
4151 146 1
4152 132 1
4153 41 1
4154 15 1
4155 30 1
4156 115 0
4157 95 1
4158 119 0
4159 21 1
4160 119 1
4161 81 0
4162 40 1
4163 13 0
4164 75 1
4165 123 1
4166 45 1
4167 126 1
4168 115 0
4169 46 0
4170 92 0
4171 32 1
4172 96 1
4173 123 1
4174 78 1
4175 18 1
4176 21 0
4177 108 1
4178 28 1
4179 79 1
4180 98 1
4181 88 1
4182 87 1
4183 40 1
4184 102 0
4185 76 1
4186 60 0
4187 121 1
4188 109 0
4189 116 1
4190 133 0
4191 78 0
4192 132 0
4193 112 1
4194 77 0
4195 8 1
4196 138 0
4197 14 1
4198 56 1
4199 147 1
4200 38 0
4201 71 1
4202 27 1
4203 126 0
4204 28 0
4205 42 1
4206 122 0
4207 35 1
4208 75 1
4209 5 1
4210 83 0
4211 48 0
4212 33 1
4213 14 1
4214 13 1
4215 119 0
4216 104 1
4217 21 0
4218 102 0
4219 11 0
4220 135 1
4221 10 1
4222 70 1
4223 77 1
4224 90 1
4225 18 1
4226 146 0
4227 89 1
4228 0 0
4229 115 1
4230 137 0
4231 115 1
4232 144 1
4233 117 0
4234 28 1
4235 95 1
4236 54 0
4237 139 1
4238 48 1
4239 142 1
4240 43 1
4241 5 0
4242 73 0
4243 88 1
4244 95 1
4245 9 1
4246 29 1
4247 65 1
4248 132 0
4249 138 0
4250 29 0
4251 68 1
4252 82 1
4253 55 1
4254 15 1
4255 140 0
4256 52 1
4257 120 0
4258 138 1
4259 121 1
4260 130 1
4261 82 1
4262 126 0
4263 76 0
4264 48 1
4265 10 1
4266 38 1
4267 33 1
4268 31 1
4269 123 1
4270 4 1
4271 2 1
4272 1 1
4273 104 1
4274 49 1
4275 116 1
4276 74 1
4277 83 0
4278 64 0
4279 24 0
4280 93 1
4281 87 1
4282 11 1
4283 149 1
4284 80 1
4285 10 1
4286 128 1
4287 38 0
4288 6 1
4289 140 1
4290 61 1
4291 107 1
4292 21 0
4293 54 0
4294 68 1
4295 95 1
4296 10 0
4297 12 1
4298 46 0
4299 138 0
4300 0 1
4301 82 1
4302 33 0
4303 129 1
4304 109 0
4305 95 1
4306 117 0
4307 49 1
4308 111 1
4309 120 1
4310 79 0
4311 60 1
4312 141 1
4313 8 1
4314 106 0
4315 32 1
4316 14 1
4317 132 1
4318 107 0
4319 88 1
4320 122 1
4321 131 1
4322 130 1
4323 96 0
4324 3 1
4325 12 1
4326 151 1
4327 44 1
4328 17 1
4329 46 1
4330 95 1
4331 127 1
4332 65 1
4333 5 1
4334 86 0
4335 109 1
4336 20 1
4337 13 1
4338 140 0
4339 136 1
4340 70 1
4341 98 1
4342 68 1
4343 79 0
4344 116 1
4345 106 1
4346 76 1
4347 16 1
4348 58 1
4349 8 0
4350 11 1
4351 72 1
4352 77 1
4353 79 1
4354 92 1
4355 80 1
4356 57 0
4357 102 1
4358 90 1
4359 109 1
4360 51 1
4361 113 1
4362 143 1
4363 116 0
4364 47 1
4365 65 1
4366 139 1
4367 114 0
4368 146 1
4369 127 1
4370 127 1
4371 145 1
4372 131 1
4373 55 1
4374 20 1
4375 122 0
4376 98 1
4377 71 1
4378 108 1
4379 34 1
4380 81 0
4381 85 1
4382 134 1
4383 130 1
4384 137 1
4385 110 1
4386 81 1
4387 41 1
4388 68 1
4389 0 1
4390 132 1
4391 58 1
4392 102 1
4393 63 0
4394 86 1
4395 85 1
4396 93 0
4397 81 0
4398 114 1
4399 99 1
4400 84 1
4401 108 1
4402 30 0
4403 97 1
4404 117 1
4405 85 1
4406 92 1
4407 70 0
4408 16 0
4409 123 0
4410 152 1
4411 141 1
4412 98 1
4413 65 1
4414 49 1
4415 30 0
4416 118 1
4417 19 1
4418 6 1
4419 144 1
4420 86 1
4421 116 1
4422 116 0
4423 116 1
4424 89 0
4425 132 1
4426 142 1
4427 54 1
4428 87 1
4429 146 1
4430 27 1
4431 143 0
4432 34 0
4433 38 0
4434 22 1
4435 36 0
4436 131 1
4437 55 0
4438 84 1
4439 124 0
4440 105 0
4441 6 1
4442 97 1
4443 53 1
4444 76 0
4445 40 0
4446 120 1
4447 121 1
4448 89 0
4449 68 0
4450 61 1
4451 117 1
4452 26 0
4453 5 0
4454 63 1
4455 28 0
4456 106 0
4457 134 0
4458 120 1
4459 131 0
4460 106 0
4461 19 0
4462 74 1
4463 75 0
4464 44 0
4465 20 0
4466 17 1
4467 16 0
4468 54 0
4469 26 0
4470 49 1
4471 5 1
4472 113 0
4473 127 1
4474 21 1
4475 124 1
4476 149 1
4477 48 0
4478 28 1
4479 132 1
4480 36 1
4481 50 1
4482 33 1
4483 96 1
4484 139 1
4485 78 1
4486 48 1
4487 87 1
4488 95 0
4489 114 1
4490 38 1
4491 116 1
4492 126 0
4493 131 0
4494 32 0
4495 99 1
4496 134 1
4497 146 1
4498 89 0
4499 152 1
4500 84 1
4501 135 1
4502 58 0
4503 38 1
4504 27 0
4505 14 0
4506 135 1
4507 100 1
4508 39 1
4509 135 1
4510 60 1
4511 36 1
4512 103 1
4513 106 0
4514 144 1
4515 139 1
4516 55 1
4517 104 1
4518 112 1
4519 138 0
4520 40 1
4521 77 0
4522 3 0
4523 3 0
4524 128 0
4525 11 0
4526 116 1
4527 127 0
4528 77 1
4529 131 1
4530 32 1
4531 40 1
4532 8 1
4533 97 0
4534 31 1
4535 4 1
4536 108 1
4537 144 1
4538 131 1
4539 25 1
4540 4 1
4541 38 0
4542 109 1
4543 59 0
4544 142 1
4545 151 1
4546 78 0
4547 6 1
4548 79 1
4549 79 1
4550 59 1
4551 104 1
4552 37 0
4553 150 1
4554 89 0
4555 18 0
4556 84 1
4557 111 1
4558 119 1
4559 123 0
4560 80 1
4561 3 1
4562 31 0
4563 117 0
4564 138 1
4565 143 1
4566 24 0
4567 83 1
4568 37 1
4569 127 1
4570 128 1
4571 117 1
4572 75 1
4573 149 1
4574 118 0
4575 150 1
4576 112 1
4577 101 0
4578 35 0
4579 150 1
4580 30 0
4581 65 1
4582 108 1
4583 14 1
4584 101 1
4585 16 1
4586 134 1
4587 57 0
4588 106 1
4589 123 1
4590 69 1
4591 14 1
4592 146 0
4593 68 1
4594 102 0
4595 73 1
4596 78 1
4597 59 0
4598 6 0
4599 51 1
4600 87 1
4601 80 1
4602 73 1
4603 22 0
4604 87 1
4605 148 1
4606 137 0
4607 56 0
4608 21 1
4609 30 1
4610 61 1
4611 0 1
4612 139 0
4613 45 1
4614 5 1
4615 149 1
4616 61 1
4617 57 1
4618 110 0
4619 58 1
4620 96 0
4621 72 1
4622 88 1
4623 83 1
4624 124 1
4625 130 1
4626 90 0
4627 45 0
4628 62 1
4629 94 1
4630 109 1
4631 56 1
4632 64 0
4633 48 1
4634 65 0
4635 91 1
4636 8 0
4637 114 0
4638 11 1
4639 103 0
4640 31 0
4641 65 1
4642 108 1
4643 94 1
4644 98 0
4645 6 1
4646 23 1
4647 121 1
4648 73 1
4649 133 0
4650 123 0
4651 43 1
4652 82 0
4653 150 0
4654 75 1
4655 125 1
4656 78 1
4657 149 0
4658 20 1
4659 126 1
4660 23 1
4661 69 1
4662 67 1
4663 30 0
4664 79 0
4665 22 0
4666 107 1
4667 78 1
4668 71 1
4669 51 1
4670 47 0
4671 149 0
4672 86 1
4673 82 0
4674 132 1
4675 122 1
4676 85 0
4677 98 0
4678 101 0
4679 37 0
4680 61 1
4681 127 1
4682 126 0
4683 101 1
4684 24 1
4685 112 0
4686 47 1
4687 94 1
4688 150 0
4689 113 0
4690 1 1
4691 4 1
4692 146 1
4693 111 1
4694 0 1
4695 19 0
4696 81 1
4697 101 0
4698 95 1
4699 148 0
4700 73 1
4701 63 1
4702 112 1
4703 151 0
4704 103 1
4705 85 1
4706 91 1
4707 62 1
4708 114 1
4709 76 0
4710 42 1
4711 22 1
4712 139 1
4713 74 1
4714 44 1
4715 73 1
4716 73 1
4717 134 1
4718 38 0
4719 141 0
4720 141 1
4721 92 1
4722 60 1
4723 36 0
4724 72 0
4725 7 1
4726 105 1
4727 134 0
4728 24 1
4729 46 1
4730 149 1
4731 57 1
4732 103 1
4733 126 1
4734 68 0
4735 1 1
4736 60 1
4737 8 1
4738 144 1
4739 38 1
4740 54 1
4741 50 0
4742 74 0
4743 123 1
4744 137 1
4745 38 0
4746 136 1
4747 75 1
4748 5 1
4749 124 0
4750 35 1
4751 28 1
4752 115 1
4753 112 1
4754 131 1
4755 67 1
4756 42 1
4757 63 1
4758 47 1
4759 111 1
4760 75 0
4761 37 1
4762 116 1
4763 66 1
4764 34 1
4765 93 0
4766 59 1
4767 62 1
4768 54 0
4769 25 0
4770 44 1
4771 114 1
4772 82 1
4773 100 0
4774 109 1
4775 8 1
4776 105 1
4777 140 0
4778 30 1
4779 87 1
4780 116 1
4781 31 1
4782 45 0
4783 69 1
4784 114 1
4785 29 1
4786 33 0
4787 142 0
4788 66 1
4789 92 1
4790 69 0
4791 78 1
4792 18 0
4793 115 1
4794 144 0
4795 138 1
4796 127 1
4797 1 0
4798 134 0
4799 16 1
4800 11 1
4801 151 1
4802 87 1
4803 33 1
4804 101 0
4805 47 1
4806 123 0
4807 64 1
4808 88 1
4809 61 1
4810 125 1
4811 83 0
4812 87 1
4813 16 1
4814 27 1
4815 36 0
4816 103 1
4817 133 1
4818 46 1
4819 62 0
4820 61 0
4821 61 1
4822 132 0
4823 44 1
4824 48 1
4825 43 1
4826 24 0
4827 145 1
4828 82 1
4829 77 0
4830 41 1
4831 45 1
4832 44 0
4833 79 0
4834 89 1
4835 134 0
4836 148 1
4837 28 1
4838 65 1
4839 66 1
4840 74 1
4841 134 1
4842 107 1
4843 107 1
4844 135 1
4845 43 0
4846 41 0
4847 90 1
4848 138 1
4849 47 0
4850 54 1
4851 96 0
4852 95 0
4853 23 1
4854 93 0
4855 146 1
4856 95 0
4857 10 1
4858 126 0
4859 111 1
4860 20 1
4861 54 0
4862 114 1
4863 18 1
4864 32 1
4865 71 1
4866 118 1
4867 136 0
4868 11 1
4869 93 0
4870 146 1
4871 16 1
4872 111 1
4873 10 0
4874 16 1
4875 90 1
4876 19 1
4877 148 1
4878 136 0
4879 130 0
4880 104 0
4881 103 0
4882 87 1
4883 3 1
4884 143 1
4885 100 1
4886 80 0
4887 123 1
4888 40 0
4889 147 1
4890 127 1
4891 144 1
4892 102 0
4893 24 1
4894 25 1
4895 126 0
4896 99 1
4897 47 1
4898 85 0
4899 4 1
4900 43 1
4901 84 1
4902 142 1
4903 33 1
4904 60 0
4905 112 1
4906 138 1
4907 77 1
4908 114 1
4909 69 1
4910 152 1
4911 117 1
4912 41 1
4913 4 0
4914 111 1
4915 49 0
4916 34 0
4917 22 0
4918 85 0
4919 78 1
4920 108 1
4921 76 0
4922 12 1
4923 77 0
4924 127 1
4925 139 0
4926 87 1
4927 122 1
4928 36 0
4929 127 1
4930 6 0
4931 45 0
4932 53 1
4933 88 1
4934 123 0
4935 27 0
4936 76 1
4937 94 1
4938 104 1
4939 113 0
4940 62 1
4941 126 1
4942 99 0
4943 22 1
4944 93 0
4945 26 1
4946 44 1
4947 36 1
4948 139 1
4949 5 1
4950 11 1
4951 109 0
4952 136 1
4953 98 0
4954 94 1
4955 62 1
4956 54 0
4957 25 0
4958 3 0
4959 32 0
4960 68 1
4961 68 1
4962 130 1
4963 131 1
4964 101 1
4965 122 1
4966 16 1
4967 122 1
4968 1 1
4969 111 1
4970 126 1
4971 98 0
4972 105 1
4973 53 1
4974 67 1
4975 77 1
4976 16 1
4977 144 0
4978 146 1
4979 134 1
4980 131 1
4981 129 1
4982 78 1
4983 18 1
4984 13 1
4985 21 0
4986 46 0
4987 63 1
4988 140 1
4989 132 1
4990 99 1
4991 62 1
4992 73 1
4993 133 1
4994 49 1
4995 59 1
4996 139 0
4997 47 0
4998 134 1
4999 16 1
5000 67 0
5001 30 1
5002 54 1
5003 137 1
5004 107 0
5005 122 1
5006 45 1
5007 40 1
5008 110 1
5009 83 0
5010 31 0
5011 84 0
5012 49 0
5013 106 1
5014 68 1
5015 74 1
5016 32 0
5017 146 1
5018 120 1
5019 25 0
5020 119 1
5021 24 1
5022 51 0
5023 28 1
5024 134 0
5025 90 1
5026 150 0
5027 54 0
5028 152 0
5029 127 0
5030 27 1
5031 100 1
5032 75 1
5033 42 1
5034 95 0
5035 141 1
5036 87 1
5037 124 0
5038 101 0
5039 44 0
5040 7 1
5041 144 1
5042 27 0
5043 75 1
5044 102 0
5045 118 0
5046 123 0
5047 85 1
5048 5 1
5049 112 0
5050 68 1
5051 60 1
5052 137 0
5053 38 1
5054 80 1
5055 64 1
5056 113 1
5057 91 1
5058 125 1
5059 38 0
5060 88 1
5061 101 0
5062 94 1
5063 0 0
5064 33 1
5065 97 1
5066 109 1
5067 26 0
5068 85 1
5069 75 1
5070 43 0
5071 99 1
5072 66 0
5073 40 1
5074 76 0
5075 137 1
5076 106 0
5077 119 1
5078 144 0
5079 44 1
5080 103 0
5081 23 1
5082 18 1
5083 24 1
5084 10 1
5085 141 1
5086 85 1
5087 106 1
5088 22 1
5089 61 1
5090 96 1
5091 6 1
5092 28 0
5093 122 1
5094 116 0
5095 93 0
5096 26 1
5097 150 1
5098 62 1
5099 20 0
5100 120 1
5101 150 0
5102 145 1
5103 100 1
5104 96 0
5105 9 0
5106 103 1
5107 139 0
5108 12 0
5109 22 1
5110 18 0
5111 66 1
5112 129 0
5113 114 1
5114 109 0
5115 136 0
5116 64 1
5117 50 1
5118 84 1
5119 96 1
5120 55 1
5121 117 1
5122 146 0
5123 34 1
5124 108 0
5125 31 1
5126 70 1
5127 43 1
5128 58 1
5129 110 0
5130 35 0
5131 116 1
5132 100 1
5133 27 0
5134 36 1
5135 109 1
5136 101 1
5137 147 1
5138 74 1
5139 149 0
5140 111 0
5141 28 1
5142 22 1
5143 124 1
5144 100 1
5145 119 1
5146 73 1
5147 106 1
5148 121 0
5149 76 1
5150 129 0
5151 120 1
5152 29 1
5153 43 1
5154 16 1
5155 5 1
5156 117 1
5157 27 0
5158 105 0
5159 116 0
5160 130 1
5161 60 1
5162 37 0
5163 95 0
5164 45 0
5165 34 0
5166 102 0
5167 124 0
5168 14 1
5169 106 0
5170 104 0
5171 29 1
5172 146 1
5173 130 1
5174 104 1
5175 23 1
5176 49 1
5177 4 1
5178 148 1
5179 117 1
5180 144 0
5181 86 0
5182 50 1
5183 121 1
5184 122 1
5185 119 1
5186 33 1
5187 64 1
5188 76 1
5189 22 0
5190 8 1
5191 135 0
5192 1 1
5193 65 1
5194 111 0
5195 61 1
5196 78 1
5197 92 0
5198 102 0
5199 90 1
5200 7 1
5201 42 1
5202 52 0
5203 117 1
5204 20 0
5205 53 1
5206 56 1
5207 7 1
5208 72 1
5209 104 1
5210 127 0
5211 5 0
5212 58 1
5213 78 1
5214 55 0
5215 129 0
5216 71 1
5217 127 0
5218 21 1
5219 21 1
5220 77 1
5221 145 1
5222 135 0
5223 89 0
5224 98 1
5225 109 0
5226 78 1
5227 22 1
5228 134 0
5229 66 1
5230 140 0
5231 98 0
5232 110 1
5233 104 1
5234 11 1
5235 45 1
5236 71 1
5237 119 1
5238 63 1
5239 4 1
5240 121 0
5241 130 1
5242 150 1
5243 105 0
5244 149 1
5245 14 0
5246 85 0
5247 117 1
5248 57 0
5249 20 1
5250 65 1
5251 78 1
5252 1 1
5253 87 1
5254 150 1
5255 147 1
5256 102 1
5257 62 1
5258 21 1
5259 78 0
5260 32 0
5261 76 1
5262 102 1
5263 31 0
5264 108 0
5265 124 1
5266 39 0
5267 28 0
5268 120 1
5269 26 1
5270 79 1
5271 108 0
5272 17 1
5273 0 0
5274 56 1
5275 130 1
5276 69 1
5277 102 1
5278 93 0
5279 75 0
5280 81 1
5281 118 0
5282 121 1
5283 33 0
5284 6 1
5285 78 1
5286 105 1
5287 11 1
5288 125 1
5289 82 0
5290 12 0
5291 13 1
5292 113 1
5293 150 1
5294 145 1
5295 24 1
5296 118 1
5297 66 1
5298 34 1
5299 72 1
5300 57 1
5301 48 1
5302 80 0
5303 29 1
5304 120 1
5305 105 1
5306 18 0
5307 111 1
5308 130 0
5309 108 1
5310 27 1
5311 68 1
5312 147 0
5313 130 0
5314 131 0
5315 119 0
5316 72 1
5317 95 0
5318 123 0
5319 102 1
5320 82 1
5321 120 1
5322 70 1
5323 2 1
5324 34 1
5325 67 1
5326 89 1
5327 105 0
5328 13 1
5329 137 1
5330 28 0
5331 77 1
5332 14 1
5333 150 0
5334 143 1
5335 100 1
5336 50 1
5337 71 1
5338 146 1
5339 65 1
5340 55 1
5341 140 1
5342 11 1
5343 100 1
5344 71 0
5345 41 1
5346 85 1
5347 97 1
5348 10 1
5349 109 1
5350 90 0
5351 124 1
5352 149 0
5353 5 1
5354 12 1
5355 42 1
5356 99 1
5357 83 1
5358 18 1
5359 6 0
5360 13 1
5361 86 1
5362 64 1
5363 95 1
5364 46 1
5365 125 1
5366 133 1
5367 20 1
5368 60 1
5369 144 0
5370 145 1
5371 139 1
5372 113 1
5373 73 1
5374 126 0
5375 118 1
5376 25 1
5377 134 1
5378 3 1
5379 35 1
5380 1 0
5381 57 0
5382 26 1
5383 111 1
5384 0 1
5385 31 1
5386 32 0
5387 134 0
5388 113 0
5389 21 1
5390 31 1
5391 97 0
5392 112 1
5393 17 1
5394 27 1
5395 36 1
5396 111 0
5397 10 1
5398 67 0
5399 96 1
5400 145 1
5401 110 1
5402 18 0
5403 42 1
5404 42 0
5405 114 1
5406 99 1
5407 27 1
5408 33 1
5409 20 1
5410 148 1
5411 114 1
5412 21 1
5413 12 1
5414 14 1
5415 28 1
5416 134 0
5417 31 1
5418 101 1
5419 27 1
5420 33 0
5421 114 1
5422 96 1
5423 37 0
5424 109 1
5425 62 1
5426 138 1
5427 107 0
5428 45 0
5429 144 1
5430 100 1
5431 66 0
5432 29 1
5433 105 1
5434 67 0
5435 18 0
5436 17 1
5437 79 0
5438 18 1
5439 115 1
5440 45 1
5441 103 0
5442 98 1
5443 111 1
5444 74 1
5445 51 1
5446 19 0
5447 0 1
5448 112 1
5449 76 1
5450 135 0
5451 127 1
5452 99 1
5453 138 1
5454 42 1
5455 142 1
5456 149 1
5457 40 1
5458 47 1
5459 86 1
5460 126 1
5461 39 0
5462 151 1
5463 67 0
5464 17 1
5465 9 0
5466 110 1
5467 23 1
5468 86 1
5469 70 0
5470 108 0
5471 113 1
5472 49 1
5473 72 0
5474 23 1
5475 89 0
5476 39 1
5477 15 1
5478 40 0
5479 20 1
5480 122 1
5481 81 0
5482 37 1
5483 32 1
5484 10 1
5485 124 1
5486 59 1
5487 120 1
5488 109 1
5489 101 1
5490 94 1
5491 1 1
5492 63 0
5493 43 0
5494 148 1
5495 32 1
5496 117 1
5497 94 1
5498 114 0
5499 149 1
5500 127 1
5501 115 1
5502 101 1
5503 64 1
5504 19 1
5505 87 0
5506 75 1
5507 119 1
5508 130 1
5509 88 0
5510 147 1
5511 140 1
5512 130 1
5513 9 1
5514 81 1
5515 113 0
5516 23 1
5517 138 1
5518 29 1
5519 104 0
5520 62 1
5521 34 0
5522 151 0
5523 19 0
5524 59 1
5525 151 1
5526 124 1
5527 61 1
5528 67 1
5529 89 1
5530 125 1
5531 75 0
5532 149 1
5533 17 1
5534 135 0
5535 99 1
5536 31 1
5537 103 0
5538 30 0
5539 30 1
5540 101 1
5541 39 0
5542 13 1
5543 45 1
5544 42 1
5545 101 1
5546 56 0
5547 35 0
5548 135 1
5549 104 1
5550 70 1
5551 84 1
5552 81 1
5553 131 0
5554 4 1
5555 123 0
5556 61 1
5557 50 0
5558 7 1
5559 27 1
5560 102 1
5561 114 0
5562 50 0
5563 84 0
5564 99 1
5565 46 0
5566 110 0
5567 143 1
5568 37 1
5569 47 1
5570 26 0
5571 18 0
5572 76 1
5573 59 1
5574 61 1
5575 30 1
5576 112 0
5577 66 0
5578 38 0
5579 91 0
5580 57 0
5581 52 0
5582 12 0
5583 103 1
5584 86 0
5585 115 1
5586 64 1
5587 72 0
5588 99 1
5589 121 1
5590 89 0
5591 93 1
5592 40 1
5593 108 0
5594 54 1
5595 113 1
5596 107 1
5597 151 0
5598 105 1
5599 16 1
5600 124 0
5601 22 0
5602 9 0
5603 49 1
5604 122 1
5605 38 0
5606 41 1
5607 5 1
5608 10 1
5609 31 1
5610 82 1
5611 47 1
5612 29 0
5613 3 0
5614 148 0
5615 69 0
5616 47 1
5617 27 1
5618 83 1
5619 63 1
5620 119 1
5621 9 1
5622 105 0
5623 88 0
5624 24 1
5625 51 1
5626 136 1
5627 15 1
5628 144 0
5629 44 0
5630 87 0
5631 28 1
5632 78 0
5633 89 1
5634 29 0
5635 111 0
5636 150 1
5637 27 1
5638 6 1
5639 89 1
5640 131 1
5641 35 0
5642 111 1
5643 0 0
5644 94 1
5645 11 1
5646 55 1
5647 60 0
5648 119 0
5649 39 0
5650 70 1
5651 15 1
5652 143 1
5653 67 1
5654 79 1
5655 77 0
5656 41 1
5657 45 1
5658 35 1
5659 127 1
5660 139 1
5661 54 1
5662 49 0
5663 47 1
5664 33 0
5665 36 1
5666 109 1
5667 44 1
5668 144 1
5669 120 1
5670 140 1
5671 0 0
5672 29 0
5673 53 0
5674 140 1
5675 65 1
5676 37 1
5677 41 1
5678 107 1
5679 127 1
5680 72 0
5681 116 0
5682 111 0
5683 24 0
5684 16 1
5685 70 1
5686 61 0
5687 57 1
5688 13 1
5689 27 1
5690 10 0
5691 127 1
5692 85 1
5693 31 0
5694 129 1
5695 76 0
5696 65 0
5697 101 1
5698 97 0
5699 48 1
5700 141 1
5701 142 1
5702 61 1
5703 38 1
5704 54 1
5705 99 1
5706 55 1
5707 10 1
5708 114 1
5709 76 1
5710 122 1
5711 35 0
5712 65 0
5713 108 0
5714 5 0
5715 148 0
5716 122 0
5717 119 0
5718 80 1
5719 1 0
5720 119 1
5721 72 1
5722 47 0
5723 34 1
5724 20 0
5725 149 1
5726 111 1
5727 49 0
5728 65 0
5729 82 0
5730 8 1
5731 114 1
5732 136 0
5733 83 1
5734 109 1
5735 71 1
5736 58 1
5737 123 1
5738 122 1
5739 138 0
5740 140 1
5741 4 1
5742 38 1
5743 18 1
5744 82 1
5745 45 1
5746 100 1
5747 144 0
5748 87 1
5749 20 1
5750 31 1
5751 17 1
5752 106 1
5753 41 1
5754 16 1
5755 89 0
5756 33 0
5757 152 1
5758 18 1
5759 46 0
5760 41 1
5761 114 1
5762 124 0
5763 97 1
5764 26 1
5765 152 1
5766 80 1
5767 19 0
5768 28 0
5769 133 1
5770 138 1
5771 99 1
5772 35 0
5773 115 1
5774 38 1
5775 52 0
5776 125 1
5777 93 0
5778 143 1
5779 27 1
5780 52 0
5781 124 1
5782 68 1
5783 38 0
5784 102 1
5785 13 0
5786 113 1
5787 105 1
5788 108 1
5789 75 1
5790 101 1
5791 98 1
5792 37 1
5793 67 1
5794 125 0
5795 93 1
5796 17 0
5797 54 1
5798 81 1
5799 54 1
5800 135 0
5801 142 1
5802 77 1
5803 117 1
5804 34 0
5805 50 0
5806 38 0
5807 130 1
5808 58 1
5809 127 1
5810 35 1
5811 105 1
5812 4 1
5813 35 0
5814 123 1
5815 12 1
5816 29 1
5817 99 0
5818 121 1
5819 10 1
5820 102 0
5821 34 1
5822 81 0
5823 87 0
5824 106 0
5825 67 1
5826 0 0
5827 91 0
5828 51 0
5829 140 1
5830 88 0
5831 25 0
5832 1 1
5833 120 1
5834 34 1
5835 21 0
5836 88 0
5837 20 1
5838 117 0
5839 27 1
5840 65 1
5841 108 1
5842 12 1
5843 120 1
5844 71 1
5845 7 1
5846 133 0
5847 46 0
5848 28 0
5849 1 0
5850 41 1
5851 95 0
5852 103 0
5853 17 1
5854 119 1
5855 9 1
5856 61 1
5857 147 1
5858 61 1
5859 34 1
5860 94 0
5861 36 0
5862 99 1
5863 106 1
5864 120 1
5865 87 1
5866 129 0
5867 34 0
5868 42 1
5869 18 1
5870 146 0
5871 90 1
5872 42 1
5873 0 1
5874 95 1
5875 133 1
5876 125 1
5877 8 0
5878 123 1
5879 96 1
5880 68 1
5881 124 0
5882 84 1
5883 149 0
5884 107 1
5885 7 0
5886 92 1
5887 26 1
5888 53 0
5889 135 1
5890 135 1
5891 82 1
5892 3 1
5893 51 1
5894 52 1
5895 113 0
5896 49 1
5897 63 1
5898 140 0
5899 132 1
5900 124 1
5901 41 0
5902 133 1
5903 70 1
5904 16 1
5905 54 1
5906 64 1
5907 106 1
5908 99 1
5909 90 0
5910 49 1
5911 17 1
5912 7 1
5913 130 1
5914 11 1
5915 88 1
5916 146 1
5917 72 0
5918 94 1
5919 32 1
5920 67 1
5921 108 1
5922 119 1
5923 71 1
5924 142 1
5925 90 0
5926 84 1
5927 34 1
5928 59 1
5929 111 0
5930 18 1
5931 78 0
5932 48 0
5933 9 1
5934 12 0
5935 149 1
5936 49 1
5937 82 1
5938 64 0
5939 132 0
5940 59 1
5941 141 1
5942 48 1
5943 107 0
5944 59 1
5945 74 1
5946 138 1
5947 113 0
5948 47 0
5949 73 1
5950 61 1
5951 10 1
5952 46 1
5953 24 1
5954 143 1
5955 60 0
5956 97 0
5957 65 0
5958 97 0
5959 149 0
5960 110 0
5961 106 1
5962 120 1
5963 26 1
5964 86 0
5965 99 1
5966 15 0
5967 3 1
5968 100 1
5969 94 0
5970 30 1
5971 12 0
5972 76 1
5973 16 1
5974 146 0
5975 23 0
5976 132 1
5977 96 0
5978 93 1
5979 12 1
5980 68 0
5981 46 1
5982 143 1
5983 68 0
5984 101 1
5985 28 0
5986 11 0
5987 2 1
5988 14 1
5989 132 0
5990 55 0
5991 136 0
5992 29 1
5993 57 1
5994 74 1
5995 21 1
5996 77 1
5997 124 1
5998 14 1
5999 30 0
6000 73 1
6001 119 1
6002 148 1
6003 69 1
6004 12 0
6005 42 0
6006 102 1
6007 152 0
6008 130 0
6009 151 1
6010 22 1
6011 67 0
6012 136 1
6013 65 0
6014 102 0
6015 138 1
6016 51 0
6017 132 1
6018 122 0
6019 81 0
6020 123 1
6021 99 1
6022 148 1
6023 100 1
6024 52 1
6025 50 1
6026 14 1
6027 71 1
6028 2 0
6029 45 1
6030 104 1
6031 151 1
6032 31 0
6033 73 1
6034 52 0
6035 32 0
6036 149 0
6037 144 1
6038 102 0
6039 15 1
6040 62 0
6041 100 1
6042 54 1
6043 124 0
6044 27 1
6045 57 0
6046 122 0
6047 5 1
6048 58 0
6049 52 1
6050 130 1
6051 29 1
6052 63 1
6053 16 0
6054 112 0
6055 38 0
6056 121 0
6057 19 1
6058 29 0
6059 128 1
6060 58 1
6061 60 1
6062 137 0
6063 53 1
6064 67 1
6065 50 1
6066 62 0
6067 43 1
6068 100 1
6069 9 1
6070 115 1
6071 130 1
6072 57 1
6073 2 1
6074 13 1
6075 41 0
6076 84 1
6077 123 1
6078 64 1
6079 137 0
6080 26 0
6081 48 0
6082 114 1
6083 60 1
6084 48 1
6085 18 1
6086 13 0
6087 144 0
6088 43 1
6089 55 1
6090 21 1
6091 24 1
6092 69 1
6093 46 0
6094 68 0
6095 9 0
6096 90 1
6097 30 1
6098 71 1
6099 10 1
6100 82 1
6101 1 0
6102 50 1
6103 64 1
6104 11 1
6105 46 1
6106 87 1
6107 9 1
6108 114 0
6109 9 1
6110 111 0
6111 150 0
6112 126 1
6113 150 0
6114 15 0
6115 35 0
6116 61 1
6117 66 0
6118 54 1
6119 101 1
6120 121 1
6121 147 1
6122 89 1
6123 58 0
6124 110 1
6125 106 1
6126 137 1
6127 14 1
6128 2 1
6129 27 0
6130 43 0
6131 141 1
6132 124 1
6133 113 1
6134 56 0
6135 141 1
6136 81 0
6137 79 1
6138 12 0
6139 94 0
6140 102 1
6141 87 0
6142 150 1
6143 119 1
6144 9 1
6145 42 0
6146 105 1
6147 30 1
6148 109 1
6149 128 0
6150 77 0
6151 61 1
6152 124 0
6153 49 0
6154 22 0
6155 2 0
6156 62 1
6157 108 1
6158 88 1
6159 108 1
6160 92 1
6161 23 1
6162 53 1
6163 146 1
6164 93 0
6165 97 1
6166 135 0
6167 49 0
6168 18 1
6169 115 1
6170 138 1
6171 62 1
6172 79 1
6173 3 0
6174 141 0
6175 138 1
6176 134 1
6177 21 0
6178 86 1
6179 120 0
6180 33 0
6181 69 1
6182 70 0
6183 147 1
6184 113 1
6185 26 1
6186 123 1
6187 17 1
6188 2 1
6189 115 0
6190 4 1
6191 95 1
6192 108 0
6193 70 1
6194 4 1
6195 92 0
6196 127 0
6197 78 0
6198 152 0
6199 30 1
6200 78 1
6201 58 1
6202 42 1
6203 148 1
6204 146 0
6205 35 1
6206 82 0
6207 58 1
6208 120 1
6209 128 1
6210 38 1
6211 33 1
6212 102 0
6213 81 1
6214 80 1
6215 86 1
6216 66 0
6217 104 0
6218 118 1
6219 0 1
6220 107 1
6221 31 1
6222 64 1
6223 124 1
6224 89 0
6225 2 1
6226 64 1
6227 11 1
6228 44 0
6229 12 1
6230 102 1
6231 27 1
6232 115 0
6233 123 0
6234 152 1
6235 89 1
6236 57 1
6237 40 1
6238 56 1
6239 24 0
6240 7 1
6241 145 1
6242 111 1
6243 7 0
6244 146 0
6245 24 0
6246 118 1
6247 110 1
6248 54 1
6249 58 1
6250 102 1
6251 32 1
6252 139 0
6253 24 1
6254 133 1
6255 84 0
6256 99 0
6257 134 1
6258 130 1
6259 110 1
6260 8 1
6261 66 1
6262 57 1
6263 104 0
6264 1 1
6265 61 0
6266 28 1
6267 6 1
6268 37 0
6269 106 1
6270 128 0
6271 55 1
6272 11 1
6273 29 0
6274 50 1
6275 111 1
6276 145 1
6277 82 0
6278 98 0
6279 32 0
6280 67 1
6281 100 1
6282 59 1
6283 6 1
6284 59 1
6285 11 1
6286 47 0
6287 134 1
6288 152 1
6289 46 0
6290 21 0
6291 134 0
6292 104 0
6293 87 1
6294 122 1
6295 45 1
6296 84 1
6297 54 0
6298 21 0
6299 137 1
6300 70 1
6301 114 0
6302 136 1
6303 47 1
6304 130 1
6305 57 1
6306 19 0
6307 61 0
6308 127 1
6309 44 1
6310 11 1
6311 29 1
6312 132 1
6313 136 1
6314 16 0
6315 105 1
6316 37 1
6317 75 1
6318 34 0
6319 28 1
6320 137 0
6321 35 1
6322 21 0
6323 152 1
6324 142 1
6325 116 0
6326 30 0
6327 122 1
6328 101 0
6329 35 1
6330 123 1
6331 75 1
6332 80 0
6333 78 0
6334 41 1
6335 151 1
6336 88 0
6337 28 1
6338 28 1
6339 104 0
6340 96 0
6341 43 1
6342 85 1
6343 8 0
6344 15 0
6345 22 1
6346 82 0
6347 42 1
6348 144 0
6349 148 1
6350 98 0
6351 57 0
6352 78 1
6353 15 1
6354 10 1
6355 20 1
6356 59 1
6357 104 1
6358 126 0
6359 49 1
6360 54 1
6361 23 1
6362 40 1
6363 17 1
6364 58 0
6365 63 0
6366 31 0
6367 88 1
6368 103 1
6369 137 1
6370 120 1
6371 91 0
6372 119 1
6373 68 1
6374 52 1
6375 131 1
6376 86 1
6377 139 0
6378 67 1
6379 30 0
6380 16 1
6381 27 1
6382 136 1
6383 79 1
6384 115 1
6385 71 1
6386 93 1
6387 7 0
6388 102 1
6389 49 1
6390 115 0
6391 5 1
6392 53 0
6393 73 0
6394 20 1
6395 144 1
6396 94 1
6397 133 0
6398 55 1
6399 61 1
6400 148 0
6401 150 1
6402 39 1
6403 70 0
6404 130 0
6405 40 1
6406 43 1
6407 13 1
6408 86 1
6409 89 1
6410 62 1
6411 39 1
6412 20 0
6413 131 0
6414 129 1
6415 118 0
6416 45 1
6417 110 1
6418 17 1
6419 98 1
6420 43 1
6421 111 0
6422 80 1
6423 79 1
6424 83 0
6425 17 0
6426 146 0
6427 46 1
6428 126 0
6429 89 0
6430 89 1
6431 99 1
6432 67 1
6433 91 1
6434 133 1
6435 103 0
6436 46 0
6437 6 1
6438 58 1
6439 61 1
6440 127 0
6441 31 1
6442 32 1
6443 6 1
6444 152 0
6445 133 1
6446 47 1
6447 95 1
6448 33 1
6449 45 0
6450 94 0
6451 87 0
6452 82 0
6453 35 1
6454 77 0
6455 51 1
6456 72 1
6457 43 1
6458 57 1
6459 109 1
6460 43 1
6461 42 1
6462 42 1
6463 77 0
6464 67 1
6465 114 1
6466 15 0
6467 45 0
6468 15 1
6469 6 1
6470 48 1
6471 15 1
6472 38 1
6473 96 1
6474 30 1
6475 49 1
6476 15 1
6477 36 1
6478 100 1
6479 4 1
6480 132 0
6481 47 1
6482 40 1
6483 141 1
6484 44 1
6485 44 1
6486 78 1
6487 110 1
6488 39 1
6489 83 1
6490 3 1
6491 15 1
6492 95 0
6493 100 1
6494 61 1
6495 106 1
6496 96 0
6497 60 0
6498 117 0
6499 88 0
6500 44 0
6501 23 0
6502 88 1
6503 85 0
6504 83 1
6505 69 0
6506 20 1
6507 105 1
6508 33 1
6509 55 1
6510 55 1
6511 136 0
6512 34 0
6513 31 0
6514 117 0
6515 57 1
6516 148 0
6517 2 1
6518 110 1
6519 107 1
6520 0 0
6521 127 0
6522 134 0
6523 32 1
6524 55 0
6525 134 1
6526 121 1
6527 5 1
6528 58 0
6529 25 1
6530 52 0
6531 31 1
6532 59 1
6533 52 1
6534 18 0
6535 82 0
6536 55 0
6537 38 1
6538 33 1
6539 101 1
6540 30 1
6541 95 1
6542 97 1
6543 25 1
6544 8 0
6545 24 0
6546 30 1
6547 4 1
6548 139 1
6549 131 1
6550 88 0
6551 22 1
6552 141 0
6553 102 1
6554 27 0
6555 7 0
6556 29 1
6557 80 1
6558 75 1
6559 0 1
6560 53 1
6561 16 0
6562 130 1
6563 44 0
6564 102 1
6565 145 0
6566 82 1
6567 78 0
6568 124 1
6569 143 0
6570 102 0
6571 106 1
6572 125 1
6573 130 1
6574 36 0
6575 4 1
6576 27 1
6577 44 0
6578 66 0
6579 146 1
6580 111 0
6581 103 0
6582 50 1
6583 9 1
6584 80 0
6585 71 1
6586 21 1
6587 58 0
6588 108 1
6589 67 0
6590 12 0
6591 131 1
6592 116 1
6593 70 0
6594 112 0
6595 96 1
6596 99 1
6597 136 0
6598 100 1
6599 69 0
6600 16 1
6601 107 0
6602 61 0
6603 57 0
6604 72 0
6605 59 1
6606 67 1
6607 21 0
6608 60 0
6609 85 1
6610 27 0
6611 140 0
6612 100 1
6613 148 1
6614 13 0
6615 124 1
6616 76 0
6617 92 1
6618 140 0
6619 52 0
6620 17 1
6621 16 1
6622 20 1
6623 140 0
6624 1 1
6625 22 1
6626 126 1
6627 51 0
6628 5 1
6629 145 0
6630 136 0
6631 72 1
6632 92 1
6633 95 0
6634 58 1
6635 139 0
6636 2 1
6637 57 0
6638 64 0
6639 25 1
6640 14 1
6641 143 0
6642 82 0
6643 110 0
6644 89 1
6645 2 1
6646 90 1
6647 29 1
6648 137 0
6649 109 1
6650 40 1
6651 40 1
6652 147 0
6653 115 1
6654 39 1
6655 149 0
6656 85 1
6657 90 1
6658 28 0
6659 152 0
6660 21 1
6661 112 0
6662 127 1
6663 38 0
6664 10 1
6665 50 0
6666 139 0
6667 118 1
6668 61 1
6669 64 1
6670 117 1
6671 26 1
6672 71 0
6673 90 1
6674 61 1
6675 114 1
6676 116 1
6677 116 1
6678 87 1
6679 73 0
6680 46 1
6681 19 1
6682 112 0
6683 38 0
6684 139 0
6685 145 1
6686 34 1
6687 26 0
6688 57 1
6689 78 1
6690 52 1
6691 72 0
6692 113 0
6693 131 0
6694 63 1
6695 41 1
6696 73 1
6697 14 1
6698 95 0
6699 77 1
6700 27 1
6701 57 1
6702 138 1
6703 40 1
6704 46 0
6705 32 1
6706 29 1
6707 12 1
6708 37 0
6709 86 1
6710 67 1
6711 82 1
6712 85 1
6713 19 1
6714 21 1
6715 5 1
6716 63 0
6717 136 1
6718 146 0
6719 115 0
6720 38 1
6721 36 0
6722 148 1
6723 132 1
6724 63 0
6725 5 1
6726 90 0
6727 143 1
6728 31 0
6729 99 0
6730 3 1
6731 126 1
6732 14 1
6733 139 1
6734 29 0
6735 98 1
6736 145 1
6737 57 0
6738 79 0
6739 46 0
6740 151 0
6741 17 1
6742 139 1
6743 135 0
6744 68 0
6745 94 1
6746 33 1
6747 10 1
6748 74 1
6749 105 0
6750 20 1
6751 68 1
6752 81 0
6753 25 1
6754 33 0
6755 22 1
6756 148 1
6757 17 1
6758 72 0
6759 48 0
6760 106 1
6761 84 0
6762 107 0
6763 109 1
6764 140 0
6765 133 1
6766 137 0
6767 45 1
6768 71 1
6769 98 1
6770 64 1
6771 8 1
6772 56 1
6773 90 0
6774 51 0
6775 13 1
6776 152 0
6777 66 1
6778 88 1
6779 136 0
6780 108 1
6781 133 1
6782 86 1
6783 55 0
6784 146 0
6785 109 0
6786 42 1
6787 141 1
6788 40 1
6789 149 1
6790 88 1
6791 18 0
6792 132 1
6793 91 1
6794 131 1
6795 41 1
6796 112 1
6797 76 0
6798 72 0
6799 50 0
6800 53 1
6801 19 0
6802 46 1
6803 90 0
6804 135 1
6805 75 1
6806 122 1
6807 54 1
6808 24 1
6809 66 0
6810 142 0
6811 10 1
6812 26 1
6813 20 1
6814 114 1
6815 60 1
6816 127 0
6817 6 1
6818 136 0
6819 131 1
6820 56 1
6821 60 1
6822 146 0
6823 23 1
6824 4 0
6825 94 1
6826 119 1
6827 121 1
6828 63 1
6829 115 1
6830 58 0
6831 89 0
6832 151 1
6833 102 1
6834 65 1
6835 99 1
6836 6 1
6837 43 0
6838 146 0
6839 67 1
6840 78 0
6841 16 0
6842 139 1
6843 62 1
6844 125 0
6845 99 0
6846 122 1
6847 138 1
6848 29 1
6849 127 1
6850 16 1
6851 112 1
6852 130 0
6853 47 0
6854 143 1
6855 18 1
6856 21 1
6857 139 0
6858 44 0
6859 56 1
6860 148 0
6861 122 0
6862 89 1
6863 111 1
6864 43 1
6865 84 1
6866 56 1
6867 131 1
6868 120 0
6869 29 1
6870 38 1
6871 51 0
6872 107 1
6873 66 1
6874 8 1
6875 64 1
6876 47 0
6877 146 0
6878 14 0
6879 151 1
6880 87 1
6881 13 1
6882 47 1
6883 24 1
6884 42 0
6885 125 1
6886 126 1
6887 11 0
6888 111 1
6889 103 1
6890 122 1
6891 122 0
6892 74 0
6893 50 1
6894 117 1
6895 17 0
6896 28 1
6897 42 1
6898 46 1
6899 90 1
6900 17 1
6901 66 1
6902 110 1
6903 96 1
6904 52 1
6905 59 1
6906 112 0
6907 63 1
6908 42 1
6909 18 1
6910 33 0
6911 58 1
6912 115 1
6913 9 1
6914 63 0
6915 19 1
6916 58 1
6917 97 1
6918 61 0
6919 134 0
6920 137 1
6921 7 0
6922 94 1
6923 26 1
6924 80 0
6925 15 1
6926 129 1
6927 72 1
6928 70 1
6929 150 1
6930 52 1
6931 61 0
6932 127 1
6933 150 0
6934 71 1
6935 46 0
6936 44 1
6937 24 1
6938 20 0
6939 44 1
6940 145 1
6941 85 1
6942 29 1
6943 110 0
6944 110 1
6945 104 1
6946 20 0
6947 144 0
6948 43 0
6949 80 0
6950 17 1
6951 42 1
6952 51 1
6953 122 1
6954 13 1
6955 43 0
6956 97 0
6957 24 0
6958 30 1
6959 97 0
6960 10 1
6961 22 0
6962 61 0
6963 50 0
6964 53 1
6965 116 0
6966 129 1
6967 29 0
6968 121 1
6969 149 1
6970 36 0
6971 62 0
6972 66 1
6973 131 1
6974 117 1
6975 84 1
6976 123 1
6977 30 1
6978 18 1
6979 59 1
6980 108 1
6981 13 0
6982 78 1
6983 10 0
6984 65 1
6985 78 0
6986 71 1
6987 81 1
6988 99 1
6989 81 1
6990 6 1
6991 88 0
6992 16 1
6993 59 1
6994 96 0
6995 105 1
6996 12 1
6997 58 1
6998 33 1
6999 9 1
7000 100 1
7001 72 1
7002 125 0
7003 28 0
7004 85 1
7005 58 1
7006 43 1
7007 94 1
7008 9 1
7009 119 0
7010 143 1
7011 53 1
7012 88 0
7013 118 1
7014 52 1
7015 117 1
7016 136 0
7017 93 0
7018 63 1
7019 78 1
7020 127 0
7021 137 1
7022 1 0
7023 102 1
7024 128 0
7025 140 1
7026 38 1
7027 146 1
7028 50 1
7029 144 1
7030 110 1
7031 24 1
7032 43 1
7033 74 1
7034 110 1
7035 151 1
7036 7 1
7037 151 1
7038 86 0
7039 69 1
7040 67 1
7041 52 1
7042 148 1
7043 128 0
7044 28 1
7045 69 1
7046 150 0
7047 104 1
7048 82 0
7049 18 0
7050 75 0
7051 20 0
7052 0 1
7053 141 0
7054 145 1
7055 45 1
7056 140 1
7057 36 1
7058 40 0
7059 102 0
7060 27 1
7061 79 0
7062 137 0
7063 65 1
7064 106 1
7065 131 1
7066 126 0
7067 135 1
7068 17 1
7069 109 1
7070 54 0
7071 93 0
7072 22 0
7073 73 1
7074 12 1
7075 3 0
7076 40 1
7077 90 1
7078 10 0
7079 116 0
7080 136 1
7081 16 1
7082 117 1
7083 107 0
7084 20 0
