7281
1 313 0
2 7 0
3 241 1
4 894 1
5 334 1
6 13 0
7 619 1
8 922 0
9 405 1
10 568 1
11 863 0
12 825 1
13 341 1
14 877 1
15 442 0
16 720 1
17 534 1
18 939 1
19 853 1
20 556 1
21 747 1
22 767 0
23 760 0
24 938 1
25 111 1
26 937 0
27 647 1
28 909 1
29 257 1
30 292 1
31 684 1
32 492 0
33 962 1
34 642 0
35 560 1
36 873 1
37 27 1
38 933 1
39 626 1
40 212 1
41 285 1
42 935 0
43 597 1
44 569 1
45 352 1
46 591 1
47 522 1
48 514 1
49 774 0
50 596 1
51 226 1
52 901 1
53 795 1
54 263 1
55 612 0
56 29 1
57 272 1
58 478 1
59 104 1
60 761 1
61 168 0
62 715 0
63 695 1
64 434 1
65 256 0
66 673 1
67 759 1
68 347 0
69 704 0
70 272 0
71 696 1
72 863 1
73 488 1
74 486 1
75 74 1
76 660 1
77 470 1
78 154 0
79 474 1
80 893 1
81 268 1
82 824 0
83 437 0
84 841 0
85 40 0
86 718 0
87 62 1
88 927 1
89 607 0
90 754 1
91 920 0
92 145 0
93 659 1
94 241 0
95 889 0
96 901 1
97 961 1
98 443 1
99 582 1
100 225 1
101 82 1
102 7 1
103 209 1
104 880 1
105 607 1
106 720 0
107 918 1
108 603 1
109 777 1
110 785 1
111 239 0
112 119 1
113 708 1
114 857 0
115 106 1
116 173 0
117 674 1
118 129 1
119 337 1
120 923 0
121 903 1
122 156 1
123 194 1
124 121 1
125 253 0
126 322 1
127 852 0
128 914 0
129 800 1
130 147 1
131 539 1
132 316 0
133 686 1
134 357 1
135 104 0
136 615 1
137 608 0
138 514 1
139 179 1
140 422 1
141 190 1
142 146 1
143 408 0
144 677 0
145 517 0
146 762 1
147 756 1
148 529 0
149 173 1
150 150 1
151 425 0
152 321 1
153 184 1
154 96 1
155 120 1
156 407 1
157 874 0
158 390 0
159 836 0
160 176 1
161 150 1
162 669 1
163 277 1
164 607 1
165 344 1
166 727 1
167 170 1
168 636 1
169 143 1
170 904 1
171 862 1
172 185 1
173 124 1
174 704 0
175 864 1
176 962 1
177 468 1
178 754 1
179 515 1
180 806 1
181 767 1
182 461 1
183 840 1
184 514 0
185 478 0
186 469 1
187 26 1
188 188 1
189 451 0
190 148 1
191 421 1
192 589 0
193 427 1
194 856 1
195 389 1
196 60 1
197 880 0
198 353 0
199 268 1
200 390 1
201 934 1
202 735 1
203 162 1
204 147 1
205 74 1
206 577 1
207 629 1
208 33 1
209 768 1
210 258 1
211 237 0
212 962 0
213 451 0
214 913 1
215 830 1
216 688 1
217 810 1
218 409 0
219 605 1
220 234 0
221 75 1
222 786 1
223 236 0
224 19 1
225 932 0
226 809 0
227 207 0
228 361 1
229 197 0
230 600 1
231 836 0
232 477 1
233 581 0
234 878 1
235 92 0
236 513 1
237 182 1
238 93 1
239 379 0
240 70 1
241 1 1
242 554 1
243 336 1
244 88 1
245 449 1
246 210 0
247 235 1
248 803 1
249 222 1
250 650 1
251 90 0
252 666 0
253 149 1
254 876 1
255 483 1
256 876 1
257 474 0
258 877 0
259 605 1
260 956 0
261 302 1
262 211 0
263 501 0
264 576 0
265 380 1
266 649 1
267 649 0
268 928 1
269 723 1
270 937 1
271 46 1
272 523 1
273 151 0
274 554 1
275 51 1
276 70 0
277 935 1
278 686 0
279 906 1
280 808 1
281 748 1
282 16 0
283 459 1
284 844 1
285 44 1
286 259 1
287 891 1
288 408 1
289 257 0
290 446 1
291 157 1
292 846 1
293 409 0
294 213 0
295 91 1
296 862 0
297 165 1
298 884 1
299 82 0
300 639 1
301 232 1
302 13 1
303 718 1
304 424 1
305 31 1
306 505 1
307 35 1
308 502 1
309 753 0
310 20 1
311 386 1
312 331 1
313 19 0
314 8 1
315 629 1
316 413 1
317 583 1
318 817 0
319 459 1
320 535 0
321 760 0
322 864 1
323 261 1
324 462 1
325 730 0
326 507 1
327 12 0
328 889 1
329 313 1
330 318 1
331 193 1
332 637 1
333 380 1
334 336 1
335 381 1
336 551 1
337 744 0
338 585 1
339 856 1
340 278 0
341 178 0
342 388 1
343 272 1
344 407 1
345 823 0
346 750 1
347 105 0
348 51 1
349 917 1
350 935 1
351 480 1
352 125 1
353 587 0
354 488 1
355 405 0
356 326 1
357 200 1
358 385 1
359 639 0
360 279 1
361 740 0
362 737 0
363 492 1
364 942 1
365 786 0
366 3 1
367 661 0
368 175 0
369 449 0
370 377 1
371 467 1
372 86 1
373 65 1
374 750 0
375 486 0
376 426 1
377 707 0
378 720 1
379 600 1
380 478 0
381 837 0
382 338 1
383 221 1
384 820 1
385 788 0
386 748 1
387 548 1
388 570 1
389 917 1
390 540 1
391 608 0
392 888 0
393 388 1
394 774 1
395 957 1
396 634 0
397 383 1
398 588 0
399 133 0
400 497 1
401 291 1
402 435 0
403 728 1
404 675 0
405 584 1
406 733 0
407 829 0
408 194 1
409 915 0
410 854 1
411 480 1
412 573 1
413 145 1
414 690 0
415 644 1
416 422 1
417 692 1
418 33 1
419 511 1
420 750 0
421 571 0
422 936 0
423 400 1
424 692 1
425 358 1
426 484 0
427 719 1
428 350 0
429 867 1
430 364 1
431 97 1
432 705 1
433 681 1
434 857 1
435 669 0
436 935 1
437 386 0
438 326 1
439 687 1
440 751 0
441 249 0
442 532 1
443 552 1
444 91 1
445 755 1
446 616 1
447 853 1
448 679 1
449 320 1
450 411 0
451 440 1
452 489 1
453 904 1
454 261 1
455 871 1
456 322 1
457 507 1
458 922 1
459 958 1
460 738 0
461 118 1
462 639 1
463 936 0
464 191 1
465 151 0
466 504 0
467 208 1
468 65 0
469 847 0
470 389 1
471 950 1
472 709 1
473 213 0
474 387 1
475 331 1
476 180 0
477 165 1
478 68 1
479 397 0
480 42 1
481 84 0
482 361 1
483 578 0
484 53 1
485 364 1
486 439 1
487 190 1
488 68 0
489 855 0
490 407 0
491 229 0
492 283 1
493 443 0
494 144 1
495 796 1
496 610 0
497 344 1
498 394 0
499 46 1
500 32 1
501 889 1
502 373 1
503 269 1
504 315 0
505 119 0
506 958 1
507 346 1
508 928 1
509 425 1
510 852 1
511 869 0
512 360 0
513 693 1
514 784 1
515 239 1
516 761 1
517 511 1
518 467 0
519 224 1
520 941 1
521 153 1
522 877 1
523 436 1
524 512 1
525 173 1
526 731 1
527 123 1
528 516 1
529 494 1
530 204 1
531 376 1
532 122 0
533 748 1
534 704 0
535 594 1
536 538 0
537 840 1
538 470 1
539 906 1
540 397 0
541 31 0
542 771 1
543 89 0
544 583 1
545 846 1
546 540 1
547 401 0
548 758 1
549 473 0
550 769 1
551 404 1
552 75 1
553 409 1
554 391 0
555 175 1
556 654 1
557 749 0
558 361 0
559 8 1
560 460 1
561 380 1
562 726 0
563 310 1
564 578 0
565 243 1
566 110 1
567 914 1
568 541 1
569 915 1
570 509 1
571 943 1
572 908 0
573 848 1
574 605 1
575 473 1
576 933 1
577 713 1
578 856 0
579 440 1
580 66 0
581 651 1
582 942 1
583 158 1
584 185 0
585 675 1
586 423 1
587 506 1
588 32 1
589 859 1
590 469 1
591 351 1
592 444 1
593 358 1
594 347 1
595 604 1
596 130 1
597 775 0
598 507 1
599 815 1
600 654 1
601 424 1
602 793 0
603 93 1
604 932 1
605 111 1
606 544 1
607 489 1
608 750 1
609 159 1
610 868 0
611 159 1
612 668 0
613 330 1
614 515 0
615 515 0
616 320 0
617 895 1
618 517 1
619 586 1
620 774 1
621 536 0
622 383 1
623 567 0
624 521 0
625 304 1
626 138 1
627 73 0
628 619 1
629 629 1
630 196 0
631 952 0
632 732 1
633 277 1
634 131 0
635 384 1
636 395 1
637 484 1
638 594 1
639 948 0
640 425 0
641 190 1
642 938 0
643 592 1
644 278 1
645 766 1
646 626 0
647 213 1
648 861 1
649 293 0
650 577 0
651 546 1
652 635 1
653 398 0
654 729 0
655 30 1
656 857 1
657 941 0
658 95 1
659 75 1
660 51 1
661 71 1
662 818 1
663 110 1
664 960 1
665 356 0
666 692 0
667 768 1
668 581 1
669 242 0
670 197 1
671 725 0
672 104 0
673 535 1
674 884 1
675 369 1
676 673 1
677 261 0
678 910 1
679 855 1
680 960 1
681 130 0
682 763 1
683 665 1
684 713 1
685 525 1
686 791 1
687 613 0
688 601 1
689 317 0
690 407 1
691 107 1
692 738 0
693 257 1
694 351 1
695 629 1
696 10 1
697 74 1
698 306 1
699 950 1
700 296 0
701 577 1
702 800 1
703 242 1
704 25 1
705 573 1
706 856 0
707 735 1
708 659 1
709 927 1
710 365 0
711 395 0
712 575 1
713 370 0
714 432 1
715 548 1
716 870 1
717 74 1
718 576 1
719 758 1
720 97 0
721 255 1
722 659 1
723 233 1
724 243 1
725 14 1
726 14 0
727 205 1
728 101 1
729 119 1
730 543 0
731 94 0
732 52 0
733 381 1
734 670 1
735 840 0
736 155 1
737 370 1
738 920 1
739 780 1
740 412 1
741 30 1
742 815 0
743 627 0
744 421 1
745 672 1
746 635 1
747 637 1
748 546 1
749 927 0
750 805 1
751 633 1
752 160 1
753 422 0
754 254 0
755 891 0
756 71 0
757 315 1
758 767 1
759 62 1
760 910 1
761 22 1
762 148 0
763 882 1
764 326 0
765 171 1
766 299 0
767 166 1
768 66 1
769 576 0
770 440 0
771 209 0
772 647 0
773 231 0
774 689 1
775 861 0
776 638 0
777 442 1
778 192 1
779 703 1
780 818 0
781 298 1
782 900 1
783 225 0
784 276 0
785 898 1
786 139 1
787 60 0
788 280 1
789 275 0
790 584 1
791 829 1
792 280 1
793 268 1
794 854 0
795 212 0
796 494 1
797 475 1
798 198 1
799 435 0
800 336 0
801 412 1
802 125 1
803 299 0
804 375 1
805 598 0
806 545 1
807 441 0
808 957 1
809 908 1
810 328 1
811 205 1
812 853 1
813 291 1
814 604 0
815 173 1
816 133 1
817 63 0
818 854 0
819 275 1
820 734 1
821 447 1
822 559 0
823 178 1
824 819 1
825 438 1
826 76 0
827 44 1
828 936 1
829 55 1
830 672 0
831 739 1
832 610 1
833 286 1
834 387 0
835 952 1
836 657 0
837 85 0
838 547 0
839 418 1
840 571 0
841 200 1
842 722 1
843 226 1
844 765 1
845 494 1
846 695 1
847 891 1
848 295 1
849 66 0
850 386 0
851 63 1
852 678 1
853 908 0
854 23 1
855 851 1
856 441 0
857 464 1
858 518 0
859 507 1
860 583 1
861 16 1
862 494 1
863 454 1
864 732 1
865 120 1
866 188 1
867 32 1
868 905 1
869 350 1
870 525 1
871 745 0
872 901 0
873 779 1
874 548 0
875 961 1
876 936 1
877 668 0
878 533 0
879 868 0
880 292 1
881 255 1
882 393 0
883 568 0
884 839 1
885 486 1
886 768 0
887 16 1
888 700 0
889 385 1
890 341 1
891 638 1
892 584 1
893 4 1
894 688 1
895 642 1
896 120 1
897 682 1
898 407 0
899 646 1
900 428 1
901 869 1
902 623 0
903 551 1
904 903 1
905 830 1
906 543 0
907 207 0
908 644 0
909 892 0
910 695 1
911 961 0
912 302 1
913 552 0
914 190 1
915 603 1
916 589 0
917 463 1
918 618 1
919 794 1
920 210 1
921 840 0
922 962 1
923 528 1
924 869 1
925 51 0
926 826 0
927 640 1
928 915 0
929 486 1
930 649 1
931 946 1
932 247 0
933 136 0
934 294 1
935 72 1
936 814 1
937 869 1
938 218 1
939 105 0
940 688 1
941 911 0
942 391 1
943 328 0
944 39 1
945 671 1
946 551 0
947 575 0
948 897 1
949 886 1
950 474 0
951 733 1
952 129 1
953 361 0
954 295 1
955 83 1
956 234 1
957 183 1
958 805 1
959 579 0
960 547 1
961 181 0
962 165 0
963 157 1
964 300 0
965 902 1
966 261 1
967 322 0
968 533 1
969 349 1
970 186 1
971 645 1
972 74 1
973 82 1
974 562 1
975 372 1
976 561 0
977 857 0
978 531 1
979 47 0
980 316 1
981 827 1
982 269 1
983 579 0
984 869 1
985 464 1
986 397 0
987 124 0
988 586 0
989 573 0
990 480 0
991 907 1
992 146 1
993 26 1
994 852 0
995 341 0
996 634 0
997 394 0
998 392 1
999 539 0
1000 938 0
1001 2 1
1002 371 1
1003 65 0
1004 908 1
1005 755 0
1006 231 1
1007 114 0
1008 148 1
1009 850 1
1010 787 1
1011 427 0
1012 434 0
1013 584 1
1014 442 1
1015 735 0
1016 774 1
1017 11 1
1018 476 0
1019 751 0
1020 900 1
1021 846 0
1022 464 0
1023 731 1
1024 322 1
1025 834 0
1026 458 1
1027 790 0
1028 157 1
1029 940 0
1030 182 1
1031 628 1
1032 673 1
1033 749 1
1034 328 0
1035 607 0
1036 877 0
1037 45 0
1038 672 1
1039 602 1
1040 618 1
1041 362 1
1042 773 0
1043 228 1
1044 785 1
1045 178 1
1046 140 1
1047 182 1
1048 95 1
1049 36 1
1050 303 0
1051 873 0
1052 355 0
1053 596 1
1054 344 0
1055 280 1
1056 321 1
1057 686 0
1058 54 1
1059 283 1
1060 342 1
1061 640 0
1062 491 0
1063 907 1
1064 14 0
1065 231 1
1066 420 0
1067 145 0
1068 671 1
1069 451 1
1070 200 0
1071 625 1
1072 22 1
1073 263 1
1074 485 1
1075 713 1
1076 619 1
1077 921 1
1078 250 1
1079 918 1
1080 641 1
1081 766 1
1082 513 0
1083 485 1
1084 302 0
1085 848 1
1086 315 1
1087 60 0
1088 81 1
1089 600 1
1090 91 1
1091 42 1
1092 740 1
1093 80 1
1094 87 1
1095 477 0
1096 796 1
1097 438 1
1098 804 1
1099 179 1
1100 507 0
1101 645 1
1102 759 1
1103 772 0
1104 250 1
1105 56 0
1106 370 1
1107 663 0
1108 673 1
1109 360 1
1110 391 1
1111 711 1
1112 915 0
1113 182 1
1114 332 1
1115 510 1
1116 610 1
1117 885 0
1118 119 0
1119 858 0
1120 325 1
1121 321 1
1122 624 1
1123 64 1
1124 377 1
1125 316 0
1126 96 1
1127 603 1
1128 437 0
1129 804 1
1130 942 1
1131 442 1
1132 154 1
1133 607 1
1134 669 0
1135 253 0
1136 639 1
1137 911 0
1138 781 1
1139 819 0
1140 49 1
1141 185 0
1142 811 0
1143 193 1
1144 796 1
1145 851 1
1146 570 1
1147 13 1
1148 306 1
1149 608 0
1150 345 1
1151 229 1
1152 83 1
1153 506 1
1154 764 1
1155 282 1
1156 145 1
1157 180 1
1158 868 1
1159 464 1
1160 592 0
1161 125 1
1162 868 0
1163 534 1
1164 944 1
1165 408 0
1166 651 1
1167 532 0
1168 37 1
1169 822 1
1170 48 1
1171 837 0
1172 220 1
1173 373 1
1174 613 1
1175 49 1
1176 412 1
1177 627 1
1178 498 0
1179 139 0
1180 952 0
1181 28 0
1182 407 1
1183 23 0
1184 432 0
1185 78 1
1186 598 0
1187 860 1
1188 192 1
1189 555 0
1190 718 1
1191 269 0
1192 0 0
1193 95 1
1194 706 0
1195 201 1
1196 4 1
1197 946 1
1198 586 0
1199 651 0
1200 463 0
1201 148 1
1202 293 0
1203 917 0
1204 315 1
1205 901 0
1206 335 1
1207 812 0
1208 141 1
1209 56 1
1210 364 1
1211 764 1
1212 672 1
1213 1 1
1214 365 1
1215 925 0
1216 29 1
1217 927 1
1218 729 1
1219 418 1
1220 223 1
1221 337 1
1222 564 0
1223 116 1
1224 889 0
1225 385 0
1226 41 0
1227 843 0
1228 544 1
1229 230 1
1230 718 1
1231 387 0
1232 488 1
1233 681 1
1234 66 0
1235 521 1
1236 104 0
1237 459 1
1238 840 0
1239 206 1
1240 358 1
1241 668 0
1242 388 0
1243 334 1
1244 615 1
1245 491 0
1246 943 1
1247 730 1
1248 451 1
1249 723 0
1250 770 0
1251 418 1
1252 936 1
1253 376 1
1254 674 1
1255 229 0
1256 396 0
1257 654 1
1258 94 1
1259 940 0
1260 201 1
1261 692 1
1262 568 0
1263 650 1
1264 129 1
1265 759 0
1266 488 1
1267 34 0
1268 313 1
1269 887 0
1270 215 0
1271 667 0
1272 661 1
1273 45 1
1274 958 1
1275 688 0
1276 101 1
1277 563 1
1278 487 0
1279 910 0
1280 845 0
1281 738 1
1282 531 1
1283 444 1
1284 405 1
1285 479 1
1286 132 1
1287 843 0
1288 153 1
1289 197 1
1290 132 0
1291 919 1
1292 913 1
1293 124 0
1294 954 0
1295 276 0
1296 778 1
1297 429 1
1298 46 1
1299 802 1
1300 852 1
1301 682 0
1302 114 1
1303 426 0
1304 673 0
1305 27 0
1306 731 1
1307 261 1
1308 687 0
1309 915 1
1310 458 1
1311 162 1
1312 464 1
1313 231 1
1314 113 1
1315 572 1
1316 1 1
1317 209 0
1318 466 0
1319 956 0
1320 92 1
1321 204 1
1322 188 1
1323 337 1
1324 852 1
1325 201 0
1326 702 1
1327 805 1
1328 567 0
1329 325 0
1330 719 1
1331 868 1
1332 801 1
1333 57 0
1334 935 0
1335 665 1
1336 256 0
1337 498 1
1338 947 1
1339 931 1
1340 736 1
1341 794 1
1342 144 1
1343 291 1
1344 321 1
1345 614 1
1346 551 1
1347 593 1
1348 245 0
1349 304 1
1350 886 0
1351 282 1
1352 99 0
1353 623 1
1354 839 0
1355 530 0
1356 946 1
1357 125 1
1358 608 1
1359 61 0
1360 644 1
1361 803 1
1362 231 1
1363 807 0
1364 306 1
1365 306 1
1366 340 0
1367 408 1
1368 591 1
1369 133 1
1370 845 1
1371 117 1
1372 635 1
1373 178 1
1374 844 0
1375 433 0
1376 914 0
1377 942 1
1378 892 1
1379 844 1
1380 157 0
1381 465 0
1382 387 0
1383 548 1
1384 165 0
1385 483 1
1386 956 0
1387 487 0
1388 638 1
1389 520 1
1390 904 0
1391 266 1
1392 838 1
1393 833 1
1394 254 1
1395 614 1
1396 902 1
1397 520 1
1398 602 1
1399 916 1
1400 8 1
1401 425 0
1402 832 0
1403 630 1
1404 225 0
1405 249 0
1406 752 1
1407 243 0
1408 946 0
1409 616 1
1410 440 0
1411 649 0
1412 570 1
1413 891 1
1414 496 1
1415 198 1
1416 113 1
1417 117 1
1418 184 1
1419 674 1
1420 546 1
1421 761 1
1422 87 1
1423 573 1
1424 340 1
1425 882 0
1426 105 1
1427 771 0
1428 960 1
1429 495 0
1430 376 0
1431 221 1
1432 928 1
1433 656 1
1434 123 0
1435 169 1
1436 902 1
1437 41 1
1438 583 1
1439 281 0
1440 451 1
1441 352 0
1442 955 0
1443 843 1
1444 81 1
1445 668 1
1446 291 1
1447 557 1
1448 265 0
1449 405 0
1450 228 1
1451 279 0
1452 153 0
1453 767 0
1454 156 1
1455 308 1
1456 861 1
1457 386 1
1458 431 1
1459 64 1
1460 828 0
1461 191 1
1462 659 0
1463 413 1
1464 220 1
1465 534 1
1466 615 1
1467 616 1
1468 744 1
1469 727 0
1470 691 1
1471 156 0
1472 343 0
1473 664 1
1474 31 1
1475 119 1
1476 110 1
1477 627 1
1478 280 1
1479 916 1
1480 117 1
1481 560 1
1482 338 1
1483 724 1
1484 818 0
1485 631 0
1486 746 0
1487 932 1
1488 940 0
1489 123 0
1490 585 0
1491 479 0
1492 738 1
1493 112 0
1494 405 0
1495 167 0
1496 553 0
1497 478 1
1498 551 1
1499 232 1
1500 912 0
1501 749 1
1502 872 1
1503 433 1
1504 1 1
1505 470 1
1506 409 1
1507 892 1
1508 315 1
1509 814 0
1510 681 1
1511 854 1
1512 930 1
1513 384 1
1514 404 1
1515 146 0
1516 702 1
1517 660 1
1518 652 1
1519 109 0
1520 297 0
1521 850 0
1522 751 0
1523 113 1
1524 431 0
1525 823 1
1526 167 1
1527 605 1
1528 880 0
1529 263 1
1530 439 1
1531 676 1
1532 917 0
1533 400 1
1534 115 0
1535 481 1
1536 700 0
1537 341 1
1538 758 1
1539 202 0
1540 604 1
1541 561 1
1542 0 1
1543 128 1
1544 26 1
1545 239 1
1546 413 1
1547 643 1
1548 511 1
1549 195 0
1550 201 0
1551 260 1
1552 81 1
1553 38 0
1554 279 1
1555 861 0
1556 489 1
1557 877 0
1558 848 1
1559 17 0
1560 46 1
1561 376 1
1562 5 1
1563 437 1
1564 710 1
1565 364 1
1566 919 1
1567 462 1
1568 449 0
1569 98 0
1570 926 1
1571 833 1
1572 67 1
1573 552 1
1574 402 1
1575 48 0
1576 49 1
1577 518 1
1578 91 0
1579 182 1
1580 235 1
1581 935 1
1582 782 0
1583 802 0
1584 731 0
1585 607 1
1586 118 0
1587 758 1
1588 837 1
1589 322 1
1590 139 0
1591 335 1
1592 405 0
1593 817 1
1594 456 0
1595 131 1
1596 767 0
1597 104 1
1598 334 1
1599 466 1
1600 639 0
1601 407 1
1602 774 1
1603 554 1
1604 735 0
1605 535 1
1606 469 1
1607 674 1
1608 371 1
1609 593 1
1610 175 1
1611 351 1
1612 438 1
1613 177 1
1614 583 1
1615 485 0
1616 551 0
1617 627 1
1618 891 1
1619 232 0
1620 317 1
1621 186 1
1622 285 1
1623 308 1
1624 36 0
1625 316 1
1626 273 1
1627 375 1
1628 733 1
1629 706 0
1630 419 1
1631 223 0
1632 344 1
1633 554 1
1634 680 0
1635 547 1
1636 201 0
1637 820 1
1638 630 0
1639 938 0
1640 678 1
1641 488 0
1642 958 1
1643 311 1
1644 638 1
1645 303 0
1646 858 1
1647 286 1
1648 24 0
1649 122 1
1650 274 1
1651 349 1
1652 439 0
1653 183 0
1654 946 1
1655 957 0
1656 60 1
1657 260 0
1658 957 1
1659 5 1
1660 238 0
1661 912 1
1662 445 0
1663 946 0
1664 687 0
1665 396 0
1666 386 1
1667 659 1
1668 952 1
1669 154 1
1670 612 1
1671 244 0
1672 242 0
1673 913 1
1674 688 1
1675 90 1
1676 449 1
1677 670 0
1678 849 1
1679 586 1
1680 369 1
1681 756 0
1682 766 1
1683 229 1
1684 906 1
1685 913 1
1686 531 0
1687 449 1
1688 884 1
1689 231 0
1690 540 0
1691 183 1
1692 935 0
1693 531 1
1694 154 1
1695 42 0
1696 749 1
1697 316 1
1698 862 0
1699 529 1
1700 539 1
1701 582 0
1702 859 1
1703 103 1
1704 653 1
1705 612 1
1706 842 0
1707 256 1
1708 871 1
1709 284 1
1710 165 0
1711 586 1
1712 736 1
1713 114 1
1714 670 0
1715 663 0
1716 345 0
1717 929 0
1718 926 1
1719 817 1
1720 589 0
1721 69 1
1722 484 1
1723 894 1
1724 335 1
1725 454 1
1726 726 1
1727 62 1
1728 203 0
1729 358 0
1730 42 1
1731 731 0
1732 915 1
1733 424 0
1734 563 1
1735 717 0
1736 356 0
1737 269 1
1738 333 1
1739 269 1
1740 211 1
1741 206 1
1742 23 1
1743 659 1
1744 630 0
1745 711 1
1746 298 1
1747 670 0
1748 10 0
1749 351 0
1750 21 1
1751 373 0
1752 502 1
1753 828 0
1754 638 1
1755 152 0
1756 468 1
1757 46 1
1758 813 1
1759 329 0
1760 945 1
1761 764 1
1762 353 1
1763 141 1
1764 214 1
1765 547 1
1766 208 1
1767 223 1
1768 396 1
1769 768 1
1770 796 1
1771 143 1
1772 501 1
1773 15 0
1774 505 1
1775 443 1
1776 607 0
1777 952 0
1778 326 1
1779 934 1
1780 808 0
1781 960 1
1782 661 1
1783 949 1
1784 493 1
1785 350 1
1786 508 1
1787 813 1
1788 682 0
1789 9 1
1790 784 0
1791 897 0
1792 881 1
1793 426 1
1794 629 1
1795 7 1
1796 527 1
1797 139 1
1798 410 1
1799 504 1
1800 676 1
1801 452 1
1802 959 0
1803 842 1
1804 352 1
1805 515 1
1806 525 0
1807 214 1
1808 947 0
1809 872 1
1810 649 1
1811 125 1
1812 106 1
1813 624 1
1814 575 1
1815 641 1
1816 243 1
1817 121 0
1818 43 0
1819 529 0
1820 462 1
1821 181 0
1822 142 1
1823 652 1
1824 646 0
1825 740 0
1826 663 1
1827 732 1
1828 925 1
1829 896 0
1830 744 0
1831 49 1
1832 316 0
1833 838 1
1834 745 1
1835 941 1
1836 97 1
1837 65 0
1838 165 0
1839 365 1
1840 501 1
1841 755 1
1842 803 0
1843 582 1
1844 529 1
1845 526 0
1846 702 1
1847 520 0
1848 930 1
1849 600 1
1850 799 1
1851 753 1
1852 348 1
1853 746 1
1854 183 1
1855 936 1
1856 476 1
1857 887 1
1858 864 1
1859 305 0
1860 244 0
1861 536 1
1862 628 1
1863 224 0
1864 488 1
1865 530 1
1866 51 1
1867 443 0
1868 175 0
1869 135 1
1870 561 1
1871 80 0
1872 447 1
1873 187 1
1874 696 1
1875 0 1
1876 934 1
1877 146 0
1878 241 0
1879 806 1
1880 805 1
1881 851 1
1882 693 1
1883 478 1
1884 743 1
1885 837 1
1886 332 1
1887 601 1
1888 144 1
1889 350 1
1890 892 1
1891 429 1
1892 109 1
1893 685 0
1894 556 1
1895 303 0
1896 123 0
1897 88 0
1898 133 1
1899 906 0
1900 401 1
1901 829 1
1902 346 1
1903 160 1
1904 293 1
1905 942 1
1906 83 0
1907 696 0
1908 205 0
1909 543 0
1910 168 1
1911 382 1
1912 648 0
1913 718 0
1914 258 1
1915 307 1
1916 90 1
1917 40 0
1918 252 1
1919 538 1
1920 896 1
1921 378 1
1922 537 0
1923 208 1
1924 715 1
1925 152 1
1926 820 1
1927 786 0
1928 226 1
1929 899 1
1930 814 1
1931 754 0
1932 416 1
1933 951 1
1934 791 1
1935 824 1
1936 82 1
1937 351 1
1938 536 0
1939 10 0
1940 533 1
1941 393 1
1942 882 0
1943 508 0
1944 369 0
1945 241 0
1946 298 1
1947 735 1
1948 623 1
1949 605 1
1950 861 1
1951 786 1
1952 891 1
1953 396 1
1954 919 0
1955 937 1
1956 754 0
1957 102 1
1958 769 1
1959 431 0
1960 276 1
1961 580 0
1962 890 0
1963 511 1
1964 297 0
1965 224 0
1966 230 1
1967 935 0
1968 407 1
1969 807 1
1970 386 1
1971 464 1
1972 945 0
1973 462 0
1974 399 1
1975 537 1
1976 214 0
1977 472 0
1978 117 1
1979 877 1
1980 747 0
1981 795 0
1982 761 1
1983 358 1
1984 747 0
1985 569 1
1986 780 1
1987 922 1
1988 821 1
1989 550 0
1990 926 1
1991 155 1
1992 852 0
1993 892 0
1994 832 1
1995 605 1
1996 557 0
1997 426 0
1998 428 1
1999 560 1
2000 209 1
2001 179 1
2002 421 1
2003 399 1
2004 744 1
2005 722 1
2006 295 1
2007 495 1
2008 726 0
2009 375 1
2010 843 0
2011 433 1
2012 640 0
2013 403 1
2014 866 1
2015 114 1
2016 352 1
2017 323 0
2018 616 1
2019 275 1
2020 893 1
2021 142 1
2022 134 0
2023 20 1
2024 673 1
2025 678 1
2026 24 0
2027 212 1
2028 805 0
2029 566 0
2030 801 1
2031 43 0
2032 195 1
2033 185 1
2034 311 1
2035 245 0
2036 681 0
2037 467 1
2038 247 1
2039 898 1
2040 494 1
2041 696 0
2042 559 1
2043 404 1
2044 746 1
2045 146 0
2046 872 1
2047 385 1
2048 741 0
2049 915 0
2050 827 1
2051 904 1
2052 770 0
2053 583 0
2054 507 1
2055 197 0
2056 928 1
2057 741 1
2058 60 1
2059 925 0
2060 764 1
2061 427 1
2062 483 1
2063 778 1
2064 216 1
2065 535 1
2066 539 0
2067 811 1
2068 107 1
2069 586 1
2070 171 0
2071 837 1
2072 898 0
2073 272 1
2074 798 1
2075 802 0
2076 918 0
2077 883 1
2078 875 0
2079 885 1
2080 77 1
2081 783 1
2082 545 0
2083 185 1
2084 673 1
2085 878 1
2086 777 1
2087 203 1
2088 405 1
2089 320 1
2090 322 1
2091 61 0
2092 611 0
2093 326 1
2094 291 0
2095 837 1
2096 317 1
2097 207 0
2098 899 1
2099 163 0
2100 960 0
2101 287 1
2102 443 1
2103 136 1
2104 577 1
2105 885 0
2106 800 1
2107 213 1
2108 539 1
2109 195 0
2110 10 1
2111 421 0
2112 338 1
2113 412 0
2114 817 1
2115 680 0
2116 839 1
2117 811 0
2118 105 1
2119 1 1
2120 625 1
2121 619 1
2122 869 1
2123 523 1
2124 206 0
2125 499 1
2126 787 1
2127 729 1
2128 382 1
2129 622 1
2130 938 0
2131 661 1
2132 917 1
2133 356 0
2134 679 1
2135 353 1
2136 280 1
2137 805 1
2138 65 1
2139 818 1
2140 694 1
2141 672 1
2142 496 1
2143 866 0
2144 801 1
2145 725 0
2146 86 1
2147 814 0
2148 156 1
2149 284 1
2150 176 1
2151 788 1
2152 833 0
2153 439 0
2154 217 1
2155 391 1
2156 833 1
2157 78 0
2158 150 1
2159 467 1
2160 117 1
2161 950 1
2162 839 0
2163 817 1
2164 231 1
2165 89 1
2166 961 1
2167 85 1
2168 730 1
2169 377 0
2170 41 1
2171 507 1
2172 91 1
2173 75 1
2174 566 1
2175 414 0
2176 957 0
2177 497 0
2178 425 1
2179 87 1
2180 286 1
2181 674 1
2182 277 0
2183 153 1
2184 896 1
2185 214 0
2186 132 1
2187 71 1
2188 918 0
2189 75 1
2190 874 0
2191 427 0
2192 113 1
2193 924 1
2194 109 1
2195 232 1
2196 410 1
2197 680 1
2198 315 0
2199 917 1
2200 196 1
2201 18 0
2202 890 1
2203 162 1
2204 421 1
2205 590 1
2206 912 1
2207 812 0
2208 590 1
2209 786 1
2210 43 0
2211 706 0
2212 574 1
2213 363 0
2214 478 1
2215 933 0
2216 486 0
2217 614 1
2218 652 0
2219 481 1
2220 236 0
2221 54 0
2222 737 1
2223 433 1
2224 287 1
2225 286 0
2226 886 1
2227 7 0
2228 638 0
2229 608 1
2230 688 1
2231 51 1
2232 178 1
2233 420 0
2234 664 1
2235 552 1
2236 621 1
2237 697 1
2238 121 1
2239 371 1
2240 35 0
2241 925 1
2242 298 1
2243 641 1
2244 339 1
2245 313 0
2246 476 1
2247 460 1
2248 640 1
2249 132 1
2250 431 1
2251 465 1
2252 329 0
2253 96 1
2254 552 1
2255 470 1
2256 735 0
2257 730 0
2258 12 1
2259 230 0
2260 880 1
2261 601 0
2262 518 1
2263 658 1
2264 202 1
2265 333 1
2266 512 0
2267 907 1
2268 609 1
2269 903 1
2270 118 0
2271 7 0
2272 639 1
2273 721 1
2274 368 1
2275 225 1
2276 716 0
2277 289 1
2278 148 1
2279 651 1
2280 385 1
2281 779 0
2282 431 1
2283 387 1
2284 949 0
2285 849 1
2286 534 1
2287 180 1
2288 816 0
2289 472 1
2290 111 0
2291 506 1
2292 173 1
2293 320 1
2294 390 1
2295 467 0
2296 605 1
2297 321 1
2298 228 0
2299 725 0
2300 832 0
2301 893 0
2302 690 1
2303 224 1
2304 234 1
2305 764 0
2306 43 1
2307 395 1
2308 324 1
2309 333 1
2310 335 1
2311 137 1
2312 305 1
2313 236 1
2314 779 1
2315 359 1
2316 794 0
2317 274 0
2318 584 1
2319 675 1
2320 806 1
2321 386 0
2322 5 1
2323 861 1
2324 718 1
2325 654 0
2326 642 1
2327 827 1
2328 862 1
2329 129 1
2330 283 0
2331 548 1
2332 388 1
2333 821 1
2334 932 0
2335 439 1
2336 621 1
2337 458 1
2338 439 1
2339 567 1
2340 199 1
2341 470 1
2342 662 1
2343 48 1
2344 620 0
2345 461 1
2346 850 1
2347 630 1
2348 480 0
2349 858 1
2350 633 0
2351 446 1
2352 955 0
2353 530 1
2354 872 0
2355 811 1
2356 578 1
2357 171 1
2358 838 0
2359 449 0
2360 581 1
2361 48 1
2362 179 1
2363 354 0
2364 388 0
2365 330 1
2366 769 0
2367 925 1
2368 903 1
2369 415 1
2370 237 1
2371 142 1
2372 767 1
2373 704 0
2374 144 0
2375 360 1
2376 897 1
2377 231 1
2378 308 0
2379 957 1
2380 446 1
2381 367 1
2382 323 1
2383 811 1
2384 43 1
2385 297 1
2386 712 0
2387 318 1
2388 363 0
2389 380 0
2390 436 1
2391 270 1
2392 760 1
2393 669 1
2394 697 0
2395 414 1
2396 599 1
2397 230 1
2398 332 1
2399 407 1
2400 526 1
2401 266 1
2402 754 1
2403 13 1
2404 256 0
2405 662 1
2406 172 0
2407 284 1
2408 655 1
2409 649 1
2410 265 1
2411 755 0
2412 103 1
2413 434 1
2414 285 1
2415 810 1
2416 193 1
2417 698 0
2418 310 1
2419 712 1
2420 717 1
2421 869 1
2422 954 1
2423 80 0
2424 755 0
2425 647 1
2426 441 0
2427 921 0
2428 647 1
2429 17 0
2430 455 1
2431 392 1
2432 164 0
2433 817 0
2434 451 1
2435 77 0
2436 200 1
2437 316 1
2438 358 1
2439 60 1
2440 737 0
2441 207 1
2442 368 0
2443 372 1
2444 353 0
2445 22 1
2446 439 1
2447 678 0
2448 153 1
2449 114 0
2450 321 0
2451 31 1
2452 359 1
2453 897 1
2454 355 1
2455 868 1
2456 312 0
2457 345 1
2458 74 1
2459 733 1
2460 718 1
2461 847 1
2462 392 0
2463 409 0
2464 317 0
2465 946 1
2466 900 0
2467 381 0
2468 936 0
2469 625 0
2470 310 1
2471 457 0
2472 829 1
2473 341 1
2474 742 1
2475 942 1
2476 663 0
2477 877 1
2478 38 1
2479 822 1
2480 457 1
2481 790 1
2482 431 1
2483 302 0
2484 135 1
2485 343 1
2486 106 1
2487 680 1
2488 825 1
2489 98 1
2490 354 0
2491 324 0
2492 515 1
2493 331 1
2494 172 0
2495 131 0
2496 607 1
2497 635 1
2498 740 0
2499 90 1
2500 513 1
2501 544 1
2502 845 0
2503 388 0
2504 893 0
2505 534 1
2506 174 1
2507 135 1
2508 319 1
2509 854 1
2510 657 1
2511 733 1
2512 165 1
2513 951 1
2514 954 1
2515 41 1
2516 123 1
2517 734 1
2518 457 0
2519 324 0
2520 256 1
2521 467 1
2522 939 1
2523 732 1
2524 106 1
2525 399 0
2526 442 1
2527 287 1
2528 759 1
2529 735 1
2530 540 1
2531 291 1
2532 9 0
2533 854 1
2534 407 1
2535 464 1
2536 295 1
2537 706 1
2538 571 1
2539 753 0
2540 320 1
2541 663 1
2542 543 1
2543 18 1
2544 448 1
2545 701 1
2546 178 1
2547 874 1
2548 851 0
2549 654 1
2550 591 0
2551 571 1
2552 309 1
2553 954 0
2554 11 1
2555 206 1
2556 155 1
2557 705 1
2558 468 0
2559 260 1
2560 124 1
2561 164 1
2562 212 0
2563 101 1
2564 451 0
2565 397 1
2566 132 1
2567 761 1
2568 893 1
2569 934 1
2570 145 1
2571 846 1
2572 658 0
2573 221 0
2574 533 1
2575 301 1
2576 90 0
2577 571 0
2578 725 0
2579 15 0
2580 649 1
2581 88 1
2582 28 1
2583 446 1
2584 251 1
2585 84 1
2586 205 0
2587 882 1
2588 352 1
2589 822 0
2590 233 1
2591 765 0
2592 237 1
2593 238 1
2594 268 1
2595 398 0
2596 276 1
2597 922 1
2598 948 1
2599 58 1
2600 433 1
2601 817 1
2602 868 0
2603 724 1
2604 878 0
2605 754 0
2606 355 1
2607 83 1
2608 541 0
2609 778 1
2610 759 1
2611 376 1
2612 311 0
2613 561 1
2614 351 1
2615 717 1
2616 372 1
2617 644 1
2618 920 0
2619 535 0
2620 211 1
2621 205 1
2622 494 0
2623 955 1
2624 795 1
2625 493 1
2626 206 0
2627 275 1
2628 426 0
2629 36 1
2630 104 1
2631 783 1
2632 547 1
2633 366 0
2634 666 1
2635 561 1
2636 450 1
2637 666 1
2638 667 1
2639 238 1
2640 77 0
2641 313 1
2642 434 0
2643 22 0
2644 648 1
2645 286 0
2646 423 1
2647 840 1
2648 757 1
2649 123 1
2650 367 0
2651 560 1
2652 99 1
2653 20 0
2654 532 1
2655 488 1
2656 786 0
2657 114 1
2658 38 0
2659 730 0
2660 195 0
2661 87 1
2662 345 0
2663 811 1
2664 393 1
2665 785 1
2666 840 1
2667 799 1
2668 256 1
2669 354 1
2670 873 1
2671 46 1
2672 292 1
2673 566 0
2674 297 1
2675 239 1
2676 571 0
2677 907 1
2678 86 1
2679 278 1
2680 911 0
2681 461 1
2682 667 1
2683 377 0
2684 727 1
2685 934 1
2686 796 0
2687 557 1
2688 362 1
2689 251 0
2690 104 1
2691 375 0
2692 612 1
2693 240 1
2694 297 1
2695 789 0
2696 415 0
2697 256 0
2698 196 1
2699 265 0
2700 587 1
2701 784 1
2702 438 0
2703 730 1
2704 538 1
2705 109 1
2706 694 0
2707 539 1
2708 414 1
2709 79 1
2710 521 1
2711 568 1
2712 379 1
2713 278 1
2714 680 1
2715 147 0
2716 2 1
2717 909 1
2718 920 1
2719 853 0
2720 879 0
2721 359 1
2722 483 1
2723 565 1
2724 901 1
2725 831 0
2726 735 1
2727 617 0
2728 482 0
2729 338 1
2730 662 1
2731 688 0
2732 639 0
2733 327 1
2734 532 1
2735 314 0
2736 216 0
2737 670 0
2738 794 0
2739 430 1
2740 139 1
2741 802 0
2742 919 1
2743 637 1
2744 1 0
2745 823 0
2746 108 1
2747 938 1
2748 794 1
2749 955 1
2750 131 1
2751 423 0
2752 201 1
2753 658 1
2754 588 0
2755 765 0
2756 34 1
2757 250 0
2758 673 1
2759 614 1
2760 510 1
2761 948 0
2762 633 0
2763 588 1
2764 448 0
2765 50 0
2766 108 1
2767 539 0
2768 400 0
2769 342 0
2770 934 0
2771 364 1
2772 935 1
2773 181 0
2774 723 0
2775 541 1
2776 491 1
2777 685 1
2778 97 1
2779 422 0
2780 501 0
2781 348 1
2782 556 0
2783 529 1
2784 732 1
2785 594 1
2786 813 0
2787 894 1
2788 406 1
2789 652 1
2790 703 1
2791 622 0
2792 367 1
2793 188 1
2794 265 0
2795 232 1
2796 119 1
2797 597 1
2798 115 0
2799 855 1
2800 257 1
2801 199 0
2802 277 0
2803 114 1
2804 427 1
2805 461 1
2806 607 0
2807 583 1
2808 649 0
2809 661 1
2810 419 1
2811 328 1
2812 122 0
2813 48 1
2814 310 0
2815 696 1
2816 611 0
2817 860 1
2818 637 1
2819 609 0
2820 389 1
2821 454 1
2822 23 1
2823 230 0
2824 847 1
2825 234 1
2826 433 0
2827 453 0
2828 709 1
2829 403 1
2830 52 1
2831 809 0
2832 70 1
2833 200 1
2834 330 0
2835 31 1
2836 138 1
2837 364 1
2838 172 0
2839 444 1
2840 523 0
2841 359 1
2842 851 1
2843 159 1
2844 536 1
2845 838 0
2846 311 0
2847 474 1
2848 429 1
2849 884 1
2850 131 1
2851 126 1
2852 50 0
2853 41 1
2854 697 0
2855 852 1
2856 774 1
2857 436 1
2858 283 1
2859 870 0
2860 380 1
2861 631 1
2862 79 1
2863 294 1
2864 428 1
2865 878 0
2866 743 1
2867 440 1
2868 717 1
2869 237 1
2870 578 1
2871 894 0
2872 559 0
2873 663 1
2874 184 1
2875 885 0
2876 538 1
2877 867 0
2878 880 1
2879 736 1
2880 600 1
2881 905 0
2882 878 1
2883 395 1
2884 85 1
2885 695 1
2886 369 0
2887 275 1
2888 604 1
2889 419 1
2890 730 1
2891 1 1
2892 116 0
2893 923 1
2894 864 0
2895 953 0
2896 570 1
2897 881 1
2898 499 1
2899 155 1
2900 167 1
2901 859 1
2902 124 0
2903 686 0
2904 720 1
2905 738 0
2906 95 0
2907 16 1
2908 442 1
2909 431 1
2910 858 1
2911 844 1
2912 928 1
2913 951 1
2914 297 0
2915 271 1
2916 215 0
2917 222 0
2918 913 1
2919 289 1
2920 662 0
2921 955 1
2922 601 1
2923 192 0
2924 558 0
2925 34 1
2926 81 1
2927 920 1
2928 862 1
2929 696 1
2930 274 1
2931 845 1
2932 746 1
2933 440 1
2934 623 0
2935 201 1
2936 590 1
2937 692 0
2938 775 0
2939 882 1
2940 155 1
2941 435 1
2942 442 0
2943 468 0
2944 523 1
2945 333 1
2946 390 1
2947 897 1
2948 504 1
2949 667 1
2950 900 1
2951 99 1
2952 672 1
2953 367 1
2954 323 1
2955 465 0
2956 240 1
2957 325 1
2958 515 0
2959 820 1
2960 216 0
2961 483 0
2962 17 0
2963 3 0
2964 14 0
2965 871 1
2966 186 1
2967 90 1
2968 20 1
2969 564 1
2970 354 1
2971 43 1
2972 189 1
2973 499 1
2974 773 1
2975 391 1
2976 157 1
2977 819 1
2978 904 1
2979 492 1
2980 714 1
2981 92 1
2982 19 1
2983 406 1
2984 824 1
2985 568 1
2986 258 0
2987 421 1
2988 591 1
2989 764 1
2990 498 0
2991 614 0
2992 104 1
2993 52 0
2994 514 1
2995 760 1
2996 555 0
2997 776 1
2998 256 1
2999 799 1
3000 411 0
3001 906 1
3002 52 1
3003 728 1
3004 506 0
3005 268 1
3006 722 0
3007 697 1
3008 0 1
3009 668 1
3010 904 0
3011 390 1
3012 928 1
3013 682 1
3014 607 1
3015 523 1
3016 533 1
3017 335 1
3018 442 0
3019 451 1
3020 241 1
3021 27 1
3022 249 0
3023 49 1
3024 695 1
3025 948 1
3026 219 0
3027 354 1
3028 763 1
3029 590 1
3030 776 0
3031 647 0
3032 616 1
3033 154 1
3034 306 1
3035 655 1
3036 936 1
3037 159 0
3038 239 0
3039 83 0
3040 925 1
3041 792 0
3042 629 1
3043 550 0
3044 831 1
3045 59 0
3046 327 1
3047 602 1
3048 911 1
3049 261 1
3050 398 0
3051 413 1
3052 820 1
3053 205 1
3054 780 1
3055 252 0
3056 930 1
3057 145 0
3058 838 1
3059 637 1
3060 483 1
3061 962 1
3062 50 1
3063 12 0
3064 5 1
3065 253 0
3066 411 0
3067 960 1
3068 849 1
3069 549 0
3070 101 0
3071 630 1
3072 882 0
3073 665 1
3074 692 1
3075 686 1
3076 646 0
3077 633 1
3078 897 0
3079 306 1
3080 530 1
3081 528 0
3082 448 1
3083 432 1
3084 338 1
3085 223 0
3086 431 1
3087 507 1
3088 851 1
3089 331 1
3090 733 0
3091 404 0
3092 351 0
3093 335 1
3094 906 1
3095 410 0
3096 423 0
3097 637 1
3098 111 1
3099 818 0
3100 700 1
3101 888 1
3102 154 0
3103 704 1
3104 827 0
3105 235 0
3106 701 1
3107 236 0
3108 899 0
3109 948 1
3110 823 1
3111 538 1
3112 944 1
3113 378 0
3114 893 0
3115 152 1
3116 496 1
3117 410 0
3118 121 1
3119 694 0
3120 798 1
3121 193 1
3122 790 1
3123 236 0
3124 611 1
3125 791 0
3126 228 0
3127 941 1
3128 190 1
3129 487 1
3130 774 0
3131 362 1
3132 328 0
3133 958 1
3134 145 1
3135 45 0
3136 840 1
3137 127 1
3138 853 0
3139 617 1
3140 196 0
3141 195 0
3142 34 1
3143 244 1
3144 714 0
3145 918 1
3146 19 1
3147 444 0
3148 700 1
3149 796 1
3150 351 1
3151 437 1
3152 875 0
3153 118 0
3154 539 1
3155 489 1
3156 792 1
3157 770 0
3158 80 1
3159 661 0
3160 394 1
3161 542 1
3162 934 1
3163 760 0
3164 73 0
3165 350 0
3166 267 1
3167 264 1
3168 1 1
3169 167 1
3170 155 0
3171 498 1
3172 952 1
3173 32 0
3174 357 1
3175 85 1
3176 920 1
3177 387 1
3178 650 1
3179 396 1
3180 574 1
3181 185 1
3182 571 1
3183 244 0
3184 443 0
3185 909 1
3186 105 0
3187 767 1
3188 749 0
3189 737 1
3190 714 1
3191 692 1
3192 98 1
3193 211 0
3194 875 1
3195 120 1
3196 390 0
3197 551 1
3198 940 1
3199 367 1
3200 243 0
3201 240 0
3202 368 1
3203 627 0
3204 65 0
3205 484 0
3206 446 1
3207 488 0
3208 903 1
3209 514 1
3210 343 1
3211 525 1
3212 163 1
3213 917 0
3214 519 1
3215 746 1
3216 246 1
3217 333 0
3218 642 0
3219 381 1
3220 10 1
3221 524 1
3222 300 0
3223 222 0
3224 359 0
3225 667 1
3226 19 0
3227 657 1
3228 916 0
3229 508 0
3230 156 0
3231 457 0
3232 888 0
3233 239 1
3234 398 1
3235 886 0
3236 707 0
3237 86 0
3238 681 0
3239 859 0
3240 82 0
3241 1 1
3242 15 0
3243 858 1
3244 492 1
3245 626 1
3246 305 1
3247 273 0
3248 521 0
3249 409 1
3250 744 1
3251 550 1
3252 390 0
3253 718 1
3254 556 1
3255 759 1
3256 788 0
3257 924 1
3258 66 1
3259 383 1
3260 833 0
3261 429 0
3262 740 0
3263 17 1
3264 252 0
3265 828 1
3266 369 1
3267 706 1
3268 663 1
3269 89 0
3270 686 0
3271 505 1
3272 830 1
3273 926 1
3274 897 1
3275 677 1
3276 3 1
3277 554 1
3278 457 1
3279 652 1
3280 608 0
3281 538 1
3282 544 1
3283 958 1
3284 928 0
3285 111 1
3286 154 1
3287 775 0
3288 694 1
3289 139 1
3290 122 0
3291 617 1
3292 183 0
3293 480 1
3294 1 0
3295 572 0
3296 298 1
3297 234 1
3298 614 1
3299 698 1
3300 498 1
3301 843 1
3302 74 0
3303 858 1
3304 430 1
3305 229 0
3306 74 0
3307 863 1
3308 277 0
3309 508 1
3310 549 0
3311 499 1
3312 450 1
3313 728 1
3314 185 1
3315 292 0
3316 495 1
3317 558 1
3318 438 0
3319 560 1
3320 100 1
3321 254 1
3322 859 0
3323 42 0
3324 534 0
3325 452 1
3326 853 0
3327 6 1
3328 334 1
3329 626 1
3330 30 1
3331 814 1
3332 313 1
3333 707 0
3334 475 1
3335 454 1
3336 316 1
3337 360 1
3338 863 0
3339 960 1
3340 952 1
3341 166 1
3342 49 1
3343 404 1
3344 702 1
3345 125 1
3346 209 1
3347 296 1
3348 960 0
3349 107 0
3350 529 0
3351 269 1
3352 307 1
3353 669 1
3354 68 1
3355 252 1
3356 727 1
3357 696 0
3358 776 1
3359 382 0
3360 391 1
3361 286 1
3362 94 1
3363 344 0
3364 807 1
3365 749 1
3366 624 1
3367 830 0
3368 296 1
3369 360 1
3370 814 1
3371 608 1
3372 254 0
3373 577 1
3374 90 0
3375 194 1
3376 503 1
3377 692 1
3378 284 1
3379 300 1
3380 137 0
3381 502 1
3382 328 1
3383 341 1
3384 517 1
3385 600 1
3386 925 1
3387 169 1
3388 772 0
3389 858 1
3390 353 1
3391 955 0
3392 181 1
3393 676 0
3394 943 1
3395 594 1
3396 285 0
3397 490 1
3398 687 1
3399 849 1
3400 754 1
3401 796 0
3402 917 1
3403 544 1
3404 934 1
3405 236 1
3406 140 1
3407 403 1
3408 135 1
3409 786 0
3410 703 0
3411 807 0
3412 735 1
3413 824 1
3414 387 0
3415 887 1
3416 419 0
3417 506 1
3418 518 1
3419 321 0
3420 138 1
3421 36 0
3422 8 0
3423 210 0
3424 166 0
3425 832 1
3426 636 1
3427 691 1
3428 621 1
3429 480 0
3430 485 1
3431 798 0
3432 346 1
3433 499 1
3434 614 1
3435 2 1
3436 26 1
3437 642 1
3438 662 0
3439 751 1
3440 109 1
3441 530 1
3442 908 1
3443 765 0
3444 423 0
3445 797 1
3446 871 1
3447 461 0
3448 195 1
3449 341 1
3450 429 1
3451 211 1
3452 566 1
3453 100 1
3454 928 1
3455 315 1
3456 119 0
3457 431 1
3458 715 1
3459 816 0
3460 701 1
3461 306 1
3462 893 1
3463 86 1
3464 949 1
3465 546 0
3466 955 0
3467 92 1
3468 833 0
3469 619 1
3470 265 1
3471 484 1
3472 427 1
3473 634 1
3474 759 1
3475 151 0
3476 748 1
3477 718 0
3478 57 0
3479 26 1
3480 453 1
3481 644 0
3482 552 0
3483 225 1
3484 151 0
3485 831 1
3486 426 1
3487 413 1
3488 489 1
3489 829 1
3490 757 0
3491 783 0
3492 660 0
3493 443 0
3494 564 1
3495 373 0
3496 837 0
3497 110 1
3498 13 0
3499 70 1
3500 401 0
3501 582 1
3502 476 1
3503 514 1
3504 875 0
3505 863 1
3506 9 1
3507 434 0
3508 444 1
3509 36 1
3510 568 0
3511 674 1
3512 74 1
3513 480 1
3514 342 1
3515 827 1
3516 674 1
3517 793 0
3518 274 0
3519 765 1
3520 335 0
3521 467 1
3522 959 1
3523 626 1
3524 426 1
3525 97 1
3526 682 1
3527 658 1
3528 203 1
3529 66 1
3530 911 1
3531 900 1
3532 172 1
3533 810 1
3534 685 1
3535 244 1
3536 888 0
3537 13 1
3538 834 1
3539 362 0
3540 523 1
3541 124 1
3542 841 0
3543 221 1
3544 569 0
3545 627 0
3546 403 0
3547 750 0
3548 905 1
3549 633 0
3550 432 0
3551 870 1
3552 810 1
3553 280 1
3554 745 1
3555 200 0
3556 324 0
3557 159 1
3558 143 0
3559 858 1
3560 278 1
3561 451 1
3562 698 1
3563 868 0
3564 59 0
3565 101 1
3566 63 1
3567 849 0
3568 503 1
3569 591 1
3570 31 0
3571 201 1
3572 152 1
3573 168 1
3574 740 1
3575 230 0
3576 198 0
3577 348 0
3578 142 1
3579 370 0
3580 402 0
3581 693 1
3582 91 1
3583 375 0
3584 931 1
3585 490 1
3586 16 1
3587 928 1
3588 663 1
3589 649 1
3590 771 1
3591 108 1
3592 782 1
3593 125 0
3594 895 1
3595 737 0
3596 578 1
3597 800 1
3598 658 1
3599 875 0
3600 790 1
3601 236 0
3602 706 1
3603 197 0
3604 519 1
3605 458 1
3606 373 1
3607 519 0
3608 819 1
3609 339 0
3610 362 1
3611 696 0
3612 192 1
3613 832 1
3614 357 1
3615 124 1
3616 759 1
3617 212 1
3618 172 0
3619 130 1
3620 292 0
3621 242 0
3622 951 0
3623 654 1
3624 628 1
3625 206 1
3626 718 1
3627 189 1
3628 473 1
3629 409 0
3630 415 1
3631 236 0
3632 116 1
3633 509 1
3634 469 1
3635 203 0
3636 450 1
3637 260 1
3638 817 0
3639 468 1
3640 556 0
3641 694 1
3642 615 1
3643 444 1
3644 554 1
3645 752 1
3646 221 1
3647 13 0
3648 85 1
3649 811 0
3650 383 1
3651 539 1
3652 681 1
3653 495 1
3654 362 1
3655 240 1
3656 286 1
3657 451 1
3658 467 1
3659 823 1
3660 583 0
3661 249 1
3662 248 1
3663 752 0
3664 395 1
3665 500 1
3666 263 1
3667 834 0
3668 486 1
3669 129 1
3670 552 1
3671 414 1
3672 915 1
3673 962 1
3674 21 1
3675 477 1
3676 82 1
3677 56 1
3678 599 1
3679 275 1
3680 57 1
3681 32 1
3682 73 1
3683 877 1
3684 455 1
3685 445 1
3686 23 1
3687 104 1
3688 948 1
3689 6 0
3690 536 0
3691 221 0
3692 432 0
3693 171 0
3694 696 1
3695 285 0
3696 444 1
3697 686 1
3698 17 0
3699 688 1
3700 254 1
3701 701 1
3702 253 1
3703 438 1
3704 520 0
3705 818 1
3706 151 1
3707 897 0
3708 927 1
3709 837 1
3710 736 1
3711 451 1
3712 662 0
3713 346 0
3714 774 1
3715 762 1
3716 38 1
3717 139 1
3718 917 0
3719 140 0
3720 244 1
3721 178 1
3722 645 1
3723 16 1
3724 402 1
3725 307 1
3726 624 0
3727 4 1
3728 544 1
3729 225 1
3730 218 1
3731 606 1
3732 710 0
3733 548 1
3734 544 1
3735 749 0
3736 869 1
3737 221 1
3738 262 1
3739 772 1
3740 313 1
3741 841 0
3742 485 1
3743 483 1
3744 418 0
3745 607 0
3746 919 1
3747 892 0
3748 217 1
3749 942 0
3750 962 1
3751 587 1
3752 304 1
3753 67 1
3754 657 1
3755 843 1
3756 955 0
3757 556 1
3758 788 0
3759 729 1
3760 7 1
3761 101 1
3762 234 1
3763 241 1
3764 693 1
3765 250 0
3766 559 0
3767 208 1
3768 294 1
3769 79 0
3770 152 1
3771 181 1
3772 865 1
3773 419 1
3774 36 1
3775 156 0
3776 170 0
3777 581 0
3778 862 1
3779 467 1
3780 653 0
3781 507 1
3782 776 1
3783 335 1
3784 603 0
3785 282 0
3786 558 1
3787 122 1
3788 423 1
3789 762 1
3790 338 1
3791 113 1
3792 786 1
3793 912 0
3794 738 1
3795 501 0
3796 355 0
3797 474 0
3798 372 0
3799 851 1
3800 835 1
3801 953 0
3802 244 1
3803 502 0
3804 265 1
3805 737 1
3806 830 1
3807 148 1
3808 378 0
3809 561 1
3810 699 0
3811 767 0
3812 145 1
3813 834 0
3814 699 0
3815 715 1
3816 503 1
3817 612 1
3818 428 1
3819 63 1
3820 637 1
3821 907 1
3822 485 0
3823 380 0
3824 375 1
3825 628 1
3826 78 1
3827 387 1
3828 322 1
3829 536 0
3830 592 0
3831 240 0
3832 604 0
3833 492 1
3834 226 0
3835 374 0
3836 578 1
3837 590 0
3838 411 1
3839 575 0
3840 560 1
3841 119 0
3842 284 0
3843 83 1
3844 377 1
3845 276 1
3846 519 0
3847 139 1
3848 592 0
3849 230 1
3850 798 1
3851 330 1
3852 535 0
3853 699 1
3854 539 1
3855 955 1
3856 162 1
3857 959 0
3858 229 0
3859 276 0
3860 310 1
3861 613 0
3862 291 1
3863 600 1
3864 606 1
3865 350 1
3866 658 1
3867 76 1
3868 823 0
3869 787 1
3870 308 1
3871 147 1
3872 502 0
3873 140 1
3874 797 1
3875 375 0
3876 190 1
3877 195 1
3878 962 1
3879 402 1
3880 849 1
3881 657 1
3882 81 0
3883 385 1
3884 731 1
3885 915 1
3886 600 0
3887 733 1
3888 429 1
3889 481 1
3890 511 1
3891 204 1
3892 103 0
3893 794 0
3894 417 0
3895 319 1
3896 208 1
3897 69 0
3898 359 1
3899 416 0
3900 849 1
3901 389 1
3902 653 0
3903 810 0
3904 643 1
3905 179 1
3906 407 1
3907 689 1
3908 4 1
3909 224 1
3910 939 1
3911 910 1
3912 169 1
3913 659 0
3914 656 0
3915 451 1
3916 666 1
3917 250 1
3918 611 1
3919 272 1
3920 611 1
3921 668 1
3922 445 0
3923 176 1
3924 526 0
3925 482 0
3926 556 0
3927 872 1
3928 58 1
3929 86 0
3930 866 1
3931 868 1
3932 415 1
3933 537 1
3934 438 0
3935 930 1
3936 871 1
3937 326 0
3938 252 1
3939 24 1
3940 125 1
3941 502 0
3942 159 1
3943 628 1
3944 592 1
3945 542 1
3946 289 1
3947 676 0
3948 788 1
3949 379 1
3950 281 1
3951 534 1
3952 204 0
3953 727 1
3954 10 0
3955 456 1
3956 480 0
3957 428 1
3958 18 1
3959 78 0
3960 419 0
3961 328 1
3962 290 1
3963 61 0
3964 476 1
3965 563 0
3966 9 1
3967 557 0
3968 605 1
3969 854 1
3970 683 0
3971 937 1
3972 527 1
3973 62 0
3974 681 1
3975 767 0
3976 373 0
3977 457 1
3978 358 1
3979 390 1
3980 181 1
3981 628 1
3982 699 0
3983 588 0
3984 154 1
3985 753 1
3986 437 1
3987 261 1
3988 352 0
3989 158 1
3990 75 0
3991 208 1
3992 280 1
3993 149 0
3994 406 1
3995 510 0
3996 140 1
3997 777 1
3998 583 1
3999 14 0
4000 492 1
4001 409 1
4002 143 1
4003 153 0
4004 215 1
4005 565 1
4006 459 0
4007 739 1
4008 273 1
4009 601 1
4010 649 1
4011 304 1
4012 120 1
4013 462 1
4014 706 1
4015 664 1
4016 281 1
4017 961 0
4018 391 1
4019 530 0
4020 647 1
4021 897 1
4022 128 1
4023 106 0
4024 784 1
4025 692 0
4026 77 0
4027 94 0
4028 336 1
4029 513 1
4030 70 0
4031 500 0
4032 324 1
4033 386 1
4034 260 1
4035 932 1
4036 270 1
4037 662 1
4038 763 0
4039 22 1
4040 308 0
4041 277 1
4042 358 1
4043 769 1
4044 928 1
4045 385 1
4046 144 1
4047 571 1
4048 420 0
4049 405 1
4050 132 0
4051 236 1
4052 852 1
4053 23 1
4054 500 1
4055 848 0
4056 371 1
4057 416 0
4058 145 1
4059 73 0
4060 152 1
4061 330 1
4062 381 1
4063 560 1
4064 506 1
4065 704 0
4066 377 1
4067 651 1
4068 671 1
4069 530 1
4070 332 1
4071 239 1
4072 188 1
4073 81 1
4074 489 1
4075 628 0
4076 613 0
4077 734 1
4078 896 1
4079 628 1
4080 334 0
4081 688 1
4082 531 1
4083 199 1
4084 663 1
4085 633 1
4086 366 0
4087 735 1
4088 176 0
4089 110 1
4090 582 0
4091 528 1
4092 919 0
4093 448 0
4094 242 1
4095 514 0
4096 94 1
4097 509 0
4098 228 0
4099 88 0
4100 660 1
4101 923 1
4102 816 1
4103 803 0
4104 734 1
4105 879 1
4106 875 1
4107 197 0
4108 929 1
4109 332 1
4110 371 0
4111 395 1
4112 698 0
4113 313 1
4114 834 1
4115 465 0
4116 345 1
4117 780 1
4118 342 1
4119 412 1
4120 182 0
4121 79 1
4122 957 1
4123 537 1
4124 533 1
4125 742 1
4126 364 1
4127 592 0
4128 689 0
4129 636 1
4130 529 1
4131 703 0
4132 174 1
4133 294 1
4134 178 1
4135 242 0
4136 645 1
4137 640 1
4138 782 0
4139 211 1
4140 305 1
4141 479 1
4142 165 0
4143 954 1
4144 236 1
4145 63 1
4146 377 1
4147 861 1
4148 898 1
4149 680 1
4150 120 1
4151 659 1
4152 465 1
4153 626 1
4154 735 0
4155 822 1
4156 439 1
4157 932 1
4158 632 0
4159 291 1
4160 200 1
4161 855 1
4162 733 1
4163 166 1
4164 741 1
4165 393 1
4166 27 1
4167 459 1
4168 610 1
4169 388 0
4170 182 1
4171 644 1
4172 771 1
4173 447 1
4174 186 0
4175 531 1
4176 705 1
4177 0 0
4178 10 0
4179 754 1
4180 809 1
4181 835 1
4182 69 1
4183 940 1
4184 66 1
4185 283 1
4186 798 0
4187 481 1
4188 190 1
4189 269 1
4190 889 1
4191 762 1
4192 447 0
4193 328 1
4194 725 0
4195 431 1
4196 489 1
4197 446 1
4198 821 1
4199 849 0
4200 11 1
4201 746 0
4202 135 1
4203 63 0
4204 415 1
4205 312 1
4206 356 1
4207 584 1
4208 669 1
4209 482 1
4210 254 1
4211 615 1
4212 51 1
4213 914 1
4214 706 1
4215 407 1
4216 581 1
4217 174 0
4218 66 1
4219 263 1
4220 756 1
4221 433 1
4222 871 0
4223 563 1
4224 189 1
4225 621 1
4226 218 1
4227 224 0
4228 945 0
4229 178 1
4230 587 0
4231 628 0
4232 387 1
4233 144 1
4234 262 1
4235 545 1
4236 594 1
4237 778 1
4238 255 1
4239 691 1
4240 646 1
4241 887 1
4242 622 1
4243 745 1
4244 509 0
4245 126 1
4246 731 1
4247 524 1
4248 204 0
4249 219 1
4250 686 0
4251 707 1
4252 1 0
4253 820 0
4254 123 0
4255 311 1
4256 898 1
4257 282 1
4258 570 0
4259 958 0
4260 598 1
4261 46 0
4262 486 1
4263 706 0
4264 849 0
4265 379 1
4266 911 0
4267 501 1
4268 832 1
4269 780 1
4270 517 1
4271 947 1
4272 550 0
4273 806 0
4274 904 0
4275 458 1
4276 533 0
4277 128 1
4278 685 0
4279 357 1
4280 408 0
4281 366 1
4282 83 1
4283 491 1
4284 836 1
4285 703 1
4286 623 1
4287 65 1
4288 564 0
4289 941 1
4290 709 1
4291 656 0
4292 552 1
4293 909 1
4294 266 1
4295 68 1
4296 262 1
4297 642 0
4298 523 1
4299 93 0
4300 90 1
4301 397 1
4302 132 1
4303 534 1
4304 370 1
4305 239 0
4306 171 1
4307 580 1
4308 327 1
4309 219 1
4310 52 1
4311 879 0
4312 906 0
4313 845 1
4314 340 1
4315 473 1
4316 383 0
4317 366 1
4318 944 1
4319 250 1
4320 635 1
4321 653 0
4322 607 1
4323 177 0
4324 408 1
4325 750 1
4326 295 1
4327 386 1
4328 836 0
4329 316 1
4330 428 1
4331 829 1
4332 308 1
4333 365 0
4334 743 0
4335 253 0
4336 326 0
4337 832 1
4338 788 1
4339 127 1
4340 628 0
4341 305 1
4342 581 1
4343 772 0
4344 755 0
4345 853 0
4346 526 0
4347 70 1
4348 562 1
4349 161 0
4350 272 1
4351 369 1
4352 932 0
4353 754 1
4354 470 1
4355 602 1
4356 795 1
4357 669 1
4358 432 0
4359 91 0
4360 789 0
4361 446 1
4362 701 1
4363 224 0
4364 173 1
4365 254 1
4366 22 1
4367 654 0
4368 659 1
4369 748 0
4370 937 1
4371 487 1
4372 518 1
4373 406 1
4374 857 1
4375 212 1
4376 89 0
4377 647 0
4378 396 1
4379 313 1
4380 90 1
4381 625 0
4382 413 0
4383 103 1
4384 947 1
4385 461 1
4386 72 1
4387 914 1
4388 752 1
4389 189 1
4390 465 0
4391 553 1
4392 282 0
4393 567 1
4394 905 1
4395 859 1
4396 669 0
4397 144 1
4398 60 1
4399 414 1
4400 894 1
4401 189 1
4402 471 0
4403 205 0
4404 108 1
4405 130 1
4406 407 0
4407 349 0
4408 142 1
4409 15 1
4410 629 1
4411 690 1
4412 44 1
4413 641 1
4414 877 0
4415 723 1
4416 190 1
4417 424 1
4418 663 1
4419 144 0
4420 635 1
4421 566 1
4422 179 1
4423 953 1
4424 665 1
4425 591 0
4426 880 1
4427 279 0
4428 375 1
4429 65 1
4430 234 0
4431 710 1
4432 349 0
4433 308 1
4434 22 1
4435 432 1
4436 338 0
4437 532 1
4438 174 1
4439 61 1
4440 528 1
4441 393 1
4442 583 1
4443 17 1
4444 814 1
4445 859 0
4446 93 0
4447 121 0
4448 962 1
4449 104 0
4450 493 1
4451 864 0
4452 368 1
4453 959 0
4454 567 0
4455 604 1
4456 322 0
4457 188 0
4458 318 1
4459 122 0
4460 862 0
4461 829 0
4462 236 1
4463 435 1
4464 602 1
4465 443 0
4466 872 0
4467 574 1
4468 0 0
4469 431 0
4470 814 1
4471 311 0
4472 680 1
4473 874 1
4474 705 0
4475 205 0
4476 626 1
4477 597 1
4478 244 1
4479 321 1
4480 405 1
4481 590 1
4482 330 0
4483 591 0
4484 958 1
4485 510 0
4486 705 1
4487 204 1
4488 932 1
4489 69 0
4490 722 0
4491 890 1
4492 531 1
4493 860 0
4494 779 1
4495 270 0
4496 593 1
4497 146 1
4498 674 1
4499 476 1
4500 408 1
4501 126 1
4502 67 1
4503 758 1
4504 630 0
4505 896 1
4506 324 1
4507 775 1
4508 570 1
4509 279 1
4510 501 1
4511 792 1
4512 58 1
4513 277 1
4514 324 1
4515 49 1
4516 388 1
4517 104 1
4518 301 1
4519 102 1
4520 913 1
4521 932 0
4522 471 0
4523 741 1
4524 65 0
4525 650 1
4526 791 0
4527 883 1
4528 455 1
4529 230 0
4530 950 1
4531 733 1
4532 251 1
4533 52 1
4534 922 0
4535 706 0
4536 765 1
4537 369 1
4538 68 0
4539 925 0
4540 778 1
4541 884 1
4542 703 1
4543 104 1
4544 223 1
4545 196 1
4546 411 1
4547 771 1
4548 25 1
4549 826 1
4550 590 1
4551 653 0
4552 856 1
4553 276 0
4554 206 1
4555 279 1
4556 462 1
4557 813 0
4558 227 1
4559 582 1
4560 863 1
4561 273 1
4562 355 0
4563 585 0
4564 516 1
4565 161 0
4566 240 0
4567 146 1
4568 874 1
4569 280 1
4570 272 1
4571 324 1
4572 372 1
4573 158 1
4574 703 1
4575 87 1
4576 166 0
4577 137 1
4578 53 0
4579 123 1
4580 3 1
4581 713 0
4582 711 1
4583 563 1
4584 893 1
4585 925 1
4586 440 1
4587 732 1
4588 646 1
4589 60 1
4590 852 1
4591 212 0
4592 119 0
4593 761 1
4594 867 0
4595 352 1
4596 780 1
4597 725 1
4598 573 1
4599 762 1
4600 780 0
4601 890 1
4602 622 1
4603 292 0
4604 771 1
4605 877 1
4606 110 1
4607 326 1
4608 660 0
4609 12 0
4610 619 0
4611 657 1
4612 652 0
4613 576 1
4614 356 0
4615 950 1
4616 322 1
4617 615 1
4618 758 1
4619 472 1
4620 870 1
4621 837 1
4622 124 0
4623 821 0
4624 898 1
4625 571 1
4626 810 1
4627 603 1
4628 296 0
4629 373 1
4630 388 0
4631 47 1
4632 460 1
4633 876 0
4634 218 0
4635 433 1
4636 773 1
4637 717 0
4638 119 1
4639 904 1
4640 58 1
4641 794 0
4642 0 1
4643 589 1
4644 836 1
4645 744 1
4646 545 1
4647 193 1
4648 676 1
4649 871 0
4650 492 1
4651 241 1
4652 649 1
4653 33 1
4654 183 1
4655 44 1
4656 672 1
4657 905 1
4658 884 0
4659 765 0
4660 716 1
4661 240 1
4662 949 1
4663 525 1
4664 151 0
4665 778 0
4666 386 0
4667 168 0
4668 53 1
4669 636 0
4670 749 1
4671 662 1
4672 167 0
4673 928 0
4674 357 0
4675 68 1
4676 499 1
4677 593 0
4678 353 0
4679 370 1
4680 385 0
4681 370 0
4682 243 1
4683 65 0
4684 924 1
4685 328 0
4686 29 1
4687 391 1
4688 816 1
4689 860 1
4690 883 0
4691 895 1
4692 848 1
4693 516 0
4694 477 1
4695 928 1
4696 684 1
4697 281 1
4698 95 1
4699 445 1
4700 658 0
4701 378 1
4702 22 0
4703 106 1
4704 922 1
4705 85 1
4706 154 1
4707 872 1
4708 339 0
4709 463 1
4710 924 1
4711 715 0
4712 949 0
4713 794 0
4714 953 0
4715 712 1
4716 271 0
4717 557 0
4718 119 0
4719 168 0
4720 852 0
4721 920 1
4722 456 0
4723 657 1
4724 477 1
4725 259 1
4726 771 0
4727 305 0
4728 618 1
4729 451 0
4730 23 1
4731 867 0
4732 328 0
4733 198 0
4734 347 0
4735 136 1
4736 231 1
4737 854 1
4738 144 0
4739 704 0
4740 891 1
4741 671 0
4742 11 1
4743 105 1
4744 335 1
4745 848 1
4746 757 1
4747 264 1
4748 824 1
4749 754 1
4750 440 1
4751 631 1
4752 205 1
4753 580 0
4754 293 1
4755 193 1
4756 321 1
4757 531 1
4758 101 1
4759 183 0
4760 804 1
4761 406 0
4762 431 0
4763 516 1
4764 745 1
4765 687 0
4766 419 1
4767 116 1
4768 99 1
4769 196 1
4770 629 0
4771 798 1
4772 865 1
4773 505 1
4774 226 0
4775 440 0
4776 942 1
4777 851 1
4778 165 0
4779 888 1
4780 323 1
4781 355 0
4782 189 1
4783 15 1
4784 204 1
4785 866 0
4786 600 1
4787 43 0
4788 291 1
4789 506 0
4790 69 1
4791 195 1
4792 441 0
4793 70 1
4794 99 1
4795 165 1
4796 793 0
4797 775 1
4798 602 1
4799 493 1
4800 38 1
4801 862 0
4802 321 0
4803 753 1
4804 101 1
4805 740 1
4806 465 0
4807 793 1
4808 241 1
4809 160 1
4810 80 1
4811 947 1
4812 456 1
4813 115 1
4814 198 0
4815 513 1
4816 616 1
4817 97 0
4818 928 1
4819 197 1
4820 943 1
4821 421 1
4822 132 1
4823 962 1
4824 336 1
4825 898 0
4826 96 1
4827 901 1
4828 289 0
4829 833 0
4830 662 0
4831 909 1
4832 17 1
4833 475 0
4834 116 1
4835 233 0
4836 832 0
4837 541 0
4838 128 0
4839 948 0
4840 884 1
4841 881 1
4842 413 1
4843 755 1
4844 873 0
4845 412 1
4846 230 0
4847 684 1
4848 12 0
4849 803 0
4850 90 0
4851 798 0
4852 338 1
4853 923 1
4854 138 1
4855 542 1
4856 50 1
4857 262 1
4858 891 1
4859 777 0
4860 290 1
4861 207 1
4862 195 1
4863 378 1
4864 698 1
4865 521 0
4866 865 1
4867 748 1
4868 344 0
4869 318 0
4870 839 0
4871 727 1
4872 543 1
4873 1 0
4874 655 1
4875 495 1
4876 226 1
4877 688 1
4878 631 0
4879 814 0
4880 896 1
4881 193 1
4882 339 1
4883 651 1
4884 872 0
4885 388 1
4886 89 1
4887 861 1
4888 364 1
4889 714 1
4890 289 0
4891 225 0
4892 561 0
4893 159 1
4894 628 1
4895 207 1
4896 567 1
4897 398 0
4898 175 1
4899 238 1
4900 277 0
4901 444 0
4902 574 1
4903 609 1
4904 816 1
4905 607 1
4906 219 1
4907 842 1
4908 393 1
4909 231 1
4910 233 0
4911 621 0
4912 635 1
4913 355 1
4914 327 1
4915 895 0
4916 52 0
4917 193 1
4918 904 1
4919 213 1
4920 774 1
4921 121 1
4922 300 1
4923 32 0
4924 613 0
4925 364 1
4926 888 1
4927 869 1
4928 837 0
4929 19 0
4930 465 1
4931 27 1
4932 512 0
4933 754 0
4934 60 0
4935 432 0
4936 436 1
4937 661 1
4938 554 1
4939 653 1
4940 179 1
4941 846 1
4942 261 1
4943 850 1
4944 624 1
4945 521 1
4946 431 1
4947 828 1
4948 769 1
4949 230 1
4950 236 1
4951 496 1
4952 253 0
4953 242 0
4954 499 1
4955 233 1
4956 171 1
4957 394 0
4958 480 1
4959 752 0
4960 761 0
4961 842 0
4962 859 1
4963 5 0
4964 938 0
4965 716 0
4966 898 1
4967 680 0
4968 55 0
4969 606 1
4970 855 1
4971 269 1
4972 177 1
4973 107 0
4974 166 1
4975 410 1
4976 781 1
4977 378 1
4978 218 1
4979 953 1
4980 230 1
4981 201 0
4982 177 0
4983 927 1
4984 841 0
4985 786 0
4986 631 1
4987 18 1
4988 941 1
4989 114 1
4990 207 0
4991 683 1
4992 424 0
4993 313 0
4994 94 0
4995 59 1
4996 805 1
4997 101 0
4998 179 0
4999 826 0
5000 247 1
5001 12 0
5002 927 1
5003 335 1
5004 341 1
5005 662 1
5006 585 0
5007 184 1
5008 92 1
5009 875 0
5010 22 1
5011 696 1
5012 805 1
5013 457 1
5014 473 1
5015 263 0
5016 581 1
5017 821 1
5018 102 0
5019 673 1
5020 254 1
5021 213 1
5022 366 1
5023 109 0
5024 116 0
5025 441 1
5026 177 1
5027 576 0
5028 8 0
5029 226 1
5030 576 1
5031 424 0
5032 561 1
5033 924 0
5034 86 1
5035 717 1
5036 618 1
5037 403 1
5038 938 1
5039 665 0
5040 718 1
5041 414 0
5042 891 1
5043 525 1
5044 282 1
5045 28 1
5046 852 1
5047 274 1
5048 734 0
5049 724 1
5050 482 1
5051 384 0
5052 56 1
5053 344 1
5054 521 1
5055 307 1
5056 374 0
5057 208 1
5058 359 0
5059 812 1
5060 133 0
5061 722 1
5062 904 1
5063 657 0
5064 843 0
5065 718 1
5066 118 1
5067 296 1
5068 148 0
5069 390 1
5070 871 1
5071 945 1
5072 66 1
5073 769 1
5074 535 1
5075 677 1
5076 106 0
5077 875 1
5078 81 0
5079 908 1
5080 598 1
5081 509 1
5082 414 1
5083 501 1
5084 667 1
5085 843 1
5086 625 1
5087 79 1
5088 238 1
5089 727 1
5090 114 1
5091 663 0
5092 100 0
5093 842 1
5094 755 0
5095 327 1
5096 98 1
5097 717 1
5098 863 0
5099 686 0
5100 183 1
5101 753 0
5102 613 1
5103 721 1
5104 717 1
5105 846 0
5106 148 1
5107 274 0
5108 732 1
5109 40 1
5110 162 0
5111 525 1
5112 426 0
5113 384 0
5114 145 1
5115 505 1
5116 469 1
5117 932 0
5118 165 0
5119 582 1
5120 397 1
5121 936 1
5122 623 0
5123 16 1
5124 585 0
5125 139 1
5126 610 1
5127 619 0
5128 166 1
5129 11 1
5130 332 0
5131 251 0
5132 424 1
5133 531 0
5134 522 0
5135 694 0
5136 227 1
5137 687 0
5138 137 1
5139 464 1
5140 372 1
5141 118 0
5142 490 1
5143 277 1
5144 388 1
5145 578 1
5146 28 1
5147 169 1
5148 661 1
5149 652 1
5150 462 0
5151 750 1
5152 848 1
5153 187 1
5154 790 0
5155 356 0
5156 477 0
5157 792 1
5158 249 1
5159 845 1
5160 580 1
5161 6 1
5162 901 1
5163 671 1
5164 99 1
5165 430 1
5166 930 1
5167 862 1
5168 878 1
5169 448 1
5170 923 1
5171 515 1
5172 317 0
5173 238 1
5174 635 1
5175 815 1
5176 193 0
5177 472 1
5178 220 1
5179 342 0
5180 153 0
5181 491 1
5182 212 1
5183 157 0
5184 662 0
5185 443 1
5186 447 0
5187 856 1
5188 913 1
5189 553 0
5190 827 0
5191 450 1
5192 838 1
5193 947 1
5194 714 1
5195 25 1
5196 321 1
5197 209 0
5198 129 0
5199 846 1
5200 583 1
5201 636 1
5202 322 0
5203 54 0
5204 272 1
5205 80 1
5206 623 1
5207 952 0
5208 675 0
5209 779 1
5210 874 1
5211 905 1
5212 544 1
5213 951 1
5214 703 0
5215 687 1
5216 197 1
5217 1 1
5218 111 0
5219 588 0
5220 662 1
5221 316 1
5222 810 1
5223 44 0
5224 854 0
5225 559 1
5226 276 1
5227 220 0
5228 449 1
5229 327 1
5230 653 0
5231 512 0
5232 596 1
5233 203 1
5234 569 1
5235 702 1
5236 107 1
5237 776 1
5238 936 1
5239 661 1
5240 292 1
5241 814 1
5242 555 0
5243 222 1
5244 464 0
5245 230 1
5246 211 1
5247 801 1
5248 867 1
5249 551 0
5250 443 0
5251 537 1
5252 532 1
5253 690 1
5254 393 0
5255 165 1
5256 831 1
5257 476 1
5258 273 1
5259 465 1
5260 284 1
5261 688 0
5262 660 0
5263 913 1
5264 567 1
5265 259 0
5266 588 1
5267 208 1
5268 759 1
5269 458 1
5270 898 0
5271 486 1
5272 251 1
5273 801 1
5274 308 0
5275 94 1
5276 222 0
5277 309 1
5278 345 1
5279 669 1
5280 945 1
5281 181 1
5282 373 1
5283 339 0
5284 510 0
5285 933 1
5286 69 0
5287 434 0
5288 251 1
5289 640 1
5290 372 1
5291 373 1
5292 554 0
5293 699 0
5294 163 1
5295 645 1
5296 370 0
5297 327 1
5298 439 1
5299 135 0
5300 687 1
5301 228 0
5302 746 1
5303 299 0
5304 156 0
5305 204 1
5306 711 0
5307 345 0
5308 481 1
5309 36 0
5310 486 1
5311 401 1
5312 156 1
5313 823 1
5314 617 1
5315 767 1
5316 675 1
5317 320 0
5318 879 0
5319 678 1
5320 595 1
5321 786 1
5322 682 1
5323 443 0
5324 250 1
5325 67 1
5326 197 1
5327 816 0
5328 418 1
5329 560 0
5330 856 1
5331 599 1
5332 581 0
5333 249 1
5334 575 1
5335 181 1
5336 68 1
5337 737 0
5338 173 1
5339 173 0
5340 307 0
5341 383 0
5342 893 1
5343 469 1
5344 134 1
5345 32 1
5346 616 1
5347 781 0
5348 199 1
5349 343 1
5350 216 1
5351 205 1
5352 140 1
5353 257 1
5354 381 0
5355 348 0
5356 855 1
5357 803 1
5358 189 1
5359 744 0
5360 562 1
5361 536 1
5362 631 1
5363 635 1
5364 217 1
5365 827 0
5366 151 1
5367 902 1
5368 807 0
5369 216 1
5370 811 0
5371 913 0
5372 518 0
5373 136 1
5374 675 0
5375 253 1
5376 880 0
5377 674 1
5378 939 1
5379 26 1
5380 937 0
5381 237 1
5382 719 0
5383 417 1
5384 558 1
5385 400 0
5386 419 0
5387 332 1
5388 716 1
5389 867 0
5390 571 0
5391 313 1
5392 742 0
5393 647 0
5394 945 1
5395 522 0
5396 750 1
5397 82 1
5398 157 0
5399 681 0
5400 928 1
5401 344 0
5402 81 1
5403 933 1
5404 366 1
5405 447 1
5406 216 1
5407 648 1
5408 6 1
5409 713 1
5410 229 1
5411 519 0
5412 642 1
5413 318 0
5414 896 1
5415 163 1
5416 341 1
5417 283 1
5418 794 1
5419 441 1
5420 312 1
5421 357 1
5422 870 1
5423 523 1
5424 172 1
5425 476 0
5426 156 1
5427 602 0
5428 819 1
5429 819 1
5430 568 1
5431 651 1
5432 137 1
5433 942 1
5434 409 1
5435 351 0
5436 530 1
5437 286 0
5438 936 1
5439 925 1
5440 693 0
5441 157 0
5442 656 1
5443 480 1
5444 902 1
5445 303 1
5446 541 0
5447 639 1
5448 148 0
5449 832 0
5450 261 1
5451 316 0
5452 540 1
5453 840 0
5454 60 0
5455 844 1
5456 851 1
5457 436 1
5458 20 1
5459 95 1
5460 864 1
5461 651 0
5462 574 1
5463 733 1
5464 557 1
5465 891 0
5466 434 1
5467 257 0
5468 68 1
5469 709 0
5470 936 1
5471 104 0
5472 814 1
5473 18 1
5474 104 1
5475 404 1
5476 696 0
5477 60 0
5478 31 0
5479 641 1
5480 617 1
5481 54 1
5482 424 1
5483 284 1
5484 631 1
5485 232 1
5486 806 1
5487 651 1
5488 487 0
5489 713 0
5490 4 1
5491 208 1
5492 432 0
5493 619 0
5494 283 1
5495 662 1
5496 477 1
5497 211 1
5498 249 1
5499 41 1
5500 712 1
5501 133 1
5502 794 0
5503 46 1
5504 676 1
5505 132 1
5506 525 1
5507 29 1
5508 220 1
5509 457 0
5510 741 0
5511 626 1
5512 94 1
5513 378 1
5514 945 1
5515 446 0
5516 878 1
5517 471 1
5518 11 0
5519 824 1
5520 314 0
5521 16 1
5522 907 1
5523 55 1
5524 878 0
5525 853 0
5526 853 0
5527 133 1
5528 391 1
5529 512 1
5530 152 1
5531 678 1
5532 185 0
5533 962 1
5534 315 0
5535 495 1
5536 427 0
5537 301 0
5538 741 1
5539 147 1
5540 479 0
5541 534 0
5542 553 1
5543 927 0
5544 789 1
5545 929 1
5546 83 1
5547 620 0
5548 54 0
5549 77 0
5550 664 1
5551 795 0
5552 306 0
5553 500 0
5554 490 1
5555 537 0
5556 295 0
5557 950 1
5558 961 1
5559 441 1
5560 39 1
5561 951 0
5562 275 1
5563 3 0
5564 450 1
5565 883 0
5566 263 1
5567 854 1
5568 460 0
5569 839 0
5570 260 1
5571 567 0
5572 706 0
5573 626 0
5574 691 0
5575 714 0
5576 697 1
5577 75 0
5578 533 1
5579 523 1
5580 732 1
5581 358 0
5582 381 0
5583 787 1
5584 437 1
5585 439 1
5586 298 1
5587 864 1
5588 783 0
5589 931 1
5590 242 0
5591 75 1
5592 607 1
5593 171 1
5594 414 0
5595 383 0
5596 935 0
5597 790 1
5598 213 1
5599 232 1
5600 889 1
5601 958 0
5602 900 0
5603 841 1
5604 608 1
5605 65 1
5606 140 1
5607 50 0
5608 865 1
5609 535 1
5610 712 0
5611 110 1
5612 308 1
5613 75 1
5614 553 0
5615 393 1
5616 200 0
5617 315 0
5618 470 1
5619 81 1
5620 614 0
5621 189 0
5622 861 1
5623 538 1
5624 645 1
5625 690 0
5626 640 0
5627 690 1
5628 738 1
5629 692 1
5630 294 1
5631 604 0
5632 123 0
5633 818 1
5634 335 0
5635 894 1
5636 267 1
5637 351 0
5638 933 0
5639 539 1
5640 221 0
5641 233 1
5642 678 1
5643 459 1
5644 337 0
5645 578 1
5646 496 0
5647 348 0
5648 749 0
5649 435 1
5650 898 0
5651 681 1
5652 98 1
5653 553 1
5654 754 0
5655 869 0
5656 581 0
5657 486 0
5658 674 0
5659 361 1
5660 355 0
5661 864 1
5662 769 1
5663 119 1
5664 249 1
5665 288 0
5666 532 0
5667 962 1
5668 261 0
5669 309 1
5670 293 1
5671 639 0
5672 929 1
5673 782 0
5674 329 1
5675 299 1
5676 730 1
5677 185 0
5678 62 0
5679 703 0
5680 81 1
5681 107 1
5682 219 1
5683 465 1
5684 844 0
5685 718 1
5686 601 0
5687 660 0
5688 742 0
5689 819 1
5690 271 0
5691 793 0
5692 931 1
5693 760 0
5694 894 1
5695 526 0
5696 713 0
5697 236 0
5698 925 1
5699 246 0
5700 123 1
5701 592 0
5702 7 1
5703 515 1
5704 954 1
5705 468 1
5706 712 0
5707 487 0
5708 888 1
5709 895 1
5710 581 1
5711 53 1
5712 704 1
5713 486 1
5714 212 0
5715 121 1
5716 734 1
5717 857 1
5718 224 1
5719 712 0
5720 2 0
5721 90 0
5722 128 1
5723 43 0
5724 83 0
5725 95 1
5726 435 1
5727 607 0
5728 623 1
5729 64 0
5730 863 1
5731 393 1
5732 694 0
5733 209 0
5734 307 1
5735 746 1
5736 751 0
5737 636 1
5738 635 1
5739 543 0
5740 266 1
5741 31 1
5742 398 0
5743 99 0
5744 379 0
5745 504 1
5746 145 1
5747 711 1
5748 222 1
5749 407 1
5750 490 0
5751 62 0
5752 637 0
5753 194 1
5754 25 0
5755 638 1
5756 24 1
5757 215 1
5758 918 1
5759 91 1
5760 275 1
5761 411 1
5762 142 0
5763 871 0
5764 116 1
5765 116 0
5766 116 0
5767 496 0
5768 487 1
5769 673 0
5770 651 0
5771 27 1
5772 629 1
5773 709 1
5774 353 0
5775 142 1
5776 44 1
5777 660 0
5778 323 0
5779 162 0
5780 106 0
5781 268 1
5782 68 0
5783 587 1
5784 678 1
5785 679 0
5786 257 1
5787 78 0
5788 171 1
5789 120 1
5790 236 1
5791 764 1
5792 37 1
5793 652 0
5794 251 1
5795 21 1
5796 314 1
5797 765 0
5798 666 1
5799 549 1
5800 297 1
5801 358 1
5802 194 1
5803 90 1
5804 835 1
5805 500 0
5806 83 1
5807 184 0
5808 373 0
5809 91 1
5810 872 0
5811 204 0
5812 13 1
5813 791 0
5814 6 0
5815 282 1
5816 254 1
5817 81 1
5818 688 0
5819 424 0
5820 381 0
5821 853 1
5822 837 0
5823 195 1
5824 133 1
5825 94 1
5826 9 1
5827 451 1
5828 879 1
5829 887 1
5830 268 1
5831 412 0
5832 847 0
5833 192 1
5834 664 1
5835 354 0
5836 763 1
5837 731 1
5838 504 1
5839 495 1
5840 434 0
5841 864 0
5842 111 0
5843 651 1
5844 818 1
5845 709 1
5846 394 1
5847 442 0
5848 262 1
5849 73 0
5850 473 1
5851 230 1
5852 283 1
5853 521 1
5854 146 1
5855 72 1
5856 439 0
5857 246 1
5858 511 1
5859 763 1
5860 121 1
5861 675 1
5862 279 0
5863 16 0
5864 399 0
5865 690 0
5866 516 1
5867 367 1
5868 141 1
5869 234 1
5870 164 0
5871 90 1
5872 465 1
5873 765 1
5874 455 1
5875 565 0
5876 296 0
5877 314 0
5878 42 0
5879 339 1
5880 419 1
5881 925 0
5882 597 1
5883 383 1
5884 440 1
5885 637 0
5886 146 1
5887 818 1
5888 674 0
5889 810 0
5890 18 0
5891 928 0
5892 300 0
5893 501 0
5894 610 1
5895 5 1
5896 517 1
5897 225 1
5898 482 1
5899 501 0
5900 448 1
5901 563 1
5902 124 1
5903 817 0
5904 835 1
5905 576 0
5906 298 1
5907 205 1
5908 432 0
5909 162 0
5910 769 0
5911 332 0
5912 709 1
5913 661 1
5914 776 0
5915 187 1
5916 560 0
5917 468 1
5918 391 1
5919 131 1
5920 598 0
5921 153 0
5922 470 1
5923 143 1
5924 862 1
5925 594 1
5926 84 0
5927 214 1
5928 131 1
5929 633 1
5930 297 1
5931 780 1
5932 219 1
5933 189 0
5934 219 0
5935 95 1
5936 823 1
5937 361 1
5938 793 1
5939 456 0
5940 32 0
5941 582 0
5942 624 0
5943 521 1
5944 320 1
5945 884 0
5946 624 1
5947 122 0
5948 209 1
5949 676 1
5950 817 1
5951 856 1
5952 631 0
5953 231 0
5954 944 0
5955 375 1
5956 385 0
5957 704 1
5958 403 1
5959 23 1
5960 65 1
5961 952 1
5962 831 0
5963 755 0
5964 608 1
5965 117 1
5966 276 0
5967 363 1
5968 451 1
5969 202 1
5970 318 1
5971 57 1
5972 184 0
5973 934 1
5974 245 1
5975 347 1
5976 123 1
5977 222 1
5978 633 1
5979 255 0
5980 482 0
5981 352 1
5982 179 1
5983 500 1
5984 920 1
5985 100 1
5986 317 1
5987 200 1
5988 140 0
5989 699 0
5990 739 1
5991 307 1
5992 605 1
5993 651 1
5994 155 1
5995 165 1
5996 500 1
5997 619 0
5998 455 0
5999 921 0
6000 469 1
6001 299 1
6002 400 1
6003 510 1
6004 282 1
6005 537 0
6006 516 1
6007 143 1
6008 22 1
6009 619 1
6010 922 0
6011 427 1
6012 523 0
6013 362 0
6014 813 1
6015 39 0
6016 564 0
6017 717 1
6018 59 0
6019 153 0
6020 123 1
6021 585 1
6022 571 0
6023 19 1
6024 745 0
6025 383 0
6026 644 1
6027 386 1
6028 893 1
6029 405 1
6030 680 1
6031 673 0
6032 4 0
6033 856 1
6034 304 1
6035 590 0
6036 347 0
6037 288 0
6038 552 1
6039 735 0
6040 557 1
6041 649 1
6042 576 1
6043 628 0
6044 432 0
6045 471 1
6046 311 1
6047 41 0
6048 220 0
6049 565 1
6050 166 0
6051 173 0
6052 405 1
6053 655 1
6054 769 1
6055 902 1
6056 193 1
6057 397 1
6058 272 1
6059 497 0
6060 319 1
6061 465 1
6062 371 1
6063 557 0
6064 238 0
6065 338 0
6066 926 1
6067 529 1
6068 10 1
6069 936 0
6070 259 1
6071 364 1
6072 111 0
6073 443 1
6074 436 1
6075 311 1
6076 741 1
6077 33 1
6078 505 0
6079 353 0
6080 935 1
6081 759 1
6082 240 1
6083 303 1
6084 732 1
6085 252 1
6086 373 0
6087 666 0
6088 601 0
6089 91 0
6090 309 1
6091 51 1
6092 789 0
6093 811 1
6094 860 1
6095 297 0
6096 504 1
6097 768 1
6098 215 1
6099 217 1
6100 181 1
6101 586 1
6102 698 1
6103 262 0
6104 47 1
6105 595 1
6106 366 1
6107 54 1
6108 915 0
6109 135 1
6110 678 1
6111 294 0
6112 711 1
6113 186 0
6114 393 1
6115 521 1
6116 484 1
6117 741 0
6118 45 1
6119 740 0
6120 4 1
6121 633 1
6122 629 1
6123 562 0
6124 776 1
6125 43 0
6126 353 0
6127 896 1
6128 47 1
6129 639 1
6130 133 1
6131 627 1
6132 916 1
6133 59 1
6134 56 1
6135 276 1
6136 783 0
6137 430 1
6138 246 1
6139 643 1
6140 912 1
6141 735 1
6142 60 1
6143 200 0
6144 9 0
6145 159 1
6146 258 0
6147 372 1
6148 802 0
6149 785 0
6150 842 1
6151 529 0
6152 619 1
6153 724 1
6154 211 1
6155 146 0
6156 701 1
6157 648 1
6158 772 1
6159 90 1
6160 335 1
6161 536 0
6162 647 0
6163 416 1
6164 561 0
6165 178 1
6166 522 1
6167 715 1
6168 315 0
6169 655 0
6170 102 0
6171 872 1
6172 331 1
6173 786 0
6174 627 0
6175 534 1
6176 737 1
6177 777 0
6178 626 0
6179 705 0
6180 654 0
6181 276 1
6182 628 0
6183 3 0
6184 689 1
6185 692 0
6186 681 1
6187 242 0
6188 380 1
6189 376 1
6190 553 0
6191 617 1
6192 54 1
6193 934 1
6194 274 0
6195 515 1
6196 208 1
6197 753 1
6198 431 1
6199 39 1
6200 636 0
6201 949 1
6202 555 1
6203 589 1
6204 479 1
6205 17 1
6206 523 1
6207 193 1
6208 678 0
6209 479 0
6210 452 1
6211 528 1
6212 435 1
6213 144 1
6214 296 1
6215 635 1
6216 138 1
6217 509 0
6218 73 1
6219 666 1
6220 323 0
6221 418 0
6222 541 1
6223 646 1
6224 386 0
6225 245 1
6226 379 1
6227 146 1
6228 314 1
6229 903 1
6230 660 0
6231 765 1
6232 808 1
6233 528 1
6234 242 1
6235 656 1
6236 138 1
6237 634 0
6238 722 1
6239 546 1
6240 664 0
6241 595 1
6242 786 1
6243 691 1
6244 254 0
6245 933 1
6246 244 1
6247 749 1
6248 657 1
6249 193 1
6250 732 1
6251 113 1
6252 571 1
6253 771 1
6254 286 1
6255 660 1
6256 756 1
6257 827 1
6258 256 0
6259 902 1
6260 224 1
6261 462 1
6262 255 0
6263 743 1
6264 748 1
6265 70 1
6266 433 0
6267 609 0
6268 541 1
6269 556 0
6270 956 1
6271 37 1
6272 731 1
6273 551 1
6274 68 0
6275 534 1
6276 10 0
6277 946 1
6278 467 0
6279 788 1
6280 310 1
6281 955 1
6282 653 1
6283 6 0
6284 815 1
6285 281 0
6286 38 1
6287 206 1
6288 404 1
6289 793 1
6290 858 1
6291 377 1
6292 194 1
6293 744 1
6294 698 0
6295 135 0
6296 75 1
6297 585 1
6298 525 1
6299 182 0
6300 376 1
6301 222 0
6302 577 1
6303 794 1
6304 796 0
6305 102 0
6306 784 0
6307 781 1
6308 451 0
6309 287 1
6310 353 0
6311 416 0
6312 735 0
6313 379 0
6314 241 0
6315 285 0
6316 820 1
6317 642 1
6318 547 1
6319 64 0
6320 893 1
6321 683 1
6322 831 1
6323 341 0
6324 286 0
6325 116 1
6326 273 1
6327 680 1
6328 182 0
6329 917 1
6330 843 1
6331 651 0
6332 359 0
6333 357 1
6334 599 1
6335 898 0
6336 772 1
6337 280 0
6338 343 1
6339 959 1
6340 861 0
6341 880 0
6342 256 0
6343 791 0
6344 879 1
6345 472 1
6346 208 1
6347 681 0
6348 675 1
6349 121 0
6350 107 0
6351 840 1
6352 861 1
6353 168 1
6354 1 1
6355 92 1
6356 851 1
6357 644 1
6358 792 1
6359 193 0
6360 441 1
6361 689 1
6362 436 1
6363 827 1
6364 94 0
6365 459 1
6366 616 1
6367 304 1
6368 679 0
6369 551 0
6370 822 1
6371 190 0
6372 839 1
6373 77 1
6374 529 0
6375 599 1
6376 158 1
6377 841 1
6378 733 0
6379 354 1
6380 691 1
6381 252 1
6382 946 1
6383 655 0
6384 250 1
6385 953 0
6386 498 1
6387 43 1
6388 237 1
6389 265 1
6390 187 1
6391 959 1
6392 800 1
6393 163 1
6394 191 0
6395 621 1
6396 553 1
6397 448 1
6398 262 0
6399 421 1
6400 958 0
6401 807 1
6402 777 0
6403 664 1
6404 193 1
6405 40 1
6406 52 1
6407 337 1
6408 95 1
6409 71 1
6410 629 1
6411 390 0
6412 398 1
6413 941 1
6414 201 1
6415 784 1
6416 423 1
6417 875 0
6418 701 0
6419 863 0
6420 727 1
6421 885 1
6422 161 1
6423 853 1
6424 371 1
6425 728 1
6426 839 1
6427 442 1
6428 216 0
6429 935 0
6430 431 1
6431 225 1
6432 607 1
6433 703 1
6434 898 1
6435 850 1
6436 154 0
6437 663 1
6438 643 1
6439 367 1
6440 127 1
6441 274 1
6442 473 1
6443 852 1
6444 359 1
6445 718 1
6446 803 1
6447 293 1
6448 303 1
6449 792 0
6450 247 0
6451 123 0
6452 100 0
6453 512 1
6454 563 1
6455 591 1
6456 234 1
6457 304 1
6458 804 1
6459 433 1
6460 241 1
6461 213 0
6462 744 0
6463 140 0
6464 724 0
6465 897 1
6466 834 0
6467 594 0
6468 456 1
6469 510 0
6470 633 1
6471 357 0
6472 227 1
6473 222 0
6474 651 1
6475 454 1
6476 456 1
6477 585 1
6478 784 0
6479 895 1
6480 879 1
6481 164 1
6482 499 1
6483 906 1
6484 512 1
6485 233 1
6486 204 1
6487 272 0
6488 84 1
6489 110 0
6490 372 1
6491 276 1
6492 842 1
6493 676 1
6494 808 0
6495 430 0
6496 87 1
6497 123 1
6498 0 0
6499 763 0
6500 521 0
6501 491 1
6502 808 1
6503 193 1
6504 479 1
6505 276 1
6506 479 1
6507 717 1
6508 636 1
6509 244 0
6510 262 1
6511 244 1
6512 880 1
6513 157 1
6514 45 1
6515 615 1
6516 175 1
6517 902 1
6518 128 1
6519 134 0
6520 621 1
6521 496 0
6522 575 0
6523 680 1
6524 478 1
6525 341 1
6526 247 1
6527 311 0
6528 175 0
6529 655 0
6530 610 0
6531 787 1
6532 635 1
6533 601 1
6534 81 1
6535 19 1
6536 757 1
6537 839 0
6538 951 1
6539 803 1
6540 129 0
6541 428 1
6542 952 1
6543 151 1
6544 818 0
6545 384 1
6546 336 0
6547 472 1
6548 157 0
6549 383 0
6550 457 0
6551 940 1
6552 528 1
6553 417 1
6554 594 0
6555 205 0
6556 623 1
6557 710 1
6558 21 1
6559 387 1
6560 890 1
6561 916 1
6562 202 0
6563 845 0
6564 147 1
6565 208 0
6566 667 0
6567 78 1
6568 223 1
6569 935 1
6570 363 1
6571 763 0
6572 422 0
6573 247 0
6574 594 1
6575 895 1
6576 54 1
6577 395 1
6578 885 0
6579 227 0
6580 543 1
6581 859 0
6582 806 1
6583 666 1
6584 80 1
6585 107 1
6586 426 0
6587 652 1
6588 603 1
6589 904 1
6590 570 1
6591 941 1
6592 332 0
6593 493 1
6594 652 0
6595 510 1
6596 378 0
6597 91 1
6598 955 0
6599 474 1
6600 43 1
6601 701 0
6602 673 1
6603 930 1
6604 900 1
6605 734 1
6606 355 0
6607 354 1
6608 123 1
6609 553 1
6610 216 1
6611 230 0
6612 118 1
6613 427 1
6614 301 0
6615 367 1
6616 130 1
6617 425 1
6618 680 1
6619 340 0
6620 485 1
6621 736 1
6622 434 1
6623 176 0
6624 586 0
6625 166 1
6626 441 1
6627 618 1
6628 329 1
6629 280 0
6630 595 0
6631 585 1
6632 938 1
6633 752 1
6634 625 1
6635 310 1
6636 425 1
6637 210 0
6638 784 1
6639 250 1
6640 338 1
6641 431 1
6642 424 1
6643 560 0
6644 170 1
6645 605 1
6646 135 1
6647 713 1
6648 461 0
6649 766 0
6650 427 1
6651 67 1
6652 381 1
6653 934 0
6654 849 0
6655 221 1
6656 823 1
6657 225 1
6658 739 0
6659 260 1
6660 273 1
6661 508 1
6662 316 0
6663 704 1
6664 946 1
6665 122 0
6666 805 1
6667 874 0
6668 79 0
6669 37 1
6670 288 1
6671 764 0
6672 521 0
6673 45 1
6674 34 0
6675 429 0
6676 782 1
6677 512 1
6678 807 0
6679 523 0
6680 946 1
6681 811 0
6682 58 1
6683 623 1
6684 400 0
6685 676 1
6686 529 1
6687 449 0
6688 300 0
6689 960 1
6690 799 1
6691 252 1
6692 401 1
6693 365 1
6694 630 1
6695 257 1
6696 757 1
6697 50 1
6698 50 1
6699 563 1
6700 945 1
6701 750 1
6702 939 0
6703 211 0
6704 730 0
6705 221 1
6706 245 0
6707 408 0
6708 460 0
6709 113 1
6710 310 0
6711 352 1
6712 661 0
6713 919 1
6714 687 1
6715 383 0
6716 18 1
6717 793 0
6718 407 1
6719 844 1
6720 434 1
6721 927 1
6722 760 0
6723 159 1
6724 756 0
6725 959 1
6726 828 1
6727 782 1
6728 751 1
6729 459 1
6730 480 1
6731 756 1
6732 50 1
6733 103 0
6734 812 0
6735 818 1
6736 271 1
6737 759 1
6738 376 1
6739 901 1
6740 412 1
6741 458 1
6742 283 0
6743 414 0
6744 239 1
6745 157 1
6746 753 1
6747 829 1
6748 722 1
6749 483 1
6750 713 1
6751 77 1
6752 342 0
6753 664 1
6754 402 1
6755 499 0
6756 148 1
6757 314 1
6758 846 0
6759 687 1
6760 250 0
6761 453 1
6762 17 1
6763 640 1
6764 473 1
6765 349 0
6766 110 0
6767 819 0
6768 485 0
6769 782 0
6770 919 1
6771 350 1
6772 497 0
6773 720 1
6774 42 1
6775 688 1
6776 899 1
6777 129 1
6778 682 1
6779 694 1
6780 540 1
6781 601 1
6782 302 0
6783 325 1
6784 200 1
6785 712 1
6786 258 0
6787 834 1
6788 949 1
6789 932 0
6790 646 1
6791 117 1
6792 447 0
6793 721 0
6794 626 1
6795 545 0
6796 328 1
6797 76 0
6798 252 1
6799 455 0
6800 341 0
6801 793 1
6802 100 0
6803 576 0
6804 477 0
6805 300 1
6806 815 1
6807 927 1
6808 663 1
6809 651 0
6810 934 1
6811 325 1
6812 602 0
6813 542 0
6814 24 1
6815 528 0
6816 424 1
6817 186 1
6818 244 1
6819 221 1
6820 920 1
6821 492 1
6822 938 1
6823 293 1
6824 364 0
6825 760 1
6826 11 1
6827 247 0
6828 135 1
6829 115 1
6830 823 1
6831 710 0
6832 223 1
6833 30 1
6834 308 1
6835 225 0
6836 384 1
6837 259 1
6838 785 1
6839 220 0
6840 330 1
6841 133 0
6842 715 1
6843 566 1
6844 206 1
6845 621 0
6846 158 1
6847 147 1
6848 488 1
6849 460 0
6850 430 1
6851 283 0
6852 625 1
6853 785 0
6854 890 1
6855 819 1
6856 246 0
6857 211 1
6858 944 1
6859 848 1
6860 292 1
6861 50 0
6862 98 1
6863 444 0
6864 376 0
6865 30 1
6866 812 1
6867 842 1
6868 651 1
6869 533 0
6870 893 1
6871 447 1
6872 953 0
6873 174 0
6874 269 1
6875 343 1
6876 362 1
6877 623 1
6878 203 0
6879 268 0
6880 231 1
6881 607 1
6882 407 0
6883 555 1
6884 762 0
6885 674 1
6886 126 0
6887 479 0
6888 39 0
6889 661 0
6890 509 0
6891 869 1
6892 47 1
6893 554 0
6894 819 0
6895 440 1
6896 343 0
6897 168 1
6898 181 1
6899 846 1
6900 71 1
6901 858 0
6902 326 0
6903 888 1
6904 250 1
6905 284 0
6906 814 1
6907 279 1
6908 906 1
6909 333 1
6910 303 1
6911 850 1
6912 79 0
6913 45 1
6914 0 1
6915 37 1
6916 670 0
6917 844 1
6918 493 1
6919 584 1
6920 578 1
6921 151 1
6922 670 1
6923 512 0
6924 485 0
6925 24 1
6926 840 1
6927 657 1
6928 151 1
6929 402 1
6930 241 0
6931 223 1
6932 946 1
6933 555 0
6934 485 0
6935 442 1
6936 656 0
6937 141 1
6938 245 1
6939 773 0
6940 721 1
6941 166 1
6942 893 0
6943 740 1
6944 173 0
6945 806 1
6946 803 1
6947 936 0
6948 745 1
6949 485 0
6950 890 1
6951 942 1
6952 168 0
6953 743 1
6954 958 1
6955 754 1
6956 961 1
6957 537 1
6958 3 1
6959 583 1
6960 289 0
6961 202 1
6962 493 0
6963 527 0
6964 890 1
6965 728 1
6966 588 1
6967 623 0
6968 49 1
6969 392 1
6970 567 1
6971 557 0
6972 327 1
6973 104 0
6974 630 1
6975 507 1
6976 150 1
6977 660 1
6978 108 0
6979 716 1
6980 459 0
6981 463 1
6982 411 1
6983 64 0
6984 137 0
6985 690 1
6986 251 1
6987 306 0
6988 27 1
6989 909 1
6990 708 0
6991 799 0
6992 385 1
6993 725 0
6994 906 1
6995 528 1
6996 570 0
6997 283 1
6998 726 0
6999 90 1
7000 415 1
7001 216 1
7002 287 0
7003 856 1
7004 544 1
7005 769 1
7006 88 1
7007 760 1
7008 324 1
7009 578 1
7010 611 1
7011 854 1
7012 358 0
7013 811 0
7014 133 1
7015 207 1
7016 514 0
7017 48 1
7018 558 1
7019 339 1
7020 928 1
7021 614 0
7022 361 0
7023 138 0
7024 155 1
7025 563 1
7026 83 1
7027 596 0
7028 815 0
7029 747 1
7030 956 1
7031 330 1
7032 601 1
7033 920 1
7034 893 0
7035 520 0
7036 52 1
7037 133 0
7038 194 0
7039 321 0
7040 211 1
7041 727 1
7042 562 1
7043 920 1
7044 415 0
7045 195 0
7046 492 0
7047 527 1
7048 514 0
7049 900 0
7050 3 1
7051 524 1
7052 630 0
7053 654 1
7054 541 1
7055 396 0
7056 509 1
7057 657 1
7058 706 1
7059 318 1
7060 540 0
7061 178 1
7062 650 0
7063 200 0
7064 412 0
7065 257 0
7066 207 1
7067 81 1
7068 476 1
7069 883 1
7070 360 0
7071 417 1
7072 274 1
7073 199 0
7074 336 0
7075 750 1
7076 67 1
7077 558 1
7078 856 1
7079 530 1
7080 118 1
7081 331 1
7082 216 1
7083 773 0
7084 371 0
7085 358 0
7086 233 1
7087 248 1
7088 498 0
7089 135 1
7090 575 1
7091 934 1
7092 463 0
7093 582 1
7094 509 1
7095 273 1
7096 158 1
7097 953 0
7098 813 1
7099 678 1
7100 106 1
7101 563 1
7102 72 1
7103 68 1
7104 869 1
7105 53 1
7106 700 0
7107 346 0
7108 164 1
7109 742 1
7110 688 1
7111 339 1
7112 452 1
7113 831 1
7114 704 1
7115 709 0
7116 806 1
7117 371 0
7118 732 1
7119 96 1
7120 254 0
7121 916 0
7122 748 1
7123 951 0
7124 838 1
7125 624 1
7126 4 0
7127 631 0
7128 903 0
7129 944 0
7130 269 1
7131 103 1
7132 612 0
7133 601 1
7134 525 1
7135 242 1
7136 458 1
7137 567 1
7138 106 0
7139 194 1
7140 896 1
7141 730 1
7142 429 1
7143 578 1
7144 510 1
7145 625 0
7146 862 1
7147 113 1
7148 815 1
7149 503 1
7150 59 1
7151 379 1
7152 164 1
7153 373 1
7154 149 0
7155 826 0
7156 607 1
7157 204 0
7158 215 1
7159 627 1
7160 564 1
7161 726 1
7162 241 1
7163 585 1
7164 201 1
7165 655 0
7166 94 1
7167 389 1
7168 628 0
7169 139 1
7170 551 1
7171 470 1
7172 782 0
7173 842 0
7174 679 1
7175 944 0
7176 19 1
7177 929 1
7178 194 1
7179 538 1
7180 288 0
7181 840 1
7182 487 1
7183 251 1
7184 251 1
7185 541 1
7186 5 1
7187 609 1
7188 519 1
7189 43 0
7190 218 1
7191 700 0
7192 342 0
7193 682 1
7194 829 0
7195 153 1
7196 672 1
7197 722 1
7198 482 1
7199 534 0
7200 401 1
7201 759 1
7202 919 0
7203 415 1
7204 116 1
7205 321 1
7206 93 1
7207 182 1
7208 910 1
7209 193 1
7210 732 1
7211 153 1
7212 951 0
7213 823 1
7214 496 0
7215 426 0
7216 302 1
7217 526 1
7218 813 0
7219 345 1
7220 622 1
7221 301 0
7222 911 1
7223 762 0
7224 959 1
7225 283 1
7226 913 1
7227 392 0
7228 533 1
7229 205 0
7230 832 0
7231 186 0
7232 76 0
7233 42 1
7234 877 1
7235 466 1
7236 276 1
7237 863 1
7238 473 0
7239 694 0
7240 841 0
7241 808 1
7242 635 1
7243 526 1
7244 676 1
7245 845 1
7246 584 1
7247 328 0
7248 393 1
7249 771 1
7250 369 1
7251 454 0
7252 264 0
7253 92 1
7254 814 1
7255 817 1
7256 22 1
7257 705 0
7258 123 1
7259 473 0
7260 610 1
7261 955 1
7262 609 0
7263 503 1
7264 302 1
7265 531 0
7266 198 0
7267 539 1
7268 174 1
7269 811 1
7270 65 0
7271 717 0
7272 550 0
7273 355 1
7274 339 0
7275 694 1
7276 405 1
7277 792 0
7278 619 1
7279 850 1
7280 256 1
7281 241 1
