3152
1 10 1
2 35 1
3 15 0
4 28 1
5 1 1
6 7 1
7 3 1
8 26 0
9 10 1
10 0 1
11 8 1
12 33 1
13 6 1
14 43 1
15 43 0
16 18 1
17 14 0
18 31 1
19 8 1
20 10 1
21 21 1
22 23 1
23 21 0
24 20 1
25 6 0
26 6 1
27 24 1
28 17 1
29 38 0
30 29 1
31 37 1
32 3 0
33 9 1
34 13 0
35 1 1
36 43 0
37 37 1
38 43 1
39 24 1
40 42 1
41 12 0
42 42 0
43 20 1
44 43 1
45 7 1
46 8 1
47 8 1
48 4 1
49 42 1
50 31 1
51 14 1
52 18 1
53 29 1
54 18 1
55 8 1
56 12 1
57 40 1
58 33 1
59 21 1
60 31 0
61 13 0
62 25 1
63 3 1
64 35 0
65 19 1
66 16 1
67 5 1
68 17 0
69 3 0
70 40 0
71 27 1
72 9 1
73 15 1
74 16 1
75 7 1
76 41 1
77 15 1
78 37 1
79 23 1
80 15 1
81 28 1
82 8 0
83 18 1
84 20 1
85 12 1
86 30 1
87 0 1
88 15 1
89 13 1
90 28 1
91 31 1
92 36 0
93 19 0
94 41 1
95 15 1
96 41 1
97 41 1
98 28 1
99 7 1
100 13 0
101 40 1
102 35 1
103 14 1
104 8 1
105 34 1
106 0 0
107 33 1
108 0 1
109 43 0
110 7 1
111 7 1
112 9 1
113 6 1
114 15 0
115 38 1
116 30 1
117 4 0
118 3 1
119 24 1
120 43 0
121 0 1
122 11 1
123 12 1
124 18 0
125 30 0
126 1 1
127 26 0
128 37 1
129 20 1
130 42 0
131 13 1
132 0 1
133 2 1
134 33 0
135 36 1
136 16 0
137 7 1
138 2 1
139 15 1
140 7 1
141 22 0
142 34 0
143 15 0
144 37 1
145 12 1
146 25 0
147 40 0
148 39 1
149 6 1
150 0 0
151 12 1
152 34 1
153 19 1
154 36 0
155 34 1
156 12 1
157 28 0
158 17 1
159 26 0
160 11 1
161 41 1
162 16 0
163 15 0
164 31 1
165 36 1
166 19 1
167 23 1
168 40 1
169 42 1
170 30 1
171 8 0
172 21 1
173 41 1
174 12 1
175 0 1
176 38 1
177 37 1
178 7 0
179 42 0
180 5 1
181 2 0
182 10 1
183 29 0
184 20 0
185 15 1
186 12 0
187 1 1
188 16 1
189 23 1
190 22 1
191 28 1
192 17 1
193 3 1
194 25 1
195 38 1
196 31 1
197 30 1
198 18 1
199 25 1
200 20 1
201 21 1
202 40 1
203 42 1
204 20 1
205 36 1
206 21 1
207 12 1
208 18 1
209 14 1
210 13 0
211 6 0
212 25 0
213 18 1
214 9 1
215 13 1
216 36 0
217 37 1
218 32 0
219 40 0
220 33 1
221 4 1
222 29 1
223 0 1
224 27 1
225 0 1
226 42 1
227 17 0
228 43 1
229 22 0
230 31 1
231 33 1
232 2 1
233 27 0
234 14 1
235 20 1
236 31 1
237 9 0
238 36 1
239 17 1
240 43 1
241 36 1
242 23 1
243 41 1
244 40 1
245 27 1
246 32 0
247 2 1
248 16 1
249 1 1
250 28 0
251 30 1
252 41 1
253 9 1
254 1 1
255 29 1
256 43 1
257 18 1
258 26 1
259 41 1
260 12 1
261 26 0
262 14 0
263 10 0
264 10 1
265 36 0
266 9 1
267 6 1
268 14 0
269 16 1
270 17 1
271 11 1
272 38 1
273 11 0
274 42 1
275 19 0
276 29 1
277 6 1
278 1 1
279 5 1
280 4 1
281 2 1
282 16 1
283 41 0
284 0 0
285 41 1
286 31 1
287 30 1
288 11 1
289 2 1
290 25 0
291 39 1
292 18 0
293 30 0
294 37 1
295 27 0
296 30 1
297 32 1
298 13 1
299 29 0
300 14 0
301 7 0
302 7 0
303 27 0
304 30 1
305 3 0
306 2 0
307 42 1
308 39 1
309 11 0
310 17 1
311 7 1
312 43 1
313 1 1
314 40 1
315 2 0
316 9 0
317 12 1
318 18 1
319 11 1
320 20 0
321 36 1
322 9 1
323 14 1
324 15 0
325 13 1
326 40 1
327 11 1
328 11 1
329 4 1
330 39 0
331 38 1
332 32 0
333 17 1
334 41 0
335 31 1
336 38 1
337 11 1
338 34 0
339 8 0
340 2 0
341 14 1
342 18 1
343 14 0
344 34 0
345 13 1
346 21 1
347 10 0
348 9 0
349 17 1
350 31 0
351 19 0
352 4 1
353 5 1
354 7 1
355 19 1
356 31 0
357 28 1
358 35 0
359 10 1
360 12 0
361 7 1
362 26 1
363 0 1
364 21 1
365 17 1
366 17 1
367 31 1
368 42 1
369 35 1
370 26 0
371 15 0
372 20 0
373 38 1
374 17 1
375 33 1
376 24 0
377 39 1
378 34 1
379 18 1
380 28 1
381 17 0
382 4 0
383 43 0
384 40 0
385 28 0
386 42 1
387 11 1
388 18 1
389 6 0
390 6 0
391 16 1
392 31 1
393 32 1
394 3 1
395 10 1
396 38 1
397 10 0
398 27 1
399 20 1
400 40 1
401 22 1
402 43 1
403 33 0
404 35 1
405 4 1
406 10 1
407 3 1
408 9 1
409 39 1
410 18 1
411 40 1
412 4 0
413 30 1
414 12 1
415 11 1
416 7 1
417 43 0
418 18 0
419 0 1
420 3 1
421 26 0
422 1 1
423 6 1
424 21 1
425 19 1
426 3 1
427 27 1
428 42 0
429 15 1
430 15 1
431 34 1
432 11 1
433 29 1
434 41 0
435 35 1
436 9 0
437 9 1
438 23 0
439 41 1
440 38 0
441 15 1
442 8 1
443 1 1
444 7 1
445 32 1
446 19 1
447 21 1
448 12 0
449 13 0
450 11 1
451 6 1
452 18 1
453 8 1
454 7 1
455 42 0
456 42 1
457 39 1
458 28 1
459 8 1
460 9 1
461 35 1
462 18 1
463 12 0
464 39 0
465 36 1
466 25 1
467 23 1
468 33 0
469 42 1
470 13 1
471 18 1
472 26 0
473 37 1
474 26 0
475 23 1
476 37 1
477 40 1
478 2 0
479 38 0
480 9 1
481 0 0
482 24 1
483 35 1
484 31 0
485 30 1
486 25 0
487 11 1
488 14 0
489 19 1
490 21 1
491 8 1
492 32 1
493 25 1
494 33 0
495 28 1
496 1 1
497 9 0
498 3 1
499 15 0
500 9 1
501 34 0
502 26 1
503 19 1
504 21 1
505 33 1
506 12 1
507 12 1
508 42 1
509 6 1
510 9 0
511 5 1
512 14 1
513 32 1
514 35 1
515 8 0
516 25 1
517 32 1
518 40 0
519 24 0
520 1 1
521 36 1
522 7 1
523 9 0
524 39 0
525 32 1
526 26 0
527 11 1
528 5 1
529 34 0
530 23 1
531 37 1
532 38 0
533 32 1
534 32 0
535 4 1
536 22 0
537 42 1
538 42 1
539 11 1
540 19 1
541 17 0
542 14 1
543 13 1
544 5 1
545 11 0
546 43 1
547 9 0
548 6 1
549 23 1
550 29 1
551 24 0
552 21 1
553 14 1
554 2 1
555 32 0
556 21 1
557 38 0
558 34 0
559 6 0
560 12 1
561 0 1
562 43 0
563 24 1
564 26 1
565 40 1
566 27 1
567 15 1
568 20 1
569 19 0
570 27 1
571 40 1
572 33 0
573 36 1
574 42 1
575 15 1
576 12 1
577 41 1
578 20 1
579 13 1
580 21 1
581 29 0
582 6 1
583 25 0
584 26 0
585 1 1
586 4 0
587 34 1
588 7 0
589 12 1
590 20 0
591 36 0
592 38 1
593 40 0
594 7 1
595 32 1
596 39 1
597 29 1
598 39 1
599 24 0
600 30 1
601 31 1
602 42 1
603 3 1
604 23 0
605 31 1
606 39 1
607 8 1
608 10 0
609 20 0
610 10 1
611 22 0
612 3 0
613 3 0
614 37 1
615 39 1
616 28 1
617 34 1
618 23 0
619 7 0
620 25 0
621 22 1
622 15 1
623 7 1
624 11 1
625 42 1
626 12 1
627 3 1
628 23 1
629 33 0
630 9 1
631 16 1
632 31 1
633 39 0
634 39 0
635 33 1
636 14 1
637 38 0
638 18 1
639 10 0
640 4 1
641 27 1
642 25 1
643 28 0
644 13 0
645 21 1
646 43 1
647 12 0
648 39 1
649 17 1
650 7 1
651 31 0
652 18 1
653 26 1
654 2 1
655 42 1
656 40 1
657 20 1
658 32 1
659 2 0
660 18 1
661 21 1
662 12 1
663 4 0
664 37 0
665 17 1
666 4 1
667 17 1
668 6 1
669 35 1
670 11 1
671 12 1
672 35 0
673 5 1
674 12 1
675 41 0
676 26 1
677 24 1
678 4 1
679 21 1
680 2 1
681 18 1
682 20 0
683 5 1
684 11 0
685 7 1
686 6 1
687 6 1
688 27 1
689 17 0
690 39 1
691 3 1
692 9 1
693 36 1
694 32 0
695 10 1
696 29 1
697 40 0
698 40 1
699 3 1
700 19 0
701 5 0
702 30 0
703 19 1
704 0 1
705 30 1
706 26 1
707 13 1
708 36 1
709 24 1
710 16 1
711 14 0
712 15 1
713 2 1
714 9 0
715 38 0
716 16 0
717 5 1
718 8 0
719 37 0
720 12 1
721 43 1
722 32 1
723 6 1
724 15 1
725 25 0
726 18 0
727 28 1
728 2 1
729 21 1
730 11 1
731 11 1
732 11 0
733 27 1
734 37 1
735 3 1
736 19 0
737 21 1
738 32 0
739 7 1
740 34 1
741 30 1
742 4 1
743 18 1
744 20 1
745 14 1
746 6 0
747 11 1
748 18 1
749 13 1
750 34 1
751 38 1
752 16 0
753 36 1
754 18 0
755 27 0
756 32 1
757 13 0
758 3 0
759 39 0
760 22 1
761 26 0
762 10 0
763 23 1
764 8 0
765 37 1
766 29 1
767 8 0
768 42 0
769 5 1
770 21 1
771 21 0
772 41 1
773 18 0
774 18 0
775 19 0
776 42 1
777 22 0
778 16 0
779 33 0
780 13 0
781 43 1
782 9 1
783 20 1
784 5 0
785 0 0
786 30 0
787 7 1
788 32 1
789 28 1
790 38 1
791 0 1
792 2 0
793 41 1
794 19 1
795 38 1
796 33 1
797 7 1
798 42 1
799 6 0
800 26 1
801 25 0
802 3 0
803 40 0
804 34 1
805 39 0
806 1 0
807 17 1
808 13 0
809 41 1
810 20 1
811 40 0
812 25 0
813 8 0
814 28 1
815 2 1
816 20 1
817 42 0
818 32 1
819 35 1
820 36 1
821 2 0
822 21 1
823 40 1
824 29 1
825 22 0
826 0 0
827 15 1
828 43 1
829 5 1
830 13 0
831 33 1
832 7 0
833 9 0
834 22 1
835 13 0
836 27 1
837 27 1
838 31 0
839 15 1
840 12 1
841 43 0
842 8 0
843 15 1
844 34 0
845 30 1
846 24 0
847 13 1
848 3 0
849 23 1
850 42 0
851 36 0
852 5 0
853 6 1
854 19 0
855 5 1
856 10 0
857 40 1
858 15 1
859 2 0
860 8 1
861 4 0
862 4 0
863 36 1
864 15 0
865 9 1
866 29 1
867 11 1
868 40 0
869 22 1
870 34 1
871 43 1
872 8 0
873 40 1
874 27 1
875 24 1
876 7 0
877 19 1
878 22 1
879 39 0
880 4 1
881 24 1
882 1 0
883 19 1
884 29 1
885 9 1
886 1 1
887 40 1
888 0 1
889 29 0
890 31 0
891 14 1
892 35 1
893 2 0
894 41 1
895 3 1
896 42 1
897 30 0
898 15 1
899 14 1
900 43 1
901 15 1
902 28 0
903 30 1
904 0 0
905 7 1
906 22 1
907 2 1
908 26 0
909 2 0
910 22 1
911 1 1
912 5 1
913 17 0
914 33 1
915 40 0
916 6 0
917 9 0
918 20 0
919 14 1
920 7 1
921 8 1
922 14 0
923 18 1
924 34 1
925 21 1
926 43 1
927 30 1
928 6 0
929 1 1
930 30 1
931 24 1
932 29 1
933 3 0
934 1 1
935 2 1
936 35 0
937 14 1
938 16 0
939 22 0
940 25 1
941 15 1
942 18 1
943 5 1
944 0 1
945 16 0
946 23 0
947 43 1
948 2 1
949 10 1
950 35 0
951 12 1
952 18 0
953 28 0
954 10 1
955 17 0
956 26 0
957 36 0
958 30 0
959 0 1
960 43 1
961 37 1
962 10 1
963 28 0
964 10 0
965 36 1
966 3 0
967 24 1
968 26 1
969 32 0
970 14 0
971 0 0
972 13 1
973 40 1
974 30 1
975 6 1
976 34 1
977 29 1
978 31 1
979 8 0
980 3 1
981 38 0
982 24 0
983 4 1
984 26 1
985 15 1
986 41 1
987 13 1
988 28 1
989 6 0
990 27 1
991 21 0
992 31 1
993 13 0
994 19 1
995 31 1
996 42 1
997 5 1
998 0 1
999 1 0
1000 1 1
1001 43 1
1002 27 1
1003 4 0
1004 43 0
1005 3 1
1006 42 1
1007 19 0
1008 6 0
1009 19 0
1010 29 0
1011 43 0
1012 32 0
1013 2 0
1014 33 0
1015 34 0
1016 39 1
1017 28 1
1018 23 1
1019 10 1
1020 39 1
1021 4 1
1022 33 1
1023 19 1
1024 7 1
1025 16 1
1026 21 0
1027 16 1
1028 20 1
1029 37 1
1030 41 0
1031 20 0
1032 14 0
1033 34 0
1034 14 1
1035 15 1
1036 30 0
1037 23 1
1038 38 1
1039 35 1
1040 34 1
1041 33 0
1042 24 0
1043 17 1
1044 19 1
1045 30 1
1046 34 1
1047 4 1
1048 32 0
1049 41 1
1050 12 1
1051 7 1
1052 27 1
1053 18 1
1054 6 1
1055 18 1
1056 38 1
1057 27 1
1058 9 1
1059 14 1
1060 7 0
1061 17 1
1062 4 1
1063 22 1
1064 13 0
1065 34 1
1066 4 1
1067 43 1
1068 4 1
1069 29 1
1070 24 0
1071 26 0
1072 31 1
1073 12 1
1074 6 1
1075 42 1
1076 3 0
1077 31 1
1078 37 1
1079 39 1
1080 0 1
1081 27 0
1082 23 0
1083 12 1
1084 21 1
1085 14 1
1086 20 0
1087 19 1
1088 2 0
1089 1 0
1090 9 0
1091 42 1
1092 14 0
1093 16 0
1094 34 1
1095 10 0
1096 17 0
1097 15 1
1098 41 1
1099 0 0
1100 0 1
1101 19 1
1102 6 1
1103 5 1
1104 21 0
1105 38 1
1106 25 1
1107 19 1
1108 42 1
1109 43 1
1110 24 0
1111 19 1
1112 20 1
1113 14 0
1114 14 1
1115 11 1
1116 24 1
1117 32 1
1118 20 0
1119 15 0
1120 39 1
1121 3 0
1122 22 1
1123 11 1
1124 35 1
1125 4 1
1126 37 1
1127 32 0
1128 11 0
1129 30 1
1130 32 0
1131 12 1
1132 3 0
1133 19 0
1134 13 1
1135 40 0
1136 40 1
1137 24 1
1138 18 1
1139 34 1
1140 23 1
1141 20 1
1142 38 1
1143 29 0
1144 7 1
1145 3 1
1146 8 1
1147 28 1
1148 36 0
1149 10 1
1150 34 1
1151 10 0
1152 25 0
1153 0 0
1154 2 1
1155 5 1
1156 4 0
1157 37 1
1158 11 1
1159 0 1
1160 33 1
1161 34 1
1162 15 1
1163 28 1
1164 18 1
1165 8 1
1166 20 1
1167 34 1
1168 5 0
1169 42 0
1170 0 1
1171 29 0
1172 5 1
1173 0 1
1174 41 1
1175 31 1
1176 0 0
1177 24 1
1178 36 1
1179 42 0
1180 23 1
1181 15 1
1182 21 1
1183 21 1
1184 12 0
1185 5 1
1186 43 1
1187 14 1
1188 9 0
1189 41 1
1190 34 0
1191 32 0
1192 1 1
1193 25 0
1194 41 1
1195 1 1
1196 26 1
1197 39 1
1198 38 1
1199 1 1
1200 12 0
1201 40 0
1202 17 0
1203 16 0
1204 24 1
1205 8 1
1206 37 1
1207 25 1
1208 9 1
1209 28 1
1210 26 1
1211 22 0
1212 42 1
1213 7 1
1214 10 0
1215 19 1
1216 34 1
1217 34 1
1218 1 0
1219 9 1
1220 35 0
1221 36 1
1222 14 0
1223 19 1
1224 39 1
1225 1 0
1226 9 1
1227 25 1
1228 16 1
1229 39 0
1230 36 1
1231 26 1
1232 26 0
1233 10 1
1234 39 1
1235 5 1
1236 13 1
1237 35 1
1238 30 0
1239 22 0
1240 33 1
1241 23 1
1242 22 1
1243 1 0
1244 33 1
1245 42 1
1246 8 1
1247 29 0
1248 36 1
1249 18 1
1250 11 0
1251 38 0
1252 37 0
1253 24 0
1254 35 1
1255 26 1
1256 22 1
1257 19 0
1258 30 0
1259 36 1
1260 37 1
1261 22 1
1262 10 0
1263 36 0
1264 42 1
1265 30 1
1266 6 1
1267 31 1
1268 5 0
1269 0 1
1270 10 1
1271 40 1
1272 7 1
1273 10 1
1274 12 1
1275 10 0
1276 12 1
1277 3 1
1278 15 1
1279 20 1
1280 1 1
1281 19 0
1282 6 1
1283 28 1
1284 14 0
1285 27 1
1286 30 1
1287 33 1
1288 15 1
1289 7 1
1290 41 1
1291 9 1
1292 25 1
1293 27 1
1294 3 1
1295 6 0
1296 10 0
1297 8 0
1298 28 1
1299 4 1
1300 40 1
1301 42 1
1302 32 0
1303 40 0
1304 27 0
1305 7 1
1306 17 1
1307 30 1
1308 24 1
1309 11 1
1310 18 1
1311 7 1
1312 38 0
1313 21 1
1314 28 1
1315 40 0
1316 34 0
1317 3 1
1318 3 1
1319 1 1
1320 19 0
1321 7 1
1322 20 0
1323 6 1
1324 8 0
1325 3 1
1326 30 0
1327 6 0
1328 3 1
1329 23 1
1330 30 1
1331 8 1
1332 35 1
1333 38 0
1334 7 1
1335 20 1
1336 0 1
1337 38 1
1338 42 1
1339 41 0
1340 38 0
1341 8 1
1342 31 1
1343 26 1
1344 18 0
1345 18 0
1346 25 1
1347 40 1
1348 14 1
1349 30 1
1350 26 1
1351 4 1
1352 31 1
1353 2 1
1354 40 1
1355 11 1
1356 40 1
1357 15 1
1358 9 0
1359 14 1
1360 23 0
1361 4 1
1362 14 1
1363 17 1
1364 31 1
1365 27 1
1366 6 0
1367 39 1
1368 26 1
1369 42 1
1370 37 1
1371 13 0
1372 4 1
1373 13 0
1374 22 1
1375 38 1
1376 15 1
1377 1 1
1378 39 0
1379 10 1
1380 18 1
1381 40 1
1382 1 0
1383 38 1
1384 30 1
1385 6 1
1386 22 1
1387 33 1
1388 19 1
1389 16 0
1390 29 1
1391 38 0
1392 29 1
1393 1 1
1394 10 0
1395 27 0
1396 5 1
1397 29 0
1398 36 1
1399 10 1
1400 11 1
1401 21 1
1402 7 1
1403 16 0
1404 32 0
1405 20 1
1406 19 1
1407 13 1
1408 6 1
1409 24 1
1410 3 1
1411 1 0
1412 28 1
1413 11 0
1414 5 1
1415 38 1
1416 9 1
1417 26 1
1418 2 1
1419 38 1
1420 7 1
1421 4 1
1422 5 1
1423 6 1
1424 28 1
1425 4 1
1426 14 1
1427 16 1
1428 32 1
1429 38 0
1430 20 1
1431 7 1
1432 24 1
1433 41 1
1434 32 1
1435 36 1
1436 26 1
1437 21 1
1438 34 0
1439 38 0
1440 33 1
1441 26 1
1442 1 1
1443 22 1
1444 21 1
1445 23 1
1446 1 1
1447 2 1
1448 20 1
1449 7 1
1450 10 1
1451 43 1
1452 16 1
1453 43 1
1454 43 1
1455 1 1
1456 13 1
1457 32 1
1458 1 1
1459 43 1
1460 24 1
1461 15 1
1462 9 1
1463 7 1
1464 12 0
1465 33 1
1466 10 1
1467 15 1
1468 28 0
1469 29 1
1470 4 1
1471 36 1
1472 33 1
1473 27 1
1474 31 0
1475 28 0
1476 26 0
1477 13 1
1478 12 1
1479 17 1
1480 30 1
1481 23 0
1482 39 1
1483 20 1
1484 4 1
1485 27 1
1486 32 1
1487 42 1
1488 19 1
1489 8 0
1490 5 0
1491 38 1
1492 32 1
1493 42 0
1494 23 0
1495 1 1
1496 22 1
1497 3 1
1498 38 1
1499 36 1
1500 24 1
1501 23 1
1502 34 0
1503 10 1
1504 24 0
1505 37 1
1506 30 1
1507 36 0
1508 35 1
1509 39 1
1510 26 1
1511 0 1
1512 16 1
1513 17 1
1514 42 0
1515 4 1
1516 25 1
1517 11 1
1518 6 1
1519 1 1
1520 15 0
1521 35 1
1522 22 1
1523 16 1
1524 37 0
1525 27 1
1526 3 1
1527 19 0
1528 3 1
1529 5 0
1530 18 0
1531 25 0
1532 14 1
1533 34 1
1534 34 1
1535 2 1
1536 6 1
1537 3 1
1538 40 1
1539 17 1
1540 27 0
1541 5 1
1542 25 0
1543 2 0
1544 33 1
1545 30 0
1546 38 0
1547 6 1
1548 0 1
1549 24 1
1550 8 0
1551 35 1
1552 19 1
1553 19 1
1554 11 1
1555 20 1
1556 34 1
1557 21 0
1558 2 1
1559 19 1
1560 8 1
1561 42 1
1562 33 0
1563 30 1
1564 20 1
1565 19 0
1566 12 0
1567 20 0
1568 2 1
1569 42 1
1570 28 0
1571 3 1
1572 20 1
1573 9 1
1574 25 1
1575 9 0
1576 31 1
1577 11 0
1578 31 1
1579 30 1
1580 27 1
1581 32 0
1582 36 1
1583 2 1
1584 20 1
1585 27 1
1586 14 1
1587 43 1
1588 32 0
1589 8 1
1590 33 0
1591 22 1
1592 0 1
1593 17 1
1594 6 0
1595 11 1
1596 4 0
1597 24 1
1598 24 1
1599 11 0
1600 42 0
1601 24 1
1602 22 0
1603 23 1
1604 28 1
1605 43 0
1606 1 1
1607 14 1
1608 30 0
1609 29 1
1610 10 0
1611 41 1
1612 15 1
1613 31 1
1614 43 1
1615 15 1
1616 10 1
1617 29 1
1618 35 0
1619 38 0
1620 36 1
1621 13 1
1622 34 1
1623 14 1
1624 34 1
1625 28 1
1626 15 1
1627 10 1
1628 22 0
1629 22 1
1630 37 1
1631 38 1
1632 30 1
1633 31 1
1634 8 1
1635 17 1
1636 38 0
1637 37 1
1638 13 0
1639 20 0
1640 27 0
1641 23 0
1642 29 1
1643 5 1
1644 27 1
1645 24 1
1646 42 1
1647 19 1
1648 17 1
1649 25 1
1650 7 1
1651 1 1
1652 28 1
1653 25 1
1654 22 1
1655 40 0
1656 25 0
1657 23 1
1658 29 1
1659 13 1
1660 33 1
1661 29 0
1662 31 1
1663 35 0
1664 31 1
1665 26 1
1666 35 1
1667 36 1
1668 22 1
1669 13 1
1670 39 1
1671 25 0
1672 5 1
1673 27 0
1674 10 0
1675 42 1
1676 30 1
1677 6 1
1678 8 1
1679 18 1
1680 33 1
1681 29 0
1682 29 1
1683 20 1
1684 15 1
1685 4 1
1686 42 1
1687 26 0
1688 30 1
1689 33 1
1690 2 1
1691 15 0
1692 35 1
1693 25 1
1694 38 1
1695 14 0
1696 21 1
1697 8 0
1698 41 1
1699 9 1
1700 37 0
1701 18 1
1702 39 0
1703 35 1
1704 6 0
1705 18 0
1706 9 0
1707 40 0
1708 7 0
1709 20 1
1710 18 0
1711 29 0
1712 10 1
1713 21 1
1714 18 1
1715 16 0
1716 40 0
1717 24 1
1718 12 0
1719 32 1
1720 36 1
1721 23 0
1722 36 0
1723 22 1
1724 37 1
1725 0 1
1726 28 0
1727 26 0
1728 20 1
1729 43 0
1730 30 1
1731 26 1
1732 26 0
1733 33 1
1734 38 1
1735 9 1
1736 4 1
1737 8 1
1738 3 1
1739 39 0
1740 0 1
1741 8 1
1742 21 0
1743 19 0
1744 34 1
1745 12 1
1746 30 1
1747 22 1
1748 17 0
1749 3 0
1750 9 0
1751 17 0
1752 20 0
1753 29 0
1754 27 1
1755 40 1
1756 39 1
1757 8 1
1758 36 1
1759 34 0
1760 42 1
1761 23 1
1762 13 0
1763 16 0
1764 33 1
1765 17 1
1766 7 1
1767 31 0
1768 32 0
1769 3 1
1770 16 1
1771 39 1
1772 0 1
1773 24 0
1774 6 0
1775 39 1
1776 13 1
1777 28 1
1778 39 1
1779 32 1
1780 16 0
1781 22 0
1782 36 0
1783 3 1
1784 21 0
1785 35 1
1786 22 0
1787 1 1
1788 33 1
1789 35 1
1790 16 1
1791 40 0
1792 0 1
1793 12 1
1794 2 1
1795 20 0
1796 26 1
1797 18 1
1798 4 1
1799 38 1
1800 0 0
1801 15 1
1802 36 1
1803 21 1
1804 37 1
1805 42 1
1806 38 0
1807 16 1
1808 39 1
1809 29 1
1810 5 1
1811 16 1
1812 0 0
1813 2 0
1814 8 0
1815 25 1
1816 23 1
1817 7 1
1818 32 1
1819 17 1
1820 16 1
1821 12 1
1822 30 1
1823 0 1
1824 32 1
1825 23 0
1826 31 1
1827 22 1
1828 1 1
1829 11 0
1830 17 1
1831 15 1
1832 9 1
1833 32 1
1834 27 1
1835 20 0
1836 41 1
1837 26 1
1838 36 1
1839 8 1
1840 8 1
1841 38 0
1842 42 1
1843 3 1
1844 17 1
1845 6 1
1846 28 0
1847 27 1
1848 39 0
1849 31 1
1850 20 1
1851 38 0
1852 15 1
1853 20 1
1854 22 0
1855 8 0
1856 12 1
1857 27 0
1858 39 1
1859 7 0
1860 41 1
1861 18 1
1862 30 0
1863 15 0
1864 16 1
1865 0 1
1866 30 0
1867 6 1
1868 14 1
1869 5 0
1870 8 1
1871 23 0
1872 35 1
1873 3 1
1874 33 0
1875 38 0
1876 43 0
1877 8 1
1878 34 0
1879 31 1
1880 1 1
1881 16 1
1882 25 0
1883 29 1
1884 1 1
1885 7 1
1886 23 0
1887 26 1
1888 33 1
1889 41 1
1890 16 1
1891 29 0
1892 0 1
1893 41 0
1894 36 1
1895 38 0
1896 11 0
1897 41 0
1898 8 0
1899 27 0
1900 12 0
1901 39 1
1902 41 1
1903 25 1
1904 7 1
1905 29 1
1906 10 1
1907 14 1
1908 3 0
1909 1 1
1910 35 1
1911 29 1
1912 25 0
1913 14 0
1914 4 1
1915 20 1
1916 8 1
1917 27 1
1918 13 0
1919 12 1
1920 27 1
1921 19 1
1922 32 1
1923 3 0
1924 41 1
1925 7 1
1926 40 1
1927 11 0
1928 14 1
1929 32 1
1930 43 1
1931 10 0
1932 23 0
1933 32 0
1934 18 1
1935 32 0
1936 43 0
1937 14 1
1938 37 0
1939 43 1
1940 18 0
1941 18 1
1942 39 1
1943 13 1
1944 31 0
1945 4 1
1946 29 0
1947 13 1
1948 24 1
1949 41 1
1950 22 1
1951 19 1
1952 33 1
1953 25 0
1954 3 0
1955 12 1
1956 27 1
1957 32 0
1958 12 1
1959 9 1
1960 42 1
1961 25 1
1962 24 0
1963 32 1
1964 35 1
1965 43 1
1966 34 1
1967 7 1
1968 4 1
1969 1 1
1970 33 0
1971 5 1
1972 16 1
1973 15 0
1974 35 1
1975 3 1
1976 14 0
1977 13 1
1978 42 1
1979 39 1
1980 6 0
1981 43 1
1982 34 1
1983 16 1
1984 15 1
1985 2 1
1986 3 1
1987 41 1
1988 40 1
1989 3 1
1990 13 0
1991 17 1
1992 10 1
1993 41 0
1994 27 1
1995 37 1
1996 8 0
1997 1 0
1998 40 1
1999 36 1
2000 31 1
2001 32 1
2002 41 0
2003 29 0
2004 37 1
2005 21 1
2006 34 0
2007 9 1
2008 20 0
2009 4 0
2010 20 1
2011 32 1
2012 30 0
2013 2 0
2014 3 0
2015 10 1
2016 29 0
2017 20 1
2018 23 0
2019 16 1
2020 33 1
2021 23 1
2022 28 1
2023 43 1
2024 15 1
2025 4 0
2026 21 0
2027 15 0
2028 43 1
2029 6 1
2030 8 0
2031 33 1
2032 10 0
2033 15 1
2034 11 1
2035 5 0
2036 22 0
2037 24 0
2038 13 1
2039 7 1
2040 3 0
2041 16 1
2042 21 1
2043 27 0
2044 1 1
2045 22 1
2046 1 0
2047 22 1
2048 17 0
2049 0 0
2050 41 0
2051 4 1
2052 30 1
2053 22 0
2054 28 1
2055 24 0
2056 13 0
2057 7 1
2058 23 1
2059 10 1
2060 0 1
2061 33 0
2062 40 0
2063 13 1
2064 21 1
2065 37 0
2066 39 1
2067 34 1
2068 22 0
2069 21 0
2070 37 1
2071 33 1
2072 37 0
2073 17 1
2074 31 1
2075 41 1
2076 37 0
2077 8 0
2078 14 0
2079 43 1
2080 11 0
2081 30 1
2082 10 1
2083 28 1
2084 8 1
2085 15 1
2086 3 1
2087 4 0
2088 1 1
2089 34 1
2090 26 0
2091 15 1
2092 14 1
2093 28 1
2094 21 0
2095 16 0
2096 40 0
2097 35 1
2098 42 1
2099 15 1
2100 41 1
2101 24 0
2102 12 1
2103 18 1
2104 26 1
2105 18 1
2106 35 0
2107 27 1
2108 33 0
2109 31 1
2110 35 1
2111 39 0
2112 26 0
2113 34 0
2114 22 0
2115 3 1
2116 32 1
2117 16 1
2118 31 1
2119 30 0
2120 38 1
2121 22 0
2122 37 1
2123 12 1
2124 34 0
2125 34 1
2126 2 0
2127 9 0
2128 32 0
2129 5 1
2130 0 0
2131 5 1
2132 11 0
2133 29 1
2134 8 1
2135 32 1
2136 19 0
2137 33 1
2138 13 1
2139 36 0
2140 20 1
2141 24 0
2142 7 1
2143 3 0
2144 28 1
2145 25 1
2146 12 0
2147 14 0
2148 5 1
2149 17 1
2150 35 1
2151 36 0
2152 13 1
2153 39 0
2154 22 0
2155 25 0
2156 9 1
2157 41 0
2158 15 1
2159 8 0
2160 28 1
2161 24 0
2162 17 1
2163 39 1
2164 34 1
2165 31 1
2166 14 1
2167 31 0
2168 1 1
2169 29 0
2170 10 1
2171 42 1
2172 12 1
2173 9 1
2174 39 0
2175 22 1
2176 3 1
2177 39 1
2178 37 1
2179 38 0
2180 19 1
2181 28 0
2182 2 1
2183 17 1
2184 19 1
2185 23 1
2186 29 0
2187 1 1
2188 37 1
2189 0 1
2190 24 0
2191 8 1
2192 21 1
2193 0 1
2194 10 1
2195 42 1
2196 16 1
2197 19 1
2198 19 1
2199 18 0
2200 10 1
2201 39 1
2202 19 1
2203 12 1
2204 3 0
2205 42 1
2206 31 1
2207 31 0
2208 30 1
2209 19 1
2210 21 1
2211 2 1
2212 21 1
2213 8 1
2214 9 1
2215 6 1
2216 24 1
2217 35 0
2218 18 1
2219 8 1
2220 12 1
2221 25 0
2222 33 1
2223 4 0
2224 19 1
2225 12 1
2226 17 1
2227 31 1
2228 32 1
2229 30 1
2230 22 1
2231 14 1
2232 14 1
2233 17 1
2234 5 1
2235 30 1
2236 8 1
2237 37 0
2238 0 1
2239 37 1
2240 41 1
2241 13 0
2242 40 1
2243 5 0
2244 39 0
2245 23 1
2246 4 1
2247 15 1
2248 18 1
2249 26 0
2250 35 0
2251 38 0
2252 25 1
2253 17 0
2254 25 1
2255 21 0
2256 35 1
2257 32 0
2258 10 0
2259 13 0
2260 25 1
2261 19 0
2262 5 1
2263 23 0
2264 20 1
2265 19 0
2266 18 1
2267 6 0
2268 21 1
2269 1 1
2270 9 0
2271 20 1
2272 29 1
2273 5 1
2274 42 1
2275 41 1
2276 6 1
2277 28 1
2278 4 1
2279 30 0
2280 32 0
2281 7 0
2282 39 0
2283 26 1
2284 33 1
2285 38 0
2286 22 1
2287 39 1
2288 19 0
2289 22 1
2290 14 1
2291 40 1
2292 13 1
2293 27 1
2294 7 1
2295 13 1
2296 40 1
2297 22 1
2298 29 1
2299 28 1
2300 4 1
2301 37 1
2302 33 1
2303 9 0
2304 29 0
2305 25 0
2306 28 1
2307 16 1
2308 41 1
2309 30 1
2310 33 0
2311 19 1
2312 15 0
2313 17 1
2314 23 0
2315 39 1
2316 19 0
2317 6 1
2318 16 0
2319 36 1
2320 23 1
2321 41 1
2322 34 1
2323 20 1
2324 8 1
2325 11 0
2326 25 1
2327 43 1
2328 5 1
2329 17 1
2330 13 0
2331 7 0
2332 20 0
2333 37 0
2334 5 1
2335 14 1
2336 23 0
2337 8 1
2338 40 1
2339 21 1
2340 11 1
2341 42 0
2342 40 0
2343 29 1
2344 10 1
2345 25 1
2346 10 1
2347 33 0
2348 22 1
2349 42 1
2350 32 0
2351 7 1
2352 39 0
2353 2 1
2354 20 0
2355 36 1
2356 8 0
2357 19 0
2358 28 0
2359 25 0
2360 2 1
2361 39 1
2362 35 0
2363 18 0
2364 6 1
2365 36 1
2366 25 1
2367 27 1
2368 11 1
2369 8 1
2370 28 0
2371 14 1
2372 31 0
2373 17 1
2374 14 1
2375 6 1
2376 21 1
2377 29 0
2378 25 0
2379 21 0
2380 40 1
2381 3 1
2382 9 1
2383 15 0
2384 11 1
2385 3 1
2386 20 1
2387 28 1
2388 26 1
2389 18 0
2390 41 1
2391 13 1
2392 2 1
2393 27 1
2394 21 1
2395 36 0
2396 38 1
2397 12 1
2398 21 1
2399 19 0
2400 2 1
2401 3 1
2402 15 1
2403 25 1
2404 10 1
2405 38 0
2406 25 1
2407 21 1
2408 1 1
2409 31 0
2410 29 1
2411 36 1
2412 14 1
2413 2 1
2414 27 1
2415 23 1
2416 19 1
2417 28 1
2418 35 0
2419 7 0
2420 30 0
2421 28 0
2422 28 1
2423 34 0
2424 30 0
2425 28 1
2426 21 1
2427 38 1
2428 21 1
2429 27 1
2430 13 0
2431 10 1
2432 30 0
2433 18 1
2434 25 1
2435 22 0
2436 23 1
2437 18 1
2438 7 1
2439 33 0
2440 6 1
2441 8 1
2442 33 1
2443 40 1
2444 14 0
2445 15 1
2446 26 0
2447 11 0
2448 40 0
2449 33 0
2450 7 1
2451 28 1
2452 13 1
2453 33 0
2454 31 1
2455 14 1
2456 15 1
2457 21 1
2458 41 0
2459 15 1
2460 17 0
2461 15 0
2462 8 1
2463 32 0
2464 8 1
2465 42 1
2466 29 1
2467 41 1
2468 5 1
2469 39 1
2470 9 1
2471 29 1
2472 29 1
2473 30 1
2474 20 1
2475 14 1
2476 4 0
2477 33 1
2478 33 1
2479 12 1
2480 18 1
2481 29 0
2482 13 0
2483 22 1
2484 33 1
2485 30 1
2486 3 1
2487 0 1
2488 18 0
2489 11 0
2490 27 1
2491 28 1
2492 31 0
2493 39 1
2494 14 1
2495 14 0
2496 38 1
2497 12 1
2498 1 0
2499 1 1
2500 28 0
2501 30 1
2502 23 0
2503 36 1
2504 36 1
2505 32 0
2506 4 1
2507 23 1
2508 30 1
2509 32 1
2510 26 0
2511 10 1
2512 41 1
2513 4 1
2514 33 1
2515 30 1
2516 13 1
2517 24 1
2518 22 1
2519 10 1
2520 39 1
2521 5 1
2522 11 0
2523 12 1
2524 3 1
2525 19 1
2526 19 0
2527 2 0
2528 3 1
2529 11 1
2530 9 1
2531 9 1
2532 33 1
2533 11 0
2534 2 0
2535 1 1
2536 15 1
2537 18 0
2538 35 0
2539 21 0
2540 26 1
2541 20 1
2542 21 0
2543 38 1
2544 25 0
2545 37 0
2546 23 0
2547 9 1
2548 8 0
2549 24 1
2550 17 0
2551 29 0
2552 28 0
2553 31 0
2554 29 1
2555 34 0
2556 0 0
2557 33 0
2558 9 1
2559 42 1
2560 8 0
2561 21 1
2562 33 1
2563 20 0
2564 26 1
2565 9 1
2566 21 1
2567 3 1
2568 17 0
2569 2 1
2570 19 1
2571 33 0
2572 23 1
2573 37 1
2574 1 0
2575 18 1
2576 2 1
2577 17 1
2578 21 1
2579 10 0
2580 33 1
2581 18 1
2582 33 1
2583 13 1
2584 33 1
2585 4 1
2586 27 1
2587 24 0
2588 32 1
2589 10 1
2590 29 1
2591 39 1
2592 0 1
2593 0 0
2594 2 1
2595 21 0
2596 5 1
2597 43 1
2598 38 1
2599 16 0
2600 3 0
2601 31 1
2602 29 0
2603 33 0
2604 30 1
2605 27 1
2606 4 1
2607 23 1
2608 11 1
2609 23 1
2610 29 1
2611 26 1
2612 16 1
2613 24 0
2614 13 1
2615 33 1
2616 36 1
2617 42 1
2618 9 1
2619 39 0
2620 27 1
2621 6 1
2622 21 0
2623 8 0
2624 5 0
2625 22 1
2626 28 0
2627 1 1
2628 25 1
2629 7 0
2630 42 1
2631 6 1
2632 13 1
2633 33 1
2634 8 1
2635 13 0
2636 3 1
2637 19 1
2638 26 0
2639 8 1
2640 35 0
2641 18 0
2642 7 1
2643 15 1
2644 42 1
2645 3 1
2646 39 1
2647 7 1
2648 11 1
2649 7 1
2650 21 1
2651 7 1
2652 16 0
2653 0 1
2654 29 1
2655 26 1
2656 11 1
2657 35 0
2658 40 1
2659 28 0
2660 29 1
2661 11 0
2662 37 0
2663 29 1
2664 11 1
2665 20 0
2666 8 0
2667 8 1
2668 29 1
2669 43 1
2670 32 1
2671 11 0
2672 2 0
2673 39 0
2674 9 1
2675 33 1
2676 6 1
2677 35 1
2678 34 1
2679 0 1
2680 8 1
2681 29 1
2682 43 1
2683 18 1
2684 21 0
2685 39 1
2686 39 1
2687 6 1
2688 4 1
2689 11 0
2690 0 1
2691 5 1
2692 16 0
2693 26 1
2694 13 0
2695 28 0
2696 19 1
2697 34 1
2698 27 1
2699 43 1
2700 22 1
2701 11 1
2702 40 1
2703 10 1
2704 18 0
2705 35 1
2706 18 1
2707 20 1
2708 12 1
2709 41 0
2710 26 1
2711 23 0
2712 36 1
2713 16 1
2714 18 1
2715 0 1
2716 6 1
2717 9 1
2718 4 0
2719 24 1
2720 36 1
2721 36 1
2722 11 0
2723 21 1
2724 12 1
2725 1 1
2726 40 1
2727 35 0
2728 33 1
2729 28 0
2730 20 1
2731 43 0
2732 36 0
2733 25 0
2734 23 1
2735 15 0
2736 20 1
2737 2 1
2738 16 0
2739 27 1
2740 38 1
2741 42 1
2742 4 1
2743 43 1
2744 18 0
2745 41 1
2746 31 1
2747 40 1
2748 25 1
2749 40 1
2750 3 0
2751 40 0
2752 14 1
2753 31 1
2754 18 1
2755 15 1
2756 18 1
2757 23 1
2758 24 1
2759 12 1
2760 25 1
2761 12 1
2762 25 1
2763 32 1
2764 26 1
2765 7 0
2766 35 1
2767 30 1
2768 18 0
2769 36 1
2770 8 1
2771 25 1
2772 18 0
2773 1 1
2774 22 1
2775 36 1
2776 18 1
2777 32 0
2778 32 1
2779 22 1
2780 24 1
2781 41 1
2782 8 1
2783 40 1
2784 20 1
2785 40 0
2786 13 0
2787 7 1
2788 42 0
2789 25 1
2790 37 1
2791 20 1
2792 41 1
2793 26 0
2794 4 0
2795 40 0
2796 33 0
2797 39 1
2798 40 1
2799 21 0
2800 20 1
2801 21 1
2802 10 1
2803 16 0
2804 32 0
2805 5 1
2806 34 1
2807 32 0
2808 29 1
2809 13 1
2810 19 1
2811 37 0
2812 23 1
2813 23 0
2814 19 1
2815 12 0
2816 13 1
2817 25 1
2818 38 1
2819 32 1
2820 15 0
2821 4 0
2822 34 1
2823 33 1
2824 8 1
2825 28 0
2826 32 1
2827 12 1
2828 5 0
2829 6 1
2830 11 0
2831 16 1
2832 9 1
2833 24 1
2834 16 1
2835 26 0
2836 1 1
2837 13 1
2838 0 1
2839 30 0
2840 5 0
2841 35 1
2842 11 0
2843 24 1
2844 35 1
2845 36 0
2846 26 1
2847 23 0
2848 7 0
2849 10 0
2850 35 1
2851 30 1
2852 0 1
2853 3 0
2854 23 0
2855 28 1
2856 23 0
2857 18 1
2858 19 1
2859 26 1
2860 25 1
2861 10 1
2862 4 0
2863 38 0
2864 13 0
2865 10 0
2866 18 0
2867 17 1
2868 36 1
2869 14 1
2870 30 1
2871 40 1
2872 13 1
2873 20 1
2874 8 1
2875 40 1
2876 17 1
2877 17 1
2878 35 1
2879 8 1
2880 13 0
2881 9 1
2882 11 1
2883 1 0
2884 42 0
2885 39 1
2886 33 0
2887 34 1
2888 25 0
2889 11 1
2890 8 0
2891 43 1
2892 9 1
2893 3 1
2894 1 0
2895 25 1
2896 26 1
2897 1 0
2898 12 1
2899 41 1
2900 13 0
2901 15 0
2902 3 1
2903 0 0
2904 35 0
2905 13 0
2906 39 1
2907 22 1
2908 2 1
2909 2 0
2910 33 0
2911 17 1
2912 38 1
2913 9 1
2914 16 1
2915 13 1
2916 38 0
2917 27 1
2918 10 1
2919 21 1
2920 15 1
2921 18 0
2922 20 0
2923 12 1
2924 41 1
2925 1 1
2926 41 1
2927 3 1
2928 32 0
2929 38 1
2930 15 1
2931 29 1
2932 12 0
2933 27 1
2934 15 1
2935 41 1
2936 11 1
2937 18 1
2938 31 1
2939 29 1
2940 20 1
2941 35 1
2942 24 1
2943 5 1
2944 3 1
2945 32 1
2946 2 1
2947 3 1
2948 25 1
2949 10 0
2950 7 1
2951 4 0
2952 42 1
2953 26 1
2954 28 1
2955 33 0
2956 42 0
2957 41 0
2958 15 1
2959 7 1
2960 41 1
2961 12 1
2962 33 1
2963 11 1
2964 42 1
2965 7 1
2966 4 1
2967 0 1
2968 29 1
2969 27 1
2970 13 1
2971 13 1
2972 37 0
2973 30 0
2974 33 0
2975 3 1
2976 8 0
2977 27 1
2978 8 1
2979 28 1
2980 11 1
2981 8 1
2982 23 1
2983 37 1
2984 30 1
2985 18 1
2986 32 1
2987 31 1
2988 18 1
2989 11 1
2990 6 1
2991 35 1
2992 30 1
2993 8 1
2994 8 1
2995 17 1
2996 3 1
2997 10 0
2998 29 1
2999 31 1
3000 19 1
3001 34 0
3002 36 0
3003 9 1
3004 34 1
3005 15 1
3006 35 1
3007 11 0
3008 0 1
3009 32 1
3010 31 1
3011 3 0
3012 6 1
3013 37 1
3014 12 0
3015 2 1
3016 5 0
3017 14 1
3018 34 1
3019 4 0
3020 20 1
3021 21 1
3022 1 0
3023 29 0
3024 3 1
3025 5 1
3026 22 0
3027 20 1
3028 17 0
3029 15 1
3030 33 0
3031 12 1
3032 9 1
3033 32 0
3034 3 1
3035 0 1
3036 32 1
3037 11 1
3038 25 1
3039 11 1
3040 13 1
3041 14 1
3042 21 0
3043 15 1
3044 24 1
3045 20 1
3046 3 0
3047 28 1
3048 11 1
3049 8 1
3050 8 1
3051 14 1
3052 25 1
3053 6 1
3054 21 1
3055 30 1
3056 9 0
3057 21 0
3058 10 1
3059 1 1
3060 42 1
3061 24 1
3062 29 0
3063 9 1
3064 0 1
3065 11 1
3066 21 1
3067 1 1
3068 26 1
3069 4 0
3070 0 1
3071 33 1
3072 34 0
3073 40 1
3074 42 1
3075 31 1
3076 38 1
3077 17 0
3078 39 1
3079 40 1
3080 20 1
3081 0 1
3082 29 1
3083 40 0
3084 28 0
3085 11 0
3086 11 1
3087 37 0
3088 7 1
3089 43 0
3090 26 1
3091 22 1
3092 18 1
3093 40 1
3094 19 1
3095 5 0
3096 40 1
3097 33 0
3098 26 1
3099 14 1
3100 7 0
3101 38 0
3102 22 1
3103 16 1
3104 17 1
3105 12 1
3106 22 1
3107 16 0
3108 26 1
3109 29 0
3110 24 1
3111 37 1
3112 15 1
3113 43 1
3114 32 1
3115 27 1
3116 34 1
3117 34 1
3118 29 0
3119 43 0
3120 42 0
3121 21 1
3122 41 1
3123 36 0
3124 25 0
3125 21 1
3126 32 1
3127 23 1
3128 17 1
3129 41 1
3130 31 0
3131 21 1
3132 22 1
3133 34 1
3134 13 0
3135 29 0
3136 40 0
3137 7 1
3138 40 1
3139 14 1
3140 41 1
3141 23 0
3142 2 1
3143 8 1
3144 20 1
3145 0 0
3146 6 0
3147 5 1
3148 8 1
3149 35 1
3150 25 1
3151 9 1
3152 42 1
