4093
1 162 0
2 163 1
3 254 1
4 208 1
5 150 1
6 97 1
7 169 1
8 46 1
9 181 0
10 48 1
11 219 1
12 74 0
13 120 1
14 55 0
15 95 1
16 15 0
17 45 1
18 227 1
19 116 1
20 291 1
21 15 0
22 205 1
23 168 1
24 2 0
25 170 1
26 271 1
27 196 1
28 84 0
29 136 0
30 68 1
31 217 1
32 182 0
33 113 0
34 27 1
35 81 0
36 119 0
37 251 1
38 132 0
39 120 1
40 6 1
41 115 0
42 225 1
43 88 0
44 93 0
45 220 1
46 149 1
47 17 1
48 244 1
49 285 1
50 211 0
51 214 1
52 7 0
53 120 1
54 122 1
55 203 0
56 154 1
57 177 0
58 95 1
59 232 1
60 183 1
61 201 1
62 127 1
63 208 1
64 200 1
65 266 1
66 175 1
67 286 1
68 104 1
69 172 1
70 191 1
71 126 1
72 160 1
73 269 0
74 34 1
75 216 1
76 112 1
77 173 1
78 179 0
79 233 1
80 111 0
81 257 1
82 138 0
83 13 1
84 187 1
85 12 1
86 106 0
87 188 1
88 293 1
89 293 1
90 117 0
91 89 1
92 163 0
93 91 1
94 109 0
95 109 0
96 210 1
97 52 1
98 146 1
99 56 0
100 23 0
101 176 0
102 286 1
103 167 1
104 59 0
105 144 1
106 207 1
107 28 1
108 268 0
109 179 1
110 137 1
111 143 0
112 198 1
113 240 1
114 111 1
115 222 0
116 217 1
117 36 1
118 79 1
119 13 1
120 209 1
121 166 1
122 162 1
123 252 1
124 86 1
125 274 1
126 184 1
127 115 1
128 156 1
129 43 0
130 196 1
131 174 1
132 207 1
133 154 1
134 266 1
135 198 1
136 96 1
137 49 0
138 24 1
139 154 1
140 198 1
141 106 1
142 82 0
143 2 1
144 270 1
145 278 0
146 82 1
147 38 1
148 207 1
149 42 1
150 131 1
151 185 1
152 297 1
153 257 0
154 81 0
155 205 1
156 305 1
157 127 0
158 226 1
159 170 1
160 254 1
161 199 1
162 138 1
163 171 0
164 280 1
165 56 1
166 146 1
167 103 0
168 99 1
169 2 1
170 10 1
171 232 1
172 291 0
173 247 0
174 261 1
175 250 1
176 24 1
177 11 1
178 3 1
179 280 1
180 167 1
181 160 1
182 200 0
183 300 0
184 168 1
185 252 1
186 54 1
187 38 1
188 230 0
189 99 1
190 89 1
191 165 1
192 36 1
193 48 1
194 209 0
195 94 0
196 208 0
197 154 1
198 62 1
199 174 1
200 223 1
201 181 1
202 69 1
203 88 1
204 197 0
205 27 1
206 2 0
207 252 1
208 141 1
209 235 0
210 173 0
211 192 0
212 49 0
213 255 0
214 188 1
215 113 1
216 93 1
217 153 1
218 285 1
219 5 0
220 201 1
221 7 0
222 304 1
223 92 0
224 103 1
225 34 0
226 121 1
227 123 1
228 266 1
229 281 1
230 45 1
231 102 0
232 154 1
233 230 0
234 41 1
235 81 1
236 39 0
237 296 1
238 198 0
239 27 1
240 180 0
241 43 0
242 287 1
243 244 1
244 88 0
245 245 1
246 79 1
247 122 1
248 227 1
249 138 0
250 52 0
251 55 1
252 158 0
253 208 1
254 284 0
255 123 1
256 296 1
257 231 1
258 183 0
259 67 1
260 160 1
261 177 0
262 284 1
263 244 0
264 196 1
265 244 0
266 67 0
267 191 0
268 195 1
269 47 0
270 99 1
271 180 1
272 266 1
273 295 1
274 125 1
275 186 0
276 219 0
277 68 1
278 285 1
279 172 0
280 160 1
281 274 1
282 260 0
283 226 1
284 23 1
285 171 0
286 67 1
287 62 1
288 80 0
289 169 0
290 184 1
291 262 1
292 262 0
293 65 0
294 107 0
295 266 0
296 199 1
297 268 1
298 163 1
299 152 1
300 83 1
301 81 0
302 298 1
303 177 1
304 44 0
305 48 1
306 245 1
307 97 0
308 184 1
309 63 1
310 252 1
311 25 0
312 27 1
313 147 0
314 103 1
315 149 0
316 167 1
317 30 0
318 303 1
319 2 1
320 97 0
321 41 1
322 212 1
323 165 1
324 152 0
325 153 1
326 23 0
327 13 1
328 15 1
329 92 1
330 4 1
331 77 0
332 95 1
333 181 1
334 165 0
335 211 1
336 84 0
337 227 1
338 163 1
339 79 1
340 164 0
341 185 0
342 183 1
343 10 1
344 210 1
345 89 1
346 195 1
347 158 1
348 124 1
349 76 0
350 294 1
351 95 1
352 5 0
353 140 0
354 258 1
355 255 1
356 303 1
357 75 1
358 104 1
359 149 1
360 38 0
361 73 0
362 255 1
363 218 1
364 36 0
365 133 0
366 125 1
367 254 1
368 15 1
369 70 0
370 79 1
371 82 0
372 231 0
373 26 1
374 14 1
375 194 1
376 265 1
377 58 1
378 271 1
379 58 0
380 193 0
381 183 1
382 192 0
383 221 1
384 217 1
385 253 0
386 162 0
387 143 1
388 264 0
389 194 1
390 196 0
391 181 1
392 199 1
393 218 0
394 60 1
395 244 0
396 12 1
397 38 1
398 101 1
399 183 0
400 95 0
401 80 1
402 8 1
403 116 1
404 244 1
405 94 0
406 163 1
407 59 1
408 288 0
409 298 1
410 19 1
411 146 0
412 285 0
413 7 1
414 295 0
415 91 1
416 171 1
417 192 1
418 245 1
419 224 0
420 83 1
421 87 0
422 59 0
423 152 1
424 117 1
425 240 1
426 230 1
427 246 0
428 36 1
429 60 0
430 294 1
431 37 1
432 173 1
433 31 1
434 2 1
435 145 1
436 38 0
437 182 1
438 151 0
439 217 0
440 251 1
441 176 1
442 2 1
443 234 1
444 219 1
445 299 1
446 218 1
447 137 0
448 259 1
449 48 1
450 195 0
451 198 1
452 277 1
453 104 0
454 180 1
455 83 0
456 244 1
457 150 0
458 305 0
459 135 1
460 223 1
461 197 1
462 156 1
463 71 0
464 275 1
465 221 1
466 163 1
467 248 1
468 264 1
469 256 0
470 139 1
471 34 1
472 222 0
473 94 1
474 192 1
475 211 0
476 207 1
477 15 0
478 207 0
479 16 0
480 284 1
481 190 0
482 200 1
483 275 1
484 256 1
485 67 1
486 107 0
487 164 1
488 137 0
489 244 0
490 110 0
491 210 1
492 21 0
493 66 1
494 84 0
495 255 1
496 170 0
497 281 1
498 120 0
499 300 1
500 245 0
501 157 0
502 241 0
503 148 0
504 202 1
505 252 0
506 5 0
507 15 1
508 232 1
509 184 1
510 15 0
511 149 1
512 121 1
513 100 1
514 145 1
515 4 0
516 233 1
517 288 1
518 27 1
519 11 1
520 214 0
521 7 0
522 270 1
523 96 0
524 263 1
525 55 0
526 185 1
527 8 1
528 180 0
529 13 1
530 281 0
531 260 0
532 31 1
533 147 1
534 63 1
535 139 1
536 273 0
537 40 1
538 21 1
539 204 1
540 268 1
541 27 1
542 237 1
543 75 0
544 224 1
545 286 0
546 265 1
547 178 1
548 253 1
549 205 0
550 255 0
551 138 1
552 36 1
553 231 1
554 245 1
555 113 1
556 239 1
557 282 1
558 176 1
559 130 0
560 140 1
561 64 1
562 122 0
563 166 0
564 32 1
565 236 1
566 260 0
567 53 0
568 19 0
569 204 0
570 36 0
571 15 0
572 230 1
573 296 1
574 41 1
575 44 1
576 80 1
577 51 1
578 201 1
579 122 1
580 133 0
581 143 0
582 198 1
583 6 1
584 25 1
585 26 1
586 72 0
587 109 0
588 110 0
589 252 0
590 68 1
591 105 0
592 255 1
593 202 1
594 225 1
595 5 0
596 148 0
597 296 1
598 118 1
599 108 1
600 284 1
601 205 1
602 254 0
603 123 0
604 184 0
605 288 1
606 216 1
607 173 0
608 95 1
609 244 0
610 244 0
611 144 1
612 171 0
613 283 1
614 207 1
615 204 0
616 297 1
617 6 1
618 188 0
619 73 1
620 128 0
621 90 1
622 300 1
623 54 1
624 104 0
625 101 1
626 13 0
627 206 0
628 229 1
629 245 1
630 38 1
631 86 1
632 17 0
633 44 0
634 72 1
635 43 1
636 103 1
637 90 1
638 169 0
639 184 1
640 214 1
641 87 0
642 75 0
643 263 0
644 248 1
645 127 1
646 196 0
647 166 1
648 156 1
649 191 1
650 180 1
651 201 1
652 61 0
653 151 1
654 207 1
655 276 0
656 164 1
657 194 0
658 122 1
659 9 1
660 203 1
661 202 1
662 200 0
663 306 1
664 123 0
665 49 1
666 197 0
667 130 0
668 7 1
669 261 1
670 81 1
671 181 1
672 59 1
673 257 0
674 297 1
675 175 1
676 253 1
677 58 1
678 290 1
679 274 0
680 99 1
681 182 0
682 40 1
683 20 0
684 59 1
685 192 1
686 284 1
687 158 0
688 213 1
689 69 1
690 147 1
691 170 1
692 87 0
693 12 1
694 58 0
695 176 0
696 76 1
697 146 1
698 136 1
699 93 1
700 221 1
701 107 1
702 45 1
703 86 0
704 147 1
705 235 1
706 171 0
707 239 0
708 98 1
709 100 0
710 83 1
711 6 0
712 179 1
713 126 1
714 171 0
715 282 1
716 198 1
717 134 1
718 200 1
719 275 1
720 226 1
721 185 1
722 73 0
723 121 1
724 221 1
725 100 1
726 43 0
727 7 1
728 110 1
729 3 1
730 124 0
731 296 0
732 219 0
733 111 1
734 195 1
735 231 0
736 54 1
737 285 1
738 158 1
739 70 0
740 93 1
741 227 1
742 49 1
743 131 1
744 139 1
745 292 1
746 270 0
747 130 1
748 177 1
749 67 1
750 92 1
751 260 1
752 260 1
753 45 1
754 109 1
755 262 1
756 286 1
757 190 1
758 188 1
759 39 0
760 306 0
761 213 0
762 77 0
763 225 0
764 50 0
765 172 1
766 56 1
767 289 1
768 214 0
769 120 1
770 223 0
771 70 1
772 108 1
773 161 0
774 126 1
775 167 1
776 303 1
777 247 0
778 190 0
779 179 1
780 229 0
781 155 0
782 20 0
783 67 1
784 17 1
785 23 1
786 193 0
787 65 0
788 126 1
789 291 1
790 119 0
791 230 1
792 77 1
793 40 1
794 186 0
795 51 1
796 36 1
797 166 1
798 196 0
799 291 0
800 45 1
801 304 0
802 179 1
803 233 1
804 61 1
805 103 1
806 300 1
807 147 1
808 47 0
809 109 1
810 178 1
811 113 1
812 218 1
813 271 1
814 58 1
815 92 1
816 262 1
817 113 1
818 82 1
819 212 1
820 188 1
821 174 0
822 192 1
823 251 0
824 52 1
825 165 1
826 143 1
827 138 1
828 24 0
829 162 1
830 129 1
831 36 0
832 274 1
833 70 1
834 40 1
835 43 1
836 142 1
837 181 1
838 83 0
839 39 1
840 29 1
841 139 1
842 27 1
843 0 0
844 231 0
845 291 1
846 268 0
847 217 0
848 21 0
849 136 1
850 34 1
851 141 1
852 249 1
853 283 0
854 220 1
855 12 0
856 70 0
857 273 1
858 280 0
859 228 1
860 208 1
861 108 1
862 84 1
863 28 0
864 77 1
865 246 1
866 117 1
867 218 1
868 174 1
869 242 1
870 60 1
871 188 1
872 178 1
873 1 1
874 200 1
875 206 1
876 214 1
877 121 0
878 105 0
879 176 1
880 87 1
881 225 1
882 46 1
883 114 1
884 103 1
885 159 0
886 76 1
887 66 1
888 46 0
889 257 1
890 148 0
891 198 1
892 16 1
893 205 0
894 13 1
895 155 0
896 41 1
897 155 1
898 61 1
899 239 0
900 170 1
901 178 1
902 290 1
903 273 0
904 163 1
905 126 1
906 232 0
907 139 0
908 266 1
909 141 0
910 191 1
911 152 0
912 300 0
913 172 0
914 121 0
915 297 1
916 46 0
917 3 1
918 265 1
919 216 0
920 44 1
921 126 1
922 289 0
923 296 0
924 74 1
925 222 1
926 51 0
927 43 1
928 226 0
929 178 1
930 170 1
931 183 1
932 109 1
933 18 1
934 86 1
935 268 0
936 121 1
937 179 1
938 203 1
939 124 1
940 229 0
941 87 0
942 265 1
943 97 1
944 196 1
945 76 1
946 215 1
947 48 0
948 69 0
949 243 1
950 230 1
951 286 1
952 142 1
953 306 1
954 177 0
955 88 1
956 242 1
957 152 1
958 157 1
959 156 0
960 68 0
961 185 1
962 37 1
963 153 0
964 229 1
965 34 1
966 145 1
967 48 0
968 22 1
969 98 0
970 170 1
971 229 1
972 133 1
973 305 0
974 175 1
975 109 1
976 160 1
977 300 0
978 71 1
979 154 1
980 86 0
981 303 1
982 280 1
983 291 0
984 91 0
985 125 0
986 268 1
987 139 0
988 201 1
989 236 1
990 65 0
991 86 0
992 104 1
993 273 0
994 225 1
995 98 1
996 81 0
997 8 0
998 139 1
999 287 1
1000 74 1
1001 264 1
1002 3 1
1003 287 0
1004 7 1
1005 47 1
1006 26 0
1007 69 1
1008 291 1
1009 235 1
1010 234 1
1011 64 0
1012 121 0
1013 221 0
1014 143 0
1015 262 1
1016 78 1
1017 103 1
1018 89 0
1019 58 0
1020 151 0
1021 168 1
1022 89 1
1023 159 0
1024 123 0
1025 133 1
1026 193 1
1027 217 1
1028 270 0
1029 118 1
1030 104 1
1031 96 1
1032 145 1
1033 35 1
1034 56 1
1035 23 1
1036 129 1
1037 157 1
1038 279 1
1039 64 0
1040 256 1
1041 303 1
1042 89 1
1043 1 1
1044 195 1
1045 238 1
1046 44 0
1047 25 1
1048 0 1
1049 116 1
1050 85 1
1051 114 1
1052 181 1
1053 126 1
1054 54 1
1055 99 1
1056 161 0
1057 224 1
1058 160 0
1059 153 1
1060 196 1
1061 278 1
1062 271 0
1063 202 1
1064 216 0
1065 178 0
1066 81 1
1067 287 1
1068 29 1
1069 188 1
1070 149 0
1071 165 1
1072 155 0
1073 25 1
1074 159 0
1075 295 1
1076 35 0
1077 61 1
1078 263 0
1079 121 0
1080 204 1
1081 17 0
1082 136 1
1083 13 1
1084 184 1
1085 21 1
1086 260 0
1087 29 1
1088 120 1
1089 276 1
1090 83 1
1091 100 1
1092 223 1
1093 276 1
1094 275 1
1095 203 0
1096 162 1
1097 230 1
1098 298 1
1099 236 0
1100 216 1
1101 201 0
1102 294 1
1103 51 0
1104 135 1
1105 160 0
1106 56 1
1107 109 1
1108 194 0
1109 3 0
1110 249 1
1111 186 1
1112 51 1
1113 175 1
1114 204 0
1115 296 1
1116 212 1
1117 135 1
1118 271 1
1119 79 1
1120 57 0
1121 89 1
1122 272 1
1123 243 1
1124 50 1
1125 172 0
1126 77 1
1127 175 1
1128 13 1
1129 170 1
1130 77 1
1131 261 1
1132 121 1
1133 261 0
1134 47 0
1135 263 1
1136 124 1
1137 68 1
1138 95 1
1139 99 0
1140 24 1
1141 295 1
1142 95 0
1143 229 1
1144 58 1
1145 256 1
1146 102 1
1147 197 1
1148 72 1
1149 80 1
1150 36 1
1151 75 0
1152 160 1
1153 100 1
1154 227 0
1155 252 1
1156 242 0
1157 203 1
1158 177 1
1159 297 1
1160 68 0
1161 143 0
1162 1 1
1163 165 1
1164 36 1
1165 43 1
1166 53 1
1167 83 1
1168 113 1
1169 14 1
1170 154 1
1171 136 1
1172 279 1
1173 279 1
1174 9 1
1175 236 0
1176 60 1
1177 99 1
1178 264 0
1179 213 1
1180 282 0
1181 224 0
1182 226 0
1183 14 0
1184 114 1
1185 302 0
1186 67 0
1187 210 1
1188 15 0
1189 268 1
1190 223 0
1191 259 1
1192 120 1
1193 116 0
1194 88 1
1195 230 0
1196 130 0
1197 170 1
1198 78 1
1199 11 1
1200 292 1
1201 234 0
1202 217 0
1203 92 1
1204 12 1
1205 28 1
1206 101 0
1207 291 1
1208 32 1
1209 150 1
1210 281 1
1211 34 1
1212 72 1
1213 4 1
1214 161 1
1215 115 0
1216 100 1
1217 199 1
1218 258 0
1219 14 0
1220 274 0
1221 50 0
1222 23 1
1223 141 1
1224 64 1
1225 105 1
1226 137 0
1227 300 1
1228 115 1
1229 210 0
1230 170 1
1231 196 0
1232 219 0
1233 53 1
1234 3 1
1235 292 1
1236 189 1
1237 118 1
1238 306 1
1239 197 1
1240 15 0
1241 181 0
1242 213 1
1243 212 1
1244 23 0
1245 71 1
1246 293 1
1247 237 0
1248 206 1
1249 69 0
1250 209 1
1251 259 1
1252 20 1
1253 234 1
1254 180 0
1255 163 1
1256 278 1
1257 199 0
1258 291 1
1259 58 1
1260 299 0
1261 281 1
1262 247 1
1263 184 1
1264 45 1
1265 207 0
1266 238 0
1267 198 1
1268 80 1
1269 51 1
1270 101 1
1271 227 1
1272 23 0
1273 30 1
1274 303 0
1275 174 0
1276 296 0
1277 125 1
1278 131 0
1279 233 0
1280 106 1
1281 282 1
1282 64 1
1283 69 1
1284 150 1
1285 176 1
1286 106 1
1287 96 0
1288 295 1
1289 216 1
1290 65 1
1291 52 1
1292 3 1
1293 141 1
1294 30 1
1295 162 0
1296 201 1
1297 25 1
1298 162 1
1299 182 0
1300 293 0
1301 28 0
1302 228 1
1303 301 1
1304 102 1
1305 280 1
1306 145 1
1307 73 1
1308 53 1
1309 213 1
1310 283 0
1311 298 1
1312 56 1
1313 215 0
1314 190 1
1315 302 1
1316 222 1
1317 120 0
1318 228 1
1319 131 1
1320 255 1
1321 42 1
1322 287 1
1323 171 1
1324 24 0
1325 195 0
1326 303 0
1327 28 1
1328 283 0
1329 43 1
1330 107 1
1331 194 0
1332 142 0
1333 16 0
1334 280 0
1335 244 1
1336 103 1
1337 93 1
1338 175 0
1339 196 1
1340 114 1
1341 278 1
1342 43 1
1343 243 1
1344 15 0
1345 37 1
1346 18 1
1347 74 1
1348 11 1
1349 302 0
1350 89 1
1351 213 0
1352 71 1
1353 275 0
1354 116 1
1355 217 1
1356 100 1
1357 34 1
1358 266 1
1359 14 0
1360 29 0
1361 27 0
1362 282 1
1363 59 1
1364 43 1
1365 51 1
1366 145 1
1367 17 1
1368 115 1
1369 234 0
1370 1 1
1371 155 1
1372 104 0
1373 96 1
1374 11 0
1375 197 1
1376 161 1
1377 245 1
1378 177 1
1379 281 1
1380 210 1
1381 46 0
1382 62 1
1383 37 0
1384 208 1
1385 102 1
1386 188 1
1387 83 0
1388 69 1
1389 128 1
1390 289 1
1391 278 0
1392 15 1
1393 209 1
1394 65 1
1395 185 1
1396 209 1
1397 96 0
1398 68 0
1399 221 1
1400 255 1
1401 257 0
1402 203 1
1403 122 0
1404 291 0
1405 204 1
1406 41 0
1407 267 1
1408 243 1
1409 99 1
1410 126 0
1411 277 1
1412 61 1
1413 151 1
1414 50 1
1415 256 1
1416 11 1
1417 214 1
1418 12 1
1419 30 0
1420 52 1
1421 121 1
1422 182 0
1423 228 1
1424 102 1
1425 199 0
1426 77 1
1427 29 1
1428 87 1
1429 39 1
1430 175 1
1431 295 1
1432 274 1
1433 251 1
1434 232 1
1435 54 1
1436 288 1
1437 70 1
1438 29 1
1439 132 0
1440 90 1
1441 132 0
1442 46 1
1443 78 1
1444 192 1
1445 122 1
1446 264 0
1447 18 1
1448 6 1
1449 210 1
1450 15 0
1451 66 0
1452 212 1
1453 238 1
1454 285 0
1455 145 1
1456 168 0
1457 87 1
1458 210 1
1459 198 1
1460 135 1
1461 6 0
1462 124 0
1463 17 1
1464 144 1
1465 219 1
1466 36 1
1467 156 1
1468 193 0
1469 34 1
1470 2 1
1471 12 1
1472 228 1
1473 235 0
1474 116 1
1475 156 1
1476 220 1
1477 116 1
1478 37 0
1479 19 1
1480 211 1
1481 113 1
1482 217 0
1483 41 0
1484 207 1
1485 47 1
1486 106 1
1487 3 0
1488 237 0
1489 10 0
1490 217 0
1491 70 1
1492 180 1
1493 246 1
1494 170 1
1495 171 1
1496 197 1
1497 174 1
1498 18 1
1499 61 1
1500 141 1
1501 58 1
1502 18 1
1503 47 0
1504 73 1
1505 75 0
1506 302 1
1507 192 1
1508 183 1
1509 165 1
1510 169 0
1511 200 1
1512 164 1
1513 17 1
1514 212 1
1515 258 1
1516 38 0
1517 66 0
1518 72 0
1519 84 1
1520 249 1
1521 207 1
1522 156 0
1523 271 0
1524 302 0
1525 78 1
1526 9 1
1527 74 0
1528 276 1
1529 127 1
1530 100 1
1531 229 0
1532 168 1
1533 273 1
1534 181 0
1535 236 0
1536 289 1
1537 219 1
1538 0 1
1539 249 1
1540 164 0
1541 11 0
1542 151 1
1543 198 1
1544 107 1
1545 302 0
1546 177 1
1547 38 1
1548 64 1
1549 129 0
1550 134 0
1551 219 0
1552 194 1
1553 27 1
1554 167 1
1555 119 1
1556 149 1
1557 49 1
1558 67 1
1559 192 1
1560 39 1
1561 74 1
1562 35 1
1563 26 1
1564 195 0
1565 195 1
1566 292 1
1567 219 1
1568 91 1
1569 224 0
1570 67 1
1571 133 0
1572 246 1
1573 288 1
1574 203 0
1575 31 1
1576 213 1
1577 230 1
1578 296 1
1579 120 0
1580 183 1
1581 58 0
1582 195 1
1583 119 0
1584 147 1
1585 9 1
1586 230 1
1587 203 1
1588 98 1
1589 26 1
1590 209 1
1591 8 0
1592 241 1
1593 136 1
1594 266 0
1595 38 0
1596 115 1
1597 161 1
1598 304 0
1599 62 0
1600 246 1
1601 130 1
1602 66 1
1603 111 1
1604 62 1
1605 237 1
1606 46 1
1607 159 0
1608 255 1
1609 62 1
1610 16 1
1611 286 0
1612 275 1
1613 214 1
1614 271 0
1615 188 0
1616 279 1
1617 151 0
1618 275 1
1619 53 1
1620 251 0
1621 74 1
1622 0 1
1623 49 1
1624 300 0
1625 92 1
1626 290 0
1627 298 0
1628 290 0
1629 75 1
1630 27 1
1631 236 1
1632 127 0
1633 195 0
1634 115 0
1635 205 1
1636 3 0
1637 49 1
1638 205 0
1639 188 0
1640 289 1
1641 286 1
1642 44 1
1643 303 1
1644 27 1
1645 132 0
1646 108 1
1647 211 0
1648 220 1
1649 102 1
1650 119 0
1651 166 0
1652 279 1
1653 283 1
1654 86 1
1655 226 1
1656 216 0
1657 112 1
1658 255 0
1659 138 1
1660 260 0
1661 188 0
1662 103 0
1663 68 0
1664 271 0
1665 203 1
1666 250 1
1667 57 0
1668 278 1
1669 251 1
1670 277 1
1671 204 1
1672 148 1
1673 298 0
1674 198 1
1675 229 1
1676 251 1
1677 291 1
1678 282 1
1679 222 0
1680 301 1
1681 180 1
1682 182 1
1683 239 1
1684 43 1
1685 62 1
1686 46 0
1687 50 0
1688 127 1
1689 141 1
1690 22 0
1691 248 1
1692 253 1
1693 92 1
1694 56 1
1695 246 0
1696 206 0
1697 295 1
1698 129 1
1699 85 1
1700 182 1
1701 36 1
1702 265 0
1703 274 1
1704 286 1
1705 262 1
1706 24 0
1707 274 1
1708 287 1
1709 278 1
1710 226 0
1711 87 1
1712 109 1
1713 285 1
1714 154 0
1715 262 1
1716 62 0
1717 31 1
1718 158 0
1719 35 0
1720 265 1
1721 297 1
1722 45 1
1723 32 0
1724 175 0
1725 61 0
1726 71 0
1727 298 1
1728 76 1
1729 271 1
1730 191 0
1731 32 1
1732 297 0
1733 203 1
1734 299 1
1735 137 1
1736 1 1
1737 12 1
1738 242 0
1739 71 1
1740 284 1
1741 205 1
1742 132 1
1743 80 1
1744 17 1
1745 211 1
1746 122 1
1747 233 0
1748 237 1
1749 112 1
1750 140 1
1751 258 1
1752 148 1
1753 266 0
1754 244 0
1755 273 0
1756 241 1
1757 121 1
1758 220 0
1759 47 1
1760 97 1
1761 218 0
1762 125 1
1763 103 1
1764 46 0
1765 56 1
1766 236 1
1767 99 0
1768 208 1
1769 12 1
1770 167 1
1771 218 0
1772 1 1
1773 19 0
1774 5 1
1775 231 0
1776 176 1
1777 172 1
1778 58 1
1779 128 0
1780 35 1
1781 141 1
1782 43 0
1783 200 0
1784 149 0
1785 247 1
1786 121 0
1787 269 1
1788 190 1
1789 116 1
1790 127 1
1791 149 1
1792 33 1
1793 298 0
1794 63 1
1795 47 1
1796 76 0
1797 142 1
1798 280 1
1799 221 1
1800 178 1
1801 290 1
1802 92 1
1803 194 0
1804 84 1
1805 251 0
1806 201 1
1807 288 0
1808 187 0
1809 176 1
1810 171 1
1811 42 1
1812 263 0
1813 218 1
1814 71 1
1815 209 1
1816 146 0
1817 14 1
1818 216 1
1819 293 1
1820 290 1
1821 285 1
1822 103 1
1823 269 1
1824 10 1
1825 234 1
1826 213 1
1827 281 0
1828 83 1
1829 177 1
1830 176 1
1831 256 0
1832 44 0
1833 26 0
1834 251 0
1835 106 0
1836 22 0
1837 42 0
1838 122 1
1839 108 0
1840 301 1
1841 86 1
1842 241 1
1843 149 0
1844 25 0
1845 24 0
1846 179 1
1847 68 0
1848 94 1
1849 28 0
1850 106 1
1851 203 1
1852 297 1
1853 25 1
1854 21 1
1855 17 1
1856 20 0
1857 224 1
1858 243 0
1859 131 1
1860 244 0
1861 92 1
1862 286 1
1863 191 1
1864 254 0
1865 270 1
1866 126 1
1867 33 1
1868 104 1
1869 80 1
1870 44 1
1871 141 0
1872 279 1
1873 256 1
1874 283 1
1875 27 0
1876 7 1
1877 188 1
1878 52 0
1879 139 0
1880 63 0
1881 291 1
1882 268 1
1883 157 0
1884 234 1
1885 269 1
1886 106 1
1887 194 1
1888 13 0
1889 145 1
1890 303 1
1891 289 1
1892 143 0
1893 148 1
1894 14 1
1895 47 0
1896 240 1
1897 197 0
1898 127 1
1899 117 1
1900 135 0
1901 105 0
1902 262 1
1903 91 1
1904 136 1
1905 37 1
1906 260 1
1907 214 0
1908 40 0
1909 292 1
1910 193 0
1911 290 0
1912 142 1
1913 99 1
1914 78 1
1915 97 1
1916 68 1
1917 226 1
1918 274 0
1919 71 0
1920 98 1
1921 7 1
1922 207 0
1923 147 1
1924 128 1
1925 74 1
1926 16 0
1927 220 1
1928 88 1
1929 201 0
1930 1 1
1931 151 1
1932 193 0
1933 171 1
1934 11 1
1935 35 1
1936 45 1
1937 239 1
1938 115 0
1939 272 1
1940 63 0
1941 108 1
1942 255 1
1943 11 0
1944 113 0
1945 282 1
1946 282 1
1947 262 1
1948 127 1
1949 180 1
1950 141 1
1951 19 1
1952 109 1
1953 62 0
1954 189 1
1955 11 0
1956 225 0
1957 183 1
1958 299 1
1959 290 1
1960 257 1
1961 70 0
1962 243 0
1963 252 1
1964 2 1
1965 53 1
1966 112 1
1967 260 0
1968 182 1
1969 296 0
1970 122 0
1971 89 0
1972 50 0
1973 293 0
1974 11 0
1975 226 1
1976 7 0
1977 45 1
1978 93 0
1979 165 0
1980 194 1
1981 90 1
1982 64 0
1983 72 1
1984 138 1
1985 4 1
1986 299 0
1987 73 1
1988 216 0
1989 84 1
1990 108 1
1991 40 0
1992 71 1
1993 137 1
1994 233 1
1995 110 1
1996 294 1
1997 49 1
1998 96 0
1999 297 1
2000 34 0
2001 118 0
2002 245 1
2003 147 1
2004 101 1
2005 233 1
2006 85 1
2007 96 0
2008 209 1
2009 171 1
2010 2 1
2011 106 0
2012 26 0
2013 119 1
2014 128 1
2015 287 1
2016 262 1
2017 39 0
2018 140 1
2019 206 1
2020 268 1
2021 144 1
2022 257 0
2023 281 1
2024 246 1
2025 146 1
2026 199 0
2027 88 0
2028 32 1
2029 278 1
2030 168 1
2031 174 0
2032 207 1
2033 174 1
2034 251 0
2035 281 1
2036 58 1
2037 259 1
2038 210 0
2039 19 1
2040 151 1
2041 249 1
2042 42 0
2043 119 1
2044 89 0
2045 234 0
2046 199 1
2047 152 1
2048 166 0
2049 139 0
2050 23 1
2051 94 1
2052 83 1
2053 248 1
2054 52 0
2055 294 0
2056 56 1
2057 97 0
2058 117 0
2059 172 1
2060 79 1
2061 156 1
2062 52 1
2063 71 0
2064 258 1
2065 179 1
2066 96 1
2067 214 1
2068 171 1
2069 17 1
2070 273 1
2071 277 0
2072 91 0
2073 200 0
2074 284 1
2075 108 0
2076 245 1
2077 106 0
2078 196 0
2079 60 1
2080 160 1
2081 201 1
2082 285 0
2083 287 1
2084 35 1
2085 145 0
2086 160 0
2087 182 1
2088 183 1
2089 233 0
2090 221 1
2091 67 0
2092 150 1
2093 228 1
2094 123 1
2095 38 0
2096 300 0
2097 84 0
2098 119 0
2099 200 1
2100 299 1
2101 86 1
2102 234 1
2103 177 1
2104 116 1
2105 201 1
2106 295 0
2107 189 1
2108 214 1
2109 30 1
2110 250 1
2111 165 0
2112 80 0
2113 66 0
2114 244 1
2115 284 0
2116 156 0
2117 240 0
2118 103 1
2119 124 1
2120 64 1
2121 250 0
2122 286 0
2123 271 1
2124 174 1
2125 76 1
2126 62 1
2127 212 0
2128 114 1
2129 193 0
2130 88 0
2131 59 1
2132 5 0
2133 179 0
2134 261 1
2135 100 1
2136 14 0
2137 72 1
2138 28 0
2139 39 0
2140 109 1
2141 170 1
2142 207 1
2143 165 1
2144 204 0
2145 144 1
2146 72 0
2147 82 1
2148 48 1
2149 36 0
2150 30 0
2151 100 1
2152 32 1
2153 275 1
2154 59 1
2155 113 0
2156 280 1
2157 112 1
2158 131 1
2159 46 1
2160 100 1
2161 172 1
2162 246 1
2163 21 1
2164 60 0
2165 147 1
2166 45 0
2167 292 0
2168 271 0
2169 216 0
2170 119 0
2171 271 0
2172 157 1
2173 204 0
2174 46 0
2175 167 0
2176 292 1
2177 90 1
2178 138 0
2179 69 1
2180 99 1
2181 60 1
2182 9 1
2183 222 0
2184 79 0
2185 155 1
2186 84 1
2187 142 1
2188 275 1
2189 301 1
2190 141 0
2191 12 1
2192 45 1
2193 209 1
2194 144 1
2195 75 0
2196 39 1
2197 81 1
2198 261 1
2199 180 0
2200 57 1
2201 161 0
2202 148 1
2203 154 0
2204 194 1
2205 290 1
2206 161 0
2207 234 1
2208 177 1
2209 241 1
2210 265 0
2211 30 0
2212 225 1
2213 204 1
2214 265 1
2215 142 0
2216 106 0
2217 236 1
2218 72 0
2219 222 1
2220 83 1
2221 67 1
2222 280 0
2223 302 1
2224 209 1
2225 16 1
2226 18 1
2227 17 0
2228 9 0
2229 273 1
2230 299 0
2231 142 1
2232 184 1
2233 282 1
2234 6 1
2235 295 1
2236 175 0
2237 106 0
2238 129 1
2239 71 1
2240 110 1
2241 51 0
2242 213 1
2243 223 0
2244 289 1
2245 42 1
2246 70 0
2247 230 1
2248 27 1
2249 282 1
2250 176 1
2251 282 1
2252 20 0
2253 272 1
2254 34 1
2255 260 0
2256 202 1
2257 123 0
2258 151 1
2259 183 1
2260 80 1
2261 266 1
2262 181 1
2263 176 1
2264 247 1
2265 172 1
2266 115 1
2267 11 1
2268 1 1
2269 57 0
2270 91 0
2271 30 0
2272 252 0
2273 26 1
2274 44 0
2275 81 1
2276 285 1
2277 46 1
2278 82 1
2279 218 1
2280 145 0
2281 68 0
2282 3 1
2283 168 1
2284 214 0
2285 118 1
2286 166 0
2287 143 1
2288 153 1
2289 286 1
2290 229 1
2291 14 0
2292 181 1
2293 217 0
2294 54 0
2295 215 1
2296 292 1
2297 232 0
2298 213 1
2299 72 1
2300 249 1
2301 198 1
2302 190 1
2303 298 1
2304 55 0
2305 233 0
2306 111 0
2307 36 0
2308 158 0
2309 178 0
2310 154 1
2311 183 1
2312 220 1
2313 286 1
2314 282 1
2315 19 1
2316 92 1
2317 184 1
2318 102 1
2319 90 1
2320 225 1
2321 293 0
2322 114 1
2323 251 0
2324 126 1
2325 256 1
2326 287 0
2327 43 1
2328 14 1
2329 99 0
2330 231 0
2331 64 1
2332 107 0
2333 150 1
2334 196 1
2335 139 1
2336 29 1
2337 74 1
2338 77 1
2339 188 0
2340 220 1
2341 28 1
2342 43 1
2343 252 1
2344 252 1
2345 204 1
2346 13 1
2347 273 0
2348 289 1
2349 101 1
2350 129 1
2351 143 0
2352 295 1
2353 75 1
2354 8 1
2355 120 0
2356 252 0
2357 279 1
2358 71 1
2359 124 1
2360 119 0
2361 273 0
2362 141 1
2363 24 0
2364 206 1
2365 152 1
2366 217 0
2367 267 0
2368 57 1
2369 122 0
2370 70 1
2371 144 0
2372 242 0
2373 83 1
2374 113 0
2375 181 1
2376 159 1
2377 58 1
2378 237 1
2379 274 0
2380 287 1
2381 245 1
2382 266 1
2383 27 1
2384 91 0
2385 239 1
2386 243 1
2387 28 0
2388 271 1
2389 35 1
2390 171 0
2391 3 1
2392 136 1
2393 175 0
2394 222 0
2395 283 1
2396 34 1
2397 24 1
2398 277 0
2399 167 1
2400 51 0
2401 301 0
2402 254 0
2403 16 0
2404 214 1
2405 296 0
2406 269 1
2407 259 0
2408 211 0
2409 244 1
2410 42 1
2411 180 1
2412 292 0
2413 148 1
2414 106 1
2415 16 0
2416 186 1
2417 224 0
2418 113 1
2419 123 1
2420 65 0
2421 177 1
2422 183 1
2423 283 1
2424 29 1
2425 293 1
2426 213 0
2427 147 1
2428 222 1
2429 154 0
2430 154 0
2431 258 1
2432 33 1
2433 17 1
2434 189 1
2435 166 1
2436 104 0
2437 132 1
2438 16 0
2439 226 1
2440 101 0
2441 116 1
2442 229 0
2443 286 0
2444 181 1
2445 166 1
2446 155 1
2447 219 1
2448 65 1
2449 27 0
2450 228 0
2451 52 1
2452 80 0
2453 163 1
2454 65 0
2455 142 0
2456 66 1
2457 174 0
2458 145 1
2459 133 1
2460 59 0
2461 127 0
2462 268 1
2463 175 1
2464 127 1
2465 211 1
2466 247 1
2467 231 1
2468 220 0
2469 196 0
2470 170 1
2471 144 1
2472 142 1
2473 226 0
2474 16 1
2475 79 1
2476 282 1
2477 141 1
2478 19 0
2479 120 0
2480 290 1
2481 125 0
2482 60 1
2483 23 0
2484 216 1
2485 30 1
2486 23 0
2487 89 1
2488 37 1
2489 304 0
2490 218 1
2491 287 0
2492 55 1
2493 287 1
2494 209 1
2495 72 0
2496 204 1
2497 195 1
2498 18 1
2499 9 1
2500 210 0
2501 166 0
2502 293 0
2503 22 1
2504 35 1
2505 235 0
2506 174 0
2507 70 1
2508 188 1
2509 76 0
2510 151 0
2511 56 1
2512 196 1
2513 85 1
2514 242 1
2515 301 1
2516 213 1
2517 150 1
2518 187 1
2519 302 1
2520 270 1
2521 98 0
2522 297 1
2523 140 1
2524 219 1
2525 42 1
2526 295 1
2527 270 1
2528 200 1
2529 250 1
2530 302 1
2531 280 1
2532 176 1
2533 259 1
2534 147 0
2535 50 0
2536 28 1
2537 21 1
2538 10 0
2539 49 1
2540 228 1
2541 144 1
2542 40 1
2543 173 1
2544 7 0
2545 148 1
2546 133 0
2547 62 1
2548 175 0
2549 59 0
2550 40 0
2551 206 1
2552 109 1
2553 17 1
2554 239 1
2555 121 0
2556 8 1
2557 149 1
2558 145 1
2559 140 0
2560 210 1
2561 6 1
2562 260 0
2563 118 1
2564 161 1
2565 145 1
2566 137 1
2567 199 1
2568 43 1
2569 139 1
2570 55 0
2571 214 0
2572 298 0
2573 270 1
2574 229 1
2575 139 1
2576 163 1
2577 248 1
2578 64 1
2579 18 1
2580 87 1
2581 49 1
2582 286 1
2583 16 1
2584 238 0
2585 155 1
2586 187 0
2587 208 1
2588 49 1
2589 244 1
2590 47 1
2591 262 0
2592 301 1
2593 100 1
2594 114 1
2595 135 1
2596 53 1
2597 278 1
2598 206 1
2599 291 1
2600 221 1
2601 281 1
2602 131 1
2603 131 1
2604 48 1
2605 231 1
2606 224 1
2607 78 1
2608 162 1
2609 129 1
2610 147 1
2611 251 0
2612 221 1
2613 83 1
2614 288 1
2615 108 0
2616 285 1
2617 154 0
2618 38 1
2619 290 0
2620 205 1
2621 32 1
2622 173 1
2623 271 1
2624 140 1
2625 77 0
2626 209 0
2627 260 0
2628 94 1
2629 95 1
2630 183 1
2631 128 1
2632 137 1
2633 44 0
2634 191 1
2635 112 1
2636 93 0
2637 63 1
2638 28 0
2639 145 0
2640 200 1
2641 0 1
2642 174 1
2643 76 0
2644 149 1
2645 116 1
2646 147 0
2647 266 0
2648 72 0
2649 232 0
2650 189 0
2651 204 0
2652 261 0
2653 92 1
2654 66 1
2655 2 0
2656 83 0
2657 219 0
2658 35 1
2659 299 1
2660 160 1
2661 289 1
2662 204 0
2663 136 0
2664 103 0
2665 84 1
2666 256 0
2667 118 1
2668 20 1
2669 272 1
2670 70 0
2671 125 0
2672 49 1
2673 184 0
2674 26 1
2675 120 1
2676 135 1
2677 117 1
2678 280 1
2679 160 0
2680 165 1
2681 219 0
2682 76 1
2683 98 0
2684 12 1
2685 34 1
2686 189 1
2687 88 1
2688 47 0
2689 252 1
2690 220 0
2691 112 1
2692 97 0
2693 160 0
2694 27 0
2695 226 0
2696 188 1
2697 158 1
2698 248 0
2699 212 0
2700 171 0
2701 195 0
2702 256 1
2703 142 1
2704 248 1
2705 150 1
2706 4 1
2707 60 1
2708 263 0
2709 172 1
2710 86 1
2711 255 1
2712 82 0
2713 83 1
2714 214 0
2715 56 0
2716 86 1
2717 289 0
2718 306 0
2719 112 1
2720 62 0
2721 259 1
2722 217 0
2723 247 0
2724 85 1
2725 8 1
2726 55 1
2727 296 0
2728 220 1
2729 240 0
2730 220 1
2731 56 0
2732 92 0
2733 193 0
2734 13 0
2735 190 1
2736 260 1
2737 221 1
2738 6 1
2739 274 1
2740 125 0
2741 34 1
2742 89 1
2743 90 0
2744 176 0
2745 288 0
2746 91 0
2747 167 0
2748 155 1
2749 47 1
2750 131 1
2751 16 1
2752 230 0
2753 27 0
2754 250 1
2755 21 1
2756 48 1
2757 21 1
2758 159 1
2759 298 1
2760 213 0
2761 196 0
2762 88 0
2763 32 1
2764 268 0
2765 263 1
2766 167 0
2767 257 0
2768 140 0
2769 20 1
2770 51 0
2771 231 1
2772 256 1
2773 88 0
2774 214 1
2775 294 1
2776 209 1
2777 48 1
2778 11 0
2779 164 0
2780 238 0
2781 224 1
2782 171 1
2783 267 1
2784 230 0
2785 168 0
2786 260 0
2787 232 1
2788 275 1
2789 168 0
2790 22 1
2791 154 1
2792 110 0
2793 151 1
2794 54 1
2795 252 0
2796 128 0
2797 241 1
2798 115 0
2799 156 1
2800 33 0
2801 92 0
2802 39 1
2803 46 0
2804 188 0
2805 269 1
2806 141 1
2807 292 1
2808 169 1
2809 224 1
2810 145 1
2811 287 1
2812 111 0
2813 197 1
2814 273 1
2815 37 0
2816 221 0
2817 144 1
2818 226 1
2819 268 1
2820 177 1
2821 169 0
2822 276 0
2823 114 1
2824 292 1
2825 133 0
2826 280 1
2827 176 1
2828 185 0
2829 82 0
2830 191 1
2831 2 1
2832 250 1
2833 138 1
2834 110 1
2835 128 0
2836 180 1
2837 71 1
2838 225 1
2839 59 1
2840 217 1
2841 33 1
2842 77 1
2843 46 1
2844 127 1
2845 264 1
2846 21 0
2847 275 1
2848 107 0
2849 63 1
2850 284 1
2851 276 1
2852 262 1
2853 78 0
2854 306 1
2855 162 1
2856 101 1
2857 258 1
2858 256 1
2859 212 0
2860 284 1
2861 247 1
2862 209 1
2863 120 1
2864 94 0
2865 305 1
2866 148 0
2867 1 0
2868 166 1
2869 134 0
2870 296 1
2871 233 1
2872 35 1
2873 41 1
2874 32 1
2875 220 0
2876 274 0
2877 87 1
2878 226 1
2879 264 1
2880 243 0
2881 85 0
2882 81 0
2883 38 1
2884 16 1
2885 185 1
2886 240 0
2887 254 1
2888 67 1
2889 32 0
2890 92 1
2891 188 0
2892 263 0
2893 236 0
2894 107 1
2895 275 1
2896 0 0
2897 127 1
2898 297 0
2899 22 1
2900 188 0
2901 91 1
2902 90 1
2903 247 0
2904 105 1
2905 107 1
2906 304 1
2907 109 0
2908 195 0
2909 295 1
2910 83 1
2911 38 1
2912 89 0
2913 165 1
2914 181 1
2915 244 1
2916 245 1
2917 34 0
2918 146 1
2919 36 1
2920 26 0
2921 73 1
2922 63 0
2923 136 1
2924 299 1
2925 25 1
2926 80 0
2927 160 1
2928 79 1
2929 100 0
2930 57 0
2931 173 1
2932 145 1
2933 103 1
2934 260 0
2935 167 1
2936 213 1
2937 83 1
2938 194 1
2939 306 1
2940 115 1
2941 34 0
2942 166 1
2943 216 1
2944 64 0
2945 128 0
2946 204 1
2947 195 0
2948 52 1
2949 265 0
2950 61 0
2951 65 1
2952 137 1
2953 16 1
2954 139 0
2955 289 0
2956 40 1
2957 221 0
2958 62 1
2959 75 1
2960 297 1
2961 19 1
2962 277 1
2963 89 1
2964 57 0
2965 186 0
2966 251 1
2967 165 0
2968 250 1
2969 263 1
2970 275 1
2971 187 0
2972 113 0
2973 66 1
2974 4 1
2975 74 1
2976 116 0
2977 41 0
2978 81 1
2979 39 1
2980 28 1
2981 108 1
2982 249 1
2983 132 0
2984 305 1
2985 126 1
2986 184 1
2987 54 0
2988 187 1
2989 246 1
2990 112 1
2991 38 0
2992 107 1
2993 166 1
2994 60 1
2995 257 1
2996 202 0
2997 139 1
2998 182 1
2999 188 0
3000 210 1
3001 225 0
3002 13 0
3003 157 1
3004 250 1
3005 244 0
3006 110 0
3007 284 1
3008 133 1
3009 29 1
3010 120 1
3011 53 1
3012 116 0
3013 239 1
3014 7 0
3015 22 1
3016 206 1
3017 76 1
3018 299 1
3019 271 0
3020 102 1
3021 298 1
3022 262 1
3023 281 0
3024 269 1
3025 132 0
3026 289 1
3027 255 1
3028 228 1
3029 247 1
3030 158 0
3031 303 1
3032 209 0
3033 128 1
3034 158 1
3035 216 0
3036 73 1
3037 245 1
3038 105 0
3039 196 1
3040 222 0
3041 0 0
3042 58 1
3043 153 1
3044 215 1
3045 66 0
3046 55 0
3047 203 0
3048 293 0
3049 10 0
3050 116 1
3051 177 1
3052 284 1
3053 297 1
3054 27 1
3055 0 1
3056 286 0
3057 304 0
3058 27 0
3059 96 1
3060 15 1
3061 81 1
3062 303 0
3063 185 0
3064 80 1
3065 127 1
3066 272 1
3067 237 1
3068 191 0
3069 182 1
3070 185 1
3071 11 1
3072 182 1
3073 202 0
3074 9 1
3075 303 0
3076 232 0
3077 173 0
3078 133 0
3079 290 0
3080 19 1
3081 261 1
3082 266 0
3083 85 1
3084 190 1
3085 220 1
3086 222 0
3087 232 1
3088 91 1
3089 159 1
3090 276 1
3091 204 1
3092 5 1
3093 281 1
3094 281 1
3095 203 0
3096 226 0
3097 136 1
3098 120 1
3099 109 1
3100 262 0
3101 71 0
3102 105 1
3103 126 1
3104 282 1
3105 70 1
3106 213 1
3107 304 0
3108 196 1
3109 128 1
3110 7 1
3111 15 0
3112 260 0
3113 271 1
3114 145 0
3115 155 1
3116 253 0
3117 50 1
3118 302 0
3119 249 1
3120 234 1
3121 300 0
3122 137 1
3123 130 0
3124 40 1
3125 48 1
3126 55 1
3127 133 0
3128 294 0
3129 240 1
3130 21 1
3131 5 0
3132 87 1
3133 19 1
3134 82 0
3135 131 0
3136 131 0
3137 228 1
3138 273 0
3139 147 0
3140 82 0
3141 212 1
3142 110 1
3143 224 1
3144 293 0
3145 1 1
3146 18 0
3147 54 0
3148 140 1
3149 187 0
3150 193 1
3151 4 0
3152 65 0
3153 137 0
3154 56 0
3155 196 1
3156 252 1
3157 47 1
3158 298 0
3159 231 1
3160 201 0
3161 143 1
3162 239 1
3163 17 1
3164 42 1
3165 225 1
3166 145 1
3167 25 1
3168 235 1
3169 93 1
3170 140 0
3171 281 1
3172 163 1
3173 298 0
3174 293 1
3175 289 1
3176 226 1
3177 258 1
3178 15 1
3179 161 0
3180 103 0
3181 293 0
3182 2 0
3183 4 0
3184 253 0
3185 152 0
3186 80 1
3187 22 1
3188 147 1
3189 169 0
3190 86 1
3191 252 1
3192 49 0
3193 243 1
3194 251 1
3195 201 0
3196 176 1
3197 148 1
3198 50 1
3199 39 1
3200 249 0
3201 240 1
3202 89 0
3203 116 1
3204 126 1
3205 222 0
3206 288 1
3207 218 1
3208 142 0
3209 252 1
3210 251 1
3211 293 1
3212 186 1
3213 150 1
3214 58 0
3215 84 1
3216 153 0
3217 181 0
3218 52 0
3219 252 1
3220 48 1
3221 84 1
3222 185 1
3223 217 1
3224 228 0
3225 186 1
3226 81 1
3227 143 1
3228 78 1
3229 48 0
3230 28 1
3231 295 1
3232 228 1
3233 275 1
3234 238 1
3235 231 1
3236 238 0
3237 166 0
3238 161 1
3239 216 0
3240 239 0
3241 105 0
3242 119 0
3243 53 1
3244 86 1
3245 185 0
3246 5 1
3247 147 1
3248 114 1
3249 286 1
3250 108 0
3251 183 1
3252 297 1
3253 7 0
3254 198 1
3255 5 1
3256 90 1
3257 301 1
3258 130 1
3259 179 0
3260 227 1
3261 182 0
3262 2 1
3263 238 0
3264 138 1
3265 240 1
3266 199 0
3267 136 1
3268 238 1
3269 191 1
3270 138 1
3271 31 1
3272 157 1
3273 210 0
3274 152 0
3275 48 0
3276 218 0
3277 77 0
3278 25 1
3279 108 0
3280 304 1
3281 32 0
3282 237 1
3283 236 1
3284 163 1
3285 69 1
3286 167 1
3287 303 1
3288 205 0
3289 155 1
3290 289 1
3291 280 1
3292 286 1
3293 193 1
3294 216 0
3295 19 1
3296 115 1
3297 181 1
3298 71 0
3299 293 1
3300 81 1
3301 2 0
3302 235 0
3303 116 1
3304 204 1
3305 113 1
3306 20 1
3307 238 0
3308 295 1
3309 82 1
3310 118 1
3311 190 1
3312 4 1
3313 280 0
3314 26 1
3315 82 0
3316 173 1
3317 207 1
3318 161 1
3319 86 0
3320 61 1
3321 175 1
3322 138 0
3323 159 1
3324 230 1
3325 24 1
3326 194 0
3327 276 1
3328 52 1
3329 124 0
3330 138 0
3331 265 1
3332 142 0
3333 186 1
3334 262 0
3335 293 0
3336 16 0
3337 176 1
3338 268 1
3339 53 0
3340 269 1
3341 5 0
3342 64 1
3343 205 0
3344 153 1
3345 46 1
3346 81 1
3347 297 0
3348 249 1
3349 150 1
3350 299 1
3351 71 1
3352 298 0
3353 242 1
3354 275 0
3355 222 1
3356 145 0
3357 17 0
3358 53 1
3359 177 1
3360 97 1
3361 192 1
3362 306 1
3363 252 1
3364 209 0
3365 304 0
3366 4 1
3367 289 0
3368 88 1
3369 105 1
3370 292 1
3371 146 0
3372 100 1
3373 191 1
3374 158 1
3375 132 0
3376 284 1
3377 205 0
3378 50 1
3379 304 1
3380 19 1
3381 154 0
3382 222 0
3383 98 1
3384 133 0
3385 139 1
3386 303 1
3387 100 0
3388 300 0
3389 22 0
3390 124 1
3391 179 1
3392 251 1
3393 236 1
3394 79 1
3395 254 0
3396 79 0
3397 201 1
3398 88 1
3399 77 0
3400 46 1
3401 192 1
3402 46 0
3403 218 0
3404 128 0
3405 269 1
3406 167 0
3407 205 1
3408 70 1
3409 105 1
3410 139 1
3411 20 1
3412 4 1
3413 64 1
3414 64 1
3415 166 1
3416 209 1
3417 232 1
3418 273 0
3419 145 1
3420 156 0
3421 198 1
3422 100 0
3423 206 1
3424 2 1
3425 91 0
3426 215 1
3427 290 1
3428 104 1
3429 85 1
3430 40 1
3431 51 0
3432 153 1
3433 48 0
3434 278 1
3435 293 1
3436 73 1
3437 223 1
3438 131 1
3439 115 1
3440 286 1
3441 204 1
3442 90 1
3443 186 1
3444 8 1
3445 214 0
3446 66 1
3447 70 0
3448 92 1
3449 190 1
3450 84 0
3451 271 1
3452 211 1
3453 102 1
3454 161 1
3455 19 1
3456 195 1
3457 107 1
3458 183 0
3459 24 1
3460 109 1
3461 91 1
3462 275 1
3463 246 1
3464 130 1
3465 203 1
3466 156 1
3467 222 1
3468 206 1
3469 25 0
3470 85 0
3471 280 0
3472 39 0
3473 110 0
3474 145 1
3475 37 1
3476 144 1
3477 202 1
3478 219 1
3479 24 1
3480 121 1
3481 108 1
3482 246 0
3483 188 1
3484 199 1
3485 284 1
3486 29 1
3487 31 0
3488 188 1
3489 221 1
3490 127 0
3491 281 1
3492 238 0
3493 235 1
3494 168 1
3495 273 0
3496 109 1
3497 31 1
3498 256 1
3499 44 1
3500 283 1
3501 127 0
3502 130 0
3503 4 1
3504 229 0
3505 118 1
3506 256 0
3507 172 1
3508 120 1
3509 111 0
3510 210 1
3511 43 0
3512 230 0
3513 140 0
3514 145 1
3515 101 1
3516 57 1
3517 285 0
3518 9 1
3519 279 1
3520 286 1
3521 60 0
3522 261 1
3523 196 0
3524 104 0
3525 135 0
3526 156 0
3527 177 1
3528 24 1
3529 110 0
3530 46 1
3531 63 1
3532 62 1
3533 291 0
3534 102 0
3535 82 1
3536 125 0
3537 89 1
3538 225 0
3539 154 0
3540 136 0
3541 266 1
3542 239 1
3543 223 1
3544 226 1
3545 126 0
3546 89 0
3547 147 1
3548 2 1
3549 302 1
3550 246 1
3551 37 0
3552 70 0
3553 145 1
3554 263 1
3555 168 0
3556 133 0
3557 157 1
3558 263 0
3559 101 0
3560 178 1
3561 305 1
3562 189 1
3563 191 1
3564 129 1
3565 226 1
3566 35 0
3567 133 1
3568 162 1
3569 93 0
3570 122 1
3571 289 1
3572 81 1
3573 92 1
3574 212 1
3575 71 1
3576 194 0
3577 123 1
3578 66 1
3579 198 0
3580 272 1
3581 264 1
3582 153 0
3583 105 1
3584 220 0
3585 205 1
3586 3 0
3587 62 1
3588 99 1
3589 280 1
3590 120 0
3591 168 1
3592 271 0
3593 242 0
3594 150 0
3595 305 1
3596 23 1
3597 116 1
3598 125 1
3599 264 1
3600 192 0
3601 152 1
3602 123 1
3603 131 1
3604 219 1
3605 306 1
3606 227 1
3607 198 1
3608 82 1
3609 73 1
3610 118 1
3611 119 0
3612 106 1
3613 169 1
3614 229 1
3615 41 1
3616 62 1
3617 160 1
3618 179 1
3619 258 1
3620 88 1
3621 283 0
3622 48 0
3623 130 1
3624 159 1
3625 134 1
3626 47 0
3627 269 1
3628 182 1
3629 157 1
3630 31 1
3631 69 1
3632 243 1
3633 208 1
3634 293 1
3635 59 1
3636 268 1
3637 13 0
3638 288 0
3639 298 1
3640 119 1
3641 268 1
3642 73 1
3643 171 1
3644 135 0
3645 290 0
3646 151 1
3647 189 0
3648 54 0
3649 54 1
3650 100 0
3651 274 1
3652 306 1
3653 230 1
3654 203 1
3655 279 1
3656 119 0
3657 32 1
3658 244 1
3659 71 1
3660 156 0
3661 89 0
3662 185 0
3663 166 1
3664 140 1
3665 53 1
3666 106 0
3667 153 0
3668 79 1
3669 166 1
3670 149 1
3671 69 1
3672 151 0
3673 5 1
3674 157 0
3675 160 1
3676 209 0
3677 85 0
3678 299 0
3679 99 1
3680 244 1
3681 224 1
3682 23 0
3683 229 1
3684 305 1
3685 78 1
3686 305 1
3687 266 1
3688 101 1
3689 10 1
3690 119 1
3691 36 1
3692 271 0
3693 267 1
3694 144 0
3695 247 1
3696 63 0
3697 205 1
3698 165 1
3699 268 1
3700 294 1
3701 161 1
3702 39 0
3703 293 1
3704 164 1
3705 170 1
3706 19 0
3707 156 1
3708 99 1
3709 98 1
3710 26 1
3711 18 1
3712 54 0
3713 255 1
3714 43 1
3715 154 1
3716 186 1
3717 253 0
3718 208 1
3719 137 0
3720 87 0
3721 120 0
3722 285 1
3723 90 0
3724 243 0
3725 14 1
3726 306 1
3727 131 0
3728 28 1
3729 124 1
3730 226 1
3731 260 0
3732 138 1
3733 24 1
3734 296 0
3735 183 1
3736 13 0
3737 183 1
3738 124 1
3739 148 0
3740 6 0
3741 24 1
3742 273 0
3743 217 1
3744 86 1
3745 224 1
3746 165 0
3747 110 1
3748 234 1
3749 115 1
3750 226 1
3751 300 1
3752 67 1
3753 2 1
3754 222 1
3755 25 1
3756 5 1
3757 6 1
3758 55 0
3759 124 1
3760 109 1
3761 304 0
3762 297 1
3763 43 1
3764 93 1
3765 141 1
3766 228 0
3767 23 1
3768 83 1
3769 260 0
3770 176 0
3771 78 0
3772 185 1
3773 84 1
3774 159 1
3775 233 1
3776 22 1
3777 8 1
3778 110 0
3779 9 1
3780 288 1
3781 67 1
3782 135 1
3783 49 0
3784 196 1
3785 69 0
3786 138 1
3787 98 1
3788 83 0
3789 29 1
3790 163 1
3791 282 1
3792 264 1
3793 197 0
3794 192 0
3795 123 1
3796 207 1
3797 6 1
3798 53 0
3799 27 0
3800 137 0
3801 166 0
3802 15 1
3803 64 1
3804 219 0
3805 112 1
3806 127 0
3807 260 1
3808 1 1
3809 3 1
3810 208 1
3811 218 1
3812 10 1
3813 223 1
3814 52 1
3815 164 1
3816 118 1
3817 236 0
3818 59 1
3819 4 0
3820 244 1
3821 125 1
3822 135 1
3823 0 0
3824 80 1
3825 102 0
3826 130 0
3827 247 0
3828 10 1
3829 133 1
3830 186 0
3831 23 1
3832 92 1
3833 211 0
3834 104 1
3835 202 1
3836 183 0
3837 264 0
3838 99 0
3839 227 1
3840 40 1
3841 11 0
3842 115 1
3843 161 1
3844 195 1
3845 267 1
3846 57 0
3847 72 1
3848 95 1
3849 301 1
3850 271 1
3851 13 1
3852 297 1
3853 10 0
3854 7 0
3855 120 0
3856 31 1
3857 68 1
3858 162 1
3859 124 1
3860 296 0
3861 125 1
3862 226 1
3863 274 1
3864 25 0
3865 293 0
3866 10 1
3867 294 1
3868 128 0
3869 168 0
3870 85 1
3871 262 1
3872 192 1
3873 115 1
3874 25 0
3875 98 0
3876 174 0
3877 218 1
3878 271 0
3879 108 1
3880 306 1
3881 57 0
3882 173 0
3883 88 1
3884 200 1
3885 209 0
3886 10 1
3887 254 1
3888 40 1
3889 21 1
3890 152 1
3891 10 1
3892 193 0
3893 192 0
3894 265 1
3895 226 0
3896 246 0
3897 124 1
3898 101 1
3899 265 1
3900 13 0
3901 131 1
3902 183 1
3903 76 0
3904 219 1
3905 219 1
3906 68 1
3907 14 0
3908 1 1
3909 191 1
3910 51 1
3911 75 1
3912 167 0
3913 261 1
3914 263 0
3915 192 1
3916 238 1
3917 150 0
3918 174 1
3919 268 1
3920 175 1
3921 2 1
3922 181 1
3923 276 0
3924 302 1
3925 221 1
3926 44 1
3927 195 1
3928 269 1
3929 102 1
3930 220 1
3931 274 1
3932 4 1
3933 38 1
3934 195 1
3935 38 1
3936 258 1
3937 157 1
3938 215 1
3939 165 1
3940 138 1
3941 107 1
3942 228 1
3943 244 1
3944 225 1
3945 187 0
3946 27 1
3947 62 1
3948 123 0
3949 289 1
3950 257 0
3951 232 0
3952 219 1
3953 191 0
3954 287 1
3955 188 0
3956 287 1
3957 73 1
3958 63 1
3959 249 0
3960 129 0
3961 278 1
3962 135 1
3963 267 0
3964 291 0
3965 120 0
3966 121 1
3967 221 0
3968 206 1
3969 11 1
3970 233 1
3971 157 1
3972 38 1
3973 273 0
3974 92 1
3975 162 1
3976 118 1
3977 150 1
3978 17 1
3979 284 1
3980 211 0
3981 242 0
3982 222 0
3983 216 1
3984 33 1
3985 238 1
3986 198 0
3987 25 0
3988 170 1
3989 110 0
3990 286 1
3991 177 0
3992 257 0
3993 44 0
3994 289 1
3995 276 0
3996 197 1
3997 218 1
3998 219 1
3999 164 1
4000 126 0
4001 143 0
4002 263 0
4003 105 1
4004 10 1
4005 81 1
4006 32 1
4007 87 0
4008 210 0
4009 109 1
4010 3 1
4011 79 1
4012 220 1
4013 243 0
4014 276 1
4015 237 0
4016 196 1
4017 43 0
4018 13 1
4019 50 1
4020 214 0
4021 13 1
4022 241 0
4023 81 1
4024 83 1
4025 109 1
4026 119 1
4027 218 1
4028 29 1
4029 245 1
4030 255 1
4031 252 1
4032 248 1
4033 68 1
4034 215 1
4035 56 1
4036 100 1
4037 141 0
4038 22 1
4039 30 1
4040 35 1
4041 43 1
4042 99 1
4043 39 1
4044 109 1
4045 206 0
4046 231 1
4047 52 1
4048 139 1
4049 284 1
4050 89 1
4051 249 0
4052 182 1
4053 75 1
4054 236 1
4055 82 1
4056 17 0
4057 277 1
4058 159 1
4059 18 0
4060 65 0
4061 176 1
4062 69 0
4063 91 1
4064 120 1
4065 107 0
4066 102 1
4067 170 1
4068 62 0
4069 261 1
4070 124 0
4071 114 0
4072 240 1
4073 30 0
4074 173 1
4075 211 0
4076 273 0
4077 158 0
4078 1 1
4079 173 1
4080 11 1
4081 102 0
4082 180 1
4083 248 1
4084 291 0
4085 85 1
4086 89 1
4087 249 1
4088 56 1
4089 273 1
4090 100 0
4091 11 1
4092 109 0
4093 259 1
