1375
1 478 0
2 651 0
3 255 1
4 244 1
5 493 0
6 467 1
7 163 1
8 182 1
9 618 1
10 184 1
11 544 1
12 429 0
13 642 0
14 251 1
15 655 1
16 362 0
17 330 1
18 463 1
19 488 1
20 74 0
21 165 1
22 415 0
23 529 1
24 100 0
25 466 1
26 366 1
27 556 1
28 1 0
29 66 1
30 121 1
31 341 0
32 431 1
33 473 0
34 33 1
35 577 1
36 407 1
37 337 0
38 47 0
39 396 1
40 278 1
41 320 1
42 138 1
43 216 0
44 139 1
45 591 1
46 292 1
47 232 1
48 580 0
49 594 0
50 643 0
51 610 1
52 178 1
53 649 1
54 78 1
55 260 1
56 372 1
57 488 1
58 233 1
59 337 1
60 275 1
61 321 1
62 125 0
63 267 1
64 235 0
65 495 1
66 496 1
67 193 1
68 117 0
69 587 1
70 152 1
71 39 1
72 205 0
73 11 0
74 8 1
75 299 1
76 53 1
77 27 0
78 149 1
79 59 1
80 131 1
81 40 1
82 436 0
83 278 0
84 52 1
85 436 0
86 690 0
87 216 1
88 691 0
89 109 1
90 64 1
91 671 1
92 4 1
93 183 1
94 481 0
95 539 1
96 85 0
97 217 0
98 500 0
99 563 1
100 137 1
101 244 1
102 251 0
103 498 1
104 376 1
105 618 1
106 704 1
107 445 1
108 52 1
109 351 1
110 159 0
111 123 1
112 445 1
113 454 1
114 523 1
115 474 1
116 282 1
117 264 0
118 355 0
119 452 1
120 347 0
121 148 1
122 423 1
123 536 1
124 710 1
125 498 0
126 553 0
127 90 0
128 649 1
129 408 1
130 538 1
131 609 0
132 576 0
133 330 1
134 613 0
135 440 0
136 628 1
137 75 1
138 670 1
139 303 1
140 275 1
141 314 0
142 398 0
143 91 1
144 237 1
145 284 1
146 157 1
147 372 1
148 31 0
149 442 1
150 260 0
151 580 0
152 46 0
153 3 0
154 244 0
155 162 1
156 596 1
157 124 1
158 169 1
159 306 0
160 203 1
161 157 1
162 460 1
163 71 0
164 207 1
165 112 1
166 683 1
167 131 0
168 524 0
169 422 1
170 130 0
171 64 0
172 549 0
173 697 0
174 604 0
175 100 1
176 370 0
177 657 1
178 675 0
179 98 0
180 17 0
181 126 1
182 78 1
183 405 1
184 80 1
185 147 0
186 388 0
187 625 0
188 400 0
189 631 1
190 190 1
191 588 0
192 677 1
193 167 0
194 237 1
195 298 1
196 163 1
197 442 1
198 370 1
199 333 0
200 452 1
201 149 1
202 180 0
203 554 0
204 672 0
205 560 1
206 693 1
207 400 1
208 458 0
209 274 0
210 521 1
211 438 1
212 485 1
213 414 0
214 305 0
215 81 0
216 204 1
217 373 0
218 492 1
219 652 1
220 177 1
221 292 1
222 425 1
223 504 0
224 235 1
225 556 0
226 126 0
227 217 1
228 451 1
229 42 0
230 355 1
231 489 0
232 554 0
233 119 1
234 54 1
235 276 0
236 47 1
237 77 0
238 236 1
239 333 0
240 135 1
241 4 0
242 459 1
243 361 1
244 540 1
245 643 1
246 16 1
247 430 1
248 460 1
249 393 1
250 96 0
251 434 1
252 213 0
253 105 1
254 69 1
255 409 1
256 615 1
257 666 1
258 322 1
259 249 1
260 208 0
261 534 1
262 490 0
263 282 1
264 490 1
265 240 1
266 121 0
267 418 0
268 162 1
269 272 1
270 449 1
271 123 0
272 270 1
273 603 1
274 82 1
275 231 0
276 9 1
277 202 1
278 193 1
279 225 1
280 648 0
281 246 1
282 116 1
283 593 1
284 676 1
285 197 1
286 11 1
287 454 1
288 287 1
289 162 1
290 685 1
291 147 1
292 134 1
293 682 1
294 321 1
295 699 1
296 350 1
297 516 0
298 385 1
299 433 1
300 438 1
301 251 0
302 127 1
303 19 0
304 26 1
305 271 1
306 262 1
307 182 1
308 455 1
309 611 1
310 37 0
311 523 1
312 319 1
313 541 1
314 612 0
315 542 1
316 581 1
317 76 1
318 674 0
319 611 1
320 676 1
321 188 1
322 277 1
323 510 1
324 211 0
325 285 1
326 496 1
327 123 0
328 111 1
329 496 0
330 615 0
331 550 1
332 296 1
333 169 0
334 409 1
335 447 0
336 638 1
337 487 1
338 494 0
339 224 1
340 382 1
341 442 1
342 94 0
343 470 0
344 206 1
345 417 1
346 269 0
347 82 1
348 569 1
349 113 1
350 519 1
351 327 1
352 684 1
353 137 0
354 75 1
355 659 1
356 559 1
357 112 1
358 443 1
359 346 0
360 524 0
361 447 1
362 706 0
363 648 1
364 269 1
365 317 1
366 297 1
367 211 1
368 234 1
369 223 1
370 198 1
371 55 0
372 48 0
373 186 0
374 237 1
375 117 0
376 272 1
377 331 1
378 582 1
379 318 1
380 204 1
381 617 0
382 56 1
383 259 0
384 464 1
385 88 1
386 342 0
387 195 1
388 510 1
389 370 1
390 602 0
391 484 1
392 27 0
393 116 1
394 59 1
395 238 1
396 46 1
397 254 1
398 659 0
399 592 0
400 684 1
401 562 0
402 511 1
403 193 1
404 115 1
405 32 1
406 538 0
407 367 1
408 109 1
409 663 1
410 406 1
411 120 1
412 220 1
413 42 1
414 576 0
415 579 0
416 291 0
417 551 1
418 162 0
419 600 0
420 83 1
421 482 1
422 637 0
423 162 0
424 621 0
425 603 1
426 703 1
427 255 0
428 586 0
429 579 1
430 619 1
431 174 1
432 563 0
433 289 0
434 245 0
435 691 0
436 297 1
437 637 1
438 87 0
439 457 0
440 402 1
441 511 1
442 560 1
443 293 1
444 39 1
445 60 0
446 95 1
447 345 0
448 248 0
449 361 1
450 299 1
451 510 1
452 490 1
453 308 1
454 11 1
455 574 0
456 602 1
457 495 1
458 316 1
459 572 1
460 637 1
461 503 1
462 154 0
463 368 0
464 259 1
465 584 0
466 45 0
467 131 1
468 305 1
469 402 1
470 693 1
471 218 1
472 526 1
473 521 0
474 678 0
475 687 1
476 701 1
477 112 1
478 102 0
479 234 1
480 697 1
481 608 1
482 176 0
483 567 0
484 667 1
485 286 1
486 209 1
487 519 1
488 194 0
489 155 1
490 597 1
491 252 0
492 96 1
493 17 1
494 333 1
495 248 1
496 45 1
497 549 1
498 571 0
499 191 1
500 149 1
501 462 1
502 470 1
503 583 1
504 485 0
505 513 0
506 356 1
507 244 1
508 106 1
509 538 1
510 201 1
511 245 0
512 618 1
513 156 1
514 687 1
515 292 1
516 313 1
517 172 1
518 0 0
519 224 0
520 69 1
521 344 0
522 479 1
523 565 1
524 539 1
525 0 1
526 666 0
527 675 1
528 17 0
529 538 0
530 667 0
531 517 1
532 562 1
533 540 1
534 20 0
535 24 1
536 478 1
537 202 1
538 646 1
539 319 1
540 135 1
541 701 1
542 54 1
543 549 1
544 273 1
545 463 1
546 183 0
547 697 1
548 446 0
549 283 1
550 65 1
551 244 1
552 365 0
553 278 1
554 390 1
555 260 0
556 605 0
557 502 1
558 202 0
559 418 1
560 4 1
561 192 1
562 639 0
563 420 1
564 190 1
565 528 0
566 699 1
567 487 0
568 708 1
569 339 1
570 539 1
571 600 0
572 337 1
573 68 1
574 18 0
575 703 1
576 344 0
577 409 1
578 48 1
579 333 1
580 509 1
581 381 0
582 410 1
583 25 0
584 610 1
585 481 1
586 652 1
587 358 1
588 247 1
589 504 1
590 600 1
591 488 1
592 366 0
593 192 1
594 703 1
595 540 0
596 163 1
597 685 0
598 567 0
599 668 1
600 562 1
601 191 1
602 294 1
603 267 1
604 463 1
605 295 1
606 243 1
607 72 0
608 658 0
609 200 1
610 478 1
611 638 0
612 439 1
613 191 1
614 97 1
615 247 0
616 72 1
617 650 1
618 475 1
619 395 1
620 153 0
621 66 0
622 451 1
623 695 0
624 603 1
625 334 0
626 412 1
627 499 1
628 559 1
629 633 1
630 325 1
631 92 0
632 95 1
633 251 0
634 635 1
635 285 0
636 514 1
637 162 1
638 690 1
639 650 0
640 528 1
641 439 1
642 221 1
643 56 1
644 405 0
645 13 0
646 547 0
647 104 1
648 535 1
649 701 1
650 691 1
651 23 1
652 626 1
653 234 0
654 530 1
655 674 0
656 132 1
657 264 1
658 116 1
659 622 1
660 698 0
661 229 0
662 428 1
663 464 1
664 377 1
665 197 1
666 216 1
667 537 1
668 606 0
669 223 0
670 431 1
671 460 0
672 75 1
673 405 0
674 532 1
675 601 1
676 638 1
677 540 1
678 140 1
679 93 1
680 434 1
681 362 1
682 0 1
683 269 0
684 447 0
685 207 1
686 166 0
687 218 1
688 167 1
689 121 1
690 427 1
691 707 0
692 329 1
693 196 1
694 316 1
695 274 1
696 69 0
697 688 0
698 312 1
699 563 1
700 227 0
701 413 0
702 14 1
703 323 0
704 32 0
705 370 1
706 654 1
707 501 1
708 388 1
709 228 0
710 676 1
711 30 1
712 115 0
713 502 0
714 653 1
715 674 1
716 412 1
717 249 1
718 696 1
719 97 0
720 704 0
721 163 1
722 320 1
723 406 0
724 339 1
725 189 0
726 114 1
727 24 0
728 626 0
729 145 1
730 367 0
731 623 1
732 171 1
733 183 1
734 421 0
735 371 1
736 235 1
737 549 0
738 376 1
739 39 1
740 366 0
741 706 0
742 648 1
743 198 0
744 32 0
745 106 1
746 138 1
747 155 0
748 378 1
749 665 1
750 106 1
751 702 1
752 548 1
753 384 1
754 270 0
755 415 1
756 652 0
757 93 1
758 627 0
759 127 1
760 322 0
761 234 0
762 450 1
763 259 1
764 216 1
765 605 0
766 25 1
767 664 0
768 110 1
769 73 1
770 249 1
771 705 1
772 585 1
773 666 1
774 66 1
775 135 0
776 514 1
777 538 1
778 248 1
779 57 0
780 497 1
781 275 1
782 233 0
783 584 1
784 253 1
785 212 0
786 322 1
787 579 0
788 492 0
789 696 1
790 614 0
791 636 1
792 178 1
793 357 1
794 235 1
795 578 1
796 565 0
797 31 0
798 58 0
799 430 0
800 450 1
801 501 1
802 335 0
803 256 1
804 390 0
805 363 1
806 249 1
807 397 1
808 437 1
809 341 0
810 656 1
811 180 1
812 37 1
813 596 0
814 516 0
815 606 1
816 244 1
817 514 1
818 652 1
819 183 1
820 188 1
821 310 0
822 521 1
823 152 0
824 437 1
825 206 1
826 588 1
827 179 1
828 87 1
829 9 0
830 577 0
831 545 0
832 187 1
833 377 1
834 94 1
835 145 1
836 83 1
837 207 1
838 139 1
839 339 1
840 540 0
841 447 0
842 620 1
843 531 0
844 378 1
845 286 0
846 132 1
847 553 1
848 155 1
849 135 0
850 266 1
851 220 1
852 425 1
853 442 1
854 275 0
855 117 1
856 302 1
857 208 0
858 167 0
859 406 0
860 56 0
861 476 0
862 500 1
863 396 1
864 23 1
865 393 1
866 301 1
867 527 0
868 528 0
869 266 1
870 14 1
871 595 1
872 436 1
873 16 1
874 319 0
875 124 1
876 603 1
877 251 1
878 406 1
879 535 1
880 668 1
881 608 1
882 517 1
883 671 1
884 169 1
885 113 0
886 97 1
887 700 0
888 488 0
889 113 0
890 115 1
891 158 1
892 527 0
893 86 1
894 33 1
895 339 1
896 526 0
897 646 1
898 347 1
899 554 0
900 519 0
901 387 0
902 352 1
903 638 1
904 68 1
905 623 1
906 678 0
907 390 1
908 366 1
909 202 1
910 586 1
911 589 0
912 665 1
913 421 0
914 105 1
915 304 1
916 618 0
917 17 1
918 44 1
919 74 0
920 383 0
921 296 0
922 654 1
923 330 0
924 650 1
925 709 0
926 251 0
927 614 0
928 86 0
929 705 1
930 274 1
931 504 1
932 477 0
933 639 0
934 353 0
935 122 0
936 387 0
937 574 1
938 80 1
939 126 1
940 613 0
941 231 0
942 398 0
943 557 1
944 144 1
945 364 1
946 335 1
947 87 1
948 566 1
949 310 0
950 615 0
951 232 1
952 538 1
953 308 1
954 686 1
955 125 1
956 46 0
957 228 1
958 178 1
959 416 1
960 311 1
961 229 0
962 626 1
963 436 1
964 218 1
965 176 0
966 155 0
967 100 1
968 190 1
969 88 1
970 130 1
971 640 0
972 57 0
973 620 0
974 630 0
975 46 1
976 594 0
977 365 1
978 279 1
979 676 0
980 523 1
981 306 0
982 36 1
983 148 1
984 102 1
985 279 0
986 449 0
987 609 0
988 564 1
989 430 1
990 331 1
991 201 1
992 239 1
993 409 1
994 655 0
995 191 1
996 2 1
997 633 1
998 192 1
999 153 0
1000 305 1
1001 15 1
1002 327 1
1003 236 1
1004 631 0
1005 151 0
1006 630 1
1007 663 1
1008 406 1
1009 563 1
1010 221 1
1011 503 0
1012 540 1
1013 662 1
1014 693 0
1015 514 0
1016 23 1
1017 16 1
1018 643 1
1019 18 1
1020 607 1
1021 100 1
1022 209 1
1023 371 1
1024 99 1
1025 652 1
1026 465 1
1027 232 1
1028 156 1
1029 1 1
1030 485 0
1031 624 0
1032 22 1
1033 346 1
1034 382 1
1035 515 1
1036 422 1
1037 291 0
1038 354 1
1039 23 1
1040 574 1
1041 461 1
1042 408 1
1043 309 0
1044 563 0
1045 190 1
1046 514 1
1047 532 1
1048 232 1
1049 489 1
1050 420 0
1051 579 1
1052 595 0
1053 50 0
1054 310 1
1055 378 1
1056 238 0
1057 699 1
1058 509 0
1059 186 1
1060 295 1
1061 585 1
1062 168 1
1063 122 1
1064 261 1
1065 702 0
1066 80 1
1067 299 1
1068 216 1
1069 401 1
1070 112 1
1071 186 0
1072 395 1
1073 484 1
1074 158 1
1075 442 1
1076 535 1
1077 39 1
1078 9 0
1079 79 1
1080 660 1
1081 639 1
1082 327 0
1083 192 0
1084 65 1
1085 558 1
1086 148 0
1087 527 0
1088 606 1
1089 425 1
1090 657 0
1091 706 0
1092 470 1
1093 160 0
1094 594 1
1095 438 1
1096 509 0
1097 59 1
1098 81 0
1099 156 1
1100 332 0
1101 323 0
1102 434 1
1103 513 1
1104 125 1
1105 582 1
1106 581 0
1107 39 1
1108 98 1
1109 507 0
1110 640 0
1111 211 1
1112 488 1
1113 50 1
1114 210 1
1115 203 1
1116 608 0
1117 0 1
1118 352 1
1119 147 0
1120 427 1
1121 35 0
1122 82 1
1123 323 1
1124 475 1
1125 560 1
1126 241 1
1127 328 1
1128 19 0
1129 586 1
1130 472 1
1131 660 0
1132 91 1
1133 187 1
1134 661 1
1135 408 1
1136 40 1
1137 360 1
1138 206 1
1139 702 1
1140 291 0
1141 60 1
1142 98 1
1143 549 1
1144 455 1
1145 235 1
1146 188 0
1147 72 0
1148 332 1
1149 210 1
1150 282 1
1151 346 1
1152 549 1
1153 132 0
1154 166 1
1155 413 0
1156 160 1
1157 677 1
1158 351 1
1159 64 0
1160 625 1
1161 510 1
1162 171 0
1163 580 0
1164 530 1
1165 472 0
1166 184 1
1167 110 1
1168 501 0
1169 466 1
1170 564 0
1171 101 0
1172 129 0
1173 672 1
1174 269 1
1175 263 0
1176 12 1
1177 684 1
1178 332 0
1179 174 1
1180 119 1
1181 651 0
1182 441 1
1183 525 1
1184 180 1
1185 73 1
1186 647 0
1187 446 0
1188 641 0
1189 33 1
1190 630 0
1191 68 1
1192 45 1
1193 313 0
1194 81 1
1195 217 1
1196 110 0
1197 703 1
1198 94 0
1199 669 1
1200 284 1
1201 508 0
1202 405 0
1203 284 1
1204 648 1
1205 20 1
1206 301 0
1207 697 0
1208 129 1
1209 412 1
1210 474 1
1211 98 0
1212 474 0
1213 111 0
1214 94 0
1215 331 1
1216 298 1
1217 598 1
1218 569 1
1219 525 1
1220 375 1
1221 48 1
1222 634 0
1223 711 0
1224 219 1
1225 149 1
1226 529 1
1227 253 1
1228 536 1
1229 547 1
1230 120 1
1231 498 0
1232 694 1
1233 610 1
1234 443 1
1235 33 1
1236 457 0
1237 271 1
1238 2 1
1239 318 1
1240 169 0
1241 403 1
1242 202 0
1243 677 1
1244 709 0
1245 146 0
1246 368 0
1247 25 0
1248 4 1
1249 190 0
1250 35 1
1251 42 1
1252 193 1
1253 48 1
1254 271 0
1255 618 1
1256 522 1
1257 115 1
1258 454 0
1259 440 0
1260 81 1
1261 58 1
1262 206 1
1263 88 0
1264 406 1
1265 346 1
1266 390 1
1267 623 1
1268 389 1
1269 268 0
1270 14 1
1271 588 0
1272 683 1
1273 38 1
1274 272 1
1275 566 1
1276 552 1
1277 491 1
1278 195 1
1279 656 1
1280 545 0
1281 19 1
1282 166 1
1283 296 0
1284 290 1
1285 703 1
1286 226 1
1287 329 1
1288 59 0
1289 111 1
1290 533 1
1291 173 0
1292 77 1
1293 107 0
1294 219 1
1295 562 0
1296 342 0
1297 676 0
1298 200 1
1299 552 1
1300 312 1
1301 282 1
1302 612 0
1303 224 0
1304 667 1
1305 491 1
1306 701 1
1307 550 0
1308 304 1
1309 227 1
1310 710 1
1311 63 1
1312 346 1
1313 337 0
1314 488 1
1315 524 1
1316 210 1
1317 315 0
1318 195 0
1319 269 0
1320 51 1
1321 327 1
1322 400 1
1323 706 0
1324 112 1
1325 3 0
1326 698 1
1327 138 0
1328 295 1
1329 367 1
1330 142 0
1331 560 0
1332 475 1
1333 150 0
1334 391 1
1335 508 1
1336 156 1
1337 682 0
1338 490 1
1339 37 1
1340 386 1
1341 200 1
1342 307 1
1343 194 1
1344 302 0
1345 362 1
1346 29 1
1347 684 0
1348 574 1
1349 662 0
1350 230 1
1351 696 1
1352 271 1
1353 230 0
1354 320 0
1355 139 1
1356 708 1
1357 367 1
1358 165 1
1359 594 0
1360 611 1
1361 88 1
1362 454 0
1363 121 1
1364 583 1
1365 59 1
1366 218 0
1367 487 0
1368 398 1
1369 26 0
1370 673 0
1371 1 0
1372 704 1
1373 661 1
1374 618 0
1375 314 1
