6856
1 46 1
2 155 1
3 15 1
4 132 1
5 113 1
6 87 1
7 39 1
8 98 0
9 98 0
10 124 1
11 204 0
12 233 1
13 74 1
14 107 0
15 55 1
16 150 1
17 182 1
18 223 0
19 28 1
20 178 1
21 77 1
22 111 0
23 45 1
24 192 1
25 82 1
26 186 1
27 12 0
28 165 1
29 206 1
30 5 0
31 13 0
32 127 1
33 233 1
34 161 1
35 5 0
36 179 1
37 141 1
38 207 0
39 36 1
40 102 1
41 20 1
42 178 0
43 4 0
44 123 1
45 147 1
46 0 1
47 52 1
48 128 1
49 14 0
50 83 0
51 170 0
52 110 0
53 85 1
54 34 1
55 20 1
56 16 1
57 192 0
58 77 1
59 73 1
60 171 1
61 101 1
62 153 1
63 71 1
64 211 0
65 111 1
66 116 0
67 93 0
68 125 1
69 79 1
70 72 1
71 63 1
72 145 1
73 55 0
74 220 1
75 191 1
76 117 1
77 103 0
78 217 0
79 91 1
80 31 1
81 20 1
82 16 1
83 146 1
84 64 1
85 72 1
86 98 1
87 228 1
88 163 0
89 233 0
90 180 1
91 75 1
92 16 0
93 107 1
94 121 1
95 191 1
96 165 1
97 73 1
98 96 1
99 91 1
100 213 1
101 64 1
102 67 0
103 86 0
104 112 1
105 150 1
106 44 0
107 129 1
108 172 0
109 63 0
110 199 0
111 219 0
112 1 1
113 82 0
114 47 1
115 30 1
116 110 0
117 104 1
118 163 1
119 180 1
120 47 0
121 104 1
122 87 1
123 156 1
124 2 0
125 86 1
126 5 1
127 102 0
128 133 0
129 116 1
130 130 1
131 209 1
132 12 0
133 190 1
134 41 1
135 220 1
136 232 1
137 183 1
138 90 1
139 111 1
140 91 1
141 62 1
142 38 1
143 111 1
144 113 1
145 120 1
146 141 0
147 16 1
148 179 1
149 98 1
150 108 1
151 80 1
152 170 1
153 191 0
154 140 0
155 122 0
156 32 1
157 96 1
158 113 0
159 14 1
160 203 1
161 5 1
162 0 1
163 35 0
164 235 1
165 172 1
166 215 1
167 215 0
168 56 1
169 182 1
170 10 1
171 196 0
172 21 0
173 121 0
174 32 1
175 132 1
176 38 0
177 113 1
178 171 0
179 222 1
180 49 1
181 46 1
182 186 0
183 185 0
184 204 0
185 207 1
186 208 1
187 29 1
188 224 1
189 135 1
190 50 0
191 24 0
192 177 1
193 131 1
194 57 1
195 50 1
196 47 1
197 138 1
198 130 0
199 9 1
200 224 1
201 81 1
202 152 1
203 194 1
204 24 1
205 168 1
206 129 1
207 172 1
208 98 0
209 190 0
210 193 1
211 30 0
212 105 0
213 6 1
214 21 1
215 101 0
216 4 0
217 209 1
218 60 1
219 68 1
220 29 1
221 168 0
222 197 1
223 0 1
224 179 0
225 224 1
226 198 1
227 145 0
228 187 0
229 66 1
230 175 1
231 225 1
232 118 1
233 111 1
234 138 1
235 32 1
236 183 1
237 97 1
238 76 1
239 213 1
240 55 0
241 160 1
242 219 0
243 89 0
244 228 1
245 151 1
246 92 1
247 118 1
248 116 1
249 157 1
250 176 0
251 194 1
252 161 1
253 37 0
254 161 0
255 25 0
256 215 1
257 2 1
258 26 1
259 141 1
260 16 0
261 190 0
262 210 1
263 86 0
264 74 1
265 112 0
266 201 0
267 146 0
268 134 1
269 132 1
270 201 0
271 47 1
272 118 1
273 155 0
274 150 1
275 167 0
276 125 1
277 46 1
278 205 1
279 193 1
280 144 0
281 66 0
282 148 1
283 5 1
284 164 0
285 113 1
286 71 1
287 82 1
288 223 1
289 98 0
290 65 1
291 71 0
292 158 1
293 58 1
294 17 1
295 179 0
296 94 1
297 40 0
298 225 0
299 61 0
300 194 1
301 51 1
302 111 0
303 219 1
304 142 1
305 3 1
306 118 1
307 166 1
308 199 0
309 179 1
310 13 1
311 147 1
312 135 1
313 121 1
314 8 1
315 46 1
316 129 1
317 232 1
318 6 0
319 107 1
320 68 1
321 124 1
322 193 1
323 2 0
324 51 1
325 141 1
326 72 0
327 175 0
328 11 1
329 104 0
330 15 0
331 226 1
332 24 1
333 157 1
334 209 0
335 183 0
336 146 0
337 3 0
338 130 1
339 24 0
340 194 1
341 14 1
342 222 0
343 6 1
344 22 0
345 21 1
346 33 0
347 186 0
348 5 0
349 89 1
350 139 1
351 27 0
352 112 0
353 157 0
354 43 0
355 191 1
356 119 0
357 36 1
358 163 1
359 106 0
360 160 1
361 231 1
362 146 1
363 16 1
364 57 1
365 133 1
366 149 1
367 19 1
368 194 0
369 35 1
370 126 0
371 3 1
372 200 0
373 118 0
374 85 1
375 85 1
376 124 0
377 207 1
378 30 0
379 190 1
380 104 1
381 57 1
382 16 0
383 47 0
384 16 1
385 216 1
386 82 1
387 155 1
388 26 0
389 178 0
390 34 1
391 128 0
392 115 1
393 200 1
394 95 1
395 2 1
396 14 1
397 222 0
398 143 0
399 8 0
400 124 1
401 70 1
402 215 1
403 21 1
404 35 0
405 124 1
406 230 0
407 231 0
408 121 1
409 23 1
410 118 1
411 188 0
412 96 1
413 166 1
414 216 0
415 163 1
416 171 1
417 83 0
418 230 1
419 160 1
420 71 0
421 102 0
422 69 0
423 182 1
424 57 1
425 179 1
426 3 1
427 75 1
428 74 1
429 107 0
430 187 0
431 170 0
432 39 1
433 37 0
434 125 0
435 71 1
436 13 1
437 33 1
438 39 1
439 41 1
440 190 1
441 39 1
442 120 1
443 65 1
444 127 1
445 24 1
446 211 1
447 205 1
448 212 0
449 57 0
450 207 1
451 70 1
452 74 1
453 72 1
454 87 1
455 210 1
456 102 0
457 7 0
458 140 1
459 188 0
460 17 0
461 115 1
462 170 1
463 16 1
464 95 1
465 20 0
466 209 0
467 59 1
468 197 0
469 162 1
470 13 0
471 94 1
472 162 1
473 105 1
474 186 0
475 103 0
476 41 1
477 200 1
478 70 1
479 130 1
480 57 1
481 4 1
482 12 0
483 79 0
484 199 1
485 26 0
486 149 1
487 91 1
488 230 0
489 143 1
490 29 1
491 152 0
492 232 0
493 45 1
494 101 0
495 4 1
496 97 1
497 193 0
498 79 1
499 87 0
500 45 0
501 18 1
502 2 1
503 39 1
504 81 0
505 185 1
506 196 1
507 180 1
508 226 1
509 34 1
510 173 1
511 17 0
512 54 0
513 152 1
514 15 1
515 176 0
516 121 0
517 28 1
518 76 1
519 124 0
520 13 1
521 36 1
522 183 1
523 173 1
524 215 1
525 36 1
526 14 1
527 195 0
528 37 0
529 206 1
530 119 0
531 121 1
532 114 0
533 132 1
534 216 1
535 120 0
536 102 1
537 210 1
538 146 0
539 227 1
540 127 1
541 45 0
542 86 1
543 221 0
544 121 1
545 183 1
546 111 0
547 13 0
548 222 1
549 187 1
550 169 1
551 204 0
552 1 0
553 90 1
554 102 1
555 40 1
556 117 1
557 146 1
558 90 1
559 98 1
560 88 1
561 220 0
562 119 1
563 192 0
564 146 1
565 80 1
566 223 1
567 123 0
568 232 1
569 143 1
570 71 1
571 100 1
572 37 1
573 164 0
574 142 1
575 111 0
576 80 1
577 197 1
578 100 1
579 77 1
580 69 0
581 101 1
582 210 0
583 57 1
584 210 1
585 77 1
586 156 0
587 2 1
588 191 1
589 92 1
590 200 1
591 96 1
592 70 0
593 16 0
594 219 1
595 192 1
596 19 0
597 117 0
598 51 1
599 208 1
600 142 0
601 71 0
602 230 0
603 23 0
604 7 1
605 51 1
606 91 1
607 20 1
608 214 1
609 108 0
610 138 1
611 18 0
612 127 1
613 159 1
614 77 1
615 207 1
616 184 1
617 50 0
618 119 1
619 131 0
620 201 1
621 102 1
622 103 0
623 227 1
624 163 1
625 42 1
626 168 0
627 227 0
628 203 0
629 5 1
630 49 0
631 32 1
632 23 1
633 179 1
634 163 1
635 37 1
636 34 1
637 194 1
638 30 1
639 218 1
640 52 1
641 27 0
642 93 1
643 52 0
644 173 0
645 105 0
646 43 1
647 228 1
648 227 0
649 213 1
650 19 1
651 51 0
652 154 0
653 194 0
654 198 1
655 146 1
656 208 0
657 8 1
658 196 0
659 130 0
660 126 1
661 129 0
662 144 1
663 0 1
664 65 1
665 57 1
666 232 1
667 145 1
668 122 1
669 103 1
670 47 1
671 108 0
672 191 0
673 89 1
674 180 1
675 61 1
676 226 0
677 8 1
678 84 1
679 37 0
680 230 1
681 2 1
682 208 1
683 145 1
684 19 1
685 191 0
686 30 0
687 90 0
688 183 1
689 145 1
690 167 1
691 203 1
692 165 1
693 60 1
694 224 0
695 162 1
696 197 1
697 208 1
698 80 1
699 39 1
700 135 1
701 169 1
702 58 1
703 159 0
704 208 0
705 138 0
706 42 1
707 69 1
708 84 1
709 224 1
710 0 0
711 54 1
712 87 1
713 138 0
714 153 1
715 34 1
716 172 0
717 225 1
718 0 1
719 5 1
720 224 1
721 119 1
722 16 0
723 6 1
724 91 1
725 177 1
726 154 1
727 60 1
728 30 0
729 177 1
730 143 1
731 11 1
732 187 1
733 83 0
734 157 1
735 163 1
736 235 1
737 181 0
738 12 0
739 119 1
740 186 1
741 202 0
742 60 1
743 114 0
744 228 1
745 46 0
746 38 1
747 223 0
748 62 1
749 181 0
750 162 1
751 134 1
752 164 1
753 180 1
754 34 1
755 47 0
756 124 1
757 97 0
758 43 1
759 47 1
760 38 0
761 182 1
762 154 1
763 71 1
764 8 1
765 209 0
766 129 1
767 96 1
768 194 0
769 233 0
770 109 1
771 221 0
772 65 0
773 194 1
774 66 1
775 151 0
776 102 1
777 190 1
778 36 0
779 9 0
780 45 0
781 219 1
782 97 1
783 0 1
784 129 0
785 52 0
786 54 0
787 11 0
788 124 1
789 228 1
790 210 1
791 68 1
792 14 1
793 105 0
794 55 0
795 102 1
796 101 1
797 43 1
798 174 1
799 18 0
800 54 0
801 77 0
802 111 1
803 228 1
804 62 0
805 199 1
806 141 0
807 121 0
808 61 1
809 209 1
810 108 1
811 220 1
812 169 1
813 172 0
814 80 1
815 178 1
816 24 1
817 10 0
818 120 1
819 139 0
820 0 1
821 226 1
822 141 1
823 60 1
824 109 1
825 82 0
826 120 1
827 191 0
828 99 0
829 161 1
830 85 1
831 85 1
832 135 1
833 17 1
834 106 0
835 209 1
836 31 1
837 15 1
838 83 1
839 143 1
840 116 1
841 179 1
842 64 0
843 59 1
844 34 1
845 114 1
846 96 1
847 233 1
848 67 0
849 23 0
850 174 1
851 52 0
852 205 1
853 146 0
854 147 0
855 17 0
856 50 0
857 36 1
858 103 1
859 46 1
860 84 1
861 28 1
862 132 1
863 188 0
864 43 1
865 141 1
866 213 1
867 199 1
868 28 1
869 6 1
870 170 1
871 211 0
872 224 1
873 104 0
874 111 1
875 0 1
876 79 1
877 147 0
878 58 1
879 179 1
880 80 1
881 96 1
882 49 0
883 11 0
884 173 1
885 25 0
886 45 1
887 96 0
888 20 0
889 133 1
890 123 1
891 98 1
892 171 1
893 186 0
894 117 1
895 103 1
896 222 1
897 26 1
898 31 0
899 126 0
900 63 1
901 83 1
902 160 1
903 146 1
904 152 1
905 83 0
906 186 0
907 10 1
908 202 1
909 118 1
910 94 1
911 49 1
912 197 1
913 125 1
914 121 1
915 200 0
916 174 1
917 61 0
918 0 1
919 50 1
920 23 1
921 192 1
922 90 1
923 98 1
924 166 0
925 141 1
926 215 0
927 114 1
928 38 1
929 173 0
930 26 1
931 116 1
932 189 1
933 67 1
934 161 1
935 110 1
936 23 1
937 162 0
938 40 1
939 174 0
940 17 1
941 3 1
942 42 1
943 177 1
944 128 1
945 12 1
946 19 1
947 123 1
948 82 1
949 170 1
950 83 0
951 192 0
952 118 1
953 228 1
954 150 1
955 133 1
956 14 1
957 168 1
958 26 0
959 140 1
960 231 1
961 77 1
962 54 0
963 232 1
964 166 1
965 148 1
966 219 0
967 128 1
968 230 1
969 28 1
970 50 1
971 88 1
972 65 0
973 120 0
974 138 1
975 14 0
976 182 1
977 153 1
978 63 0
979 144 1
980 87 1
981 14 0
982 164 0
983 176 1
984 26 1
985 79 1
986 129 0
987 145 1
988 192 1
989 58 0
990 59 1
991 233 0
992 167 0
993 13 1
994 63 1
995 235 1
996 218 1
997 225 0
998 156 1
999 81 1
1000 133 1
1001 27 1
1002 99 0
1003 228 1
1004 207 0
1005 155 0
1006 126 0
1007 39 1
1008 70 0
1009 63 0
1010 213 1
1011 55 0
1012 76 1
1013 114 0
1014 213 0
1015 182 1
1016 123 1
1017 144 1
1018 151 1
1019 46 1
1020 195 1
1021 152 1
1022 125 1
1023 151 1
1024 15 1
1025 100 1
1026 45 1
1027 196 1
1028 200 1
1029 125 1
1030 37 1
1031 56 0
1032 54 1
1033 150 1
1034 106 1
1035 91 1
1036 174 0
1037 155 0
1038 206 0
1039 27 0
1040 58 1
1041 221 1
1042 48 1
1043 233 1
1044 27 0
1045 194 1
1046 202 0
1047 232 0
1048 220 0
1049 225 1
1050 120 1
1051 163 1
1052 95 0
1053 122 1
1054 158 0
1055 58 1
1056 46 1
1057 87 0
1058 233 1
1059 114 1
1060 215 0
1061 101 0
1062 96 1
1063 206 1
1064 17 1
1065 178 1
1066 52 1
1067 199 1
1068 192 1
1069 217 1
1070 8 1
1071 98 0
1072 87 0
1073 152 1
1074 42 1
1075 122 0
1076 107 0
1077 207 1
1078 85 1
1079 55 1
1080 148 1
1081 11 0
1082 111 1
1083 116 1
1084 65 0
1085 186 1
1086 140 0
1087 127 0
1088 6 1
1089 85 0
1090 81 0
1091 74 1
1092 194 1
1093 164 0
1094 230 0
1095 154 1
1096 221 1
1097 111 1
1098 145 1
1099 168 1
1100 92 1
1101 47 1
1102 174 1
1103 229 1
1104 225 1
1105 234 1
1106 53 0
1107 27 0
1108 122 0
1109 63 1
1110 180 1
1111 31 1
1112 160 1
1113 30 1
1114 142 0
1115 47 1
1116 88 0
1117 4 1
1118 40 0
1119 211 0
1120 83 0
1121 103 1
1122 50 1
1123 155 1
1124 91 1
1125 60 1
1126 213 0
1127 204 1
1128 7 1
1129 206 0
1130 208 1
1131 160 0
1132 115 0
1133 91 1
1134 165 1
1135 188 0
1136 48 0
1137 156 0
1138 194 1
1139 42 0
1140 63 0
1141 92 1
1142 198 0
1143 177 0
1144 67 1
1145 131 1
1146 172 0
1147 104 0
1148 224 0
1149 210 1
1150 34 1
1151 174 1
1152 221 1
1153 188 1
1154 174 1
1155 1 1
1156 100 0
1157 49 1
1158 159 0
1159 40 1
1160 145 1
1161 34 1
1162 235 1
1163 136 1
1164 106 1
1165 148 1
1166 40 1
1167 230 1
1168 189 0
1169 214 1
1170 180 1
1171 137 1
1172 77 0
1173 116 1
1174 185 0
1175 235 1
1176 100 1
1177 184 0
1178 180 1
1179 90 1
1180 199 0
1181 199 0
1182 97 0
1183 33 1
1184 152 0
1185 189 0
1186 231 1
1187 150 1
1188 49 0
1189 77 0
1190 190 1
1191 100 1
1192 117 0
1193 157 0
1194 137 0
1195 121 0
1196 22 1
1197 107 1
1198 54 1
1199 181 1
1200 156 1
1201 72 1
1202 229 1
1203 224 1
1204 16 0
1205 44 0
1206 149 1
1207 29 1
1208 193 0
1209 100 1
1210 206 1
1211 202 1
1212 78 1
1213 119 0
1214 218 1
1215 107 0
1216 202 1
1217 54 1
1218 169 1
1219 5 0
1220 119 1
1221 164 0
1222 194 0
1223 71 1
1224 155 1
1225 21 1
1226 161 1
1227 125 1
1228 64 0
1229 143 0
1230 80 0
1231 190 0
1232 202 0
1233 10 0
1234 63 1
1235 93 0
1236 69 1
1237 219 0
1238 226 0
1239 190 0
1240 229 1
1241 39 1
1242 202 1
1243 165 1
1244 181 0
1245 82 0
1246 96 0
1247 77 0
1248 52 0
1249 198 1
1250 111 1
1251 66 0
1252 89 1
1253 220 0
1254 111 1
1255 230 1
1256 158 1
1257 31 0
1258 202 1
1259 164 1
1260 37 1
1261 178 0
1262 54 1
1263 196 0
1264 114 1
1265 230 1
1266 226 1
1267 179 0
1268 117 1
1269 164 1
1270 110 1
1271 100 1
1272 195 0
1273 162 1
1274 96 1
1275 82 1
1276 104 1
1277 39 0
1278 47 1
1279 36 1
1280 165 1
1281 159 0
1282 94 1
1283 4 1
1284 38 1
1285 207 1
1286 94 1
1287 185 0
1288 207 0
1289 219 1
1290 209 0
1291 205 0
1292 93 1
1293 7 0
1294 15 1
1295 74 0
1296 74 1
1297 108 0
1298 108 1
1299 148 1
1300 48 1
1301 62 1
1302 196 1
1303 200 0
1304 131 1
1305 3 1
1306 21 1
1307 190 1
1308 224 1
1309 31 1
1310 6 0
1311 187 1
1312 110 1
1313 17 0
1314 176 1
1315 132 1
1316 54 1
1317 139 1
1318 211 0
1319 185 1
1320 63 1
1321 219 1
1322 168 1
1323 210 1
1324 136 1
1325 163 0
1326 118 1
1327 230 1
1328 179 1
1329 215 0
1330 182 1
1331 116 1
1332 75 0
1333 22 0
1334 131 0
1335 164 1
1336 168 1
1337 46 1
1338 90 1
1339 25 0
1340 30 1
1341 136 1
1342 71 1
1343 146 1
1344 146 0
1345 142 1
1346 1 1
1347 104 0
1348 46 1
1349 130 1
1350 106 1
1351 136 0
1352 215 0
1353 138 1
1354 212 0
1355 63 1
1356 124 0
1357 155 1
1358 97 1
1359 218 0
1360 195 0
1361 112 1
1362 146 1
1363 45 1
1364 115 1
1365 139 1
1366 6 1
1367 23 0
1368 230 1
1369 58 1
1370 97 1
1371 213 1
1372 88 1
1373 189 1
1374 206 1
1375 202 1
1376 59 1
1377 133 1
1378 67 1
1379 170 1
1380 126 1
1381 168 0
1382 117 1
1383 122 1
1384 126 1
1385 82 1
1386 70 1
1387 213 0
1388 203 1
1389 112 1
1390 101 1
1391 110 1
1392 161 1
1393 141 0
1394 194 1
1395 179 0
1396 149 1
1397 221 1
1398 72 0
1399 146 1
1400 59 1
1401 189 1
1402 63 1
1403 52 1
1404 100 0
1405 212 1
1406 11 1
1407 133 1
1408 102 1
1409 172 0
1410 119 0
1411 145 1
1412 0 0
1413 71 1
1414 9 0
1415 42 1
1416 221 0
1417 202 1
1418 166 0
1419 86 0
1420 187 0
1421 4 0
1422 153 1
1423 138 1
1424 184 0
1425 84 0
1426 194 0
1427 104 1
1428 132 1
1429 34 1
1430 168 1
1431 219 0
1432 76 1
1433 209 1
1434 204 0
1435 40 0
1436 126 1
1437 117 0
1438 186 0
1439 70 0
1440 97 1
1441 206 1
1442 157 0
1443 18 1
1444 21 0
1445 203 0
1446 137 1
1447 110 1
1448 136 1
1449 219 1
1450 146 1
1451 31 0
1452 72 0
1453 83 1
1454 175 0
1455 161 1
1456 77 0
1457 100 1
1458 209 0
1459 59 1
1460 180 1
1461 191 0
1462 213 1
1463 59 0
1464 156 1
1465 225 0
1466 74 0
1467 103 0
1468 172 1
1469 177 1
1470 112 1
1471 152 1
1472 1 1
1473 195 0
1474 143 1
1475 216 0
1476 50 1
1477 173 1
1478 8 0
1479 149 0
1480 46 1
1481 235 1
1482 159 1
1483 40 1
1484 60 1
1485 211 1
1486 92 1
1487 138 1
1488 147 1
1489 76 1
1490 125 0
1491 146 0
1492 0 1
1493 206 1
1494 87 0
1495 177 1
1496 22 1
1497 27 1
1498 46 1
1499 48 0
1500 56 1
1501 55 0
1502 158 1
1503 10 1
1504 60 0
1505 129 1
1506 146 1
1507 128 0
1508 131 1
1509 159 1
1510 222 1
1511 120 1
1512 48 0
1513 197 1
1514 226 1
1515 208 0
1516 41 0
1517 199 0
1518 222 1
1519 37 1
1520 63 0
1521 235 1
1522 214 1
1523 128 1
1524 229 1
1525 91 0
1526 159 1
1527 231 1
1528 135 1
1529 69 1
1530 214 1
1531 173 0
1532 74 0
1533 222 1
1534 114 0
1535 114 0
1536 194 1
1537 159 1
1538 8 1
1539 49 0
1540 111 0
1541 225 1
1542 125 0
1543 14 1
1544 189 0
1545 150 1
1546 130 1
1547 186 1
1548 232 1
1549 36 1
1550 200 1
1551 59 1
1552 27 1
1553 99 1
1554 43 0
1555 48 1
1556 62 1
1557 197 0
1558 30 1
1559 215 1
1560 64 1
1561 150 1
1562 229 1
1563 166 1
1564 40 1
1565 107 1
1566 120 0
1567 168 1
1568 158 1
1569 190 0
1570 188 1
1571 127 0
1572 44 0
1573 205 1
1574 69 1
1575 65 1
1576 87 1
1577 95 1
1578 83 1
1579 74 0
1580 231 1
1581 136 1
1582 116 1
1583 30 0
1584 112 0
1585 7 1
1586 230 0
1587 83 1
1588 228 0
1589 120 0
1590 9 0
1591 198 1
1592 168 1
1593 181 0
1594 86 0
1595 151 0
1596 208 1
1597 204 0
1598 132 1
1599 131 0
1600 230 0
1601 76 1
1602 46 1
1603 31 1
1604 220 0
1605 103 1
1606 109 1
1607 94 0
1608 126 0
1609 65 0
1610 62 1
1611 69 1
1612 35 0
1613 127 0
1614 43 1
1615 179 0
1616 174 0
1617 29 0
1618 191 1
1619 30 0
1620 220 1
1621 173 1
1622 202 1
1623 138 0
1624 74 1
1625 80 1
1626 187 1
1627 178 1
1628 190 1
1629 162 0
1630 101 1
1631 38 1
1632 134 0
1633 31 0
1634 132 1
1635 33 0
1636 198 1
1637 209 1
1638 1 1
1639 32 1
1640 83 0
1641 215 1
1642 25 0
1643 25 1
1644 235 1
1645 220 1
1646 62 1
1647 147 0
1648 93 1
1649 53 1
1650 7 1
1651 109 1
1652 56 1
1653 141 1
1654 198 0
1655 140 1
1656 53 0
1657 83 1
1658 45 1
1659 65 1
1660 65 0
1661 153 0
1662 75 1
1663 91 0
1664 11 1
1665 166 1
1666 235 0
1667 232 0
1668 122 0
1669 121 1
1670 79 1
1671 133 0
1672 149 1
1673 219 1
1674 94 1
1675 10 0
1676 106 1
1677 54 1
1678 232 1
1679 122 1
1680 57 0
1681 33 0
1682 93 0
1683 116 0
1684 171 1
1685 72 0
1686 26 0
1687 154 1
1688 194 1
1689 141 1
1690 194 0
1691 215 1
1692 83 0
1693 13 0
1694 182 1
1695 90 1
1696 193 0
1697 60 1
1698 157 0
1699 37 1
1700 181 1
1701 114 1
1702 87 1
1703 155 0
1704 178 0
1705 106 0
1706 221 1
1707 200 1
1708 127 0
1709 152 1
1710 122 0
1711 77 0
1712 134 1
1713 133 1
1714 86 0
1715 156 1
1716 52 0
1717 8 0
1718 72 1
1719 196 1
1720 232 0
1721 159 0
1722 160 1
1723 54 1
1724 109 0
1725 124 1
1726 220 1
1727 78 1
1728 112 1
1729 183 1
1730 154 1
1731 234 1
1732 142 1
1733 121 0
1734 182 1
1735 1 1
1736 152 1
1737 164 1
1738 55 0
1739 127 1
1740 200 1
1741 160 0
1742 225 1
1743 75 0
1744 222 1
1745 68 0
1746 134 1
1747 114 0
1748 85 0
1749 27 1
1750 85 0
1751 213 0
1752 192 0
1753 81 1
1754 135 0
1755 180 1
1756 227 1
1757 56 1
1758 116 1
1759 86 1
1760 162 1
1761 11 1
1762 233 0
1763 104 1
1764 129 1
1765 117 1
1766 163 1
1767 219 1
1768 12 1
1769 139 0
1770 40 1
1771 19 1
1772 196 0
1773 20 0
1774 210 1
1775 183 1
1776 33 1
1777 204 1
1778 87 0
1779 116 0
1780 212 1
1781 202 1
1782 100 1
1783 31 1
1784 21 1
1785 31 1
1786 30 0
1787 101 0
1788 125 1
1789 71 1
1790 232 1
1791 8 0
1792 220 0
1793 60 1
1794 54 0
1795 60 1
1796 178 0
1797 174 0
1798 220 0
1799 162 1
1800 152 0
1801 75 1
1802 12 1
1803 177 1
1804 69 1
1805 6 0
1806 38 0
1807 100 0
1808 231 0
1809 101 1
1810 105 0
1811 80 1
1812 196 0
1813 98 0
1814 232 1
1815 193 0
1816 227 1
1817 99 0
1818 212 0
1819 145 0
1820 56 0
1821 116 1
1822 170 1
1823 124 1
1824 144 1
1825 215 1
1826 159 0
1827 70 0
1828 89 1
1829 67 1
1830 201 1
1831 7 0
1832 61 1
1833 200 1
1834 151 0
1835 92 1
1836 29 1
1837 78 1
1838 192 1
1839 128 1
1840 200 1
1841 118 1
1842 178 1
1843 11 1
1844 125 0
1845 126 1
1846 108 1
1847 55 1
1848 11 1
1849 215 0
1850 128 1
1851 146 0
1852 47 1
1853 124 1
1854 194 0
1855 108 0
1856 132 1
1857 47 1
1858 183 1
1859 115 0
1860 145 0
1861 174 0
1862 146 0
1863 195 1
1864 12 1
1865 92 1
1866 14 1
1867 70 0
1868 226 0
1869 73 1
1870 220 1
1871 107 1
1872 175 1
1873 203 1
1874 221 1
1875 202 1
1876 91 1
1877 156 1
1878 138 0
1879 163 1
1880 57 1
1881 68 0
1882 21 0
1883 141 1
1884 105 0
1885 199 1
1886 163 1
1887 214 0
1888 233 1
1889 233 1
1890 32 1
1891 117 1
1892 112 1
1893 133 0
1894 156 0
1895 174 0
1896 87 1
1897 61 0
1898 148 1
1899 127 1
1900 188 0
1901 111 1
1902 165 1
1903 221 1
1904 35 1
1905 149 1
1906 190 0
1907 194 0
1908 75 0
1909 81 1
1910 159 1
1911 217 0
1912 29 0
1913 122 0
1914 16 1
1915 200 0
1916 108 1
1917 87 0
1918 169 0
1919 204 0
1920 63 1
1921 39 1
1922 152 0
1923 83 0
1924 97 1
1925 227 1
1926 192 0
1927 35 1
1928 22 1
1929 168 1
1930 175 0
1931 10 1
1932 207 0
1933 88 1
1934 182 1
1935 112 0
1936 175 0
1937 30 1
1938 157 1
1939 87 1
1940 50 0
1941 46 1
1942 59 0
1943 233 1
1944 7 1
1945 124 1
1946 65 1
1947 233 1
1948 8 0
1949 185 1
1950 146 1
1951 203 0
1952 221 1
1953 189 0
1954 119 1
1955 168 0
1956 127 1
1957 184 1
1958 68 1
1959 37 1
1960 118 1
1961 29 1
1962 68 1
1963 228 0
1964 119 1
1965 39 1
1966 6 0
1967 127 0
1968 12 1
1969 141 1
1970 125 1
1971 69 0
1972 64 0
1973 207 0
1974 207 1
1975 211 0
1976 174 1
1977 45 0
1978 34 0
1979 91 0
1980 218 1
1981 191 1
1982 142 1
1983 224 1
1984 167 1
1985 50 1
1986 215 0
1987 77 1
1988 144 0
1989 175 0
1990 61 1
1991 213 1
1992 158 1
1993 9 0
1994 67 1
1995 117 1
1996 0 0
1997 49 0
1998 164 1
1999 60 0
2000 175 1
2001 164 1
2002 1 1
2003 201 0
2004 61 1
2005 33 1
2006 62 1
2007 125 0
2008 40 1
2009 184 1
2010 4 1
2011 164 0
2012 146 0
2013 150 1
2014 23 1
2015 182 1
2016 93 1
2017 124 1
2018 123 1
2019 12 1
2020 1 1
2021 71 0
2022 64 0
2023 51 1
2024 99 1
2025 220 1
2026 69 1
2027 115 1
2028 139 1
2029 66 0
2030 12 1
2031 133 0
2032 130 1
2033 207 0
2034 119 0
2035 201 1
2036 38 1
2037 184 0
2038 5 1
2039 215 1
2040 3 1
2041 216 1
2042 125 0
2043 59 1
2044 133 0
2045 190 1
2046 145 1
2047 18 1
2048 117 0
2049 56 1
2050 221 0
2051 124 0
2052 66 0
2053 134 0
2054 76 0
2055 184 1
2056 89 1
2057 159 1
2058 31 1
2059 6 1
2060 112 1
2061 73 1
2062 56 0
2063 61 1
2064 93 1
2065 181 1
2066 143 1
2067 110 0
2068 150 1
2069 53 0
2070 129 1
2071 77 0
2072 173 1
2073 201 0
2074 219 1
2075 133 1
2076 173 1
2077 120 1
2078 74 1
2079 175 1
2080 67 1
2081 14 1
2082 194 1
2083 192 1
2084 136 1
2085 103 0
2086 19 0
2087 20 1
2088 181 1
2089 166 1
2090 198 1
2091 31 0
2092 42 1
2093 132 1
2094 101 1
2095 56 0
2096 196 1
2097 151 0
2098 198 1
2099 31 1
2100 129 1
2101 140 1
2102 84 1
2103 110 1
2104 150 0
2105 206 0
2106 111 1
2107 11 0
2108 157 1
2109 43 1
2110 223 0
2111 199 1
2112 174 1
2113 110 1
2114 234 1
2115 11 1
2116 48 1
2117 48 1
2118 79 1
2119 174 1
2120 206 1
2121 106 1
2122 145 1
2123 4 1
2124 38 0
2125 98 0
2126 146 0
2127 217 0
2128 188 1
2129 229 1
2130 4 1
2131 81 0
2132 159 0
2133 193 1
2134 60 0
2135 0 1
2136 39 0
2137 113 1
2138 233 1
2139 24 1
2140 168 0
2141 68 1
2142 191 1
2143 171 0
2144 148 1
2145 97 1
2146 176 1
2147 214 1
2148 81 1
2149 109 1
2150 71 1
2151 176 1
2152 225 1
2153 71 0
2154 178 1
2155 29 1
2156 225 1
2157 193 1
2158 151 1
2159 96 1
2160 60 0
2161 224 1
2162 145 0
2163 103 1
2164 146 1
2165 139 1
2166 94 1
2167 99 1
2168 141 1
2169 73 1
2170 38 1
2171 198 1
2172 208 0
2173 221 1
2174 47 1
2175 194 1
2176 47 1
2177 111 1
2178 157 1
2179 190 1
2180 203 0
2181 52 1
2182 182 0
2183 145 1
2184 91 1
2185 179 1
2186 97 1
2187 165 1
2188 65 0
2189 196 1
2190 4 1
2191 228 1
2192 109 0
2193 16 1
2194 94 0
2195 98 1
2196 72 0
2197 123 1
2198 71 0
2199 114 0
2200 26 1
2201 67 0
2202 199 1
2203 196 0
2204 155 0
2205 150 1
2206 83 1
2207 215 1
2208 14 1
2209 231 1
2210 209 1
2211 174 1
2212 13 0
2213 72 0
2214 101 1
2215 22 1
2216 8 1
2217 19 1
2218 90 1
2219 8 1
2220 144 0
2221 173 1
2222 69 1
2223 192 1
2224 151 1
2225 200 1
2226 49 1
2227 179 1
2228 208 0
2229 154 0
2230 202 1
2231 210 1
2232 34 1
2233 193 1
2234 217 1
2235 138 1
2236 128 1
2237 121 0
2238 232 1
2239 49 1
2240 33 1
2241 45 0
2242 156 1
2243 153 1
2244 3 1
2245 211 0
2246 16 1
2247 187 1
2248 182 0
2249 178 1
2250 115 1
2251 62 1
2252 157 0
2253 209 1
2254 33 1
2255 69 0
2256 39 0
2257 156 1
2258 106 1
2259 97 0
2260 153 1
2261 87 0
2262 25 1
2263 223 0
2264 192 1
2265 147 1
2266 10 0
2267 86 1
2268 161 1
2269 89 0
2270 85 1
2271 32 1
2272 49 1
2273 97 1
2274 34 1
2275 37 1
2276 38 1
2277 124 1
2278 172 0
2279 42 1
2280 44 1
2281 211 1
2282 167 0
2283 226 0
2284 129 1
2285 54 1
2286 14 1
2287 111 1
2288 47 0
2289 222 1
2290 174 1
2291 32 0
2292 153 1
2293 47 1
2294 35 1
2295 229 1
2296 48 1
2297 138 1
2298 37 1
2299 76 1
2300 220 1
2301 149 1
2302 225 1
2303 65 0
2304 5 0
2305 117 0
2306 80 1
2307 164 1
2308 77 0
2309 98 1
2310 69 1
2311 195 1
2312 67 1
2313 105 1
2314 231 1
2315 39 1
2316 83 1
2317 222 1
2318 220 0
2319 112 0
2320 107 1
2321 177 1
2322 150 1
2323 196 1
2324 88 1
2325 107 0
2326 153 1
2327 51 0
2328 169 1
2329 93 1
2330 109 1
2331 151 1
2332 88 1
2333 37 1
2334 193 0
2335 66 1
2336 147 0
2337 28 0
2338 124 0
2339 57 1
2340 51 1
2341 142 1
2342 0 1
2343 197 1
2344 122 1
2345 105 0
2346 194 1
2347 193 0
2348 162 0
2349 122 1
2350 148 1
2351 191 1
2352 207 0
2353 126 1
2354 212 1
2355 80 1
2356 120 0
2357 3 1
2358 188 1
2359 57 1
2360 26 0
2361 75 1
2362 191 1
2363 34 0
2364 34 1
2365 8 1
2366 117 1
2367 11 1
2368 191 1
2369 192 1
2370 88 1
2371 202 0
2372 31 1
2373 97 1
2374 174 1
2375 66 1
2376 93 1
2377 185 1
2378 181 0
2379 173 1
2380 144 1
2381 167 1
2382 153 0
2383 127 1
2384 87 1
2385 47 1
2386 128 1
2387 156 0
2388 222 1
2389 150 0
2390 181 1
2391 125 1
2392 126 0
2393 95 0
2394 61 0
2395 56 0
2396 218 1
2397 8 1
2398 173 1
2399 15 1
2400 226 0
2401 203 0
2402 79 1
2403 49 1
2404 146 0
2405 226 1
2406 181 1
2407 137 1
2408 197 0
2409 147 1
2410 33 0
2411 0 1
2412 198 0
2413 154 0
2414 151 1
2415 159 1
2416 235 1
2417 28 1
2418 19 1
2419 147 1
2420 46 1
2421 24 1
2422 20 1
2423 70 1
2424 162 1
2425 8 1
2426 189 1
2427 210 0
2428 25 1
2429 51 1
2430 69 1
2431 86 1
2432 110 0
2433 154 1
2434 197 1
2435 58 0
2436 211 0
2437 6 1
2438 15 1
2439 221 0
2440 62 1
2441 136 1
2442 9 0
2443 172 1
2444 14 0
2445 211 1
2446 206 1
2447 159 0
2448 180 1
2449 209 1
2450 151 1
2451 156 0
2452 121 1
2453 129 1
2454 7 1
2455 78 1
2456 111 0
2457 85 1
2458 101 1
2459 155 0
2460 13 1
2461 203 1
2462 200 1
2463 68 1
2464 212 1
2465 62 0
2466 81 1
2467 25 1
2468 149 1
2469 107 1
2470 33 1
2471 225 1
2472 173 1
2473 30 1
2474 104 0
2475 158 1
2476 92 1
2477 109 1
2478 21 0
2479 208 1
2480 222 0
2481 137 0
2482 21 0
2483 38 1
2484 85 1
2485 94 1
2486 99 1
2487 32 1
2488 166 0
2489 83 0
2490 19 0
2491 160 0
2492 135 1
2493 175 0
2494 214 1
2495 162 1
2496 186 1
2497 36 0
2498 229 1
2499 145 0
2500 224 1
2501 206 0
2502 91 1
2503 136 0
2504 68 0
2505 64 1
2506 228 1
2507 211 1
2508 30 1
2509 52 1
2510 62 0
2511 214 1
2512 49 0
2513 224 0
2514 93 0
2515 130 1
2516 141 1
2517 172 1
2518 106 1
2519 22 0
2520 59 1
2521 37 1
2522 83 0
2523 184 0
2524 163 1
2525 127 0
2526 227 1
2527 10 1
2528 127 0
2529 91 0
2530 141 1
2531 65 1
2532 89 0
2533 51 0
2534 82 1
2535 137 0
2536 167 1
2537 198 1
2538 187 0
2539 137 1
2540 154 1
2541 112 0
2542 141 1
2543 190 1
2544 129 0
2545 21 0
2546 35 0
2547 89 1
2548 100 1
2549 84 1
2550 217 1
2551 93 1
2552 168 1
2553 175 0
2554 209 1
2555 2 0
2556 112 1
2557 41 1
2558 5 0
2559 58 1
2560 44 1
2561 177 1
2562 173 1
2563 208 0
2564 174 0
2565 221 0
2566 49 1
2567 79 1
2568 137 1
2569 106 0
2570 99 1
2571 5 1
2572 227 1
2573 1 0
2574 49 0
2575 138 0
2576 142 1
2577 177 1
2578 117 1
2579 122 1
2580 213 0
2581 222 1
2582 189 0
2583 17 0
2584 89 1
2585 208 1
2586 235 1
2587 172 1
2588 36 1
2589 234 1
2590 1 1
2591 187 1
2592 220 1
2593 228 1
2594 50 1
2595 165 1
2596 225 0
2597 63 1
2598 222 1
2599 44 1
2600 207 1
2601 35 0
2602 5 1
2603 205 1
2604 146 0
2605 131 1
2606 108 1
2607 59 1
2608 215 1
2609 203 0
2610 173 0
2611 62 1
2612 52 1
2613 112 1
2614 209 0
2615 121 1
2616 176 1
2617 158 1
2618 133 1
2619 223 1
2620 103 0
2621 198 1
2622 205 1
2623 80 0
2624 81 1
2625 218 0
2626 188 0
2627 185 0
2628 177 0
2629 51 0
2630 222 1
2631 102 1
2632 101 1
2633 113 0
2634 164 1
2635 49 1
2636 227 0
2637 15 0
2638 38 1
2639 152 1
2640 147 1
2641 146 1
2642 191 1
2643 111 1
2644 166 1
2645 51 1
2646 103 1
2647 83 1
2648 187 1
2649 207 1
2650 69 1
2651 155 0
2652 36 0
2653 28 1
2654 33 0
2655 202 1
2656 91 1
2657 51 1
2658 212 0
2659 184 1
2660 89 1
2661 63 0
2662 161 1
2663 169 1
2664 115 1
2665 0 1
2666 168 1
2667 16 1
2668 93 1
2669 47 0
2670 0 1
2671 75 0
2672 130 1
2673 143 1
2674 53 1
2675 21 1
2676 98 1
2677 111 1
2678 6 0
2679 144 0
2680 192 1
2681 77 1
2682 71 1
2683 98 1
2684 141 1
2685 63 1
2686 167 1
2687 6 1
2688 36 0
2689 179 1
2690 8 1
2691 5 1
2692 60 1
2693 134 1
2694 169 0
2695 192 0
2696 199 1
2697 22 0
2698 131 0
2699 207 1
2700 38 0
2701 187 0
2702 180 1
2703 38 1
2704 106 1
2705 75 1
2706 190 1
2707 228 1
2708 200 0
2709 81 1
2710 178 1
2711 27 0
2712 80 1
2713 184 0
2714 178 1
2715 16 1
2716 198 1
2717 193 1
2718 164 1
2719 128 1
2720 220 0
2721 156 1
2722 47 1
2723 193 1
2724 48 0
2725 153 0
2726 84 1
2727 139 1
2728 1 1
2729 144 1
2730 16 1
2731 167 1
2732 136 1
2733 129 1
2734 127 0
2735 107 0
2736 224 1
2737 54 0
2738 184 0
2739 59 0
2740 58 1
2741 226 1
2742 164 1
2743 75 1
2744 222 1
2745 117 1
2746 147 0
2747 220 0
2748 177 0
2749 116 1
2750 139 0
2751 184 1
2752 22 1
2753 167 0
2754 22 1
2755 203 1
2756 206 1
2757 227 1
2758 92 1
2759 72 0
2760 53 1
2761 84 1
2762 5 1
2763 20 0
2764 190 1
2765 23 1
2766 131 1
2767 226 1
2768 222 1
2769 124 1
2770 152 0
2771 93 1
2772 58 1
2773 29 1
2774 158 1
2775 0 1
2776 62 1
2777 188 1
2778 156 0
2779 26 1
2780 112 1
2781 213 0
2782 24 0
2783 164 1
2784 128 0
2785 24 0
2786 157 0
2787 175 1
2788 214 1
2789 137 1
2790 81 1
2791 120 1
2792 225 1
2793 222 0
2794 48 1
2795 28 0
2796 61 1
2797 175 0
2798 212 1
2799 105 1
2800 164 1
2801 153 1
2802 22 1
2803 72 1
2804 68 0
2805 141 1
2806 114 1
2807 64 0
2808 105 1
2809 21 0
2810 63 1
2811 81 0
2812 59 1
2813 223 0
2814 131 0
2815 144 1
2816 229 0
2817 153 0
2818 158 0
2819 16 1
2820 203 1
2821 148 1
2822 194 1
2823 193 1
2824 28 0
2825 220 1
2826 32 1
2827 220 0
2828 93 1
2829 130 1
2830 67 1
2831 56 0
2832 101 0
2833 80 1
2834 204 0
2835 22 1
2836 25 1
2837 21 1
2838 152 1
2839 50 1
2840 193 1
2841 35 0
2842 103 1
2843 84 0
2844 235 1
2845 192 1
2846 22 0
2847 135 0
2848 223 1
2849 158 1
2850 79 1
2851 130 1
2852 120 1
2853 91 1
2854 135 0
2855 220 1
2856 179 1
2857 90 0
2858 47 0
2859 10 1
2860 161 0
2861 122 1
2862 220 1
2863 78 0
2864 5 1
2865 166 0
2866 186 1
2867 193 0
2868 220 0
2869 114 0
2870 194 1
2871 220 1
2872 125 1
2873 188 1
2874 20 1
2875 228 1
2876 173 1
2877 133 1
2878 143 1
2879 132 1
2880 221 1
2881 233 0
2882 131 1
2883 13 1
2884 10 1
2885 3 1
2886 229 1
2887 114 1
2888 65 1
2889 59 0
2890 36 1
2891 35 0
2892 173 1
2893 131 1
2894 157 1
2895 233 0
2896 98 1
2897 77 1
2898 192 1
2899 109 1
2900 225 1
2901 175 1
2902 103 1
2903 108 0
2904 123 1
2905 25 1
2906 223 1
2907 142 0
2908 6 1
2909 14 0
2910 73 1
2911 69 0
2912 10 1
2913 165 1
2914 8 1
2915 177 0
2916 158 0
2917 223 1
2918 174 0
2919 201 1
2920 31 0
2921 234 1
2922 64 0
2923 188 1
2924 181 0
2925 1 1
2926 213 0
2927 191 0
2928 224 1
2929 198 1
2930 167 0
2931 1 1
2932 24 1
2933 119 1
2934 87 1
2935 37 1
2936 87 1
2937 142 0
2938 179 1
2939 225 1
2940 64 1
2941 147 1
2942 64 0
2943 37 1
2944 231 0
2945 60 0
2946 146 1
2947 19 0
2948 57 1
2949 146 1
2950 235 1
2951 32 1
2952 222 1
2953 6 1
2954 36 1
2955 57 1
2956 222 1
2957 145 1
2958 79 0
2959 115 1
2960 189 0
2961 4 1
2962 5 1
2963 43 0
2964 170 0
2965 215 1
2966 140 1
2967 24 0
2968 193 1
2969 63 0
2970 29 1
2971 101 1
2972 97 0
2973 74 0
2974 197 1
2975 19 1
2976 132 1
2977 23 0
2978 52 1
2979 212 0
2980 27 1
2981 164 1
2982 207 1
2983 61 1
2984 226 1
2985 166 1
2986 16 0
2987 39 0
2988 46 1
2989 59 1
2990 74 0
2991 167 1
2992 102 1
2993 116 1
2994 28 1
2995 153 1
2996 51 0
2997 226 1
2998 41 0
2999 195 0
3000 183 0
3001 54 1
3002 156 1
3003 81 1
3004 214 1
3005 219 1
3006 219 0
3007 23 1
3008 108 1
3009 16 1
3010 235 1
3011 195 1
3012 18 0
3013 77 1
3014 8 0
3015 98 0
3016 165 1
3017 158 1
3018 14 1
3019 60 0
3020 148 1
3021 45 0
3022 197 1
3023 225 0
3024 215 0
3025 213 0
3026 174 1
3027 36 1
3028 129 1
3029 23 1
3030 157 1
3031 100 1
3032 37 1
3033 180 0
3034 35 0
3035 48 0
3036 52 1
3037 83 1
3038 173 0
3039 87 0
3040 77 1
3041 138 0
3042 9 0
3043 215 1
3044 56 1
3045 48 0
3046 123 1
3047 68 1
3048 179 1
3049 220 0
3050 16 1
3051 166 0
3052 133 0
3053 86 0
3054 85 0
3055 230 1
3056 5 1
3057 185 1
3058 74 0
3059 157 1
3060 170 1
3061 112 1
3062 121 0
3063 225 1
3064 196 0
3065 43 1
3066 13 1
3067 53 1
3068 226 1
3069 224 1
3070 80 1
3071 9 1
3072 114 1
3073 100 1
3074 130 1
3075 91 0
3076 230 0
3077 125 1
3078 151 1
3079 184 1
3080 92 1
3081 96 1
3082 209 1
3083 24 1
3084 56 1
3085 47 0
3086 235 1
3087 221 0
3088 23 1
3089 75 1
3090 114 1
3091 222 1
3092 138 1
3093 232 1
3094 235 0
3095 173 1
3096 180 1
3097 205 0
3098 186 1
3099 122 1
3100 11 0
3101 142 1
3102 234 0
3103 132 1
3104 221 0
3105 180 1
3106 142 1
3107 216 1
3108 50 0
3109 101 1
3110 160 0
3111 149 0
3112 75 1
3113 31 1
3114 116 0
3115 35 1
3116 94 1
3117 142 1
3118 73 1
3119 115 0
3120 14 0
3121 161 0
3122 233 1
3123 204 1
3124 121 0
3125 105 0
3126 112 0
3127 159 0
3128 141 1
3129 221 1
3130 115 0
3131 153 0
3132 202 1
3133 66 0
3134 105 0
3135 101 1
3136 12 1
3137 43 0
3138 176 0
3139 66 0
3140 85 0
3141 115 1
3142 198 1
3143 152 0
3144 0 1
3145 128 1
3146 162 1
3147 93 0
3148 108 1
3149 167 1
3150 113 1
3151 101 0
3152 70 1
3153 143 1
3154 160 0
3155 80 1
3156 149 0
3157 210 1
3158 6 1
3159 218 1
3160 32 0
3161 130 1
3162 156 1
3163 86 1
3164 150 0
3165 18 0
3166 61 0
3167 157 1
3168 33 1
3169 150 0
3170 38 1
3171 211 1
3172 194 1
3173 70 1
3174 76 1
3175 214 0
3176 166 1
3177 75 1
3178 95 1
3179 127 1
3180 191 0
3181 37 1
3182 29 0
3183 157 1
3184 27 0
3185 32 0
3186 66 0
3187 24 0
3188 192 0
3189 228 1
3190 154 0
3191 154 1
3192 83 1
3193 175 1
3194 159 1
3195 192 0
3196 211 1
3197 140 1
3198 196 0
3199 79 0
3200 132 1
3201 60 1
3202 122 1
3203 230 1
3204 186 1
3205 120 1
3206 201 1
3207 189 0
3208 35 0
3209 234 1
3210 194 1
3211 82 1
3212 193 1
3213 182 1
3214 51 1
3215 149 0
3216 141 1
3217 154 1
3218 62 0
3219 111 1
3220 139 0
3221 117 1
3222 41 1
3223 160 0
3224 202 0
3225 39 1
3226 117 1
3227 101 1
3228 111 0
3229 0 0
3230 82 1
3231 118 1
3232 126 1
3233 23 0
3234 188 1
3235 205 1
3236 137 1
3237 203 1
3238 164 1
3239 23 1
3240 50 1
3241 62 0
3242 192 1
3243 10 1
3244 219 0
3245 2 0
3246 163 0
3247 61 1
3248 160 0
3249 10 1
3250 223 1
3251 212 1
3252 69 1
3253 75 1
3254 75 0
3255 131 1
3256 164 1
3257 64 1
3258 124 1
3259 192 0
3260 88 1
3261 181 1
3262 82 0
3263 73 0
3264 91 0
3265 122 1
3266 66 1
3267 210 1
3268 46 1
3269 140 0
3270 151 1
3271 14 0
3272 0 1
3273 204 1
3274 157 1
3275 4 1
3276 122 0
3277 29 1
3278 196 1
3279 214 1
3280 189 0
3281 141 1
3282 203 0
3283 162 1
3284 173 0
3285 138 0
3286 109 1
3287 173 1
3288 235 1
3289 5 1
3290 66 1
3291 173 0
3292 204 1
3293 161 1
3294 76 1
3295 224 1
3296 8 0
3297 52 1
3298 17 1
3299 229 1
3300 52 1
3301 48 1
3302 52 1
3303 42 1
3304 126 0
3305 219 0
3306 66 1
3307 153 1
3308 131 0
3309 202 1
3310 217 1
3311 5 1
3312 92 1
3313 202 0
3314 44 1
3315 68 1
3316 99 1
3317 30 1
3318 105 1
3319 211 0
3320 125 0
3321 200 1
3322 124 1
3323 229 1
3324 195 0
3325 227 1
3326 158 1
3327 167 1
3328 59 0
3329 131 1
3330 104 1
3331 204 1
3332 88 1
3333 124 0
3334 76 1
3335 202 1
3336 66 1
3337 160 1
3338 48 1
3339 214 1
3340 112 0
3341 188 1
3342 206 0
3343 56 1
3344 28 0
3345 141 1
3346 160 1
3347 101 1
3348 112 0
3349 218 1
3350 96 1
3351 161 1
3352 115 1
3353 121 1
3354 2 1
3355 174 1
3356 73 1
3357 161 1
3358 18 0
3359 81 1
3360 178 0
3361 180 1
3362 99 1
3363 122 0
3364 42 1
3365 172 1
3366 57 1
3367 69 1
3368 187 1
3369 107 1
3370 58 1
3371 77 0
3372 181 1
3373 183 0
3374 224 1
3375 14 0
3376 14 1
3377 36 1
3378 11 1
3379 93 1
3380 32 0
3381 192 0
3382 136 1
3383 30 0
3384 220 1
3385 45 1
3386 187 0
3387 182 1
3388 133 1
3389 100 1
3390 161 1
3391 56 1
3392 77 1
3393 61 1
3394 23 1
3395 142 1
3396 192 0
3397 149 1
3398 131 1
3399 184 1
3400 88 1
3401 167 1
3402 124 0
3403 176 1
3404 15 0
3405 146 0
3406 159 1
3407 124 1
3408 67 0
3409 88 1
3410 107 1
3411 150 1
3412 100 0
3413 164 0
3414 14 0
3415 120 1
3416 114 1
3417 146 0
3418 176 0
3419 31 1
3420 131 1
3421 140 1
3422 152 0
3423 58 0
3424 217 1
3425 77 1
3426 149 1
3427 164 1
3428 58 0
3429 14 1
3430 213 0
3431 179 1
3432 193 1
3433 101 1
3434 184 1
3435 93 1
3436 78 1
3437 138 0
3438 33 1
3439 217 1
3440 116 0
3441 114 0
3442 54 0
3443 47 0
3444 140 1
3445 193 0
3446 203 1
3447 213 1
3448 233 1
3449 66 1
3450 215 1
3451 30 1
3452 164 0
3453 55 1
3454 137 1
3455 219 0
3456 98 0
3457 51 1
3458 144 1
3459 37 1
3460 168 0
3461 174 1
3462 134 1
3463 68 1
3464 1 1
3465 81 1
3466 65 1
3467 45 1
3468 52 1
3469 202 1
3470 144 1
3471 211 1
3472 50 0
3473 167 0
3474 128 1
3475 19 1
3476 202 0
3477 200 1
3478 120 1
3479 4 0
3480 174 1
3481 110 1
3482 205 0
3483 4 1
3484 28 0
3485 214 1
3486 159 1
3487 184 1
3488 223 1
3489 180 1
3490 92 1
3491 176 1
3492 165 0
3493 167 1
3494 180 0
3495 176 1
3496 32 1
3497 125 0
3498 214 0
3499 30 1
3500 107 0
3501 180 0
3502 206 0
3503 16 1
3504 19 1
3505 78 1
3506 164 1
3507 178 0
3508 167 1
3509 148 1
3510 52 1
3511 234 1
3512 142 1
3513 90 1
3514 25 1
3515 132 1
3516 137 1
3517 171 1
3518 216 1
3519 70 1
3520 151 1
3521 115 1
3522 170 1
3523 178 0
3524 170 1
3525 217 1
3526 182 1
3527 78 1
3528 106 1
3529 217 1
3530 61 1
3531 32 1
3532 201 1
3533 70 1
3534 158 1
3535 185 1
3536 56 0
3537 157 0
3538 129 1
3539 92 1
3540 197 0
3541 61 0
3542 56 1
3543 4 1
3544 76 1
3545 58 1
3546 107 1
3547 103 1
3548 61 0
3549 22 1
3550 86 1
3551 65 1
3552 43 1
3553 134 1
3554 94 1
3555 7 1
3556 72 0
3557 203 0
3558 207 1
3559 59 1
3560 196 0
3561 192 1
3562 212 0
3563 144 0
3564 6 0
3565 33 1
3566 141 1
3567 235 1
3568 89 1
3569 120 1
3570 132 1
3571 6 1
3572 195 1
3573 100 1
3574 180 1
3575 222 1
3576 46 1
3577 212 1
3578 10 0
3579 72 1
3580 54 0
3581 109 1
3582 208 1
3583 143 1
3584 14 0
3585 12 0
3586 162 1
3587 118 0
3588 232 1
3589 60 1
3590 146 1
3591 86 0
3592 232 1
3593 223 0
3594 191 0
3595 27 0
3596 169 0
3597 205 1
3598 13 1
3599 207 1
3600 144 0
3601 177 1
3602 7 0
3603 200 0
3604 49 0
3605 184 0
3606 74 1
3607 160 0
3608 109 0
3609 85 1
3610 215 0
3611 77 1
3612 17 1
3613 62 0
3614 163 0
3615 61 0
3616 22 0
3617 149 0
3618 65 0
3619 40 1
3620 137 1
3621 83 1
3622 35 1
3623 58 0
3624 163 1
3625 212 1
3626 24 1
3627 62 0
3628 100 0
3629 76 1
3630 163 0
3631 106 1
3632 148 1
3633 226 0
3634 137 1
3635 101 0
3636 27 0
3637 26 1
3638 195 0
3639 215 1
3640 232 1
3641 36 1
3642 10 0
3643 70 1
3644 228 1
3645 150 1
3646 61 1
3647 116 0
3648 44 1
3649 195 1
3650 144 1
3651 229 0
3652 16 1
3653 7 0
3654 108 1
3655 106 1
3656 182 1
3657 132 1
3658 10 1
3659 79 1
3660 126 0
3661 165 1
3662 17 1
3663 164 0
3664 155 0
3665 12 1
3666 188 0
3667 7 0
3668 28 1
3669 185 0
3670 9 1
3671 8 0
3672 202 1
3673 156 1
3674 116 1
3675 214 0
3676 232 0
3677 197 1
3678 192 0
3679 79 1
3680 17 1
3681 183 1
3682 104 1
3683 179 1
3684 213 1
3685 33 1
3686 187 1
3687 185 0
3688 191 1
3689 134 1
3690 108 0
3691 81 1
3692 28 1
3693 126 0
3694 171 1
3695 104 1
3696 69 1
3697 163 0
3698 18 1
3699 74 1
3700 2 1
3701 225 1
3702 158 1
3703 115 1
3704 48 1
3705 188 0
3706 135 1
3707 33 0
3708 79 1
3709 156 1
3710 136 0
3711 203 0
3712 84 1
3713 147 1
3714 0 1
3715 101 1
3716 105 0
3717 204 1
3718 33 0
3719 144 1
3720 105 1
3721 5 1
3722 133 0
3723 168 0
3724 205 1
3725 227 1
3726 117 1
3727 79 1
3728 93 1
3729 76 1
3730 224 1
3731 104 1
3732 40 1
3733 121 0
3734 163 0
3735 158 0
3736 134 0
3737 37 1
3738 210 0
3739 12 1
3740 66 1
3741 50 0
3742 201 1
3743 157 1
3744 128 0
3745 160 0
3746 184 1
3747 209 0
3748 108 1
3749 66 1
3750 136 0
3751 68 1
3752 156 0
3753 69 1
3754 79 1
3755 79 1
3756 84 1
3757 97 1
3758 30 0
3759 116 0
3760 24 1
3761 46 0
3762 72 1
3763 201 0
3764 122 1
3765 216 0
3766 23 0
3767 60 0
3768 158 1
3769 79 1
3770 211 0
3771 155 1
3772 59 0
3773 122 0
3774 43 1
3775 20 0
3776 47 0
3777 44 0
3778 90 1
3779 68 0
3780 44 1
3781 7 0
3782 104 0
3783 19 0
3784 202 0
3785 37 1
3786 28 1
3787 9 1
3788 217 1
3789 181 1
3790 138 0
3791 95 1
3792 35 1
3793 68 1
3794 156 1
3795 111 1
3796 192 1
3797 44 1
3798 190 0
3799 92 0
3800 166 1
3801 106 1
3802 89 1
3803 50 1
3804 15 0
3805 98 1
3806 200 1
3807 102 1
3808 109 0
3809 133 1
3810 79 0
3811 2 0
3812 127 0
3813 100 0
3814 114 1
3815 10 1
3816 89 0
3817 6 1
3818 235 1
3819 17 0
3820 59 0
3821 171 1
3822 86 0
3823 31 0
3824 216 1
3825 229 1
3826 173 0
3827 102 1
3828 46 0
3829 157 1
3830 163 1
3831 208 1
3832 51 0
3833 200 1
3834 43 0
3835 69 1
3836 105 1
3837 134 0
3838 42 1
3839 155 1
3840 98 0
3841 89 1
3842 148 0
3843 107 1
3844 163 1
3845 123 0
3846 200 1
3847 107 1
3848 83 0
3849 66 0
3850 57 1
3851 233 1
3852 145 1
3853 126 1
3854 65 1
3855 218 0
3856 197 1
3857 206 0
3858 31 1
3859 77 0
3860 110 1
3861 49 1
3862 68 1
3863 93 1
3864 0 1
3865 46 1
3866 68 0
3867 227 0
3868 183 1
3869 168 1
3870 170 0
3871 180 1
3872 226 1
3873 14 1
3874 232 0
3875 216 1
3876 63 1
3877 188 0
3878 193 1
3879 47 0
3880 214 1
3881 18 1
3882 141 0
3883 27 0
3884 135 1
3885 105 1
3886 114 0
3887 210 0
3888 209 1
3889 129 1
3890 87 1
3891 88 1
3892 146 1
3893 50 0
3894 94 1
3895 65 1
3896 199 0
3897 126 1
3898 98 1
3899 201 1
3900 121 0
3901 75 0
3902 128 0
3903 111 0
3904 41 1
3905 83 0
3906 122 1
3907 55 1
3908 219 0
3909 140 1
3910 211 1
3911 158 1
3912 58 1
3913 51 0
3914 210 1
3915 165 0
3916 95 1
3917 102 0
3918 58 1
3919 101 1
3920 226 1
3921 0 1
3922 123 1
3923 148 0
3924 165 1
3925 188 0
3926 27 1
3927 87 1
3928 164 1
3929 17 1
3930 163 1
3931 2 1
3932 187 0
3933 14 1
3934 90 0
3935 114 1
3936 67 1
3937 200 1
3938 178 1
3939 68 1
3940 173 1
3941 19 0
3942 140 1
3943 57 1
3944 14 0
3945 210 0
3946 21 1
3947 204 1
3948 89 1
3949 222 1
3950 105 1
3951 31 1
3952 223 1
3953 134 1
3954 111 1
3955 44 1
3956 231 0
3957 17 0
3958 174 1
3959 211 0
3960 153 1
3961 138 1
3962 170 1
3963 151 1
3964 96 0
3965 210 1
3966 10 1
3967 141 0
3968 4 0
3969 170 0
3970 9 1
3971 173 1
3972 49 0
3973 148 1
3974 37 1
3975 180 1
3976 78 1
3977 133 1
3978 196 0
3979 40 0
3980 194 0
3981 21 0
3982 24 1
3983 209 1
3984 205 0
3985 156 1
3986 125 1
3987 228 1
3988 56 1
3989 166 1
3990 32 1
3991 48 1
3992 201 1
3993 123 1
3994 2 1
3995 218 1
3996 181 1
3997 164 0
3998 174 1
3999 10 1
4000 48 1
4001 135 1
4002 28 1
4003 120 1
4004 39 1
4005 177 0
4006 169 0
4007 182 1
4008 184 1
4009 69 0
4010 4 1
4011 147 0
4012 67 1
4013 167 1
4014 221 0
4015 158 1
4016 108 0
4017 219 0
4018 188 1
4019 224 1
4020 161 1
4021 63 1
4022 163 1
4023 2 0
4024 87 1
4025 66 0
4026 130 1
4027 54 1
4028 60 1
4029 208 1
4030 163 0
4031 87 1
4032 187 0
4033 175 0
4034 177 1
4035 134 1
4036 100 1
4037 201 1
4038 216 0
4039 147 1
4040 50 0
4041 167 1
4042 194 1
4043 151 1
4044 207 0
4045 68 1
4046 21 1
4047 177 1
4048 225 1
4049 119 1
4050 51 1
4051 37 0
4052 219 1
4053 187 0
4054 218 1
4055 35 1
4056 80 0
4057 221 1
4058 192 0
4059 62 1
4060 27 1
4061 69 1
4062 50 0
4063 32 0
4064 130 0
4065 214 1
4066 169 1
4067 100 0
4068 29 1
4069 120 0
4070 155 0
4071 52 1
4072 125 1
4073 42 0
4074 178 1
4075 16 1
4076 235 1
4077 30 1
4078 95 0
4079 100 0
4080 214 1
4081 174 1
4082 101 1
4083 71 0
4084 95 1
4085 150 1
4086 118 0
4087 13 1
4088 8 0
4089 97 0
4090 164 1
4091 163 1
4092 207 1
4093 220 1
4094 24 0
4095 64 1
4096 167 0
4097 157 0
4098 46 0
4099 172 1
4100 192 1
4101 155 1
4102 61 1
4103 90 1
4104 232 0
4105 27 1
4106 74 1
4107 92 1
4108 156 0
4109 116 0
4110 166 1
4111 186 1
4112 188 1
4113 138 1
4114 107 1
4115 143 1
4116 169 0
4117 146 0
4118 2 1
4119 71 0
4120 192 1
4121 164 1
4122 60 0
4123 80 0
4124 101 1
4125 164 1
4126 145 0
4127 137 1
4128 225 1
4129 99 0
4130 122 1
4131 164 0
4132 72 0
4133 57 0
4134 75 0
4135 78 1
4136 230 0
4137 70 0
4138 34 0
4139 39 1
4140 118 1
4141 175 1
4142 82 0
4143 133 1
4144 124 0
4145 172 1
4146 7 0
4147 73 1
4148 179 1
4149 159 1
4150 30 0
4151 58 0
4152 15 0
4153 86 1
4154 50 0
4155 193 1
4156 97 1
4157 204 1
4158 217 1
4159 26 1
4160 103 1
4161 123 1
4162 68 1
4163 190 1
4164 102 0
4165 34 1
4166 122 1
4167 168 1
4168 228 1
4169 191 0
4170 152 0
4171 218 1
4172 53 0
4173 200 1
4174 57 0
4175 148 1
4176 194 1
4177 34 0
4178 8 0
4179 41 1
4180 114 1
4181 15 1
4182 179 0
4183 142 1
4184 207 1
4185 221 1
4186 18 1
4187 141 1
4188 159 0
4189 114 1
4190 104 1
4191 140 0
4192 71 0
4193 96 1
4194 175 1
4195 198 1
4196 221 0
4197 55 1
4198 170 1
4199 104 1
4200 67 1
4201 32 1
4202 58 1
4203 160 1
4204 51 1
4205 201 0
4206 74 1
4207 222 1
4208 55 1
4209 232 1
4210 228 1
4211 53 1
4212 185 1
4213 147 1
4214 77 1
4215 28 0
4216 109 1
4217 233 0
4218 2 1
4219 156 1
4220 205 0
4221 212 1
4222 234 0
4223 192 1
4224 53 0
4225 53 1
4226 155 0
4227 23 1
4228 218 1
4229 223 1
4230 190 0
4231 212 0
4232 80 0
4233 3 1
4234 139 1
4235 139 1
4236 49 1
4237 155 1
4238 86 0
4239 105 1
4240 72 1
4241 184 1
4242 28 1
4243 100 1
4244 150 0
4245 82 1
4246 111 1
4247 176 0
4248 35 1
4249 41 1
4250 106 1
4251 55 1
4252 67 1
4253 203 1
4254 94 1
4255 60 0
4256 231 1
4257 162 0
4258 225 0
4259 46 0
4260 117 1
4261 20 1
4262 190 1
4263 191 1
4264 143 1
4265 172 0
4266 184 0
4267 173 1
4268 211 0
4269 173 1
4270 216 0
4271 8 0
4272 15 1
4273 11 1
4274 200 0
4275 151 0
4276 189 1
4277 82 1
4278 135 1
4279 136 0
4280 38 0
4281 64 0
4282 73 1
4283 10 0
4284 145 0
4285 129 1
4286 190 1
4287 109 1
4288 75 1
4289 213 1
4290 177 0
4291 125 1
4292 68 1
4293 41 1
4294 12 1
4295 18 1
4296 22 0
4297 41 1
4298 91 1
4299 155 0
4300 3 0
4301 129 0
4302 190 1
4303 166 0
4304 122 0
4305 69 1
4306 44 0
4307 201 1
4308 169 1
4309 87 0
4310 192 1
4311 0 1
4312 195 1
4313 82 0
4314 97 0
4315 54 0
4316 54 1
4317 66 1
4318 190 0
4319 39 0
4320 148 0
4321 148 1
4322 75 1
4323 72 1
4324 124 0
4325 198 1
4326 33 1
4327 63 1
4328 8 1
4329 47 1
4330 154 1
4331 214 1
4332 53 1
4333 218 0
4334 44 0
4335 89 0
4336 137 1
4337 152 0
4338 119 1
4339 229 1
4340 156 0
4341 92 1
4342 154 1
4343 185 1
4344 76 1
4345 40 1
4346 102 1
4347 204 0
4348 66 1
4349 163 1
4350 215 1
4351 71 0
4352 22 1
4353 101 1
4354 220 1
4355 153 1
4356 49 1
4357 97 0
4358 177 1
4359 139 0
4360 51 0
4361 13 1
4362 198 1
4363 73 1
4364 175 0
4365 143 0
4366 25 1
4367 38 1
4368 215 0
4369 188 1
4370 1 1
4371 112 1
4372 124 0
4373 27 1
4374 28 0
4375 83 1
4376 113 1
4377 1 1
4378 85 1
4379 112 1
4380 87 0
4381 182 0
4382 6 1
4383 159 1
4384 132 1
4385 193 1
4386 229 1
4387 193 0
4388 46 1
4389 187 1
4390 154 1
4391 163 0
4392 139 0
4393 115 1
4394 15 1
4395 17 1
4396 18 1
4397 214 1
4398 192 0
4399 18 1
4400 24 1
4401 231 1
4402 48 0
4403 139 1
4404 176 1
4405 178 1
4406 129 1
4407 133 1
4408 41 0
4409 24 0
4410 15 0
4411 162 0
4412 9 0
4413 67 1
4414 53 1
4415 58 1
4416 69 1
4417 100 0
4418 9 1
4419 220 0
4420 98 1
4421 51 1
4422 39 1
4423 31 1
4424 209 1
4425 145 0
4426 97 1
4427 27 0
4428 220 1
4429 71 1
4430 187 0
4431 120 1
4432 187 0
4433 146 1
4434 231 1
4435 150 1
4436 61 1
4437 96 1
4438 159 1
4439 189 1
4440 183 1
4441 129 1
4442 175 0
4443 154 1
4444 22 1
4445 201 1
4446 127 1
4447 234 1
4448 77 1
4449 44 1
4450 43 0
4451 174 1
4452 172 1
4453 208 0
4454 166 1
4455 0 1
4456 29 1
4457 161 1
4458 54 1
4459 135 1
4460 73 0
4461 54 1
4462 190 1
4463 43 0
4464 205 0
4465 113 1
4466 58 0
4467 120 0
4468 94 1
4469 94 1
4470 27 0
4471 142 1
4472 227 0
4473 36 0
4474 147 0
4475 122 1
4476 40 1
4477 185 1
4478 1 1
4479 35 1
4480 92 1
4481 223 1
4482 207 1
4483 144 1
4484 209 0
4485 95 0
4486 100 0
4487 64 0
4488 73 1
4489 141 1
4490 39 1
4491 209 0
4492 212 1
4493 79 1
4494 159 1
4495 188 1
4496 30 0
4497 169 1
4498 52 0
4499 75 0
4500 84 0
4501 29 1
4502 180 1
4503 48 1
4504 201 0
4505 10 1
4506 225 0
4507 84 1
4508 150 1
4509 183 1
4510 45 0
4511 96 1
4512 79 1
4513 85 0
4514 111 1
4515 160 1
4516 99 1
4517 151 1
4518 58 0
4519 64 1
4520 162 0
4521 32 0
4522 63 1
4523 121 1
4524 48 1
4525 59 0
4526 211 1
4527 177 1
4528 185 0
4529 190 0
4530 186 0
4531 27 1
4532 80 0
4533 100 1
4534 150 1
4535 170 1
4536 8 1
4537 0 1
4538 87 0
4539 52 1
4540 193 1
4541 0 1
4542 35 1
4543 227 1
4544 211 1
4545 52 1
4546 73 1
4547 219 1
4548 29 1
4549 60 1
4550 17 1
4551 32 1
4552 201 0
4553 100 0
4554 153 0
4555 195 1
4556 32 1
4557 51 1
4558 145 0
4559 59 0
4560 228 1
4561 51 1
4562 194 0
4563 223 0
4564 122 1
4565 179 0
4566 50 1
4567 168 1
4568 8 0
4569 76 0
4570 189 1
4571 44 0
4572 0 1
4573 60 1
4574 142 1
4575 30 1
4576 234 1
4577 208 1
4578 120 1
4579 187 1
4580 18 0
4581 146 1
4582 111 0
4583 93 1
4584 115 1
4585 53 1
4586 205 0
4587 65 1
4588 201 1
4589 119 1
4590 16 1
4591 14 1
4592 235 0
4593 214 1
4594 193 1
4595 129 1
4596 64 1
4597 48 0
4598 122 1
4599 63 1
4600 79 0
4601 77 1
4602 218 0
4603 26 1
4604 39 1
4605 63 1
4606 62 0
4607 73 1
4608 71 0
4609 184 0
4610 220 0
4611 12 1
4612 125 0
4613 228 0
4614 206 0
4615 20 0
4616 180 0
4617 105 1
4618 11 1
4619 118 1
4620 44 0
4621 109 1
4622 27 1
4623 172 1
4624 1 1
4625 135 1
4626 203 1
4627 39 1
4628 212 1
4629 108 0
4630 99 1
4631 3 1
4632 234 0
4633 213 1
4634 8 0
4635 64 1
4636 42 0
4637 163 1
4638 124 0
4639 176 1
4640 225 1
4641 119 1
4642 231 1
4643 56 1
4644 198 1
4645 165 1
4646 65 0
4647 112 1
4648 49 0
4649 76 1
4650 185 0
4651 117 1
4652 78 1
4653 73 0
4654 149 1
4655 99 0
4656 97 1
4657 106 1
4658 145 1
4659 76 1
4660 99 1
4661 176 0
4662 178 1
4663 235 0
4664 146 1
4665 56 1
4666 220 1
4667 95 1
4668 219 0
4669 40 1
4670 185 1
4671 42 1
4672 126 0
4673 152 1
4674 82 0
4675 151 1
4676 6 1
4677 117 1
4678 148 1
4679 184 1
4680 204 0
4681 162 0
4682 179 1
4683 22 0
4684 197 1
4685 70 0
4686 205 1
4687 201 1
4688 32 1
4689 136 1
4690 122 1
4691 64 0
4692 147 1
4693 81 1
4694 74 0
4695 126 0
4696 39 0
4697 234 0
4698 81 1
4699 152 0
4700 86 0
4701 193 1
4702 106 0
4703 159 1
4704 52 1
4705 16 0
4706 119 1
4707 70 1
4708 38 0
4709 98 1
4710 186 1
4711 154 1
4712 49 1
4713 215 1
4714 176 1
4715 177 1
4716 125 0
4717 89 1
4718 65 1
4719 133 0
4720 80 1
4721 55 1
4722 2 1
4723 234 1
4724 49 0
4725 156 1
4726 93 0
4727 232 0
4728 230 1
4729 42 1
4730 110 1
4731 200 1
4732 118 1
4733 234 0
4734 74 1
4735 68 1
4736 49 1
4737 122 1
4738 20 0
4739 99 1
4740 225 0
4741 73 0
4742 93 1
4743 229 0
4744 53 1
4745 25 0
4746 19 1
4747 167 1
4748 46 1
4749 92 1
4750 65 1
4751 48 1
4752 55 1
4753 173 1
4754 63 1
4755 153 0
4756 55 0
4757 138 1
4758 69 1
4759 7 1
4760 171 1
4761 54 0
4762 25 1
4763 103 1
4764 156 0
4765 201 1
4766 127 1
4767 108 0
4768 191 1
4769 30 0
4770 86 0
4771 78 1
4772 178 1
4773 62 1
4774 121 0
4775 134 0
4776 110 0
4777 19 1
4778 178 1
4779 215 1
4780 86 1
4781 92 1
4782 201 1
4783 164 1
4784 9 1
4785 183 1
4786 141 1
4787 9 0
4788 15 1
4789 95 0
4790 152 1
4791 196 1
4792 186 0
4793 166 1
4794 106 1
4795 231 1
4796 98 1
4797 173 1
4798 55 0
4799 228 1
4800 59 0
4801 168 1
4802 210 1
4803 53 1
4804 16 1
4805 129 1
4806 150 1
4807 199 1
4808 77 1
4809 232 1
4810 46 1
4811 147 1
4812 82 1
4813 216 1
4814 190 1
4815 206 1
4816 152 0
4817 222 1
4818 83 1
4819 119 0
4820 200 1
4821 39 0
4822 110 1
4823 218 0
4824 139 1
4825 142 1
4826 210 1
4827 98 0
4828 141 0
4829 202 1
4830 51 1
4831 117 1
4832 82 1
4833 102 1
4834 151 1
4835 36 1
4836 6 1
4837 229 1
4838 86 1
4839 71 1
4840 197 1
4841 175 1
4842 34 1
4843 0 0
4844 116 1
4845 43 1
4846 146 1
4847 147 1
4848 31 1
4849 161 0
4850 6 1
4851 65 1
4852 40 0
4853 128 0
4854 41 1
4855 120 1
4856 184 0
4857 182 0
4858 101 1
4859 162 1
4860 152 1
4861 161 1
4862 133 0
4863 58 0
4864 89 1
4865 119 1
4866 184 1
4867 108 1
4868 11 1
4869 119 0
4870 208 0
4871 63 0
4872 71 1
4873 143 0
4874 196 1
4875 162 0
4876 46 1
4877 183 1
4878 160 1
4879 116 0
4880 229 0
4881 110 1
4882 187 1
4883 171 1
4884 227 1
4885 23 0
4886 66 1
4887 129 1
4888 104 1
4889 77 0
4890 110 0
4891 186 0
4892 96 1
4893 108 1
4894 143 0
4895 38 1
4896 231 1
4897 79 1
4898 143 1
4899 149 0
4900 76 1
4901 102 1
4902 34 1
4903 47 1
4904 36 1
4905 208 1
4906 133 1
4907 74 1
4908 59 1
4909 21 1
4910 178 1
4911 104 0
4912 220 1
4913 124 1
4914 205 1
4915 26 0
4916 221 0
4917 196 1
4918 132 0
4919 162 0
4920 136 1
4921 86 1
4922 60 0
4923 34 1
4924 111 1
4925 91 0
4926 124 0
4927 235 1
4928 154 1
4929 4 1
4930 164 1
4931 176 0
4932 166 1
4933 172 1
4934 144 0
4935 2 1
4936 1 0
4937 90 1
4938 13 0
4939 190 1
4940 188 1
4941 189 0
4942 12 1
4943 193 1
4944 79 1
4945 61 1
4946 231 0
4947 164 0
4948 138 1
4949 0 1
4950 204 0
4951 102 0
4952 91 1
4953 43 1
4954 85 1
4955 0 1
4956 50 0
4957 118 1
4958 146 0
4959 0 0
4960 40 1
4961 1 0
4962 63 0
4963 208 1
4964 34 1
4965 19 1
4966 211 0
4967 220 1
4968 82 0
4969 174 0
4970 25 1
4971 204 1
4972 135 1
4973 142 1
4974 169 0
4975 39 1
4976 208 1
4977 16 0
4978 213 0
4979 4 1
4980 201 0
4981 26 0
4982 152 1
4983 10 0
4984 38 1
4985 165 1
4986 130 0
4987 146 1
4988 228 0
4989 79 0
4990 203 1
4991 139 1
4992 162 1
4993 214 1
4994 149 1
4995 160 1
4996 17 1
4997 59 1
4998 197 1
4999 172 0
5000 22 0
5001 70 1
5002 7 1
5003 186 1
5004 41 0
5005 166 0
5006 152 0
5007 187 0
5008 229 1
5009 227 1
5010 155 1
5011 29 1
5012 105 1
5013 109 1
5014 161 0
5015 73 0
5016 151 1
5017 108 1
5018 136 1
5019 166 0
5020 92 1
5021 193 1
5022 170 0
5023 96 1
5024 81 1
5025 82 1
5026 10 0
5027 176 1
5028 199 1
5029 190 0
5030 103 1
5031 80 0
5032 183 0
5033 184 1
5034 14 1
5035 28 1
5036 215 1
5037 124 1
5038 133 1
5039 85 1
5040 79 1
5041 222 1
5042 46 1
5043 208 1
5044 219 0
5045 137 1
5046 194 1
5047 112 1
5048 169 1
5049 228 0
5050 180 1
5051 63 0
5052 9 1
5053 81 1
5054 179 1
5055 128 1
5056 105 0
5057 111 1
5058 44 1
5059 164 1
5060 14 0
5061 122 0
5062 51 1
5063 121 1
5064 63 1
5065 176 1
5066 141 0
5067 179 0
5068 198 1
5069 64 0
5070 198 1
5071 163 1
5072 74 0
5073 226 0
5074 126 1
5075 149 1
5076 223 1
5077 120 0
5078 38 0
5079 31 0
5080 122 1
5081 117 1
5082 215 0
5083 181 0
5084 92 1
5085 87 0
5086 201 0
5087 129 0
5088 61 0
5089 161 1
5090 41 1
5091 99 1
5092 118 0
5093 71 1
5094 228 1
5095 29 1
5096 77 1
5097 145 1
5098 214 0
5099 2 1
5100 99 0
5101 128 1
5102 111 0
5103 111 0
5104 140 1
5105 131 0
5106 118 1
5107 218 1
5108 217 0
5109 160 0
5110 163 1
5111 91 1
5112 108 0
5113 65 0
5114 94 1
5115 161 0
5116 168 1
5117 33 0
5118 75 0
5119 220 1
5120 188 1
5121 169 1
5122 114 0
5123 79 1
5124 212 1
5125 77 0
5126 202 1
5127 148 1
5128 177 1
5129 165 1
5130 52 0
5131 233 1
5132 149 1
5133 31 0
5134 179 1
5135 212 0
5136 135 1
5137 210 1
5138 69 0
5139 116 0
5140 62 0
5141 189 1
5142 134 0
5143 110 1
5144 82 0
5145 114 0
5146 139 1
5147 122 1
5148 146 0
5149 44 1
5150 173 1
5151 224 0
5152 179 0
5153 89 1
5154 21 0
5155 62 1
5156 171 1
5157 115 0
5158 117 0
5159 152 1
5160 37 1
5161 102 0
5162 146 1
5163 232 1
5164 151 0
5165 149 0
5166 70 1
5167 165 1
5168 109 0
5169 29 0
5170 232 1
5171 217 1
5172 108 1
5173 13 1
5174 93 1
5175 193 1
5176 201 1
5177 75 0
5178 57 1
5179 172 0
5180 117 1
5181 64 1
5182 231 1
5183 208 1
5184 20 1
5185 2 0
5186 93 0
5187 196 1
5188 83 1
5189 199 1
5190 144 1
5191 76 1
5192 220 1
5193 232 1
5194 227 0
5195 17 1
5196 26 1
5197 67 1
5198 83 0
5199 134 0
5200 45 1
5201 128 1
5202 120 1
5203 112 1
5204 66 1
5205 152 0
5206 235 1
5207 95 1
5208 152 1
5209 33 1
5210 28 1
5211 20 0
5212 141 0
5213 84 1
5214 135 1
5215 100 1
5216 118 1
5217 86 1
5218 88 0
5219 218 1
5220 37 1
5221 141 1
5222 131 0
5223 29 0
5224 97 0
5225 194 0
5226 117 1
5227 188 1
5228 78 0
5229 23 0
5230 22 1
5231 157 1
5232 123 1
5233 155 0
5234 206 1
5235 134 1
5236 39 0
5237 52 0
5238 45 1
5239 225 1
5240 148 1
5241 39 1
5242 174 0
5243 64 1
5244 35 0
5245 229 1
5246 214 0
5247 210 1
5248 162 1
5249 76 1
5250 34 1
5251 151 1
5252 23 0
5253 16 1
5254 57 0
5255 222 0
5256 197 1
5257 7 0
5258 25 1
5259 152 0
5260 158 0
5261 130 1
5262 68 1
5263 5 1
5264 233 1
5265 134 1
5266 68 0
5267 108 0
5268 22 1
5269 171 1
5270 134 1
5271 53 1
5272 187 1
5273 235 0
5274 135 1
5275 48 1
5276 70 0
5277 201 1
5278 46 1
5279 141 1
5280 59 0
5281 82 0
5282 93 1
5283 223 1
5284 87 1
5285 199 1
5286 84 1
5287 89 0
5288 88 0
5289 23 1
5290 16 1
5291 52 0
5292 14 1
5293 233 0
5294 231 0
5295 116 1
5296 177 0
5297 186 1
5298 162 0
5299 158 1
5300 105 0
5301 11 1
5302 145 1
5303 233 1
5304 196 1
5305 224 0
5306 92 1
5307 71 0
5308 65 1
5309 180 0
5310 206 0
5311 119 0
5312 27 1
5313 191 0
5314 15 1
5315 211 1
5316 3 1
5317 82 1
5318 94 1
5319 154 1
5320 99 0
5321 39 1
5322 191 1
5323 75 1
5324 179 0
5325 89 0
5326 79 1
5327 70 1
5328 49 1
5329 64 0
5330 146 0
5331 193 0
5332 33 1
5333 70 0
5334 118 1
5335 186 1
5336 138 1
5337 182 1
5338 100 1
5339 122 0
5340 44 0
5341 202 1
5342 191 1
5343 234 0
5344 69 0
5345 73 0
5346 110 1
5347 137 0
5348 74 1
5349 39 1
5350 203 1
5351 183 1
5352 219 1
5353 207 1
5354 158 1
5355 131 1
5356 76 1
5357 93 1
5358 141 0
5359 39 1
5360 163 1
5361 198 1
5362 152 0
5363 189 1
5364 82 1
5365 191 1
5366 222 0
5367 162 1
5368 43 1
5369 57 1
5370 234 1
5371 167 1
5372 58 1
5373 109 0
5374 121 1
5375 182 1
5376 34 0
5377 93 1
5378 19 1
5379 180 0
5380 44 1
5381 154 1
5382 50 0
5383 0 1
5384 222 1
5385 63 0
5386 17 1
5387 67 1
5388 24 1
5389 47 1
5390 97 1
5391 197 1
5392 149 1
5393 85 0
5394 105 1
5395 37 0
5396 174 1
5397 180 1
5398 43 1
5399 86 1
5400 13 0
5401 22 1
5402 149 0
5403 110 1
5404 37 1
5405 90 1
5406 158 1
5407 38 0
5408 113 0
5409 3 1
5410 162 1
5411 136 0
5412 235 1
5413 100 1
5414 36 0
5415 76 1
5416 109 0
5417 80 1
5418 191 0
5419 203 1
5420 119 1
5421 135 0
5422 116 0
5423 112 1
5424 74 1
5425 216 1
5426 159 0
5427 108 1
5428 205 1
5429 208 1
5430 163 0
5431 55 0
5432 150 0
5433 62 1
5434 97 1
5435 106 0
5436 94 1
5437 21 0
5438 187 1
5439 208 1
5440 16 0
5441 29 1
5442 77 1
5443 109 1
5444 118 0
5445 53 1
5446 138 0
5447 90 1
5448 16 0
5449 166 1
5450 190 1
5451 94 0
5452 46 0
5453 27 1
5454 17 0
5455 31 1
5456 191 0
5457 221 0
5458 206 0
5459 80 1
5460 180 1
5461 141 1
5462 13 1
5463 140 1
5464 152 0
5465 147 0
5466 111 1
5467 158 0
5468 128 1
5469 162 1
5470 184 1
5471 187 1
5472 26 1
5473 177 1
5474 34 1
5475 88 0
5476 162 1
5477 66 1
5478 229 1
5479 209 1
5480 48 1
5481 19 1
5482 129 1
5483 88 1
5484 135 0
5485 171 0
5486 216 1
5487 231 1
5488 62 0
5489 10 1
5490 201 1
5491 79 1
5492 100 1
5493 71 1
5494 123 1
5495 6 0
5496 168 1
5497 103 0
5498 210 0
5499 86 1
5500 215 1
5501 197 0
5502 151 1
5503 214 1
5504 137 1
5505 82 1
5506 91 1
5507 234 1
5508 75 1
5509 48 0
5510 125 1
5511 142 0
5512 87 0
5513 126 0
5514 206 0
5515 179 1
5516 6 1
5517 152 1
5518 100 1
5519 147 1
5520 119 0
5521 108 1
5522 158 1
5523 173 1
5524 183 1
5525 204 1
5526 47 0
5527 137 1
5528 120 1
5529 203 0
5530 11 1
5531 43 1
5532 54 0
5533 183 1
5534 94 1
5535 160 1
5536 91 1
5537 199 0
5538 146 0
5539 15 1
5540 125 1
5541 173 1
5542 93 1
5543 74 1
5544 105 1
5545 72 0
5546 192 1
5547 138 1
5548 84 0
5549 170 1
5550 187 1
5551 168 1
5552 135 0
5553 56 1
5554 32 0
5555 151 0
5556 58 1
5557 98 1
5558 171 1
5559 133 1
5560 218 0
5561 165 1
5562 94 1
5563 190 0
5564 161 1
5565 128 1
5566 222 1
5567 159 0
5568 196 1
5569 175 1
5570 58 1
5571 153 1
5572 186 1
5573 40 0
5574 196 1
5575 170 1
5576 151 1
5577 125 1
5578 175 0
5579 195 1
5580 207 1
5581 222 1
5582 156 1
5583 87 1
5584 137 1
5585 112 0
5586 124 1
5587 80 0
5588 53 0
5589 204 1
5590 61 0
5591 204 1
5592 10 1
5593 230 1
5594 181 1
5595 58 1
5596 54 1
5597 114 0
5598 198 1
5599 91 1
5600 232 1
5601 62 1
5602 5 1
5603 200 1
5604 34 0
5605 84 1
5606 75 1
5607 81 0
5608 150 1
5609 38 1
5610 41 1
5611 15 1
5612 145 1
5613 70 1
5614 96 1
5615 214 1
5616 136 1
5617 217 0
5618 191 1
5619 209 1
5620 118 1
5621 94 0
5622 114 1
5623 42 1
5624 22 0
5625 127 1
5626 181 0
5627 163 1
5628 36 1
5629 206 0
5630 166 1
5631 1 1
5632 230 0
5633 217 1
5634 172 1
5635 183 1
5636 19 0
5637 15 0
5638 220 1
5639 165 0
5640 145 0
5641 79 0
5642 203 1
5643 186 0
5644 8 0
5645 148 1
5646 113 1
5647 13 1
5648 135 1
5649 65 1
5650 196 0
5651 129 0
5652 58 1
5653 121 1
5654 213 0
5655 57 0
5656 115 1
5657 218 1
5658 147 1
5659 90 1
5660 96 1
5661 101 0
5662 155 1
5663 85 1
5664 121 0
5665 130 1
5666 167 1
5667 66 0
5668 176 1
5669 35 1
5670 6 1
5671 44 1
5672 233 1
5673 208 0
5674 202 1
5675 67 0
5676 68 0
5677 41 1
5678 52 1
5679 46 1
5680 49 1
5681 23 1
5682 207 1
5683 213 1
5684 49 1
5685 73 0
5686 109 0
5687 181 1
5688 152 1
5689 19 1
5690 220 1
5691 181 1
5692 24 0
5693 48 1
5694 117 1
5695 21 1
5696 42 1
5697 150 0
5698 142 0
5699 173 1
5700 143 1
5701 15 0
5702 132 0
5703 132 1
5704 122 0
5705 170 1
5706 10 1
5707 168 1
5708 106 0
5709 118 1
5710 87 1
5711 161 1
5712 189 1
5713 151 1
5714 210 1
5715 55 1
5716 99 1
5717 147 0
5718 38 1
5719 51 0
5720 202 1
5721 36 1
5722 106 1
5723 15 1
5724 192 1
5725 208 1
5726 38 0
5727 177 1
5728 217 1
5729 94 1
5730 181 1
5731 81 1
5732 231 0
5733 52 1
5734 39 0
5735 199 1
5736 94 0
5737 223 1
5738 211 1
5739 180 0
5740 140 1
5741 215 1
5742 54 1
5743 177 1
5744 16 0
5745 230 0
5746 197 1
5747 19 0
5748 68 1
5749 231 0
5750 179 1
5751 122 1
5752 197 0
5753 1 1
5754 115 1
5755 107 1
5756 102 0
5757 206 1
5758 10 1
5759 195 1
5760 196 0
5761 1 1
5762 34 1
5763 118 0
5764 91 1
5765 218 1
5766 75 0
5767 76 1
5768 217 0
5769 212 1
5770 32 1
5771 125 1
5772 174 1
5773 59 1
5774 19 1
5775 220 0
5776 212 1
5777 141 1
5778 9 0
5779 117 0
5780 145 1
5781 143 1
5782 208 1
5783 25 1
5784 70 1
5785 54 0
5786 89 1
5787 0 1
5788 47 0
5789 217 0
5790 82 0
5791 50 1
5792 194 0
5793 77 1
5794 222 1
5795 75 1
5796 65 1
5797 124 1
5798 207 0
5799 231 1
5800 154 0
5801 147 0
5802 1 0
5803 40 1
5804 211 0
5805 118 0
5806 226 0
5807 127 1
5808 127 1
5809 155 1
5810 170 1
5811 17 1
5812 217 0
5813 45 1
5814 58 1
5815 1 0
5816 94 1
5817 229 1
5818 64 1
5819 147 0
5820 54 0
5821 104 0
5822 202 0
5823 232 1
5824 208 1
5825 215 1
5826 149 1
5827 150 0
5828 142 1
5829 91 1
5830 4 1
5831 186 1
5832 5 1
5833 201 1
5834 212 0
5835 116 1
5836 150 0
5837 82 1
5838 224 1
5839 213 1
5840 1 1
5841 110 1
5842 198 1
5843 53 0
5844 229 1
5845 81 1
5846 6 0
5847 108 0
5848 214 0
5849 89 0
5850 194 1
5851 228 1
5852 194 1
5853 228 1
5854 160 1
5855 146 1
5856 174 1
5857 84 0
5858 53 1
5859 13 1
5860 50 0
5861 52 1
5862 130 0
5863 76 1
5864 1 1
5865 71 1
5866 134 1
5867 75 0
5868 146 1
5869 42 0
5870 45 0
5871 4 1
5872 217 1
5873 124 1
5874 233 0
5875 89 1
5876 3 0
5877 112 1
5878 69 1
5879 14 1
5880 117 0
5881 34 1
5882 152 0
5883 112 1
5884 185 0
5885 137 1
5886 115 1
5887 217 1
5888 233 1
5889 139 1
5890 18 1
5891 50 1
5892 137 0
5893 159 1
5894 115 1
5895 48 1
5896 26 0
5897 21 1
5898 200 1
5899 9 1
5900 60 1
5901 143 1
5902 59 1
5903 40 1
5904 6 0
5905 55 1
5906 179 0
5907 46 1
5908 36 1
5909 58 1
5910 151 1
5911 157 1
5912 193 1
5913 129 1
5914 79 1
5915 70 1
5916 57 1
5917 84 1
5918 110 1
5919 177 1
5920 72 1
5921 140 0
5922 109 0
5923 100 1
5924 169 1
5925 66 1
5926 33 1
5927 34 1
5928 169 1
5929 152 1
5930 74 0
5931 156 1
5932 204 1
5933 15 0
5934 133 1
5935 202 1
5936 200 1
5937 224 1
5938 66 1
5939 228 1
5940 19 0
5941 91 0
5942 49 0
5943 47 1
5944 57 1
5945 2 1
5946 191 1
5947 30 1
5948 171 1
5949 10 0
5950 10 0
5951 41 1
5952 87 1
5953 57 0
5954 126 1
5955 160 0
5956 111 1
5957 202 0
5958 146 1
5959 150 0
5960 217 1
5961 103 1
5962 83 1
5963 104 1
5964 187 0
5965 91 1
5966 90 1
5967 181 1
5968 171 1
5969 107 0
5970 51 0
5971 211 0
5972 52 1
5973 94 1
5974 198 1
5975 165 0
5976 168 1
5977 124 0
5978 174 0
5979 43 1
5980 106 1
5981 91 1
5982 43 1
5983 151 0
5984 42 1
5985 40 0
5986 54 1
5987 27 0
5988 200 1
5989 72 1
5990 133 1
5991 110 0
5992 42 0
5993 94 1
5994 231 1
5995 110 1
5996 43 1
5997 71 1
5998 10 1
5999 69 1
6000 12 0
6001 150 1
6002 132 0
6003 181 1
6004 67 1
6005 27 0
6006 28 1
6007 38 1
6008 140 0
6009 59 1
6010 41 1
6011 6 1
6012 142 1
6013 180 0
6014 67 1
6015 209 0
6016 131 1
6017 150 1
6018 72 0
6019 128 1
6020 118 1
6021 112 1
6022 56 1
6023 224 1
6024 55 1
6025 101 0
6026 224 1
6027 189 1
6028 184 1
6029 55 1
6030 151 0
6031 98 0
6032 159 0
6033 77 0
6034 113 0
6035 143 1
6036 128 1
6037 149 0
6038 174 1
6039 154 1
6040 189 1
6041 93 0
6042 130 1
6043 80 0
6044 184 1
6045 101 1
6046 176 1
6047 149 1
6048 216 1
6049 104 1
6050 204 1
6051 96 0
6052 31 1
6053 54 0
6054 147 1
6055 202 1
6056 231 1
6057 53 0
6058 110 1
6059 211 1
6060 42 0
6061 162 1
6062 47 1
6063 86 1
6064 79 0
6065 129 1
6066 206 0
6067 148 1
6068 235 0
6069 210 1
6070 178 1
6071 18 1
6072 3 1
6073 70 0
6074 210 1
6075 181 0
6076 133 0
6077 2 1
6078 191 1
6079 213 1
6080 51 0
6081 86 1
6082 96 0
6083 22 0
6084 209 1
6085 14 0
6086 180 1
6087 97 0
6088 113 1
6089 70 1
6090 221 1
6091 111 0
6092 126 1
6093 67 1
6094 210 1
6095 124 0
6096 155 0
6097 47 1
6098 221 0
6099 119 0
6100 78 1
6101 113 1
6102 171 0
6103 215 1
6104 146 0
6105 143 0
6106 68 1
6107 17 0
6108 139 1
6109 44 1
6110 133 1
6111 144 1
6112 151 0
6113 76 1
6114 33 1
6115 98 1
6116 97 1
6117 139 1
6118 190 0
6119 88 1
6120 171 1
6121 3 1
6122 17 0
6123 197 0
6124 114 1
6125 39 0
6126 183 0
6127 72 1
6128 142 1
6129 3 1
6130 111 1
6131 56 1
6132 81 1
6133 13 1
6134 81 0
6135 144 1
6136 101 0
6137 19 1
6138 173 1
6139 44 1
6140 230 0
6141 70 1
6142 30 1
6143 52 1
6144 62 1
6145 116 0
6146 164 1
6147 151 1
6148 135 0
6149 50 1
6150 34 1
6151 0 1
6152 110 1
6153 23 0
6154 8 0
6155 106 0
6156 154 0
6157 188 1
6158 91 1
6159 128 0
6160 63 1
6161 96 0
6162 185 1
6163 5 0
6164 183 1
6165 77 0
6166 22 1
6167 122 1
6168 101 1
6169 184 1
6170 220 1
6171 120 0
6172 235 1
6173 94 0
6174 84 1
6175 13 1
6176 235 1
6177 146 1
6178 124 1
6179 46 1
6180 215 0
6181 57 1
6182 201 0
6183 138 1
6184 96 0
6185 184 1
6186 148 1
6187 222 0
6188 148 1
6189 11 1
6190 71 1
6191 147 0
6192 133 0
6193 27 0
6194 214 0
6195 96 0
6196 201 1
6197 199 1
6198 101 1
6199 5 1
6200 195 1
6201 42 1
6202 30 1
6203 27 0
6204 117 1
6205 175 0
6206 66 1
6207 35 1
6208 149 1
6209 228 0
6210 140 1
6211 88 1
6212 11 1
6213 39 0
6214 160 1
6215 78 0
6216 7 1
6217 235 1
6218 158 0
6219 216 0
6220 73 0
6221 4 1
6222 15 1
6223 111 0
6224 105 1
6225 55 1
6226 200 0
6227 118 1
6228 203 1
6229 96 1
6230 211 1
6231 19 1
6232 63 1
6233 19 0
6234 56 1
6235 33 0
6236 164 1
6237 41 0
6238 76 1
6239 111 1
6240 27 1
6241 195 1
6242 81 1
6243 215 1
6244 7 0
6245 184 0
6246 14 1
6247 200 1
6248 225 1
6249 71 1
6250 228 0
6251 179 1
6252 145 1
6253 107 1
6254 144 1
6255 174 1
6256 152 1
6257 175 1
6258 219 0
6259 54 1
6260 230 1
6261 209 0
6262 209 0
6263 94 1
6264 165 1
6265 15 1
6266 37 1
6267 85 1
6268 182 1
6269 175 1
6270 182 1
6271 34 1
6272 19 1
6273 104 1
6274 132 0
6275 228 1
6276 164 1
6277 143 1
6278 147 1
6279 103 0
6280 170 1
6281 6 1
6282 81 1
6283 161 1
6284 60 0
6285 126 1
6286 222 0
6287 109 1
6288 141 0
6289 7 1
6290 139 0
6291 169 0
6292 213 0
6293 208 0
6294 82 1
6295 208 1
6296 197 0
6297 0 1
6298 82 0
6299 78 1
6300 34 1
6301 148 1
6302 140 0
6303 29 0
6304 2 0
6305 87 0
6306 47 1
6307 216 0
6308 101 0
6309 152 1
6310 35 1
6311 207 1
6312 111 0
6313 47 1
6314 137 1
6315 103 1
6316 105 1
6317 195 0
6318 41 0
6319 59 1
6320 36 0
6321 189 1
6322 175 1
6323 112 1
6324 130 0
6325 227 0
6326 161 1
6327 167 1
6328 174 0
6329 234 1
6330 112 0
6331 14 1
6332 122 1
6333 235 1
6334 209 1
6335 211 0
6336 212 0
6337 92 1
6338 107 1
6339 191 1
6340 1 0
6341 171 1
6342 149 1
6343 203 1
6344 89 1
6345 166 1
6346 76 1
6347 190 1
6348 161 1
6349 129 1
6350 15 1
6351 143 1
6352 42 1
6353 147 0
6354 212 1
6355 158 1
6356 53 1
6357 143 1
6358 204 1
6359 57 1
6360 85 0
6361 30 1
6362 171 1
6363 127 1
6364 178 1
6365 230 0
6366 129 1
6367 194 1
6368 145 1
6369 96 1
6370 216 1
6371 102 0
6372 121 0
6373 8 0
6374 128 1
6375 155 0
6376 61 1
6377 146 1
6378 170 0
6379 97 0
6380 58 1
6381 79 1
6382 5 1
6383 135 0
6384 150 1
6385 39 1
6386 18 1
6387 173 1
6388 159 1
6389 1 1
6390 23 0
6391 37 1
6392 109 1
6393 90 1
6394 225 0
6395 165 1
6396 51 0
6397 6 0
6398 57 0
6399 215 1
6400 141 1
6401 110 0
6402 168 1
6403 75 0
6404 1 1
6405 151 1
6406 4 0
6407 113 1
6408 143 1
6409 161 1
6410 159 1
6411 187 1
6412 110 1
6413 39 1
6414 107 1
6415 143 0
6416 42 0
6417 180 0
6418 73 1
6419 70 0
6420 103 0
6421 102 1
6422 181 1
6423 228 1
6424 187 1
6425 229 1
6426 16 1
6427 93 1
6428 146 1
6429 58 1
6430 155 0
6431 34 1
6432 227 1
6433 176 1
6434 5 0
6435 142 0
6436 235 1
6437 223 0
6438 228 1
6439 44 1
6440 138 1
6441 62 0
6442 226 1
6443 49 1
6444 60 1
6445 158 1
6446 81 1
6447 181 1
6448 179 0
6449 136 1
6450 135 1
6451 65 0
6452 55 1
6453 90 0
6454 41 0
6455 3 1
6456 180 1
6457 101 0
6458 229 1
6459 70 1
6460 31 0
6461 41 1
6462 190 1
6463 189 1
6464 115 1
6465 86 1
6466 140 0
6467 156 1
6468 209 1
6469 18 0
6470 148 0
6471 197 0
6472 96 1
6473 30 0
6474 225 1
6475 151 1
6476 98 0
6477 137 1
6478 182 0
6479 189 1
6480 187 0
6481 79 0
6482 196 1
6483 58 1
6484 13 1
6485 191 0
6486 103 1
6487 26 1
6488 226 1
6489 56 0
6490 165 1
6491 4 1
6492 167 0
6493 83 1
6494 3 1
6495 182 0
6496 81 1
6497 50 0
6498 28 0
6499 218 1
6500 186 0
6501 215 1
6502 97 0
6503 16 0
6504 69 1
6505 71 0
6506 48 1
6507 26 0
6508 225 1
6509 101 1
6510 155 1
6511 184 0
6512 77 0
6513 49 1
6514 111 1
6515 155 0
6516 212 0
6517 118 1
6518 147 0
6519 168 1
6520 215 1
6521 215 0
6522 84 0
6523 14 0
6524 128 0
6525 70 1
6526 167 0
6527 55 0
6528 25 0
6529 117 1
6530 143 1
6531 198 0
6532 178 1
6533 204 1
6534 223 1
6535 74 1
6536 144 1
6537 229 0
6538 67 1
6539 74 0
6540 127 1
6541 14 1
6542 171 0
6543 70 0
6544 177 1
6545 96 1
6546 232 1
6547 211 0
6548 147 1
6549 32 1
6550 84 1
6551 100 1
6552 163 1
6553 233 1
6554 108 1
6555 198 0
6556 223 0
6557 61 1
6558 50 1
6559 122 1
6560 91 1
6561 80 1
6562 49 1
6563 29 0
6564 3 1
6565 98 0
6566 167 1
6567 88 1
6568 63 1
6569 98 1
6570 160 1
6571 179 0
6572 41 1
6573 74 0
6574 144 1
6575 88 1
6576 183 1
6577 90 1
6578 228 1
6579 197 1
6580 181 0
6581 91 0
6582 30 1
6583 216 1
6584 32 1
6585 38 1
6586 142 1
6587 112 1
6588 230 1
6589 44 1
6590 146 1
6591 146 1
6592 68 1
6593 95 0
6594 121 0
6595 65 0
6596 124 0
6597 183 1
6598 104 1
6599 21 1
6600 9 1
6601 101 0
6602 48 1
6603 104 1
6604 167 0
6605 190 1
6606 48 1
6607 179 1
6608 101 1
6609 181 0
6610 99 1
6611 61 0
6612 171 1
6613 146 0
6614 180 0
6615 183 1
6616 230 1
6617 109 0
6618 33 0
6619 94 1
6620 133 1
6621 46 0
6622 152 1
6623 66 1
6624 32 0
6625 16 0
6626 26 1
6627 126 0
6628 90 1
6629 4 0
6630 208 0
6631 227 1
6632 8 1
6633 18 1
6634 86 0
6635 6 1
6636 168 1
6637 173 0
6638 45 1
6639 114 0
6640 23 0
6641 216 1
6642 212 0
6643 18 1
6644 144 0
6645 108 0
6646 213 1
6647 91 1
6648 209 1
6649 27 1
6650 233 0
6651 55 0
6652 93 1
6653 22 1
6654 4 1
6655 220 1
6656 39 0
6657 84 1
6658 71 0
6659 90 1
6660 128 1
6661 108 1
6662 71 1
6663 99 1
6664 81 0
6665 111 1
6666 167 1
6667 12 1
6668 164 0
6669 167 0
6670 178 1
6671 200 1
6672 119 1
6673 2 0
6674 159 1
6675 178 1
6676 59 0
6677 169 0
6678 18 1
6679 178 0
6680 167 1
6681 181 0
6682 229 1
6683 127 1
6684 3 1
6685 93 0
6686 213 1
6687 168 0
6688 118 1
6689 56 1
6690 26 0
6691 96 1
6692 49 1
6693 220 0
6694 67 0
6695 174 1
6696 225 1
6697 101 1
6698 85 1
6699 143 1
6700 55 1
6701 38 0
6702 66 0
6703 134 1
6704 140 1
6705 229 1
6706 192 1
6707 25 1
6708 127 0
6709 80 0
6710 176 1
6711 197 0
6712 146 1
6713 147 0
6714 59 1
6715 91 0
6716 63 1
6717 152 1
6718 100 1
6719 81 0
6720 12 0
6721 180 1
6722 171 1
6723 222 1
6724 218 0
6725 25 0
6726 93 1
6727 92 1
6728 49 0
6729 6 0
6730 66 1
6731 227 1
6732 227 1
6733 26 1
6734 201 1
6735 105 1
6736 189 1
6737 194 0
6738 26 1
6739 192 1
6740 18 0
6741 175 1
6742 204 1
6743 118 0
6744 44 0
6745 129 1
6746 222 1
6747 8 1
6748 36 1
6749 77 0
6750 154 0
6751 223 1
6752 3 1
6753 0 1
6754 129 0
6755 42 1
6756 178 1
6757 31 1
6758 17 1
6759 171 1
6760 42 0
6761 176 0
6762 193 0
6763 18 1
6764 226 1
6765 232 1
6766 46 1
6767 20 1
6768 173 0
6769 83 0
6770 225 0
6771 218 1
6772 114 1
6773 85 0
6774 168 1
6775 201 0
6776 88 1
6777 15 1
6778 97 0
6779 40 0
6780 132 1
6781 4 0
6782 31 1
6783 0 0
6784 53 1
6785 35 1
6786 220 0
6787 213 0
6788 39 1
6789 6 0
6790 86 1
6791 194 1
6792 117 1
6793 228 1
6794 10 1
6795 75 0
6796 80 1
6797 93 1
6798 108 1
6799 80 1
6800 188 1
6801 211 1
6802 145 1
6803 42 1
6804 22 1
6805 164 0
6806 25 1
6807 54 1
6808 95 1
6809 129 0
6810 91 1
6811 23 1
6812 56 1
6813 52 1
6814 217 1
6815 97 1
6816 20 1
6817 113 0
6818 32 1
6819 117 1
6820 209 0
6821 166 0
6822 167 0
6823 148 1
6824 39 0
6825 143 0
6826 22 1
6827 71 1
6828 51 1
6829 10 1
6830 19 0
6831 210 1
6832 187 0
6833 212 1
6834 12 1
6835 37 1
6836 143 1
6837 227 1
6838 192 0
6839 109 1
6840 193 1
6841 130 0
6842 188 1
6843 62 1
6844 88 0
6845 40 0
6846 192 1
6847 159 0
6848 111 1
6849 131 1
6850 230 1
6851 116 1
6852 144 1
6853 216 1
6854 22 1
6855 104 1
6856 115 1
