2663
1 311 0
2 400 1
3 25 1
4 327 1
5 551 0
6 197 1
7 229 1
8 71 0
9 636 0
10 61 1
11 63 1
12 189 1
13 505 1
14 663 1
15 105 1
16 307 1
17 588 1
18 657 1
19 671 1
20 82 1
21 408 0
22 59 1
23 252 0
24 409 1
25 250 1
26 116 0
27 540 1
28 518 1
29 350 1
30 171 1
31 175 1
32 187 1
33 330 1
34 264 1
35 287 1
36 255 1
37 455 1
38 477 1
39 274 1
40 55 1
41 73 0
42 668 0
43 49 1
44 546 0
45 569 1
46 170 0
47 83 1
48 652 1
49 346 1
50 559 1
51 665 0
52 473 0
53 16 0
54 287 1
55 552 1
56 216 1
57 85 1
58 126 1
59 529 0
60 534 1
61 534 1
62 302 1
63 206 1
64 175 1
65 587 0
66 586 1
67 8 1
68 575 1
69 468 1
70 144 1
71 91 1
72 534 1
73 389 1
74 568 1
75 220 1
76 219 1
77 523 1
78 515 0
79 191 1
80 425 0
81 313 0
82 233 1
83 530 1
84 175 0
85 129 1
86 479 1
87 251 1
88 226 1
89 560 0
90 446 0
91 356 1
92 678 1
93 587 0
94 496 1
95 515 0
96 187 1
97 393 1
98 293 1
99 116 1
100 124 1
101 359 1
102 38 1
103 503 0
104 395 1
105 203 1
106 303 1
107 222 1
108 326 1
109 378 0
110 218 1
111 204 1
112 180 1
113 655 0
114 664 0
115 86 1
116 162 0
117 279 0
118 457 1
119 294 1
120 306 0
121 153 1
122 628 1
123 478 1
124 72 1
125 665 0
126 636 1
127 525 1
128 610 1
129 6 1
130 411 1
131 265 0
132 366 1
133 603 0
134 472 0
135 564 0
136 281 1
137 274 0
138 665 0
139 66 0
140 496 0
141 600 0
142 59 1
143 408 1
144 251 1
145 146 1
146 78 1
147 123 1
148 100 1
149 156 0
150 510 0
151 494 0
152 67 0
153 587 1
154 666 1
155 358 1
156 272 1
157 497 1
158 29 1
159 145 0
160 207 1
161 86 1
162 532 1
163 560 1
164 79 0
165 349 0
166 66 1
167 267 1
168 328 1
169 10 1
170 653 1
171 359 1
172 214 1
173 401 0
174 649 1
175 352 1
176 410 0
177 30 0
178 49 1
179 462 1
180 193 0
181 290 1
182 370 1
183 221 0
184 556 0
185 580 1
186 429 1
187 594 1
188 426 1
189 30 1
190 172 1
191 134 1
192 650 1
193 412 1
194 583 0
195 399 1
196 144 0
197 607 0
198 391 0
199 101 0
200 633 1
201 359 1
202 508 1
203 593 1
204 578 1
205 468 1
206 578 1
207 478 1
208 339 0
209 386 1
210 224 1
211 586 0
212 362 1
213 455 1
214 653 0
215 587 0
216 382 0
217 550 1
218 101 1
219 283 0
220 654 1
221 575 0
222 241 0
223 234 1
224 402 0
225 648 1
226 292 1
227 567 1
228 373 1
229 37 1
230 38 1
231 86 1
232 458 1
233 26 0
234 239 1
235 127 1
236 632 1
237 584 1
238 214 0
239 599 1
240 325 0
241 130 1
242 426 1
243 159 1
244 178 1
245 285 0
246 394 1
247 465 1
248 410 0
249 299 1
250 372 0
251 2 1
252 272 1
253 81 0
254 549 1
255 675 1
256 557 1
257 379 1
258 646 1
259 242 1
260 308 0
261 613 0
262 301 0
263 441 1
264 29 0
265 247 0
266 54 1
267 550 1
268 665 1
269 385 1
270 198 0
271 547 1
272 581 1
273 455 1
274 610 1
275 254 0
276 369 1
277 79 1
278 661 1
279 268 1
280 148 1
281 236 0
282 594 1
283 102 0
284 305 0
285 247 0
286 264 0
287 403 1
288 438 0
289 18 0
290 442 1
291 168 1
292 283 0
293 369 1
294 339 1
295 94 0
296 298 1
297 263 1
298 3 1
299 611 1
300 253 1
301 384 1
302 369 1
303 678 1
304 104 0
305 57 1
306 112 1
307 245 1
308 301 1
309 55 0
310 397 1
311 16 0
312 51 1
313 46 1
314 45 1
315 620 1
316 660 1
317 131 1
318 507 1
319 39 1
320 649 1
321 45 1
322 151 1
323 557 1
324 49 1
325 665 1
326 334 1
327 28 1
328 104 1
329 269 1
330 561 0
331 20 1
332 610 1
333 25 1
334 104 1
335 616 0
336 674 1
337 230 1
338 524 0
339 593 1
340 543 1
341 592 0
342 142 0
343 150 0
344 524 1
345 653 1
346 453 1
347 509 1
348 653 1
349 127 1
350 170 0
351 654 0
352 292 0
353 557 0
354 130 0
355 276 0
356 183 1
357 438 0
358 376 1
359 143 0
360 151 1
361 445 1
362 613 1
363 299 1
364 376 1
365 225 1
366 313 0
367 536 0
368 650 1
369 308 1
370 446 0
371 84 1
372 340 1
373 526 1
374 682 1
375 76 1
376 610 1
377 325 1
378 363 0
379 7 0
380 451 1
381 431 1
382 684 0
383 257 1
384 5 1
385 317 0
386 295 0
387 652 1
388 495 1
389 239 1
390 307 0
391 469 1
392 665 1
393 599 1
394 563 1
395 656 0
396 668 1
397 667 1
398 513 1
399 203 1
400 634 1
401 542 0
402 65 1
403 452 0
404 147 1
405 196 0
406 578 1
407 258 1
408 348 1
409 474 0
410 351 1
411 385 0
412 248 1
413 573 1
414 436 0
415 595 1
416 441 1
417 459 0
418 105 1
419 639 0
420 489 1
421 278 0
422 388 1
423 84 1
424 24 1
425 107 0
426 148 1
427 281 1
428 432 1
429 45 1
430 89 1
431 654 1
432 236 1
433 352 1
434 226 1
435 423 1
436 28 0
437 241 0
438 125 1
439 40 1
440 457 0
441 96 0
442 212 0
443 146 1
444 375 0
445 228 0
446 404 1
447 567 0
448 626 0
449 127 1
450 112 1
451 27 0
452 396 0
453 130 1
454 166 1
455 671 0
456 575 0
457 373 1
458 546 1
459 575 0
460 540 1
461 274 0
462 315 1
463 45 0
464 648 1
465 253 0
466 551 1
467 45 1
468 120 1
469 100 0
470 603 1
471 482 1
472 255 1
473 167 1
474 91 0
475 611 1
476 4 1
477 463 0
478 613 1
479 405 1
480 252 0
481 481 1
482 82 0
483 382 1
484 274 0
485 61 1
486 397 0
487 0 0
488 543 1
489 85 1
490 310 0
491 153 0
492 468 1
493 633 0
494 12 1
495 117 1
496 155 1
497 640 0
498 268 1
499 12 1
500 391 1
501 49 0
502 189 0
503 329 1
504 302 1
505 511 1
506 682 1
507 241 1
508 425 0
509 262 1
510 372 0
511 273 1
512 121 0
513 594 1
514 138 1
515 247 1
516 252 0
517 463 1
518 175 1
519 61 0
520 521 0
521 662 0
522 381 0
523 127 0
524 238 0
525 387 1
526 341 1
527 282 1
528 34 0
529 424 0
530 370 1
531 531 1
532 113 1
533 636 1
534 416 1
535 595 1
536 414 1
537 599 0
538 621 0
539 489 1
540 260 0
541 356 0
542 425 0
543 464 1
544 403 0
545 460 0
546 20 0
547 283 1
548 188 0
549 250 1
550 503 1
551 1 1
552 563 1
553 601 0
554 43 0
555 245 1
556 426 1
557 305 1
558 555 1
559 454 0
560 289 1
561 619 1
562 109 1
563 14 1
564 23 1
565 46 1
566 254 0
567 588 0
568 221 1
569 460 0
570 311 1
571 397 1
572 194 0
573 48 0
574 102 1
575 167 0
576 561 1
577 272 1
578 147 1
579 112 1
580 380 1
581 97 0
582 463 0
583 168 0
584 334 1
585 93 0
586 478 1
587 270 1
588 79 1
589 565 1
590 649 0
591 145 1
592 662 1
593 340 1
594 533 1
595 380 0
596 183 1
597 7 1
598 51 0
599 475 0
600 375 1
601 346 1
602 630 0
603 412 1
604 506 0
605 463 1
606 169 1
607 568 1
608 171 1
609 357 0
610 505 0
611 505 0
612 103 0
613 479 1
614 259 0
615 111 1
616 409 1
617 375 1
618 645 1
619 635 1
620 481 1
621 509 1
622 167 0
623 627 1
624 188 1
625 357 1
626 609 0
627 269 1
628 518 1
629 438 0
630 589 0
631 299 1
632 579 1
633 239 1
634 605 1
635 578 1
636 5 1
637 197 1
638 367 0
639 510 0
640 10 1
641 136 1
642 189 0
643 476 1
644 41 0
645 115 1
646 609 0
647 88 1
648 232 1
649 615 1
650 347 0
651 126 1
652 226 1
653 96 1
654 34 1
655 36 1
656 617 1
657 494 0
658 150 0
659 401 1
660 344 1
661 652 0
662 74 1
663 87 1
664 212 1
665 30 1
666 98 0
667 55 1
668 52 1
669 490 0
670 329 1
671 646 1
672 271 1
673 640 1
674 312 1
675 14 1
676 16 1
677 497 1
678 551 0
679 653 1
680 431 0
681 210 1
682 413 1
683 426 1
684 674 0
685 638 1
686 330 1
687 152 1
688 626 0
689 167 0
690 36 1
691 483 0
692 420 0
693 400 1
694 452 1
695 364 1
696 625 0
697 42 0
698 412 1
699 219 0
700 273 1
701 291 0
702 87 0
703 349 0
704 124 0
705 540 1
706 269 1
707 42 1
708 205 0
709 547 0
710 641 1
711 170 1
712 630 0
713 78 1
714 511 1
715 330 1
716 470 1
717 531 0
718 210 1
719 159 1
720 540 1
721 323 0
722 609 0
723 386 1
724 638 0
725 359 1
726 305 0
727 319 1
728 571 1
729 180 1
730 266 1
731 582 0
732 276 1
733 439 0
734 453 1
735 392 1
736 184 1
737 6 1
738 483 0
739 494 1
740 213 0
741 174 0
742 270 0
743 341 1
744 462 1
745 383 0
746 175 1
747 609 1
748 281 1
749 510 1
750 533 1
751 616 0
752 78 0
753 397 1
754 586 1
755 569 0
756 375 1
757 462 0
758 123 0
759 631 1
760 468 0
761 29 1
762 181 0
763 668 1
764 574 0
765 342 1
766 283 1
767 455 1
768 39 1
769 237 1
770 632 1
771 569 1
772 8 1
773 369 1
774 294 0
775 545 1
776 216 1
777 551 1
778 101 1
779 4 1
780 599 1
781 670 1
782 448 1
783 131 0
784 438 1
785 0 1
786 576 1
787 108 1
788 488 1
789 31 1
790 107 1
791 5 0
792 296 1
793 550 0
794 234 1
795 216 1
796 473 0
797 603 0
798 472 1
799 39 1
800 505 1
801 439 0
802 180 1
803 296 0
804 597 1
805 596 1
806 306 1
807 172 0
808 301 1
809 571 0
810 163 1
811 255 1
812 133 1
813 188 0
814 53 1
815 402 0
816 266 0
817 526 1
818 105 1
819 2 1
820 552 1
821 550 0
822 343 0
823 90 1
824 588 1
825 494 1
826 164 0
827 18 0
828 496 1
829 218 0
830 5 0
831 251 0
832 178 1
833 547 1
834 59 1
835 129 1
836 292 1
837 356 1
838 546 1
839 167 0
840 251 0
841 89 1
842 555 1
843 286 1
844 143 1
845 59 0
846 269 0
847 677 1
848 232 0
849 560 1
850 660 1
851 47 1
852 514 1
853 475 1
854 422 1
855 654 0
856 447 1
857 233 1
858 680 1
859 256 1
860 596 1
861 115 1
862 455 1
863 29 0
864 218 0
865 551 1
866 167 1
867 547 0
868 573 1
869 200 1
870 123 1
871 128 0
872 485 1
873 461 1
874 453 0
875 447 0
876 605 1
877 373 1
878 242 1
879 635 1
880 565 0
881 56 0
882 243 1
883 557 1
884 513 1
885 271 0
886 499 0
887 94 1
888 590 1
889 609 0
890 417 1
891 551 1
892 79 1
893 542 1
894 471 1
895 611 1
896 138 1
897 227 1
898 415 1
899 600 1
900 1 1
901 23 1
902 415 1
903 372 1
904 502 1
905 507 1
906 498 1
907 144 1
908 13 1
909 470 0
910 66 1
911 408 1
912 465 1
913 416 0
914 564 0
915 10 1
916 346 0
917 638 0
918 666 1
919 225 1
920 451 1
921 33 1
922 506 1
923 413 1
924 435 1
925 320 1
926 682 0
927 536 1
928 508 1
929 230 1
930 427 1
931 97 1
932 531 0
933 422 1
934 462 0
935 568 0
936 524 1
937 65 0
938 607 1
939 437 0
940 78 1
941 3 0
942 630 0
943 110 0
944 635 1
945 670 1
946 152 1
947 38 1
948 219 1
949 340 0
950 508 1
951 225 1
952 653 1
953 522 1
954 597 1
955 505 1
956 604 1
957 323 0
958 192 1
959 574 0
960 602 0
961 92 1
962 472 0
963 583 1
964 676 0
965 260 1
966 291 1
967 676 0
968 604 1
969 407 1
970 102 0
971 593 0
972 307 0
973 570 1
974 494 1
975 214 1
976 592 1
977 54 1
978 265 1
979 214 1
980 19 1
981 584 1
982 531 1
983 142 1
984 403 0
985 368 1
986 91 1
987 99 1
988 80 1
989 42 1
990 17 1
991 559 1
992 134 0
993 132 1
994 565 1
995 56 1
996 393 1
997 467 1
998 531 1
999 91 1
1000 473 1
1001 327 0
1002 564 0
1003 106 1
1004 669 1
1005 107 1
1006 661 0
1007 182 1
1008 166 1
1009 595 1
1010 232 1
1011 459 1
1012 607 0
1013 9 1
1014 422 0
1015 274 0
1016 131 0
1017 603 1
1018 601 0
1019 227 0
1020 2 1
1021 586 1
1022 144 1
1023 603 1
1024 226 1
1025 185 0
1026 52 0
1027 228 1
1028 201 1
1029 256 1
1030 594 1
1031 406 0
1032 277 1
1033 307 1
1034 607 0
1035 93 0
1036 270 1
1037 160 1
1038 591 1
1039 297 0
1040 422 1
1041 419 1
1042 443 1
1043 278 0
1044 28 0
1045 155 0
1046 209 0
1047 491 0
1048 459 1
1049 679 1
1050 50 1
1051 134 1
1052 595 1
1053 50 1
1054 631 1
1055 462 1
1056 403 1
1057 414 1
1058 673 1
1059 634 1
1060 371 1
1061 40 1
1062 496 0
1063 639 1
1064 475 1
1065 480 0
1066 122 1
1067 417 1
1068 481 0
1069 106 1
1070 645 1
1071 367 1
1072 337 1
1073 96 1
1074 618 1
1075 429 0
1076 407 1
1077 457 1
1078 316 1
1079 317 1
1080 445 1
1081 460 1
1082 556 1
1083 172 0
1084 233 1
1085 352 1
1086 418 0
1087 556 1
1088 645 0
1089 226 0
1090 526 1
1091 455 1
1092 439 1
1093 296 1
1094 467 1
1095 6 1
1096 298 1
1097 367 0
1098 232 0
1099 94 0
1100 389 1
1101 658 0
1102 309 0
1103 451 0
1104 325 1
1105 421 1
1106 219 0
1107 672 0
1108 676 1
1109 558 1
1110 470 0
1111 515 0
1112 433 0
1113 510 1
1114 566 1
1115 17 0
1116 194 1
1117 223 1
1118 348 0
1119 345 1
1120 495 1
1121 411 0
1122 530 0
1123 516 1
1124 255 0
1125 123 1
1126 356 0
1127 380 0
1128 666 0
1129 84 1
1130 210 0
1131 219 0
1132 348 1
1133 480 1
1134 3 0
1135 256 1
1136 51 0
1137 356 1
1138 210 0
1139 246 0
1140 150 0
1141 334 1
1142 580 1
1143 610 0
1144 64 0
1145 510 1
1146 624 1
1147 251 0
1148 59 1
1149 555 1
1150 16 1
1151 390 0
1152 365 1
1153 477 1
1154 506 0
1155 185 0
1156 664 1
1157 306 1
1158 122 0
1159 265 1
1160 69 1
1161 33 1
1162 649 0
1163 552 1
1164 160 1
1165 599 1
1166 120 1
1167 72 1
1168 195 1
1169 206 0
1170 159 1
1171 502 1
1172 483 1
1173 528 1
1174 184 0
1175 621 1
1176 28 1
1177 91 0
1178 83 1
1179 272 1
1180 638 1
1181 249 1
1182 320 0
1183 131 1
1184 272 0
1185 617 1
1186 301 0
1187 400 1
1188 387 0
1189 277 1
1190 608 1
1191 653 1
1192 11 1
1193 200 0
1194 275 1
1195 168 0
1196 488 1
1197 558 1
1198 140 1
1199 39 0
1200 599 1
1201 417 1
1202 663 0
1203 315 0
1204 375 1
1205 508 0
1206 634 1
1207 507 1
1208 536 0
1209 569 1
1210 324 1
1211 183 1
1212 299 1
1213 79 0
1214 318 0
1215 424 1
1216 346 1
1217 448 1
1218 545 1
1219 261 1
1220 71 1
1221 363 0
1222 561 1
1223 495 1
1224 293 1
1225 624 1
1226 4 1
1227 573 0
1228 435 1
1229 571 0
1230 599 0
1231 559 1
1232 296 1
1233 157 1
1234 487 0
1235 221 1
1236 75 1
1237 151 0
1238 170 0
1239 449 1
1240 597 1
1241 653 1
1242 82 0
1243 48 1
1244 338 0
1245 159 0
1246 75 1
1247 86 1
1248 184 1
1249 528 1
1250 491 1
1251 117 1
1252 50 0
1253 604 1
1254 58 0
1255 257 1
1256 586 1
1257 401 0
1258 339 1
1259 331 1
1260 641 1
1261 503 1
1262 352 0
1263 403 1
1264 661 0
1265 352 1
1266 397 0
1267 179 1
1268 566 1
1269 241 1
1270 296 1
1271 166 1
1272 295 0
1273 439 1
1274 589 0
1275 457 0
1276 147 0
1277 406 1
1278 436 0
1279 179 0
1280 199 1
1281 24 1
1282 572 0
1283 617 1
1284 131 1
1285 649 0
1286 243 1
1287 197 0
1288 270 1
1289 60 0
1290 550 0
1291 292 0
1292 364 1
1293 340 1
1294 651 1
1295 357 1
1296 366 0
1297 591 1
1298 414 1
1299 279 1
1300 268 1
1301 544 1
1302 632 0
1303 622 1
1304 522 0
1305 649 1
1306 344 1
1307 229 1
1308 98 1
1309 225 1
1310 405 0
1311 486 0
1312 107 1
1313 597 1
1314 488 1
1315 638 1
1316 8 1
1317 412 1
1318 127 1
1319 429 1
1320 433 0
1321 181 1
1322 478 1
1323 201 1
1324 296 1
1325 212 1
1326 152 1
1327 616 0
1328 664 1
1329 353 1
1330 293 1
1331 368 1
1332 377 1
1333 85 0
1334 274 1
1335 297 0
1336 52 0
1337 371 1
1338 462 1
1339 679 1
1340 571 0
1341 346 1
1342 477 0
1343 556 1
1344 378 0
1345 68 0
1346 531 1
1347 373 1
1348 104 1
1349 299 1
1350 117 1
1351 401 0
1352 220 0
1353 14 1
1354 490 1
1355 327 1
1356 44 1
1357 415 1
1358 522 0
1359 122 1
1360 83 1
1361 288 0
1362 626 0
1363 667 1
1364 264 0
1365 682 1
1366 22 1
1367 550 1
1368 315 1
1369 496 0
1370 402 0
1371 497 0
1372 383 1
1373 112 1
1374 343 0
1375 266 1
1376 424 1
1377 184 0
1378 360 1
1379 240 0
1380 277 1
1381 321 1
1382 208 1
1383 114 0
1384 581 1
1385 644 1
1386 321 1
1387 317 0
1388 84 0
1389 497 1
1390 663 1
1391 682 0
1392 205 1
1393 168 1
1394 177 0
1395 77 1
1396 646 1
1397 326 1
1398 158 1
1399 265 0
1400 194 0
1401 609 1
1402 81 1
1403 535 1
1404 242 1
1405 422 1
1406 683 1
1407 451 1
1408 430 1
1409 597 0
1410 601 1
1411 377 1
1412 218 0
1413 561 1
1414 287 1
1415 259 1
1416 451 1
1417 569 0
1418 682 0
1419 526 1
1420 339 1
1421 289 1
1422 255 1
1423 112 1
1424 504 1
1425 180 0
1426 271 1
1427 555 0
1428 405 1
1429 437 0
1430 658 1
1431 319 0
1432 452 1
1433 100 0
1434 623 1
1435 260 1
1436 462 1
1437 614 1
1438 177 1
1439 546 1
1440 322 1
1441 674 0
1442 429 0
1443 655 0
1444 119 0
1445 671 1
1446 248 0
1447 88 1
1448 509 0
1449 464 0
1450 386 0
1451 553 1
1452 161 0
1453 452 1
1454 352 1
1455 592 1
1456 613 1
1457 412 1
1458 12 1
1459 335 1
1460 620 1
1461 52 1
1462 627 0
1463 199 1
1464 157 0
1465 42 1
1466 532 1
1467 22 1
1468 649 1
1469 176 0
1470 617 1
1471 563 0
1472 236 0
1473 46 1
1474 502 1
1475 465 1
1476 276 1
1477 193 0
1478 486 0
1479 499 1
1480 199 1
1481 74 1
1482 452 1
1483 570 1
1484 399 1
1485 305 1
1486 659 1
1487 278 0
1488 45 0
1489 288 1
1490 536 1
1491 557 0
1492 415 0
1493 602 0
1494 286 0
1495 432 1
1496 273 0
1497 362 1
1498 174 1
1499 285 1
1500 137 0
1501 306 0
1502 602 0
1503 579 1
1504 482 1
1505 83 0
1506 507 1
1507 32 0
1508 535 1
1509 26 1
1510 623 0
1511 194 0
1512 108 1
1513 80 0
1514 204 1
1515 684 1
1516 100 1
1517 25 1
1518 206 0
1519 237 1
1520 358 1
1521 593 1
1522 105 1
1523 247 1
1524 146 1
1525 91 1
1526 560 1
1527 124 1
1528 243 1
1529 522 1
1530 656 1
1531 105 1
1532 400 0
1533 345 0
1534 307 0
1535 438 1
1536 475 1
1537 675 1
1538 543 1
1539 107 1
1540 340 1
1541 603 1
1542 314 1
1543 28 1
1544 333 1
1545 320 1
1546 645 1
1547 375 1
1548 385 1
1549 110 0
1550 190 1
1551 501 1
1552 209 1
1553 133 0
1554 559 1
1555 157 1
1556 269 1
1557 259 1
1558 632 1
1559 27 1
1560 411 1
1561 584 1
1562 174 1
1563 303 1
1564 566 1
1565 395 1
1566 533 1
1567 310 0
1568 533 0
1569 638 0
1570 513 1
1571 450 0
1572 443 0
1573 252 0
1574 570 1
1575 499 1
1576 457 1
1577 239 1
1578 244 1
1579 78 0
1580 527 1
1581 26 1
1582 257 1
1583 4 1
1584 181 0
1585 84 0
1586 581 1
1587 364 1
1588 132 1
1589 558 0
1590 40 0
1591 570 1
1592 342 1
1593 16 0
1594 238 0
1595 113 1
1596 396 1
1597 284 1
1598 562 1
1599 331 1
1600 331 0
1601 324 1
1602 95 0
1603 139 1
1604 449 1
1605 501 1
1606 214 1
1607 559 1
1608 82 1
1609 287 1
1610 241 1
1611 486 1
1612 111 0
1613 178 0
1614 202 1
1615 303 0
1616 327 1
1617 332 0
1618 32 1
1619 478 1
1620 313 1
1621 543 1
1622 252 1
1623 655 1
1624 564 1
1625 55 1
1626 229 1
1627 586 1
1628 198 1
1629 158 1
1630 419 1
1631 505 1
1632 234 1
1633 312 0
1634 196 1
1635 320 0
1636 656 1
1637 351 0
1638 595 1
1639 643 1
1640 151 1
1641 166 0
1642 554 1
1643 293 0
1644 661 1
1645 296 1
1646 486 1
1647 285 0
1648 525 0
1649 558 0
1650 274 0
1651 117 0
1652 371 1
1653 297 1
1654 362 1
1655 584 1
1656 525 1
1657 465 1
1658 390 1
1659 290 0
1660 98 1
1661 591 0
1662 274 1
1663 191 0
1664 361 1
1665 665 0
1666 515 0
1667 25 0
1668 566 0
1669 312 1
1670 150 1
1671 328 0
1672 534 1
1673 214 0
1674 440 1
1675 434 0
1676 235 1
1677 9 1
1678 104 0
1679 453 0
1680 521 1
1681 244 1
1682 532 1
1683 125 1
1684 164 1
1685 486 1
1686 648 1
1687 133 1
1688 67 0
1689 565 1
1690 681 0
1691 617 1
1692 227 1
1693 312 1
1694 398 1
1695 368 0
1696 87 1
1697 586 1
1698 454 0
1699 176 0
1700 35 1
1701 76 1
1702 621 1
1703 325 1
1704 386 1
1705 340 1
1706 350 1
1707 613 1
1708 43 1
1709 481 1
1710 151 1
1711 676 1
1712 349 1
1713 429 0
1714 433 1
1715 566 0
1716 412 1
1717 40 1
1718 425 1
1719 437 1
1720 400 1
1721 338 0
1722 194 0
1723 215 1
1724 336 1
1725 678 1
1726 4 1
1727 297 1
1728 392 1
1729 302 0
1730 476 1
1731 181 0
1732 398 1
1733 637 1
1734 673 1
1735 94 1
1736 54 1
1737 26 1
1738 527 1
1739 485 1
1740 338 0
1741 666 1
1742 292 1
1743 525 1
1744 149 1
1745 397 1
1746 155 1
1747 400 0
1748 201 1
1749 521 1
1750 314 0
1751 149 1
1752 619 1
1753 188 1
1754 502 1
1755 212 1
1756 38 0
1757 327 1
1758 302 1
1759 587 1
1760 139 1
1761 649 1
1762 279 1
1763 419 1
1764 289 1
1765 241 1
1766 442 0
1767 543 1
1768 652 1
1769 667 1
1770 291 0
1771 454 1
1772 217 1
1773 489 0
1774 520 0
1775 543 1
1776 520 1
1777 97 1
1778 443 0
1779 166 0
1780 601 1
1781 479 1
1782 627 1
1783 564 1
1784 212 0
1785 207 0
1786 142 0
1787 662 1
1788 72 1
1789 451 1
1790 430 1
1791 396 1
1792 645 1
1793 380 1
1794 583 1
1795 280 1
1796 526 1
1797 430 1
1798 241 0
1799 206 1
1800 257 0
1801 101 1
1802 647 1
1803 331 1
1804 373 0
1805 200 1
1806 235 0
1807 642 1
1808 662 1
1809 427 1
1810 456 1
1811 375 1
1812 611 1
1813 595 1
1814 259 0
1815 449 1
1816 360 0
1817 488 1
1818 200 1
1819 614 0
1820 488 1
1821 265 0
1822 298 1
1823 62 0
1824 131 1
1825 151 0
1826 341 1
1827 30 0
1828 47 1
1829 6 0
1830 571 1
1831 653 1
1832 578 1
1833 141 0
1834 163 1
1835 497 0
1836 457 0
1837 91 0
1838 556 0
1839 345 0
1840 472 0
1841 162 0
1842 423 0
1843 653 0
1844 390 0
1845 607 1
1846 3 1
1847 352 0
1848 175 0
1849 504 1
1850 563 1
1851 391 1
1852 650 1
1853 662 1
1854 207 1
1855 96 1
1856 648 1
1857 124 1
1858 23 1
1859 2 1
1860 581 1
1861 90 0
1862 328 0
1863 310 1
1864 250 1
1865 671 1
1866 18 1
1867 293 1
1868 174 1
1869 334 1
1870 423 1
1871 376 1
1872 260 1
1873 174 0
1874 422 1
1875 525 0
1876 357 1
1877 47 0
1878 630 1
1879 76 1
1880 58 1
1881 411 0
1882 439 1
1883 574 1
1884 119 0
1885 566 0
1886 225 1
1887 73 1
1888 587 1
1889 598 1
1890 681 1
1891 215 0
1892 198 1
1893 183 1
1894 191 0
1895 169 1
1896 150 1
1897 412 1
1898 171 0
1899 346 1
1900 353 1
1901 405 0
1902 57 1
1903 635 1
1904 41 1
1905 541 1
1906 131 0
1907 647 1
1908 162 1
1909 473 1
1910 233 1
1911 432 1
1912 109 1
1913 544 1
1914 289 1
1915 144 0
1916 5 1
1917 107 1
1918 600 0
1919 279 1
1920 435 1
1921 250 0
1922 464 1
1923 210 1
1924 187 1
1925 552 1
1926 470 1
1927 376 1
1928 287 1
1929 433 1
1930 13 1
1931 105 1
1932 441 0
1933 337 1
1934 356 1
1935 569 1
1936 68 0
1937 244 1
1938 176 0
1939 46 0
1940 282 1
1941 612 0
1942 42 1
1943 220 1
1944 111 1
1945 478 0
1946 117 1
1947 399 0
1948 197 0
1949 59 1
1950 240 1
1951 231 1
1952 592 1
1953 242 0
1954 74 1
1955 275 1
1956 31 1
1957 253 1
1958 335 0
1959 661 0
1960 270 0
1961 399 0
1962 182 1
1963 90 1
1964 678 1
1965 77 0
1966 349 1
1967 628 1
1968 613 1
1969 168 0
1970 46 0
1971 616 0
1972 47 0
1973 408 1
1974 487 1
1975 400 1
1976 411 1
1977 289 0
1978 484 0
1979 117 1
1980 100 0
1981 540 0
1982 76 0
1983 535 0
1984 241 0
1985 7 1
1986 548 1
1987 622 0
1988 636 1
1989 292 1
1990 302 0
1991 340 1
1992 378 0
1993 193 0
1994 152 1
1995 483 1
1996 78 1
1997 102 1
1998 652 0
1999 158 0
2000 485 1
2001 582 1
2002 617 1
2003 515 0
2004 8 0
2005 151 0
2006 643 1
2007 595 0
2008 264 1
2009 342 0
2010 672 1
2011 497 1
2012 308 1
2013 476 0
2014 381 1
2015 570 0
2016 629 1
2017 358 1
2018 130 0
2019 274 1
2020 139 0
2021 449 1
2022 61 0
2023 5 1
2024 35 1
2025 571 1
2026 60 1
2027 601 1
2028 385 1
2029 45 1
2030 171 0
2031 92 0
2032 226 1
2033 505 0
2034 468 1
2035 494 1
2036 350 1
2037 20 1
2038 447 1
2039 566 0
2040 630 0
2041 334 0
2042 238 0
2043 202 1
2044 472 1
2045 19 1
2046 6 1
2047 330 1
2048 391 1
2049 588 1
2050 331 1
2051 353 1
2052 485 1
2053 237 1
2054 656 1
2055 559 1
2056 657 0
2057 435 1
2058 287 0
2059 148 1
2060 457 0
2061 32 1
2062 108 1
2063 11 1
2064 599 0
2065 502 1
2066 569 1
2067 71 0
2068 373 1
2069 446 1
2070 255 1
2071 89 1
2072 357 1
2073 10 1
2074 477 1
2075 34 0
2076 584 1
2077 284 1
2078 515 1
2079 336 1
2080 467 0
2081 247 0
2082 581 1
2083 550 1
2084 198 1
2085 186 1
2086 461 0
2087 510 1
2088 115 0
2089 351 1
2090 252 0
2091 670 1
2092 281 0
2093 415 1
2094 137 1
2095 370 1
2096 477 0
2097 100 0
2098 507 1
2099 215 0
2100 363 1
2101 560 1
2102 250 1
2103 531 1
2104 478 1
2105 359 1
2106 411 0
2107 196 1
2108 186 0
2109 634 0
2110 507 1
2111 72 1
2112 509 1
2113 502 1
2114 224 1
2115 438 1
2116 263 0
2117 556 1
2118 270 0
2119 280 1
2120 428 0
2121 109 1
2122 298 0
2123 420 1
2124 319 0
2125 638 1
2126 3 1
2127 270 1
2128 284 0
2129 673 1
2130 633 1
2131 667 1
2132 311 1
2133 554 0
2134 85 0
2135 217 0
2136 103 1
2137 669 1
2138 462 1
2139 31 1
2140 345 1
2141 66 1
2142 523 1
2143 5 1
2144 252 0
2145 202 1
2146 248 1
2147 242 1
2148 553 0
2149 284 1
2150 518 0
2151 39 1
2152 658 0
2153 424 1
2154 256 0
2155 360 0
2156 268 1
2157 522 1
2158 335 1
2159 58 1
2160 92 0
2161 617 1
2162 275 1
2163 471 0
2164 115 1
2165 610 1
2166 401 1
2167 398 0
2168 502 1
2169 381 1
2170 422 0
2171 247 1
2172 312 1
2173 199 0
2174 611 0
2175 378 1
2176 347 1
2177 615 1
2178 314 0
2179 594 1
2180 558 1
2181 634 0
2182 314 1
2183 649 1
2184 58 1
2185 34 1
2186 488 0
2187 315 1
2188 623 0
2189 334 0
2190 601 0
2191 397 1
2192 167 1
2193 30 1
2194 130 1
2195 226 0
2196 288 0
2197 278 0
2198 96 0
2199 563 1
2200 673 1
2201 35 1
2202 194 1
2203 163 1
2204 9 0
2205 512 0
2206 354 1
2207 446 0
2208 124 0
2209 147 1
2210 244 1
2211 515 1
2212 122 1
2213 279 1
2214 179 1
2215 458 0
2216 70 1
2217 216 1
2218 416 1
2219 226 1
2220 21 1
2221 608 0
2222 535 1
2223 41 1
2224 417 1
2225 58 0
2226 134 1
2227 339 1
2228 511 1
2229 303 1
2230 91 1
2231 3 0
2232 142 1
2233 511 1
2234 428 1
2235 556 0
2236 363 1
2237 397 1
2238 421 0
2239 445 0
2240 199 1
2241 645 1
2242 649 1
2243 419 1
2244 232 0
2245 311 0
2246 371 1
2247 313 1
2248 105 1
2249 643 1
2250 450 0
2251 128 1
2252 310 0
2253 599 0
2254 108 0
2255 457 1
2256 434 1
2257 469 1
2258 288 1
2259 19 1
2260 70 0
2261 673 1
2262 216 1
2263 526 1
2264 271 1
2265 256 1
2266 314 1
2267 678 1
2268 482 0
2269 243 0
2270 523 1
2271 41 1
2272 519 1
2273 73 0
2274 543 0
2275 472 1
2276 251 1
2277 626 0
2278 592 0
2279 617 1
2280 523 1
2281 300 0
2282 145 0
2283 349 1
2284 30 1
2285 104 0
2286 9 0
2287 655 0
2288 485 1
2289 222 1
2290 649 1
2291 271 0
2292 43 1
2293 511 0
2294 251 0
2295 214 1
2296 205 0
2297 499 0
2298 636 1
2299 550 1
2300 157 1
2301 107 0
2302 629 0
2303 266 1
2304 635 1
2305 87 0
2306 71 0
2307 644 1
2308 399 1
2309 150 0
2310 486 1
2311 311 1
2312 22 1
2313 186 0
2314 547 1
2315 212 1
2316 534 1
2317 15 1
2318 225 1
2319 479 1
2320 342 1
2321 604 0
2322 68 1
2323 613 0
2324 177 1
2325 4 0
2326 14 1
2327 71 1
2328 14 1
2329 267 1
2330 137 0
2331 409 1
2332 370 1
2333 294 1
2334 278 1
2335 343 0
2336 227 0
2337 435 1
2338 226 1
2339 335 1
2340 14 1
2341 211 1
2342 228 1
2343 579 1
2344 369 1
2345 632 1
2346 469 1
2347 66 1
2348 353 0
2349 321 1
2350 21 0
2351 395 1
2352 327 1
2353 117 1
2354 81 0
2355 101 0
2356 621 1
2357 637 1
2358 424 0
2359 663 1
2360 521 0
2361 188 0
2362 111 1
2363 31 1
2364 443 0
2365 239 1
2366 161 1
2367 286 0
2368 609 0
2369 186 1
2370 427 1
2371 614 1
2372 429 1
2373 100 1
2374 670 1
2375 106 1
2376 90 1
2377 127 1
2378 377 0
2379 494 0
2380 83 0
2381 173 1
2382 512 1
2383 135 0
2384 6 0
2385 270 1
2386 438 1
2387 626 0
2388 337 1
2389 179 0
2390 635 1
2391 144 1
2392 152 1
2393 71 1
2394 1 1
2395 238 1
2396 186 1
2397 416 1
2398 14 1
2399 278 0
2400 16 0
2401 25 1
2402 319 0
2403 465 1
2404 266 1
2405 294 1
2406 246 1
2407 85 0
2408 538 1
2409 500 0
2410 294 1
2411 453 0
2412 293 1
2413 65 1
2414 564 1
2415 327 1
2416 463 1
2417 607 1
2418 577 1
2419 325 1
2420 605 0
2421 631 1
2422 629 1
2423 393 0
2424 445 0
2425 594 0
2426 519 0
2427 534 1
2428 376 0
2429 435 0
2430 86 1
2431 408 1
2432 260 0
2433 475 1
2434 291 0
2435 310 1
2436 564 1
2437 206 1
2438 116 0
2439 135 1
2440 380 1
2441 615 0
2442 235 0
2443 600 0
2444 464 1
2445 182 1
2446 257 0
2447 243 0
2448 493 1
2449 669 1
2450 663 1
2451 139 1
2452 379 1
2453 194 1
2454 517 1
2455 372 1
2456 630 0
2457 427 1
2458 168 0
2459 107 1
2460 265 1
2461 70 1
2462 24 1
2463 612 1
2464 176 0
2465 18 1
2466 35 1
2467 525 0
2468 75 1
2469 482 0
2470 364 1
2471 119 1
2472 302 1
2473 491 0
2474 33 1
2475 675 0
2476 289 1
2477 650 0
2478 632 1
2479 659 1
2480 60 1
2481 364 1
2482 407 0
2483 82 0
2484 496 1
2485 646 1
2486 306 0
2487 58 1
2488 456 0
2489 223 0
2490 291 0
2491 617 0
2492 531 0
2493 37 0
2494 46 0
2495 431 0
2496 261 0
2497 459 1
2498 571 1
2499 37 1
2500 678 1
2501 388 1
2502 336 1
2503 309 1
2504 567 1
2505 426 1
2506 317 1
2507 155 1
2508 85 0
2509 214 0
2510 204 0
2511 496 0
2512 584 0
2513 21 1
2514 384 0
2515 683 1
2516 314 1
2517 248 1
2518 404 1
2519 330 1
2520 661 1
2521 545 1
2522 259 1
2523 30 0
2524 208 1
2525 49 1
2526 291 1
2527 22 0
2528 644 0
2529 490 1
2530 617 1
2531 35 1
2532 446 1
2533 41 1
2534 670 0
2535 23 1
2536 271 1
2537 513 1
2538 584 0
2539 20 0
2540 616 0
2541 349 1
2542 443 0
2543 670 1
2544 244 1
2545 318 1
2546 536 1
2547 252 1
2548 38 1
2549 463 1
2550 236 0
2551 243 0
2552 199 0
2553 439 0
2554 443 0
2555 463 1
2556 357 1
2557 169 0
2558 71 1
2559 347 0
2560 201 1
2561 321 1
2562 162 0
2563 607 0
2564 438 0
2565 225 1
2566 15 1
2567 582 0
2568 111 0
2569 571 1
2570 368 0
2571 500 1
2572 49 0
2573 670 1
2574 652 1
2575 264 1
2576 569 1
2577 478 0
2578 302 0
2579 505 1
2580 614 1
2581 130 0
2582 85 0
2583 674 0
2584 622 1
2585 579 1
2586 481 1
2587 175 1
2588 465 0
2589 51 0
2590 65 1
2591 430 1
2592 473 1
2593 254 0
2594 453 1
2595 660 0
2596 376 1
2597 157 0
2598 391 0
2599 58 0
2600 278 1
2601 462 0
2602 432 1
2603 434 1
2604 114 0
2605 217 0
2606 373 1
2607 386 1
2608 443 1
2609 82 0
2610 543 0
2611 167 1
2612 420 1
2613 524 1
2614 42 1
2615 283 1
2616 106 1
2617 223 0
2618 271 1
2619 66 1
2620 287 1
2621 393 1
2622 503 1
2623 223 1
2624 564 1
2625 45 1
2626 192 1
2627 229 1
2628 365 0
2629 568 1
2630 223 1
2631 556 1
2632 56 1
2633 441 1
2634 153 1
2635 541 0
2636 620 1
2637 245 1
2638 602 0
2639 528 1
2640 346 0
2641 48 0
2642 187 1
2643 294 1
2644 176 1
2645 532 0
2646 601 1
2647 301 1
2648 328 1
2649 557 1
2650 394 0
2651 66 1
2652 235 1
2653 596 1
2654 351 0
2655 463 0
2656 414 1
2657 379 1
2658 361 1
2659 42 1
2660 166 0
2661 509 0
2662 122 1
2663 569 1
