5031
1 236 1
2 340 0
3 360 1
4 167 1
5 121 1
6 252 1
7 359 1
8 226 0
9 251 1
10 286 1
11 93 0
12 379 1
13 5 0
14 123 1
15 385 1
16 202 1
17 408 1
18 67 1
19 231 1
20 167 1
21 298 0
22 244 0
23 312 1
24 149 1
25 145 1
26 351 0
27 55 1
28 23 1
29 220 1
30 56 1
31 350 1
32 377 1
33 205 0
34 379 1
35 82 0
36 320 1
37 370 0
38 17 0
39 14 1
40 225 1
41 133 1
42 228 1
43 159 1
44 376 1
45 99 1
46 135 0
47 393 1
48 187 1
49 361 1
50 14 1
51 220 1
52 228 1
53 176 1
54 252 1
55 367 1
56 306 0
57 330 0
58 391 1
59 189 0
60 19 0
61 179 1
62 142 1
63 71 1
64 150 0
65 2 0
66 406 1
67 328 1
68 90 1
69 283 1
70 99 0
71 96 1
72 4 0
73 344 0
74 193 1
75 15 0
76 99 1
77 323 1
78 170 1
79 101 0
80 230 1
81 188 0
82 28 1
83 250 0
84 0 0
85 289 0
86 164 0
87 206 0
88 216 1
89 265 1
90 361 1
91 26 1
92 303 1
93 232 1
94 21 0
95 370 1
96 12 1
97 293 1
98 53 1
99 286 0
100 354 0
101 279 1
102 238 0
103 388 1
104 15 1
105 268 1
106 338 0
107 367 1
108 346 1
109 393 1
110 83 0
111 24 0
112 300 1
113 390 0
114 264 0
115 236 1
116 232 1
117 414 1
118 107 1
119 329 0
120 11 0
121 328 1
122 168 1
123 268 1
124 147 0
125 160 1
126 276 1
127 155 1
128 330 1
129 36 0
130 201 1
131 65 1
132 191 0
133 308 1
134 262 1
135 124 1
136 86 1
137 324 0
138 0 1
139 46 1
140 106 1
141 80 1
142 219 1
143 363 1
144 356 0
145 421 1
146 373 1
147 268 1
148 370 0
149 141 1
150 65 1
151 309 1
152 292 1
153 107 1
154 206 1
155 143 1
156 62 1
157 397 1
158 34 1
159 235 1
160 12 0
161 351 1
162 122 0
163 355 1
164 174 1
165 104 0
166 336 1
167 92 0
168 153 1
169 325 1
170 183 1
171 374 1
172 394 1
173 356 1
174 384 0
175 222 1
176 100 1
177 60 1
178 299 1
179 417 1
180 188 0
181 415 1
182 40 0
183 131 1
184 111 1
185 255 0
186 329 1
187 369 1
188 126 1
189 130 1
190 42 0
191 184 0
192 330 1
193 67 1
194 63 1
195 379 1
196 409 1
197 52 1
198 281 1
199 346 1
200 343 1
201 389 1
202 83 1
203 248 1
204 208 1
205 123 1
206 8 1
207 223 1
208 254 0
209 371 1
210 179 1
211 271 1
212 397 1
213 315 1
214 83 1
215 347 1
216 242 0
217 375 1
218 346 0
219 363 1
220 279 1
221 210 0
222 71 1
223 29 0
224 127 0
225 48 1
226 2 1
227 172 1
228 218 1
229 227 1
230 128 0
231 131 1
232 163 0
233 226 1
234 109 0
235 342 1
236 352 0
237 79 1
238 389 1
239 154 1
240 210 1
241 100 1
242 96 1
243 314 1
244 163 0
245 20 0
246 394 1
247 65 1
248 190 0
249 344 1
250 157 0
251 92 1
252 217 0
253 211 1
254 109 1
255 400 1
256 142 0
257 234 1
258 176 1
259 382 0
260 368 1
261 333 0
262 86 1
263 171 0
264 94 1
265 277 0
266 54 1
267 165 0
268 370 1
269 155 1
270 18 1
271 202 1
272 161 1
273 355 0
274 390 1
275 379 1
276 119 0
277 74 1
278 216 1
279 183 1
280 38 0
281 391 1
282 234 1
283 67 0
284 210 1
285 62 1
286 309 1
287 218 1
288 233 0
289 383 1
290 162 1
291 233 0
292 28 1
293 189 1
294 254 1
295 384 0
296 238 1
297 88 1
298 183 1
299 56 1
300 333 1
301 324 1
302 339 1
303 263 1
304 94 1
305 47 1
306 387 1
307 240 1
308 416 0
309 190 0
310 207 1
311 241 1
312 201 1
313 321 0
314 15 0
315 55 0
316 325 1
317 141 0
318 27 1
319 89 0
320 29 0
321 80 1
322 246 0
323 362 1
324 154 1
325 185 0
326 404 1
327 83 0
328 159 1
329 394 0
330 186 1
331 225 1
332 360 0
333 155 0
334 174 1
335 211 1
336 209 1
337 150 1
338 314 0
339 268 1
340 43 0
341 107 1
342 157 0
343 330 1
344 424 0
345 193 0
346 153 1
347 399 1
348 188 0
349 52 0
350 75 1
351 394 1
352 257 1
353 17 0
354 35 1
355 316 1
356 143 0
357 228 1
358 316 1
359 318 1
360 261 0
361 330 1
362 333 1
363 79 1
364 136 0
365 160 1
366 223 1
367 326 0
368 375 0
369 328 1
370 331 1
371 64 1
372 345 0
373 51 1
374 127 1
375 381 0
376 285 0
377 80 1
378 293 1
379 417 1
380 246 0
381 46 1
382 409 0
383 227 1
384 290 1
385 47 1
386 180 1
387 372 1
388 105 0
389 39 1
390 197 1
391 24 0
392 110 0
393 79 1
394 93 1
395 111 1
396 53 1
397 87 1
398 358 0
399 98 0
400 274 1
401 122 1
402 85 0
403 257 1
404 322 1
405 251 1
406 418 0
407 278 1
408 83 0
409 209 1
410 131 1
411 345 0
412 8 1
413 348 0
414 151 1
415 165 1
416 421 0
417 284 1
418 185 0
419 399 0
420 114 1
421 303 1
422 203 1
423 39 1
424 89 1
425 292 1
426 398 1
427 106 1
428 347 1
429 50 1
430 304 1
431 29 1
432 331 1
433 382 1
434 131 1
435 3 1
436 283 1
437 181 1
438 165 0
439 50 1
440 172 1
441 176 1
442 257 1
443 381 1
444 140 1
445 208 0
446 349 0
447 22 1
448 126 1
449 177 1
450 37 1
451 332 1
452 316 1
453 85 0
454 11 0
455 311 0
456 180 1
457 158 1
458 301 0
459 20 1
460 375 0
461 164 1
462 40 1
463 385 1
464 293 1
465 253 0
466 146 0
467 55 1
468 375 0
469 95 0
470 403 1
471 272 0
472 0 1
473 297 0
474 76 1
475 21 0
476 374 0
477 28 1
478 73 1
479 410 1
480 252 0
481 101 1
482 227 1
483 12 1
484 424 1
485 266 0
486 342 1
487 135 1
488 373 1
489 220 0
490 280 1
491 178 1
492 128 1
493 218 1
494 322 1
495 397 1
496 270 1
497 250 1
498 58 0
499 377 1
500 71 0
501 34 1
502 34 1
503 34 1
504 132 0
505 261 1
506 197 1
507 216 1
508 50 0
509 57 0
510 42 0
511 223 0
512 356 0
513 214 1
514 13 1
515 47 1
516 87 1
517 328 1
518 80 0
519 231 1
520 191 1
521 327 1
522 336 0
523 117 0
524 383 1
525 162 1
526 331 0
527 142 0
528 264 1
529 379 1
530 225 1
531 191 0
532 338 1
533 136 0
534 31 0
535 35 0
536 264 1
537 14 0
538 311 1
539 264 1
540 135 1
541 396 0
542 90 1
543 259 0
544 173 0
545 35 1
546 45 1
547 413 1
548 23 1
549 205 0
550 193 0
551 106 1
552 8 1
553 336 1
554 208 0
555 290 1
556 6 0
557 340 1
558 375 1
559 279 1
560 389 1
561 224 0
562 244 0
563 94 1
564 38 1
565 151 0
566 369 1
567 93 1
568 81 0
569 100 0
570 136 1
571 37 0
572 354 1
573 68 1
574 127 0
575 257 0
576 66 1
577 227 1
578 97 0
579 407 0
580 25 1
581 322 0
582 93 0
583 303 1
584 249 1
585 293 0
586 198 1
587 230 1
588 409 1
589 260 1
590 49 0
591 330 1
592 402 0
593 255 1
594 283 1
595 165 1
596 73 1
597 107 0
598 181 1
599 170 1
600 90 0
601 391 0
602 70 1
603 117 1
604 196 0
605 293 0
606 299 1
607 63 1
608 161 1
609 307 1
610 385 0
611 30 0
612 238 0
613 29 0
614 249 1
615 126 1
616 364 1
617 330 0
618 415 0
619 190 1
620 356 1
621 134 1
622 87 1
623 337 1
624 218 1
625 267 1
626 394 1
627 339 1
628 263 1
629 328 1
630 269 0
631 129 0
632 249 1
633 344 0
634 310 1
635 128 1
636 125 1
637 302 1
638 162 1
639 35 1
640 135 1
641 261 0
642 4 1
643 141 1
644 246 1
645 355 1
646 329 1
647 128 1
648 347 1
649 95 1
650 412 1
651 176 1
652 61 1
653 26 0
654 394 1
655 306 0
656 192 1
657 39 1
658 20 1
659 166 1
660 54 1
661 187 1
662 409 1
663 112 0
664 192 1
665 265 1
666 133 1
667 120 1
668 197 1
669 120 1
670 334 1
671 101 0
672 271 0
673 0 0
674 22 1
675 89 1
676 91 0
677 162 1
678 421 0
679 108 1
680 311 1
681 70 1
682 93 0
683 341 1
684 39 1
685 413 0
686 165 1
687 177 0
688 356 0
689 132 1
690 46 1
691 158 1
692 200 0
693 340 1
694 297 1
695 384 1
696 100 1
697 202 1
698 347 1
699 14 1
700 283 1
701 36 0
702 92 1
703 289 1
704 94 0
705 105 1
706 344 1
707 107 1
708 285 0
709 17 1
710 301 1
711 340 0
712 260 0
713 423 1
714 66 1
715 270 0
716 15 0
717 201 0
718 350 0
719 259 1
720 315 1
721 413 1
722 329 1
723 56 1
724 373 1
725 49 1
726 305 1
727 54 1
728 336 0
729 25 0
730 191 0
731 282 1
732 6 1
733 144 1
734 378 1
735 77 1
736 44 1
737 206 1
738 118 1
739 264 1
740 38 1
741 144 1
742 405 0
743 186 1
744 377 0
745 123 1
746 335 1
747 179 1
748 166 1
749 400 1
750 3 1
751 91 0
752 373 0
753 122 1
754 261 0
755 259 1
756 275 0
757 47 1
758 303 1
759 401 1
760 273 1
761 354 0
762 206 1
763 228 0
764 134 0
765 322 1
766 383 0
767 185 0
768 114 1
769 397 0
770 397 1
771 79 1
772 38 1
773 34 1
774 189 1
775 0 0
776 236 1
777 51 1
778 166 0
779 219 1
780 184 0
781 140 0
782 358 1
783 176 0
784 38 0
785 125 1
786 336 0
787 213 1
788 33 1
789 291 1
790 257 1
791 90 1
792 51 1
793 340 1
794 249 1
795 346 0
796 378 0
797 278 0
798 217 1
799 359 1
800 135 1
801 94 0
802 390 0
803 421 0
804 257 1
805 51 1
806 111 1
807 412 1
808 111 1
809 81 1
810 163 1
811 70 0
812 318 0
813 3 1
814 208 0
815 67 1
816 421 0
817 91 1
818 0 1
819 87 1
820 332 1
821 175 1
822 108 0
823 180 1
824 318 1
825 154 1
826 219 0
827 173 1
828 276 0
829 223 1
830 240 1
831 231 1
832 408 1
833 27 0
834 239 0
835 69 0
836 82 1
837 291 1
838 236 1
839 112 1
840 136 1
841 314 1
842 320 1
843 171 1
844 68 1
845 59 0
846 89 1
847 247 1
848 17 1
849 310 1
850 90 1
851 232 0
852 29 1
853 65 0
854 272 1
855 224 1
856 272 0
857 168 1
858 5 1
859 41 1
860 11 1
861 210 1
862 220 1
863 129 0
864 8 1
865 196 0
866 97 1
867 227 0
868 228 1
869 220 1
870 298 1
871 313 0
872 260 1
873 16 1
874 98 1
875 167 0
876 285 1
877 38 1
878 112 1
879 20 1
880 310 1
881 176 1
882 48 0
883 362 1
884 398 1
885 181 1
886 304 1
887 119 1
888 380 1
889 234 1
890 22 1
891 416 0
892 184 0
893 217 1
894 26 1
895 246 1
896 283 0
897 147 0
898 230 0
899 140 1
900 71 1
901 303 0
902 220 1
903 217 0
904 387 1
905 57 1
906 258 1
907 419 1
908 33 0
909 15 1
910 151 0
911 98 1
912 215 0
913 171 1
914 159 0
915 350 0
916 36 1
917 308 1
918 56 1
919 260 1
920 381 0
921 3 0
922 321 1
923 358 0
924 335 1
925 415 0
926 167 1
927 326 1
928 163 1
929 105 1
930 212 0
931 382 1
932 386 1
933 207 1
934 322 1
935 163 1
936 189 1
937 195 1
938 417 0
939 142 1
940 33 0
941 218 0
942 50 1
943 285 1
944 20 1
945 365 1
946 122 1
947 183 0
948 119 1
949 355 0
950 388 0
951 295 1
952 88 1
953 67 1
954 22 0
955 110 1
956 44 1
957 383 0
958 277 0
959 9 1
960 37 1
961 232 1
962 102 1
963 73 0
964 336 1
965 365 0
966 351 1
967 281 1
968 129 0
969 222 1
970 132 1
971 163 1
972 362 1
973 270 0
974 194 1
975 214 1
976 357 1
977 94 1
978 265 1
979 84 1
980 424 1
981 304 0
982 386 1
983 67 1
984 83 1
985 198 1
986 196 1
987 94 1
988 185 1
989 177 1
990 347 1
991 314 1
992 114 1
993 142 1
994 150 0
995 86 1
996 378 1
997 202 1
998 126 0
999 386 1
1000 133 1
1001 127 1
1002 349 0
1003 291 1
1004 289 0
1005 192 1
1006 136 1
1007 192 1
1008 191 1
1009 160 0
1010 262 0
1011 319 1
1012 212 1
1013 384 0
1014 67 0
1015 249 1
1016 206 1
1017 358 1
1018 301 0
1019 367 1
1020 97 1
1021 376 1
1022 44 1
1023 313 1
1024 306 1
1025 405 1
1026 422 1
1027 188 1
1028 396 1
1029 376 1
1030 194 0
1031 366 1
1032 407 0
1033 232 1
1034 227 1
1035 23 1
1036 265 1
1037 260 0
1038 371 1
1039 247 1
1040 27 1
1041 224 1
1042 103 0
1043 63 0
1044 388 1
1045 240 1
1046 44 1
1047 386 1
1048 184 0
1049 309 1
1050 325 0
1051 139 0
1052 135 1
1053 50 1
1054 251 0
1055 162 0
1056 228 1
1057 4 0
1058 203 0
1059 234 1
1060 336 1
1061 280 1
1062 61 0
1063 109 1
1064 265 1
1065 60 0
1066 282 1
1067 32 1
1068 301 1
1069 201 0
1070 210 0
1071 107 1
1072 27 0
1073 46 1
1074 8 1
1075 354 1
1076 32 1
1077 2 1
1078 26 1
1079 167 1
1080 60 1
1081 285 1
1082 256 1
1083 37 1
1084 103 0
1085 387 1
1086 303 1
1087 326 1
1088 10 1
1089 391 0
1090 56 0
1091 65 1
1092 104 0
1093 11 1
1094 7 1
1095 251 1
1096 108 1
1097 112 1
1098 132 1
1099 199 1
1100 89 1
1101 123 1
1102 59 1
1103 1 1
1104 225 0
1105 216 0
1106 414 1
1107 72 1
1108 51 1
1109 53 0
1110 390 1
1111 380 0
1112 373 0
1113 140 1
1114 46 0
1115 17 0
1116 329 1
1117 358 0
1118 418 0
1119 160 0
1120 155 1
1121 201 1
1122 360 1
1123 66 1
1124 60 0
1125 298 1
1126 381 0
1127 225 1
1128 151 1
1129 409 0
1130 235 1
1131 289 0
1132 268 0
1133 230 1
1134 283 1
1135 181 0
1136 171 0
1137 411 0
1138 60 1
1139 346 0
1140 300 1
1141 399 1
1142 175 1
1143 160 1
1144 394 0
1145 55 1
1146 399 1
1147 46 1
1148 269 1
1149 205 1
1150 71 1
1151 395 1
1152 45 1
1153 177 0
1154 136 1
1155 55 0
1156 19 0
1157 96 0
1158 357 1
1159 350 1
1160 229 0
1161 233 0
1162 154 1
1163 147 1
1164 385 0
1165 379 1
1166 15 1
1167 102 0
1168 135 0
1169 421 1
1170 79 1
1171 112 0
1172 208 1
1173 123 1
1174 294 1
1175 296 1
1176 283 1
1177 131 1
1178 213 0
1179 137 1
1180 333 1
1181 34 1
1182 270 1
1183 111 1
1184 372 0
1185 207 0
1186 286 1
1187 380 1
1188 357 0
1189 337 0
1190 253 1
1191 153 1
1192 141 0
1193 250 1
1194 265 0
1195 358 0
1196 308 1
1197 223 0
1198 60 1
1199 89 1
1200 144 0
1201 162 1
1202 318 0
1203 75 0
1204 195 1
1205 178 0
1206 24 1
1207 262 1
1208 191 1
1209 349 1
1210 304 1
1211 33 1
1212 79 1
1213 169 1
1214 293 1
1215 274 1
1216 256 0
1217 18 0
1218 255 1
1219 101 1
1220 36 1
1221 303 1
1222 186 1
1223 55 1
1224 183 0
1225 364 1
1226 389 0
1227 78 1
1228 355 1
1229 11 1
1230 334 1
1231 364 1
1232 126 1
1233 17 0
1234 7 1
1235 236 1
1236 100 0
1237 231 1
1238 210 1
1239 194 1
1240 392 1
1241 158 1
1242 232 0
1243 228 1
1244 313 1
1245 89 1
1246 355 1
1247 91 1
1248 239 0
1249 13 1
1250 56 1
1251 417 1
1252 320 1
1253 399 1
1254 338 0
1255 202 1
1256 131 1
1257 66 1
1258 299 1
1259 356 1
1260 236 1
1261 113 0
1262 302 1
1263 223 1
1264 141 1
1265 192 1
1266 17 1
1267 184 1
1268 236 1
1269 146 1
1270 156 1
1271 156 1
1272 410 1
1273 354 1
1274 219 1
1275 302 1
1276 7 1
1277 26 1
1278 321 0
1279 254 1
1280 314 1
1281 64 0
1282 332 0
1283 372 1
1284 236 1
1285 419 0
1286 143 1
1287 382 1
1288 75 0
1289 115 0
1290 0 1
1291 27 0
1292 109 0
1293 145 1
1294 131 0
1295 297 1
1296 421 0
1297 181 0
1298 14 1
1299 174 0
1300 348 1
1301 344 1
1302 22 1
1303 322 0
1304 17 0
1305 94 0
1306 259 0
1307 279 1
1308 3 0
1309 330 0
1310 400 0
1311 281 1
1312 392 0
1313 2 0
1314 293 1
1315 358 1
1316 48 1
1317 112 1
1318 282 0
1319 294 0
1320 403 0
1321 146 0
1322 338 1
1323 136 0
1324 1 1
1325 177 0
1326 72 0
1327 201 0
1328 199 0
1329 148 1
1330 83 0
1331 113 0
1332 62 1
1333 30 1
1334 64 1
1335 47 0
1336 117 0
1337 406 1
1338 322 0
1339 74 0
1340 286 1
1341 1 1
1342 412 1
1343 101 1
1344 108 1
1345 83 1
1346 331 1
1347 278 1
1348 124 0
1349 14 1
1350 37 1
1351 231 1
1352 85 1
1353 184 1
1354 160 1
1355 7 1
1356 339 0
1357 380 0
1358 337 0
1359 342 1
1360 8 1
1361 168 0
1362 196 0
1363 137 1
1364 159 1
1365 212 1
1366 42 1
1367 350 0
1368 60 0
1369 236 1
1370 197 1
1371 242 1
1372 378 0
1373 267 1
1374 83 1
1375 141 1
1376 184 1
1377 259 0
1378 160 0
1379 105 1
1380 377 1
1381 91 1
1382 38 0
1383 249 0
1384 381 0
1385 319 0
1386 6 1
1387 392 1
1388 289 1
1389 377 1
1390 418 0
1391 292 0
1392 105 1
1393 88 1
1394 352 1
1395 287 1
1396 86 1
1397 1 0
1398 98 1
1399 350 1
1400 139 0
1401 334 1
1402 336 1
1403 105 1
1404 237 1
1405 402 0
1406 278 1
1407 236 1
1408 225 0
1409 52 0
1410 221 1
1411 32 1
1412 123 0
1413 261 1
1414 112 1
1415 104 1
1416 386 1
1417 99 0
1418 17 1
1419 326 1
1420 389 1
1421 314 1
1422 275 1
1423 327 1
1424 279 1
1425 355 1
1426 421 0
1427 85 0
1428 250 0
1429 42 0
1430 63 0
1431 19 1
1432 287 0
1433 150 0
1434 323 1
1435 260 0
1436 57 1
1437 104 1
1438 402 0
1439 236 0
1440 87 1
1441 34 1
1442 384 1
1443 330 1
1444 294 1
1445 401 0
1446 348 1
1447 83 1
1448 114 1
1449 89 1
1450 411 0
1451 128 0
1452 201 0
1453 77 1
1454 67 1
1455 137 0
1456 183 1
1457 67 1
1458 417 1
1459 180 0
1460 175 1
1461 47 1
1462 152 0
1463 309 1
1464 192 1
1465 107 0
1466 152 1
1467 222 1
1468 169 0
1469 361 0
1470 17 1
1471 93 0
1472 371 1
1473 171 1
1474 387 0
1475 180 0
1476 211 0
1477 363 1
1478 186 1
1479 34 1
1480 49 1
1481 259 1
1482 377 1
1483 385 1
1484 184 0
1485 60 0
1486 224 1
1487 358 1
1488 15 1
1489 363 1
1490 286 1
1491 242 0
1492 175 0
1493 137 1
1494 256 1
1495 17 1
1496 313 0
1497 337 1
1498 34 1
1499 215 1
1500 22 1
1501 376 1
1502 257 1
1503 119 1
1504 117 1
1505 378 0
1506 302 1
1507 177 1
1508 205 1
1509 116 1
1510 188 0
1511 44 1
1512 238 1
1513 170 0
1514 209 1
1515 319 0
1516 65 1
1517 180 1
1518 156 1
1519 297 1
1520 58 1
1521 378 1
1522 275 0
1523 242 0
1524 146 0
1525 91 0
1526 320 0
1527 239 1
1528 48 0
1529 107 0
1530 326 1
1531 65 0
1532 400 1
1533 415 1
1534 247 1
1535 233 1
1536 240 0
1537 70 1
1538 18 0
1539 272 0
1540 75 1
1541 328 0
1542 329 0
1543 358 1
1544 83 1
1545 210 0
1546 170 1
1547 375 1
1548 350 1
1549 105 1
1550 355 1
1551 306 1
1552 99 1
1553 388 0
1554 94 1
1555 237 1
1556 4 1
1557 394 1
1558 112 1
1559 412 1
1560 71 1
1561 179 1
1562 4 1
1563 88 1
1564 196 1
1565 355 1
1566 233 1
1567 0 1
1568 18 1
1569 278 0
1570 28 0
1571 110 0
1572 358 0
1573 67 0
1574 110 1
1575 69 1
1576 82 1
1577 124 1
1578 79 0
1579 143 1
1580 107 1
1581 231 0
1582 12 1
1583 374 1
1584 151 0
1585 269 1
1586 146 1
1587 339 1
1588 162 1
1589 378 0
1590 290 1
1591 155 0
1592 397 1
1593 161 1
1594 193 1
1595 283 0
1596 206 0
1597 44 1
1598 277 1
1599 376 0
1600 176 0
1601 309 1
1602 5 1
1603 104 1
1604 34 1
1605 141 1
1606 334 1
1607 399 1
1608 277 1
1609 187 0
1610 141 1
1611 301 0
1612 261 0
1613 268 1
1614 167 1
1615 243 1
1616 397 1
1617 367 1
1618 307 0
1619 398 0
1620 358 1
1621 368 0
1622 112 1
1623 275 1
1624 179 0
1625 390 0
1626 209 0
1627 71 1
1628 313 1
1629 413 0
1630 389 0
1631 100 1
1632 189 0
1633 167 0
1634 216 0
1635 115 0
1636 381 1
1637 416 0
1638 400 1
1639 413 1
1640 6 1
1641 176 1
1642 219 1
1643 388 1
1644 416 1
1645 416 1
1646 311 0
1647 145 0
1648 260 0
1649 273 0
1650 154 0
1651 327 1
1652 21 1
1653 7 1
1654 287 0
1655 404 1
1656 75 1
1657 210 1
1658 105 1
1659 230 1
1660 253 1
1661 306 1
1662 14 0
1663 341 0
1664 41 1
1665 155 1
1666 280 1
1667 135 0
1668 376 1
1669 127 1
1670 265 1
1671 233 0
1672 389 0
1673 39 0
1674 320 1
1675 419 1
1676 320 1
1677 414 1
1678 29 0
1679 13 1
1680 221 0
1681 94 1
1682 227 0
1683 80 1
1684 74 1
1685 246 1
1686 313 0
1687 83 1
1688 327 1
1689 175 1
1690 221 1
1691 72 1
1692 172 0
1693 152 0
1694 93 1
1695 398 1
1696 37 1
1697 391 0
1698 424 1
1699 271 0
1700 380 0
1701 241 1
1702 401 1
1703 375 0
1704 276 0
1705 355 1
1706 125 0
1707 188 0
1708 318 1
1709 201 0
1710 336 1
1711 301 1
1712 369 1
1713 339 1
1714 143 0
1715 271 1
1716 107 0
1717 70 0
1718 115 1
1719 342 1
1720 400 0
1721 293 1
1722 104 0
1723 100 1
1724 226 1
1725 408 0
1726 304 0
1727 212 1
1728 382 1
1729 22 0
1730 141 1
1731 326 1
1732 83 1
1733 287 0
1734 373 1
1735 419 1
1736 179 1
1737 151 1
1738 172 1
1739 280 1
1740 83 1
1741 111 1
1742 377 0
1743 40 0
1744 279 1
1745 137 1
1746 185 1
1747 370 1
1748 391 1
1749 296 1
1750 139 1
1751 389 1
1752 279 1
1753 303 1
1754 322 0
1755 127 1
1756 123 1
1757 197 1
1758 392 0
1759 112 1
1760 129 1
1761 369 1
1762 244 0
1763 284 1
1764 249 1
1765 251 1
1766 147 0
1767 408 1
1768 287 0
1769 282 1
1770 146 1
1771 419 0
1772 52 1
1773 174 1
1774 130 1
1775 393 1
1776 365 1
1777 402 1
1778 353 1
1779 96 1
1780 246 1
1781 394 1
1782 392 0
1783 224 0
1784 67 1
1785 267 1
1786 22 1
1787 312 1
1788 27 0
1789 221 0
1790 50 1
1791 246 1
1792 355 1
1793 175 1
1794 188 1
1795 290 1
1796 321 0
1797 105 1
1798 41 1
1799 371 0
1800 367 1
1801 151 1
1802 177 1
1803 166 1
1804 353 1
1805 65 0
1806 405 1
1807 97 1
1808 237 0
1809 22 1
1810 246 0
1811 10 0
1812 401 1
1813 260 1
1814 274 0
1815 379 1
1816 250 1
1817 308 0
1818 270 0
1819 334 0
1820 138 1
1821 305 1
1822 413 1
1823 282 1
1824 376 1
1825 226 0
1826 21 1
1827 170 1
1828 307 1
1829 141 0
1830 41 1
1831 203 0
1832 328 1
1833 421 1
1834 263 1
1835 202 1
1836 7 0
1837 51 0
1838 186 1
1839 220 1
1840 42 0
1841 37 1
1842 213 0
1843 188 1
1844 340 1
1845 82 0
1846 128 0
1847 77 1
1848 200 1
1849 34 0
1850 403 1
1851 396 1
1852 20 1
1853 107 0
1854 57 1
1855 46 0
1856 178 0
1857 164 0
1858 418 0
1859 317 0
1860 86 0
1861 245 0
1862 88 1
1863 75 1
1864 395 1
1865 156 1
1866 48 0
1867 188 0
1868 149 1
1869 104 1
1870 28 1
1871 306 1
1872 360 1
1873 129 1
1874 227 0
1875 90 0
1876 122 0
1877 357 0
1878 360 1
1879 201 0
1880 243 0
1881 236 1
1882 59 1
1883 189 0
1884 124 1
1885 116 1
1886 145 1
1887 188 1
1888 297 0
1889 263 1
1890 41 0
1891 115 0
1892 93 1
1893 203 1
1894 181 0
1895 189 0
1896 165 0
1897 247 0
1898 126 1
1899 261 0
1900 133 1
1901 105 1
1902 77 1
1903 60 1
1904 186 1
1905 176 1
1906 81 1
1907 92 1
1908 167 1
1909 203 1
1910 103 1
1911 177 1
1912 94 1
1913 194 0
1914 264 1
1915 174 0
1916 110 1
1917 377 1
1918 275 1
1919 264 0
1920 165 0
1921 390 0
1922 9 1
1923 420 1
1924 182 1
1925 227 1
1926 420 1
1927 256 0
1928 232 0
1929 13 0
1930 183 0
1931 170 1
1932 41 1
1933 182 1
1934 91 1
1935 54 0
1936 38 1
1937 204 1
1938 331 1
1939 351 1
1940 227 1
1941 202 1
1942 387 1
1943 15 0
1944 186 1
1945 393 1
1946 342 0
1947 364 1
1948 217 0
1949 104 1
1950 270 1
1951 266 1
1952 7 0
1953 312 1
1954 74 0
1955 255 1
1956 221 0
1957 353 1
1958 320 1
1959 81 0
1960 225 1
1961 279 1
1962 17 1
1963 355 1
1964 168 1
1965 372 0
1966 319 1
1967 278 1
1968 88 0
1969 68 1
1970 106 1
1971 166 0
1972 312 1
1973 213 1
1974 292 1
1975 415 1
1976 46 1
1977 64 1
1978 189 1
1979 127 0
1980 155 0
1981 200 0
1982 416 1
1983 205 1
1984 346 0
1985 242 1
1986 128 1
1987 57 0
1988 331 0
1989 222 1
1990 267 1
1991 120 1
1992 183 1
1993 78 1
1994 7 0
1995 133 1
1996 408 1
1997 167 0
1998 217 1
1999 53 0
2000 50 1
2001 122 1
2002 107 1
2003 320 1
2004 278 1
2005 41 0
2006 158 0
2007 135 1
2008 174 1
2009 117 1
2010 122 1
2011 172 1
2012 413 1
2013 206 0
2014 116 1
2015 300 1
2016 384 1
2017 173 1
2018 5 1
2019 334 1
2020 14 1
2021 404 0
2022 366 1
2023 215 0
2024 30 1
2025 126 1
2026 285 1
2027 86 0
2028 170 1
2029 10 1
2030 381 1
2031 282 0
2032 136 0
2033 235 1
2034 353 1
2035 424 1
2036 350 1
2037 115 0
2038 347 1
2039 236 1
2040 365 0
2041 359 0
2042 193 1
2043 327 1
2044 142 1
2045 224 1
2046 51 0
2047 140 1
2048 366 1
2049 328 0
2050 51 1
2051 363 0
2052 135 0
2053 97 1
2054 86 1
2055 264 0
2056 227 1
2057 80 1
2058 47 1
2059 358 1
2060 22 1
2061 287 1
2062 68 0
2063 261 0
2064 334 0
2065 132 1
2066 194 1
2067 191 0
2068 378 0
2069 216 1
2070 25 1
2071 319 1
2072 82 1
2073 375 1
2074 382 0
2075 319 1
2076 169 0
2077 179 1
2078 140 1
2079 76 0
2080 307 1
2081 137 1
2082 406 1
2083 235 1
2084 318 1
2085 101 1
2086 336 0
2087 0 1
2088 395 1
2089 251 1
2090 387 0
2091 160 1
2092 156 0
2093 70 1
2094 57 1
2095 175 1
2096 57 0
2097 270 0
2098 342 1
2099 100 1
2100 63 1
2101 110 1
2102 325 0
2103 96 0
2104 188 1
2105 179 0
2106 321 1
2107 281 1
2108 381 0
2109 179 0
2110 327 1
2111 207 1
2112 369 0
2113 252 1
2114 89 1
2115 53 0
2116 383 1
2117 381 1
2118 400 1
2119 110 1
2120 228 1
2121 314 1
2122 203 0
2123 305 1
2124 54 1
2125 3 0
2126 413 0
2127 170 1
2128 219 0
2129 48 0
2130 178 1
2131 162 1
2132 391 1
2133 249 1
2134 0 0
2135 232 1
2136 223 1
2137 354 1
2138 122 0
2139 416 1
2140 420 1
2141 386 0
2142 33 1
2143 170 1
2144 382 1
2145 262 1
2146 148 1
2147 102 0
2148 373 1
2149 309 0
2150 413 0
2151 304 0
2152 68 1
2153 169 1
2154 296 1
2155 195 1
2156 408 1
2157 402 1
2158 415 1
2159 98 1
2160 67 0
2161 337 0
2162 190 1
2163 31 0
2164 195 1
2165 340 0
2166 286 1
2167 223 1
2168 282 1
2169 246 0
2170 382 1
2171 147 1
2172 2 0
2173 339 0
2174 271 0
2175 193 0
2176 202 0
2177 255 1
2178 374 0
2179 359 1
2180 158 1
2181 29 1
2182 324 0
2183 374 1
2184 348 1
2185 164 1
2186 168 0
2187 75 1
2188 138 1
2189 289 0
2190 256 0
2191 152 1
2192 417 0
2193 255 0
2194 225 1
2195 86 1
2196 293 1
2197 403 0
2198 71 1
2199 203 0
2200 78 0
2201 255 1
2202 254 1
2203 118 0
2204 149 1
2205 207 0
2206 294 1
2207 141 1
2208 44 1
2209 57 1
2210 414 1
2211 355 1
2212 387 1
2213 304 0
2214 89 1
2215 408 0
2216 25 1
2217 116 1
2218 271 1
2219 76 1
2220 46 1
2221 103 1
2222 345 0
2223 31 1
2224 342 0
2225 63 0
2226 359 0
2227 19 1
2228 156 0
2229 183 1
2230 406 1
2231 243 1
2232 107 0
2233 241 0
2234 423 1
2235 76 1
2236 303 0
2237 87 1
2238 126 1
2239 315 1
2240 334 1
2241 205 1
2242 74 1
2243 419 1
2244 122 1
2245 306 1
2246 46 1
2247 363 0
2248 185 1
2249 233 1
2250 200 1
2251 58 1
2252 65 0
2253 4 1
2254 93 1
2255 362 1
2256 399 0
2257 99 1
2258 68 1
2259 109 1
2260 100 1
2261 123 0
2262 241 1
2263 1 1
2264 71 0
2265 141 1
2266 119 1
2267 178 1
2268 47 1
2269 78 1
2270 203 0
2271 396 1
2272 114 1
2273 183 1
2274 418 1
2275 202 1
2276 111 0
2277 366 0
2278 217 0
2279 182 1
2280 303 1
2281 90 1
2282 225 1
2283 309 1
2284 280 1
2285 114 0
2286 359 1
2287 65 0
2288 410 0
2289 357 1
2290 369 1
2291 71 0
2292 163 1
2293 236 0
2294 81 0
2295 199 1
2296 20 1
2297 84 1
2298 386 1
2299 220 0
2300 312 1
2301 2 0
2302 249 1
2303 421 1
2304 145 1
2305 212 0
2306 191 1
2307 399 1
2308 124 0
2309 265 1
2310 331 1
2311 291 1
2312 157 0
2313 1 1
2314 47 0
2315 62 1
2316 384 0
2317 10 0
2318 385 1
2319 144 0
2320 62 1
2321 24 0
2322 43 1
2323 138 0
2324 37 1
2325 74 1
2326 144 0
2327 251 1
2328 19 0
2329 122 1
2330 302 1
2331 254 1
2332 375 1
2333 299 1
2334 398 1
2335 143 0
2336 77 1
2337 245 1
2338 121 0
2339 415 1
2340 64 1
2341 356 1
2342 133 1
2343 339 1
2344 264 1
2345 47 1
2346 49 1
2347 106 0
2348 268 1
2349 36 1
2350 126 1
2351 105 1
2352 302 1
2353 27 0
2354 11 0
2355 411 1
2356 336 1
2357 112 0
2358 354 0
2359 323 0
2360 316 1
2361 38 0
2362 76 1
2363 66 1
2364 378 0
2365 414 1
2366 111 0
2367 411 1
2368 274 0
2369 241 0
2370 157 1
2371 189 1
2372 399 1
2373 240 1
2374 30 0
2375 351 1
2376 40 1
2377 287 1
2378 362 0
2379 289 1
2380 158 1
2381 98 1
2382 202 1
2383 215 1
2384 351 1
2385 165 1
2386 88 0
2387 406 1
2388 357 1
2389 219 1
2390 190 1
2391 309 1
2392 237 1
2393 176 1
2394 226 1
2395 193 0
2396 21 0
2397 186 1
2398 204 1
2399 103 0
2400 261 0
2401 340 1
2402 324 0
2403 240 1
2404 246 1
2405 219 0
2406 181 0
2407 70 1
2408 103 1
2409 295 1
2410 414 1
2411 118 0
2412 183 0
2413 360 0
2414 109 1
2415 92 1
2416 8 1
2417 422 0
2418 32 0
2419 290 1
2420 400 1
2421 416 0
2422 314 1
2423 403 0
2424 10 0
2425 24 1
2426 39 1
2427 9 1
2428 276 1
2429 185 0
2430 236 1
2431 33 1
2432 115 1
2433 405 0
2434 396 1
2435 0 1
2436 184 0
2437 356 0
2438 306 1
2439 320 1
2440 310 1
2441 315 1
2442 315 1
2443 275 0
2444 224 1
2445 127 0
2446 142 1
2447 108 1
2448 318 1
2449 404 1
2450 188 1
2451 64 0
2452 224 1
2453 274 1
2454 32 0
2455 422 1
2456 215 1
2457 267 0
2458 168 0
2459 272 0
2460 280 1
2461 130 0
2462 389 1
2463 382 1
2464 156 1
2465 103 1
2466 170 0
2467 120 1
2468 290 1
2469 202 1
2470 139 1
2471 239 1
2472 342 1
2473 36 1
2474 28 0
2475 180 0
2476 239 0
2477 135 1
2478 252 1
2479 314 0
2480 155 0
2481 284 1
2482 287 1
2483 422 1
2484 76 1
2485 176 1
2486 101 1
2487 273 0
2488 326 1
2489 358 0
2490 21 0
2491 67 0
2492 126 1
2493 292 1
2494 421 0
2495 191 1
2496 301 1
2497 179 1
2498 156 1
2499 17 1
2500 78 1
2501 278 1
2502 311 1
2503 154 0
2504 137 1
2505 396 0
2506 327 1
2507 375 1
2508 70 0
2509 109 1
2510 424 0
2511 346 0
2512 179 0
2513 166 0
2514 404 0
2515 398 1
2516 79 0
2517 363 1
2518 79 1
2519 305 0
2520 306 1
2521 330 1
2522 144 1
2523 365 1
2524 98 1
2525 409 1
2526 306 1
2527 227 0
2528 259 0
2529 225 0
2530 407 1
2531 295 1
2532 151 1
2533 281 1
2534 155 1
2535 148 1
2536 266 0
2537 373 0
2538 334 0
2539 30 0
2540 191 0
2541 359 1
2542 173 0
2543 260 1
2544 384 0
2545 373 0
2546 386 0
2547 257 1
2548 8 0
2549 343 0
2550 401 1
2551 328 1
2552 374 1
2553 184 1
2554 418 1
2555 418 1
2556 57 1
2557 384 1
2558 216 1
2559 67 1
2560 406 1
2561 371 0
2562 87 1
2563 182 1
2564 18 0
2565 260 1
2566 420 0
2567 192 1
2568 141 1
2569 356 1
2570 293 1
2571 20 0
2572 404 1
2573 410 0
2574 27 1
2575 199 0
2576 194 0
2577 78 1
2578 177 1
2579 80 1
2580 189 1
2581 145 1
2582 205 1
2583 384 1
2584 417 0
2585 309 1
2586 366 1
2587 40 0
2588 265 0
2589 71 0
2590 205 1
2591 130 1
2592 118 1
2593 384 1
2594 298 1
2595 320 0
2596 81 0
2597 77 0
2598 81 1
2599 163 0
2600 53 1
2601 187 1
2602 332 0
2603 169 1
2604 254 1
2605 167 1
2606 213 1
2607 136 1
2608 208 0
2609 32 1
2610 388 0
2611 272 0
2612 95 0
2613 159 0
2614 87 1
2615 78 1
2616 71 1
2617 388 1
2618 196 1
2619 151 1
2620 202 1
2621 313 0
2622 318 0
2623 278 1
2624 374 1
2625 310 1
2626 67 0
2627 84 1
2628 335 1
2629 168 1
2630 268 0
2631 391 1
2632 341 1
2633 21 0
2634 18 0
2635 391 1
2636 320 1
2637 40 1
2638 7 1
2639 143 1
2640 331 0
2641 123 1
2642 142 1
2643 389 1
2644 281 0
2645 177 0
2646 81 0
2647 166 1
2648 328 0
2649 237 1
2650 189 0
2651 396 1
2652 185 1
2653 126 0
2654 31 1
2655 403 1
2656 254 0
2657 164 0
2658 11 1
2659 152 0
2660 261 1
2661 119 0
2662 302 0
2663 169 1
2664 302 1
2665 381 0
2666 13 1
2667 404 1
2668 65 1
2669 93 1
2670 330 0
2671 161 1
2672 300 1
2673 259 1
2674 29 0
2675 8 1
2676 144 1
2677 164 1
2678 368 1
2679 56 0
2680 143 1
2681 140 0
2682 193 1
2683 58 0
2684 351 1
2685 184 1
2686 52 1
2687 246 0
2688 74 0
2689 194 0
2690 193 0
2691 224 1
2692 285 1
2693 61 0
2694 126 1
2695 176 1
2696 86 1
2697 255 1
2698 138 1
2699 367 0
2700 294 1
2701 151 1
2702 300 0
2703 102 1
2704 52 1
2705 181 1
2706 328 1
2707 411 1
2708 70 1
2709 417 0
2710 420 1
2711 168 1
2712 315 1
2713 190 0
2714 141 0
2715 220 1
2716 88 0
2717 185 0
2718 45 1
2719 41 1
2720 412 1
2721 171 1
2722 202 1
2723 206 1
2724 35 1
2725 298 1
2726 196 0
2727 365 1
2728 293 0
2729 242 0
2730 93 0
2731 273 1
2732 238 1
2733 399 0
2734 149 1
2735 210 0
2736 237 1
2737 154 0
2738 368 1
2739 243 0
2740 388 1
2741 135 0
2742 411 1
2743 373 0
2744 334 1
2745 118 1
2746 354 0
2747 310 1
2748 127 1
2749 153 1
2750 2 1
2751 115 1
2752 148 1
2753 381 1
2754 34 0
2755 70 1
2756 17 0
2757 284 1
2758 409 0
2759 112 1
2760 124 1
2761 22 1
2762 323 1
2763 50 0
2764 21 1
2765 131 1
2766 395 0
2767 391 1
2768 47 0
2769 210 1
2770 249 0
2771 206 1
2772 316 1
2773 99 1
2774 126 0
2775 22 1
2776 270 1
2777 260 0
2778 78 1
2779 150 1
2780 215 1
2781 378 1
2782 229 1
2783 5 1
2784 393 1
2785 61 1
2786 28 1
2787 313 1
2788 289 0
2789 48 0
2790 154 0
2791 70 0
2792 241 0
2793 123 1
2794 342 0
2795 248 1
2796 129 1
2797 146 1
2798 247 0
2799 40 1
2800 196 1
2801 135 1
2802 324 1
2803 397 1
2804 264 1
2805 306 0
2806 217 1
2807 246 0
2808 110 0
2809 182 1
2810 218 0
2811 286 0
2812 334 0
2813 238 0
2814 412 1
2815 74 1
2816 208 1
2817 237 1
2818 360 0
2819 296 1
2820 357 1
2821 22 1
2822 84 1
2823 12 1
2824 214 1
2825 348 1
2826 327 0
2827 57 1
2828 45 1
2829 94 1
2830 275 1
2831 45 1
2832 379 0
2833 293 1
2834 195 0
2835 343 1
2836 170 0
2837 404 1
2838 337 1
2839 150 1
2840 186 0
2841 133 0
2842 409 1
2843 26 1
2844 315 0
2845 315 1
2846 417 1
2847 53 1
2848 219 0
2849 216 1
2850 212 1
2851 243 0
2852 203 1
2853 338 1
2854 342 0
2855 368 0
2856 263 1
2857 21 1
2858 96 1
2859 403 1
2860 422 0
2861 407 1
2862 357 1
2863 189 1
2864 84 1
2865 267 1
2866 243 1
2867 381 1
2868 137 1
2869 390 1
2870 60 0
2871 412 1
2872 238 0
2873 273 0
2874 309 1
2875 151 1
2876 374 1
2877 423 1
2878 422 1
2879 159 1
2880 423 0
2881 378 0
2882 341 1
2883 91 0
2884 32 0
2885 235 0
2886 91 1
2887 245 1
2888 357 1
2889 366 1
2890 173 1
2891 250 1
2892 54 0
2893 4 1
2894 393 0
2895 260 1
2896 419 1
2897 207 1
2898 376 1
2899 389 0
2900 183 1
2901 203 1
2902 123 1
2903 7 0
2904 243 1
2905 125 1
2906 168 0
2907 369 0
2908 156 1
2909 104 0
2910 366 0
2911 90 1
2912 280 1
2913 271 1
2914 424 1
2915 44 1
2916 263 1
2917 285 1
2918 398 0
2919 270 1
2920 368 1
2921 165 0
2922 303 0
2923 164 0
2924 184 0
2925 285 1
2926 207 0
2927 62 0
2928 76 1
2929 123 0
2930 398 1
2931 86 1
2932 117 1
2933 325 0
2934 365 1
2935 264 1
2936 97 1
2937 123 0
2938 240 1
2939 136 1
2940 257 1
2941 252 1
2942 73 0
2943 356 0
2944 52 1
2945 180 1
2946 50 0
2947 388 1
2948 41 1
2949 215 1
2950 415 0
2951 418 0
2952 185 0
2953 190 1
2954 105 0
2955 126 1
2956 323 1
2957 103 0
2958 97 0
2959 77 1
2960 342 1
2961 301 1
2962 226 0
2963 390 1
2964 382 1
2965 78 1
2966 361 0
2967 162 1
2968 16 1
2969 375 1
2970 380 1
2971 312 1
2972 284 1
2973 79 1
2974 152 1
2975 233 1
2976 115 1
2977 292 0
2978 77 0
2979 140 1
2980 266 1
2981 236 1
2982 417 1
2983 25 0
2984 154 0
2985 384 0
2986 305 0
2987 90 1
2988 389 1
2989 249 1
2990 154 1
2991 16 0
2992 167 1
2993 15 0
2994 394 1
2995 235 1
2996 75 1
2997 139 1
2998 273 0
2999 330 1
3000 393 0
3001 238 1
3002 135 1
3003 140 1
3004 326 1
3005 46 1
3006 22 0
3007 325 0
3008 72 1
3009 390 0
3010 197 1
3011 403 1
3012 373 1
3013 42 1
3014 110 1
3015 52 1
3016 363 1
3017 53 1
3018 321 1
3019 2 1
3020 285 1
3021 278 0
3022 237 1
3023 326 1
3024 347 0
3025 179 1
3026 66 1
3027 220 1
3028 103 1
3029 64 1
3030 38 1
3031 120 0
3032 406 1
3033 304 1
3034 197 0
3035 227 1
3036 57 0
3037 67 1
3038 214 1
3039 306 1
3040 259 0
3041 84 0
3042 47 0
3043 168 1
3044 269 1
3045 193 1
3046 348 1
3047 411 1
3048 316 0
3049 36 1
3050 171 0
3051 273 1
3052 172 1
3053 225 1
3054 308 0
3055 351 0
3056 293 1
3057 296 0
3058 16 1
3059 193 0
3060 398 1
3061 295 1
3062 401 1
3063 54 1
3064 273 1
3065 381 0
3066 182 1
3067 77 1
3068 271 0
3069 144 1
3070 110 1
3071 125 0
3072 80 1
3073 319 0
3074 289 1
3075 211 1
3076 175 1
3077 285 0
3078 64 1
3079 146 1
3080 132 0
3081 186 1
3082 161 0
3083 73 1
3084 267 0
3085 416 1
3086 415 1
3087 355 0
3088 367 1
3089 422 1
3090 165 1
3091 196 1
3092 417 0
3093 321 1
3094 226 1
3095 223 1
3096 399 0
3097 77 1
3098 374 0
3099 271 1
3100 71 1
3101 168 1
3102 208 0
3103 386 0
3104 177 1
3105 85 1
3106 294 1
3107 87 1
3108 167 1
3109 44 1
3110 152 0
3111 156 1
3112 378 1
3113 92 1
3114 86 1
3115 245 0
3116 29 1
3117 346 1
3118 214 1
3119 389 1
3120 393 1
3121 10 1
3122 159 1
3123 250 1
3124 207 0
3125 124 1
3126 264 0
3127 316 1
3128 216 1
3129 374 0
3130 175 1
3131 162 1
3132 310 1
3133 17 1
3134 219 0
3135 192 0
3136 284 1
3137 151 1
3138 129 1
3139 175 1
3140 398 0
3141 100 0
3142 409 1
3143 156 0
3144 228 1
3145 204 0
3146 2 1
3147 310 1
3148 151 1
3149 411 1
3150 138 0
3151 260 1
3152 336 1
3153 270 0
3154 90 0
3155 206 0
3156 22 0
3157 2 0
3158 127 0
3159 333 1
3160 391 0
3161 163 0
3162 54 1
3163 280 0
3164 77 1
3165 107 1
3166 400 1
3167 340 1
3168 57 0
3169 181 1
3170 206 1
3171 40 1
3172 396 1
3173 63 0
3174 201 1
3175 282 1
3176 210 1
3177 390 0
3178 68 1
3179 1 1
3180 43 1
3181 361 0
3182 51 1
3183 160 1
3184 164 1
3185 212 1
3186 304 0
3187 2 1
3188 294 1
3189 75 1
3190 290 1
3191 195 0
3192 80 0
3193 42 1
3194 108 1
3195 421 0
3196 151 1
3197 0 0
3198 38 1
3199 267 1
3200 76 1
3201 401 0
3202 8 0
3203 59 1
3204 297 1
3205 203 1
3206 321 1
3207 238 1
3208 260 1
3209 378 1
3210 323 0
3211 350 1
3212 137 1
3213 81 1
3214 212 1
3215 207 0
3216 105 1
3217 73 1
3218 289 1
3219 119 0
3220 394 1
3221 324 0
3222 124 1
3223 95 0
3224 119 1
3225 30 0
3226 125 1
3227 320 0
3228 7 1
3229 267 0
3230 155 1
3231 337 0
3232 359 1
3233 203 1
3234 244 1
3235 87 0
3236 48 1
3237 332 0
3238 377 1
3239 259 0
3240 51 0
3241 342 1
3242 74 1
3243 141 1
3244 43 1
3245 130 1
3246 159 1
3247 288 0
3248 154 0
3249 19 0
3250 91 1
3251 16 0
3252 219 1
3253 141 1
3254 53 1
3255 369 1
3256 391 1
3257 109 1
3258 225 0
3259 249 1
3260 360 1
3261 296 1
3262 123 0
3263 315 1
3264 226 1
3265 377 1
3266 142 0
3267 285 1
3268 19 0
3269 361 0
3270 103 0
3271 303 0
3272 420 0
3273 237 1
3274 365 1
3275 318 0
3276 142 1
3277 97 1
3278 51 1
3279 244 1
3280 23 1
3281 125 1
3282 292 1
3283 355 0
3284 241 1
3285 85 1
3286 0 1
3287 117 0
3288 78 0
3289 44 1
3290 416 1
3291 147 0
3292 382 0
3293 101 1
3294 60 0
3295 115 1
3296 244 0
3297 375 1
3298 55 0
3299 125 0
3300 0 1
3301 344 1
3302 301 0
3303 249 0
3304 390 0
3305 353 1
3306 61 0
3307 344 0
3308 149 0
3309 153 0
3310 365 1
3311 420 1
3312 338 1
3313 297 1
3314 80 0
3315 392 0
3316 37 0
3317 335 0
3318 49 0
3319 122 1
3320 156 1
3321 352 1
3322 381 1
3323 362 1
3324 291 0
3325 315 0
3326 188 1
3327 417 1
3328 384 1
3329 323 1
3330 242 0
3331 247 1
3332 6 1
3333 321 1
3334 20 1
3335 27 1
3336 323 1
3337 95 1
3338 226 1
3339 87 0
3340 122 0
3341 26 1
3342 415 0
3343 240 1
3344 263 0
3345 243 1
3346 259 0
3347 361 0
3348 350 1
3349 277 1
3350 104 0
3351 375 1
3352 259 0
3353 409 0
3354 77 1
3355 279 0
3356 176 1
3357 41 0
3358 153 1
3359 370 1
3360 250 1
3361 73 1
3362 380 0
3363 178 0
3364 95 0
3365 80 0
3366 37 1
3367 329 0
3368 203 1
3369 185 1
3370 87 1
3371 310 0
3372 175 1
3373 259 1
3374 335 1
3375 22 1
3376 392 1
3377 371 0
3378 358 1
3379 355 1
3380 283 0
3381 228 0
3382 296 1
3383 319 1
3384 148 0
3385 57 0
3386 246 1
3387 328 0
3388 123 1
3389 27 1
3390 68 0
3391 321 0
3392 272 1
3393 212 1
3394 221 1
3395 234 1
3396 407 0
3397 102 1
3398 423 1
3399 55 0
3400 329 1
3401 212 1
3402 309 1
3403 274 1
3404 107 0
3405 167 1
3406 53 1
3407 40 1
3408 160 1
3409 105 1
3410 96 1
3411 163 0
3412 205 1
3413 186 1
3414 90 1
3415 180 1
3416 183 1
3417 272 0
3418 38 1
3419 328 0
3420 125 1
3421 150 1
3422 388 1
3423 205 1
3424 144 0
3425 206 0
3426 54 1
3427 275 1
3428 336 1
3429 166 1
3430 107 0
3431 123 0
3432 142 1
3433 186 0
3434 346 1
3435 28 0
3436 287 0
3437 352 1
3438 197 1
3439 75 1
3440 273 0
3441 112 1
3442 353 1
3443 289 1
3444 127 1
3445 95 1
3446 205 1
3447 227 1
3448 17 0
3449 357 0
3450 205 1
3451 113 0
3452 392 0
3453 19 1
3454 2 1
3455 334 1
3456 77 1
3457 305 1
3458 111 0
3459 99 1
3460 29 1
3461 302 1
3462 114 1
3463 411 1
3464 346 1
3465 197 0
3466 132 1
3467 22 0
3468 180 1
3469 219 1
3470 389 1
3471 160 0
3472 276 1
3473 301 0
3474 336 0
3475 157 0
3476 296 1
3477 302 1
3478 94 0
3479 371 1
3480 35 1
3481 396 1
3482 283 1
3483 95 0
3484 289 1
3485 347 0
3486 144 1
3487 423 1
3488 376 0
3489 339 0
3490 104 1
3491 228 0
3492 360 0
3493 215 1
3494 222 0
3495 173 1
3496 260 1
3497 126 1
3498 392 1
3499 410 1
3500 364 1
3501 86 0
3502 244 1
3503 35 1
3504 339 1
3505 186 1
3506 148 0
3507 248 0
3508 349 0
3509 241 0
3510 28 1
3511 106 1
3512 260 1
3513 109 1
3514 283 1
3515 187 0
3516 256 1
3517 135 1
3518 313 0
3519 399 1
3520 246 1
3521 373 1
3522 276 1
3523 181 1
3524 361 1
3525 49 1
3526 113 0
3527 81 1
3528 89 0
3529 5 1
3530 114 1
3531 297 1
3532 421 1
3533 21 0
3534 304 1
3535 239 1
3536 282 0
3537 222 1
3538 212 0
3539 334 0
3540 229 1
3541 68 1
3542 240 1
3543 120 1
3544 42 1
3545 277 0
3546 147 1
3547 228 1
3548 283 1
3549 155 1
3550 74 1
3551 117 1
3552 410 1
3553 66 1
3554 147 1
3555 174 0
3556 188 1
3557 421 1
3558 391 0
3559 35 0
3560 368 0
3561 418 1
3562 164 0
3563 361 1
3564 301 1
3565 141 0
3566 187 1
3567 307 1
3568 300 1
3569 369 0
3570 178 0
3571 100 0
3572 360 1
3573 71 0
3574 212 0
3575 164 0
3576 122 1
3577 373 1
3578 208 1
3579 265 1
3580 102 0
3581 35 1
3582 367 1
3583 36 0
3584 120 1
3585 391 0
3586 352 1
3587 366 0
3588 290 1
3589 18 0
3590 246 0
3591 361 1
3592 168 0
3593 59 0
3594 23 1
3595 163 0
3596 8 0
3597 415 1
3598 243 1
3599 320 0
3600 134 1
3601 363 1
3602 56 1
3603 178 1
3604 145 1
3605 126 1
3606 80 0
3607 164 1
3608 328 1
3609 29 1
3610 377 1
3611 178 1
3612 93 0
3613 165 1
3614 322 1
3615 401 0
3616 50 1
3617 346 1
3618 345 1
3619 281 0
3620 295 1
3621 287 0
3622 1 0
3623 155 0
3624 79 1
3625 382 1
3626 79 1
3627 245 0
3628 304 1
3629 211 1
3630 174 1
3631 61 1
3632 356 1
3633 286 1
3634 209 1
3635 172 1
3636 379 1
3637 411 0
3638 187 0
3639 114 1
3640 28 1
3641 126 0
3642 208 1
3643 109 1
3644 60 1
3645 245 0
3646 40 1
3647 414 1
3648 416 1
3649 77 1
3650 246 1
3651 110 1
3652 112 1
3653 411 0
3654 365 1
3655 395 1
3656 299 0
3657 329 0
3658 171 1
3659 126 1
3660 291 1
3661 294 1
3662 379 1
3663 4 1
3664 260 1
3665 274 0
3666 33 1
3667 111 1
3668 182 1
3669 148 1
3670 27 0
3671 217 0
3672 342 0
3673 238 0
3674 390 0
3675 319 0
3676 12 1
3677 289 1
3678 173 1
3679 39 1
3680 77 0
3681 344 0
3682 101 0
3683 384 1
3684 382 1
3685 406 1
3686 352 0
3687 139 1
3688 150 1
3689 60 1
3690 18 0
3691 73 0
3692 397 1
3693 251 1
3694 357 1
3695 408 1
3696 8 0
3697 248 0
3698 314 1
3699 95 1
3700 16 1
3701 84 1
3702 105 0
3703 42 1
3704 303 1
3705 72 0
3706 312 0
3707 181 1
3708 209 1
3709 259 0
3710 126 1
3711 151 1
3712 399 0
3713 371 1
3714 181 1
3715 261 1
3716 74 1
3717 97 1
3718 271 1
3719 136 1
3720 71 1
3721 172 1
3722 55 1
3723 243 0
3724 189 1
3725 406 0
3726 22 1
3727 152 0
3728 234 0
3729 114 1
3730 96 0
3731 17 0
3732 125 1
3733 350 1
3734 82 1
3735 247 1
3736 99 1
3737 112 1
3738 177 1
3739 121 0
3740 262 1
3741 258 0
3742 361 1
3743 110 0
3744 338 1
3745 415 1
3746 5 0
3747 179 0
3748 375 0
3749 229 1
3750 122 0
3751 186 0
3752 173 1
3753 77 1
3754 356 1
3755 420 1
3756 300 1
3757 180 1
3758 67 1
3759 236 1
3760 344 0
3761 243 1
3762 360 1
3763 182 0
3764 356 1
3765 343 1
3766 164 1
3767 401 1
3768 105 1
3769 391 0
3770 252 1
3771 59 0
3772 43 1
3773 321 1
3774 359 0
3775 345 0
3776 61 1
3777 330 1
3778 288 1
3779 9 1
3780 200 1
3781 102 0
3782 285 0
3783 106 0
3784 260 1
3785 257 1
3786 287 1
3787 44 1
3788 385 1
3789 143 1
3790 200 1
3791 299 0
3792 353 1
3793 257 1
3794 120 1
3795 266 1
3796 22 0
3797 216 1
3798 149 1
3799 401 1
3800 97 0
3801 326 1
3802 251 1
3803 417 1
3804 13 1
3805 232 1
3806 325 1
3807 49 1
3808 267 1
3809 299 0
3810 402 1
3811 112 0
3812 84 0
3813 9 1
3814 353 1
3815 47 1
3816 345 0
3817 111 1
3818 20 1
3819 85 1
3820 67 0
3821 373 0
3822 381 0
3823 50 1
3824 133 1
3825 313 1
3826 65 1
3827 363 0
3828 31 1
3829 338 1
3830 60 1
3831 111 1
3832 35 1
3833 280 1
3834 155 0
3835 216 0
3836 87 1
3837 19 1
3838 162 1
3839 394 0
3840 121 1
3841 234 1
3842 410 1
3843 164 1
3844 248 0
3845 103 0
3846 165 1
3847 289 1
3848 267 1
3849 256 1
3850 212 1
3851 347 0
3852 340 0
3853 172 0
3854 138 0
3855 202 1
3856 125 1
3857 274 0
3858 311 1
3859 382 0
3860 218 0
3861 18 1
3862 104 0
3863 285 0
3864 281 1
3865 71 1
3866 419 0
3867 196 1
3868 189 1
3869 113 0
3870 338 1
3871 289 1
3872 29 1
3873 404 1
3874 279 1
3875 50 0
3876 250 1
3877 284 1
3878 204 1
3879 301 1
3880 91 0
3881 255 1
3882 68 1
3883 121 1
3884 224 1
3885 287 1
3886 252 0
3887 6 1
3888 120 1
3889 323 0
3890 175 0
3891 3 0
3892 270 0
3893 57 1
3894 261 0
3895 237 0
3896 135 0
3897 266 0
3898 222 1
3899 290 0
3900 26 1
3901 413 1
3902 133 1
3903 388 1
3904 106 1
3905 184 1
3906 64 1
3907 238 1
3908 303 1
3909 86 1
3910 58 0
3911 321 1
3912 94 1
3913 226 1
3914 379 0
3915 293 1
3916 73 1
3917 87 1
3918 403 1
3919 416 1
3920 166 1
3921 195 1
3922 64 1
3923 266 0
3924 6 0
3925 209 0
3926 379 1
3927 87 0
3928 396 1
3929 320 0
3930 234 1
3931 33 1
3932 45 1
3933 216 1
3934 0 0
3935 236 1
3936 84 1
3937 225 0
3938 269 1
3939 344 0
3940 248 1
3941 168 1
3942 64 1
3943 79 1
3944 272 1
3945 87 1
3946 163 0
3947 91 1
3948 70 1
3949 359 0
3950 343 1
3951 65 1
3952 6 0
3953 404 1
3954 58 1
3955 379 1
3956 281 1
3957 211 0
3958 80 1
3959 209 1
3960 392 0
3961 263 1
3962 246 0
3963 41 1
3964 65 0
3965 215 0
3966 400 1
3967 112 1
3968 272 0
3969 85 0
3970 116 0
3971 42 1
3972 415 0
3973 147 1
3974 373 0
3975 125 1
3976 356 1
3977 173 0
3978 146 1
3979 196 1
3980 19 1
3981 194 1
3982 394 1
3983 229 1
3984 99 1
3985 103 1
3986 55 1
3987 18 1
3988 228 0
3989 243 1
3990 224 1
3991 92 0
3992 161 1
3993 333 1
3994 309 1
3995 94 1
3996 217 1
3997 322 1
3998 424 1
3999 384 1
4000 142 1
4001 271 0
4002 335 1
4003 72 1
4004 283 0
4005 314 0
4006 88 0
4007 238 0
4008 204 1
4009 387 1
4010 79 0
4011 417 1
4012 301 1
4013 14 0
4014 270 1
4015 229 1
4016 36 0
4017 141 0
4018 66 1
4019 211 1
4020 357 1
4021 7 1
4022 336 1
4023 100 1
4024 221 0
4025 331 1
4026 372 0
4027 129 1
4028 41 1
4029 252 1
4030 117 1
4031 128 0
4032 131 1
4033 226 1
4034 184 1
4035 248 0
4036 366 0
4037 264 1
4038 331 1
4039 222 0
4040 382 1
4041 257 0
4042 153 0
4043 408 1
4044 105 1
4045 208 1
4046 418 1
4047 204 1
4048 180 1
4049 150 0
4050 271 0
4051 183 1
4052 356 1
4053 319 1
4054 343 1
4055 92 0
4056 372 0
4057 34 1
4058 13 0
4059 423 0
4060 379 1
4061 169 1
4062 118 0
4063 27 1
4064 80 0
4065 67 1
4066 151 1
4067 265 1
4068 228 1
4069 47 1
4070 404 1
4071 276 0
4072 190 1
4073 154 1
4074 30 1
4075 150 1
4076 359 0
4077 313 1
4078 267 1
4079 306 1
4080 93 0
4081 400 0
4082 27 1
4083 155 1
4084 103 1
4085 231 1
4086 170 0
4087 8 0
4088 95 0
4089 393 1
4090 17 1
4091 363 1
4092 267 1
4093 257 1
4094 294 0
4095 286 0
4096 214 1
4097 35 1
4098 205 1
4099 327 1
4100 222 1
4101 390 1
4102 45 0
4103 157 0
4104 390 1
4105 94 1
4106 74 1
4107 61 1
4108 113 1
4109 153 1
4110 160 1
4111 71 0
4112 404 0
4113 20 0
4114 125 1
4115 194 0
4116 310 1
4117 144 1
4118 386 0
4119 324 1
4120 129 1
4121 37 1
4122 279 1
4123 247 1
4124 119 1
4125 76 0
4126 117 1
4127 58 1
4128 380 0
4129 407 1
4130 255 0
4131 130 1
4132 37 1
4133 324 1
4134 151 1
4135 53 1
4136 343 1
4137 313 1
4138 17 1
4139 292 1
4140 364 1
4141 245 1
4142 91 1
4143 407 0
4144 211 1
4145 254 1
4146 268 1
4147 10 1
4148 361 1
4149 7 0
4150 386 1
4151 197 1
4152 404 0
4153 330 1
4154 49 1
4155 387 1
4156 268 0
4157 299 1
4158 340 0
4159 361 1
4160 374 1
4161 421 1
4162 278 1
4163 98 0
4164 296 1
4165 4 1
4166 419 1
4167 92 1
4168 115 1
4169 97 1
4170 24 1
4171 406 1
4172 96 1
4173 55 1
4174 265 0
4175 392 1
4176 310 1
4177 6 0
4178 351 1
4179 79 1
4180 166 1
4181 309 1
4182 240 1
4183 261 1
4184 102 1
4185 348 0
4186 247 0
4187 121 1
4188 313 1
4189 184 1
4190 422 1
4191 367 1
4192 370 0
4193 299 0
4194 9 1
4195 348 0
4196 291 1
4197 337 1
4198 39 0
4199 164 1
4200 361 1
4201 394 0
4202 418 1
4203 228 0
4204 96 0
4205 161 1
4206 394 0
4207 103 1
4208 7 1
4209 39 1
4210 185 0
4211 320 0
4212 152 0
4213 286 1
4214 234 1
4215 34 0
4216 240 1
4217 55 0
4218 221 1
4219 368 1
4220 101 1
4221 112 0
4222 36 0
4223 111 1
4224 22 0
4225 188 1
4226 367 1
4227 259 0
4228 17 0
4229 285 1
4230 273 1
4231 251 0
4232 25 1
4233 151 0
4234 419 1
4235 265 0
4236 326 1
4237 292 0
4238 422 1
4239 108 0
4240 383 0
4241 226 1
4242 379 1
4243 122 1
4244 10 0
4245 179 0
4246 131 1
4247 201 0
4248 13 1
4249 104 1
4250 148 0
4251 357 0
4252 150 0
4253 412 1
4254 32 1
4255 293 0
4256 392 1
4257 18 1
4258 410 0
4259 274 0
4260 249 0
4261 235 0
4262 160 0
4263 365 0
4264 65 1
4265 10 1
4266 242 1
4267 390 0
4268 422 0
4269 242 1
4270 174 1
4271 274 1
4272 35 1
4273 19 1
4274 134 0
4275 269 1
4276 23 0
4277 168 0
4278 217 1
4279 58 0
4280 280 1
4281 325 1
4282 266 0
4283 319 1
4284 369 1
4285 248 1
4286 77 0
4287 89 0
4288 91 0
4289 259 0
4290 401 1
4291 311 1
4292 310 0
4293 309 0
4294 289 1
4295 214 0
4296 265 1
4297 369 1
4298 233 1
4299 325 1
4300 102 1
4301 422 1
4302 373 1
4303 418 0
4304 194 0
4305 265 1
4306 185 1
4307 423 1
4308 332 0
4309 1 1
4310 79 1
4311 43 1
4312 158 1
4313 280 1
4314 378 1
4315 270 1
4316 31 1
4317 64 1
4318 56 1
4319 20 1
4320 139 1
4321 250 1
4322 266 1
4323 96 1
4324 258 1
4325 199 0
4326 15 1
4327 384 1
4328 357 1
4329 267 1
4330 248 0
4331 195 0
4332 82 1
4333 260 1
4334 18 0
4335 92 1
4336 394 1
4337 183 1
4338 293 1
4339 238 1
4340 206 0
4341 166 0
4342 255 1
4343 96 1
4344 320 1
4345 327 1
4346 178 1
4347 424 0
4348 58 1
4349 399 1
4350 368 0
4351 361 0
4352 111 0
4353 402 1
4354 228 1
4355 233 1
4356 227 0
4357 357 0
4358 56 1
4359 75 1
4360 221 1
4361 96 1
4362 75 1
4363 235 1
4364 183 1
4365 337 1
4366 105 0
4367 165 1
4368 350 1
4369 195 1
4370 59 1
4371 417 0
4372 233 1
4373 174 0
4374 207 1
4375 241 1
4376 353 0
4377 105 0
4378 261 0
4379 391 0
4380 81 0
4381 272 0
4382 406 1
4383 402 0
4384 409 0
4385 314 1
4386 132 1
4387 160 1
4388 357 1
4389 357 1
4390 285 1
4391 398 1
4392 340 1
4393 46 1
4394 375 1
4395 323 0
4396 144 0
4397 217 1
4398 12 1
4399 286 1
4400 322 0
4401 295 1
4402 183 0
4403 97 0
4404 66 1
4405 85 0
4406 330 0
4407 393 1
4408 390 1
4409 123 1
4410 407 0
4411 73 0
4412 319 1
4413 82 1
4414 15 1
4415 30 0
4416 373 1
4417 70 1
4418 57 0
4419 76 1
4420 324 0
4421 303 1
4422 48 1
4423 303 1
4424 242 1
4425 183 0
4426 23 1
4427 54 1
4428 376 1
4429 248 1
4430 333 1
4431 7 1
4432 306 1
4433 242 1
4434 73 0
4435 189 1
4436 182 0
4437 157 1
4438 169 1
4439 73 0
4440 37 0
4441 40 1
4442 216 0
4443 104 0
4444 59 1
4445 261 1
4446 35 1
4447 376 1
4448 174 1
4449 408 1
4450 214 1
4451 49 1
4452 196 1
4453 328 1
4454 369 0
4455 181 0
4456 361 1
4457 168 1
4458 18 1
4459 148 1
4460 327 0
4461 172 1
4462 380 1
4463 279 1
4464 146 1
4465 207 1
4466 391 1
4467 33 1
4468 292 1
4469 230 0
4470 168 1
4471 345 1
4472 334 1
4473 212 0
4474 361 1
4475 5 1
4476 47 1
4477 201 1
4478 130 0
4479 387 1
4480 274 1
4481 339 1
4482 254 1
4483 402 1
4484 139 1
4485 61 1
4486 320 0
4487 240 0
4488 197 1
4489 284 0
4490 89 1
4491 99 1
4492 296 0
4493 267 0
4494 185 0
4495 405 1
4496 100 1
4497 401 1
4498 395 0
4499 305 1
4500 288 0
4501 118 0
4502 177 1
4503 242 0
4504 214 1
4505 337 1
4506 220 1
4507 15 0
4508 141 0
4509 220 1
4510 213 0
4511 189 1
4512 222 0
4513 72 1
4514 246 1
4515 3 1
4516 21 1
4517 121 1
4518 10 1
4519 274 0
4520 295 1
4521 230 1
4522 326 0
4523 309 1
4524 230 0
4525 198 1
4526 133 1
4527 161 1
4528 128 1
4529 250 1
4530 185 0
4531 312 1
4532 331 1
4533 233 0
4534 201 0
4535 395 0
4536 397 1
4537 416 1
4538 148 1
4539 42 1
4540 106 0
4541 225 1
4542 330 1
4543 297 0
4544 23 1
4545 236 1
4546 333 1
4547 244 1
4548 385 1
4549 283 0
4550 263 1
4551 189 1
4552 156 1
4553 235 1
4554 55 1
4555 86 1
4556 220 1
4557 230 1
4558 102 1
4559 412 0
4560 352 0
4561 37 1
4562 48 1
4563 202 1
4564 36 0
4565 126 1
4566 143 1
4567 236 1
4568 71 0
4569 8 0
4570 26 1
4571 117 0
4572 109 1
4573 200 0
4574 152 1
4575 337 1
4576 112 1
4577 169 1
4578 358 1
4579 422 0
4580 387 1
4581 269 0
4582 142 1
4583 235 0
4584 254 1
4585 169 1
4586 338 1
4587 57 1
4588 38 0
4589 361 1
4590 273 1
4591 99 1
4592 350 1
4593 374 1
4594 170 1
4595 379 1
4596 197 0
4597 365 1
4598 6 1
4599 255 1
4600 121 1
4601 369 1
4602 413 1
4603 311 0
4604 87 1
4605 46 1
4606 222 1
4607 22 1
4608 242 1
4609 132 1
4610 44 0
4611 374 0
4612 139 1
4613 283 1
4614 192 1
4615 234 1
4616 367 0
4617 176 1
4618 8 0
4619 211 0
4620 11 0
4621 157 1
4622 105 1
4623 83 1
4624 277 0
4625 164 1
4626 5 1
4627 266 1
4628 130 1
4629 417 1
4630 194 0
4631 39 1
4632 234 0
4633 320 1
4634 405 1
4635 40 0
4636 365 0
4637 352 1
4638 79 1
4639 222 0
4640 354 0
4641 82 0
4642 329 0
4643 332 1
4644 302 1
4645 312 0
4646 380 1
4647 36 1
4648 396 1
4649 133 1
4650 38 0
4651 196 1
4652 371 0
4653 405 0
4654 262 1
4655 210 1
4656 418 1
4657 81 1
4658 343 0
4659 313 0
4660 142 1
4661 120 1
4662 254 1
4663 115 1
4664 215 1
4665 5 1
4666 124 1
4667 61 1
4668 326 1
4669 51 0
4670 370 1
4671 183 1
4672 256 0
4673 218 1
4674 81 1
4675 224 1
4676 136 1
4677 149 1
4678 203 0
4679 20 1
4680 44 0
4681 76 0
4682 228 1
4683 67 1
4684 7 1
4685 248 1
4686 81 0
4687 145 0
4688 99 0
4689 215 0
4690 1 1
4691 106 0
4692 61 0
4693 230 1
4694 51 1
4695 87 1
4696 404 0
4697 390 1
4698 129 1
4699 165 0
4700 277 0
4701 216 1
4702 248 0
4703 100 0
4704 256 1
4705 102 0
4706 159 1
4707 96 1
4708 420 1
4709 314 1
4710 280 0
4711 141 0
4712 394 1
4713 295 0
4714 265 0
4715 362 1
4716 277 1
4717 304 1
4718 344 0
4719 22 0
4720 124 1
4721 7 1
4722 162 1
4723 206 1
4724 259 1
4725 330 1
4726 326 1
4727 202 0
4728 279 1
4729 97 0
4730 234 0
4731 363 0
4732 188 0
4733 313 1
4734 51 1
4735 409 1
4736 162 1
4737 161 0
4738 348 0
4739 310 0
4740 292 1
4741 424 1
4742 261 1
4743 191 1
4744 103 0
4745 361 1
4746 323 1
4747 126 1
4748 243 1
4749 22 0
4750 52 1
4751 300 0
4752 251 1
4753 367 1
4754 233 1
4755 186 1
4756 42 1
4757 420 1
4758 217 0
4759 247 1
4760 177 1
4761 360 1
4762 184 1
4763 117 0
4764 204 0
4765 127 0
4766 399 1
4767 300 0
4768 292 1
4769 229 1
4770 197 1
4771 29 1
4772 303 1
4773 372 1
4774 41 0
4775 416 1
4776 207 1
4777 123 1
4778 115 0
4779 223 1
4780 82 0
4781 405 0
4782 181 0
4783 409 1
4784 97 1
4785 403 1
4786 203 1
4787 363 0
4788 287 0
4789 177 0
4790 35 1
4791 248 1
4792 222 1
4793 336 0
4794 314 1
4795 359 1
4796 314 0
4797 154 1
4798 321 1
4799 373 0
4800 351 0
4801 117 0
4802 189 1
4803 339 0
4804 67 0
4805 81 1
4806 89 0
4807 47 0
4808 105 1
4809 350 0
4810 346 0
4811 219 1
4812 325 1
4813 135 1
4814 214 1
4815 342 0
4816 137 1
4817 99 1
4818 216 0
4819 79 0
4820 61 1
4821 214 1
4822 319 1
4823 163 1
4824 48 1
4825 247 0
4826 75 1
4827 332 0
4828 116 0
4829 26 0
4830 126 0
4831 300 0
4832 231 1
4833 419 1
4834 242 0
4835 134 1
4836 63 1
4837 28 0
4838 14 1
4839 83 1
4840 108 0
4841 32 1
4842 73 1
4843 413 1
4844 407 1
4845 349 0
4846 211 1
4847 328 1
4848 325 0
4849 166 1
4850 224 1
4851 147 1
4852 350 1
4853 244 1
4854 195 1
4855 129 0
4856 61 0
4857 316 1
4858 228 0
4859 26 1
4860 20 1
4861 275 0
4862 301 1
4863 375 1
4864 202 1
4865 173 0
4866 118 0
4867 289 1
4868 198 0
4869 110 1
4870 265 0
4871 101 1
4872 230 1
4873 163 1
4874 424 0
4875 73 1
4876 393 1
4877 80 1
4878 102 1
4879 300 0
4880 274 1
4881 307 0
4882 70 1
4883 139 1
4884 109 1
4885 66 1
4886 318 0
4887 106 1
4888 414 0
4889 283 1
4890 161 1
4891 263 1
4892 408 1
4893 228 1
4894 76 1
4895 92 1
4896 405 1
4897 319 0
4898 102 0
4899 21 1
4900 111 1
4901 288 1
4902 210 0
4903 254 1
4904 366 1
4905 316 1
4906 172 1
4907 60 1
4908 199 1
4909 69 1
4910 220 1
4911 202 1
4912 92 1
4913 378 1
4914 383 1
4915 406 0
4916 17 1
4917 328 1
4918 68 1
4919 129 1
4920 397 0
4921 365 0
4922 301 1
4923 128 0
4924 416 1
4925 54 1
4926 189 1
4927 241 1
4928 308 1
4929 178 1
4930 295 1
4931 164 1
4932 257 0
4933 241 0
4934 225 0
4935 163 1
4936 93 1
4937 298 0
4938 104 0
4939 300 0
4940 28 1
4941 262 0
4942 14 1
4943 328 0
4944 399 0
4945 417 0
4946 367 1
4947 410 1
4948 224 1
4949 56 1
4950 300 1
4951 177 1
4952 323 0
4953 319 0
4954 179 0
4955 351 1
4956 377 1
4957 127 1
4958 394 1
4959 117 0
4960 238 1
4961 340 0
4962 266 1
4963 335 0
4964 254 1
4965 343 1
4966 186 1
4967 54 0
4968 273 0
4969 213 1
4970 143 0
4971 234 1
4972 156 1
4973 189 0
4974 220 0
4975 196 0
4976 118 0
4977 42 1
4978 265 1
4979 151 1
4980 46 1
4981 180 1
4982 418 1
4983 18 1
4984 183 1
4985 293 1
4986 199 0
4987 250 1
4988 293 1
4989 183 1
4990 150 0
4991 249 1
4992 192 1
4993 354 1
4994 372 1
4995 382 1
4996 105 1
4997 353 0
4998 372 0
4999 67 1
5000 305 1
5001 285 0
5002 292 1
5003 137 1
5004 379 1
5005 377 1
5006 402 1
5007 74 1
5008 195 1
5009 32 0
5010 337 1
5011 390 0
5012 253 0
5013 242 1
5014 391 1
5015 159 1
5016 372 1
5017 180 1
5018 86 1
5019 229 0
5020 340 0
5021 398 1
5022 85 0
5023 317 1
5024 304 1
5025 379 0
5026 167 1
5027 360 1
5028 237 1
5029 25 1
5030 316 1
5031 304 1
