8083
1 46 0
2 163 1
3 391 1
4 300 0
5 277 0
6 499 1
7 523 0
8 454 1
9 378 0
10 472 0
11 80 0
12 141 1
13 338 1
14 211 1
15 487 1
16 90 0
17 114 1
18 327 1
19 400 1
20 10 0
21 477 0
22 263 1
23 1 1
24 20 1
25 306 1
26 550 1
27 236 1
28 129 0
29 26 0
30 49 1
31 477 1
32 495 0
33 473 0
34 33 1
35 425 1
36 15 0
37 81 1
38 327 1
39 524 0
40 542 1
41 408 1
42 194 1
43 168 0
44 155 1
45 151 1
46 156 1
47 384 0
48 196 0
49 450 1
50 155 1
51 394 1
52 202 0
53 489 1
54 86 0
55 444 1
56 308 0
57 104 1
58 433 1
59 353 1
60 467 0
61 321 1
62 109 0
63 251 0
64 539 1
65 103 1
66 40 0
67 393 1
68 461 1
69 299 1
70 320 0
71 111 1
72 533 0
73 107 1
74 528 1
75 491 1
76 453 1
77 83 1
78 493 0
79 435 1
80 11 1
81 112 1
82 524 0
83 374 1
84 364 1
85 508 0
86 394 0
87 248 0
88 363 1
89 277 1
90 304 1
91 311 1
92 4 1
93 335 1
94 217 1
95 427 1
96 205 1
97 361 0
98 20 1
99 99 0
100 345 1
101 4 0
102 163 1
103 50 1
104 136 0
105 394 1
106 72 1
107 213 0
108 36 0
109 63 1
110 215 1
111 11 1
112 5 1
113 126 1
114 83 0
115 490 1
116 362 1
117 104 1
118 315 0
119 28 1
120 11 1
121 420 1
122 63 0
123 200 0
124 118 0
125 394 1
126 241 1
127 282 1
128 305 1
129 392 1
130 162 1
131 305 1
132 352 1
133 26 1
134 93 0
135 56 0
136 516 0
137 227 1
138 46 0
139 167 1
140 179 0
141 538 0
142 494 1
143 195 1
144 125 1
145 124 0
146 405 1
147 300 1
148 367 1
149 362 1
150 420 1
151 92 1
152 342 1
153 451 1
154 276 1
155 42 0
156 116 1
157 364 0
158 297 0
159 386 0
160 83 1
161 237 1
162 468 1
163 223 0
164 391 1
165 272 0
166 451 1
167 131 1
168 252 1
169 158 0
170 178 1
171 472 1
172 269 1
173 433 1
174 332 0
175 516 1
176 266 1
177 393 1
178 307 0
179 506 0
180 137 0
181 446 1
182 158 0
183 357 0
184 136 1
185 427 1
186 244 1
187 137 1
188 80 1
189 55 0
190 286 1
191 316 0
192 301 0
193 223 1
194 301 0
195 242 1
196 483 1
197 514 0
198 242 0
199 541 1
200 324 1
201 181 1
202 252 0
203 18 1
204 336 1
205 272 0
206 133 0
207 152 0
208 234 1
209 18 1
210 81 1
211 462 1
212 437 0
213 142 1
214 193 0
215 545 0
216 76 0
217 21 0
218 532 1
219 188 0
220 153 1
221 468 1
222 537 1
223 248 0
224 523 1
225 284 1
226 14 0
227 105 1
228 67 1
229 26 1
230 459 1
231 305 0
232 234 0
233 431 1
234 446 1
235 20 0
236 15 0
237 413 1
238 84 0
239 301 0
240 415 0
241 148 0
242 227 1
243 369 1
244 28 1
245 83 1
246 456 1
247 550 1
248 284 0
249 393 1
250 536 1
251 306 1
252 429 0
253 41 1
254 357 1
255 57 1
256 375 1
257 138 1
258 538 0
259 425 1
260 392 0
261 542 1
262 466 1
263 474 0
264 498 1
265 416 1
266 217 1
267 10 1
268 418 0
269 96 0
270 433 1
271 523 1
272 478 1
273 427 0
274 146 1
275 519 1
276 337 0
277 362 1
278 65 1
279 489 1
280 88 0
281 22 1
282 52 1
283 441 0
284 124 1
285 221 0
286 259 0
287 342 1
288 423 1
289 98 1
290 5 0
291 43 0
292 102 1
293 82 1
294 177 1
295 259 0
296 454 1
297 60 1
298 353 1
299 505 1
300 54 1
301 523 1
302 487 1
303 499 1
304 58 1
305 415 0
306 190 0
307 446 1
308 391 1
309 27 0
310 77 0
311 323 1
312 55 0
313 13 1
314 452 1
315 374 0
316 221 1
317 268 1
318 226 1
319 3 1
320 340 1
321 388 1
322 405 0
323 390 1
324 339 1
325 301 1
326 192 1
327 435 0
328 535 1
329 184 1
330 495 1
331 430 0
332 472 0
333 401 1
334 441 0
335 471 1
336 350 1
337 327 1
338 78 1
339 448 1
340 110 1
341 322 1
342 310 1
343 38 1
344 182 1
345 217 1
346 309 0
347 330 0
348 321 1
349 377 0
350 71 1
351 519 1
352 92 1
353 113 1
354 539 0
355 75 0
356 287 0
357 440 1
358 91 0
359 378 1
360 228 1
361 479 0
362 218 1
363 216 1
364 477 1
365 237 0
366 417 0
367 499 1
368 538 1
369 167 0
370 110 1
371 71 1
372 128 1
373 482 1
374 477 1
375 21 1
376 432 1
377 179 1
378 246 0
379 126 1
380 4 1
381 249 1
382 56 1
383 419 1
384 256 0
385 56 0
386 358 1
387 251 0
388 126 1
389 194 0
390 18 0
391 284 1
392 243 1
393 76 1
394 387 1
395 150 1
396 94 1
397 302 1
398 123 0
399 232 1
400 284 1
401 234 1
402 495 0
403 65 1
404 195 0
405 200 1
406 514 1
407 151 1
408 437 1
409 183 1
410 470 1
411 192 1
412 300 0
413 202 1
414 192 1
415 251 1
416 251 1
417 95 1
418 498 1
419 304 0
420 459 0
421 394 1
422 477 1
423 154 1
424 221 1
425 163 1
426 199 0
427 191 1
428 338 1
429 411 1
430 355 0
431 22 0
432 123 0
433 249 0
434 317 0
435 291 0
436 545 1
437 173 0
438 167 1
439 321 1
440 154 1
441 15 1
442 328 1
443 381 1
444 127 0
445 212 1
446 391 1
447 25 1
448 352 0
449 113 1
450 315 0
451 422 1
452 66 1
453 268 0
454 411 1
455 70 0
456 10 0
457 447 0
458 412 1
459 532 1
460 45 1
461 511 1
462 426 1
463 480 1
464 299 1
465 424 0
466 525 0
467 451 1
468 377 0
469 274 0
470 245 1
471 290 1
472 550 1
473 81 1
474 30 1
475 439 0
476 333 0
477 0 1
478 422 1
479 514 1
480 9 1
481 312 1
482 208 1
483 23 1
484 419 0
485 310 1
486 169 0
487 367 0
488 314 0
489 27 1
490 77 1
491 460 1
492 352 1
493 65 1
494 429 1
495 472 0
496 493 1
497 461 1
498 523 0
499 223 1
500 269 1
501 502 1
502 70 1
503 95 1
504 333 1
505 257 0
506 76 1
507 268 1
508 154 1
509 218 1
510 441 0
511 509 0
512 450 1
513 60 1
514 391 1
515 260 1
516 305 0
517 76 1
518 56 1
519 248 0
520 293 1
521 288 1
522 199 1
523 325 0
524 419 1
525 464 0
526 170 1
527 219 1
528 369 0
529 530 1
530 51 1
531 397 1
532 530 1
533 220 1
534 92 0
535 504 1
536 502 1
537 282 1
538 326 0
539 543 0
540 127 1
541 541 1
542 366 1
543 485 1
544 529 1
545 471 1
546 231 0
547 425 1
548 278 1
549 323 0
550 49 1
551 284 1
552 45 0
553 190 0
554 190 1
555 52 1
556 165 1
557 182 0
558 250 0
559 242 0
560 28 1
561 296 1
562 519 1
563 508 1
564 302 1
565 144 1
566 83 1
567 431 1
568 484 0
569 27 0
570 371 0
571 520 0
572 161 1
573 44 0
574 266 1
575 167 1
576 528 1
577 41 1
578 160 1
579 269 0
580 357 1
581 381 1
582 330 1
583 137 1
584 410 1
585 465 1
586 324 1
587 254 1
588 71 1
589 424 1
590 112 1
591 120 0
592 30 0
593 112 1
594 239 1
595 220 1
596 283 0
597 13 0
598 351 0
599 404 0
600 354 1
601 439 1
602 238 0
603 99 0
604 479 1
605 135 0
606 91 0
607 168 1
608 498 0
609 432 1
610 190 1
611 270 0
612 191 1
613 63 1
614 473 1
615 239 1
616 272 1
617 442 0
618 307 1
619 307 0
620 81 1
621 314 1
622 227 1
623 375 1
624 251 0
625 358 1
626 396 1
627 403 0
628 439 0
629 65 1
630 421 1
631 124 1
632 471 0
633 139 0
634 83 1
635 501 1
636 458 1
637 418 1
638 234 0
639 306 1
640 536 1
641 415 0
642 269 1
643 496 1
644 221 0
645 517 0
646 395 0
647 312 0
648 183 1
649 29 1
650 427 1
651 471 1
652 242 1
653 506 1
654 66 1
655 450 1
656 452 0
657 512 1
658 68 0
659 366 1
660 546 1
661 461 1
662 500 1
663 152 1
664 201 0
665 437 1
666 200 0
667 489 1
668 182 1
669 407 1
670 191 1
671 380 1
672 107 0
673 301 1
674 284 1
675 33 0
676 526 1
677 156 1
678 244 1
679 93 1
680 18 1
681 10 1
682 376 1
683 149 1
684 431 0
685 375 0
686 350 0
687 202 1
688 31 1
689 161 1
690 107 1
691 83 1
692 177 0
693 44 1
694 36 1
695 314 0
696 157 0
697 272 1
698 312 0
699 107 1
700 467 1
701 301 1
702 134 1
703 251 1
704 496 0
705 522 1
706 94 0
707 213 0
708 332 1
709 180 1
710 476 1
711 422 1
712 347 0
713 142 0
714 93 0
715 338 1
716 180 0
717 353 0
718 120 1
719 521 0
720 544 0
721 195 1
722 32 0
723 398 1
724 195 1
725 221 0
726 50 0
727 280 0
728 314 1
729 545 1
730 159 1
731 535 1
732 499 1
733 183 1
734 469 0
735 171 0
736 131 1
737 37 1
738 344 0
739 15 1
740 502 0
741 186 1
742 368 0
743 438 1
744 376 0
745 66 1
746 290 0
747 403 0
748 426 1
749 345 0
750 226 1
751 294 1
752 412 1
753 8 1
754 254 1
755 231 0
756 260 1
757 285 1
758 371 0
759 287 1
760 130 1
761 298 1
762 442 1
763 147 0
764 224 1
765 189 1
766 497 1
767 256 1
768 342 1
769 9 1
770 329 0
771 329 1
772 185 0
773 234 0
774 314 0
775 279 1
776 362 1
777 394 0
778 216 1
779 97 1
780 521 1
781 379 1
782 297 1
783 312 0
784 429 0
785 172 1
786 130 1
787 363 1
788 52 1
789 320 0
790 14 1
791 340 0
792 154 1
793 157 1
794 251 1
795 338 1
796 29 1
797 175 0
798 330 1
799 414 1
800 378 1
801 493 0
802 23 1
803 272 1
804 390 0
805 523 0
806 209 1
807 309 1
808 21 1
809 221 1
810 208 1
811 532 0
812 253 1
813 12 0
814 172 0
815 278 1
816 460 0
817 546 1
818 92 1
819 47 1
820 428 1
821 414 0
822 409 0
823 448 1
824 165 1
825 150 0
826 244 1
827 59 0
828 327 1
829 529 0
830 537 1
831 25 1
832 43 1
833 457 0
834 366 0
835 145 1
836 51 1
837 367 0
838 259 1
839 379 1
840 460 1
841 287 0
842 188 0
843 139 1
844 498 1
845 542 0
846 452 1
847 417 0
848 115 1
849 159 1
850 314 1
851 252 1
852 393 1
853 314 0
854 371 0
855 53 0
856 198 1
857 512 1
858 215 1
859 390 0
860 256 1
861 172 1
862 476 1
863 220 0
864 399 0
865 9 1
866 173 1
867 95 1
868 368 0
869 194 1
870 78 1
871 547 1
872 76 1
873 152 1
874 95 1
875 532 1
876 411 1
877 35 0
878 230 1
879 415 1
880 124 0
881 360 1
882 213 1
883 391 1
884 353 0
885 297 0
886 321 1
887 196 1
888 328 1
889 217 1
890 419 1
891 302 1
892 431 1
893 142 1
894 121 0
895 267 0
896 510 1
897 70 0
898 59 1
899 322 1
900 23 1
901 371 0
902 440 1
903 230 0
904 444 1
905 167 1
906 174 1
907 78 1
908 374 0
909 202 1
910 266 1
911 229 1
912 113 1
913 477 1
914 289 0
915 72 1
916 394 1
917 145 1
918 540 1
919 26 1
920 351 1
921 192 1
922 230 0
923 66 1
924 530 0
925 549 1
926 307 1
927 550 1
928 54 1
929 81 1
930 250 1
931 184 1
932 85 0
933 415 1
934 273 0
935 546 1
936 163 0
937 86 1
938 536 1
939 486 1
940 541 0
941 287 1
942 238 1
943 205 1
944 288 1
945 164 1
946 479 0
947 119 1
948 246 0
949 166 0
950 543 1
951 40 1
952 426 1
953 76 0
954 358 1
955 413 0
956 534 1
957 132 1
958 514 1
959 0 1
960 151 1
961 277 0
962 42 0
963 172 1
964 498 1
965 296 1
966 27 1
967 172 1
968 542 1
969 352 1
970 258 1
971 264 1
972 401 1
973 460 1
974 262 1
975 102 1
976 114 1
977 533 1
978 303 1
979 524 0
980 19 1
981 266 1
982 92 0
983 540 1
984 134 0
985 551 1
986 1 1
987 121 1
988 148 1
989 294 0
990 531 1
991 313 1
992 263 0
993 329 1
994 447 0
995 383 1
996 58 1
997 1 0
998 536 1
999 353 1
1000 329 0
1001 551 1
1002 143 1
1003 260 0
1004 191 1
1005 191 0
1006 438 0
1007 303 1
1008 286 1
1009 283 0
1010 421 1
1011 175 0
1012 212 1
1013 158 0
1014 205 1
1015 354 1
1016 351 1
1017 392 1
1018 515 1
1019 274 0
1020 183 0
1021 324 1
1022 497 0
1023 299 0
1024 235 1
1025 492 0
1026 185 0
1027 112 0
1028 292 1
1029 121 1
1030 269 1
1031 520 1
1032 358 0
1033 50 1
1034 502 1
1035 475 1
1036 358 0
1037 243 1
1038 402 1
1039 23 1
1040 102 0
1041 269 1
1042 80 1
1043 213 1
1044 179 1
1045 358 1
1046 338 1
1047 44 1
1048 176 0
1049 465 0
1050 540 0
1051 339 1
1052 163 1
1053 98 0
1054 62 0
1055 178 0
1056 126 0
1057 491 1
1058 357 1
1059 106 1
1060 15 0
1061 1 1
1062 320 1
1063 538 0
1064 221 1
1065 150 1
1066 408 1
1067 43 1
1068 8 0
1069 73 0
1070 344 0
1071 274 1
1072 187 1
1073 164 1
1074 446 0
1075 98 1
1076 223 1
1077 303 0
1078 145 0
1079 15 1
1080 308 1
1081 103 1
1082 183 0
1083 224 0
1084 329 1
1085 302 1
1086 36 0
1087 39 0
1088 318 1
1089 297 1
1090 1 1
1091 162 1
1092 494 1
1093 296 1
1094 282 0
1095 534 1
1096 517 0
1097 243 0
1098 273 0
1099 380 1
1100 252 0
1101 171 0
1102 234 1
1103 1 1
1104 493 0
1105 254 1
1106 181 1
1107 207 1
1108 370 0
1109 291 1
1110 304 0
1111 219 1
1112 480 1
1113 458 1
1114 458 1
1115 291 1
1116 496 1
1117 528 1
1118 200 1
1119 219 0
1120 355 0
1121 123 1
1122 378 1
1123 187 1
1124 323 1
1125 376 1
1126 321 0
1127 384 0
1128 35 1
1129 450 1
1130 144 1
1131 220 1
1132 139 0
1133 307 1
1134 213 1
1135 520 0
1136 528 0
1137 80 0
1138 502 1
1139 78 1
1140 235 1
1141 428 1
1142 538 0
1143 253 1
1144 79 0
1145 83 1
1146 420 1
1147 352 1
1148 540 0
1149 386 0
1150 162 1
1151 298 1
1152 485 0
1153 20 1
1154 134 1
1155 237 0
1156 40 1
1157 453 0
1158 415 0
1159 128 1
1160 385 1
1161 206 1
1162 43 1
1163 300 0
1164 194 0
1165 312 0
1166 528 1
1167 22 0
1168 517 1
1169 426 0
1170 180 0
1171 549 0
1172 265 1
1173 328 1
1174 133 0
1175 151 1
1176 196 0
1177 300 1
1178 444 1
1179 310 0
1180 223 0
1181 523 0
1182 209 1
1183 149 0
1184 156 1
1185 393 0
1186 175 1
1187 86 1
1188 369 1
1189 57 1
1190 358 1
1191 548 1
1192 93 0
1193 281 1
1194 385 0
1195 153 0
1196 190 0
1197 295 0
1198 238 1
1199 141 1
1200 508 1
1201 220 1
1202 413 0
1203 20 1
1204 168 1
1205 220 0
1206 365 0
1207 17 1
1208 513 1
1209 524 1
1210 418 1
1211 482 0
1212 330 0
1213 535 1
1214 158 0
1215 451 0
1216 146 0
1217 246 0
1218 465 0
1219 277 1
1220 463 0
1221 136 1
1222 162 1
1223 263 1
1224 19 0
1225 37 1
1226 401 1
1227 21 1
1228 232 1
1229 275 0
1230 208 1
1231 546 0
1232 374 1
1233 402 1
1234 75 1
1235 449 0
1236 113 1
1237 303 0
1238 306 1
1239 518 0
1240 289 1
1241 251 0
1242 10 0
1243 397 1
1244 357 1
1245 122 0
1246 376 0
1247 409 0
1248 436 1
1249 486 1
1250 467 1
1251 538 1
1252 537 0
1253 424 1
1254 383 1
1255 106 1
1256 474 0
1257 339 1
1258 118 1
1259 256 1
1260 345 1
1261 530 1
1262 22 0
1263 368 1
1264 174 1
1265 498 1
1266 254 0
1267 199 1
1268 301 1
1269 20 0
1270 542 0
1271 292 0
1272 523 1
1273 438 0
1274 304 0
1275 94 0
1276 8 0
1277 347 0
1278 499 0
1279 16 0
1280 545 0
1281 291 1
1282 486 1
1283 528 1
1284 90 1
1285 407 1
1286 162 0
1287 33 0
1288 267 0
1289 263 1
1290 141 0
1291 157 1
1292 469 1
1293 259 1
1294 195 1
1295 66 1
1296 238 1
1297 516 1
1298 376 0
1299 448 1
1300 528 1
1301 34 1
1302 492 0
1303 312 0
1304 67 1
1305 267 0
1306 461 1
1307 438 1
1308 456 1
1309 363 0
1310 422 0
1311 327 1
1312 314 0
1313 321 1
1314 272 0
1315 92 1
1316 10 1
1317 467 0
1318 235 1
1319 197 1
1320 371 1
1321 39 1
1322 416 1
1323 226 1
1324 72 1
1325 459 0
1326 546 1
1327 130 1
1328 15 1
1329 487 1
1330 158 1
1331 64 0
1332 195 1
1333 198 1
1334 287 1
1335 260 1
1336 388 0
1337 426 1
1338 266 1
1339 61 0
1340 178 1
1341 320 0
1342 243 0
1343 522 1
1344 390 1
1345 74 1
1346 485 0
1347 284 0
1348 158 0
1349 46 1
1350 406 1
1351 0 1
1352 135 1
1353 494 1
1354 56 1
1355 227 0
1356 52 1
1357 407 1
1358 485 1
1359 82 1
1360 323 1
1361 440 0
1362 294 1
1363 465 1
1364 183 1
1365 387 1
1366 346 0
1367 279 1
1368 342 1
1369 370 1
1370 305 1
1371 81 0
1372 80 1
1373 181 1
1374 394 0
1375 418 1
1376 419 1
1377 501 1
1378 7 1
1379 142 1
1380 454 1
1381 228 1
1382 405 1
1383 218 1
1384 258 1
1385 42 0
1386 122 0
1387 409 0
1388 179 1
1389 256 0
1390 301 0
1391 266 0
1392 469 1
1393 449 1
1394 158 1
1395 155 0
1396 17 0
1397 349 1
1398 380 1
1399 106 0
1400 131 0
1401 137 1
1402 391 1
1403 456 1
1404 72 0
1405 120 0
1406 323 1
1407 69 1
1408 130 1
1409 244 0
1410 47 1
1411 349 1
1412 312 0
1413 15 1
1414 241 0
1415 306 0
1416 389 1
1417 114 1
1418 478 1
1419 326 0
1420 219 1
1421 452 1
1422 321 1
1423 270 0
1424 16 1
1425 228 1
1426 402 0
1427 168 0
1428 252 0
1429 342 1
1430 424 1
1431 395 0
1432 28 1
1433 17 1
1434 528 1
1435 544 1
1436 278 1
1437 185 1
1438 454 0
1439 26 1
1440 457 1
1441 22 1
1442 361 1
1443 510 1
1444 453 0
1445 83 1
1446 477 1
1447 74 1
1448 436 1
1449 459 0
1450 474 1
1451 135 1
1452 384 1
1453 287 1
1454 303 1
1455 245 1
1456 57 1
1457 44 1
1458 497 1
1459 7 0
1460 384 1
1461 251 0
1462 17 1
1463 263 1
1464 496 1
1465 393 1
1466 150 1
1467 67 1
1468 336 0
1469 349 1
1470 196 0
1471 336 0
1472 349 1
1473 199 1
1474 463 1
1475 260 1
1476 338 1
1477 93 1
1478 364 1
1479 337 1
1480 54 1
1481 215 0
1482 155 1
1483 268 1
1484 164 1
1485 67 0
1486 188 1
1487 182 1
1488 271 1
1489 360 1
1490 117 0
1491 518 0
1492 108 1
1493 298 0
1494 495 1
1495 269 0
1496 262 0
1497 283 1
1498 254 1
1499 436 0
1500 144 1
1501 347 1
1502 434 1
1503 358 1
1504 400 0
1505 377 0
1506 274 1
1507 460 1
1508 483 1
1509 343 1
1510 330 1
1511 464 0
1512 72 0
1513 537 1
1514 314 1
1515 272 1
1516 453 1
1517 279 0
1518 46 1
1519 529 0
1520 291 1
1521 451 1
1522 226 0
1523 476 1
1524 53 0
1525 31 1
1526 407 1
1527 503 1
1528 259 1
1529 293 1
1530 478 0
1531 481 0
1532 122 1
1533 202 1
1534 334 1
1535 142 0
1536 22 0
1537 167 0
1538 440 1
1539 445 0
1540 439 1
1541 405 1
1542 501 1
1543 302 1
1544 413 1
1545 230 0
1546 98 1
1547 166 1
1548 448 1
1549 468 1
1550 36 1
1551 383 0
1552 99 0
1553 347 0
1554 171 0
1555 48 1
1556 246 0
1557 433 1
1558 338 1
1559 443 1
1560 268 1
1561 538 0
1562 401 1
1563 74 1
1564 8 1
1565 55 1
1566 88 0
1567 144 1
1568 518 1
1569 254 1
1570 260 0
1571 275 1
1572 244 1
1573 189 0
1574 381 0
1575 309 0
1576 283 0
1577 503 1
1578 487 0
1579 470 0
1580 55 1
1581 68 1
1582 452 0
1583 370 1
1584 272 1
1585 43 0
1586 454 0
1587 527 1
1588 516 1
1589 256 1
1590 325 1
1591 482 0
1592 348 0
1593 229 1
1594 498 1
1595 347 1
1596 200 0
1597 224 1
1598 196 0
1599 7 0
1600 234 1
1601 488 0
1602 450 0
1603 323 1
1604 156 1
1605 247 0
1606 121 1
1607 26 1
1608 98 1
1609 281 1
1610 442 0
1611 165 0
1612 531 0
1613 231 1
1614 511 1
1615 131 1
1616 410 1
1617 369 0
1618 99 1
1619 250 0
1620 248 1
1621 225 1
1622 162 1
1623 326 1
1624 546 1
1625 424 0
1626 171 1
1627 54 0
1628 466 1
1629 406 1
1630 53 1
1631 106 1
1632 134 1
1633 299 1
1634 104 1
1635 529 1
1636 534 1
1637 169 1
1638 453 1
1639 524 1
1640 39 1
1641 371 1
1642 433 1
1643 401 1
1644 239 1
1645 300 1
1646 282 1
1647 283 1
1648 369 1
1649 137 0
1650 67 1
1651 313 0
1652 316 0
1653 273 1
1654 466 1
1655 192 1
1656 129 1
1657 203 0
1658 477 0
1659 437 0
1660 349 1
1661 537 1
1662 79 0
1663 535 1
1664 339 1
1665 450 0
1666 275 1
1667 536 1
1668 142 0
1669 337 1
1670 543 0
1671 49 1
1672 29 0
1673 211 1
1674 346 1
1675 198 0
1676 362 0
1677 262 0
1678 492 1
1679 418 1
1680 405 1
1681 213 1
1682 529 0
1683 208 1
1684 495 0
1685 256 1
1686 522 1
1687 134 1
1688 86 0
1689 33 1
1690 522 1
1691 63 1
1692 455 1
1693 261 1
1694 58 1
1695 162 0
1696 485 1
1697 40 1
1698 61 1
1699 109 1
1700 281 0
1701 18 1
1702 199 1
1703 331 1
1704 26 1
1705 246 1
1706 125 1
1707 328 1
1708 163 0
1709 464 0
1710 246 1
1711 133 0
1712 490 0
1713 129 1
1714 502 0
1715 84 1
1716 132 1
1717 524 0
1718 296 1
1719 184 1
1720 196 1
1721 399 1
1722 268 1
1723 390 1
1724 293 1
1725 100 1
1726 456 1
1727 206 1
1728 488 1
1729 475 1
1730 102 1
1731 158 0
1732 150 1
1733 133 0
1734 2 1
1735 297 1
1736 236 1
1737 8 0
1738 399 1
1739 383 1
1740 268 0
1741 128 1
1742 245 1
1743 95 1
1744 198 0
1745 108 0
1746 106 1
1747 22 1
1748 517 1
1749 231 0
1750 513 1
1751 205 1
1752 160 1
1753 189 1
1754 179 0
1755 188 0
1756 543 1
1757 148 1
1758 180 1
1759 458 1
1760 342 1
1761 167 0
1762 401 1
1763 192 1
1764 385 1
1765 373 1
1766 439 1
1767 31 0
1768 360 0
1769 135 1
1770 280 0
1771 515 1
1772 168 1
1773 36 0
1774 394 1
1775 215 1
1776 37 1
1777 160 1
1778 59 1
1779 292 1
1780 304 1
1781 318 0
1782 220 1
1783 319 1
1784 97 0
1785 95 1
1786 346 1
1787 177 0
1788 169 1
1789 351 1
1790 196 0
1791 276 0
1792 476 1
1793 120 1
1794 278 0
1795 508 1
1796 14 0
1797 262 1
1798 152 1
1799 342 0
1800 52 1
1801 155 1
1802 536 1
1803 401 1
1804 73 0
1805 206 1
1806 294 1
1807 544 1
1808 407 1
1809 281 0
1810 13 0
1811 164 1
1812 40 0
1813 342 1
1814 536 1
1815 521 0
1816 99 0
1817 475 0
1818 496 0
1819 277 1
1820 12 0
1821 328 1
1822 454 1
1823 52 1
1824 472 1
1825 443 1
1826 99 1
1827 42 0
1828 49 0
1829 371 1
1830 45 0
1831 151 1
1832 505 0
1833 268 0
1834 439 1
1835 548 1
1836 517 1
1837 326 1
1838 132 1
1839 176 1
1840 240 0
1841 26 0
1842 242 1
1843 519 0
1844 493 1
1845 406 1
1846 168 0
1847 211 0
1848 159 0
1849 99 1
1850 472 0
1851 66 0
1852 459 1
1853 344 1
1854 258 0
1855 132 0
1856 116 1
1857 287 0
1858 267 1
1859 179 1
1860 121 1
1861 314 0
1862 118 1
1863 491 1
1864 452 1
1865 404 0
1866 174 1
1867 338 1
1868 310 0
1869 201 0
1870 180 0
1871 515 1
1872 531 1
1873 223 1
1874 33 1
1875 534 1
1876 475 1
1877 524 1
1878 310 0
1879 359 1
1880 541 1
1881 152 1
1882 129 1
1883 325 1
1884 149 1
1885 495 1
1886 347 1
1887 154 1
1888 237 1
1889 101 1
1890 268 1
1891 465 0
1892 460 1
1893 313 1
1894 388 1
1895 510 0
1896 411 1
1897 109 0
1898 88 0
1899 507 1
1900 488 1
1901 55 1
1902 397 1
1903 97 1
1904 35 0
1905 393 1
1906 362 1
1907 534 1
1908 271 1
1909 489 1
1910 495 0
1911 13 1
1912 45 1
1913 382 0
1914 84 0
1915 412 1
1916 276 0
1917 343 1
1918 165 0
1919 244 1
1920 167 1
1921 543 0
1922 432 1
1923 247 0
1924 349 0
1925 299 1
1926 160 1
1927 135 1
1928 514 1
1929 380 1
1930 343 0
1931 106 1
1932 155 0
1933 228 1
1934 458 1
1935 8 1
1936 7 0
1937 90 0
1938 53 1
1939 79 1
1940 50 1
1941 222 1
1942 219 1
1943 457 1
1944 363 0
1945 268 1
1946 13 1
1947 261 1
1948 392 1
1949 17 1
1950 450 1
1951 411 0
1952 105 1
1953 465 1
1954 367 1
1955 88 1
1956 451 1
1957 156 1
1958 196 0
1959 341 0
1960 426 0
1961 241 0
1962 512 1
1963 136 1
1964 519 1
1965 179 0
1966 218 1
1967 443 0
1968 68 1
1969 9 1
1970 389 1
1971 341 0
1972 528 1
1973 447 1
1974 87 0
1975 219 1
1976 334 0
1977 481 1
1978 450 1
1979 175 0
1980 258 1
1981 363 1
1982 434 1
1983 328 1
1984 99 1
1985 386 1
1986 3 1
1987 265 1
1988 200 1
1989 151 1
1990 437 1
1991 329 1
1992 318 1
1993 1 1
1994 403 1
1995 161 0
1996 20 0
1997 153 0
1998 308 1
1999 404 1
2000 347 1
2001 464 1
2002 493 1
2003 369 1
2004 417 0
2005 509 1
2006 418 1
2007 9 1
2008 72 1
2009 480 0
2010 228 1
2011 112 0
2012 142 1
2013 190 1
2014 275 1
2015 426 0
2016 361 0
2017 500 1
2018 43 1
2019 524 1
2020 365 1
2021 211 1
2022 296 1
2023 455 1
2024 271 1
2025 372 1
2026 513 1
2027 275 1
2028 319 0
2029 122 1
2030 36 0
2031 193 0
2032 414 1
2033 227 0
2034 539 1
2035 365 1
2036 210 1
2037 32 0
2038 325 1
2039 403 1
2040 359 0
2041 72 1
2042 277 1
2043 503 1
2044 341 0
2045 86 0
2046 149 1
2047 262 1
2048 501 0
2049 468 1
2050 257 1
2051 328 1
2052 386 1
2053 502 1
2054 336 1
2055 284 1
2056 145 0
2057 543 1
2058 231 1
2059 466 1
2060 56 0
2061 397 0
2062 360 1
2063 217 0
2064 165 1
2065 325 0
2066 455 1
2067 418 0
2068 542 1
2069 529 1
2070 249 1
2071 549 1
2072 145 1
2073 305 1
2074 483 1
2075 397 1
2076 261 0
2077 232 1
2078 470 0
2079 459 1
2080 71 0
2081 546 1
2082 374 0
2083 344 1
2084 268 1
2085 179 1
2086 111 0
2087 440 0
2088 165 1
2089 122 1
2090 454 0
2091 163 1
2092 290 0
2093 272 1
2094 333 1
2095 372 1
2096 452 1
2097 459 1
2098 266 1
2099 127 1
2100 141 0
2101 68 1
2102 524 1
2103 550 1
2104 190 0
2105 354 0
2106 167 0
2107 255 1
2108 401 1
2109 195 0
2110 235 1
2111 115 0
2112 422 0
2113 490 0
2114 394 0
2115 239 0
2116 452 0
2117 316 1
2118 303 1
2119 130 1
2120 514 1
2121 34 1
2122 449 0
2123 76 1
2124 386 1
2125 10 1
2126 286 0
2127 285 0
2128 268 1
2129 373 1
2130 368 0
2131 133 0
2132 407 1
2133 221 1
2134 292 1
2135 140 1
2136 283 1
2137 385 1
2138 545 1
2139 8 1
2140 220 1
2141 528 0
2142 223 1
2143 191 1
2144 12 1
2145 89 0
2146 152 1
2147 178 1
2148 201 0
2149 245 1
2150 239 1
2151 236 1
2152 89 0
2153 271 0
2154 58 0
2155 541 1
2156 377 1
2157 273 1
2158 267 0
2159 68 1
2160 516 1
2161 188 1
2162 461 0
2163 163 1
2164 294 0
2165 131 1
2166 322 1
2167 31 1
2168 517 1
2169 533 1
2170 110 0
2171 342 0
2172 16 1
2173 105 0
2174 527 1
2175 90 1
2176 411 1
2177 95 1
2178 173 1
2179 510 1
2180 235 1
2181 488 0
2182 538 0
2183 417 1
2184 311 1
2185 55 1
2186 489 1
2187 437 1
2188 501 1
2189 276 0
2190 244 1
2191 496 1
2192 173 0
2193 504 0
2194 418 1
2195 262 1
2196 80 0
2197 107 1
2198 207 0
2199 98 0
2200 490 0
2201 507 0
2202 551 1
2203 420 1
2204 463 1
2205 506 1
2206 39 0
2207 299 1
2208 530 1
2209 87 1
2210 241 1
2211 538 1
2212 37 1
2213 468 0
2214 145 1
2215 330 0
2216 168 0
2217 551 1
2218 166 1
2219 196 1
2220 92 0
2221 273 0
2222 89 0
2223 424 0
2224 311 0
2225 544 1
2226 349 0
2227 403 1
2228 152 1
2229 158 1
2230 334 1
2231 462 1
2232 262 1
2233 237 1
2234 409 1
2235 546 1
2236 72 1
2237 121 1
2238 328 0
2239 269 0
2240 545 0
2241 169 1
2242 280 1
2243 257 0
2244 339 1
2245 259 1
2246 392 0
2247 151 0
2248 118 0
2249 18 1
2250 311 0
2251 6 0
2252 281 1
2253 33 0
2254 201 0
2255 185 1
2256 51 1
2257 64 1
2258 414 1
2259 293 1
2260 265 1
2261 403 0
2262 209 0
2263 247 0
2264 472 1
2265 423 1
2266 278 1
2267 142 1
2268 45 0
2269 105 1
2270 517 1
2271 520 1
2272 213 0
2273 469 0
2274 434 0
2275 357 1
2276 290 0
2277 292 1
2278 292 1
2279 354 1
2280 292 1
2281 11 1
2282 143 0
2283 66 1
2284 409 1
2285 474 1
2286 30 1
2287 471 1
2288 3 1
2289 358 1
2290 126 1
2291 32 0
2292 413 1
2293 443 1
2294 351 1
2295 485 1
2296 512 0
2297 150 1
2298 177 0
2299 332 1
2300 508 0
2301 449 1
2302 225 1
2303 269 1
2304 285 1
2305 113 0
2306 280 1
2307 356 1
2308 549 0
2309 414 1
2310 533 1
2311 479 1
2312 371 1
2313 125 0
2314 335 1
2315 71 1
2316 239 1
2317 358 1
2318 416 1
2319 180 0
2320 191 1
2321 89 1
2322 518 1
2323 180 1
2324 220 1
2325 351 0
2326 429 1
2327 263 1
2328 397 1
2329 285 1
2330 373 1
2331 551 1
2332 364 0
2333 53 1
2334 473 1
2335 418 1
2336 15 0
2337 152 1
2338 520 1
2339 537 1
2340 415 1
2341 470 1
2342 104 1
2343 69 1
2344 98 1
2345 209 1
2346 238 1
2347 21 1
2348 54 0
2349 318 0
2350 348 0
2351 167 1
2352 259 1
2353 386 1
2354 140 1
2355 496 1
2356 236 0
2357 375 1
2358 124 1
2359 329 1
2360 326 1
2361 183 0
2362 275 0
2363 102 1
2364 358 1
2365 384 1
2366 133 0
2367 7 0
2368 399 1
2369 148 1
2370 252 0
2371 70 0
2372 35 1
2373 317 1
2374 378 1
2375 462 0
2376 201 0
2377 165 0
2378 377 1
2379 333 1
2380 176 1
2381 379 1
2382 245 1
2383 271 1
2384 307 0
2385 159 1
2386 40 0
2387 24 1
2388 162 0
2389 314 1
2390 517 1
2391 141 1
2392 358 1
2393 171 1
2394 61 1
2395 408 1
2396 158 1
2397 116 1
2398 149 1
2399 23 1
2400 334 1
2401 503 0
2402 451 1
2403 529 1
2404 358 0
2405 50 1
2406 517 1
2407 17 1
2408 25 1
2409 547 1
2410 181 0
2411 404 1
2412 166 1
2413 230 0
2414 435 1
2415 219 1
2416 475 1
2417 80 0
2418 187 1
2419 475 0
2420 390 1
2421 356 1
2422 204 1
2423 206 1
2424 50 1
2425 356 1
2426 93 1
2427 18 1
2428 257 1
2429 23 1
2430 29 0
2431 398 1
2432 494 1
2433 406 1
2434 25 0
2435 122 1
2436 383 1
2437 298 1
2438 379 0
2439 345 1
2440 194 1
2441 108 0
2442 437 1
2443 36 0
2444 494 0
2445 283 0
2446 382 0
2447 3 0
2448 96 1
2449 453 1
2450 267 0
2451 64 0
2452 29 0
2453 213 1
2454 355 1
2455 286 0
2456 195 1
2457 285 1
2458 89 0
2459 223 1
2460 421 0
2461 43 1
2462 164 1
2463 64 0
2464 536 1
2465 502 1
2466 69 1
2467 429 0
2468 417 0
2469 547 0
2470 97 1
2471 217 1
2472 205 1
2473 374 1
2474 352 1
2475 366 0
2476 120 1
2477 1 1
2478 497 1
2479 72 0
2480 70 1
2481 301 0
2482 77 0
2483 278 0
2484 309 1
2485 202 1
2486 43 1
2487 188 1
2488 450 1
2489 71 0
2490 135 1
2491 0 1
2492 335 1
2493 67 0
2494 106 1
2495 290 0
2496 202 0
2497 356 0
2498 257 1
2499 261 0
2500 396 0
2501 502 1
2502 371 1
2503 256 0
2504 188 1
2505 48 1
2506 252 1
2507 147 0
2508 130 0
2509 356 1
2510 354 1
2511 454 0
2512 213 0
2513 324 1
2514 381 1
2515 14 0
2516 537 1
2517 152 1
2518 142 1
2519 114 1
2520 223 1
2521 221 1
2522 291 1
2523 0 1
2524 31 1
2525 147 1
2526 19 1
2527 470 0
2528 387 1
2529 231 1
2530 357 1
2531 441 1
2532 249 1
2533 227 0
2534 530 1
2535 209 1
2536 31 1
2537 166 1
2538 247 1
2539 273 1
2540 50 1
2541 192 1
2542 549 0
2543 342 0
2544 433 1
2545 89 0
2546 307 1
2547 109 0
2548 140 0
2549 396 1
2550 165 0
2551 361 0
2552 12 1
2553 87 1
2554 221 1
2555 26 1
2556 308 1
2557 381 1
2558 369 1
2559 218 0
2560 232 1
2561 17 1
2562 365 1
2563 32 0
2564 502 1
2565 73 1
2566 9 0
2567 431 1
2568 449 0
2569 322 1
2570 367 0
2571 429 1
2572 55 0
2573 509 1
2574 509 1
2575 202 0
2576 522 1
2577 217 1
2578 425 1
2579 330 1
2580 205 1
2581 58 1
2582 325 1
2583 317 1
2584 497 1
2585 420 0
2586 475 1
2587 516 1
2588 124 0
2589 522 1
2590 137 0
2591 351 0
2592 432 0
2593 484 0
2594 346 1
2595 209 1
2596 153 0
2597 295 1
2598 246 1
2599 268 0
2600 187 1
2601 31 0
2602 1 0
2603 169 1
2604 470 0
2605 247 0
2606 352 0
2607 203 0
2608 103 1
2609 67 0
2610 477 1
2611 490 1
2612 32 0
2613 84 1
2614 333 1
2615 549 1
2616 528 0
2617 158 0
2618 65 1
2619 103 1
2620 547 0
2621 118 1
2622 437 1
2623 148 1
2624 537 0
2625 478 1
2626 20 1
2627 29 1
2628 177 0
2629 411 0
2630 506 1
2631 6 1
2632 517 1
2633 501 1
2634 60 0
2635 93 0
2636 483 0
2637 483 1
2638 22 1
2639 436 0
2640 335 0
2641 550 1
2642 347 1
2643 487 0
2644 222 1
2645 523 1
2646 243 0
2647 147 0
2648 223 1
2649 279 0
2650 229 1
2651 419 1
2652 72 1
2653 56 1
2654 469 0
2655 182 1
2656 423 1
2657 135 0
2658 248 1
2659 232 0
2660 417 1
2661 135 1
2662 261 0
2663 397 1
2664 459 1
2665 296 0
2666 24 0
2667 376 0
2668 1 0
2669 231 1
2670 492 1
2671 211 1
2672 82 1
2673 71 1
2674 417 1
2675 329 1
2676 34 1
2677 511 1
2678 314 1
2679 308 1
2680 8 1
2681 437 0
2682 295 0
2683 170 1
2684 181 1
2685 295 1
2686 343 0
2687 14 1
2688 380 1
2689 323 0
2690 428 1
2691 57 0
2692 132 1
2693 246 0
2694 453 1
2695 156 0
2696 175 1
2697 22 0
2698 343 1
2699 295 1
2700 122 0
2701 175 0
2702 72 1
2703 418 1
2704 274 1
2705 187 1
2706 370 1
2707 140 1
2708 300 1
2709 397 1
2710 470 1
2711 151 0
2712 124 0
2713 92 1
2714 446 1
2715 480 1
2716 506 0
2717 9 0
2718 332 0
2719 520 1
2720 144 0
2721 284 0
2722 399 1
2723 505 1
2724 340 1
2725 429 1
2726 432 1
2727 431 0
2728 281 0
2729 512 1
2730 440 1
2731 271 1
2732 72 1
2733 501 1
2734 235 1
2735 539 1
2736 72 1
2737 382 1
2738 224 1
2739 187 1
2740 214 0
2741 310 0
2742 172 0
2743 139 1
2744 202 1
2745 157 0
2746 27 0
2747 524 1
2748 197 0
2749 544 1
2750 431 1
2751 300 1
2752 330 1
2753 463 0
2754 546 0
2755 15 0
2756 202 1
2757 343 1
2758 4 1
2759 356 1
2760 69 1
2761 336 0
2762 429 0
2763 276 1
2764 310 0
2765 35 1
2766 327 1
2767 182 1
2768 34 0
2769 108 0
2770 232 0
2771 277 0
2772 530 1
2773 337 0
2774 78 0
2775 268 0
2776 182 1
2777 364 0
2778 400 0
2779 254 0
2780 396 1
2781 429 1
2782 112 1
2783 316 0
2784 192 0
2785 216 1
2786 117 1
2787 387 1
2788 130 0
2789 157 1
2790 433 1
2791 436 1
2792 517 0
2793 242 1
2794 376 1
2795 52 1
2796 233 1
2797 471 1
2798 28 1
2799 21 1
2800 188 1
2801 133 1
2802 298 1
2803 480 0
2804 220 1
2805 125 0
2806 550 0
2807 244 0
2808 337 1
2809 409 1
2810 431 0
2811 421 1
2812 431 0
2813 27 1
2814 103 1
2815 168 0
2816 365 1
2817 125 1
2818 310 0
2819 540 0
2820 179 0
2821 160 0
2822 242 1
2823 221 1
2824 340 0
2825 228 0
2826 28 1
2827 372 0
2828 517 1
2829 406 1
2830 487 0
2831 440 0
2832 325 1
2833 452 0
2834 108 0
2835 142 1
2836 81 1
2837 505 1
2838 196 1
2839 390 0
2840 253 1
2841 203 0
2842 203 1
2843 228 0
2844 503 0
2845 316 0
2846 146 1
2847 267 1
2848 219 1
2849 122 0
2850 95 1
2851 102 1
2852 56 0
2853 539 0
2854 271 1
2855 276 1
2856 483 0
2857 334 1
2858 31 0
2859 342 0
2860 173 0
2861 502 0
2862 352 1
2863 318 1
2864 425 0
2865 386 1
2866 194 1
2867 185 1
2868 72 1
2869 30 0
2870 38 1
2871 396 1
2872 313 0
2873 144 1
2874 268 1
2875 408 1
2876 121 1
2877 249 1
2878 103 1
2879 532 0
2880 537 1
2881 497 1
2882 383 0
2883 509 0
2884 382 1
2885 287 1
2886 333 1
2887 470 0
2888 349 0
2889 479 0
2890 76 0
2891 547 1
2892 221 1
2893 119 1
2894 381 1
2895 341 0
2896 546 1
2897 545 1
2898 496 1
2899 281 1
2900 17 1
2901 235 0
2902 187 1
2903 524 0
2904 255 0
2905 129 1
2906 275 1
2907 58 0
2908 490 1
2909 350 1
2910 357 1
2911 133 0
2912 466 1
2913 177 0
2914 156 1
2915 265 1
2916 2 1
2917 51 1
2918 142 1
2919 253 0
2920 515 1
2921 298 1
2922 76 1
2923 264 1
2924 21 0
2925 373 0
2926 201 1
2927 179 1
2928 160 0
2929 54 1
2930 343 1
2931 17 1
2932 308 1
2933 23 0
2934 131 1
2935 417 1
2936 227 0
2937 374 0
2938 7 1
2939 357 0
2940 188 0
2941 447 0
2942 172 1
2943 33 0
2944 511 1
2945 216 0
2946 486 1
2947 135 1
2948 381 1
2949 262 1
2950 3 0
2951 96 0
2952 330 1
2953 22 1
2954 44 1
2955 405 1
2956 6 1
2957 109 1
2958 455 1
2959 79 0
2960 309 1
2961 204 1
2962 17 1
2963 15 1
2964 26 1
2965 439 1
2966 444 0
2967 300 0
2968 533 1
2969 87 1
2970 189 0
2971 337 1
2972 321 1
2973 454 1
2974 77 1
2975 127 1
2976 316 1
2977 159 1
2978 160 1
2979 300 1
2980 531 1
2981 296 1
2982 211 1
2983 133 0
2984 446 1
2985 298 1
2986 240 0
2987 319 0
2988 18 0
2989 275 1
2990 282 0
2991 11 1
2992 182 0
2993 460 1
2994 424 1
2995 97 1
2996 435 1
2997 314 1
2998 517 0
2999 367 1
3000 195 1
3001 534 0
3002 196 1
3003 485 1
3004 50 1
3005 391 1
3006 59 1
3007 379 1
3008 60 1
3009 152 1
3010 535 1
3011 375 1
3012 130 1
3013 1 0
3014 112 0
3015 34 1
3016 521 1
3017 230 0
3018 358 1
3019 460 1
3020 412 1
3021 189 1
3022 189 1
3023 241 0
3024 383 1
3025 261 1
3026 90 1
3027 312 0
3028 301 1
3029 395 1
3030 209 1
3031 248 1
3032 445 0
3033 424 1
3034 171 1
3035 148 1
3036 120 0
3037 543 1
3038 473 1
3039 47 1
3040 73 1
3041 198 1
3042 473 1
3043 463 1
3044 312 1
3045 164 1
3046 183 1
3047 188 1
3048 419 0
3049 408 0
3050 392 0
3051 110 0
3052 421 1
3053 310 0
3054 333 1
3055 174 1
3056 153 1
3057 97 1
3058 370 0
3059 337 0
3060 354 0
3061 140 1
3062 401 1
3063 141 1
3064 428 1
3065 307 1
3066 81 1
3067 309 1
3068 6 1
3069 372 0
3070 464 1
3071 273 1
3072 366 0
3073 140 1
3074 458 1
3075 395 1
3076 466 1
3077 285 1
3078 351 1
3079 72 1
3080 464 1
3081 24 1
3082 325 0
3083 24 1
3084 440 1
3085 199 1
3086 431 1
3087 417 1
3088 371 1
3089 511 0
3090 10 1
3091 26 1
3092 378 1
3093 320 1
3094 267 1
3095 485 1
3096 300 1
3097 253 1
3098 330 0
3099 446 1
3100 163 1
3101 18 0
3102 94 0
3103 368 1
3104 521 1
3105 232 1
3106 170 1
3107 536 1
3108 98 1
3109 213 1
3110 184 1
3111 73 0
3112 143 1
3113 87 1
3114 92 1
3115 179 0
3116 154 1
3117 338 1
3118 121 1
3119 163 0
3120 522 0
3121 109 1
3122 181 0
3123 176 0
3124 437 1
3125 173 1
3126 24 0
3127 83 1
3128 61 1
3129 169 1
3130 231 0
3131 449 1
3132 34 1
3133 82 1
3134 469 0
3135 285 1
3136 168 1
3137 67 1
3138 16 1
3139 158 1
3140 121 1
3141 51 1
3142 106 0
3143 352 0
3144 384 0
3145 360 1
3146 358 0
3147 489 1
3148 532 1
3149 547 0
3150 345 1
3151 377 1
3152 242 1
3153 391 1
3154 176 1
3155 240 1
3156 369 1
3157 482 1
3158 506 1
3159 130 1
3160 292 1
3161 482 1
3162 196 0
3163 490 1
3164 478 1
3165 194 1
3166 333 1
3167 273 0
3168 505 0
3169 362 0
3170 110 0
3171 507 0
3172 382 1
3173 482 1
3174 168 1
3175 202 0
3176 38 1
3177 87 0
3178 551 1
3179 531 0
3180 79 1
3181 197 0
3182 193 1
3183 517 1
3184 71 1
3185 396 1
3186 378 1
3187 188 1
3188 236 1
3189 32 0
3190 258 1
3191 434 1
3192 407 1
3193 19 1
3194 35 1
3195 372 1
3196 171 0
3197 56 0
3198 16 1
3199 79 0
3200 348 0
3201 348 1
3202 314 1
3203 462 1
3204 182 1
3205 484 1
3206 257 1
3207 185 1
3208 375 0
3209 46 1
3210 202 1
3211 54 1
3212 517 1
3213 266 0
3214 171 0
3215 149 1
3216 309 0
3217 222 1
3218 522 0
3219 111 0
3220 115 0
3221 41 0
3222 489 1
3223 12 1
3224 470 1
3225 211 0
3226 517 0
3227 21 1
3228 415 1
3229 544 1
3230 162 0
3231 82 0
3232 126 1
3233 71 1
3234 476 0
3235 289 1
3236 305 0
3237 491 1
3238 84 1
3239 43 1
3240 10 0
3241 202 1
3242 48 1
3243 498 1
3244 39 1
3245 26 1
3246 119 1
3247 201 0
3248 452 1
3249 382 1
3250 495 1
3251 496 0
3252 489 1
3253 19 1
3254 427 0
3255 63 0
3256 356 1
3257 492 1
3258 528 1
3259 356 1
3260 416 0
3261 297 1
3262 530 1
3263 269 1
3264 219 1
3265 294 0
3266 258 1
3267 490 1
3268 162 1
3269 296 1
3270 59 0
3271 514 1
3272 152 1
3273 308 1
3274 381 0
3275 224 0
3276 534 1
3277 269 0
3278 508 1
3279 430 1
3280 125 1
3281 457 0
3282 451 1
3283 106 1
3284 433 0
3285 138 1
3286 289 1
3287 397 0
3288 43 1
3289 97 0
3290 266 1
3291 197 1
3292 372 1
3293 249 1
3294 532 1
3295 32 0
3296 340 0
3297 528 1
3298 413 1
3299 341 0
3300 12 1
3301 276 1
3302 68 1
3303 270 0
3304 274 0
3305 103 1
3306 218 0
3307 317 1
3308 295 0
3309 406 0
3310 141 1
3311 421 1
3312 456 1
3313 170 1
3314 8 1
3315 100 1
3316 519 0
3317 402 1
3318 537 0
3319 227 0
3320 529 1
3321 368 1
3322 160 1
3323 273 0
3324 147 1
3325 179 0
3326 94 1
3327 219 0
3328 487 0
3329 395 1
3330 468 1
3331 4 1
3332 400 1
3333 512 1
3334 16 1
3335 214 1
3336 46 1
3337 228 0
3338 164 1
3339 150 1
3340 76 1
3341 88 1
3342 418 1
3343 248 1
3344 264 1
3345 377 0
3346 116 0
3347 65 1
3348 276 0
3349 470 0
3350 292 1
3351 365 0
3352 163 1
3353 33 0
3354 542 1
3355 126 0
3356 1 0
3357 357 1
3358 50 1
3359 301 0
3360 226 1
3361 496 0
3362 547 1
3363 386 0
3364 114 1
3365 92 1
3366 477 1
3367 233 1
3368 539 0
3369 495 1
3370 490 0
3371 125 0
3372 365 1
3373 439 1
3374 24 1
3375 218 1
3376 314 1
3377 80 0
3378 251 1
3379 69 1
3380 260 1
3381 220 1
3382 148 1
3383 314 1
3384 208 0
3385 153 1
3386 367 1
3387 166 1
3388 289 0
3389 84 0
3390 281 1
3391 52 1
3392 505 0
3393 433 0
3394 127 1
3395 18 1
3396 192 1
3397 61 1
3398 219 1
3399 516 1
3400 160 1
3401 103 0
3402 476 1
3403 196 1
3404 403 1
3405 14 1
3406 71 0
3407 256 0
3408 279 0
3409 228 0
3410 127 1
3411 282 1
3412 12 1
3413 188 1
3414 246 1
3415 188 1
3416 350 1
3417 422 1
3418 128 1
3419 15 0
3420 387 1
3421 192 0
3422 176 1
3423 522 1
3424 73 1
3425 349 1
3426 525 1
3427 88 0
3428 462 1
3429 258 1
3430 509 1
3431 51 1
3432 265 1
3433 109 1
3434 68 1
3435 413 0
3436 194 1
3437 402 0
3438 29 1
3439 313 1
3440 100 0
3441 422 0
3442 230 0
3443 99 1
3444 276 0
3445 377 1
3446 331 1
3447 29 1
3448 429 0
3449 518 0
3450 303 1
3451 442 1
3452 512 1
3453 355 1
3454 193 0
3455 171 0
3456 266 1
3457 407 0
3458 40 1
3459 165 1
3460 392 1
3461 78 1
3462 458 0
3463 296 0
3464 325 1
3465 321 1
3466 169 0
3467 101 1
3468 32 0
3469 238 1
3470 100 1
3471 7 1
3472 490 1
3473 391 1
3474 408 0
3475 415 0
3476 34 1
3477 460 1
3478 168 1
3479 356 1
3480 546 1
3481 98 0
3482 417 1
3483 372 1
3484 184 1
3485 162 0
3486 507 1
3487 140 1
3488 111 1
3489 544 0
3490 64 1
3491 216 1
3492 429 0
3493 119 0
3494 408 0
3495 28 1
3496 168 1
3497 53 0
3498 406 0
3499 10 1
3500 11 0
3501 324 1
3502 422 0
3503 532 1
3504 11 1
3505 542 1
3506 420 0
3507 254 1
3508 411 1
3509 384 1
3510 376 1
3511 158 1
3512 26 1
3513 66 1
3514 165 1
3515 512 0
3516 329 0
3517 223 1
3518 316 1
3519 222 1
3520 215 1
3521 443 1
3522 458 0
3523 422 1
3524 6 1
3525 73 1
3526 154 1
3527 454 1
3528 482 1
3529 141 0
3530 125 0
3531 312 0
3532 505 1
3533 102 1
3534 226 1
3535 85 1
3536 24 1
3537 13 0
3538 201 1
3539 248 1
3540 217 1
3541 157 1
3542 40 1
3543 80 0
3544 68 1
3545 66 1
3546 403 1
3547 135 1
3548 401 1
3549 114 1
3550 90 0
3551 45 1
3552 255 0
3553 46 0
3554 22 1
3555 191 1
3556 144 1
3557 99 1
3558 407 1
3559 195 0
3560 440 1
3561 196 1
3562 128 1
3563 136 1
3564 98 0
3565 173 1
3566 489 1
3567 303 1
3568 317 1
3569 96 1
3570 172 1
3571 66 1
3572 83 1
3573 540 0
3574 344 1
3575 494 1
3576 486 1
3577 12 0
3578 550 0
3579 160 0
3580 438 0
3581 285 1
3582 40 1
3583 15 0
3584 466 1
3585 184 0
3586 478 0
3587 442 1
3588 456 0
3589 28 1
3590 102 1
3591 522 0
3592 188 0
3593 179 0
3594 211 1
3595 323 1
3596 161 0
3597 473 0
3598 133 1
3599 47 1
3600 88 0
3601 173 1
3602 523 0
3603 104 0
3604 21 1
3605 164 0
3606 142 0
3607 240 0
3608 237 1
3609 45 1
3610 287 1
3611 33 1
3612 465 1
3613 178 1
3614 483 0
3615 133 1
3616 498 0
3617 113 1
3618 409 1
3619 424 1
3620 349 1
3621 83 0
3622 291 1
3623 390 1
3624 271 1
3625 464 1
3626 292 0
3627 534 1
3628 452 1
3629 292 0
3630 427 1
3631 482 1
3632 260 1
3633 410 0
3634 301 0
3635 77 1
3636 399 0
3637 158 0
3638 523 0
3639 195 1
3640 472 1
3641 328 0
3642 54 1
3643 498 1
3644 512 1
3645 458 1
3646 233 1
3647 328 1
3648 472 1
3649 139 1
3650 548 1
3651 401 1
3652 456 1
3653 63 0
3654 44 1
3655 198 1
3656 406 0
3657 256 1
3658 326 1
3659 535 1
3660 10 1
3661 201 1
3662 317 1
3663 224 1
3664 203 1
3665 500 1
3666 68 1
3667 123 1
3668 396 1
3669 441 1
3670 525 1
3671 444 0
3672 102 1
3673 368 0
3674 432 1
3675 162 1
3676 280 1
3677 173 1
3678 380 0
3679 323 1
3680 249 0
3681 311 1
3682 148 1
3683 331 1
3684 149 1
3685 433 1
3686 347 0
3687 29 1
3688 3 1
3689 366 1
3690 236 1
3691 365 0
3692 420 0
3693 90 1
3694 423 1
3695 360 1
3696 213 0
3697 479 0
3698 122 1
3699 394 1
3700 518 1
3701 473 1
3702 130 1
3703 291 1
3704 388 0
3705 56 0
3706 163 0
3707 117 1
3708 447 0
3709 360 1
3710 148 1
3711 439 1
3712 368 1
3713 211 1
3714 72 1
3715 249 0
3716 449 0
3717 472 0
3718 161 0
3719 200 1
3720 397 1
3721 109 1
3722 165 0
3723 40 1
3724 513 0
3725 379 1
3726 57 0
3727 511 1
3728 121 1
3729 444 1
3730 344 1
3731 312 0
3732 392 1
3733 269 1
3734 523 0
3735 38 1
3736 254 1
3737 377 0
3738 454 1
3739 520 1
3740 346 1
3741 526 1
3742 101 1
3743 357 1
3744 184 1
3745 496 1
3746 472 1
3747 217 1
3748 16 1
3749 354 1
3750 524 1
3751 356 1
3752 28 1
3753 133 0
3754 87 1
3755 387 0
3756 448 1
3757 325 1
3758 374 0
3759 300 0
3760 460 0
3761 62 1
3762 540 1
3763 181 1
3764 294 0
3765 544 1
3766 415 1
3767 532 1
3768 18 1
3769 415 0
3770 215 0
3771 67 1
3772 139 0
3773 230 1
3774 51 1
3775 48 1
3776 263 1
3777 380 0
3778 430 1
3779 296 0
3780 32 1
3781 519 1
3782 164 1
3783 419 1
3784 102 0
3785 369 1
3786 60 1
3787 509 1
3788 357 1
3789 201 1
3790 206 1
3791 407 1
3792 399 1
3793 168 1
3794 324 1
3795 531 1
3796 280 1
3797 372 1
3798 486 1
3799 116 1
3800 10 0
3801 434 1
3802 409 0
3803 310 1
3804 67 1
3805 110 1
3806 248 1
3807 190 0
3808 321 0
3809 453 1
3810 351 0
3811 530 1
3812 379 0
3813 12 1
3814 78 1
3815 430 0
3816 101 0
3817 198 1
3818 191 1
3819 213 1
3820 547 1
3821 19 1
3822 410 1
3823 419 1
3824 96 0
3825 313 1
3826 201 1
3827 54 1
3828 130 0
3829 461 0
3830 235 1
3831 336 1
3832 139 1
3833 336 0
3834 19 1
3835 77 0
3836 401 0
3837 338 0
3838 306 1
3839 479 1
3840 14 1
3841 377 1
3842 20 1
3843 323 1
3844 539 0
3845 399 1
3846 60 1
3847 7 1
3848 247 1
3849 530 1
3850 381 1
3851 321 0
3852 193 1
3853 18 0
3854 353 1
3855 430 1
3856 225 1
3857 110 1
3858 175 1
3859 477 1
3860 154 0
3861 385 1
3862 36 1
3863 453 1
3864 264 1
3865 38 1
3866 16 0
3867 403 1
3868 547 1
3869 196 1
3870 446 1
3871 204 0
3872 370 0
3873 446 1
3874 236 1
3875 156 1
3876 223 1
3877 132 0
3878 461 1
3879 543 0
3880 546 0
3881 306 0
3882 429 0
3883 259 1
3884 107 1
3885 261 1
3886 18 0
3887 202 1
3888 309 1
3889 421 0
3890 547 0
3891 504 0
3892 94 1
3893 518 0
3894 198 0
3895 217 1
3896 67 1
3897 282 1
3898 170 1
3899 449 0
3900 525 1
3901 359 1
3902 152 0
3903 459 0
3904 145 1
3905 23 1
3906 434 0
3907 479 0
3908 139 1
3909 20 1
3910 483 1
3911 58 1
3912 250 0
3913 23 1
3914 410 1
3915 265 1
3916 159 1
3917 454 0
3918 122 1
3919 341 1
3920 218 1
3921 488 1
3922 379 0
3923 116 1
3924 349 0
3925 344 0
3926 415 1
3927 359 1
3928 232 0
3929 101 1
3930 383 0
3931 514 1
3932 439 1
3933 342 1
3934 306 0
3935 318 0
3936 535 0
3937 152 1
3938 198 1
3939 408 1
3940 485 0
3941 355 1
3942 132 1
3943 541 0
3944 34 1
3945 494 0
3946 457 1
3947 448 1
3948 401 1
3949 394 1
3950 449 1
3951 207 1
3952 495 1
3953 322 1
3954 115 0
3955 216 0
3956 459 0
3957 437 0
3958 222 0
3959 483 1
3960 5 1
3961 202 1
3962 410 1
3963 295 0
3964 416 1
3965 494 0
3966 378 1
3967 233 0
3968 548 1
3969 542 0
3970 221 0
3971 241 1
3972 305 0
3973 248 0
3974 81 1
3975 272 0
3976 94 0
3977 37 1
3978 100 1
3979 252 1
3980 550 1
3981 277 1
3982 384 1
3983 225 1
3984 1 1
3985 60 1
3986 461 1
3987 432 1
3988 508 1
3989 230 0
3990 348 0
3991 124 1
3992 505 1
3993 395 1
3994 22 0
3995 18 0
3996 329 0
3997 396 1
3998 334 1
3999 110 0
4000 324 1
4001 127 0
4002 512 1
4003 528 0
4004 215 1
4005 505 1
4006 237 0
4007 454 0
4008 360 1
4009 325 1
4010 472 1
4011 403 1
4012 207 1
4013 531 1
4014 397 1
4015 406 0
4016 260 1
4017 523 1
4018 28 1
4019 176 1
4020 233 1
4021 255 0
4022 287 1
4023 190 1
4024 535 0
4025 518 0
4026 386 1
4027 274 1
4028 144 0
4029 72 1
4030 343 1
4031 239 1
4032 459 0
4033 311 1
4034 197 1
4035 218 1
4036 144 1
4037 389 1
4038 160 1
4039 55 0
4040 110 0
4041 127 0
4042 430 1
4043 67 1
4044 103 0
4045 52 0
4046 105 1
4047 25 1
4048 501 0
4049 27 1
4050 351 1
4051 65 1
4052 207 1
4053 455 1
4054 50 1
4055 551 1
4056 20 1
4057 185 0
4058 16 1
4059 514 1
4060 431 0
4061 93 0
4062 306 0
4063 116 0
4064 494 1
4065 482 0
4066 389 1
4067 276 0
4068 17 0
4069 452 0
4070 179 0
4071 308 1
4072 65 1
4073 138 1
4074 234 0
4075 280 0
4076 115 0
4077 218 1
4078 491 1
4079 244 1
4080 478 1
4081 214 1
4082 249 1
4083 439 1
4084 159 1
4085 414 1
4086 318 1
4087 537 0
4088 152 1
4089 545 0
4090 264 1
4091 27 1
4092 175 1
4093 328 1
4094 68 0
4095 76 0
4096 235 1
4097 389 1
4098 270 1
4099 280 1
4100 144 1
4101 215 0
4102 393 1
4103 374 1
4104 404 0
4105 459 1
4106 170 0
4107 536 1
4108 260 1
4109 500 1
4110 374 1
4111 362 0
4112 356 0
4113 70 1
4114 3 0
4115 543 1
4116 21 0
4117 138 1
4118 486 1
4119 487 1
4120 368 1
4121 496 1
4122 408 0
4123 372 1
4124 281 0
4125 484 1
4126 385 0
4127 241 1
4128 533 1
4129 303 1
4130 190 1
4131 172 1
4132 540 1
4133 153 1
4134 271 1
4135 302 0
4136 522 0
4137 154 1
4138 254 1
4139 535 0
4140 374 0
4141 167 1
4142 210 1
4143 477 1
4144 248 1
4145 216 1
4146 11 1
4147 177 1
4148 187 0
4149 515 1
4150 498 1
4151 74 1
4152 39 1
4153 374 1
4154 282 1
4155 357 1
4156 313 0
4157 392 0
4158 461 0
4159 282 1
4160 35 1
4161 123 1
4162 376 0
4163 46 1
4164 198 0
4165 510 0
4166 354 1
4167 180 0
4168 340 1
4169 175 0
4170 440 0
4171 254 0
4172 33 1
4173 252 0
4174 453 1
4175 180 1
4176 522 1
4177 534 1
4178 172 1
4179 397 0
4180 158 1
4181 43 1
4182 507 1
4183 394 1
4184 267 1
4185 445 0
4186 78 0
4187 397 0
4188 283 0
4189 134 0
4190 160 1
4191 120 1
4192 147 0
4193 4 0
4194 251 1
4195 218 1
4196 285 1
4197 371 1
4198 14 1
4199 24 1
4200 311 1
4201 476 1
4202 66 1
4203 540 1
4204 499 1
4205 21 0
4206 518 0
4207 278 0
4208 363 0
4209 512 1
4210 212 0
4211 513 1
4212 9 1
4213 227 1
4214 73 0
4215 344 1
4216 209 1
4217 261 1
4218 78 1
4219 152 1
4220 453 0
4221 172 0
4222 394 1
4223 20 1
4224 261 1
4225 309 0
4226 239 1
4227 419 1
4228 90 1
4229 271 0
4230 386 1
4231 76 0
4232 372 0
4233 399 1
4234 115 1
4235 515 1
4236 213 0
4237 475 0
4238 114 0
4239 301 1
4240 4 1
4241 296 0
4242 328 1
4243 532 1
4244 338 1
4245 150 1
4246 395 1
4247 296 1
4248 51 1
4249 153 0
4250 182 1
4251 263 0
4252 331 1
4253 451 1
4254 210 1
4255 308 1
4256 259 1
4257 498 0
4258 297 0
4259 22 1
4260 217 0
4261 376 0
4262 438 0
4263 355 0
4264 303 1
4265 184 1
4266 152 1
4267 369 1
4268 163 1
4269 417 1
4270 508 1
4271 116 1
4272 307 1
4273 371 0
4274 28 0
4275 215 1
4276 53 1
4277 386 0
4278 199 1
4279 468 1
4280 186 1
4281 516 0
4282 77 1
4283 350 1
4284 89 1
4285 181 1
4286 470 0
4287 341 1
4288 399 1
4289 317 0
4290 1 1
4291 161 0
4292 60 0
4293 33 1
4294 224 1
4295 290 1
4296 130 1
4297 237 1
4298 115 1
4299 15 0
4300 291 1
4301 289 1
4302 534 1
4303 474 0
4304 238 1
4305 257 1
4306 300 1
4307 373 1
4308 453 1
4309 147 1
4310 436 0
4311 24 1
4312 219 0
4313 302 1
4314 337 1
4315 26 1
4316 2 0
4317 366 1
4318 434 1
4319 367 1
4320 56 0
4321 440 0
4322 19 1
4323 204 1
4324 156 1
4325 126 1
4326 277 0
4327 95 0
4328 452 1
4329 319 1
4330 242 1
4331 394 1
4332 149 1
4333 230 1
4334 536 0
4335 193 0
4336 197 0
4337 436 0
4338 383 1
4339 217 0
4340 520 1
4341 68 1
4342 494 1
4343 229 1
4344 128 1
4345 160 1
4346 382 1
4347 64 0
4348 250 1
4349 11 1
4350 419 1
4351 315 1
4352 326 0
4353 361 1
4354 368 0
4355 185 0
4356 369 1
4357 69 1
4358 537 1
4359 235 1
4360 375 0
4361 485 1
4362 398 1
4363 185 0
4364 371 0
4365 371 1
4366 481 1
4367 342 0
4368 455 1
4369 412 1
4370 217 1
4371 136 0
4372 380 0
4373 427 1
4374 32 1
4375 479 0
4376 545 1
4377 101 1
4378 489 1
4379 16 1
4380 51 1
4381 34 1
4382 50 1
4383 235 1
4384 56 1
4385 305 0
4386 261 1
4387 389 1
4388 134 0
4389 495 1
4390 414 1
4391 103 1
4392 363 1
4393 327 1
4394 59 1
4395 97 1
4396 258 0
4397 90 0
4398 36 1
4399 342 1
4400 540 0
4401 447 0
4402 24 1
4403 379 1
4404 36 1
4405 406 1
4406 233 1
4407 385 1
4408 241 0
4409 384 1
4410 71 1
4411 450 1
4412 101 1
4413 167 0
4414 433 0
4415 270 1
4416 133 1
4417 160 0
4418 489 0
4419 396 0
4420 350 1
4421 503 1
4422 287 0
4423 155 1
4424 65 0
4425 357 1
4426 469 0
4427 507 1
4428 324 0
4429 155 0
4430 159 1
4431 116 1
4432 79 1
4433 530 1
4434 343 0
4435 30 1
4436 113 0
4437 292 0
4438 399 1
4439 457 1
4440 435 1
4441 129 1
4442 7 1
4443 410 0
4444 286 1
4445 25 0
4446 519 1
4447 226 0
4448 497 0
4449 104 1
4450 67 1
4451 510 0
4452 236 0
4453 68 1
4454 186 0
4455 76 0
4456 277 0
4457 461 1
4458 330 1
4459 143 1
4460 373 0
4461 550 0
4462 350 1
4463 387 1
4464 509 1
4465 113 1
4466 194 0
4467 244 0
4468 402 1
4469 2 1
4470 367 0
4471 146 0
4472 323 0
4473 496 0
4474 375 0
4475 166 0
4476 296 1
4477 537 1
4478 469 0
4479 471 1
4480 432 1
4481 491 0
4482 183 0
4483 504 1
4484 25 0
4485 111 1
4486 72 1
4487 12 1
4488 353 1
4489 537 1
4490 83 1
4491 413 1
4492 396 1
4493 515 1
4494 299 1
4495 228 1
4496 506 1
4497 293 0
4498 392 0
4499 251 1
4500 240 1
4501 297 1
4502 148 1
4503 236 1
4504 345 1
4505 206 1
4506 453 1
4507 256 0
4508 546 1
4509 99 1
4510 141 1
4511 0 1
4512 535 0
4513 313 1
4514 27 1
4515 280 0
4516 415 1
4517 107 0
4518 454 0
4519 0 1
4520 94 1
4521 164 1
4522 315 1
4523 333 1
4524 128 1
4525 131 1
4526 287 1
4527 445 0
4528 425 1
4529 134 1
4530 218 1
4531 247 1
4532 8 0
4533 172 1
4534 226 1
4535 238 0
4536 420 1
4537 396 1
4538 311 0
4539 532 0
4540 97 1
4541 236 0
4542 283 1
4543 143 0
4544 415 1
4545 136 1
4546 261 0
4547 243 1
4548 265 1
4549 220 1
4550 77 1
4551 380 1
4552 349 1
4553 168 1
4554 401 0
4555 75 1
4556 300 1
4557 411 1
4558 521 0
4559 267 0
4560 320 1
4561 507 1
4562 274 0
4563 339 1
4564 102 0
4565 47 0
4566 546 0
4567 164 1
4568 100 1
4569 532 1
4570 521 1
4571 528 0
4572 408 1
4573 380 1
4574 430 1
4575 210 0
4576 538 1
4577 308 0
4578 404 1
4579 327 0
4580 222 1
4581 134 1
4582 291 1
4583 89 1
4584 119 1
4585 421 0
4586 125 0
4587 477 1
4588 313 1
4589 399 1
4590 480 1
4591 470 0
4592 263 1
4593 254 1
4594 441 0
4595 109 0
4596 444 0
4597 368 1
4598 30 0
4599 63 1
4600 15 1
4601 317 1
4602 370 0
4603 202 1
4604 75 0
4605 403 0
4606 146 0
4607 509 1
4608 75 1
4609 12 1
4610 280 0
4611 156 0
4612 445 1
4613 396 1
4614 470 1
4615 152 1
4616 472 1
4617 153 1
4618 239 1
4619 502 1
4620 444 1
4621 357 1
4622 163 0
4623 488 1
4624 13 1
4625 283 1
4626 111 1
4627 507 1
4628 452 0
4629 520 1
4630 379 1
4631 383 0
4632 118 1
4633 117 0
4634 380 1
4635 160 0
4636 422 1
4637 351 1
4638 320 0
4639 352 1
4640 277 1
4641 155 0
4642 51 1
4643 472 0
4644 542 1
4645 441 1
4646 89 1
4647 196 1
4648 337 1
4649 52 1
4650 381 1
4651 517 1
4652 178 1
4653 405 1
4654 93 1
4655 359 1
4656 369 1
4657 326 1
4658 113 1
4659 492 1
4660 215 0
4661 0 1
4662 142 1
4663 39 1
4664 550 1
4665 172 0
4666 344 1
4667 159 0
4668 455 0
4669 36 0
4670 257 0
4671 446 1
4672 398 0
4673 64 1
4674 546 1
4675 143 0
4676 466 1
4677 41 0
4678 380 0
4679 64 0
4680 292 1
4681 286 1
4682 375 0
4683 134 1
4684 537 1
4685 394 1
4686 53 1
4687 397 1
4688 36 1
4689 452 1
4690 34 0
4691 280 0
4692 227 1
4693 45 1
4694 522 0
4695 514 0
4696 387 1
4697 386 1
4698 221 1
4699 16 1
4700 178 1
4701 489 1
4702 226 1
4703 211 1
4704 364 1
4705 292 0
4706 235 1
4707 386 0
4708 462 1
4709 46 1
4710 30 1
4711 142 0
4712 337 1
4713 155 1
4714 536 0
4715 253 1
4716 109 1
4717 473 1
4718 53 1
4719 45 0
4720 324 1
4721 263 1
4722 438 0
4723 510 0
4724 57 1
4725 268 0
4726 93 0
4727 32 1
4728 426 1
4729 478 1
4730 398 1
4731 60 0
4732 370 1
4733 330 0
4734 194 1
4735 328 1
4736 201 0
4737 14 0
4738 216 0
4739 515 0
4740 57 1
4741 401 1
4742 89 0
4743 69 1
4744 149 1
4745 413 1
4746 175 1
4747 543 1
4748 494 0
4749 496 1
4750 185 0
4751 184 1
4752 391 1
4753 1 1
4754 251 0
4755 409 1
4756 195 1
4757 498 1
4758 221 1
4759 327 0
4760 51 1
4761 406 1
4762 149 1
4763 339 1
4764 208 0
4765 309 1
4766 83 1
4767 308 1
4768 219 1
4769 58 1
4770 314 1
4771 306 1
4772 214 1
4773 322 1
4774 349 1
4775 254 0
4776 366 1
4777 155 0
4778 546 0
4779 135 1
4780 266 1
4781 124 1
4782 465 1
4783 312 1
4784 189 0
4785 131 1
4786 285 1
4787 541 1
4788 219 1
4789 383 1
4790 528 0
4791 456 0
4792 234 1
4793 346 0
4794 42 1
4795 471 1
4796 454 1
4797 145 0
4798 515 1
4799 28 1
4800 275 1
4801 184 1
4802 126 0
4803 549 0
4804 524 1
4805 401 1
4806 546 1
4807 331 1
4808 445 1
4809 496 0
4810 134 1
4811 323 1
4812 498 0
4813 484 1
4814 414 1
4815 102 1
4816 160 0
4817 226 1
4818 499 1
4819 119 1
4820 172 1
4821 499 0
4822 354 0
4823 434 1
4824 483 1
4825 262 1
4826 282 0
4827 142 0
4828 541 1
4829 218 0
4830 35 1
4831 69 1
4832 134 1
4833 10 1
4834 47 0
4835 80 0
4836 178 1
4837 385 0
4838 386 1
4839 267 1
4840 173 1
4841 383 1
4842 50 1
4843 212 1
4844 48 0
4845 523 1
4846 278 0
4847 399 0
4848 375 1
4849 533 1
4850 66 1
4851 129 0
4852 128 1
4853 224 0
4854 309 1
4855 320 1
4856 548 1
4857 466 0
4858 165 0
4859 126 0
4860 44 1
4861 417 0
4862 177 1
4863 222 1
4864 161 0
4865 503 1
4866 304 1
4867 472 0
4868 83 1
4869 435 1
4870 164 1
4871 403 1
4872 435 0
4873 247 1
4874 484 0
4875 342 1
4876 550 0
4877 379 1
4878 472 1
4879 256 0
4880 293 0
4881 310 1
4882 327 0
4883 519 1
4884 455 1
4885 331 1
4886 134 0
4887 309 1
4888 28 0
4889 105 0
4890 418 1
4891 18 1
4892 144 1
4893 120 1
4894 487 0
4895 186 1
4896 111 1
4897 275 1
4898 295 1
4899 337 1
4900 172 1
4901 306 0
4902 418 1
4903 363 0
4904 108 1
4905 448 1
4906 405 0
4907 470 1
4908 351 0
4909 141 0
4910 494 1
4911 516 1
4912 392 0
4913 532 1
4914 9 0
4915 334 1
4916 1 1
4917 16 0
4918 232 1
4919 354 1
4920 336 1
4921 394 1
4922 204 1
4923 266 1
4924 391 0
4925 331 1
4926 264 1
4927 467 1
4928 102 0
4929 280 1
4930 252 0
4931 372 0
4932 230 1
4933 160 1
4934 216 1
4935 330 1
4936 253 0
4937 310 0
4938 485 1
4939 542 0
4940 512 1
4941 225 1
4942 144 1
4943 409 0
4944 75 1
4945 437 0
4946 239 1
4947 108 1
4948 94 1
4949 500 1
4950 272 1
4951 430 1
4952 451 0
4953 551 1
4954 253 1
4955 236 1
4956 390 1
4957 478 1
4958 90 1
4959 308 1
4960 512 0
4961 533 1
4962 451 1
4963 236 0
4964 398 0
4965 383 1
4966 463 0
4967 212 1
4968 490 1
4969 234 1
4970 201 1
4971 404 1
4972 459 0
4973 62 1
4974 193 1
4975 203 1
4976 52 0
4977 432 1
4978 353 1
4979 536 0
4980 341 1
4981 438 1
4982 156 1
4983 102 0
4984 310 0
4985 285 1
4986 334 1
4987 78 0
4988 548 1
4989 279 0
4990 39 1
4991 383 1
4992 154 0
4993 82 1
4994 421 1
4995 236 0
4996 1 1
4997 503 0
4998 221 0
4999 292 0
5000 430 0
5001 18 0
5002 243 1
5003 494 0
5004 317 1
5005 470 1
5006 192 1
5007 487 1
5008 53 1
5009 383 0
5010 163 1
5011 213 0
5012 229 0
5013 361 0
5014 257 1
5015 509 0
5016 167 0
5017 428 0
5018 192 1
5019 178 1
5020 80 1
5021 393 0
5022 438 1
5023 148 1
5024 425 1
5025 534 0
5026 126 0
5027 240 1
5028 359 1
5029 334 0
5030 231 0
5031 280 1
5032 387 1
5033 336 0
5034 14 0
5035 24 1
5036 99 0
5037 448 1
5038 233 0
5039 5 0
5040 103 0
5041 222 1
5042 222 1
5043 72 1
5044 39 0
5045 133 1
5046 186 1
5047 196 1
5048 17 0
5049 88 0
5050 536 0
5051 207 0
5052 17 0
5053 149 0
5054 227 1
5055 436 1
5056 221 1
5057 7 0
5058 56 1
5059 512 0
5060 526 0
5061 446 0
5062 547 1
5063 261 0
5064 111 0
5065 124 1
5066 541 0
5067 299 1
5068 514 0
5069 336 1
5070 130 1
5071 519 1
5072 366 1
5073 322 0
5074 94 1
5075 5 1
5076 415 0
5077 308 1
5078 30 1
5079 503 0
5080 406 0
5081 317 0
5082 447 1
5083 441 0
5084 40 1
5085 87 1
5086 445 0
5087 49 0
5088 109 1
5089 169 1
5090 141 1
5091 351 1
5092 154 0
5093 455 0
5094 164 1
5095 405 1
5096 521 0
5097 453 1
5098 314 1
5099 314 1
5100 15 1
5101 12 1
5102 535 1
5103 247 0
5104 432 0
5105 375 1
5106 118 0
5107 106 1
5108 321 1
5109 496 0
5110 495 1
5111 543 1
5112 48 1
5113 369 1
5114 274 1
5115 205 0
5116 100 1
5117 317 1
5118 279 0
5119 216 0
5120 508 1
5121 261 0
5122 254 0
5123 427 1
5124 456 0
5125 37 1
5126 250 1
5127 352 0
5128 1 1
5129 149 1
5130 380 1
5131 53 1
5132 61 1
5133 51 1
5134 423 1
5135 28 1
5136 347 1
5137 534 1
5138 185 0
5139 152 1
5140 270 0
5141 529 1
5142 298 0
5143 346 1
5144 538 1
5145 62 1
5146 379 1
5147 334 0
5148 526 1
5149 268 1
5150 141 1
5151 264 1
5152 155 1
5153 25 1
5154 145 1
5155 470 1
5156 447 1
5157 423 1
5158 225 1
5159 20 1
5160 241 1
5161 66 0
5162 238 0
5163 548 1
5164 315 1
5165 97 1
5166 90 1
5167 433 1
5168 137 1
5169 73 1
5170 164 1
5171 185 1
5172 440 0
5173 373 0
5174 353 0
5175 365 1
5176 517 0
5177 151 1
5178 361 1
5179 456 0
5180 453 0
5181 68 0
5182 443 0
5183 316 1
5184 488 0
5185 350 1
5186 381 0
5187 280 1
5188 79 1
5189 463 0
5190 536 1
5191 516 1
5192 196 1
5193 272 0
5194 303 0
5195 169 1
5196 258 1
5197 275 1
5198 267 1
5199 258 0
5200 469 1
5201 384 0
5202 40 1
5203 96 0
5204 254 0
5205 80 0
5206 323 1
5207 307 0
5208 240 0
5209 53 0
5210 244 1
5211 236 1
5212 541 1
5213 180 1
5214 79 1
5215 540 1
5216 494 1
5217 334 1
5218 12 0
5219 222 1
5220 437 1
5221 73 1
5222 387 1
5223 257 1
5224 449 0
5225 106 1
5226 21 0
5227 172 1
5228 422 0
5229 387 1
5230 278 1
5231 497 1
5232 275 1
5233 323 1
5234 158 1
5235 42 1
5236 335 0
5237 332 0
5238 537 1
5239 325 0
5240 388 1
5241 103 1
5242 342 1
5243 540 1
5244 155 1
5245 161 1
5246 238 1
5247 222 0
5248 426 1
5249 248 1
5250 26 0
5251 195 1
5252 487 1
5253 60 0
5254 93 1
5255 474 1
5256 345 1
5257 419 0
5258 381 0
5259 348 1
5260 230 0
5261 538 1
5262 144 1
5263 469 1
5264 201 0
5265 130 1
5266 24 1
5267 76 1
5268 342 1
5269 551 0
5270 10 1
5271 405 1
5272 539 1
5273 531 1
5274 167 1
5275 472 1
5276 366 1
5277 393 1
5278 114 1
5279 57 1
5280 3 1
5281 70 1
5282 1 0
5283 27 1
5284 363 1
5285 267 0
5286 540 1
5287 257 0
5288 512 0
5289 463 1
5290 132 0
5291 52 1
5292 290 1
5293 537 1
5294 283 1
5295 288 0
5296 229 1
5297 354 1
5298 34 1
5299 102 1
5300 489 1
5301 339 1
5302 17 1
5303 533 0
5304 360 1
5305 144 1
5306 276 1
5307 519 1
5308 169 0
5309 540 1
5310 546 1
5311 227 1
5312 123 1
5313 535 0
5314 491 0
5315 83 0
5316 495 1
5317 434 1
5318 546 0
5319 18 1
5320 307 1
5321 375 1
5322 439 0
5323 167 1
5324 295 0
5325 37 0
5326 431 1
5327 42 1
5328 373 0
5329 200 0
5330 190 1
5331 269 1
5332 233 0
5333 174 0
5334 14 1
5335 70 1
5336 434 1
5337 434 1
5338 236 1
5339 458 0
5340 244 0
5341 350 1
5342 287 0
5343 166 1
5344 497 0
5345 461 1
5346 178 0
5347 349 1
5348 370 1
5349 127 0
5350 243 1
5351 235 1
5352 131 0
5353 527 0
5354 246 1
5355 387 1
5356 456 1
5357 101 1
5358 105 1
5359 339 1
5360 163 0
5361 266 1
5362 508 1
5363 281 0
5364 154 1
5365 239 1
5366 94 1
5367 50 1
5368 159 1
5369 81 0
5370 538 1
5371 343 1
5372 182 1
5373 121 1
5374 201 1
5375 418 1
5376 238 1
5377 233 0
5378 315 1
5379 8 1
5380 412 1
5381 354 1
5382 290 1
5383 180 1
5384 510 1
5385 343 1
5386 257 1
5387 467 0
5388 68 1
5389 255 0
5390 25 1
5391 121 0
5392 373 1
5393 497 1
5394 357 0
5395 93 1
5396 282 1
5397 172 1
5398 379 0
5399 510 1
5400 181 1
5401 362 1
5402 477 1
5403 366 1
5404 393 0
5405 342 0
5406 270 1
5407 210 1
5408 345 0
5409 227 1
5410 190 0
5411 408 1
5412 255 1
5413 60 0
5414 500 0
5415 460 0
5416 401 0
5417 16 1
5418 35 1
5419 399 1
5420 531 1
5421 375 1
5422 180 1
5423 340 0
5424 310 1
5425 164 0
5426 375 1
5427 500 0
5428 129 0
5429 240 0
5430 67 0
5431 207 1
5432 458 1
5433 282 1
5434 133 1
5435 450 0
5436 398 0
5437 361 1
5438 387 0
5439 40 0
5440 204 0
5441 133 1
5442 305 0
5443 225 0
5444 170 1
5445 513 1
5446 142 1
5447 234 1
5448 472 0
5449 70 0
5450 174 0
5451 166 1
5452 282 0
5453 87 0
5454 165 0
5455 343 0
5456 371 1
5457 517 1
5458 86 0
5459 8 1
5460 144 1
5461 21 0
5462 217 1
5463 376 1
5464 260 0
5465 231 1
5466 455 1
5467 494 1
5468 452 1
5469 382 0
5470 156 0
5471 515 1
5472 178 0
5473 141 1
5474 158 1
5475 8 1
5476 198 1
5477 78 0
5478 325 1
5479 41 1
5480 428 0
5481 507 1
5482 157 1
5483 44 1
5484 7 0
5485 163 1
5486 128 0
5487 219 0
5488 94 1
5489 98 1
5490 37 1
5491 43 0
5492 216 1
5493 139 0
5494 103 1
5495 62 1
5496 492 1
5497 391 0
5498 546 0
5499 194 1
5500 391 0
5501 205 1
5502 11 0
5503 394 1
5504 313 0
5505 438 1
5506 87 1
5507 74 1
5508 91 1
5509 292 1
5510 513 1
5511 254 1
5512 451 1
5513 78 0
5514 18 1
5515 527 1
5516 158 1
5517 456 0
5518 92 1
5519 395 1
5520 239 1
5521 244 1
5522 250 1
5523 157 1
5524 59 1
5525 64 1
5526 331 0
5527 1 1
5528 412 1
5529 203 0
5530 431 1
5531 327 0
5532 398 0
5533 287 1
5534 18 1
5535 384 0
5536 451 1
5537 151 0
5538 474 0
5539 531 1
5540 245 0
5541 81 0
5542 361 0
5543 294 0
5544 201 1
5545 140 1
5546 164 0
5547 158 1
5548 228 0
5549 542 1
5550 103 1
5551 72 1
5552 531 0
5553 152 1
5554 532 1
5555 3 0
5556 214 1
5557 290 0
5558 247 0
5559 285 0
5560 18 1
5561 57 1
5562 422 1
5563 234 1
5564 189 0
5565 424 1
5566 86 1
5567 335 1
5568 208 0
5569 47 1
5570 146 1
5571 453 0
5572 214 1
5573 464 1
5574 304 1
5575 438 1
5576 151 1
5577 33 1
5578 239 0
5579 199 1
5580 531 1
5581 250 0
5582 96 0
5583 211 0
5584 89 1
5585 532 1
5586 388 1
5587 84 1
5588 153 0
5589 40 1
5590 233 1
5591 348 1
5592 502 1
5593 486 1
5594 177 1
5595 146 0
5596 326 0
5597 262 1
5598 510 1
5599 175 1
5600 220 0
5601 322 1
5602 117 0
5603 148 1
5604 482 1
5605 296 1
5606 155 1
5607 77 0
5608 514 0
5609 334 0
5610 265 0
5611 335 1
5612 365 0
5613 462 0
5614 520 1
5615 450 0
5616 320 1
5617 285 1
5618 155 1
5619 237 1
5620 110 0
5621 330 1
5622 114 1
5623 370 1
5624 498 0
5625 255 0
5626 121 1
5627 291 0
5628 84 1
5629 338 1
5630 366 0
5631 361 1
5632 498 0
5633 101 0
5634 56 0
5635 267 1
5636 399 0
5637 471 0
5638 492 1
5639 77 1
5640 521 1
5641 179 1
5642 411 0
5643 66 1
5644 160 1
5645 116 1
5646 169 0
5647 189 1
5648 59 0
5649 297 1
5650 196 0
5651 321 0
5652 98 0
5653 85 1
5654 97 0
5655 5 0
5656 23 0
5657 198 1
5658 143 1
5659 418 1
5660 196 1
5661 357 1
5662 499 1
5663 521 0
5664 405 0
5665 162 1
5666 319 0
5667 134 1
5668 252 1
5669 495 1
5670 422 1
5671 456 1
5672 173 1
5673 368 0
5674 446 1
5675 107 1
5676 256 0
5677 497 1
5678 500 1
5679 250 1
5680 261 1
5681 443 1
5682 423 0
5683 525 0
5684 325 0
5685 1 1
5686 457 1
5687 129 1
5688 88 0
5689 435 1
5690 220 1
5691 73 1
5692 496 1
5693 208 0
5694 525 1
5695 325 1
5696 398 1
5697 302 1
5698 322 1
5699 513 1
5700 231 0
5701 331 1
5702 460 0
5703 296 1
5704 486 1
5705 18 1
5706 250 0
5707 160 0
5708 150 1
5709 166 1
5710 395 0
5711 437 1
5712 197 1
5713 39 1
5714 542 0
5715 103 0
5716 515 1
5717 479 1
5718 422 1
5719 499 1
5720 482 1
5721 0 1
5722 98 0
5723 415 1
5724 56 1
5725 452 0
5726 522 1
5727 181 1
5728 53 1
5729 214 1
5730 221 0
5731 345 1
5732 319 1
5733 176 1
5734 535 1
5735 35 0
5736 130 1
5737 135 0
5738 275 1
5739 516 0
5740 68 1
5741 271 1
5742 242 0
5743 285 1
5744 160 1
5745 378 1
5746 385 1
5747 135 0
5748 444 0
5749 383 1
5750 475 1
5751 422 1
5752 493 0
5753 281 0
5754 43 1
5755 35 1
5756 150 0
5757 230 1
5758 246 1
5759 175 0
5760 32 1
5761 357 0
5762 214 1
5763 58 1
5764 251 0
5765 62 1
5766 347 1
5767 268 1
5768 529 1
5769 544 0
5770 324 0
5771 213 0
5772 374 1
5773 355 1
5774 527 0
5775 4 1
5776 20 0
5777 465 1
5778 341 1
5779 381 0
5780 493 0
5781 295 1
5782 416 1
5783 65 0
5784 90 1
5785 454 0
5786 125 1
5787 336 0
5788 87 1
5789 57 0
5790 158 0
5791 110 0
5792 502 1
5793 493 0
5794 74 1
5795 411 1
5796 293 0
5797 384 0
5798 207 1
5799 39 1
5800 546 1
5801 199 1
5802 137 0
5803 108 1
5804 163 1
5805 326 0
5806 266 1
5807 67 1
5808 499 1
5809 547 0
5810 410 0
5811 117 1
5812 49 1
5813 389 1
5814 438 1
5815 81 1
5816 410 1
5817 81 1
5818 304 0
5819 259 1
5820 354 1
5821 316 0
5822 510 0
5823 324 1
5824 472 1
5825 7 1
5826 213 1
5827 10 0
5828 114 1
5829 47 1
5830 316 0
5831 514 0
5832 409 1
5833 249 0
5834 232 0
5835 156 1
5836 70 0
5837 182 1
5838 384 0
5839 525 1
5840 353 1
5841 162 0
5842 186 0
5843 357 1
5844 101 1
5845 421 1
5846 22 1
5847 160 1
5848 466 1
5849 121 1
5850 446 1
5851 260 1
5852 238 0
5853 32 1
5854 476 0
5855 414 0
5856 106 1
5857 372 0
5858 277 1
5859 121 1
5860 70 1
5861 324 1
5862 414 0
5863 52 1
5864 381 1
5865 3 0
5866 450 1
5867 319 1
5868 234 0
5869 246 1
5870 437 0
5871 516 0
5872 213 1
5873 324 1
5874 41 1
5875 397 1
5876 515 0
5877 284 0
5878 141 1
5879 234 1
5880 509 1
5881 286 1
5882 540 1
5883 32 0
5884 485 1
5885 421 1
5886 467 1
5887 401 1
5888 209 0
5889 147 1
5890 186 1
5891 442 0
5892 201 0
5893 15 0
5894 511 1
5895 392 1
5896 526 1
5897 405 0
5898 260 0
5899 225 1
5900 244 1
5901 11 0
5902 7 0
5903 328 1
5904 154 1
5905 507 1
5906 547 1
5907 490 1
5908 60 1
5909 66 1
5910 283 0
5911 17 1
5912 73 1
5913 301 1
5914 347 1
5915 526 0
5916 149 0
5917 240 0
5918 478 0
5919 413 0
5920 532 0
5921 420 1
5922 293 1
5923 212 1
5924 433 1
5925 414 1
5926 225 1
5927 502 1
5928 341 1
5929 120 1
5930 306 0
5931 216 0
5932 120 1
5933 99 1
5934 513 0
5935 206 0
5936 448 1
5937 508 0
5938 514 1
5939 72 1
5940 527 1
5941 87 1
5942 405 1
5943 539 0
5944 329 1
5945 410 0
5946 243 0
5947 26 0
5948 59 1
5949 490 0
5950 166 0
5951 1 0
5952 259 0
5953 333 1
5954 206 1
5955 144 1
5956 379 0
5957 422 1
5958 310 1
5959 506 1
5960 5 0
5961 211 1
5962 519 1
5963 140 1
5964 443 0
5965 87 0
5966 222 0
5967 201 0
5968 127 1
5969 271 1
5970 387 1
5971 3 1
5972 136 1
5973 526 1
5974 362 1
5975 533 1
5976 372 1
5977 144 1
5978 510 1
5979 447 1
5980 362 1
5981 499 0
5982 191 0
5983 83 0
5984 170 1
5985 100 1
5986 218 0
5987 299 0
5988 56 1
5989 288 1
5990 241 1
5991 274 1
5992 542 0
5993 522 1
5994 191 1
5995 390 1
5996 479 0
5997 115 1
5998 14 0
5999 477 1
6000 40 1
6001 230 0
6002 208 1
6003 141 1
6004 291 1
6005 171 1
6006 228 0
6007 122 1
6008 352 1
6009 247 0
6010 37 1
6011 34 0
6012 502 0
6013 164 0
6014 387 0
6015 189 0
6016 195 1
6017 174 1
6018 476 1
6019 156 1
6020 234 1
6021 276 1
6022 220 1
6023 208 1
6024 19 0
6025 53 1
6026 68 0
6027 101 0
6028 236 0
6029 63 1
6030 395 0
6031 538 1
6032 199 0
6033 481 0
6034 517 0
6035 419 0
6036 452 1
6037 189 0
6038 30 0
6039 222 1
6040 341 0
6041 145 1
6042 402 1
6043 508 1
6044 0 0
6045 237 0
6046 392 1
6047 473 1
6048 424 0
6049 244 1
6050 16 1
6051 116 0
6052 255 1
6053 118 1
6054 151 1
6055 374 1
6056 103 1
6057 469 1
6058 254 1
6059 119 1
6060 526 1
6061 138 1
6062 107 1
6063 446 0
6064 31 0
6065 449 0
6066 290 0
6067 4 0
6068 319 1
6069 318 0
6070 502 1
6071 490 0
6072 147 0
6073 86 1
6074 322 1
6075 185 1
6076 129 1
6077 150 1
6078 463 1
6079 257 0
6080 263 1
6081 30 0
6082 168 0
6083 546 0
6084 237 1
6085 486 1
6086 532 1
6087 321 1
6088 361 0
6089 58 1
6090 141 0
6091 507 1
6092 54 1
6093 547 0
6094 230 0
6095 540 1
6096 447 1
6097 495 0
6098 173 0
6099 79 1
6100 370 1
6101 85 0
6102 479 1
6103 7 1
6104 302 1
6105 499 0
6106 348 1
6107 201 1
6108 87 1
6109 408 1
6110 489 1
6111 300 1
6112 495 1
6113 528 1
6114 261 0
6115 14 0
6116 109 0
6117 471 0
6118 546 0
6119 404 1
6120 31 1
6121 267 1
6122 293 1
6123 229 1
6124 194 1
6125 187 0
6126 11 0
6127 44 1
6128 218 1
6129 111 0
6130 115 1
6131 48 0
6132 265 1
6133 341 1
6134 485 1
6135 84 1
6136 33 1
6137 343 1
6138 309 1
6139 196 0
6140 186 1
6141 162 1
6142 318 1
6143 272 1
6144 306 1
6145 504 1
6146 36 1
6147 135 0
6148 7 1
6149 50 1
6150 158 1
6151 496 0
6152 526 1
6153 7 1
6154 388 1
6155 314 1
6156 74 0
6157 300 1
6158 211 1
6159 456 0
6160 443 1
6161 428 1
6162 449 1
6163 269 0
6164 15 1
6165 517 1
6166 534 0
6167 406 1
6168 237 1
6169 280 1
6170 144 0
6171 176 0
6172 7 1
6173 138 1
6174 24 1
6175 225 0
6176 491 1
6177 474 0
6178 152 1
6179 414 1
6180 39 0
6181 381 1
6182 289 0
6183 18 1
6184 176 0
6185 128 1
6186 420 1
6187 26 1
6188 308 1
6189 175 1
6190 247 1
6191 287 1
6192 501 1
6193 103 1
6194 442 0
6195 308 1
6196 385 1
6197 543 0
6198 413 0
6199 177 0
6200 387 0
6201 358 1
6202 138 1
6203 211 1
6204 77 1
6205 227 1
6206 274 1
6207 79 1
6208 213 1
6209 404 0
6210 188 0
6211 72 1
6212 339 0
6213 183 0
6214 152 1
6215 278 1
6216 195 0
6217 323 0
6218 550 1
6219 228 0
6220 449 0
6221 520 1
6222 499 1
6223 475 0
6224 269 0
6225 263 1
6226 16 1
6227 518 1
6228 479 1
6229 84 1
6230 39 0
6231 147 1
6232 487 1
6233 15 1
6234 20 1
6235 89 1
6236 228 1
6237 169 0
6238 104 0
6239 375 0
6240 499 1
6241 319 0
6242 501 0
6243 439 1
6244 515 1
6245 36 1
6246 334 0
6247 236 0
6248 141 1
6249 283 1
6250 24 0
6251 119 1
6252 469 1
6253 507 1
6254 460 0
6255 474 1
6256 456 1
6257 491 1
6258 55 1
6259 362 1
6260 350 0
6261 21 1
6262 69 0
6263 482 1
6264 37 1
6265 451 1
6266 73 0
6267 393 0
6268 346 0
6269 91 1
6270 206 1
6271 190 0
6272 335 0
6273 44 0
6274 548 1
6275 408 1
6276 292 1
6277 7 1
6278 215 1
6279 59 1
6280 190 1
6281 394 1
6282 17 1
6283 333 1
6284 152 1
6285 146 1
6286 518 1
6287 509 1
6288 545 1
6289 139 0
6290 447 1
6291 377 0
6292 545 1
6293 36 1
6294 362 1
6295 540 0
6296 93 0
6297 384 1
6298 186 0
6299 2 1
6300 118 1
6301 144 1
6302 52 0
6303 425 0
6304 142 0
6305 75 0
6306 127 0
6307 304 1
6308 325 0
6309 368 1
6310 515 0
6311 215 1
6312 267 0
6313 247 0
6314 253 1
6315 279 1
6316 517 1
6317 495 1
6318 13 0
6319 103 1
6320 500 0
6321 233 1
6322 159 0
6323 236 0
6324 406 1
6325 107 0
6326 489 1
6327 467 1
6328 410 1
6329 146 1
6330 492 0
6331 522 1
6332 338 1
6333 3 1
6334 401 1
6335 547 0
6336 364 1
6337 424 1
6338 295 1
6339 455 0
6340 201 1
6341 7 0
6342 373 0
6343 383 1
6344 165 1
6345 382 0
6346 484 0
6347 90 1
6348 345 1
6349 109 0
6350 239 1
6351 543 0
6352 414 0
6353 63 1
6354 52 1
6355 386 0
6356 17 1
6357 431 1
6358 396 1
6359 109 1
6360 321 0
6361 194 1
6362 331 1
6363 11 1
6364 418 0
6365 318 0
6366 265 0
6367 238 1
6368 253 0
6369 404 1
6370 348 1
6371 46 1
6372 161 1
6373 284 1
6374 268 0
6375 95 1
6376 413 0
6377 370 1
6378 22 1
6379 357 1
6380 502 1
6381 75 0
6382 1 1
6383 463 1
6384 142 1
6385 47 1
6386 42 1
6387 385 0
6388 99 1
6389 289 0
6390 79 1
6391 485 1
6392 161 1
6393 214 1
6394 173 1
6395 153 0
6396 223 0
6397 418 1
6398 109 1
6399 7 1
6400 133 1
6401 270 0
6402 228 1
6403 499 0
6404 301 1
6405 223 1
6406 148 1
6407 361 1
6408 539 1
6409 533 0
6410 83 1
6411 363 0
6412 482 1
6413 59 1
6414 87 0
6415 331 0
6416 162 1
6417 476 0
6418 233 1
6419 206 1
6420 187 1
6421 402 1
6422 113 1
6423 172 1
6424 275 0
6425 341 0
6426 368 1
6427 193 1
6428 462 1
6429 338 1
6430 359 1
6431 258 0
6432 247 1
6433 400 1
6434 133 1
6435 502 0
6436 523 1
6437 183 1
6438 52 0
6439 304 1
6440 550 1
6441 214 0
6442 326 1
6443 153 1
6444 188 1
6445 274 1
6446 137 1
6447 5 1
6448 243 1
6449 312 1
6450 499 1
6451 225 1
6452 103 1
6453 122 1
6454 293 1
6455 51 1
6456 48 1
6457 145 1
6458 201 1
6459 58 1
6460 319 1
6461 465 1
6462 354 1
6463 329 1
6464 403 0
6465 462 0
6466 432 1
6467 348 0
6468 33 0
6469 258 1
6470 384 1
6471 105 1
6472 104 1
6473 294 1
6474 117 1
6475 223 1
6476 174 1
6477 381 0
6478 94 1
6479 61 1
6480 327 1
6481 335 1
6482 148 1
6483 270 0
6484 89 1
6485 35 1
6486 327 1
6487 434 0
6488 510 1
6489 224 1
6490 57 0
6491 0 1
6492 71 1
6493 247 1
6494 67 1
6495 190 1
6496 321 1
6497 90 1
6498 144 1
6499 178 1
6500 338 1
6501 275 1
6502 433 0
6503 544 1
6504 413 1
6505 507 1
6506 152 1
6507 150 1
6508 417 1
6509 469 1
6510 235 1
6511 328 0
6512 121 0
6513 1 1
6514 267 1
6515 27 1
6516 472 0
6517 206 1
6518 539 1
6519 272 1
6520 495 1
6521 319 1
6522 224 0
6523 398 1
6524 436 0
6525 62 1
6526 463 0
6527 203 1
6528 337 0
6529 337 1
6530 463 0
6531 106 1
6532 194 1
6533 304 1
6534 39 0
6535 70 0
6536 292 1
6537 77 1
6538 387 0
6539 134 1
6540 279 1
6541 470 1
6542 115 1
6543 262 0
6544 365 1
6545 504 0
6546 492 1
6547 187 0
6548 451 0
6549 356 1
6550 4 1
6551 472 1
6552 303 1
6553 381 0
6554 0 0
6555 490 1
6556 239 1
6557 509 1
6558 18 1
6559 294 1
6560 347 1
6561 148 1
6562 385 1
6563 461 1
6564 315 1
6565 262 1
6566 139 1
6567 144 1
6568 259 1
6569 110 1
6570 528 1
6571 67 0
6572 497 1
6573 58 0
6574 324 1
6575 388 1
6576 87 0
6577 446 1
6578 360 1
6579 245 1
6580 69 0
6581 523 1
6582 218 1
6583 180 0
6584 128 1
6585 266 1
6586 378 0
6587 400 1
6588 438 1
6589 328 1
6590 258 1
6591 410 0
6592 188 1
6593 307 1
6594 109 1
6595 201 0
6596 36 0
6597 427 0
6598 328 1
6599 261 0
6600 385 1
6601 89 0
6602 388 1
6603 24 1
6604 435 1
6605 14 1
6606 4 0
6607 15 1
6608 177 1
6609 229 1
6610 363 1
6611 545 1
6612 91 1
6613 142 1
6614 4 1
6615 403 1
6616 418 1
6617 89 1
6618 509 1
6619 58 0
6620 545 1
6621 22 0
6622 536 0
6623 230 0
6624 400 1
6625 16 1
6626 378 1
6627 138 0
6628 470 1
6629 376 1
6630 172 1
6631 351 1
6632 248 0
6633 374 1
6634 82 1
6635 46 1
6636 32 0
6637 153 0
6638 145 0
6639 298 1
6640 371 1
6641 284 1
6642 364 1
6643 194 1
6644 152 1
6645 284 0
6646 285 1
6647 443 0
6648 53 1
6649 187 1
6650 265 0
6651 331 1
6652 381 1
6653 394 1
6654 396 1
6655 8 0
6656 535 1
6657 492 1
6658 163 1
6659 158 0
6660 192 1
6661 208 1
6662 55 1
6663 539 0
6664 445 0
6665 323 1
6666 487 0
6667 496 0
6668 76 1
6669 331 1
6670 6 1
6671 176 1
6672 119 1
6673 378 0
6674 331 1
6675 126 1
6676 467 0
6677 17 1
6678 474 1
6679 118 0
6680 259 1
6681 13 1
6682 73 1
6683 551 1
6684 415 0
6685 109 1
6686 157 1
6687 452 1
6688 522 1
6689 48 1
6690 262 1
6691 312 0
6692 509 0
6693 188 1
6694 375 1
6695 326 1
6696 277 0
6697 317 1
6698 377 1
6699 539 1
6700 135 1
6701 150 0
6702 462 1
6703 58 0
6704 328 1
6705 221 0
6706 320 0
6707 297 0
6708 391 1
6709 236 1
6710 280 1
6711 337 0
6712 430 0
6713 355 0
6714 459 1
6715 23 1
6716 519 0
6717 376 0
6718 224 1
6719 349 1
6720 68 0
6721 120 0
6722 79 1
6723 234 1
6724 390 1
6725 173 1
6726 9 0
6727 164 1
6728 61 1
6729 222 0
6730 390 1
6731 51 1
6732 419 1
6733 274 1
6734 389 0
6735 173 0
6736 169 1
6737 414 1
6738 238 1
6739 208 0
6740 94 0
6741 275 1
6742 340 0
6743 30 1
6744 488 1
6745 409 1
6746 498 1
6747 172 1
6748 416 1
6749 537 1
6750 86 1
6751 239 1
6752 531 1
6753 544 0
6754 237 1
6755 334 1
6756 70 1
6757 515 0
6758 537 1
6759 339 1
6760 286 1
6761 288 1
6762 185 1
6763 166 1
6764 434 0
6765 304 0
6766 350 1
6767 264 0
6768 173 1
6769 35 1
6770 25 1
6771 230 1
6772 506 0
6773 33 1
6774 228 1
6775 493 1
6776 56 0
6777 315 1
6778 217 1
6779 292 1
6780 120 0
6781 148 0
6782 155 1
6783 328 1
6784 197 1
6785 187 1
6786 300 1
6787 357 1
6788 139 1
6789 314 1
6790 250 1
6791 450 1
6792 525 1
6793 76 1
6794 182 1
6795 371 1
6796 532 1
6797 301 1
6798 420 0
6799 464 0
6800 8 0
6801 367 0
6802 85 1
6803 90 1
6804 90 1
6805 120 1
6806 149 1
6807 174 0
6808 231 0
6809 393 1
6810 187 1
6811 283 1
6812 260 0
6813 344 0
6814 189 0
6815 273 1
6816 436 1
6817 33 0
6818 340 1
6819 233 0
6820 17 1
6821 258 1
6822 371 1
6823 368 1
6824 211 0
6825 31 1
6826 542 1
6827 55 1
6828 387 1
6829 418 1
6830 103 0
6831 302 0
6832 307 0
6833 36 1
6834 500 0
6835 525 1
6836 111 0
6837 211 1
6838 152 1
6839 61 0
6840 357 1
6841 250 0
6842 448 1
6843 86 1
6844 152 1
6845 348 1
6846 212 1
6847 363 0
6848 515 1
6849 103 1
6850 118 1
6851 508 0
6852 388 1
6853 200 1
6854 314 1
6855 432 1
6856 435 0
6857 508 0
6858 476 1
6859 62 0
6860 115 0
6861 452 1
6862 38 1
6863 336 1
6864 112 0
6865 504 1
6866 44 1
6867 539 1
6868 195 1
6869 461 1
6870 530 1
6871 117 1
6872 512 1
6873 192 0
6874 236 1
6875 40 1
6876 233 1
6877 167 1
6878 245 1
6879 352 1
6880 471 1
6881 115 1
6882 332 1
6883 396 0
6884 330 1
6885 485 1
6886 135 1
6887 209 0
6888 204 0
6889 19 1
6890 224 1
6891 239 0
6892 41 1
6893 257 1
6894 438 1
6895 131 0
6896 442 1
6897 321 1
6898 388 1
6899 198 1
6900 551 1
6901 3 0
6902 221 0
6903 270 1
6904 142 1
6905 353 1
6906 430 1
6907 312 0
6908 528 1
6909 285 0
6910 114 1
6911 220 1
6912 190 0
6913 267 0
6914 234 0
6915 313 1
6916 124 1
6917 409 1
6918 58 1
6919 299 0
6920 497 1
6921 55 0
6922 181 1
6923 374 1
6924 464 1
6925 60 0
6926 51 0
6927 111 1
6928 349 1
6929 348 1
6930 331 0
6931 265 0
6932 466 1
6933 288 0
6934 290 0
6935 253 0
6936 176 1
6937 99 1
6938 203 1
6939 83 1
6940 109 0
6941 181 0
6942 503 1
6943 482 1
6944 158 1
6945 371 1
6946 467 1
6947 432 0
6948 247 1
6949 434 1
6950 284 0
6951 261 0
6952 483 1
6953 386 1
6954 361 0
6955 289 1
6956 100 1
6957 159 1
6958 291 0
6959 391 0
6960 487 1
6961 427 1
6962 295 1
6963 272 1
6964 5 0
6965 56 1
6966 330 1
6967 278 1
6968 205 1
6969 476 0
6970 69 0
6971 53 1
6972 213 0
6973 260 1
6974 381 1
6975 402 0
6976 309 1
6977 207 1
6978 114 0
6979 164 1
6980 162 0
6981 448 1
6982 66 1
6983 283 0
6984 326 1
6985 366 1
6986 461 1
6987 12 1
6988 120 0
6989 75 1
6990 411 1
6991 346 1
6992 283 0
6993 302 0
6994 9 1
6995 516 1
6996 174 1
6997 232 1
6998 75 1
6999 0 1
7000 211 1
7001 285 1
7002 314 0
7003 283 1
7004 58 1
7005 505 1
7006 403 1
7007 127 1
7008 381 0
7009 20 1
7010 383 1
7011 89 0
7012 478 0
7013 286 1
7014 325 0
7015 483 1
7016 220 0
7017 225 1
7018 3 1
7019 498 1
7020 394 0
7021 59 1
7022 238 1
7023 420 1
7024 143 0
7025 497 1
7026 506 1
7027 20 0
7028 437 1
7029 513 1
7030 80 1
7031 315 1
7032 190 1
7033 323 1
7034 536 1
7035 334 1
7036 208 1
7037 151 1
7038 68 1
7039 42 0
7040 541 1
7041 226 0
7042 103 1
7043 455 1
7044 40 0
7045 318 1
7046 429 0
7047 461 0
7048 109 0
7049 300 1
7050 30 0
7051 551 0
7052 477 1
7053 213 0
7054 211 0
7055 285 1
7056 284 1
7057 183 0
7058 286 1
7059 495 0
7060 30 1
7061 487 1
7062 383 1
7063 527 1
7064 157 1
7065 74 1
7066 399 1
7067 465 0
7068 224 1
7069 397 0
7070 423 1
7071 123 0
7072 211 0
7073 70 1
7074 432 1
7075 312 0
7076 274 1
7077 411 1
7078 172 0
7079 86 1
7080 190 1
7081 4 1
7082 273 0
7083 401 1
7084 125 1
7085 421 1
7086 458 1
7087 191 1
7088 339 0
7089 102 1
7090 314 1
7091 211 1
7092 151 0
7093 222 0
7094 536 1
7095 141 1
7096 548 0
7097 212 1
7098 183 1
7099 255 0
7100 349 1
7101 344 0
7102 198 1
7103 452 0
7104 284 1
7105 245 0
7106 457 0
7107 163 1
7108 14 0
7109 460 1
7110 181 1
7111 174 0
7112 314 1
7113 486 1
7114 488 1
7115 334 1
7116 395 1
7117 68 0
7118 150 0
7119 66 1
7120 11 1
7121 49 1
7122 256 1
7123 93 1
7124 85 1
7125 270 0
7126 130 1
7127 523 1
7128 318 1
7129 470 1
7130 176 1
7131 28 1
7132 420 0
7133 100 0
7134 105 0
7135 533 0
7136 518 0
7137 153 0
7138 283 1
7139 494 1
7140 287 1
7141 163 1
7142 144 1
7143 389 0
7144 81 1
7145 205 1
7146 49 1
7147 356 1
7148 371 1
7149 527 1
7150 110 1
7151 121 1
7152 68 0
7153 340 1
7154 8 1
7155 208 1
7156 22 1
7157 240 1
7158 35 1
7159 156 0
7160 465 0
7161 453 1
7162 124 1
7163 471 1
7164 201 1
7165 499 1
7166 484 1
7167 428 0
7168 382 0
7169 391 1
7170 26 1
7171 173 0
7172 500 0
7173 254 1
7174 19 0
7175 179 1
7176 301 1
7177 527 0
7178 377 1
7179 448 1
7180 381 0
7181 417 1
7182 544 1
7183 353 1
7184 38 1
7185 253 1
7186 281 0
7187 153 1
7188 408 1
7189 292 1
7190 347 1
7191 439 1
7192 39 0
7193 49 1
7194 349 1
7195 522 1
7196 420 1
7197 20 1
7198 209 1
7199 315 1
7200 14 1
7201 393 0
7202 10 1
7203 52 1
7204 482 1
7205 333 1
7206 303 1
7207 413 1
7208 163 1
7209 286 1
7210 447 0
7211 219 1
7212 132 1
7213 256 1
7214 100 1
7215 117 0
7216 155 0
7217 490 1
7218 33 0
7219 72 0
7220 415 1
7221 241 1
7222 155 0
7223 549 0
7224 53 1
7225 319 1
7226 28 1
7227 344 0
7228 305 1
7229 70 0
7230 148 1
7231 48 1
7232 226 1
7233 510 1
7234 58 1
7235 262 0
7236 516 1
7237 128 1
7238 134 0
7239 478 0
7240 490 1
7241 175 1
7242 311 0
7243 247 0
7244 97 0
7245 509 1
7246 32 1
7247 37 0
7248 33 1
7249 45 1
7250 66 0
7251 52 1
7252 339 0
7253 230 1
7254 427 1
7255 148 0
7256 481 1
7257 411 1
7258 372 1
7259 344 0
7260 463 1
7261 202 1
7262 387 1
7263 242 1
7264 275 1
7265 39 1
7266 84 1
7267 452 0
7268 393 1
7269 385 0
7270 326 1
7271 81 0
7272 385 1
7273 535 1
7274 87 1
7275 202 1
7276 156 1
7277 534 1
7278 133 0
7279 532 1
7280 1 1
7281 238 0
7282 192 0
7283 548 0
7284 308 0
7285 301 1
7286 403 0
7287 337 1
7288 402 1
7289 10 1
7290 135 1
7291 528 1
7292 105 1
7293 403 1
7294 223 1
7295 175 1
7296 444 1
7297 349 1
7298 79 0
7299 157 1
7300 215 1
7301 509 1
7302 328 0
7303 383 1
7304 102 1
7305 156 1
7306 93 1
7307 96 0
7308 130 1
7309 517 1
7310 372 1
7311 106 0
7312 81 1
7313 388 1
7314 330 0
7315 547 1
7316 491 0
7317 140 1
7318 286 1
7319 525 1
7320 364 1
7321 193 0
7322 301 1
7323 184 1
7324 278 1
7325 354 1
7326 370 0
7327 402 1
7328 444 1
7329 60 1
7330 271 1
7331 256 0
7332 88 1
7333 5 1
7334 407 1
7335 291 0
7336 188 1
7337 204 1
7338 263 1
7339 449 1
7340 67 1
7341 127 1
7342 200 1
7343 337 1
7344 255 0
7345 355 1
7346 534 0
7347 264 0
7348 495 0
7349 525 1
7350 327 1
7351 57 1
7352 278 1
7353 493 1
7354 178 0
7355 18 1
7356 170 1
7357 171 1
7358 202 1
7359 502 1
7360 434 1
7361 551 1
7362 364 1
7363 15 1
7364 60 1
7365 145 0
7366 373 1
7367 431 1
7368 544 0
7369 128 1
7370 290 0
7371 456 1
7372 371 1
7373 318 0
7374 71 0
7375 6 1
7376 22 1
7377 450 0
7378 308 1
7379 222 1
7380 534 1
7381 284 1
7382 98 1
7383 495 0
7384 23 0
7385 341 0
7386 298 1
7387 262 1
7388 360 0
7389 259 0
7390 377 1
7391 465 1
7392 311 1
7393 315 1
7394 317 0
7395 476 1
7396 433 1
7397 183 1
7398 411 1
7399 150 0
7400 277 1
7401 275 1
7402 224 0
7403 261 0
7404 94 0
7405 504 1
7406 233 1
7407 359 1
7408 269 1
7409 100 0
7410 148 0
7411 454 0
7412 312 0
7413 49 0
7414 251 1
7415 133 1
7416 179 0
7417 80 1
7418 434 1
7419 516 1
7420 309 0
7421 527 1
7422 414 0
7423 63 1
7424 537 0
7425 246 0
7426 267 0
7427 163 0
7428 274 0
7429 238 1
7430 492 0
7431 31 1
7432 268 0
7433 52 0
7434 493 1
7435 246 0
7436 13 1
7437 321 1
7438 84 1
7439 46 1
7440 76 0
7441 243 1
7442 482 1
7443 371 1
7444 147 1
7445 258 0
7446 509 0
7447 247 1
7448 441 1
7449 455 1
7450 356 1
7451 120 0
7452 451 1
7453 284 1
7454 355 1
7455 93 1
7456 151 1
7457 223 1
7458 271 0
7459 366 0
7460 221 1
7461 546 0
7462 402 0
7463 444 1
7464 29 1
7465 161 1
7466 537 1
7467 242 1
7468 251 1
7469 459 1
7470 344 0
7471 526 0
7472 418 1
7473 65 1
7474 320 0
7475 44 1
7476 544 1
7477 208 0
7478 319 1
7479 173 0
7480 487 1
7481 261 1
7482 103 1
7483 436 1
7484 517 1
7485 489 1
7486 425 1
7487 334 1
7488 149 1
7489 468 1
7490 359 1
7491 499 0
7492 78 1
7493 273 1
7494 295 1
7495 274 1
7496 308 1
7497 231 1
7498 527 1
7499 294 0
7500 539 1
7501 371 1
7502 143 1
7503 231 0
7504 40 1
7505 290 1
7506 188 1
7507 278 1
7508 472 1
7509 153 0
7510 525 1
7511 525 1
7512 451 1
7513 181 1
7514 360 1
7515 488 1
7516 195 1
7517 248 1
7518 500 1
7519 159 1
7520 115 0
7521 468 1
7522 214 1
7523 59 1
7524 274 0
7525 429 1
7526 167 1
7527 57 1
7528 55 0
7529 62 1
7530 201 1
7531 251 1
7532 345 1
7533 264 1
7534 466 1
7535 361 1
7536 401 0
7537 414 1
7538 0 0
7539 278 1
7540 213 1
7541 49 0
7542 6 1
7543 527 0
7544 384 0
7545 5 0
7546 75 0
7547 551 1
7548 243 1
7549 201 1
7550 174 0
7551 228 0
7552 368 0
7553 167 0
7554 51 1
7555 170 1
7556 48 1
7557 132 1
7558 406 0
7559 237 0
7560 145 1
7561 393 1
7562 539 1
7563 129 1
7564 143 1
7565 428 1
7566 382 1
7567 421 0
7568 194 1
7569 95 0
7570 521 1
7571 549 1
7572 53 0
7573 152 0
7574 238 1
7575 227 1
7576 160 1
7577 92 0
7578 500 1
7579 457 1
7580 41 0
7581 448 1
7582 478 1
7583 149 1
7584 393 0
7585 446 1
7586 38 1
7587 420 1
7588 22 0
7589 79 0
7590 490 1
7591 131 1
7592 454 0
7593 325 1
7594 486 1
7595 21 1
7596 52 0
7597 478 1
7598 315 0
7599 180 0
7600 400 0
7601 7 0
7602 518 1
7603 57 1
7604 528 0
7605 328 0
7606 483 1
7607 132 1
7608 212 1
7609 316 1
7610 175 1
7611 201 1
7612 336 1
7613 327 0
7614 282 0
7615 256 1
7616 69 0
7617 56 1
7618 219 0
7619 104 0
7620 291 1
7621 229 1
7622 421 1
7623 176 1
7624 306 0
7625 307 1
7626 359 1
7627 278 1
7628 163 0
7629 242 0
7630 8 1
7631 24 1
7632 291 0
7633 193 0
7634 274 1
7635 274 1
7636 219 0
7637 316 1
7638 313 0
7639 209 1
7640 473 0
7641 77 1
7642 512 1
7643 423 1
7644 408 0
7645 56 0
7646 141 1
7647 22 0
7648 241 1
7649 470 1
7650 1 1
7651 17 1
7652 184 1
7653 348 1
7654 273 1
7655 52 0
7656 9 1
7657 515 0
7658 525 0
7659 132 1
7660 29 1
7661 326 1
7662 349 0
7663 90 1
7664 52 0
7665 2 0
7666 281 0
7667 314 0
7668 392 1
7669 450 0
7670 116 0
7671 388 1
7672 160 0
7673 175 1
7674 227 0
7675 44 1
7676 24 1
7677 466 1
7678 247 1
7679 412 0
7680 92 1
7681 432 1
7682 513 1
7683 366 1
7684 345 1
7685 547 1
7686 295 1
7687 74 1
7688 223 1
7689 117 1
7690 85 1
7691 234 1
7692 60 0
7693 483 1
7694 232 1
7695 134 1
7696 286 1
7697 266 0
7698 289 1
7699 129 0
7700 385 0
7701 543 0
7702 548 0
7703 112 0
7704 395 1
7705 238 1
7706 471 1
7707 77 1
7708 149 1
7709 366 0
7710 433 1
7711 234 1
7712 42 0
7713 455 1
7714 70 1
7715 413 0
7716 197 1
7717 72 1
7718 550 1
7719 493 1
7720 453 1
7721 401 0
7722 139 1
7723 391 1
7724 15 1
7725 158 1
7726 193 1
7727 104 1
7728 381 1
7729 15 0
7730 80 1
7731 395 1
7732 361 1
7733 511 1
7734 179 1
7735 320 1
7736 119 0
7737 533 1
7738 176 1
7739 75 1
7740 66 1
7741 88 1
7742 194 1
7743 23 1
7744 239 0
7745 515 0
7746 548 1
7747 86 1
7748 353 1
7749 245 0
7750 26 1
7751 140 0
7752 223 0
7753 484 0
7754 534 1
7755 78 0
7756 321 0
7757 427 1
7758 438 1
7759 27 1
7760 530 0
7761 486 0
7762 428 0
7763 411 0
7764 145 1
7765 289 0
7766 158 0
7767 357 1
7768 551 1
7769 268 1
7770 337 0
7771 109 1
7772 1 0
7773 150 1
7774 475 1
7775 53 1
7776 247 1
7777 507 0
7778 87 0
7779 432 1
7780 551 1
7781 444 0
7782 47 0
7783 26 1
7784 27 0
7785 107 1
7786 129 1
7787 551 1
7788 240 0
7789 97 0
7790 367 0
7791 145 0
7792 218 0
7793 266 0
7794 548 1
7795 27 1
7796 356 1
7797 193 1
7798 169 1
7799 529 1
7800 2 1
7801 48 0
7802 340 0
7803 341 0
7804 278 0
7805 233 1
7806 77 0
7807 236 1
7808 519 1
7809 90 1
7810 178 0
7811 551 0
7812 36 1
7813 426 1
7814 451 1
7815 481 1
7816 528 1
7817 112 1
7818 66 1
7819 425 1
7820 380 1
7821 517 0
7822 13 1
7823 281 1
7824 193 0
7825 24 1
7826 528 1
7827 393 0
7828 255 0
7829 298 1
7830 199 1
7831 136 1
7832 246 1
7833 19 1
7834 190 1
7835 184 1
7836 79 0
7837 3 0
7838 391 0
7839 153 1
7840 184 0
7841 443 0
7842 240 0
7843 214 1
7844 80 1
7845 177 0
7846 228 1
7847 494 1
7848 50 1
7849 274 0
7850 487 1
7851 338 1
7852 96 0
7853 187 1
7854 154 1
7855 8 1
7856 5 1
7857 500 1
7858 264 1
7859 268 1
7860 202 1
7861 112 1
7862 287 1
7863 393 0
7864 97 1
7865 65 0
7866 102 0
7867 166 1
7868 232 1
7869 174 1
7870 221 1
7871 214 0
7872 121 1
7873 511 0
7874 404 1
7875 219 1
7876 201 0
7877 13 1
7878 426 1
7879 313 1
7880 91 0
7881 123 1
7882 309 1
7883 472 1
7884 131 0
7885 416 0
7886 316 1
7887 107 0
7888 280 1
7889 351 0
7890 374 0
7891 267 0
7892 390 0
7893 511 1
7894 175 1
7895 316 1
7896 138 1
7897 500 1
7898 177 1
7899 477 1
7900 2 1
7901 190 1
7902 500 1
7903 323 1
7904 444 1
7905 481 0
7906 221 1
7907 330 1
7908 516 0
7909 364 1
7910 50 0
7911 446 0
7912 15 1
7913 124 1
7914 342 1
7915 70 0
7916 511 1
7917 230 1
7918 85 1
7919 215 0
7920 165 1
7921 285 1
7922 380 1
7923 486 0
7924 393 1
7925 525 1
7926 466 1
7927 121 1
7928 382 1
7929 202 1
7930 375 0
7931 45 1
7932 20 1
7933 321 1
7934 277 0
7935 124 0
7936 209 1
7937 317 1
7938 472 0
7939 422 1
7940 37 1
7941 246 1
7942 383 1
7943 472 1
7944 100 1
7945 385 0
7946 435 1
7947 337 1
7948 194 1
7949 50 0
7950 171 1
7951 402 0
7952 31 1
7953 457 1
7954 538 1
7955 305 1
7956 291 0
7957 14 1
7958 406 0
7959 335 1
7960 137 1
7961 510 1
7962 127 0
7963 517 1
7964 482 1
7965 241 0
7966 189 0
7967 521 0
7968 378 1
7969 251 1
7970 283 1
7971 427 0
7972 44 0
7973 185 1
7974 455 1
7975 446 1
7976 177 0
7977 142 1
7978 228 1
7979 74 0
7980 202 1
7981 340 1
7982 526 1
7983 139 1
7984 265 1
7985 164 1
7986 395 0
7987 98 0
7988 8 1
7989 339 1
7990 292 1
7991 33 1
7992 165 1
7993 262 1
7994 362 1
7995 81 1
7996 180 0
7997 443 1
7998 259 1
7999 547 0
8000 460 0
8001 88 1
8002 279 1
8003 232 1
8004 510 1
8005 280 0
8006 332 1
8007 208 1
8008 16 1
8009 379 1
8010 335 1
8011 470 1
8012 410 0
8013 199 1
8014 431 0
8015 170 1
8016 434 1
8017 131 1
8018 525 0
8019 530 1
8020 502 1
8021 222 1
8022 59 1
8023 268 1
8024 429 0
8025 533 0
8026 84 1
8027 216 1
8028 300 1
8029 139 1
8030 98 1
8031 46 1
8032 96 1
8033 182 0
8034 69 0
8035 41 0
8036 458 0
8037 342 1
8038 222 0
8039 120 0
8040 274 0
8041 392 0
8042 40 1
8043 340 0
8044 512 1
8045 47 1
8046 317 0
8047 118 0
8048 312 1
8049 522 1
8050 541 1
8051 441 0
8052 356 1
8053 493 1
8054 410 0
8055 206 0
8056 203 0
8057 530 0
8058 142 1
8059 112 1
8060 326 0
8061 280 0
8062 294 0
8063 544 1
8064 228 0
8065 475 0
8066 54 1
8067 193 1
8068 165 1
8069 517 0
8070 237 0
8071 196 0
8072 257 1
8073 172 0
8074 533 1
8075 70 1
8076 485 1
8077 478 1
8078 237 1
8079 281 1
8080 512 1
8081 251 1
8082 97 0
8083 465 1
