6196
1 718 1
2 82 1
3 88 0
4 879 0
5 334 1
6 604 1
7 82 1
8 487 1
9 225 0
10 871 0
11 398 1
12 342 0
13 395 0
14 619 1
15 883 1
16 276 0
17 480 1
18 708 0
19 502 1
20 565 1
21 156 1
22 278 0
23 490 0
24 191 1
25 915 1
26 451 1
27 26 0
28 327 1
29 656 0
30 703 1
31 105 1
32 288 0
33 155 1
34 87 1
35 449 1
36 195 1
37 639 1
38 612 1
39 56 0
40 662 1
41 567 1
42 152 0
43 840 1
44 899 1
45 358 1
46 183 1
47 564 1
48 817 1
49 285 1
50 194 1
51 259 1
52 157 1
53 747 1
54 845 1
55 273 1
56 476 1
57 602 1
58 367 1
59 875 1
60 86 0
61 735 0
62 514 0
63 509 1
64 836 0
65 937 1
66 229 1
67 237 0
68 77 0
69 923 1
70 605 1
71 411 0
72 20 0
73 527 1
74 438 1
75 587 1
76 618 1
77 446 0
78 487 0
79 213 1
80 566 1
81 337 0
82 329 1
83 950 1
84 376 1
85 145 1
86 937 0
87 44 1
88 387 0
89 277 1
90 907 1
91 167 1
92 52 1
93 407 1
94 502 1
95 913 1
96 820 0
97 682 0
98 641 0
99 489 1
100 537 0
101 931 1
102 124 1
103 413 1
104 364 1
105 154 1
106 372 0
107 546 1
108 819 1
109 849 0
110 623 0
111 257 1
112 878 1
113 459 1
114 437 1
115 403 1
116 401 0
117 431 0
118 60 1
119 805 1
120 353 1
121 513 0
122 213 1
123 83 0
124 946 0
125 337 1
126 676 1
127 879 1
128 350 1
129 824 1
130 153 1
131 695 0
132 427 1
133 848 0
134 789 1
135 797 1
136 594 0
137 800 1
138 352 1
139 773 1
140 749 1
141 850 0
142 521 1
143 846 1
144 215 1
145 592 1
146 879 0
147 807 0
148 280 1
149 728 1
150 339 0
151 77 1
152 933 1
153 673 1
154 579 0
155 567 1
156 539 1
157 736 1
158 294 1
159 749 1
160 284 1
161 645 1
162 495 0
163 337 1
164 22 1
165 662 0
166 688 1
167 227 1
168 318 1
169 773 1
170 214 1
171 208 0
172 740 1
173 631 1
174 509 1
175 360 1
176 704 1
177 891 1
178 208 0
179 908 0
180 275 0
181 476 1
182 59 0
183 450 1
184 421 1
185 208 0
186 430 1
187 206 1
188 410 0
189 70 1
190 316 1
191 646 0
192 253 0
193 202 1
194 631 1
195 575 0
196 546 1
197 802 0
198 572 1
199 868 0
200 459 0
201 562 0
202 426 1
203 42 1
204 654 1
205 572 0
206 427 1
207 809 0
208 738 1
209 909 1
210 939 1
211 258 1
212 518 1
213 73 0
214 412 0
215 65 1
216 835 1
217 693 1
218 328 0
219 914 1
220 732 1
221 771 1
222 687 0
223 656 1
224 457 1
225 662 1
226 80 1
227 864 1
228 79 1
229 737 1
230 696 1
231 179 1
232 363 1
233 542 1
234 425 1
235 608 1
236 924 0
237 182 0
238 825 1
239 904 1
240 385 0
241 661 1
242 584 1
243 948 1
244 328 1
245 923 1
246 471 1
247 421 0
248 677 1
249 459 0
250 401 0
251 126 0
252 312 1
253 920 0
254 915 0
255 402 1
256 537 0
257 699 1
258 454 0
259 602 1
260 365 1
261 740 1
262 379 1
263 603 0
264 942 0
265 140 0
266 112 0
267 535 0
268 343 1
269 495 1
270 310 0
271 424 1
272 661 1
273 670 0
274 638 0
275 831 1
276 664 1
277 656 1
278 482 0
279 81 0
280 304 1
281 634 0
282 256 0
283 726 0
284 607 1
285 674 0
286 820 1
287 582 0
288 924 1
289 695 0
290 506 1
291 547 1
292 12 0
293 196 0
294 444 1
295 736 0
296 268 1
297 99 1
298 521 1
299 892 1
300 747 0
301 28 1
302 415 1
303 196 1
304 679 1
305 883 1
306 283 0
307 338 1
308 499 0
309 441 1
310 581 1
311 626 0
312 529 1
313 190 1
314 251 1
315 161 0
316 515 0
317 664 0
318 451 1
319 252 1
320 568 0
321 298 0
322 432 1
323 798 1
324 939 1
325 808 0
326 399 1
327 351 1
328 25 1
329 796 1
330 441 0
331 208 1
332 799 0
333 704 1
334 549 0
335 363 0
336 908 0
337 669 1
338 231 1
339 370 1
340 572 0
341 673 0
342 595 0
343 833 1
344 383 1
345 781 1
346 453 1
347 714 0
348 678 0
349 602 1
350 356 0
351 210 0
352 560 0
353 587 1
354 212 1
355 894 1
356 2 1
357 689 1
358 574 1
359 150 1
360 66 1
361 599 1
362 737 1
363 822 1
364 714 1
365 624 1
366 255 0
367 202 1
368 646 1
369 539 1
370 680 1
371 692 1
372 32 1
373 212 1
374 885 1
375 381 0
376 111 1
377 404 0
378 276 1
379 246 0
380 400 1
381 879 1
382 638 1
383 404 0
384 919 1
385 125 1
386 244 1
387 263 1
388 180 0
389 767 1
390 606 1
391 833 0
392 945 1
393 382 0
394 330 0
395 195 1
396 316 1
397 320 0
398 21 0
399 220 1
400 485 1
401 522 0
402 930 1
403 890 1
404 78 0
405 41 1
406 787 1
407 334 1
408 95 1
409 936 1
410 278 0
411 924 0
412 906 1
413 481 0
414 786 1
415 917 1
416 815 0
417 818 1
418 90 1
419 838 1
420 396 0
421 736 1
422 687 0
423 781 0
424 836 1
425 25 1
426 715 0
427 641 1
428 176 1
429 531 0
430 640 1
431 934 1
432 753 1
433 348 1
434 491 1
435 780 0
436 47 1
437 887 1
438 569 1
439 450 1
440 418 1
441 501 1
442 358 0
443 621 0
444 130 1
445 197 0
446 583 1
447 208 0
448 31 0
449 47 1
450 675 1
451 227 1
452 210 1
453 391 0
454 765 1
455 283 1
456 250 0
457 183 1
458 628 1
459 910 1
460 774 1
461 463 0
462 336 1
463 561 1
464 161 0
465 658 1
466 252 1
467 376 1
468 932 1
469 292 1
470 542 1
471 863 1
472 61 1
473 333 1
474 552 1
475 382 0
476 216 1
477 666 1
478 449 1
479 688 0
480 768 1
481 264 0
482 97 0
483 533 1
484 341 0
485 709 1
486 217 1
487 724 1
488 485 0
489 18 1
490 50 1
491 346 1
492 178 0
493 818 1
494 222 1
495 55 1
496 718 0
497 944 0
498 727 1
499 778 1
500 284 0
501 49 1
502 91 1
503 665 1
504 531 1
505 431 1
506 16 1
507 847 1
508 607 0
509 473 1
510 87 1
511 752 1
512 615 1
513 438 1
514 205 1
515 509 0
516 686 1
517 760 1
518 149 1
519 287 1
520 206 1
521 195 1
522 313 0
523 184 0
524 575 1
525 566 1
526 119 1
527 285 0
528 882 1
529 59 1
530 873 0
531 394 1
532 896 1
533 319 0
534 677 1
535 543 1
536 142 1
537 873 1
538 599 1
539 309 1
540 532 0
541 769 1
542 177 1
543 86 0
544 712 1
545 12 0
546 483 1
547 176 1
548 494 1
549 290 1
550 34 0
551 872 1
552 390 0
553 517 1
554 553 1
555 145 1
556 519 0
557 437 1
558 67 1
559 572 1
560 670 1
561 347 1
562 876 0
563 514 1
564 902 0
565 408 1
566 455 1
567 881 1
568 58 1
569 651 1
570 926 1
571 514 1
572 644 1
573 8 0
574 524 1
575 308 1
576 933 0
577 329 1
578 946 1
579 95 1
580 465 1
581 534 1
582 717 1
583 467 1
584 680 1
585 204 0
586 732 1
587 83 1
588 602 0
589 904 0
590 439 0
591 303 0
592 684 1
593 97 1
594 293 1
595 277 0
596 580 1
597 496 1
598 210 0
599 890 0
600 63 1
601 595 0
602 745 1
603 153 1
604 653 1
605 456 1
606 136 0
607 447 1
608 210 1
609 201 1
610 505 1
611 195 1
612 224 0
613 249 1
614 587 1
615 257 0
616 215 1
617 379 1
618 463 1
619 289 1
620 291 0
621 191 1
622 323 0
623 66 1
624 116 1
625 85 0
626 630 1
627 640 0
628 739 1
629 221 1
630 10 1
631 910 1
632 264 0
633 118 1
634 638 1
635 777 0
636 806 1
637 175 0
638 540 0
639 711 0
640 392 1
641 211 1
642 845 1
643 694 1
644 674 1
645 58 1
646 212 1
647 678 1
648 123 1
649 137 1
650 22 1
651 624 1
652 932 1
653 890 1
654 924 1
655 111 1
656 263 0
657 206 1
658 107 0
659 675 1
660 633 1
661 284 1
662 518 1
663 371 1
664 576 1
665 335 1
666 356 1
667 243 1
668 692 1
669 743 0
670 716 1
671 800 1
672 110 0
673 70 0
674 839 0
675 651 1
676 295 1
677 300 1
678 715 1
679 387 1
680 948 1
681 823 1
682 616 1
683 575 0
684 182 0
685 675 1
686 155 1
687 811 1
688 463 0
689 251 1
690 560 1
691 758 1
692 771 1
693 602 0
694 663 1
695 875 1
696 646 1
697 62 1
698 747 0
699 320 1
700 890 1
701 760 0
702 569 1
703 128 1
704 436 0
705 318 1
706 214 1
707 669 0
708 116 0
709 453 0
710 128 1
711 488 0
712 893 1
713 853 1
714 6 1
715 551 0
716 267 1
717 758 0
718 750 1
719 803 1
720 82 0
721 48 0
722 179 0
723 215 1
724 807 0
725 8 1
726 815 1
727 526 1
728 815 1
729 380 1
730 534 1
731 418 1
732 109 1
733 456 0
734 880 1
735 27 0
736 362 0
737 193 1
738 446 1
739 720 1
740 10 0
741 54 1
742 158 1
743 516 1
744 892 1
745 612 1
746 644 1
747 94 0
748 189 1
749 546 1
750 742 0
751 15 1
752 418 0
753 578 0
754 500 1
755 99 1
756 125 1
757 153 0
758 617 0
759 74 1
760 382 1
761 685 1
762 649 1
763 714 1
764 263 1
765 726 0
766 767 0
767 208 1
768 717 0
769 147 1
770 68 0
771 545 0
772 167 0
773 129 1
774 185 1
775 159 0
776 773 1
777 412 1
778 558 1
779 127 0
780 368 1
781 760 1
782 411 0
783 303 1
784 573 0
785 328 1
786 349 1
787 486 1
788 505 1
789 350 1
790 818 1
791 76 1
792 172 1
793 880 1
794 431 1
795 368 0
796 794 1
797 868 0
798 915 0
799 432 0
800 324 1
801 946 1
802 566 1
803 239 1
804 30 0
805 580 1
806 752 1
807 306 1
808 912 1
809 587 0
810 175 1
811 124 1
812 901 0
813 273 0
814 31 1
815 335 1
816 514 0
817 912 0
818 464 0
819 134 0
820 443 1
821 159 1
822 187 0
823 217 1
824 468 0
825 540 1
826 460 1
827 662 1
828 591 1
829 325 1
830 573 1
831 745 1
832 643 0
833 34 1
834 675 0
835 418 0
836 651 0
837 295 1
838 811 1
839 871 1
840 133 0
841 857 1
842 893 1
843 889 1
844 321 1
845 923 0
846 692 1
847 915 1
848 241 0
849 309 1
850 50 1
851 852 1
852 123 1
853 473 0
854 593 1
855 80 0
856 621 1
857 137 1
858 323 1
859 30 0
860 223 1
861 355 1
862 488 1
863 1 1
864 201 1
865 579 0
866 923 0
867 605 1
868 560 1
869 797 0
870 288 0
871 697 1
872 748 1
873 407 1
874 794 0
875 532 1
876 324 1
877 749 1
878 140 1
879 475 1
880 946 0
881 246 1
882 351 1
883 781 1
884 863 1
885 882 1
886 438 0
887 43 1
888 280 0
889 124 1
890 656 0
891 908 1
892 362 1
893 610 1
894 274 1
895 612 0
896 6 0
897 4 1
898 527 0
899 922 1
900 230 1
901 407 1
902 299 1
903 788 1
904 669 1
905 470 1
906 387 1
907 288 0
908 785 1
909 184 1
910 917 0
911 262 1
912 356 1
913 99 0
914 820 1
915 255 1
916 691 1
917 652 1
918 882 1
919 386 1
920 219 1
921 24 1
922 935 1
923 288 0
924 143 1
925 879 1
926 922 1
927 802 0
928 225 1
929 144 1
930 739 1
931 913 0
932 946 1
933 403 1
934 756 1
935 411 1
936 463 0
937 515 1
938 515 1
939 150 1
940 928 1
941 536 0
942 37 1
943 160 0
944 105 0
945 125 0
946 587 1
947 257 1
948 354 1
949 277 1
950 150 0
951 184 1
952 891 1
953 829 1
954 319 1
955 47 0
956 942 0
957 129 1
958 739 0
959 174 0
960 361 1
961 622 0
962 156 1
963 349 1
964 240 1
965 554 1
966 132 1
967 772 1
968 254 0
969 412 1
970 678 1
971 522 1
972 926 1
973 697 1
974 709 1
975 492 1
976 105 0
977 2 0
978 810 0
979 539 1
980 745 1
981 257 0
982 764 1
983 834 0
984 728 1
985 293 0
986 754 1
987 58 1
988 400 1
989 261 1
990 561 0
991 163 1
992 800 1
993 695 0
994 516 1
995 410 0
996 310 0
997 121 1
998 746 0
999 794 0
1000 299 1
1001 863 0
1002 719 1
1003 599 1
1004 611 0
1005 212 1
1006 546 0
1007 771 0
1008 424 0
1009 706 1
1010 682 1
1011 67 0
1012 833 1
1013 884 0
1014 76 1
1015 84 1
1016 747 1
1017 245 1
1018 803 1
1019 568 1
1020 522 1
1021 684 1
1022 923 0
1023 281 1
1024 787 1
1025 153 1
1026 86 1
1027 328 0
1028 409 1
1029 364 0
1030 872 1
1031 745 1
1032 214 1
1033 116 0
1034 769 0
1035 529 1
1036 166 1
1037 342 0
1038 534 0
1039 419 1
1040 429 0
1041 656 1
1042 794 1
1043 252 1
1044 62 0
1045 622 1
1046 833 1
1047 419 0
1048 341 0
1049 162 1
1050 873 0
1051 267 1
1052 721 0
1053 227 1
1054 167 0
1055 442 1
1056 153 1
1057 44 0
1058 900 1
1059 16 0
1060 681 1
1061 598 1
1062 824 1
1063 544 0
1064 371 0
1065 141 1
1066 99 0
1067 265 1
1068 902 1
1069 58 1
1070 908 0
1071 598 1
1072 532 0
1073 941 1
1074 707 1
1075 146 0
1076 529 1
1077 885 1
1078 811 0
1079 384 1
1080 836 0
1081 292 1
1082 702 1
1083 689 1
1084 935 1
1085 656 1
1086 180 1
1087 51 0
1088 714 1
1089 12 1
1090 766 1
1091 792 0
1092 902 1
1093 515 1
1094 21 1
1095 762 1
1096 358 1
1097 726 1
1098 546 0
1099 647 1
1100 144 1
1101 471 0
1102 423 1
1103 922 1
1104 331 0
1105 542 1
1106 25 0
1107 375 1
1108 43 1
1109 507 1
1110 724 1
1111 690 0
1112 75 0
1113 125 1
1114 698 1
1115 84 1
1116 892 1
1117 936 1
1118 845 0
1119 435 1
1120 658 0
1121 255 0
1122 294 1
1123 427 1
1124 455 0
1125 169 1
1126 906 0
1127 243 1
1128 143 0
1129 651 0
1130 792 1
1131 385 1
1132 223 1
1133 31 1
1134 210 0
1135 226 1
1136 261 1
1137 368 1
1138 880 1
1139 660 1
1140 664 0
1141 380 1
1142 622 1
1143 649 1
1144 760 1
1145 308 0
1146 852 1
1147 268 1
1148 948 0
1149 125 0
1150 534 0
1151 844 1
1152 716 1
1153 167 0
1154 941 1
1155 798 1
1156 589 1
1157 90 0
1158 736 0
1159 794 1
1160 856 1
1161 80 0
1162 613 1
1163 765 0
1164 416 1
1165 585 1
1166 174 1
1167 562 1
1168 508 1
1169 354 1
1170 489 1
1171 921 0
1172 313 0
1173 157 1
1174 568 1
1175 412 1
1176 871 1
1177 48 1
1178 609 1
1179 76 1
1180 637 1
1181 793 1
1182 908 1
1183 635 0
1184 786 1
1185 615 0
1186 124 0
1187 221 1
1188 414 1
1189 420 1
1190 262 0
1191 272 1
1192 141 0
1193 599 1
1194 67 1
1195 594 1
1196 154 1
1197 448 1
1198 493 1
1199 228 0
1200 55 1
1201 538 1
1202 362 0
1203 617 1
1204 186 1
1205 691 1
1206 686 1
1207 515 0
1208 333 1
1209 395 0
1210 607 0
1211 872 1
1212 243 1
1213 640 1
1214 386 1
1215 949 1
1216 644 1
1217 621 1
1218 228 0
1219 715 0
1220 25 0
1221 631 1
1222 468 1
1223 356 0
1224 10 1
1225 853 1
1226 674 1
1227 195 1
1228 76 1
1229 470 1
1230 520 1
1231 789 1
1232 773 0
1233 153 1
1234 399 0
1235 233 1
1236 257 1
1237 69 1
1238 711 1
1239 227 1
1240 109 1
1241 272 0
1242 787 1
1243 517 1
1244 120 1
1245 260 1
1246 274 1
1247 739 1
1248 325 0
1249 147 1
1250 578 1
1251 82 0
1252 897 1
1253 262 0
1254 344 1
1255 313 1
1256 387 1
1257 54 1
1258 937 0
1259 856 1
1260 492 0
1261 632 0
1262 31 1
1263 863 1
1264 129 0
1265 849 1
1266 92 1
1267 361 1
1268 850 0
1269 581 1
1270 881 0
1271 580 1
1272 412 1
1273 426 1
1274 139 0
1275 274 1
1276 380 1
1277 215 1
1278 259 0
1279 535 0
1280 905 0
1281 864 1
1282 297 1
1283 921 0
1284 666 0
1285 323 1
1286 378 1
1287 798 1
1288 471 1
1289 122 0
1290 372 1
1291 175 0
1292 235 1
1293 931 0
1294 285 1
1295 651 1
1296 949 0
1297 54 1
1298 607 0
1299 376 0
1300 459 1
1301 802 1
1302 537 1
1303 561 1
1304 691 0
1305 552 1
1306 848 0
1307 633 1
1308 885 0
1309 279 1
1310 179 0
1311 342 1
1312 311 0
1313 357 1
1314 305 1
1315 173 1
1316 367 1
1317 419 0
1318 559 1
1319 845 1
1320 365 0
1321 180 1
1322 941 0
1323 46 1
1324 477 1
1325 27 1
1326 72 1
1327 601 1
1328 651 1
1329 235 0
1330 626 0
1331 538 1
1332 318 1
1333 714 0
1334 755 1
1335 944 1
1336 823 0
1337 315 0
1338 872 1
1339 622 1
1340 571 1
1341 938 1
1342 903 1
1343 912 1
1344 480 1
1345 377 0
1346 605 0
1347 800 1
1348 806 1
1349 733 1
1350 940 1
1351 780 1
1352 669 1
1353 674 0
1354 275 1
1355 872 0
1356 763 1
1357 539 1
1358 380 1
1359 136 1
1360 581 1
1361 668 1
1362 477 0
1363 927 1
1364 849 1
1365 828 1
1366 253 1
1367 699 1
1368 570 1
1369 445 0
1370 536 1
1371 741 1
1372 158 1
1373 832 0
1374 598 1
1375 217 0
1376 530 0
1377 231 1
1378 220 1
1379 157 0
1380 685 0
1381 6 0
1382 576 1
1383 794 1
1384 897 0
1385 90 0
1386 539 1
1387 715 1
1388 812 1
1389 169 1
1390 613 1
1391 455 1
1392 205 0
1393 851 1
1394 662 0
1395 428 0
1396 92 1
1397 268 1
1398 74 1
1399 748 1
1400 167 0
1401 386 1
1402 370 1
1403 453 0
1404 630 0
1405 459 1
1406 893 0
1407 252 1
1408 418 0
1409 340 0
1410 95 0
1411 526 1
1412 21 0
1413 624 1
1414 673 1
1415 834 0
1416 911 1
1417 480 0
1418 304 0
1419 329 1
1420 489 1
1421 44 1
1422 636 1
1423 462 0
1424 217 1
1425 117 1
1426 504 0
1427 384 1
1428 255 1
1429 504 1
1430 130 1
1431 587 1
1432 541 0
1433 188 0
1434 99 1
1435 712 1
1436 239 1
1437 68 1
1438 937 1
1439 746 1
1440 265 0
1441 400 1
1442 325 1
1443 228 1
1444 609 1
1445 326 1
1446 888 1
1447 713 1
1448 79 1
1449 372 1
1450 351 0
1451 534 0
1452 774 1
1453 398 1
1454 900 1
1455 848 0
1456 942 0
1457 752 0
1458 14 0
1459 664 1
1460 531 1
1461 179 0
1462 2 1
1463 947 1
1464 610 1
1465 27 0
1466 270 0
1467 601 1
1468 96 1
1469 622 1
1470 10 0
1471 144 1
1472 700 1
1473 85 1
1474 694 1
1475 38 1
1476 674 0
1477 627 0
1478 877 1
1479 526 1
1480 759 1
1481 431 1
1482 164 1
1483 892 1
1484 848 0
1485 190 1
1486 851 1
1487 512 1
1488 163 1
1489 132 1
1490 165 1
1491 65 0
1492 156 1
1493 448 1
1494 132 0
1495 503 0
1496 577 1
1497 739 1
1498 899 1
1499 769 1
1500 60 1
1501 356 1
1502 110 1
1503 445 1
1504 400 0
1505 65 1
1506 631 1
1507 337 0
1508 591 1
1509 754 1
1510 693 1
1511 548 0
1512 57 0
1513 828 0
1514 668 0
1515 569 1
1516 423 1
1517 573 1
1518 844 1
1519 691 0
1520 528 0
1521 742 1
1522 655 0
1523 764 0
1524 797 0
1525 67 1
1526 641 1
1527 626 1
1528 604 1
1529 587 1
1530 802 1
1531 100 0
1532 65 0
1533 691 1
1534 625 1
1535 19 1
1536 121 0
1537 179 1
1538 773 1
1539 4 1
1540 328 1
1541 927 1
1542 456 1
1543 485 1
1544 758 0
1545 431 0
1546 212 1
1547 883 1
1548 22 0
1549 3 1
1550 939 1
1551 617 0
1552 783 0
1553 770 1
1554 558 1
1555 876 1
1556 615 1
1557 673 1
1558 272 0
1559 113 0
1560 214 0
1561 688 1
1562 728 1
1563 587 1
1564 176 1
1565 214 1
1566 496 0
1567 159 1
1568 446 1
1569 701 1
1570 521 0
1571 707 1
1572 412 0
1573 189 1
1574 522 1
1575 531 0
1576 616 1
1577 95 0
1578 772 1
1579 77 1
1580 205 1
1581 881 0
1582 56 1
1583 913 1
1584 671 1
1585 439 1
1586 106 0
1587 311 0
1588 510 1
1589 19 1
1590 571 0
1591 701 1
1592 702 0
1593 514 1
1594 411 1
1595 173 1
1596 650 1
1597 134 1
1598 796 1
1599 142 1
1600 411 1
1601 641 1
1602 546 1
1603 920 1
1604 270 1
1605 70 1
1606 307 1
1607 11 1
1608 500 0
1609 350 1
1610 49 1
1611 228 1
1612 510 1
1613 339 1
1614 226 0
1615 755 1
1616 716 1
1617 87 1
1618 99 0
1619 184 0
1620 764 1
1621 144 0
1622 909 0
1623 62 0
1624 564 1
1625 70 1
1626 819 1
1627 129 0
1628 544 0
1629 502 1
1630 719 1
1631 340 0
1632 521 1
1633 563 1
1634 368 1
1635 874 1
1636 885 0
1637 301 0
1638 222 1
1639 2 1
1640 660 1
1641 332 0
1642 370 1
1643 791 1
1644 698 1
1645 501 1
1646 534 1
1647 718 1
1648 201 0
1649 608 0
1650 10 1
1651 634 1
1652 598 1
1653 555 1
1654 232 1
1655 423 1
1656 513 1
1657 353 1
1658 150 1
1659 614 0
1660 421 1
1661 132 0
1662 889 0
1663 943 1
1664 114 0
1665 477 1
1666 65 0
1667 788 0
1668 145 1
1669 301 0
1670 834 0
1671 202 1
1672 413 0
1673 97 1
1674 634 1
1675 228 1
1676 644 0
1677 943 1
1678 144 1
1679 490 1
1680 468 0
1681 150 0
1682 178 1
1683 130 1
1684 264 0
1685 469 1
1686 204 0
1687 311 1
1688 44 1
1689 948 0
1690 888 1
1691 666 0
1692 470 1
1693 96 1
1694 526 1
1695 756 1
1696 488 0
1697 577 1
1698 778 1
1699 757 1
1700 71 0
1701 6 0
1702 715 0
1703 661 0
1704 494 1
1705 255 1
1706 653 1
1707 61 1
1708 397 0
1709 671 0
1710 513 1
1711 16 1
1712 316 0
1713 600 1
1714 118 0
1715 3 0
1716 450 0
1717 350 0
1718 212 0
1719 625 1
1720 487 1
1721 906 1
1722 619 0
1723 246 1
1724 893 0
1725 37 1
1726 210 1
1727 389 1
1728 416 1
1729 439 0
1730 213 1
1731 608 1
1732 336 1
1733 529 1
1734 671 1
1735 72 0
1736 17 0
1737 281 0
1738 762 1
1739 701 1
1740 145 1
1741 209 1
1742 560 0
1743 650 1
1744 405 0
1745 444 0
1746 349 1
1747 214 1
1748 712 1
1749 51 1
1750 831 1
1751 523 0
1752 34 1
1753 417 1
1754 32 1
1755 434 0
1756 789 0
1757 301 1
1758 60 1
1759 308 1
1760 858 1
1761 17 1
1762 506 0
1763 825 0
1764 859 0
1765 583 1
1766 883 1
1767 520 0
1768 612 1
1769 531 1
1770 37 1
1771 590 1
1772 426 1
1773 42 1
1774 775 1
1775 836 1
1776 871 1
1777 706 1
1778 17 1
1779 577 1
1780 274 1
1781 432 0
1782 133 0
1783 892 1
1784 706 1
1785 206 1
1786 139 1
1787 387 1
1788 736 1
1789 936 1
1790 664 1
1791 60 1
1792 491 1
1793 60 1
1794 281 1
1795 202 1
1796 731 1
1797 646 1
1798 404 1
1799 426 1
1800 712 0
1801 671 1
1802 362 1
1803 350 1
1804 304 0
1805 593 0
1806 924 0
1807 487 1
1808 353 1
1809 740 1
1810 118 1
1811 239 1
1812 394 1
1813 531 1
1814 290 1
1815 725 1
1816 408 1
1817 787 1
1818 436 1
1819 802 0
1820 405 1
1821 643 1
1822 31 0
1823 610 0
1824 610 1
1825 68 0
1826 159 1
1827 396 0
1828 844 1
1829 284 1
1830 702 0
1831 4 0
1832 388 0
1833 814 1
1834 862 1
1835 383 1
1836 43 0
1837 347 0
1838 138 0
1839 458 0
1840 174 1
1841 410 1
1842 485 1
1843 771 1
1844 667 0
1845 331 1
1846 48 0
1847 346 0
1848 894 1
1849 78 0
1850 874 1
1851 774 1
1852 420 1
1853 875 0
1854 60 1
1855 240 0
1856 677 0
1857 569 1
1858 390 0
1859 359 0
1860 262 1
1861 176 1
1862 793 0
1863 515 1
1864 731 1
1865 359 1
1866 939 1
1867 389 0
1868 352 0
1869 735 0
1870 465 1
1871 647 0
1872 558 0
1873 55 0
1874 423 1
1875 822 1
1876 37 1
1877 764 1
1878 454 1
1879 500 1
1880 805 0
1881 542 1
1882 90 1
1883 19 1
1884 62 1
1885 738 1
1886 662 1
1887 487 1
1888 468 0
1889 35 1
1890 841 1
1891 510 1
1892 673 1
1893 526 0
1894 535 0
1895 180 1
1896 702 0
1897 835 1
1898 586 1
1899 51 1
1900 425 1
1901 109 1
1902 157 0
1903 289 1
1904 188 1
1905 450 1
1906 950 0
1907 840 1
1908 100 1
1909 849 0
1910 258 1
1911 793 0
1912 684 0
1913 685 1
1914 348 1
1915 853 1
1916 459 1
1917 793 0
1918 492 1
1919 175 0
1920 224 1
1921 642 1
1922 519 0
1923 895 1
1924 715 1
1925 188 1
1926 640 0
1927 867 1
1928 475 1
1929 578 1
1930 271 1
1931 529 1
1932 491 1
1933 279 0
1934 155 0
1935 596 1
1936 130 1
1937 486 0
1938 587 1
1939 202 0
1940 41 0
1941 141 0
1942 189 1
1943 940 0
1944 543 1
1945 421 1
1946 931 1
1947 477 1
1948 23 1
1949 272 1
1950 144 0
1951 441 1
1952 924 0
1953 576 1
1954 175 1
1955 679 1
1956 937 0
1957 666 1
1958 646 0
1959 725 1
1960 39 0
1961 820 0
1962 914 1
1963 259 0
1964 870 1
1965 884 1
1966 332 1
1967 941 1
1968 119 0
1969 633 1
1970 278 0
1971 395 0
1972 834 0
1973 324 1
1974 534 1
1975 651 0
1976 178 1
1977 361 1
1978 750 0
1979 847 1
1980 84 1
1981 501 1
1982 89 0
1983 490 1
1984 942 0
1985 503 0
1986 186 0
1987 418 1
1988 776 0
1989 598 1
1990 725 0
1991 701 0
1992 702 1
1993 928 1
1994 499 1
1995 938 1
1996 539 1
1997 651 1
1998 749 1
1999 836 0
2000 131 1
2001 662 0
2002 103 0
2003 270 0
2004 639 1
2005 56 1
2006 934 1
2007 249 1
2008 636 1
2009 3 0
2010 936 0
2011 535 1
2012 247 1
2013 85 0
2014 194 1
2015 438 1
2016 127 0
2017 410 0
2018 46 0
2019 878 1
2020 365 1
2021 148 1
2022 509 1
2023 917 1
2024 508 0
2025 147 1
2026 795 1
2027 785 1
2028 571 1
2029 740 1
2030 609 1
2031 859 0
2032 144 1
2033 734 0
2034 767 0
2035 875 1
2036 414 0
2037 530 1
2038 238 1
2039 886 1
2040 350 1
2041 57 1
2042 418 0
2043 53 1
2044 530 0
2045 803 1
2046 788 0
2047 808 1
2048 798 1
2049 171 1
2050 905 1
2051 679 1
2052 887 0
2053 109 0
2054 639 0
2055 689 1
2056 730 1
2057 0 1
2058 405 0
2059 235 0
2060 731 1
2061 172 1
2062 567 1
2063 550 1
2064 273 0
2065 796 1
2066 701 0
2067 364 1
2068 551 1
2069 580 1
2070 285 0
2071 45 0
2072 832 0
2073 146 0
2074 99 0
2075 271 1
2076 354 1
2077 331 1
2078 125 1
2079 153 1
2080 536 0
2081 510 1
2082 407 0
2083 692 1
2084 280 0
2085 131 0
2086 408 1
2087 398 0
2088 222 0
2089 461 1
2090 811 0
2091 919 1
2092 944 0
2093 68 0
2094 114 0
2095 285 0
2096 104 1
2097 705 1
2098 602 1
2099 403 1
2100 420 1
2101 149 1
2102 596 1
2103 52 1
2104 25 1
2105 792 1
2106 62 1
2107 99 1
2108 944 0
2109 894 0
2110 157 1
2111 526 0
2112 908 0
2113 541 0
2114 379 1
2115 143 1
2116 296 1
2117 445 0
2118 723 1
2119 412 1
2120 778 1
2121 634 0
2122 62 1
2123 781 1
2124 554 1
2125 883 1
2126 1 1
2127 741 1
2128 391 1
2129 286 0
2130 92 1
2131 502 0
2132 605 0
2133 98 1
2134 262 0
2135 59 1
2136 763 0
2137 931 1
2138 245 1
2139 650 1
2140 418 1
2141 327 1
2142 808 1
2143 146 0
2144 216 0
2145 902 0
2146 629 0
2147 466 1
2148 219 0
2149 428 1
2150 8 1
2151 455 1
2152 950 1
2153 298 1
2154 13 0
2155 811 1
2156 347 1
2157 735 0
2158 189 0
2159 221 1
2160 246 0
2161 482 0
2162 395 1
2163 91 1
2164 330 1
2165 863 1
2166 775 1
2167 877 0
2168 571 1
2169 902 0
2170 941 1
2171 900 1
2172 718 0
2173 195 1
2174 614 1
2175 129 0
2176 357 1
2177 668 1
2178 377 1
2179 183 1
2180 931 1
2181 929 1
2182 232 1
2183 579 1
2184 14 1
2185 205 1
2186 945 1
2187 110 0
2188 723 1
2189 552 0
2190 490 0
2191 64 1
2192 110 1
2193 417 1
2194 193 1
2195 244 1
2196 464 0
2197 929 0
2198 12 1
2199 317 1
2200 739 1
2201 633 1
2202 677 1
2203 378 1
2204 817 1
2205 605 1
2206 429 1
2207 137 1
2208 335 1
2209 795 1
2210 922 1
2211 586 0
2212 196 1
2213 900 1
2214 889 0
2215 837 0
2216 789 1
2217 344 1
2218 196 1
2219 733 1
2220 470 0
2221 303 1
2222 941 1
2223 256 1
2224 878 0
2225 622 0
2226 73 1
2227 103 0
2228 590 0
2229 245 0
2230 319 1
2231 24 0
2232 535 0
2233 324 0
2234 859 1
2235 678 0
2236 378 1
2237 211 0
2238 355 1
2239 578 1
2240 452 0
2241 901 0
2242 391 1
2243 563 0
2244 105 1
2245 328 1
2246 824 0
2247 349 1
2248 604 1
2249 72 1
2250 665 1
2251 660 1
2252 782 0
2253 345 1
2254 156 0
2255 353 1
2256 105 1
2257 901 0
2258 240 1
2259 296 1
2260 139 0
2261 538 1
2262 860 0
2263 304 1
2264 379 1
2265 678 1
2266 176 1
2267 904 1
2268 192 1
2269 78 0
2270 154 1
2271 724 0
2272 387 0
2273 409 1
2274 5 1
2275 741 1
2276 146 0
2277 40 0
2278 34 1
2279 336 1
2280 604 0
2281 158 0
2282 335 1
2283 672 1
2284 178 1
2285 759 1
2286 834 0
2287 360 1
2288 24 0
2289 781 1
2290 291 0
2291 173 1
2292 785 1
2293 260 0
2294 441 1
2295 884 1
2296 545 0
2297 759 1
2298 921 1
2299 341 1
2300 883 0
2301 365 0
2302 450 1
2303 920 1
2304 312 1
2305 503 1
2306 256 1
2307 809 1
2308 657 1
2309 561 0
2310 599 0
2311 125 1
2312 353 0
2313 842 1
2314 299 1
2315 356 0
2316 149 0
2317 766 1
2318 263 1
2319 6 1
2320 419 1
2321 947 1
2322 2 1
2323 417 1
2324 691 1
2325 690 0
2326 405 0
2327 185 1
2328 634 1
2329 15 1
2330 76 1
2331 932 1
2332 25 0
2333 593 1
2334 416 0
2335 748 1
2336 42 1
2337 212 1
2338 250 0
2339 588 1
2340 541 1
2341 98 0
2342 77 1
2343 522 0
2344 128 1
2345 461 1
2346 676 0
2347 315 1
2348 123 1
2349 873 1
2350 441 1
2351 191 1
2352 115 1
2353 413 0
2354 917 0
2355 124 1
2356 146 1
2357 270 0
2358 274 0
2359 818 1
2360 146 1
2361 492 0
2362 539 1
2363 456 1
2364 532 1
2365 18 0
2366 817 0
2367 391 0
2368 381 1
2369 115 1
2370 738 0
2371 622 0
2372 230 1
2373 41 1
2374 618 1
2375 675 1
2376 840 1
2377 636 0
2378 791 1
2379 858 0
2380 404 1
2381 280 1
2382 854 0
2383 856 1
2384 292 0
2385 399 1
2386 28 0
2387 732 0
2388 846 0
2389 530 1
2390 451 1
2391 327 0
2392 355 0
2393 537 0
2394 37 0
2395 453 1
2396 254 1
2397 365 1
2398 221 0
2399 209 0
2400 58 1
2401 476 1
2402 562 1
2403 112 0
2404 916 1
2405 20 1
2406 898 0
2407 524 0
2408 127 0
2409 382 0
2410 439 0
2411 374 1
2412 385 1
2413 734 1
2414 777 1
2415 168 1
2416 484 1
2417 806 1
2418 787 1
2419 436 1
2420 495 1
2421 101 1
2422 687 1
2423 512 1
2424 620 1
2425 863 1
2426 663 0
2427 801 0
2428 794 0
2429 704 1
2430 344 1
2431 389 1
2432 335 1
2433 691 0
2434 97 0
2435 923 0
2436 401 1
2437 802 1
2438 466 0
2439 720 1
2440 191 0
2441 243 1
2442 686 1
2443 837 1
2444 329 1
2445 199 1
2446 280 1
2447 318 1
2448 717 1
2449 786 1
2450 3 1
2451 223 1
2452 599 1
2453 309 0
2454 322 0
2455 250 0
2456 594 1
2457 417 1
2458 239 1
2459 859 0
2460 778 1
2461 175 1
2462 464 0
2463 607 1
2464 320 0
2465 697 1
2466 18 0
2467 495 1
2468 879 1
2469 616 1
2470 883 0
2471 763 1
2472 178 1
2473 857 0
2474 301 1
2475 870 1
2476 525 0
2477 4 0
2478 473 1
2479 36 1
2480 937 1
2481 769 1
2482 587 0
2483 506 0
2484 51 1
2485 649 0
2486 922 1
2487 395 1
2488 459 0
2489 335 0
2490 834 1
2491 657 0
2492 233 0
2493 214 1
2494 205 1
2495 317 0
2496 868 0
2497 80 0
2498 332 1
2499 903 1
2500 642 0
2501 136 1
2502 947 1
2503 415 1
2504 716 1
2505 33 1
2506 888 1
2507 660 1
2508 169 0
2509 761 1
2510 174 1
2511 451 0
2512 30 1
2513 480 1
2514 51 0
2515 515 1
2516 918 1
2517 239 1
2518 115 1
2519 303 1
2520 337 1
2521 131 0
2522 795 0
2523 330 1
2524 715 1
2525 273 0
2526 871 1
2527 749 1
2528 72 1
2529 81 0
2530 480 0
2531 816 1
2532 180 1
2533 179 1
2534 527 0
2535 59 1
2536 586 1
2537 73 0
2538 31 0
2539 213 0
2540 311 1
2541 453 1
2542 27 0
2543 66 0
2544 298 1
2545 107 0
2546 628 1
2547 43 1
2548 680 1
2549 153 0
2550 588 0
2551 55 0
2552 171 0
2553 306 0
2554 299 0
2555 833 1
2556 773 1
2557 726 1
2558 471 1
2559 668 1
2560 823 1
2561 365 1
2562 515 1
2563 242 0
2564 514 0
2565 502 0
2566 375 0
2567 26 1
2568 569 1
2569 634 1
2570 736 1
2571 411 1
2572 736 1
2573 176 0
2574 746 0
2575 793 1
2576 552 1
2577 52 0
2578 383 0
2579 246 0
2580 457 1
2581 700 1
2582 238 1
2583 197 1
2584 944 1
2585 492 1
2586 280 1
2587 105 1
2588 742 1
2589 924 0
2590 59 1
2591 924 1
2592 858 1
2593 613 0
2594 88 0
2595 5 1
2596 540 1
2597 196 1
2598 366 1
2599 286 1
2600 157 0
2601 856 1
2602 382 1
2603 271 0
2604 293 0
2605 595 0
2606 895 0
2607 848 1
2608 478 1
2609 862 1
2610 186 1
2611 46 1
2612 506 1
2613 321 0
2614 519 1
2615 48 1
2616 318 1
2617 881 1
2618 800 1
2619 874 0
2620 214 0
2621 262 1
2622 20 0
2623 613 0
2624 438 1
2625 949 1
2626 209 1
2627 284 1
2628 54 1
2629 405 1
2630 146 1
2631 66 1
2632 175 1
2633 99 1
2634 801 0
2635 885 1
2636 309 0
2637 942 0
2638 241 0
2639 595 1
2640 62 1
2641 121 1
2642 290 0
2643 754 0
2644 780 1
2645 802 0
2646 546 1
2647 324 1
2648 634 1
2649 630 0
2650 214 1
2651 317 1
2652 645 1
2653 620 0
2654 796 1
2655 383 0
2656 510 1
2657 897 1
2658 794 1
2659 79 1
2660 909 1
2661 483 1
2662 567 1
2663 43 1
2664 48 0
2665 503 1
2666 54 0
2667 553 1
2668 61 1
2669 519 0
2670 138 1
2671 649 1
2672 340 1
2673 383 1
2674 345 0
2675 575 1
2676 160 0
2677 460 1
2678 566 1
2679 746 1
2680 944 1
2681 644 0
2682 886 1
2683 632 0
2684 352 1
2685 622 0
2686 871 1
2687 908 0
2688 683 0
2689 95 1
2690 686 0
2691 150 1
2692 429 1
2693 507 1
2694 882 0
2695 543 0
2696 253 1
2697 691 0
2698 367 0
2699 904 0
2700 341 1
2701 28 1
2702 663 0
2703 289 1
2704 325 1
2705 358 0
2706 823 1
2707 674 1
2708 51 0
2709 346 0
2710 302 1
2711 742 1
2712 895 1
2713 512 1
2714 623 0
2715 915 1
2716 809 1
2717 42 1
2718 812 1
2719 802 0
2720 483 0
2721 14 0
2722 717 1
2723 541 1
2724 688 1
2725 519 1
2726 594 0
2727 362 0
2728 560 1
2729 734 1
2730 158 0
2731 13 1
2732 459 1
2733 306 0
2734 154 1
2735 275 0
2736 366 1
2737 877 0
2738 746 0
2739 553 1
2740 172 1
2741 406 0
2742 199 1
2743 238 1
2744 577 1
2745 760 0
2746 603 1
2747 635 1
2748 713 0
2749 316 1
2750 32 1
2751 438 1
2752 648 1
2753 415 0
2754 600 1
2755 927 0
2756 22 1
2757 472 0
2758 85 0
2759 749 1
2760 615 1
2761 330 1
2762 264 0
2763 147 1
2764 724 1
2765 662 1
2766 822 1
2767 89 0
2768 166 1
2769 12 1
2770 406 1
2771 472 1
2772 140 0
2773 418 1
2774 471 0
2775 655 0
2776 542 0
2777 55 0
2778 883 1
2779 485 0
2780 549 1
2781 231 0
2782 229 0
2783 823 1
2784 708 1
2785 96 1
2786 477 0
2787 360 1
2788 214 1
2789 610 1
2790 646 1
2791 589 0
2792 232 0
2793 695 1
2794 730 0
2795 589 0
2796 425 0
2797 516 1
2798 73 1
2799 819 0
2800 41 1
2801 829 1
2802 184 1
2803 903 0
2804 784 1
2805 17 1
2806 760 1
2807 484 1
2808 67 0
2809 925 0
2810 458 1
2811 58 1
2812 317 1
2813 240 1
2814 730 1
2815 105 0
2816 791 1
2817 107 1
2818 106 0
2819 423 0
2820 506 1
2821 187 1
2822 698 0
2823 125 1
2824 901 1
2825 495 0
2826 547 1
2827 225 1
2828 895 1
2829 187 1
2830 457 1
2831 263 0
2832 277 0
2833 206 1
2834 315 0
2835 91 1
2836 837 1
2837 70 0
2838 835 1
2839 282 0
2840 295 1
2841 242 1
2842 263 1
2843 639 1
2844 701 0
2845 649 1
2846 53 0
2847 273 1
2848 333 0
2849 365 1
2850 41 1
2851 402 1
2852 620 1
2853 395 1
2854 553 1
2855 222 1
2856 387 1
2857 508 1
2858 700 1
2859 741 0
2860 791 1
2861 427 1
2862 286 1
2863 942 1
2864 113 1
2865 200 1
2866 698 0
2867 917 1
2868 843 0
2869 639 1
2870 923 1
2871 111 1
2872 142 0
2873 894 1
2874 583 1
2875 111 1
2876 892 1
2877 201 1
2878 55 0
2879 730 0
2880 318 0
2881 323 1
2882 350 0
2883 200 0
2884 418 0
2885 572 1
2886 633 0
2887 518 1
2888 235 1
2889 551 1
2890 913 1
2891 175 1
2892 17 1
2893 131 0
2894 222 0
2895 125 1
2896 609 1
2897 605 1
2898 505 0
2899 251 1
2900 461 1
2901 247 1
2902 439 0
2903 686 1
2904 159 1
2905 309 0
2906 833 0
2907 745 1
2908 514 1
2909 692 1
2910 555 1
2911 325 1
2912 199 0
2913 222 1
2914 552 1
2915 445 1
2916 113 1
2917 924 1
2918 391 1
2919 43 1
2920 830 1
2921 325 0
2922 490 1
2923 381 0
2924 879 0
2925 673 0
2926 939 1
2927 698 1
2928 745 0
2929 660 1
2930 211 0
2931 176 0
2932 731 1
2933 761 0
2934 692 0
2935 375 1
2936 809 1
2937 218 1
2938 703 1
2939 285 1
2940 605 1
2941 48 0
2942 889 1
2943 549 1
2944 484 1
2945 681 0
2946 180 1
2947 903 1
2948 774 1
2949 736 1
2950 219 1
2951 21 0
2952 744 0
2953 310 0
2954 722 1
2955 60 1
2956 603 1
2957 853 1
2958 623 1
2959 877 1
2960 477 0
2961 735 1
2962 398 1
2963 387 1
2964 218 0
2965 505 0
2966 216 1
2967 399 1
2968 533 1
2969 273 1
2970 237 0
2971 448 0
2972 210 1
2973 199 1
2974 686 1
2975 874 0
2976 616 0
2977 639 1
2978 280 1
2979 888 1
2980 15 1
2981 704 1
2982 853 0
2983 124 0
2984 629 1
2985 508 0
2986 498 1
2987 640 0
2988 240 1
2989 476 1
2990 732 1
2991 908 1
2992 107 1
2993 229 1
2994 439 0
2995 538 0
2996 492 1
2997 569 0
2998 211 1
2999 598 1
3000 858 1
3001 639 0
3002 160 1
3003 47 1
3004 935 0
3005 145 1
3006 923 1
3007 163 0
3008 582 1
3009 119 0
3010 442 1
3011 408 1
3012 832 1
3013 262 1
3014 487 1
3015 700 1
3016 899 0
3017 683 1
3018 601 1
3019 277 1
3020 187 1
3021 351 1
3022 408 0
3023 7 1
3024 674 1
3025 828 0
3026 783 0
3027 867 0
3028 79 1
3029 524 0
3030 806 1
3031 728 0
3032 661 1
3033 631 1
3034 9 0
3035 781 1
3036 264 0
3037 240 0
3038 347 1
3039 596 0
3040 373 0
3041 3 1
3042 527 0
3043 637 1
3044 933 1
3045 941 0
3046 483 1
3047 476 1
3048 947 0
3049 273 0
3050 113 0
3051 86 1
3052 52 1
3053 934 1
3054 573 0
3055 237 1
3056 936 1
3057 919 0
3058 43 1
3059 52 1
3060 699 0
3061 698 0
3062 644 0
3063 192 0
3064 263 1
3065 646 1
3066 336 0
3067 522 1
3068 942 0
3069 555 1
3070 17 1
3071 327 1
3072 81 0
3073 515 0
3074 668 0
3075 869 1
3076 493 1
3077 531 1
3078 723 0
3079 711 1
3080 122 1
3081 180 0
3082 907 1
3083 615 1
3084 140 1
3085 280 0
3086 896 0
3087 159 1
3088 671 1
3089 871 1
3090 58 0
3091 689 1
3092 339 1
3093 506 0
3094 762 1
3095 866 0
3096 441 1
3097 160 0
3098 681 1
3099 230 1
3100 880 1
3101 27 1
3102 886 1
3103 620 0
3104 629 1
3105 880 1
3106 263 1
3107 56 1
3108 656 1
3109 597 1
3110 712 1
3111 169 1
3112 491 0
3113 369 1
3114 38 0
3115 926 1
3116 877 1
3117 677 0
3118 73 1
3119 469 1
3120 771 1
3121 322 0
3122 784 0
3123 569 0
3124 824 1
3125 725 0
3126 612 1
3127 557 1
3128 157 0
3129 142 1
3130 342 0
3131 47 0
3132 4 0
3133 130 1
3134 838 0
3135 663 1
3136 765 1
3137 625 1
3138 181 1
3139 857 0
3140 343 1
3141 408 1
3142 343 0
3143 40 1
3144 708 1
3145 579 0
3146 184 0
3147 252 1
3148 283 0
3149 265 1
3150 750 0
3151 713 1
3152 614 1
3153 931 0
3154 515 1
3155 618 1
3156 402 1
3157 746 1
3158 809 1
3159 178 1
3160 853 1
3161 434 1
3162 433 0
3163 274 1
3164 1 1
3165 539 1
3166 168 1
3167 249 0
3168 574 1
3169 395 0
3170 116 0
3171 765 0
3172 22 1
3173 80 1
3174 396 1
3175 214 0
3176 899 0
3177 153 1
3178 383 0
3179 750 0
3180 619 1
3181 185 1
3182 640 1
3183 388 1
3184 548 0
3185 54 1
3186 846 1
3187 950 1
3188 428 1
3189 632 1
3190 105 1
3191 776 1
3192 428 0
3193 319 1
3194 290 1
3195 129 0
3196 456 1
3197 515 0
3198 517 0
3199 61 1
3200 735 1
3201 546 0
3202 818 1
3203 315 1
3204 392 0
3205 889 1
3206 611 1
3207 551 1
3208 576 0
3209 667 1
3210 37 1
3211 594 1
3212 880 1
3213 407 0
3214 945 1
3215 329 1
3216 468 1
3217 177 1
3218 354 0
3219 516 1
3220 373 1
3221 293 1
3222 936 1
3223 840 1
3224 647 1
3225 361 1
3226 286 1
3227 945 1
3228 46 0
3229 430 0
3230 639 1
3231 538 1
3232 567 0
3233 260 1
3234 140 1
3235 601 1
3236 47 1
3237 314 1
3238 555 0
3239 478 0
3240 760 0
3241 703 1
3242 612 0
3243 195 1
3244 867 1
3245 467 1
3246 317 1
3247 480 0
3248 653 1
3249 739 1
3250 450 1
3251 124 1
3252 216 1
3253 298 1
3254 526 1
3255 906 1
3256 548 0
3257 198 1
3258 288 0
3259 752 1
3260 902 0
3261 528 0
3262 206 0
3263 86 0
3264 798 1
3265 585 1
3266 147 0
3267 562 1
3268 81 0
3269 902 1
3270 569 1
3271 826 1
3272 332 0
3273 260 0
3274 351 1
3275 593 0
3276 213 0
3277 455 0
3278 112 1
3279 211 1
3280 299 1
3281 859 1
3282 439 1
3283 577 1
3284 148 1
3285 60 1
3286 202 1
3287 769 1
3288 844 1
3289 922 0
3290 140 0
3291 314 1
3292 504 1
3293 657 1
3294 127 1
3295 344 1
3296 598 1
3297 756 0
3298 491 0
3299 491 0
3300 678 1
3301 291 1
3302 371 1
3303 231 0
3304 187 0
3305 160 0
3306 536 0
3307 449 1
3308 61 0
3309 589 0
3310 72 0
3311 499 1
3312 3 1
3313 758 0
3314 455 1
3315 67 0
3316 618 0
3317 831 0
3318 351 1
3319 71 0
3320 199 1
3321 518 0
3322 475 1
3323 708 0
3324 171 1
3325 725 1
3326 97 0
3327 915 0
3328 463 1
3329 362 1
3330 672 1
3331 34 0
3332 556 1
3333 263 1
3334 862 1
3335 148 0
3336 334 0
3337 729 1
3338 683 1
3339 279 1
3340 832 1
3341 31 0
3342 211 1
3343 797 1
3344 369 1
3345 410 0
3346 407 0
3347 431 1
3348 243 1
3349 572 1
3350 796 0
3351 32 1
3352 436 0
3353 873 1
3354 296 0
3355 906 0
3356 139 0
3357 759 1
3358 701 0
3359 793 1
3360 583 0
3361 211 0
3362 580 0
3363 770 1
3364 153 1
3365 746 1
3366 45 1
3367 62 1
3368 473 1
3369 417 1
3370 70 1
3371 716 1
3372 128 0
3373 328 1
3374 63 1
3375 833 0
3376 422 1
3377 569 0
3378 503 0
3379 759 0
3380 665 1
3381 655 1
3382 151 1
3383 125 1
3384 586 1
3385 327 1
3386 799 1
3387 634 1
3388 385 1
3389 690 1
3390 65 1
3391 28 1
3392 550 1
3393 307 1
3394 754 0
3395 759 1
3396 438 1
3397 112 1
3398 948 1
3399 147 0
3400 547 1
3401 58 1
3402 335 1
3403 256 1
3404 472 1
3405 101 1
3406 452 1
3407 793 0
3408 495 0
3409 153 0
3410 148 0
3411 651 1
3412 192 1
3413 944 1
3414 768 0
3415 542 0
3416 383 1
3417 644 1
3418 944 1
3419 255 1
3420 780 1
3421 771 0
3422 254 0
3423 216 1
3424 646 1
3425 931 0
3426 99 1
3427 82 1
3428 327 0
3429 366 1
3430 935 0
3431 393 1
3432 325 1
3433 853 1
3434 755 1
3435 668 0
3436 398 1
3437 750 1
3438 869 1
3439 334 1
3440 154 1
3441 59 0
3442 830 0
3443 429 0
3444 102 0
3445 119 1
3446 520 1
3447 338 1
3448 366 1
3449 932 0
3450 282 0
3451 640 1
3452 905 1
3453 265 1
3454 223 1
3455 204 1
3456 797 1
3457 515 0
3458 289 1
3459 651 1
3460 557 0
3461 246 1
3462 215 0
3463 740 1
3464 592 1
3465 636 1
3466 187 1
3467 371 0
3468 533 0
3469 616 1
3470 52 1
3471 67 1
3472 16 1
3473 343 1
3474 459 0
3475 349 1
3476 697 0
3477 76 1
3478 831 1
3479 311 1
3480 354 1
3481 164 1
3482 90 1
3483 450 1
3484 940 1
3485 312 1
3486 819 0
3487 776 0
3488 729 1
3489 793 0
3490 931 0
3491 303 0
3492 555 1
3493 407 0
3494 12 1
3495 793 1
3496 366 1
3497 791 1
3498 310 1
3499 847 0
3500 173 0
3501 342 0
3502 356 1
3503 529 0
3504 938 0
3505 257 1
3506 447 1
3507 413 1
3508 708 0
3509 372 1
3510 355 1
3511 20 0
3512 104 1
3513 111 1
3514 870 0
3515 599 0
3516 935 0
3517 853 1
3518 760 1
3519 360 1
3520 686 1
3521 599 1
3522 110 0
3523 119 1
3524 765 1
3525 472 1
3526 589 0
3527 658 1
3528 236 1
3529 876 1
3530 545 0
3531 132 1
3532 166 1
3533 870 0
3534 349 1
3535 607 0
3536 780 0
3537 151 0
3538 84 1
3539 758 0
3540 529 1
3541 670 0
3542 655 0
3543 629 1
3544 80 1
3545 96 1
3546 847 1
3547 87 0
3548 146 0
3549 873 1
3550 54 1
3551 348 1
3552 552 1
3553 775 1
3554 538 1
3555 302 1
3556 630 0
3557 168 0
3558 398 1
3559 159 1
3560 284 1
3561 871 0
3562 368 0
3563 127 0
3564 734 1
3565 662 0
3566 462 1
3567 672 0
3568 443 0
3569 699 1
3570 847 0
3571 30 0
3572 71 1
3573 744 0
3574 44 1
3575 716 1
3576 93 1
3577 393 1
3578 412 1
3579 628 1
3580 453 0
3581 33 1
3582 283 1
3583 27 1
3584 19 1
3585 640 1
3586 544 1
3587 325 1
3588 753 1
3589 853 0
3590 906 1
3591 60 1
3592 71 1
3593 278 1
3594 742 1
3595 563 1
3596 179 0
3597 209 1
3598 235 1
3599 122 0
3600 847 0
3601 53 1
3602 367 1
3603 824 1
3604 264 0
3605 851 1
3606 277 0
3607 36 1
3608 66 0
3609 600 0
3610 38 1
3611 936 0
3612 693 0
3613 448 0
3614 315 1
3615 115 1
3616 267 0
3617 419 0
3618 430 1
3619 571 0
3620 67 1
3621 683 1
3622 84 0
3623 345 1
3624 802 0
3625 842 1
3626 91 1
3627 825 1
3628 71 1
3629 646 1
3630 778 0
3631 365 1
3632 698 1
3633 380 1
3634 10 0
3635 641 1
3636 240 1
3637 74 1
3638 25 0
3639 243 1
3640 298 1
3641 484 0
3642 12 0
3643 942 1
3644 566 1
3645 122 1
3646 101 0
3647 139 1
3648 205 1
3649 745 1
3650 287 0
3651 62 1
3652 576 1
3653 621 0
3654 440 1
3655 246 1
3656 883 1
3657 895 1
3658 23 1
3659 631 1
3660 226 1
3661 750 1
3662 173 1
3663 59 1
3664 341 1
3665 479 1
3666 173 1
3667 924 1
3668 561 1
3669 285 1
3670 276 0
3671 672 1
3672 195 0
3673 872 1
3674 321 0
3675 807 1
3676 238 1
3677 758 1
3678 428 1
3679 674 1
3680 555 1
3681 215 0
3682 511 1
3683 412 0
3684 551 0
3685 172 1
3686 161 1
3687 803 1
3688 279 0
3689 459 1
3690 209 1
3691 80 0
3692 690 1
3693 627 1
3694 588 0
3695 705 0
3696 321 0
3697 806 1
3698 761 1
3699 838 0
3700 848 1
3701 5 1
3702 673 1
3703 183 1
3704 466 0
3705 485 1
3706 727 1
3707 891 1
3708 336 1
3709 402 1
3710 685 1
3711 166 0
3712 845 0
3713 772 0
3714 288 1
3715 900 1
3716 371 0
3717 847 1
3718 647 0
3719 929 1
3720 490 0
3721 721 1
3722 912 0
3723 733 1
3724 45 0
3725 271 0
3726 225 1
3727 670 1
3728 343 0
3729 543 1
3730 803 1
3731 585 1
3732 215 0
3733 317 1
3734 328 1
3735 908 0
3736 527 1
3737 134 1
3738 157 1
3739 670 1
3740 820 0
3741 934 1
3742 311 0
3743 933 1
3744 913 1
3745 103 1
3746 787 1
3747 37 1
3748 937 0
3749 798 0
3750 302 0
3751 182 1
3752 367 1
3753 250 1
3754 117 1
3755 612 1
3756 910 1
3757 916 1
3758 65 0
3759 693 1
3760 241 1
3761 560 1
3762 417 0
3763 13 1
3764 720 1
3765 718 1
3766 499 1
3767 784 1
3768 150 1
3769 325 0
3770 53 0
3771 22 1
3772 349 1
3773 887 1
3774 654 1
3775 210 1
3776 359 1
3777 857 1
3778 301 1
3779 113 1
3780 614 1
3781 861 1
3782 548 0
3783 797 1
3784 663 1
3785 735 0
3786 876 1
3787 497 1
3788 513 0
3789 573 1
3790 947 0
3791 44 1
3792 486 1
3793 180 1
3794 588 1
3795 627 0
3796 892 0
3797 66 1
3798 165 1
3799 122 1
3800 919 1
3801 362 1
3802 547 1
3803 52 1
3804 226 0
3805 209 1
3806 341 0
3807 577 0
3808 807 1
3809 432 1
3810 819 1
3811 464 0
3812 646 1
3813 183 1
3814 327 1
3815 457 0
3816 95 0
3817 72 1
3818 611 1
3819 636 0
3820 517 1
3821 943 1
3822 752 1
3823 503 1
3824 144 1
3825 937 1
3826 93 1
3827 540 1
3828 865 1
3829 251 1
3830 913 0
3831 420 1
3832 460 0
3833 585 1
3834 385 0
3835 842 0
3836 884 1
3837 578 1
3838 453 1
3839 227 0
3840 950 1
3841 377 0
3842 548 1
3843 599 1
3844 575 1
3845 588 1
3846 492 1
3847 595 0
3848 319 0
3849 122 0
3850 384 1
3851 540 0
3852 733 0
3853 771 0
3854 182 0
3855 601 1
3856 144 0
3857 41 0
3858 829 1
3859 924 1
3860 424 1
3861 40 1
3862 387 1
3863 801 1
3864 633 1
3865 344 1
3866 706 0
3867 151 1
3868 820 1
3869 607 1
3870 737 0
3871 117 0
3872 169 1
3873 392 0
3874 683 0
3875 501 0
3876 694 0
3877 840 1
3878 944 0
3879 837 1
3880 432 1
3881 576 0
3882 48 0
3883 559 1
3884 467 1
3885 804 0
3886 357 0
3887 904 1
3888 849 1
3889 457 0
3890 478 1
3891 390 1
3892 316 0
3893 236 0
3894 738 0
3895 820 0
3896 121 0
3897 174 1
3898 107 0
3899 806 1
3900 717 1
3901 596 1
3902 398 0
3903 417 1
3904 778 0
3905 530 1
3906 650 0
3907 179 1
3908 16 0
3909 209 1
3910 306 1
3911 742 0
3912 409 0
3913 365 1
3914 467 1
3915 742 0
3916 648 0
3917 124 1
3918 821 1
3919 44 1
3920 233 1
3921 722 1
3922 427 1
3923 782 1
3924 250 1
3925 131 1
3926 4 1
3927 752 1
3928 724 0
3929 581 0
3930 155 0
3931 358 1
3932 760 1
3933 783 1
3934 792 1
3935 213 1
3936 334 1
3937 725 1
3938 654 1
3939 21 1
3940 365 1
3941 277 0
3942 795 1
3943 550 0
3944 130 1
3945 692 0
3946 553 0
3947 22 1
3948 350 1
3949 877 1
3950 449 0
3951 33 0
3952 843 1
3953 361 1
3954 247 1
3955 267 1
3956 303 1
3957 866 1
3958 507 0
3959 483 1
3960 530 1
3961 691 0
3962 92 0
3963 379 1
3964 335 1
3965 401 0
3966 213 1
3967 500 1
3968 125 1
3969 419 1
3970 176 0
3971 754 1
3972 47 1
3973 395 1
3974 903 1
3975 125 1
3976 37 1
3977 499 1
3978 346 0
3979 456 1
3980 1 1
3981 514 1
3982 225 0
3983 87 0
3984 808 0
3985 375 1
3986 125 1
3987 282 0
3988 616 0
3989 611 1
3990 489 1
3991 100 1
3992 370 1
3993 656 1
3994 295 1
3995 447 0
3996 902 0
3997 510 1
3998 793 0
3999 179 1
4000 36 1
4001 337 1
4002 617 0
4003 102 1
4004 113 0
4005 850 1
4006 267 1
4007 178 1
4008 252 1
4009 172 1
4010 763 1
4011 844 1
4012 282 1
4013 543 0
4014 769 0
4015 544 1
4016 326 1
4017 619 1
4018 433 1
4019 158 1
4020 251 1
4021 198 1
4022 776 1
4023 925 0
4024 28 0
4025 509 0
4026 533 1
4027 208 1
4028 573 1
4029 825 1
4030 523 1
4031 14 1
4032 348 1
4033 725 1
4034 287 1
4035 260 1
4036 708 1
4037 941 1
4038 604 1
4039 379 1
4040 713 1
4041 241 1
4042 223 0
4043 880 1
4044 250 1
4045 121 1
4046 105 1
4047 439 0
4048 768 1
4049 51 0
4050 864 1
4051 527 0
4052 654 1
4053 923 1
4054 134 0
4055 824 1
4056 173 1
4057 911 0
4058 448 1
4059 127 1
4060 527 1
4061 288 0
4062 384 1
4063 737 1
4064 824 0
4065 74 1
4066 149 1
4067 291 1
4068 770 1
4069 44 0
4070 500 1
4071 569 1
4072 866 1
4073 3 1
4074 303 0
4075 829 0
4076 379 1
4077 164 0
4078 893 1
4079 616 1
4080 739 1
4081 436 1
4082 108 1
4083 508 1
4084 876 1
4085 600 1
4086 237 1
4087 147 0
4088 632 0
4089 284 0
4090 165 1
4091 582 0
4092 97 1
4093 124 1
4094 581 0
4095 574 1
4096 364 1
4097 74 0
4098 672 1
4099 169 1
4100 903 1
4101 71 1
4102 756 0
4103 110 0
4104 137 1
4105 189 0
4106 326 0
4107 731 1
4108 335 1
4109 347 1
4110 530 1
4111 218 1
4112 866 1
4113 184 0
4114 642 1
4115 117 0
4116 891 1
4117 552 0
4118 174 1
4119 901 1
4120 941 0
4121 499 0
4122 678 0
4123 624 0
4124 68 0
4125 862 1
4126 826 1
4127 310 0
4128 305 1
4129 261 1
4130 616 1
4131 475 1
4132 450 1
4133 69 0
4134 739 1
4135 821 1
4136 42 1
4137 814 0
4138 416 1
4139 667 1
4140 275 1
4141 851 1
4142 708 0
4143 660 0
4144 473 1
4145 894 1
4146 233 0
4147 462 1
4148 379 1
4149 242 1
4150 318 0
4151 665 1
4152 249 0
4153 848 1
4154 783 1
4155 918 1
4156 76 1
4157 26 1
4158 797 1
4159 498 1
4160 542 0
4161 225 1
4162 745 1
4163 508 1
4164 870 0
4165 225 1
4166 630 0
4167 249 1
4168 235 1
4169 478 0
4170 479 1
4171 893 1
4172 81 1
4173 156 1
4174 540 1
4175 15 1
4176 30 0
4177 906 0
4178 580 1
4179 832 1
4180 866 1
4181 505 1
4182 648 1
4183 358 1
4184 786 1
4185 718 1
4186 99 0
4187 754 1
4188 514 0
4189 827 1
4190 382 0
4191 234 1
4192 852 0
4193 4 0
4194 305 1
4195 749 1
4196 711 0
4197 767 0
4198 827 1
4199 225 0
4200 779 1
4201 860 1
4202 654 1
4203 942 1
4204 391 0
4205 204 1
4206 479 1
4207 119 1
4208 279 1
4209 629 0
4210 728 1
4211 690 0
4212 384 1
4213 782 1
4214 448 0
4215 806 0
4216 884 0
4217 87 1
4218 312 1
4219 572 1
4220 666 1
4221 409 1
4222 31 0
4223 458 1
4224 420 0
4225 780 0
4226 332 0
4227 686 1
4228 909 1
4229 25 1
4230 458 0
4231 451 1
4232 480 0
4233 747 1
4234 385 1
4235 428 1
4236 78 1
4237 178 1
4238 183 0
4239 304 1
4240 541 1
4241 800 0
4242 652 1
4243 523 1
4244 821 1
4245 669 1
4246 197 0
4247 488 0
4248 591 1
4249 402 0
4250 536 1
4251 845 1
4252 484 1
4253 724 1
4254 477 1
4255 203 0
4256 211 0
4257 825 1
4258 357 1
4259 175 1
4260 829 0
4261 208 1
4262 897 1
4263 520 1
4264 864 1
4265 331 1
4266 569 1
4267 948 0
4268 67 1
4269 654 1
4270 682 1
4271 380 1
4272 679 1
4273 458 0
4274 535 0
4275 80 1
4276 410 0
4277 257 0
4278 868 1
4279 777 1
4280 633 1
4281 48 0
4282 152 0
4283 122 0
4284 650 0
4285 415 1
4286 452 1
4287 92 1
4288 933 0
4289 149 1
4290 232 1
4291 815 0
4292 402 1
4293 882 0
4294 782 0
4295 869 1
4296 634 1
4297 600 1
4298 730 1
4299 657 1
4300 432 1
4301 694 0
4302 801 1
4303 948 1
4304 385 1
4305 350 0
4306 144 1
4307 76 0
4308 219 1
4309 633 0
4310 484 0
4311 399 1
4312 285 0
4313 722 0
4314 655 0
4315 377 1
4316 434 0
4317 789 0
4318 791 0
4319 118 1
4320 701 0
4321 611 1
4322 451 1
4323 324 1
4324 579 1
4325 489 0
4326 442 0
4327 164 1
4328 821 1
4329 676 1
4330 131 1
4331 430 0
4332 107 1
4333 851 0
4334 938 1
4335 58 1
4336 254 1
4337 466 1
4338 290 1
4339 193 1
4340 565 1
4341 866 1
4342 620 0
4343 667 1
4344 617 1
4345 784 1
4346 379 1
4347 364 0
4348 415 1
4349 434 0
4350 50 1
4351 24 1
4352 95 0
4353 778 1
4354 98 1
4355 188 0
4356 702 1
4357 603 1
4358 786 0
4359 631 0
4360 480 1
4361 251 1
4362 728 1
4363 395 1
4364 647 0
4365 479 1
4366 139 1
4367 885 1
4368 647 0
4369 619 1
4370 616 1
4371 226 1
4372 680 0
4373 508 1
4374 917 1
4375 17 0
4376 536 1
4377 239 0
4378 651 0
4379 274 1
4380 165 1
4381 928 1
4382 74 0
4383 538 1
4384 392 1
4385 284 0
4386 666 1
4387 194 1
4388 272 1
4389 795 1
4390 774 0
4391 454 1
4392 849 0
4393 441 1
4394 29 1
4395 781 1
4396 285 0
4397 498 1
4398 438 0
4399 849 1
4400 894 1
4401 657 0
4402 576 1
4403 889 1
4404 486 1
4405 856 1
4406 479 0
4407 436 0
4408 820 1
4409 810 1
4410 293 1
4411 927 1
4412 332 1
4413 707 1
4414 211 1
4415 534 1
4416 556 0
4417 649 0
4418 24 0
4419 798 1
4420 254 1
4421 587 1
4422 830 1
4423 878 1
4424 602 1
4425 366 1
4426 427 1
4427 408 1
4428 585 1
4429 578 0
4430 537 1
4431 836 0
4432 286 0
4433 92 1
4434 889 0
4435 705 1
4436 527 0
4437 577 0
4438 183 1
4439 874 1
4440 291 1
4441 498 0
4442 517 1
4443 410 1
4444 838 0
4445 832 0
4446 918 1
4447 451 1
4448 68 0
4449 449 1
4450 367 1
4451 918 0
4452 197 1
4453 233 1
4454 933 0
4455 934 0
4456 331 0
4457 875 1
4458 321 1
4459 767 1
4460 256 0
4461 517 1
4462 299 0
4463 477 1
4464 329 0
4465 143 1
4466 782 1
4467 523 1
4468 423 0
4469 293 1
4470 682 1
4471 563 0
4472 641 1
4473 562 1
4474 822 0
4475 220 1
4476 911 0
4477 351 1
4478 523 0
4479 396 1
4480 456 1
4481 482 1
4482 417 0
4483 315 0
4484 580 1
4485 180 1
4486 768 0
4487 141 1
4488 164 1
4489 354 1
4490 14 1
4491 47 1
4492 129 1
4493 119 0
4494 44 1
4495 438 1
4496 938 1
4497 671 1
4498 860 0
4499 62 0
4500 528 1
4501 684 0
4502 754 0
4503 572 1
4504 345 1
4505 722 1
4506 318 1
4507 334 1
4508 936 1
4509 33 1
4510 852 1
4511 297 1
4512 325 1
4513 61 0
4514 888 0
4515 607 0
4516 250 1
4517 578 0
4518 817 0
4519 855 0
4520 895 0
4521 455 1
4522 330 0
4523 594 1
4524 176 0
4525 113 1
4526 866 1
4527 685 1
4528 428 0
4529 359 1
4530 869 0
4531 598 1
4532 8 0
4533 940 0
4534 193 1
4535 805 1
4536 405 0
4537 168 0
4538 32 1
4539 934 1
4540 322 0
4541 53 0
4542 391 0
4543 362 1
4544 301 1
4545 1 1
4546 390 0
4547 156 1
4548 592 1
4549 157 0
4550 875 1
4551 575 1
4552 205 1
4553 948 1
4554 554 0
4555 213 1
4556 912 1
4557 882 0
4558 773 0
4559 939 0
4560 899 0
4561 228 1
4562 472 1
4563 621 1
4564 414 1
4565 551 1
4566 558 1
4567 551 0
4568 919 1
4569 769 1
4570 413 1
4571 216 0
4572 183 0
4573 494 0
4574 325 0
4575 129 1
4576 355 0
4577 380 1
4578 626 1
4579 708 1
4580 480 0
4581 428 0
4582 369 1
4583 620 0
4584 461 1
4585 628 1
4586 470 1
4587 900 1
4588 760 1
4589 543 1
4590 693 0
4591 176 1
4592 914 0
4593 692 1
4594 258 1
4595 562 1
4596 642 1
4597 710 1
4598 903 0
4599 282 0
4600 702 0
4601 104 1
4602 688 0
4603 643 1
4604 264 1
4605 400 0
4606 791 0
4607 938 1
4608 900 1
4609 276 1
4610 61 0
4611 714 1
4612 646 1
4613 648 1
4614 737 1
4615 779 1
4616 658 1
4617 477 1
4618 704 0
4619 661 0
4620 288 0
4621 858 0
4622 571 0
4623 767 1
4624 457 1
4625 496 1
4626 816 1
4627 156 0
4628 617 1
4629 43 1
4630 436 0
4631 659 1
4632 523 0
4633 306 0
4634 239 0
4635 178 0
4636 128 1
4637 540 0
4638 815 1
4639 37 1
4640 334 0
4641 608 1
4642 561 0
4643 478 1
4644 386 0
4645 282 1
4646 161 1
4647 733 1
4648 895 1
4649 844 0
4650 105 0
4651 478 0
4652 157 0
4653 585 0
4654 309 1
4655 110 1
4656 924 1
4657 494 1
4658 416 1
4659 414 1
4660 311 1
4661 441 1
4662 571 1
4663 924 0
4664 196 1
4665 466 1
4666 773 0
4667 303 1
4668 62 1
4669 603 1
4670 443 0
4671 782 1
4672 365 0
4673 604 0
4674 114 1
4675 401 1
4676 532 0
4677 665 1
4678 950 0
4679 436 1
4680 157 0
4681 265 1
4682 897 1
4683 677 1
4684 273 1
4685 31 0
4686 926 1
4687 901 1
4688 906 0
4689 56 1
4690 274 0
4691 379 1
4692 233 1
4693 843 1
4694 384 0
4695 196 0
4696 165 1
4697 404 1
4698 797 1
4699 838 0
4700 343 0
4701 720 1
4702 499 0
4703 427 1
4704 877 1
4705 523 1
4706 709 0
4707 890 1
4708 648 1
4709 943 1
4710 45 0
4711 622 0
4712 418 0
4713 89 0
4714 89 0
4715 268 1
4716 613 0
4717 518 0
4718 476 0
4719 615 1
4720 246 1
4721 602 0
4722 858 0
4723 831 1
4724 141 1
4725 520 1
4726 780 0
4727 164 0
4728 150 0
4729 397 0
4730 113 0
4731 555 1
4732 703 1
4733 771 0
4734 836 0
4735 514 1
4736 507 0
4737 20 0
4738 474 0
4739 737 1
4740 492 1
4741 686 0
4742 497 1
4743 453 1
4744 872 1
4745 770 1
4746 565 0
4747 645 1
4748 380 0
4749 313 1
4750 785 0
4751 166 1
4752 760 1
4753 523 0
4754 806 0
4755 667 0
4756 615 0
4757 552 1
4758 71 0
4759 576 1
4760 789 1
4761 862 1
4762 653 0
4763 372 1
4764 907 1
4765 117 1
4766 329 1
4767 851 0
4768 237 0
4769 190 1
4770 617 1
4771 207 1
4772 193 0
4773 211 1
4774 583 0
4775 257 1
4776 0 0
4777 593 0
4778 609 1
4779 504 0
4780 584 1
4781 124 1
4782 672 1
4783 936 0
4784 447 1
4785 770 0
4786 81 1
4787 163 1
4788 555 0
4789 539 0
4790 813 0
4791 492 1
4792 849 1
4793 400 0
4794 33 1
4795 6 1
4796 343 1
4797 463 0
4798 38 1
4799 742 1
4800 623 1
4801 367 1
4802 357 1
4803 864 1
4804 788 1
4805 32 1
4806 66 1
4807 397 1
4808 427 1
4809 355 1
4810 518 1
4811 845 1
4812 375 1
4813 694 1
4814 690 1
4815 783 1
4816 931 0
4817 835 0
4818 613 0
4819 182 1
4820 853 1
4821 868 0
4822 507 1
4823 767 0
4824 879 1
4825 211 0
4826 417 1
4827 241 0
4828 346 1
4829 23 1
4830 470 1
4831 216 1
4832 773 1
4833 556 0
4834 617 1
4835 653 1
4836 721 1
4837 487 1
4838 653 0
4839 144 0
4840 242 1
4841 77 1
4842 344 1
4843 269 1
4844 303 1
4845 544 0
4846 866 1
4847 876 1
4848 744 1
4849 56 1
4850 36 1
4851 813 1
4852 212 1
4853 83 0
4854 420 1
4855 380 0
4856 350 1
4857 139 1
4858 660 1
4859 318 1
4860 584 1
4861 438 1
4862 555 1
4863 120 1
4864 728 0
4865 527 0
4866 769 1
4867 571 1
4868 623 0
4869 780 1
4870 650 1
4871 523 0
4872 435 0
4873 628 1
4874 4 0
4875 876 1
4876 625 1
4877 856 1
4878 727 0
4879 346 0
4880 86 1
4881 319 1
4882 195 1
4883 771 1
4884 362 1
4885 679 1
4886 578 1
4887 831 0
4888 682 0
4889 90 1
4890 388 1
4891 93 0
4892 264 1
4893 60 1
4894 859 1
4895 429 0
4896 96 1
4897 851 1
4898 340 0
4899 43 1
4900 88 1
4901 648 1
4902 625 1
4903 612 1
4904 921 1
4905 928 1
4906 603 0
4907 188 0
4908 903 1
4909 675 0
4910 422 1
4911 807 0
4912 554 1
4913 694 1
4914 195 1
4915 646 1
4916 160 0
4917 718 0
4918 640 1
4919 75 1
4920 15 1
4921 736 0
4922 6 1
4923 302 1
4924 106 1
4925 655 1
4926 900 1
4927 815 1
4928 870 1
4929 331 1
4930 228 1
4931 165 1
4932 137 0
4933 106 1
4934 312 1
4935 204 0
4936 118 0
4937 598 1
4938 914 0
4939 803 1
4940 695 1
4941 249 1
4942 786 1
4943 916 0
4944 555 1
4945 587 0
4946 206 1
4947 939 1
4948 685 0
4949 773 0
4950 161 1
4951 25 0
4952 16 0
4953 56 1
4954 457 1
4955 767 1
4956 183 0
4957 730 0
4958 63 0
4959 491 1
4960 875 1
4961 335 0
4962 880 0
4963 125 0
4964 302 1
4965 428 1
4966 925 1
4967 395 1
4968 10 1
4969 804 1
4970 360 1
4971 668 1
4972 453 1
4973 446 1
4974 910 1
4975 68 1
4976 949 1
4977 732 0
4978 494 1
4979 425 1
4980 689 1
4981 912 1
4982 123 1
4983 537 1
4984 808 0
4985 600 0
4986 778 0
4987 528 0
4988 533 0
4989 681 1
4990 729 1
4991 260 1
4992 85 1
4993 538 0
4994 784 1
4995 194 1
4996 517 1
4997 119 0
4998 512 1
4999 658 1
5000 931 0
5001 354 0
5002 393 1
5003 923 1
5004 674 1
5005 353 1
5006 336 1
5007 112 1
5008 539 0
5009 770 1
5010 430 0
5011 663 1
5012 52 1
5013 520 1
5014 371 1
5015 701 0
5016 419 0
5017 878 1
5018 639 1
5019 556 1
5020 437 1
5021 582 1
5022 456 1
5023 13 1
5024 161 1
5025 69 1
5026 564 1
5027 471 1
5028 563 1
5029 949 1
5030 36 1
5031 103 1
5032 456 1
5033 84 0
5034 764 0
5035 390 1
5036 483 0
5037 793 0
5038 599 1
5039 752 1
5040 406 1
5041 168 1
5042 486 0
5043 519 1
5044 447 0
5045 916 1
5046 150 1
5047 706 0
5048 98 1
5049 634 1
5050 365 1
5051 882 1
5052 929 1
5053 605 1
5054 347 1
5055 154 0
5056 44 1
5057 772 1
5058 845 1
5059 512 1
5060 742 0
5061 593 1
5062 430 1
5063 315 1
5064 72 1
5065 208 1
5066 790 1
5067 938 0
5068 631 1
5069 162 1
5070 766 0
5071 780 0
5072 522 1
5073 157 1
5074 826 1
5075 641 1
5076 79 1
5077 326 0
5078 516 1
5079 806 1
5080 523 1
5081 794 0
5082 87 1
5083 63 1
5084 190 1
5085 630 0
5086 541 0
5087 583 1
5088 829 0
5089 412 1
5090 342 1
5091 138 1
5092 154 1
5093 815 1
5094 38 1
5095 75 1
5096 617 1
5097 807 1
5098 467 1
5099 356 1
5100 144 1
5101 546 1
5102 262 1
5103 565 0
5104 918 0
5105 612 1
5106 847 0
5107 499 1
5108 147 1
5109 604 0
5110 801 0
5111 630 1
5112 366 1
5113 105 1
5114 289 1
5115 424 1
5116 148 1
5117 770 0
5118 198 1
5119 435 1
5120 178 0
5121 243 0
5122 731 1
5123 844 1
5124 873 1
5125 832 1
5126 946 1
5127 124 1
5128 766 0
5129 128 0
5130 458 0
5131 422 1
5132 457 1
5133 900 0
5134 510 1
5135 589 1
5136 365 1
5137 531 1
5138 392 0
5139 791 1
5140 807 0
5141 922 1
5142 1 1
5143 931 0
5144 208 1
5145 755 1
5146 430 1
5147 205 0
5148 352 1
5149 475 0
5150 423 1
5151 483 1
5152 599 1
5153 817 0
5154 373 0
5155 239 1
5156 147 0
5157 915 0
5158 306 0
5159 683 1
5160 772 1
5161 114 1
5162 598 0
5163 71 0
5164 243 1
5165 745 1
5166 429 1
5167 388 0
5168 110 0
5169 1 0
5170 680 1
5171 596 0
5172 452 1
5173 628 1
5174 272 1
5175 206 0
5176 733 0
5177 229 0
5178 409 0
5179 264 0
5180 732 1
5181 251 1
5182 104 0
5183 55 1
5184 662 0
5185 581 0
5186 297 0
5187 871 0
5188 670 1
5189 325 1
5190 794 1
5191 921 1
5192 736 1
5193 608 0
5194 384 0
5195 730 1
5196 699 0
5197 143 1
5198 438 1
5199 786 0
5200 139 0
5201 309 1
5202 643 1
5203 3 0
5204 662 0
5205 122 1
5206 743 1
5207 733 1
5208 60 1
5209 491 1
5210 196 1
5211 494 0
5212 70 1
5213 516 1
5214 604 1
5215 426 1
5216 767 1
5217 112 1
5218 732 1
5219 474 0
5220 443 1
5221 601 1
5222 573 0
5223 533 1
5224 659 1
5225 10 0
5226 228 1
5227 568 1
5228 794 0
5229 459 0
5230 368 1
5231 239 1
5232 437 0
5233 296 1
5234 467 0
5235 546 1
5236 299 1
5237 914 0
5238 465 1
5239 322 1
5240 454 0
5241 796 0
5242 489 1
5243 633 0
5244 314 1
5245 779 0
5246 910 1
5247 519 0
5248 303 1
5249 614 1
5250 518 1
5251 381 0
5252 175 1
5253 507 0
5254 609 1
5255 465 1
5256 930 0
5257 563 0
5258 492 1
5259 801 0
5260 386 1
5261 190 1
5262 465 0
5263 625 1
5264 573 1
5265 355 0
5266 150 0
5267 841 1
5268 15 0
5269 617 0
5270 160 1
5271 621 0
5272 326 0
5273 492 0
5274 362 1
5275 325 0
5276 741 1
5277 861 1
5278 273 0
5279 792 1
5280 591 1
5281 754 0
5282 817 1
5283 0 1
5284 810 1
5285 390 1
5286 633 1
5287 878 1
5288 896 1
5289 478 0
5290 414 0
5291 823 1
5292 368 0
5293 228 1
5294 85 1
5295 189 0
5296 265 1
5297 351 1
5298 406 0
5299 732 0
5300 738 0
5301 888 0
5302 950 1
5303 197 1
5304 51 1
5305 135 1
5306 528 1
5307 438 1
5308 508 1
5309 240 1
5310 735 1
5311 203 1
5312 306 1
5313 901 1
5314 674 1
5315 746 1
5316 738 1
5317 650 1
5318 315 1
5319 450 1
5320 571 0
5321 600 1
5322 361 0
5323 698 0
5324 754 1
5325 280 1
5326 416 1
5327 357 1
5328 805 1
5329 368 0
5330 757 1
5331 758 0
5332 614 1
5333 99 1
5334 353 1
5335 229 1
5336 902 1
5337 842 1
5338 917 0
5339 950 1
5340 460 1
5341 77 0
5342 530 1
5343 532 1
5344 509 1
5345 797 1
5346 832 0
5347 628 1
5348 946 1
5349 358 1
5350 93 0
5351 91 1
5352 350 1
5353 125 1
5354 339 0
5355 921 0
5356 171 1
5357 608 1
5358 249 1
5359 18 0
5360 859 1
5361 842 1
5362 238 1
5363 53 1
5364 898 0
5365 350 1
5366 883 0
5367 803 1
5368 75 0
5369 483 1
5370 820 1
5371 262 1
5372 269 1
5373 625 1
5374 945 1
5375 94 1
5376 277 1
5377 410 1
5378 156 1
5379 632 1
5380 760 0
5381 27 1
5382 125 1
5383 24 1
5384 576 0
5385 499 1
5386 728 1
5387 254 1
5388 566 1
5389 333 1
5390 340 1
5391 346 0
5392 64 1
5393 65 1
5394 153 0
5395 207 1
5396 498 1
5397 655 0
5398 832 1
5399 708 1
5400 838 1
5401 671 0
5402 903 1
5403 546 1
5404 621 1
5405 846 1
5406 123 1
5407 396 0
5408 765 0
5409 407 1
5410 928 1
5411 765 1
5412 732 1
5413 750 1
5414 800 1
5415 4 1
5416 533 1
5417 352 1
5418 533 1
5419 771 1
5420 594 0
5421 933 1
5422 675 1
5423 904 0
5424 493 1
5425 341 1
5426 858 1
5427 713 0
5428 393 1
5429 69 1
5430 904 0
5431 930 1
5432 632 1
5433 855 0
5434 46 0
5435 186 1
5436 158 1
5437 406 0
5438 315 1
5439 256 1
5440 603 1
5441 211 1
5442 521 1
5443 801 1
5444 254 1
5445 207 1
5446 712 0
5447 462 0
5448 286 0
5449 376 0
5450 810 1
5451 22 1
5452 615 0
5453 735 0
5454 672 1
5455 556 0
5456 521 0
5457 487 1
5458 509 0
5459 56 1
5460 141 1
5461 738 0
5462 217 1
5463 181 0
5464 500 1
5465 720 1
5466 53 1
5467 260 1
5468 938 1
5469 415 0
5470 84 1
5471 752 1
5472 556 1
5473 582 0
5474 509 0
5475 761 1
5476 669 1
5477 438 1
5478 682 1
5479 323 1
5480 944 0
5481 474 0
5482 718 1
5483 482 1
5484 547 1
5485 298 1
5486 686 1
5487 54 1
5488 271 0
5489 173 1
5490 91 1
5491 364 1
5492 300 1
5493 580 1
5494 238 0
5495 146 1
5496 879 0
5497 46 1
5498 171 1
5499 284 1
5500 244 1
5501 283 1
5502 449 1
5503 874 0
5504 742 1
5505 318 0
5506 915 1
5507 527 1
5508 418 0
5509 295 0
5510 711 1
5511 656 1
5512 829 1
5513 102 1
5514 165 1
5515 536 0
5516 737 1
5517 156 1
5518 89 0
5519 608 0
5520 176 1
5521 598 1
5522 541 0
5523 172 0
5524 98 0
5525 433 1
5526 676 1
5527 265 0
5528 841 1
5529 371 1
5530 521 0
5531 348 1
5532 659 0
5533 311 1
5534 468 1
5535 513 1
5536 778 1
5537 436 0
5538 102 1
5539 261 1
5540 8 0
5541 777 1
5542 832 1
5543 171 1
5544 342 1
5545 662 1
5546 383 1
5547 104 1
5548 333 0
5549 725 0
5550 151 1
5551 147 0
5552 216 1
5553 347 1
5554 241 0
5555 171 1
5556 235 0
5557 818 1
5558 808 0
5559 723 1
5560 465 0
5561 831 1
5562 263 1
5563 825 1
5564 168 1
5565 214 1
5566 770 0
5567 182 1
5568 829 1
5569 122 1
5570 905 0
5571 252 0
5572 58 0
5573 74 0
5574 877 1
5575 834 1
5576 49 0
5577 57 1
5578 467 0
5579 676 1
5580 414 1
5581 724 1
5582 69 0
5583 37 1
5584 137 1
5585 901 0
5586 220 0
5587 165 0
5588 90 0
5589 913 0
5590 920 1
5591 60 1
5592 328 1
5593 99 0
5594 768 1
5595 248 1
5596 368 0
5597 349 1
5598 696 1
5599 385 1
5600 430 1
5601 808 0
5602 306 1
5603 814 1
5604 29 0
5605 65 1
5606 506 1
5607 737 0
5608 127 1
5609 562 1
5610 313 1
5611 59 1
5612 716 1
5613 168 1
5614 796 1
5615 111 1
5616 656 0
5617 810 1
5618 710 1
5619 177 1
5620 383 1
5621 507 0
5622 252 1
5623 772 0
5624 897 1
5625 207 1
5626 127 0
5627 825 0
5628 675 1
5629 122 1
5630 363 1
5631 448 0
5632 87 1
5633 800 0
5634 749 1
5635 354 1
5636 36 0
5637 3 1
5638 87 0
5639 551 1
5640 926 1
5641 62 1
5642 909 0
5643 831 1
5644 814 1
5645 806 1
5646 4 0
5647 63 0
5648 494 1
5649 657 1
5650 541 0
5651 357 0
5652 806 1
5653 634 0
5654 787 1
5655 695 0
5656 761 1
5657 750 1
5658 578 1
5659 286 1
5660 400 1
5661 435 0
5662 328 1
5663 380 1
5664 63 1
5665 48 1
5666 31 1
5667 116 0
5668 534 1
5669 663 1
5670 869 0
5671 66 1
5672 98 1
5673 332 1
5674 263 1
5675 50 1
5676 643 1
5677 2 1
5678 869 1
5679 727 1
5680 237 1
5681 470 1
5682 948 0
5683 873 1
5684 154 1
5685 670 1
5686 877 0
5687 636 1
5688 370 1
5689 585 0
5690 520 1
5691 346 1
5692 55 0
5693 1 1
5694 615 1
5695 673 1
5696 320 1
5697 53 0
5698 547 0
5699 501 1
5700 444 1
5701 658 0
5702 841 0
5703 164 0
5704 129 0
5705 777 1
5706 202 1
5707 631 0
5708 405 0
5709 949 1
5710 62 1
5711 689 1
5712 749 1
5713 468 1
5714 485 0
5715 931 0
5716 239 1
5717 2 1
5718 749 0
5719 157 0
5720 683 1
5721 462 1
5722 41 1
5723 76 0
5724 542 1
5725 284 0
5726 747 1
5727 871 0
5728 533 1
5729 658 1
5730 407 0
5731 765 1
5732 928 1
5733 428 1
5734 817 1
5735 539 1
5736 454 1
5737 369 0
5738 911 1
5739 825 1
5740 404 1
5741 40 0
5742 65 0
5743 513 1
5744 232 1
5745 549 0
5746 511 1
5747 939 1
5748 180 1
5749 149 1
5750 886 1
5751 365 1
5752 622 1
5753 884 1
5754 112 1
5755 17 1
5756 801 1
5757 485 0
5758 852 1
5759 397 1
5760 872 0
5761 426 1
5762 244 0
5763 805 1
5764 830 1
5765 239 0
5766 575 1
5767 88 1
5768 271 0
5769 712 1
5770 549 0
5771 669 1
5772 671 1
5773 199 0
5774 854 1
5775 475 1
5776 476 1
5777 141 1
5778 248 1
5779 78 1
5780 718 0
5781 661 0
5782 806 1
5783 473 1
5784 540 0
5785 394 0
5786 848 0
5787 537 1
5788 84 1
5789 75 1
5790 266 1
5791 647 1
5792 268 1
5793 280 1
5794 551 1
5795 411 0
5796 443 0
5797 429 0
5798 756 0
5799 309 1
5800 69 1
5801 367 1
5802 584 1
5803 420 1
5804 574 1
5805 539 1
5806 929 1
5807 283 0
5808 907 0
5809 646 1
5810 689 1
5811 594 0
5812 112 0
5813 248 0
5814 858 1
5815 30 1
5816 194 1
5817 663 1
5818 235 1
5819 379 0
5820 627 1
5821 466 1
5822 87 1
5823 735 1
5824 130 1
5825 319 0
5826 420 1
5827 769 1
5828 870 1
5829 218 1
5830 508 1
5831 523 0
5832 646 1
5833 297 0
5834 367 1
5835 507 1
5836 412 1
5837 416 1
5838 540 1
5839 426 0
5840 398 1
5841 306 1
5842 477 1
5843 168 0
5844 911 0
5845 826 1
5846 520 1
5847 823 1
5848 517 0
5849 865 0
5850 614 1
5851 695 1
5852 328 1
5853 458 0
5854 128 1
5855 471 1
5856 331 1
5857 162 1
5858 670 1
5859 22 0
5860 601 1
5861 867 1
5862 180 0
5863 154 1
5864 792 1
5865 399 0
5866 489 1
5867 298 0
5868 72 1
5869 618 1
5870 458 0
5871 495 0
5872 684 1
5873 531 1
5874 755 0
5875 802 1
5876 218 0
5877 344 1
5878 390 0
5879 864 1
5880 566 0
5881 571 0
5882 339 1
5883 806 1
5884 443 1
5885 496 1
5886 380 1
5887 623 0
5888 581 1
5889 285 0
5890 408 1
5891 559 0
5892 738 1
5893 909 1
5894 451 0
5895 176 1
5896 67 1
5897 891 1
5898 434 0
5899 702 1
5900 37 1
5901 827 0
5902 55 1
5903 415 1
5904 355 1
5905 906 1
5906 604 1
5907 439 1
5908 351 0
5909 336 0
5910 37 1
5911 638 1
5912 193 1
5913 280 1
5914 257 1
5915 553 1
5916 47 0
5917 597 0
5918 697 0
5919 623 0
5920 646 0
5921 864 1
5922 860 0
5923 575 0
5924 403 0
5925 948 1
5926 357 1
5927 313 1
5928 146 1
5929 111 1
5930 393 0
5931 582 1
5932 27 1
5933 426 0
5934 174 1
5935 593 1
5936 328 1
5937 52 1
5938 628 0
5939 267 1
5940 356 1
5941 288 0
5942 783 1
5943 197 1
5944 128 1
5945 149 0
5946 858 1
5947 845 1
5948 728 1
5949 427 0
5950 187 1
5951 655 0
5952 460 1
5953 522 1
5954 152 0
5955 936 1
5956 937 1
5957 155 0
5958 760 1
5959 515 0
5960 545 1
5961 343 1
5962 213 1
5963 155 0
5964 326 1
5965 777 1
5966 651 1
5967 798 1
5968 7 0
5969 901 1
5970 207 0
5971 552 1
5972 94 0
5973 730 1
5974 827 1
5975 791 0
5976 726 0
5977 642 0
5978 189 1
5979 699 1
5980 428 1
5981 913 1
5982 659 0
5983 893 1
5984 62 1
5985 826 1
5986 779 0
5987 230 0
5988 902 1
5989 660 0
5990 187 1
5991 133 1
5992 452 1
5993 555 1
5994 506 1
5995 90 0
5996 596 1
5997 832 1
5998 581 0
5999 855 1
6000 550 1
6001 797 1
6002 925 0
6003 69 0
6004 921 1
6005 588 1
6006 48 0
6007 839 1
6008 430 1
6009 910 1
6010 514 1
6011 805 1
6012 820 0
6013 233 1
6014 393 1
6015 27 0
6016 636 1
6017 255 1
6018 668 1
6019 420 1
6020 939 1
6021 564 0
6022 778 1
6023 304 1
6024 664 0
6025 128 0
6026 80 0
6027 155 1
6028 668 1
6029 168 1
6030 410 1
6031 937 0
6032 787 0
6033 589 0
6034 451 1
6035 911 0
6036 950 1
6037 243 1
6038 861 1
6039 804 1
6040 695 1
6041 685 1
6042 798 1
6043 493 1
6044 162 1
6045 393 1
6046 509 1
6047 551 1
6048 505 1
6049 619 0
6050 16 1
6051 212 1
6052 153 0
6053 562 1
6054 52 0
6055 521 1
6056 280 1
6057 223 0
6058 29 0
6059 410 1
6060 196 0
6061 648 1
6062 950 1
6063 935 0
6064 91 1
6065 278 1
6066 116 0
6067 7 1
6068 946 0
6069 216 1
6070 868 1
6071 562 1
6072 876 0
6073 92 1
6074 436 1
6075 866 1
6076 6 1
6077 270 1
6078 580 0
6079 395 0
6080 626 1
6081 663 1
6082 213 1
6083 60 1
6084 57 0
6085 24 0
6086 781 1
6087 891 1
6088 190 1
6089 430 0
6090 303 1
6091 75 1
6092 792 0
6093 199 0
6094 368 0
6095 861 1
6096 201 0
6097 786 1
6098 896 0
6099 391 1
6100 775 0
6101 811 1
6102 887 1
6103 130 1
6104 668 0
6105 520 1
6106 789 1
6107 213 1
6108 708 1
6109 936 0
6110 891 0
6111 54 1
6112 237 0
6113 324 1
6114 504 0
6115 68 1
6116 64 1
6117 819 1
6118 564 1
6119 845 1
6120 442 0
6121 69 1
6122 893 0
6123 910 0
6124 464 1
6125 661 1
6126 560 0
6127 314 1
6128 488 1
6129 864 1
6130 286 0
6131 255 1
6132 745 1
6133 119 0
6134 5 1
6135 408 0
6136 312 1
6137 727 1
6138 645 0
6139 790 1
6140 399 0
6141 330 1
6142 264 1
6143 458 1
6144 99 1
6145 678 0
6146 120 1
6147 621 1
6148 940 1
6149 158 1
6150 638 1
6151 325 1
6152 928 0
6153 139 1
6154 556 1
6155 548 1
6156 362 1
6157 732 1
6158 340 1
6159 195 0
6160 494 1
6161 710 1
6162 740 1
6163 413 1
6164 888 1
6165 376 1
6166 906 1
6167 460 1
6168 687 1
6169 439 1
6170 345 0
6171 65 1
6172 799 1
6173 150 1
6174 804 0
6175 513 1
6176 152 0
6177 729 0
6178 536 1
6179 324 0
6180 531 1
6181 933 1
6182 451 1
6183 303 1
6184 809 0
6185 248 1
6186 546 0
6187 794 0
6188 878 0
6189 352 1
6190 223 1
6191 11 1
6192 186 0
6193 85 1
6194 817 1
6195 128 1
6196 43 1
