8817
1 15 1
2 0 1
3 3 1
4 14 0
5 2 1
6 14 1
7 2 0
8 5 1
9 13 1
10 14 1
11 8 0
12 5 0
13 5 1
14 4 1
15 11 1
16 15 0
17 0 1
18 16 1
19 10 0
20 14 0
21 9 0
22 6 0
23 6 0
24 13 0
25 9 1
26 11 0
27 4 1
28 6 0
29 16 0
30 5 1
31 10 1
32 3 0
33 1 0
34 5 1
35 14 0
36 14 1
37 13 1
38 0 0
39 14 1
40 4 0
41 14 1
42 7 1
43 6 0
44 2 0
45 14 1
46 16 1
47 2 1
48 0 1
49 4 1
50 14 1
51 16 1
52 7 1
53 6 0
54 14 1
55 10 1
56 0 0
57 7 1
58 0 1
59 2 1
60 2 1
61 9 1
62 6 1
63 3 1
64 14 1
65 2 1
66 15 0
67 5 0
68 5 1
69 11 0
70 14 1
71 11 1
72 4 1
73 4 1
74 6 0
75 15 1
76 14 0
77 0 1
78 0 1
79 16 1
80 9 1
81 1 0
82 11 1
83 12 1
84 0 1
85 0 1
86 11 1
87 2 0
88 12 1
89 10 1
90 4 0
91 9 1
92 14 1
93 11 1
94 4 1
95 13 1
96 12 1
97 4 1
98 2 1
99 14 1
100 14 0
101 7 1
102 0 1
103 14 0
104 15 0
105 13 1
106 15 1
107 10 1
108 6 1
109 2 0
110 15 0
111 7 1
112 11 0
113 16 0
114 9 0
115 15 1
116 11 1
117 6 1
118 5 0
119 6 1
120 11 0
121 5 0
122 15 1
123 13 1
124 11 1
125 7 1
126 4 1
127 2 1
128 7 1
129 2 0
130 14 1
131 14 0
132 4 1
133 2 1
134 7 1
135 5 1
136 1 1
137 1 1
138 0 1
139 12 1
140 4 1
141 12 0
142 15 1
143 6 1
144 16 1
145 13 1
146 16 0
147 13 0
148 13 0
149 5 1
150 14 1
151 3 1
152 3 1
153 5 1
154 2 1
155 7 0
156 11 1
157 6 0
158 0 0
159 14 1
160 12 1
161 11 1
162 3 0
163 15 1
164 4 1
165 2 0
166 13 0
167 7 1
168 0 1
169 2 0
170 13 0
171 0 0
172 3 1
173 16 1
174 10 1
175 1 1
176 15 1
177 9 0
178 10 0
179 9 1
180 1 1
181 7 0
182 6 1
183 12 1
184 9 1
185 0 1
186 6 1
187 12 0
188 7 1
189 11 1
190 8 0
191 14 0
192 7 1
193 16 1
194 12 0
195 5 1
196 1 1
197 1 1
198 9 1
199 6 1
200 3 0
201 15 1
202 15 1
203 10 1
204 4 1
205 4 0
206 8 0
207 2 0
208 16 1
209 14 1
210 9 1
211 16 0
212 6 1
213 9 0
214 15 1
215 7 1
216 4 1
217 1 1
218 6 1
219 6 0
220 7 0
221 6 1
222 3 1
223 12 1
224 8 1
225 14 1
226 2 0
227 2 1
228 14 1
229 6 0
230 9 0
231 12 1
232 10 0
233 5 1
234 7 0
235 2 1
236 12 1
237 11 1
238 15 1
239 1 1
240 6 1
241 15 1
242 11 1
243 8 1
244 10 0
245 3 1
246 3 1
247 14 1
248 3 1
249 4 0
250 4 0
251 7 1
252 13 0
253 7 1
254 7 1
255 9 1
256 6 0
257 13 1
258 6 1
259 8 1
260 11 1
261 10 0
262 1 1
263 1 1
264 9 0
265 5 1
266 3 0
267 12 0
268 13 0
269 2 0
270 1 1
271 15 0
272 8 1
273 15 0
274 16 1
275 5 1
276 0 0
277 6 1
278 12 0
279 13 1
280 4 1
281 0 1
282 13 1
283 16 1
284 6 0
285 11 1
286 3 1
287 14 0
288 12 1
289 9 1
290 9 1
291 12 1
292 11 1
293 2 0
294 16 1
295 10 1
296 0 0
297 3 1
298 13 0
299 5 1
300 10 0
301 1 1
302 16 1
303 8 1
304 9 1
305 13 1
306 13 0
307 2 1
308 8 1
309 3 1
310 3 1
311 3 1
312 14 1
313 15 1
314 15 0
315 4 1
316 2 1
317 5 1
318 10 1
319 4 0
320 12 0
321 12 1
322 8 1
323 5 1
324 1 1
325 15 1
326 13 0
327 15 0
328 6 0
329 3 1
330 16 0
331 4 1
332 3 0
333 2 0
334 4 1
335 7 1
336 5 1
337 14 0
338 8 1
339 13 1
340 9 1
341 5 0
342 4 1
343 7 1
344 16 0
345 6 0
346 0 1
347 8 1
348 1 0
349 1 1
350 7 1
351 3 1
352 2 1
353 0 0
354 1 1
355 10 0
356 7 1
357 7 1
358 10 1
359 12 1
360 6 0
361 7 1
362 10 1
363 11 1
364 0 1
365 7 0
366 2 1
367 3 1
368 1 0
369 5 0
370 8 0
371 13 1
372 5 1
373 0 0
374 8 1
375 7 0
376 13 1
377 12 1
378 4 1
379 9 1
380 8 1
381 12 1
382 1 1
383 6 1
384 1 0
385 13 0
386 10 0
387 15 0
388 3 1
389 5 1
390 10 0
391 7 0
392 8 1
393 11 1
394 8 1
395 9 1
396 2 0
397 2 1
398 1 0
399 13 1
400 2 0
401 3 0
402 0 1
403 2 1
404 16 0
405 13 1
406 10 1
407 6 0
408 15 0
409 5 0
410 12 1
411 5 1
412 8 1
413 8 1
414 15 1
415 12 1
416 13 1
417 12 1
418 15 1
419 8 1
420 12 1
421 14 0
422 16 1
423 5 0
424 4 1
425 3 0
426 7 1
427 4 1
428 7 1
429 16 0
430 15 1
431 12 1
432 8 1
433 8 1
434 12 1
435 3 1
436 11 1
437 11 0
438 12 1
439 16 0
440 2 1
441 6 0
442 2 0
443 7 0
444 4 0
445 4 1
446 9 0
447 5 1
448 7 1
449 7 1
450 3 1
451 9 0
452 10 1
453 0 0
454 11 1
455 5 1
456 10 0
457 5 0
458 12 0
459 3 0
460 1 0
461 11 1
462 6 1
463 11 1
464 4 0
465 15 0
466 10 1
467 4 1
468 1 0
469 10 0
470 12 1
471 0 1
472 0 1
473 8 1
474 8 1
475 4 0
476 0 1
477 11 1
478 5 1
479 2 1
480 14 0
481 16 1
482 6 1
483 12 0
484 16 1
485 11 1
486 2 1
487 16 0
488 16 0
489 16 1
490 8 1
491 8 0
492 9 1
493 14 1
494 16 1
495 6 1
496 15 1
497 12 1
498 7 0
499 3 1
500 3 1
501 0 1
502 0 1
503 0 1
504 13 1
505 6 1
506 10 0
507 12 1
508 16 1
509 6 0
510 8 1
511 2 1
512 16 1
513 10 1
514 13 1
515 13 1
516 2 1
517 5 1
518 12 0
519 10 1
520 4 0
521 4 1
522 13 1
523 15 0
524 9 1
525 9 1
526 8 0
527 6 0
528 9 1
529 5 0
530 4 1
531 4 1
532 15 1
533 0 1
534 14 0
535 1 0
536 9 1
537 14 1
538 5 1
539 9 0
540 16 1
541 5 0
542 5 1
543 4 1
544 3 1
545 1 1
546 11 1
547 5 1
548 6 1
549 1 1
550 6 0
551 4 1
552 8 1
553 13 1
554 4 0
555 1 1
556 6 1
557 0 1
558 1 0
559 7 1
560 15 1
561 3 0
562 6 1
563 9 1
564 4 0
565 15 0
566 12 0
567 8 0
568 13 1
569 15 1
570 0 1
571 3 1
572 14 1
573 0 0
574 8 1
575 2 1
576 15 1
577 6 1
578 12 1
579 16 1
580 8 1
581 16 1
582 8 1
583 14 1
584 11 1
585 4 0
586 11 1
587 9 1
588 1 1
589 5 1
590 15 1
591 7 1
592 11 1
593 0 1
594 11 1
595 12 1
596 5 0
597 5 1
598 11 0
599 0 0
600 5 1
601 0 0
602 2 1
603 15 1
604 9 0
605 4 1
606 10 1
607 12 1
608 8 1
609 1 1
610 11 0
611 13 1
612 0 1
613 12 0
614 11 1
615 7 1
616 7 1
617 7 1
618 7 0
619 3 1
620 16 1
621 15 1
622 2 0
623 14 1
624 14 1
625 12 1
626 3 1
627 16 1
628 8 1
629 5 1
630 14 0
631 10 1
632 11 0
633 4 0
634 4 0
635 9 1
636 6 1
637 13 1
638 9 1
639 1 1
640 16 1
641 6 0
642 4 1
643 5 1
644 8 1
645 15 0
646 6 1
647 9 1
648 7 0
649 10 1
650 4 1
651 6 0
652 10 0
653 9 0
654 3 0
655 0 1
656 5 1
657 5 1
658 3 1
659 13 1
660 3 0
661 0 0
662 1 1
663 10 0
664 5 1
665 10 1
666 14 0
667 1 1
668 10 1
669 1 1
670 11 1
671 16 0
672 16 0
673 0 0
674 5 1
675 4 1
676 6 1
677 9 1
678 13 1
679 6 0
680 5 0
681 2 0
682 8 0
683 1 0
684 5 1
685 5 0
686 12 1
687 7 0
688 16 0
689 13 1
690 12 1
691 5 0
692 13 0
693 0 1
694 8 1
695 10 1
696 15 1
697 15 0
698 7 1
699 14 1
700 11 1
701 2 0
702 7 1
703 0 0
704 9 1
705 3 1
706 4 1
707 5 1
708 13 0
709 0 1
710 12 0
711 0 0
712 5 0
713 15 1
714 15 1
715 15 1
716 15 0
717 14 1
718 10 1
719 4 1
720 9 1
721 5 1
722 6 1
723 5 0
724 16 0
725 15 1
726 16 0
727 3 1
728 13 0
729 8 0
730 4 0
731 10 1
732 6 1
733 8 1
734 4 1
735 9 1
736 10 1
737 2 1
738 16 1
739 9 1
740 4 1
741 8 1
742 14 1
743 16 1
744 3 0
745 4 1
746 12 1
747 9 1
748 13 0
749 9 0
750 3 1
751 6 0
752 16 1
753 3 1
754 6 1
755 4 1
756 3 0
757 13 1
758 14 1
759 10 0
760 1 1
761 14 1
762 2 1
763 7 1
764 15 1
765 16 1
766 9 0
767 15 1
768 12 1
769 6 1
770 6 0
771 11 0
772 4 0
773 0 1
774 2 0
775 0 1
776 15 1
777 0 1
778 13 0
779 15 1
780 14 0
781 4 1
782 1 1
783 6 1
784 4 1
785 6 0
786 13 0
787 9 0
788 16 0
789 2 1
790 2 1
791 5 1
792 0 1
793 0 1
794 11 0
795 6 1
796 4 1
797 6 1
798 13 1
799 2 0
800 16 1
801 9 1
802 16 1
803 13 1
804 2 1
805 0 1
806 9 1
807 4 1
808 9 1
809 13 0
810 10 0
811 2 1
812 12 1
813 3 1
814 4 1
815 16 1
816 13 1
817 6 1
818 0 1
819 2 1
820 9 1
821 5 1
822 6 0
823 10 0
824 12 1
825 1 1
826 15 1
827 3 0
828 4 1
829 2 1
830 2 1
831 10 1
832 0 1
833 10 1
834 1 1
835 1 1
836 14 1
837 2 1
838 15 0
839 10 0
840 0 0
841 8 0
842 14 1
843 1 0
844 0 0
845 8 1
846 4 0
847 9 1
848 0 1
849 4 0
850 5 1
851 11 1
852 12 1
853 14 1
854 0 0
855 3 1
856 0 1
857 15 0
858 5 1
859 7 1
860 11 1
861 6 1
862 16 1
863 10 1
864 8 1
865 9 1
866 12 1
867 6 1
868 7 1
869 16 1
870 9 1
871 7 0
872 5 1
873 16 1
874 13 0
875 14 1
876 13 1
877 4 0
878 10 0
879 3 1
880 4 1
881 6 0
882 14 1
883 5 1
884 7 1
885 11 0
886 15 1
887 0 1
888 6 1
889 13 1
890 5 1
891 8 0
892 14 1
893 13 0
894 9 1
895 8 0
896 11 0
897 11 1
898 9 0
899 4 1
900 3 1
901 14 1
902 16 0
903 13 1
904 13 1
905 6 0
906 3 0
907 11 1
908 16 0
909 15 1
910 15 1
911 13 1
912 11 0
913 1 1
914 6 0
915 10 1
916 2 0
917 2 1
918 5 1
919 5 1
920 7 0
921 3 0
922 15 0
923 1 1
924 12 1
925 7 1
926 14 0
927 3 1
928 10 1
929 3 1
930 8 1
931 8 0
932 12 1
933 3 0
934 16 1
935 10 1
936 2 1
937 8 0
938 9 0
939 6 0
940 16 1
941 14 1
942 16 1
943 13 1
944 3 1
945 8 1
946 3 0
947 13 1
948 0 1
949 15 1
950 14 1
951 6 1
952 3 1
953 16 1
954 5 1
955 8 1
956 10 1
957 9 1
958 5 1
959 9 1
960 3 1
961 11 0
962 0 1
963 5 1
964 13 0
965 8 1
966 11 1
967 9 1
968 10 1
969 1 1
970 13 1
971 10 1
972 5 1
973 15 0
974 7 1
975 10 1
976 0 1
977 9 1
978 10 1
979 16 1
980 16 1
981 15 1
982 12 1
983 16 1
984 15 1
985 11 0
986 9 1
987 9 0
988 15 1
989 7 1
990 7 1
991 8 0
992 12 1
993 6 0
994 14 1
995 1 1
996 4 1
997 15 1
998 7 1
999 12 1
1000 14 1
1001 8 1
1002 9 1
1003 2 0
1004 0 1
1005 5 0
1006 0 1
1007 5 0
1008 4 0
1009 7 0
1010 7 1
1011 13 1
1012 8 0
1013 10 1
1014 16 1
1015 11 1
1016 2 1
1017 1 0
1018 12 1
1019 10 0
1020 12 1
1021 2 1
1022 10 1
1023 7 1
1024 0 1
1025 14 1
1026 14 1
1027 1 1
1028 5 1
1029 2 0
1030 7 1
1031 9 1
1032 16 0
1033 11 1
1034 6 1
1035 6 1
1036 10 0
1037 5 1
1038 14 0
1039 9 1
1040 10 1
1041 3 1
1042 1 1
1043 12 1
1044 14 1
1045 2 1
1046 10 1
1047 12 0
1048 14 1
1049 3 1
1050 2 1
1051 3 0
1052 16 1
1053 16 1
1054 13 1
1055 9 0
1056 7 1
1057 4 0
1058 16 1
1059 13 1
1060 13 1
1061 8 1
1062 10 1
1063 7 0
1064 10 1
1065 9 0
1066 10 1
1067 15 1
1068 12 1
1069 14 1
1070 6 1
1071 5 1
1072 10 1
1073 12 0
1074 8 0
1075 14 1
1076 15 0
1077 2 1
1078 9 1
1079 14 0
1080 9 1
1081 13 1
1082 1 0
1083 3 1
1084 1 1
1085 13 0
1086 14 1
1087 3 1
1088 10 1
1089 0 1
1090 5 0
1091 14 1
1092 2 0
1093 11 1
1094 7 0
1095 13 1
1096 6 1
1097 10 0
1098 13 1
1099 12 0
1100 4 1
1101 4 1
1102 8 0
1103 1 1
1104 4 0
1105 12 1
1106 6 1
1107 4 1
1108 0 1
1109 2 1
1110 16 1
1111 6 1
1112 16 1
1113 4 1
1114 12 1
1115 0 1
1116 6 1
1117 1 0
1118 10 1
1119 7 1
1120 2 1
1121 14 0
1122 3 1
1123 15 1
1124 9 1
1125 9 1
1126 7 1
1127 4 1
1128 15 1
1129 1 1
1130 14 0
1131 0 0
1132 13 0
1133 9 0
1134 11 1
1135 11 1
1136 1 0
1137 3 1
1138 9 1
1139 6 0
1140 11 1
1141 8 1
1142 5 0
1143 7 1
1144 3 1
1145 4 1
1146 8 0
1147 12 0
1148 14 0
1149 1 1
1150 3 1
1151 4 1
1152 11 1
1153 7 1
1154 0 1
1155 4 1
1156 2 0
1157 11 1
1158 0 1
1159 10 1
1160 8 1
1161 12 1
1162 1 1
1163 11 1
1164 11 1
1165 5 1
1166 15 1
1167 0 0
1168 16 1
1169 13 1
1170 11 1
1171 10 0
1172 4 1
1173 4 1
1174 5 1
1175 7 1
1176 11 0
1177 12 1
1178 9 1
1179 1 1
1180 10 1
1181 0 1
1182 15 1
1183 9 1
1184 15 1
1185 3 1
1186 14 0
1187 6 1
1188 0 0
1189 14 1
1190 15 1
1191 0 1
1192 5 1
1193 12 1
1194 10 1
1195 1 0
1196 2 0
1197 2 1
1198 9 1
1199 4 1
1200 8 1
1201 9 1
1202 12 1
1203 7 1
1204 8 1
1205 8 1
1206 7 1
1207 7 1
1208 4 0
1209 9 1
1210 15 1
1211 16 0
1212 11 1
1213 16 0
1214 4 1
1215 2 1
1216 1 1
1217 1 0
1218 0 1
1219 16 1
1220 2 1
1221 14 1
1222 16 0
1223 4 1
1224 13 1
1225 7 1
1226 15 1
1227 10 1
1228 15 0
1229 11 0
1230 11 0
1231 7 1
1232 7 0
1233 0 1
1234 7 1
1235 15 1
1236 15 1
1237 10 0
1238 6 1
1239 7 1
1240 1 0
1241 5 1
1242 11 1
1243 7 1
1244 7 0
1245 4 1
1246 15 0
1247 6 0
1248 1 1
1249 13 1
1250 5 1
1251 9 0
1252 14 1
1253 8 1
1254 15 0
1255 15 1
1256 12 1
1257 15 0
1258 10 1
1259 16 1
1260 15 0
1261 11 0
1262 13 1
1263 2 0
1264 5 1
1265 5 1
1266 0 0
1267 14 1
1268 15 1
1269 10 1
1270 3 1
1271 3 1
1272 2 1
1273 14 0
1274 15 0
1275 13 1
1276 7 0
1277 9 1
1278 15 1
1279 16 1
1280 8 1
1281 13 0
1282 9 0
1283 15 0
1284 15 1
1285 11 1
1286 7 0
1287 8 1
1288 7 1
1289 13 1
1290 0 1
1291 10 0
1292 7 1
1293 9 1
1294 12 1
1295 8 1
1296 13 0
1297 11 1
1298 14 1
1299 4 1
1300 8 1
1301 4 1
1302 5 1
1303 16 0
1304 0 1
1305 9 0
1306 4 0
1307 7 1
1308 3 0
1309 7 0
1310 9 1
1311 9 1
1312 1 1
1313 2 0
1314 4 1
1315 1 1
1316 14 0
1317 10 1
1318 10 0
1319 5 0
1320 12 0
1321 10 1
1322 15 1
1323 0 0
1324 1 0
1325 7 1
1326 4 0
1327 14 0
1328 12 1
1329 12 0
1330 15 1
1331 11 1
1332 11 0
1333 13 1
1334 13 0
1335 13 1
1336 15 1
1337 15 1
1338 16 1
1339 6 1
1340 14 0
1341 1 0
1342 4 0
1343 16 1
1344 6 1
1345 15 1
1346 8 1
1347 6 1
1348 5 1
1349 14 0
1350 3 0
1351 10 0
1352 0 0
1353 14 0
1354 7 1
1355 7 1
1356 16 0
1357 6 1
1358 14 1
1359 2 1
1360 8 1
1361 15 0
1362 9 1
1363 1 1
1364 6 1
1365 8 1
1366 8 1
1367 10 0
1368 9 1
1369 15 1
1370 10 1
1371 4 1
1372 4 1
1373 12 0
1374 15 0
1375 5 1
1376 14 1
1377 4 1
1378 7 1
1379 3 1
1380 3 1
1381 6 1
1382 4 0
1383 11 0
1384 7 1
1385 13 1
1386 6 0
1387 1 1
1388 0 1
1389 3 1
1390 10 1
1391 3 1
1392 3 1
1393 3 1
1394 12 0
1395 15 1
1396 1 1
1397 1 1
1398 13 1
1399 10 0
1400 3 0
1401 11 1
1402 13 1
1403 3 1
1404 16 0
1405 11 1
1406 6 0
1407 15 1
1408 4 0
1409 1 1
1410 0 0
1411 15 0
1412 4 1
1413 6 1
1414 10 1
1415 2 1
1416 12 1
1417 14 1
1418 0 1
1419 3 0
1420 15 1
1421 8 1
1422 3 0
1423 4 1
1424 7 1
1425 15 1
1426 13 1
1427 0 1
1428 12 0
1429 8 1
1430 12 1
1431 2 1
1432 15 1
1433 14 1
1434 0 1
1435 5 0
1436 6 1
1437 2 1
1438 11 0
1439 15 1
1440 2 0
1441 0 1
1442 10 1
1443 7 1
1444 5 1
1445 10 1
1446 8 0
1447 15 1
1448 12 1
1449 4 1
1450 3 0
1451 9 0
1452 14 1
1453 9 1
1454 16 1
1455 1 1
1456 13 0
1457 16 0
1458 9 1
1459 10 1
1460 5 1
1461 13 0
1462 16 1
1463 3 0
1464 5 0
1465 5 1
1466 16 1
1467 1 1
1468 16 1
1469 4 0
1470 0 1
1471 8 1
1472 14 0
1473 1 1
1474 13 1
1475 10 0
1476 7 0
1477 6 1
1478 16 1
1479 0 0
1480 15 0
1481 4 1
1482 3 1
1483 11 1
1484 14 0
1485 9 1
1486 3 1
1487 1 0
1488 15 0
1489 6 1
1490 14 1
1491 4 1
1492 5 0
1493 1 1
1494 1 0
1495 0 0
1496 7 1
1497 14 0
1498 0 0
1499 11 1
1500 5 1
1501 2 1
1502 2 1
1503 0 0
1504 15 0
1505 4 1
1506 13 1
1507 7 1
1508 1 1
1509 14 1
1510 1 0
1511 10 1
1512 0 1
1513 0 1
1514 5 0
1515 13 0
1516 14 1
1517 10 1
1518 3 1
1519 8 1
1520 7 1
1521 4 0
1522 3 1
1523 4 1
1524 10 0
1525 6 1
1526 14 0
1527 1 1
1528 14 1
1529 5 1
1530 3 0
1531 14 0
1532 9 0
1533 7 1
1534 9 0
1535 12 1
1536 2 1
1537 2 1
1538 1 1
1539 0 1
1540 7 0
1541 5 1
1542 6 1
1543 1 1
1544 15 0
1545 6 1
1546 0 0
1547 1 1
1548 10 0
1549 3 1
1550 15 1
1551 0 1
1552 14 0
1553 14 1
1554 9 1
1555 16 1
1556 4 1
1557 3 1
1558 10 1
1559 4 1
1560 3 1
1561 9 0
1562 4 0
1563 3 0
1564 9 1
1565 15 1
1566 12 1
1567 0 1
1568 1 1
1569 6 1
1570 11 1
1571 8 1
1572 1 1
1573 16 1
1574 8 0
1575 1 1
1576 14 1
1577 5 1
1578 11 0
1579 7 1
1580 5 1
1581 10 1
1582 12 0
1583 0 0
1584 15 1
1585 14 1
1586 10 0
1587 16 1
1588 9 0
1589 4 1
1590 1 0
1591 2 1
1592 6 1
1593 8 1
1594 6 1
1595 11 1
1596 2 0
1597 10 1
1598 5 1
1599 2 0
1600 6 0
1601 3 1
1602 5 1
1603 2 1
1604 0 1
1605 5 1
1606 11 0
1607 8 1
1608 5 0
1609 0 1
1610 5 0
1611 12 1
1612 6 1
1613 13 1
1614 14 0
1615 5 1
1616 6 0
1617 10 0
1618 1 0
1619 7 1
1620 1 0
1621 11 1
1622 10 1
1623 3 0
1624 9 1
1625 16 0
1626 5 1
1627 3 1
1628 7 0
1629 5 1
1630 15 0
1631 15 1
1632 2 1
1633 14 1
1634 12 0
1635 13 0
1636 7 1
1637 8 1
1638 9 1
1639 5 1
1640 6 0
1641 6 0
1642 15 1
1643 14 1
1644 8 1
1645 8 0
1646 5 1
1647 9 1
1648 5 1
1649 1 1
1650 1 0
1651 4 1
1652 4 1
1653 7 1
1654 15 0
1655 13 1
1656 7 0
1657 6 1
1658 3 1
1659 9 0
1660 15 0
1661 0 1
1662 14 0
1663 1 1
1664 7 1
1665 2 0
1666 8 1
1667 16 1
1668 2 1
1669 8 1
1670 10 1
1671 12 0
1672 15 1
1673 5 0
1674 14 1
1675 11 1
1676 14 1
1677 6 1
1678 12 0
1679 13 1
1680 0 0
1681 9 1
1682 6 1
1683 12 1
1684 6 1
1685 8 0
1686 7 1
1687 15 1
1688 4 1
1689 5 1
1690 0 1
1691 4 1
1692 2 1
1693 16 1
1694 8 1
1695 7 1
1696 3 1
1697 0 0
1698 16 0
1699 16 1
1700 6 1
1701 3 1
1702 10 1
1703 1 1
1704 4 1
1705 15 1
1706 6 0
1707 1 1
1708 12 1
1709 14 1
1710 13 0
1711 12 1
1712 12 1
1713 16 0
1714 7 0
1715 16 1
1716 5 1
1717 2 0
1718 13 1
1719 2 1
1720 9 1
1721 4 0
1722 2 1
1723 15 1
1724 5 1
1725 0 0
1726 15 0
1727 8 0
1728 8 0
1729 5 1
1730 5 1
1731 3 0
1732 15 0
1733 15 1
1734 16 0
1735 11 0
1736 9 1
1737 15 1
1738 2 1
1739 8 0
1740 15 1
1741 9 1
1742 3 0
1743 6 1
1744 7 1
1745 1 0
1746 15 1
1747 13 1
1748 0 1
1749 7 1
1750 3 1
1751 15 0
1752 7 1
1753 14 0
1754 16 1
1755 8 1
1756 4 1
1757 10 1
1758 1 1
1759 10 1
1760 10 1
1761 12 0
1762 6 1
1763 12 1
1764 11 1
1765 13 0
1766 11 1
1767 0 0
1768 15 1
1769 10 1
1770 10 1
1771 11 1
1772 1 1
1773 4 0
1774 11 1
1775 2 1
1776 8 1
1777 11 1
1778 13 1
1779 11 1
1780 8 1
1781 3 1
1782 1 1
1783 3 1
1784 16 1
1785 12 0
1786 5 0
1787 6 1
1788 10 1
1789 0 1
1790 16 1
1791 8 1
1792 15 1
1793 5 0
1794 1 0
1795 1 0
1796 15 1
1797 3 1
1798 7 1
1799 14 1
1800 10 1
1801 15 1
1802 7 1
1803 13 1
1804 13 0
1805 14 0
1806 14 1
1807 12 1
1808 16 0
1809 5 0
1810 8 0
1811 10 1
1812 10 1
1813 5 0
1814 2 0
1815 5 1
1816 12 0
1817 2 0
1818 15 0
1819 11 1
1820 2 1
1821 16 1
1822 5 1
1823 10 1
1824 2 0
1825 5 1
1826 4 1
1827 0 1
1828 1 1
1829 5 1
1830 7 1
1831 16 1
1832 5 0
1833 13 1
1834 8 1
1835 15 1
1836 7 0
1837 0 1
1838 16 1
1839 16 1
1840 8 0
1841 3 1
1842 9 1
1843 1 0
1844 0 0
1845 14 1
1846 9 1
1847 9 0
1848 13 1
1849 0 1
1850 12 1
1851 5 1
1852 3 0
1853 5 1
1854 6 0
1855 12 1
1856 8 1
1857 11 1
1858 10 1
1859 11 0
1860 1 0
1861 7 1
1862 3 0
1863 7 1
1864 4 1
1865 3 1
1866 14 1
1867 1 1
1868 13 1
1869 2 1
1870 11 0
1871 0 1
1872 3 1
1873 10 0
1874 6 0
1875 5 0
1876 3 1
1877 0 0
1878 3 1
1879 14 1
1880 5 1
1881 15 0
1882 8 1
1883 2 1
1884 5 1
1885 14 0
1886 9 1
1887 1 1
1888 8 1
1889 8 1
1890 7 1
1891 13 0
1892 8 0
1893 16 0
1894 11 1
1895 2 0
1896 12 1
1897 9 0
1898 7 1
1899 6 0
1900 14 1
1901 3 0
1902 9 1
1903 9 0
1904 16 0
1905 6 0
1906 13 1
1907 7 1
1908 14 0
1909 16 1
1910 1 1
1911 7 0
1912 9 1
1913 7 1
1914 9 0
1915 4 1
1916 8 1
1917 3 1
1918 3 0
1919 9 0
1920 12 0
1921 16 1
1922 9 1
1923 12 1
1924 12 1
1925 6 0
1926 12 1
1927 1 0
1928 11 1
1929 13 1
1930 13 0
1931 0 0
1932 7 0
1933 12 1
1934 6 1
1935 3 1
1936 4 0
1937 0 1
1938 8 0
1939 11 0
1940 6 1
1941 15 1
1942 13 1
1943 15 1
1944 16 1
1945 2 0
1946 2 0
1947 7 1
1948 13 0
1949 2 1
1950 15 0
1951 11 1
1952 7 1
1953 6 0
1954 6 1
1955 0 0
1956 0 0
1957 13 1
1958 14 1
1959 13 0
1960 4 0
1961 7 1
1962 0 1
1963 15 1
1964 15 1
1965 15 0
1966 13 1
1967 6 1
1968 3 1
1969 0 1
1970 4 1
1971 13 1
1972 6 0
1973 9 0
1974 3 0
1975 7 1
1976 12 1
1977 13 1
1978 2 0
1979 8 0
1980 2 1
1981 13 1
1982 8 1
1983 1 1
1984 6 1
1985 4 1
1986 9 0
1987 6 1
1988 8 1
1989 1 1
1990 12 0
1991 1 1
1992 13 1
1993 10 1
1994 7 1
1995 14 0
1996 0 0
1997 14 0
1998 13 1
1999 2 1
2000 16 1
2001 3 1
2002 5 1
2003 14 0
2004 6 1
2005 7 1
2006 5 0
2007 16 1
2008 4 0
2009 15 1
2010 3 0
2011 2 0
2012 5 1
2013 2 1
2014 14 1
2015 11 1
2016 10 0
2017 3 1
2018 5 1
2019 11 1
2020 14 1
2021 13 1
2022 9 0
2023 11 1
2024 13 1
2025 7 1
2026 13 1
2027 1 0
2028 0 1
2029 10 1
2030 7 1
2031 10 1
2032 0 1
2033 14 0
2034 13 1
2035 16 0
2036 10 1
2037 13 0
2038 7 1
2039 15 1
2040 8 1
2041 2 1
2042 6 0
2043 4 1
2044 6 1
2045 3 1
2046 0 1
2047 4 0
2048 9 0
2049 5 1
2050 0 1
2051 6 1
2052 16 0
2053 12 1
2054 1 1
2055 9 0
2056 6 0
2057 12 0
2058 13 1
2059 1 1
2060 5 0
2061 15 1
2062 0 1
2063 6 1
2064 11 0
2065 13 1
2066 7 1
2067 4 0
2068 4 1
2069 12 1
2070 8 1
2071 13 1
2072 14 1
2073 1 1
2074 8 1
2075 13 0
2076 16 0
2077 9 0
2078 4 1
2079 8 1
2080 1 1
2081 1 0
2082 15 1
2083 14 1
2084 12 0
2085 16 0
2086 13 1
2087 0 1
2088 4 1
2089 13 0
2090 13 0
2091 7 1
2092 3 1
2093 2 0
2094 6 1
2095 5 0
2096 6 1
2097 15 1
2098 2 1
2099 15 0
2100 12 1
2101 8 1
2102 2 0
2103 11 1
2104 1 1
2105 9 1
2106 15 1
2107 9 1
2108 7 0
2109 9 0
2110 4 1
2111 3 1
2112 12 0
2113 14 1
2114 4 1
2115 2 0
2116 9 1
2117 7 1
2118 9 0
2119 8 1
2120 7 1
2121 8 0
2122 16 1
2123 16 1
2124 3 1
2125 3 1
2126 5 1
2127 0 1
2128 15 1
2129 14 1
2130 8 0
2131 9 1
2132 0 1
2133 11 1
2134 0 0
2135 11 0
2136 2 1
2137 14 1
2138 3 1
2139 8 1
2140 12 1
2141 12 0
2142 16 0
2143 0 0
2144 8 1
2145 7 1
2146 12 1
2147 0 1
2148 16 0
2149 3 0
2150 5 1
2151 15 1
2152 0 1
2153 16 0
2154 7 1
2155 8 1
2156 0 0
2157 11 0
2158 7 1
2159 13 1
2160 16 1
2161 14 1
2162 3 1
2163 14 1
2164 8 1
2165 0 1
2166 14 1
2167 2 1
2168 10 1
2169 8 1
2170 8 0
2171 11 1
2172 2 0
2173 16 1
2174 16 0
2175 6 0
2176 15 1
2177 0 1
2178 0 1
2179 2 1
2180 5 1
2181 12 1
2182 1 0
2183 0 1
2184 8 0
2185 11 1
2186 15 1
2187 7 1
2188 2 0
2189 0 1
2190 1 1
2191 16 1
2192 9 1
2193 0 1
2194 4 1
2195 1 1
2196 4 1
2197 12 1
2198 3 1
2199 16 0
2200 10 0
2201 0 1
2202 16 1
2203 16 1
2204 13 0
2205 3 1
2206 5 1
2207 5 0
2208 10 1
2209 6 1
2210 6 1
2211 15 1
2212 13 1
2213 15 0
2214 4 1
2215 0 1
2216 8 1
2217 14 0
2218 16 1
2219 8 1
2220 12 1
2221 1 1
2222 5 1
2223 14 1
2224 2 1
2225 12 0
2226 2 0
2227 2 1
2228 3 1
2229 13 0
2230 15 1
2231 5 1
2232 5 1
2233 3 1
2234 15 0
2235 8 1
2236 14 1
2237 2 1
2238 7 0
2239 9 1
2240 11 0
2241 1 0
2242 6 0
2243 11 0
2244 3 0
2245 0 1
2246 12 1
2247 6 1
2248 15 0
2249 12 0
2250 13 1
2251 7 0
2252 14 1
2253 4 0
2254 8 0
2255 5 1
2256 8 1
2257 14 1
2258 0 1
2259 7 1
2260 15 1
2261 4 1
2262 3 1
2263 1 0
2264 3 1
2265 5 1
2266 0 1
2267 8 1
2268 13 1
2269 10 0
2270 16 0
2271 5 1
2272 12 1
2273 13 1
2274 10 1
2275 15 1
2276 9 1
2277 9 1
2278 13 0
2279 12 1
2280 14 1
2281 5 0
2282 4 1
2283 3 0
2284 8 0
2285 12 0
2286 2 1
2287 14 0
2288 2 1
2289 0 0
2290 12 1
2291 3 1
2292 10 1
2293 15 1
2294 13 1
2295 12 1
2296 3 1
2297 16 1
2298 12 1
2299 16 1
2300 6 0
2301 2 0
2302 11 1
2303 13 1
2304 9 1
2305 8 1
2306 4 1
2307 8 0
2308 5 1
2309 10 1
2310 8 0
2311 2 1
2312 4 0
2313 1 0
2314 13 1
2315 11 1
2316 10 1
2317 10 1
2318 11 0
2319 8 1
2320 11 1
2321 7 1
2322 9 1
2323 2 1
2324 3 1
2325 6 1
2326 8 0
2327 13 1
2328 2 0
2329 3 1
2330 13 1
2331 16 1
2332 1 1
2333 10 1
2334 7 1
2335 7 0
2336 9 1
2337 7 1
2338 2 0
2339 7 1
2340 13 1
2341 16 1
2342 14 1
2343 16 0
2344 9 1
2345 13 1
2346 15 1
2347 4 0
2348 13 1
2349 2 1
2350 7 1
2351 3 0
2352 13 0
2353 10 0
2354 11 1
2355 3 1
2356 13 1
2357 10 1
2358 14 1
2359 0 1
2360 10 1
2361 4 0
2362 8 1
2363 15 1
2364 4 1
2365 6 1
2366 9 1
2367 3 0
2368 2 1
2369 3 1
2370 4 0
2371 2 1
2372 8 1
2373 2 1
2374 13 1
2375 11 1
2376 6 1
2377 15 1
2378 5 1
2379 0 1
2380 5 1
2381 13 1
2382 15 1
2383 11 1
2384 11 1
2385 12 1
2386 3 1
2387 15 1
2388 0 0
2389 15 0
2390 3 1
2391 3 1
2392 16 0
2393 6 0
2394 5 1
2395 6 1
2396 4 0
2397 16 1
2398 0 1
2399 1 0
2400 6 1
2401 0 1
2402 1 0
2403 2 1
2404 8 0
2405 15 0
2406 11 0
2407 2 1
2408 1 1
2409 6 1
2410 6 1
2411 16 1
2412 13 1
2413 3 1
2414 7 1
2415 7 1
2416 8 1
2417 14 1
2418 15 0
2419 1 0
2420 9 1
2421 8 1
2422 8 1
2423 12 1
2424 10 0
2425 7 0
2426 5 1
2427 9 1
2428 4 0
2429 15 0
2430 15 1
2431 16 1
2432 13 1
2433 14 1
2434 5 1
2435 0 1
2436 14 1
2437 16 1
2438 0 1
2439 14 1
2440 4 1
2441 9 0
2442 9 1
2443 3 1
2444 3 1
2445 8 0
2446 6 1
2447 6 1
2448 12 0
2449 13 1
2450 1 1
2451 13 0
2452 3 1
2453 2 1
2454 15 0
2455 14 1
2456 11 0
2457 12 1
2458 15 0
2459 0 1
2460 8 0
2461 11 1
2462 15 1
2463 8 1
2464 3 0
2465 1 0
2466 0 1
2467 1 1
2468 1 0
2469 15 0
2470 3 1
2471 1 0
2472 2 1
2473 2 1
2474 11 0
2475 10 1
2476 1 1
2477 16 1
2478 14 1
2479 8 1
2480 2 1
2481 12 1
2482 15 0
2483 14 1
2484 8 1
2485 6 1
2486 16 1
2487 1 1
2488 3 1
2489 1 1
2490 4 1
2491 16 1
2492 7 1
2493 3 1
2494 13 1
2495 4 1
2496 12 1
2497 9 1
2498 3 1
2499 0 1
2500 10 0
2501 6 1
2502 5 0
2503 1 1
2504 1 1
2505 5 0
2506 4 1
2507 1 1
2508 2 1
2509 7 0
2510 16 1
2511 6 0
2512 9 0
2513 13 1
2514 13 0
2515 7 1
2516 11 1
2517 6 1
2518 11 1
2519 16 1
2520 0 0
2521 7 1
2522 8 1
2523 8 1
2524 13 0
2525 1 1
2526 0 0
2527 6 1
2528 4 1
2529 4 1
2530 16 0
2531 6 1
2532 15 0
2533 9 0
2534 2 1
2535 12 1
2536 11 0
2537 16 0
2538 11 1
2539 13 1
2540 4 1
2541 2 1
2542 3 0
2543 5 1
2544 10 1
2545 16 1
2546 12 0
2547 2 1
2548 8 1
2549 3 1
2550 10 1
2551 5 1
2552 0 1
2553 14 0
2554 10 1
2555 10 1
2556 6 1
2557 10 1
2558 12 0
2559 16 1
2560 15 1
2561 14 1
2562 2 1
2563 12 1
2564 1 1
2565 5 1
2566 12 0
2567 5 0
2568 5 1
2569 16 0
2570 4 1
2571 3 0
2572 13 1
2573 2 0
2574 10 1
2575 12 0
2576 7 0
2577 10 0
2578 7 1
2579 12 1
2580 2 1
2581 9 0
2582 1 1
2583 10 1
2584 9 1
2585 3 1
2586 9 0
2587 6 1
2588 10 1
2589 3 1
2590 1 0
2591 11 1
2592 16 1
2593 10 1
2594 9 1
2595 14 1
2596 13 1
2597 9 1
2598 13 1
2599 10 0
2600 2 1
2601 0 0
2602 9 0
2603 16 1
2604 16 0
2605 14 1
2606 9 1
2607 0 1
2608 4 0
2609 15 0
2610 14 1
2611 0 0
2612 10 1
2613 6 0
2614 2 1
2615 10 1
2616 3 1
2617 14 1
2618 9 1
2619 15 0
2620 15 1
2621 7 0
2622 12 1
2623 6 1
2624 0 1
2625 4 0
2626 16 1
2627 16 1
2628 12 0
2629 15 1
2630 13 1
2631 0 1
2632 1 0
2633 4 1
2634 1 1
2635 0 1
2636 14 1
2637 6 1
2638 7 0
2639 7 1
2640 8 1
2641 4 0
2642 6 1
2643 15 1
2644 9 0
2645 7 1
2646 13 1
2647 13 1
2648 5 1
2649 16 1
2650 2 1
2651 5 1
2652 15 1
2653 7 1
2654 14 1
2655 12 1
2656 16 1
2657 11 1
2658 11 1
2659 16 1
2660 6 1
2661 0 1
2662 13 1
2663 16 0
2664 13 1
2665 7 1
2666 13 1
2667 13 1
2668 14 1
2669 8 1
2670 7 1
2671 8 1
2672 11 1
2673 4 0
2674 12 1
2675 8 0
2676 8 1
2677 11 1
2678 11 1
2679 5 0
2680 7 1
2681 4 0
2682 6 1
2683 7 0
2684 11 1
2685 14 1
2686 1 1
2687 8 1
2688 6 0
2689 7 1
2690 6 0
2691 3 1
2692 13 1
2693 10 1
2694 7 1
2695 6 1
2696 1 1
2697 0 1
2698 2 1
2699 10 1
2700 5 1
2701 15 1
2702 11 1
2703 0 1
2704 1 0
2705 11 1
2706 5 1
2707 3 1
2708 2 0
2709 9 1
2710 12 1
2711 15 1
2712 9 0
2713 3 1
2714 5 1
2715 16 1
2716 3 0
2717 15 1
2718 11 1
2719 7 1
2720 4 0
2721 1 0
2722 15 1
2723 2 1
2724 1 1
2725 9 0
2726 9 1
2727 8 1
2728 4 0
2729 4 1
2730 8 0
2731 1 1
2732 0 0
2733 8 1
2734 13 1
2735 6 1
2736 16 1
2737 1 1
2738 11 1
2739 5 1
2740 14 1
2741 16 1
2742 3 1
2743 16 1
2744 11 1
2745 16 0
2746 14 0
2747 4 0
2748 8 1
2749 0 0
2750 2 0
2751 13 1
2752 12 0
2753 7 1
2754 0 1
2755 2 1
2756 0 1
2757 12 1
2758 1 1
2759 10 0
2760 5 1
2761 5 0
2762 0 1
2763 16 0
2764 4 1
2765 12 1
2766 4 1
2767 0 1
2768 13 1
2769 6 1
2770 11 1
2771 2 0
2772 10 0
2773 14 1
2774 7 0
2775 5 1
2776 15 0
2777 5 1
2778 10 1
2779 14 0
2780 11 1
2781 4 1
2782 8 1
2783 5 0
2784 2 1
2785 10 0
2786 11 0
2787 7 0
2788 0 1
2789 14 1
2790 1 1
2791 2 0
2792 3 1
2793 4 1
2794 2 0
2795 10 0
2796 10 0
2797 10 1
2798 9 1
2799 6 1
2800 9 1
2801 16 1
2802 1 0
2803 6 1
2804 9 0
2805 0 0
2806 13 1
2807 8 1
2808 8 1
2809 12 1
2810 14 1
2811 14 1
2812 11 1
2813 0 1
2814 4 0
2815 6 1
2816 4 1
2817 16 1
2818 3 1
2819 7 1
2820 0 0
2821 5 1
2822 16 1
2823 12 1
2824 10 1
2825 8 1
2826 4 1
2827 6 1
2828 11 1
2829 9 1
2830 3 1
2831 11 1
2832 5 1
2833 4 1
2834 8 1
2835 3 1
2836 0 1
2837 13 1
2838 14 1
2839 14 1
2840 16 1
2841 14 1
2842 1 1
2843 9 1
2844 9 1
2845 9 1
2846 9 0
2847 2 0
2848 15 1
2849 12 1
2850 8 1
2851 5 1
2852 16 1
2853 15 0
2854 2 1
2855 11 1
2856 8 1
2857 4 1
2858 11 1
2859 12 0
2860 14 1
2861 16 1
2862 0 1
2863 2 1
2864 16 1
2865 12 1
2866 5 1
2867 7 1
2868 1 1
2869 16 1
2870 9 0
2871 4 1
2872 0 1
2873 1 1
2874 3 1
2875 15 0
2876 0 0
2877 15 1
2878 14 0
2879 6 1
2880 15 1
2881 4 1
2882 1 0
2883 6 0
2884 15 0
2885 14 1
2886 6 1
2887 7 0
2888 0 1
2889 9 1
2890 3 1
2891 12 1
2892 3 0
2893 4 0
2894 2 0
2895 5 0
2896 11 0
2897 3 0
2898 2 1
2899 15 0
2900 13 0
2901 16 0
2902 4 1
2903 7 1
2904 5 1
2905 6 0
2906 15 0
2907 12 1
2908 3 1
2909 2 1
2910 9 1
2911 5 1
2912 8 0
2913 16 1
2914 16 0
2915 10 1
2916 8 0
2917 13 1
2918 7 0
2919 15 0
2920 11 0
2921 12 1
2922 14 1
2923 11 1
2924 14 0
2925 13 1
2926 3 1
2927 11 1
2928 8 0
2929 4 0
2930 7 1
2931 1 1
2932 15 1
2933 2 1
2934 8 1
2935 9 1
2936 12 0
2937 4 0
2938 2 1
2939 0 1
2940 2 1
2941 14 1
2942 5 1
2943 16 1
2944 1 0
2945 10 1
2946 16 1
2947 14 0
2948 7 1
2949 11 1
2950 7 1
2951 10 0
2952 15 0
2953 3 1
2954 3 0
2955 7 0
2956 0 1
2957 1 1
2958 12 1
2959 9 1
2960 2 1
2961 12 0
2962 5 1
2963 16 0
2964 8 0
2965 10 1
2966 4 1
2967 9 1
2968 16 1
2969 1 1
2970 6 1
2971 6 1
2972 12 1
2973 11 1
2974 16 1
2975 12 0
2976 13 1
2977 3 1
2978 9 1
2979 4 1
2980 11 1
2981 15 1
2982 9 1
2983 8 1
2984 1 1
2985 10 0
2986 16 1
2987 5 1
2988 15 1
2989 11 1
2990 1 1
2991 16 1
2992 14 1
2993 15 1
2994 3 1
2995 14 0
2996 7 1
2997 3 0
2998 1 1
2999 7 0
3000 2 0
3001 0 0
3002 16 0
3003 4 1
3004 3 1
3005 12 1
3006 5 0
3007 2 1
3008 4 1
3009 16 1
3010 10 1
3011 12 1
3012 16 0
3013 8 1
3014 8 1
3015 1 1
3016 6 0
3017 2 0
3018 15 1
3019 2 1
3020 13 0
3021 6 1
3022 16 0
3023 3 1
3024 7 1
3025 9 0
3026 15 1
3027 16 1
3028 1 1
3029 13 1
3030 4 0
3031 1 1
3032 15 1
3033 15 1
3034 10 0
3035 6 0
3036 6 1
3037 16 0
3038 10 1
3039 0 0
3040 4 0
3041 16 1
3042 13 1
3043 15 1
3044 14 1
3045 6 1
3046 8 0
3047 3 1
3048 10 1
3049 2 0
3050 1 0
3051 1 1
3052 2 1
3053 4 0
3054 2 0
3055 11 0
3056 4 1
3057 7 1
3058 16 0
3059 6 1
3060 7 1
3061 6 1
3062 10 1
3063 3 0
3064 1 0
3065 7 1
3066 12 1
3067 9 1
3068 16 1
3069 8 1
3070 8 1
3071 6 0
3072 12 1
3073 13 0
3074 0 0
3075 7 1
3076 5 1
3077 13 1
3078 13 1
3079 10 0
3080 13 1
3081 16 1
3082 8 0
3083 5 1
3084 12 1
3085 8 1
3086 7 0
3087 15 1
3088 10 1
3089 14 0
3090 12 0
3091 9 0
3092 9 1
3093 15 1
3094 5 1
3095 2 1
3096 8 1
3097 9 0
3098 0 0
3099 16 1
3100 3 1
3101 15 1
3102 4 1
3103 12 1
3104 7 1
3105 0 1
3106 5 0
3107 2 0
3108 14 1
3109 10 0
3110 16 1
3111 3 1
3112 4 1
3113 7 1
3114 1 0
3115 7 1
3116 12 0
3117 6 1
3118 10 0
3119 15 0
3120 2 0
3121 10 1
3122 6 1
3123 12 0
3124 3 1
3125 5 1
3126 9 1
3127 10 1
3128 12 0
3129 0 1
3130 5 1
3131 9 1
3132 4 0
3133 0 1
3134 15 1
3135 5 1
3136 12 0
3137 15 1
3138 10 1
3139 5 1
3140 7 0
3141 15 0
3142 1 1
3143 3 1
3144 7 1
3145 0 0
3146 2 1
3147 4 1
3148 15 1
3149 3 0
3150 2 1
3151 5 1
3152 13 1
3153 15 1
3154 5 1
3155 2 0
3156 5 1
3157 2 1
3158 8 1
3159 10 1
3160 0 1
3161 10 1
3162 3 0
3163 8 1
3164 9 1
3165 5 0
3166 9 1
3167 0 1
3168 6 1
3169 11 1
3170 2 0
3171 6 1
3172 5 1
3173 12 1
3174 14 0
3175 10 1
3176 6 1
3177 16 0
3178 0 0
3179 1 1
3180 9 1
3181 4 1
3182 0 1
3183 7 1
3184 11 1
3185 8 0
3186 15 0
3187 2 1
3188 5 0
3189 7 1
3190 1 1
3191 8 1
3192 12 1
3193 8 1
3194 6 0
3195 13 1
3196 15 1
3197 0 1
3198 4 1
3199 12 1
3200 8 1
3201 10 0
3202 8 1
3203 8 1
3204 8 1
3205 16 1
3206 15 1
3207 0 1
3208 5 1
3209 4 1
3210 0 0
3211 10 0
3212 1 1
3213 13 1
3214 8 1
3215 3 0
3216 3 1
3217 5 1
3218 0 0
3219 0 1
3220 3 1
3221 1 1
3222 5 1
3223 10 0
3224 0 1
3225 13 1
3226 6 1
3227 14 1
3228 7 1
3229 12 0
3230 2 1
3231 14 1
3232 2 1
3233 16 0
3234 6 0
3235 2 1
3236 14 0
3237 9 1
3238 3 0
3239 4 0
3240 0 0
3241 2 0
3242 6 1
3243 5 1
3244 9 0
3245 11 0
3246 6 1
3247 16 1
3248 1 1
3249 2 1
3250 6 1
3251 16 0
3252 15 1
3253 5 1
3254 2 1
3255 12 1
3256 0 1
3257 7 1
3258 4 1
3259 11 1
3260 3 1
3261 7 1
3262 4 1
3263 9 1
3264 5 1
3265 3 1
3266 6 0
3267 13 0
3268 2 1
3269 4 1
3270 1 0
3271 14 1
3272 12 0
3273 16 0
3274 8 1
3275 12 1
3276 6 1
3277 12 1
3278 0 1
3279 6 0
3280 6 1
3281 6 1
3282 3 0
3283 15 1
3284 3 1
3285 0 1
3286 0 1
3287 15 1
3288 10 0
3289 10 1
3290 8 1
3291 11 1
3292 8 1
3293 16 1
3294 9 1
3295 13 1
3296 6 1
3297 1 1
3298 4 1
3299 6 1
3300 0 1
3301 4 1
3302 12 1
3303 11 0
3304 16 1
3305 13 1
3306 10 1
3307 4 1
3308 13 0
3309 0 0
3310 8 1
3311 12 0
3312 15 1
3313 8 1
3314 12 1
3315 1 1
3316 3 1
3317 12 1
3318 15 1
3319 3 1
3320 3 1
3321 12 1
3322 7 1
3323 5 1
3324 2 0
3325 9 1
3326 1 1
3327 9 1
3328 10 1
3329 0 1
3330 4 1
3331 9 1
3332 6 1
3333 15 1
3334 3 1
3335 10 1
3336 0 1
3337 10 1
3338 5 1
3339 2 1
3340 3 1
3341 9 1
3342 7 1
3343 2 1
3344 8 1
3345 5 1
3346 4 1
3347 4 1
3348 10 0
3349 5 0
3350 2 0
3351 1 1
3352 4 0
3353 1 1
3354 9 0
3355 7 0
3356 6 0
3357 7 1
3358 0 0
3359 13 1
3360 12 1
3361 5 0
3362 6 1
3363 8 0
3364 10 1
3365 12 1
3366 3 1
3367 6 1
3368 16 1
3369 15 1
3370 2 0
3371 4 1
3372 5 1
3373 4 1
3374 12 1
3375 5 0
3376 1 1
3377 14 1
3378 1 1
3379 15 1
3380 11 1
3381 7 0
3382 7 1
3383 13 0
3384 12 1
3385 6 1
3386 8 1
3387 5 0
3388 4 1
3389 10 0
3390 0 1
3391 15 1
3392 0 1
3393 8 0
3394 0 0
3395 13 1
3396 16 1
3397 0 1
3398 15 1
3399 4 0
3400 6 0
3401 8 0
3402 3 1
3403 2 0
3404 5 1
3405 14 1
3406 2 1
3407 6 0
3408 7 0
3409 3 1
3410 11 1
3411 10 1
3412 1 0
3413 16 0
3414 5 1
3415 10 1
3416 13 1
3417 0 1
3418 4 1
3419 5 0
3420 6 1
3421 14 1
3422 14 1
3423 1 1
3424 8 0
3425 2 1
3426 3 1
3427 3 1
3428 13 1
3429 13 1
3430 5 1
3431 4 1
3432 6 0
3433 16 1
3434 6 1
3435 11 0
3436 15 1
3437 12 1
3438 10 1
3439 7 1
3440 1 1
3441 10 1
3442 13 0
3443 0 1
3444 8 0
3445 10 0
3446 1 0
3447 6 1
3448 0 1
3449 0 1
3450 1 1
3451 11 0
3452 1 1
3453 2 1
3454 2 0
3455 11 0
3456 9 0
3457 16 1
3458 9 1
3459 14 1
3460 12 1
3461 13 1
3462 12 1
3463 3 1
3464 6 0
3465 10 1
3466 13 1
3467 5 1
3468 10 1
3469 15 1
3470 15 1
3471 7 1
3472 4 1
3473 12 1
3474 13 1
3475 4 0
3476 7 1
3477 13 1
3478 9 1
3479 14 1
3480 1 1
3481 5 1
3482 11 1
3483 10 0
3484 0 1
3485 7 1
3486 8 1
3487 15 1
3488 2 0
3489 16 0
3490 2 1
3491 7 0
3492 3 0
3493 11 1
3494 1 1
3495 3 1
3496 5 0
3497 7 1
3498 1 1
3499 2 1
3500 7 0
3501 1 0
3502 6 1
3503 1 1
3504 16 1
3505 16 0
3506 12 0
3507 10 1
3508 9 1
3509 3 0
3510 11 1
3511 4 1
3512 5 1
3513 7 1
3514 11 1
3515 0 1
3516 1 0
3517 16 1
3518 7 1
3519 8 0
3520 8 1
3521 16 1
3522 4 0
3523 11 0
3524 4 1
3525 15 1
3526 11 1
3527 13 0
3528 4 1
3529 5 1
3530 12 1
3531 8 1
3532 13 1
3533 4 1
3534 15 0
3535 1 1
3536 10 1
3537 1 1
3538 8 1
3539 11 0
3540 8 0
3541 0 1
3542 2 0
3543 1 1
3544 8 1
3545 5 1
3546 11 1
3547 7 0
3548 11 1
3549 2 0
3550 6 0
3551 15 0
3552 2 0
3553 15 1
3554 11 1
3555 4 0
3556 1 0
3557 13 0
3558 0 0
3559 1 1
3560 11 1
3561 10 1
3562 11 1
3563 4 0
3564 12 1
3565 5 1
3566 0 0
3567 1 0
3568 11 0
3569 12 1
3570 8 1
3571 15 1
3572 3 1
3573 3 1
3574 8 1
3575 11 1
3576 3 0
3577 16 1
3578 4 1
3579 10 0
3580 0 1
3581 1 1
3582 10 0
3583 2 1
3584 1 0
3585 0 1
3586 12 1
3587 9 1
3588 1 1
3589 1 0
3590 8 1
3591 4 0
3592 15 0
3593 8 1
3594 6 0
3595 10 1
3596 8 1
3597 7 1
3598 5 0
3599 14 1
3600 15 1
3601 6 1
3602 5 0
3603 8 1
3604 9 1
3605 7 1
3606 12 1
3607 11 0
3608 5 0
3609 12 1
3610 3 1
3611 8 1
3612 8 0
3613 12 1
3614 16 1
3615 10 1
3616 16 1
3617 6 1
3618 5 1
3619 9 1
3620 6 1
3621 15 1
3622 1 1
3623 2 1
3624 11 1
3625 8 1
3626 11 1
3627 7 0
3628 15 1
3629 7 0
3630 4 1
3631 10 1
3632 16 1
3633 14 0
3634 5 1
3635 2 1
3636 5 0
3637 3 0
3638 0 1
3639 12 1
3640 11 0
3641 7 0
3642 4 1
3643 7 1
3644 9 1
3645 7 1
3646 6 0
3647 6 0
3648 8 1
3649 9 1
3650 8 1
3651 8 0
3652 10 1
3653 3 1
3654 8 1
3655 4 1
3656 10 1
3657 6 1
3658 1 1
3659 7 1
3660 2 1
3661 5 1
3662 5 1
3663 4 1
3664 5 1
3665 2 1
3666 16 0
3667 9 1
3668 12 1
3669 12 0
3670 10 0
3671 13 1
3672 2 1
3673 0 0
3674 16 0
3675 13 1
3676 12 0
3677 0 1
3678 3 0
3679 5 0
3680 9 1
3681 4 1
3682 16 1
3683 10 0
3684 8 1
3685 15 1
3686 12 1
3687 3 0
3688 14 1
3689 9 0
3690 1 1
3691 5 1
3692 6 0
3693 13 1
3694 0 0
3695 0 1
3696 8 1
3697 10 1
3698 8 1
3699 10 0
3700 16 1
3701 16 0
3702 3 0
3703 8 0
3704 14 0
3705 4 0
3706 6 1
3707 11 1
3708 5 1
3709 4 1
3710 7 1
3711 15 1
3712 8 1
3713 14 1
3714 11 1
3715 6 1
3716 6 0
3717 12 1
3718 16 1
3719 0 1
3720 3 1
3721 2 0
3722 4 1
3723 5 0
3724 2 1
3725 15 1
3726 5 1
3727 16 1
3728 13 1
3729 12 0
3730 11 1
3731 0 1
3732 6 0
3733 10 0
3734 14 1
3735 9 0
3736 14 0
3737 10 1
3738 7 0
3739 2 1
3740 7 1
3741 3 0
3742 4 1
3743 8 1
3744 15 0
3745 7 1
3746 5 1
3747 9 1
3748 1 1
3749 8 1
3750 3 1
3751 16 0
3752 3 0
3753 9 1
3754 16 1
3755 12 1
3756 11 1
3757 10 1
3758 16 1
3759 15 1
3760 4 1
3761 5 1
3762 3 1
3763 12 1
3764 16 0
3765 3 0
3766 11 1
3767 10 1
3768 3 1
3769 0 0
3770 14 1
3771 8 0
3772 9 0
3773 15 1
3774 2 1
3775 5 1
3776 10 1
3777 7 1
3778 16 1
3779 9 1
3780 13 1
3781 0 0
3782 13 1
3783 4 1
3784 5 0
3785 2 1
3786 15 1
3787 10 1
3788 11 1
3789 7 1
3790 13 1
3791 10 1
3792 13 1
3793 2 1
3794 1 1
3795 11 0
3796 5 1
3797 12 1
3798 13 0
3799 10 1
3800 12 1
3801 3 1
3802 13 1
3803 9 1
3804 13 1
3805 11 1
3806 2 1
3807 15 1
3808 12 1
3809 10 1
3810 11 1
3811 10 0
3812 16 1
3813 9 1
3814 13 0
3815 13 0
3816 5 1
3817 9 1
3818 3 0
3819 0 1
3820 16 1
3821 16 0
3822 7 1
3823 16 1
3824 14 0
3825 7 1
3826 14 1
3827 6 0
3828 14 0
3829 15 1
3830 9 1
3831 9 1
3832 1 1
3833 8 1
3834 2 1
3835 12 1
3836 2 0
3837 2 1
3838 9 0
3839 3 0
3840 2 1
3841 13 1
3842 2 1
3843 11 0
3844 10 0
3845 1 1
3846 12 0
3847 0 1
3848 12 1
3849 1 1
3850 8 1
3851 7 1
3852 0 0
3853 2 0
3854 2 1
3855 15 1
3856 6 1
3857 2 1
3858 5 0
3859 8 1
3860 14 1
3861 1 0
3862 2 0
3863 13 1
3864 9 1
3865 3 1
3866 11 0
3867 9 1
3868 2 1
3869 11 0
3870 15 1
3871 0 1
3872 12 1
3873 13 1
3874 7 0
3875 16 1
3876 12 1
3877 12 1
3878 0 1
3879 12 0
3880 6 1
3881 0 1
3882 0 1
3883 2 0
3884 3 0
3885 15 0
3886 14 0
3887 6 1
3888 1 0
3889 0 1
3890 5 1
3891 3 1
3892 15 1
3893 6 1
3894 6 1
3895 16 1
3896 16 0
3897 11 0
3898 1 1
3899 1 0
3900 9 1
3901 5 1
3902 14 1
3903 14 1
3904 4 1
3905 14 1
3906 13 0
3907 0 1
3908 14 1
3909 1 1
3910 7 0
3911 15 0
3912 9 1
3913 5 1
3914 5 0
3915 4 1
3916 5 1
3917 2 1
3918 12 1
3919 8 1
3920 13 1
3921 8 1
3922 13 1
3923 11 1
3924 6 0
3925 5 0
3926 5 0
3927 2 0
3928 5 1
3929 14 1
3930 13 1
3931 16 0
3932 11 0
3933 12 1
3934 0 1
3935 15 0
3936 16 0
3937 4 1
3938 14 0
3939 4 1
3940 10 1
3941 15 0
3942 13 1
3943 11 0
3944 0 1
3945 2 1
3946 10 1
3947 6 1
3948 2 0
3949 2 1
3950 3 1
3951 14 1
3952 6 0
3953 13 0
3954 7 1
3955 5 0
3956 9 0
3957 7 0
3958 12 1
3959 5 0
3960 1 0
3961 8 1
3962 8 1
3963 7 1
3964 14 0
3965 11 0
3966 9 0
3967 10 1
3968 0 1
3969 0 1
3970 14 1
3971 8 1
3972 7 1
3973 11 1
3974 16 0
3975 6 0
3976 16 0
3977 3 1
3978 10 1
3979 9 1
3980 2 1
3981 7 0
3982 3 1
3983 8 0
3984 14 1
3985 1 1
3986 4 0
3987 1 1
3988 7 1
3989 5 0
3990 3 1
3991 7 0
3992 8 0
3993 10 0
3994 3 0
3995 9 1
3996 13 1
3997 16 1
3998 16 1
3999 10 1
4000 6 1
4001 16 1
4002 12 0
4003 4 1
4004 11 0
4005 8 0
4006 3 1
4007 0 1
4008 0 0
4009 13 0
4010 11 0
4011 9 1
4012 12 1
4013 14 1
4014 15 1
4015 8 1
4016 2 1
4017 5 1
4018 15 1
4019 7 1
4020 0 1
4021 7 1
4022 13 1
4023 15 1
4024 0 1
4025 8 0
4026 15 0
4027 10 0
4028 7 0
4029 14 1
4030 15 1
4031 9 1
4032 12 0
4033 5 1
4034 14 1
4035 10 0
4036 9 1
4037 9 0
4038 8 1
4039 1 1
4040 8 1
4041 2 1
4042 0 1
4043 0 1
4044 3 1
4045 4 1
4046 10 1
4047 0 1
4048 10 1
4049 14 1
4050 16 1
4051 13 1
4052 16 1
4053 13 1
4054 3 1
4055 7 1
4056 15 0
4057 0 1
4058 13 1
4059 15 0
4060 5 1
4061 16 0
4062 16 1
4063 10 1
4064 12 0
4065 16 1
4066 15 1
4067 10 0
4068 7 1
4069 13 1
4070 13 0
4071 4 0
4072 3 1
4073 1 0
4074 13 1
4075 14 1
4076 2 1
4077 7 1
4078 12 1
4079 0 0
4080 8 1
4081 9 1
4082 10 1
4083 2 0
4084 1 1
4085 10 1
4086 0 1
4087 8 1
4088 10 1
4089 2 1
4090 0 1
4091 6 1
4092 12 0
4093 2 1
4094 5 1
4095 14 0
4096 10 1
4097 1 1
4098 1 1
4099 4 1
4100 1 0
4101 16 1
4102 11 1
4103 4 1
4104 16 1
4105 9 1
4106 6 0
4107 10 1
4108 11 0
4109 0 1
4110 7 1
4111 3 1
4112 13 1
4113 3 0
4114 6 1
4115 7 1
4116 4 1
4117 8 1
4118 12 1
4119 1 1
4120 10 1
4121 3 1
4122 7 1
4123 9 0
4124 0 0
4125 8 0
4126 15 1
4127 7 1
4128 6 1
4129 16 0
4130 0 1
4131 11 1
4132 3 1
4133 1 0
4134 15 1
4135 2 1
4136 3 1
4137 7 1
4138 0 0
4139 3 1
4140 7 1
4141 7 1
4142 6 1
4143 16 1
4144 7 0
4145 16 1
4146 13 1
4147 10 1
4148 4 0
4149 7 0
4150 12 1
4151 10 0
4152 13 1
4153 7 1
4154 15 1
4155 13 0
4156 13 1
4157 10 1
4158 0 1
4159 4 1
4160 0 1
4161 13 0
4162 6 1
4163 13 1
4164 7 1
4165 4 1
4166 11 1
4167 7 1
4168 13 1
4169 12 1
4170 7 0
4171 15 1
4172 11 0
4173 4 1
4174 10 0
4175 1 1
4176 4 1
4177 6 1
4178 11 0
4179 11 1
4180 13 1
4181 3 1
4182 2 1
4183 6 1
4184 0 1
4185 8 1
4186 9 1
4187 2 1
4188 7 0
4189 14 1
4190 14 0
4191 10 1
4192 13 1
4193 10 1
4194 9 1
4195 8 1
4196 2 1
4197 14 0
4198 5 1
4199 11 1
4200 4 1
4201 3 0
4202 10 1
4203 7 1
4204 11 1
4205 8 1
4206 3 1
4207 1 1
4208 7 1
4209 5 1
4210 15 0
4211 14 1
4212 16 0
4213 14 0
4214 13 0
4215 0 1
4216 2 1
4217 4 0
4218 0 0
4219 11 0
4220 16 1
4221 10 0
4222 2 0
4223 9 0
4224 5 1
4225 1 1
4226 10 0
4227 4 1
4228 0 1
4229 13 1
4230 1 0
4231 13 0
4232 8 1
4233 15 1
4234 11 1
4235 10 1
4236 3 0
4237 3 1
4238 14 1
4239 6 0
4240 9 0
4241 5 1
4242 5 0
4243 3 0
4244 10 1
4245 9 1
4246 12 0
4247 14 1
4248 13 0
4249 2 1
4250 12 1
4251 0 0
4252 14 1
4253 4 1
4254 15 1
4255 4 1
4256 1 1
4257 1 0
4258 2 1
4259 2 0
4260 11 0
4261 14 1
4262 7 1
4263 8 0
4264 14 1
4265 10 0
4266 4 0
4267 16 0
4268 14 1
4269 4 0
4270 4 0
4271 2 0
4272 1 1
4273 2 0
4274 15 0
4275 14 0
4276 6 0
4277 15 1
4278 13 1
4279 7 1
4280 8 0
4281 2 1
4282 11 1
4283 13 0
4284 12 1
4285 10 1
4286 9 1
4287 4 1
4288 6 1
4289 4 1
4290 10 0
4291 5 1
4292 4 1
4293 3 0
4294 0 1
4295 10 0
4296 10 1
4297 12 0
4298 12 1
4299 2 1
4300 0 1
4301 14 1
4302 16 0
4303 10 0
4304 7 1
4305 10 1
4306 15 1
4307 15 1
4308 9 0
4309 1 0
4310 11 1
4311 9 1
4312 5 0
4313 8 0
4314 4 0
4315 15 1
4316 14 1
4317 13 1
4318 5 1
4319 3 1
4320 3 1
4321 12 0
4322 11 0
4323 11 1
4324 3 1
4325 12 1
4326 15 1
4327 10 1
4328 0 0
4329 12 1
4330 10 1
4331 8 1
4332 14 1
4333 5 0
4334 1 0
4335 7 1
4336 3 1
4337 13 0
4338 4 1
4339 0 1
4340 2 1
4341 13 1
4342 0 0
4343 11 1
4344 14 1
4345 4 1
4346 8 1
4347 16 1
4348 7 1
4349 8 1
4350 11 1
4351 4 1
4352 9 1
4353 11 1
4354 7 1
4355 12 1
4356 6 0
4357 0 0
4358 5 1
4359 7 0
4360 0 0
4361 11 1
4362 7 1
4363 14 0
4364 13 1
4365 14 1
4366 3 1
4367 12 1
4368 10 1
4369 8 1
4370 8 1
4371 9 1
4372 12 1
4373 4 0
4374 3 0
4375 3 1
4376 13 1
4377 3 1
4378 6 1
4379 0 1
4380 13 0
4381 0 1
4382 15 1
4383 11 0
4384 1 1
4385 8 1
4386 13 0
4387 7 0
4388 0 1
4389 0 1
4390 13 1
4391 7 0
4392 0 0
4393 12 0
4394 1 1
4395 0 0
4396 8 1
4397 13 0
4398 12 1
4399 14 1
4400 16 1
4401 6 1
4402 13 1
4403 12 1
4404 15 1
4405 0 1
4406 7 0
4407 2 1
4408 16 1
4409 4 1
4410 16 1
4411 5 0
4412 13 1
4413 14 1
4414 15 1
4415 13 0
4416 16 1
4417 2 0
4418 6 1
4419 8 1
4420 1 0
4421 14 1
4422 14 1
4423 14 1
4424 4 1
4425 13 0
4426 6 0
4427 3 0
4428 2 0
4429 10 1
4430 10 0
4431 7 1
4432 0 0
4433 4 0
4434 5 1
4435 2 1
4436 12 1
4437 4 1
4438 16 1
4439 5 0
4440 3 1
4441 6 0
4442 12 1
4443 2 1
4444 8 1
4445 6 1
4446 1 0
4447 2 0
4448 4 0
4449 0 1
4450 10 0
4451 15 1
4452 9 1
4453 5 1
4454 12 1
4455 11 0
4456 4 1
4457 15 0
4458 1 1
4459 12 0
4460 4 1
4461 2 0
4462 6 1
4463 7 1
4464 10 0
4465 3 1
4466 0 0
4467 16 1
4468 3 1
4469 9 1
4470 15 1
4471 5 0
4472 11 1
4473 8 0
4474 4 1
4475 5 0
4476 13 1
4477 14 1
4478 11 1
4479 13 1
4480 2 1
4481 16 1
4482 16 0
4483 11 1
4484 3 1
4485 10 0
4486 14 1
4487 2 1
4488 10 1
4489 12 1
4490 4 1
4491 14 1
4492 7 0
4493 12 0
4494 15 0
4495 14 1
4496 15 1
4497 10 1
4498 4 1
4499 16 0
4500 16 1
4501 16 0
4502 7 0
4503 4 1
4504 10 0
4505 14 1
4506 16 1
4507 15 1
4508 5 1
4509 16 1
4510 9 1
4511 2 1
4512 1 1
4513 4 1
4514 8 1
4515 3 0
4516 4 1
4517 2 1
4518 10 1
4519 2 1
4520 6 0
4521 9 0
4522 3 1
4523 3 1
4524 9 1
4525 11 1
4526 14 1
4527 8 1
4528 9 1
4529 12 1
4530 15 1
4531 6 1
4532 8 1
4533 12 1
4534 14 1
4535 4 1
4536 6 1
4537 8 1
4538 12 1
4539 8 1
4540 4 1
4541 4 0
4542 7 0
4543 8 0
4544 6 1
4545 15 1
4546 10 1
4547 6 1
4548 11 0
4549 11 0
4550 8 0
4551 2 1
4552 3 1
4553 14 1
4554 4 1
4555 1 1
4556 16 1
4557 9 1
4558 0 1
4559 4 0
4560 12 1
4561 3 0
4562 14 1
4563 15 1
4564 2 1
4565 7 0
4566 7 1
4567 15 1
4568 3 0
4569 8 1
4570 9 1
4571 15 1
4572 7 1
4573 13 1
4574 16 1
4575 14 1
4576 10 0
4577 16 0
4578 1 1
4579 14 1
4580 13 0
4581 14 1
4582 6 1
4583 14 1
4584 16 1
4585 16 1
4586 15 1
4587 6 1
4588 4 1
4589 4 1
4590 1 1
4591 14 0
4592 10 1
4593 0 0
4594 0 1
4595 5 1
4596 10 1
4597 8 1
4598 6 1
4599 0 1
4600 2 1
4601 12 1
4602 5 1
4603 5 1
4604 2 0
4605 12 1
4606 1 0
4607 5 0
4608 4 1
4609 13 1
4610 10 1
4611 0 0
4612 3 1
4613 11 1
4614 5 1
4615 13 0
4616 10 1
4617 6 1
4618 8 1
4619 7 1
4620 11 1
4621 4 0
4622 3 1
4623 15 1
4624 5 1
4625 11 0
4626 5 1
4627 11 0
4628 11 1
4629 9 1
4630 7 1
4631 5 1
4632 13 0
4633 14 0
4634 14 0
4635 6 1
4636 8 1
4637 12 1
4638 11 0
4639 1 1
4640 14 1
4641 14 0
4642 6 1
4643 9 1
4644 13 1
4645 6 1
4646 6 1
4647 2 1
4648 5 1
4649 14 1
4650 4 1
4651 9 0
4652 14 0
4653 14 1
4654 7 1
4655 6 1
4656 10 1
4657 13 0
4658 3 1
4659 7 1
4660 6 1
4661 1 1
4662 16 0
4663 13 0
4664 11 1
4665 5 0
4666 5 1
4667 10 1
4668 3 1
4669 0 1
4670 13 0
4671 13 1
4672 1 1
4673 14 0
4674 13 1
4675 3 1
4676 0 1
4677 13 1
4678 16 1
4679 3 0
4680 10 0
4681 8 1
4682 7 1
4683 16 1
4684 7 0
4685 10 1
4686 13 1
4687 9 1
4688 14 1
4689 11 1
4690 1 1
4691 4 1
4692 10 0
4693 9 1
4694 0 0
4695 2 0
4696 13 1
4697 16 0
4698 10 1
4699 12 1
4700 5 0
4701 12 1
4702 10 1
4703 15 1
4704 1 1
4705 0 0
4706 6 0
4707 11 1
4708 12 1
4709 8 0
4710 8 1
4711 5 0
4712 3 1
4713 6 0
4714 10 1
4715 5 1
4716 5 1
4717 15 0
4718 4 1
4719 5 1
4720 5 1
4721 7 1
4722 9 1
4723 2 1
4724 4 0
4725 7 0
4726 3 0
4727 15 1
4728 7 1
4729 12 0
4730 13 0
4731 6 0
4732 1 0
4733 7 1
4734 0 1
4735 1 1
4736 9 1
4737 8 1
4738 8 1
4739 4 0
4740 3 1
4741 16 1
4742 6 1
4743 4 1
4744 1 1
4745 4 1
4746 0 1
4747 7 1
4748 5 1
4749 5 1
4750 1 1
4751 11 1
4752 13 1
4753 10 1
4754 12 1
4755 16 1
4756 8 1
4757 12 1
4758 13 1
4759 9 1
4760 7 1
4761 3 1
4762 14 1
4763 15 1
4764 0 1
4765 8 0
4766 8 1
4767 11 1
4768 3 0
4769 8 0
4770 10 1
4771 12 1
4772 14 1
4773 15 1
4774 7 1
4775 8 1
4776 3 1
4777 4 1
4778 13 1
4779 2 0
4780 14 0
4781 14 0
4782 11 1
4783 1 1
4784 12 1
4785 12 1
4786 16 1
4787 6 1
4788 15 1
4789 7 1
4790 1 1
4791 10 1
4792 1 0
4793 13 1
4794 8 1
4795 2 1
4796 8 1
4797 1 1
4798 15 1
4799 16 0
4800 11 0
4801 15 0
4802 2 0
4803 16 0
4804 16 0
4805 13 1
4806 4 0
4807 13 1
4808 3 1
4809 10 0
4810 6 0
4811 15 1
4812 2 1
4813 16 1
4814 10 0
4815 2 1
4816 1 1
4817 14 1
4818 12 1
4819 11 0
4820 10 0
4821 10 1
4822 13 1
4823 10 1
4824 14 1
4825 9 0
4826 7 0
4827 9 1
4828 14 0
4829 9 1
4830 7 1
4831 11 0
4832 10 1
4833 11 1
4834 4 1
4835 15 1
4836 12 1
4837 11 1
4838 14 1
4839 15 1
4840 6 1
4841 15 1
4842 5 0
4843 5 1
4844 16 1
4845 9 1
4846 7 1
4847 5 0
4848 2 0
4849 13 1
4850 3 1
4851 11 1
4852 10 1
4853 6 1
4854 8 1
4855 10 1
4856 10 1
4857 10 1
4858 7 1
4859 9 1
4860 3 1
4861 3 1
4862 12 1
4863 1 1
4864 15 1
4865 3 1
4866 16 0
4867 0 1
4868 11 1
4869 8 1
4870 10 1
4871 16 1
4872 9 0
4873 10 1
4874 16 1
4875 5 1
4876 2 1
4877 12 1
4878 0 1
4879 11 1
4880 2 1
4881 1 1
4882 2 0
4883 3 1
4884 7 0
4885 15 0
4886 12 1
4887 4 1
4888 6 0
4889 11 1
4890 8 1
4891 8 0
4892 0 0
4893 7 0
4894 8 1
4895 7 1
4896 14 1
4897 13 1
4898 0 1
4899 4 1
4900 9 1
4901 16 1
4902 6 0
4903 16 0
4904 9 1
4905 10 0
4906 2 1
4907 9 0
4908 12 1
4909 1 1
4910 16 0
4911 15 0
4912 7 1
4913 4 0
4914 9 1
4915 15 1
4916 0 1
4917 5 1
4918 0 1
4919 10 0
4920 6 1
4921 8 0
4922 12 1
4923 9 0
4924 8 1
4925 3 0
4926 2 1
4927 3 1
4928 2 0
4929 8 1
4930 6 0
4931 11 1
4932 2 1
4933 3 1
4934 4 1
4935 10 1
4936 8 0
4937 9 0
4938 2 1
4939 11 0
4940 11 0
4941 7 1
4942 14 0
4943 5 1
4944 8 1
4945 9 1
4946 10 1
4947 2 0
4948 3 0
4949 5 1
4950 11 1
4951 7 1
4952 0 1
4953 13 1
4954 9 0
4955 11 1
4956 3 0
4957 8 0
4958 3 0
4959 15 1
4960 0 1
4961 0 1
4962 11 0
4963 12 1
4964 16 1
4965 3 0
4966 16 0
4967 3 1
4968 1 1
4969 9 1
4970 7 1
4971 13 1
4972 3 0
4973 2 1
4974 16 1
4975 9 1
4976 16 1
4977 8 0
4978 10 1
4979 15 0
4980 12 0
4981 10 1
4982 10 1
4983 1 1
4984 13 1
4985 4 0
4986 12 1
4987 12 1
4988 4 1
4989 13 1
4990 14 0
4991 11 1
4992 5 1
4993 14 0
4994 15 1
4995 8 0
4996 3 1
4997 13 0
4998 15 1
4999 16 1
5000 16 0
5001 13 1
5002 3 0
5003 1 1
5004 5 1
5005 3 1
5006 11 1
5007 6 1
5008 8 1
5009 15 1
5010 14 1
5011 16 1
5012 15 0
5013 4 1
5014 0 0
5015 6 0
5016 15 1
5017 10 1
5018 1 1
5019 8 0
5020 0 1
5021 7 1
5022 0 0
5023 11 0
5024 15 1
5025 5 0
5026 14 0
5027 3 0
5028 16 1
5029 8 1
5030 10 1
5031 15 1
5032 7 1
5033 8 1
5034 10 1
5035 5 0
5036 2 0
5037 5 1
5038 16 1
5039 10 1
5040 7 1
5041 8 1
5042 10 0
5043 7 0
5044 0 1
5045 16 1
5046 4 0
5047 0 1
5048 5 0
5049 10 0
5050 0 1
5051 9 1
5052 1 1
5053 4 1
5054 12 1
5055 13 1
5056 11 0
5057 6 0
5058 6 0
5059 4 1
5060 3 1
5061 16 0
5062 9 1
5063 0 1
5064 16 1
5065 12 1
5066 7 1
5067 9 1
5068 0 1
5069 7 1
5070 9 1
5071 14 0
5072 15 1
5073 6 1
5074 8 0
5075 1 1
5076 4 0
5077 0 0
5078 8 1
5079 10 0
5080 1 1
5081 6 1
5082 1 1
5083 7 1
5084 10 0
5085 5 1
5086 0 0
5087 4 1
5088 5 1
5089 10 1
5090 11 0
5091 6 0
5092 11 1
5093 3 1
5094 14 0
5095 8 0
5096 9 1
5097 14 1
5098 11 0
5099 3 0
5100 1 0
5101 14 1
5102 9 1
5103 15 0
5104 11 1
5105 9 1
5106 1 1
5107 3 1
5108 12 0
5109 5 1
5110 1 0
5111 15 1
5112 10 1
5113 12 1
5114 7 1
5115 0 1
5116 13 1
5117 16 1
5118 16 1
5119 11 1
5120 4 0
5121 15 0
5122 10 1
5123 0 1
5124 6 1
5125 14 1
5126 2 1
5127 9 0
5128 7 0
5129 8 1
5130 1 1
5131 14 0
5132 15 1
5133 10 1
5134 2 1
5135 7 0
5136 16 1
5137 11 1
5138 6 0
5139 13 1
5140 9 1
5141 11 0
5142 5 0
5143 5 0
5144 15 1
5145 0 1
5146 5 1
5147 4 1
5148 2 0
5149 8 1
5150 10 0
5151 1 1
5152 12 1
5153 9 1
5154 16 0
5155 5 1
5156 15 1
5157 10 0
5158 3 1
5159 14 1
5160 11 0
5161 9 1
5162 3 1
5163 10 1
5164 11 1
5165 0 1
5166 0 0
5167 5 1
5168 14 1
5169 4 1
5170 2 1
5171 12 1
5172 10 1
5173 11 1
5174 2 1
5175 6 0
5176 15 1
5177 4 1
5178 12 1
5179 15 1
5180 8 1
5181 1 1
5182 16 1
5183 2 1
5184 3 1
5185 0 1
5186 16 1
5187 13 1
5188 8 0
5189 5 1
5190 8 0
5191 16 1
5192 1 1
5193 14 0
5194 9 0
5195 10 0
5196 10 1
5197 7 0
5198 0 0
5199 5 1
5200 7 1
5201 8 1
5202 1 1
5203 15 1
5204 3 0
5205 2 0
5206 5 0
5207 7 1
5208 4 1
5209 2 1
5210 8 1
5211 5 0
5212 7 1
5213 10 0
5214 4 1
5215 10 1
5216 3 1
5217 8 1
5218 4 1
5219 4 1
5220 9 1
5221 9 1
5222 16 1
5223 4 0
5224 13 1
5225 7 1
5226 10 1
5227 5 0
5228 15 1
5229 15 1
5230 4 0
5231 13 1
5232 8 1
5233 2 0
5234 11 1
5235 11 1
5236 3 1
5237 0 1
5238 12 1
5239 4 1
5240 2 1
5241 11 0
5242 14 0
5243 3 1
5244 13 1
5245 14 0
5246 0 1
5247 15 1
5248 6 1
5249 3 0
5250 14 1
5251 10 1
5252 1 0
5253 2 0
5254 14 0
5255 11 1
5256 0 1
5257 11 1
5258 4 1
5259 10 1
5260 15 1
5261 8 1
5262 0 1
5263 14 1
5264 6 1
5265 5 1
5266 5 1
5267 11 1
5268 1 1
5269 9 0
5270 11 1
5271 6 0
5272 0 0
5273 0 1
5274 5 1
5275 11 0
5276 1 1
5277 0 0
5278 8 1
5279 7 1
5280 13 1
5281 16 1
5282 2 0
5283 16 0
5284 6 0
5285 10 1
5286 3 1
5287 11 1
5288 6 1
5289 14 0
5290 12 1
5291 13 1
5292 11 0
5293 14 0
5294 9 1
5295 7 0
5296 16 1
5297 15 1
5298 0 1
5299 4 1
5300 6 1
5301 14 1
5302 12 1
5303 12 1
5304 1 0
5305 3 1
5306 1 1
5307 9 1
5308 11 0
5309 6 1
5310 10 0
5311 0 1
5312 11 0
5313 11 1
5314 12 1
5315 0 1
5316 4 1
5317 10 1
5318 4 1
5319 0 1
5320 14 1
5321 1 1
5322 2 1
5323 2 1
5324 0 0
5325 16 1
5326 4 0
5327 3 1
5328 13 1
5329 1 1
5330 11 0
5331 9 1
5332 14 1
5333 14 0
5334 7 0
5335 15 1
5336 16 1
5337 3 1
5338 10 1
5339 14 1
5340 4 0
5341 4 1
5342 11 1
5343 15 1
5344 3 1
5345 7 1
5346 0 1
5347 12 1
5348 10 1
5349 7 0
5350 5 1
5351 5 1
5352 13 1
5353 5 1
5354 12 1
5355 8 1
5356 14 1
5357 15 0
5358 1 1
5359 6 1
5360 13 1
5361 1 1
5362 13 0
5363 10 0
5364 12 1
5365 6 0
5366 14 0
5367 3 0
5368 9 1
5369 8 1
5370 9 0
5371 3 1
5372 11 1
5373 5 0
5374 7 0
5375 16 0
5376 8 0
5377 15 1
5378 3 0
5379 1 1
5380 1 1
5381 6 1
5382 9 1
5383 9 0
5384 0 0
5385 14 1
5386 15 0
5387 15 0
5388 11 0
5389 4 1
5390 14 1
5391 12 1
5392 10 1
5393 0 1
5394 10 1
5395 2 1
5396 9 1
5397 10 1
5398 16 1
5399 11 1
5400 9 1
5401 8 1
5402 1 1
5403 8 1
5404 8 0
5405 12 1
5406 14 1
5407 10 1
5408 16 1
5409 3 0
5410 12 1
5411 12 1
5412 4 1
5413 12 1
5414 14 0
5415 11 1
5416 15 1
5417 14 0
5418 16 1
5419 10 1
5420 16 1
5421 12 1
5422 11 1
5423 3 1
5424 7 1
5425 11 1
5426 2 0
5427 5 1
5428 11 1
5429 8 0
5430 15 1
5431 15 1
5432 12 0
5433 3 0
5434 16 0
5435 1 0
5436 0 1
5437 11 0
5438 1 1
5439 13 1
5440 11 1
5441 1 1
5442 13 0
5443 9 1
5444 6 1
5445 0 1
5446 2 1
5447 0 1
5448 10 1
5449 8 1
5450 16 1
5451 8 1
5452 14 1
5453 2 1
5454 8 1
5455 6 1
5456 13 1
5457 6 1
5458 13 1
5459 1 1
5460 7 0
5461 5 1
5462 15 1
5463 16 1
5464 0 1
5465 9 1
5466 8 1
5467 6 0
5468 1 1
5469 2 1
5470 6 0
5471 11 1
5472 15 1
5473 4 0
5474 6 1
5475 4 1
5476 5 1
5477 15 1
5478 6 0
5479 3 1
5480 3 1
5481 13 1
5482 3 0
5483 15 1
5484 10 0
5485 5 1
5486 8 1
5487 1 1
5488 7 1
5489 16 1
5490 9 1
5491 1 1
5492 12 1
5493 9 1
5494 12 0
5495 15 0
5496 15 1
5497 9 0
5498 12 1
5499 13 1
5500 8 1
5501 13 1
5502 16 1
5503 13 1
5504 2 1
5505 2 1
5506 7 1
5507 0 0
5508 11 0
5509 3 0
5510 11 1
5511 4 1
5512 11 0
5513 9 1
5514 13 1
5515 11 1
5516 6 0
5517 2 1
5518 12 1
5519 2 1
5520 11 1
5521 0 0
5522 15 1
5523 2 1
5524 8 1
5525 15 1
5526 5 1
5527 10 0
5528 16 1
5529 4 0
5530 6 1
5531 7 1
5532 13 1
5533 0 0
5534 16 1
5535 14 0
5536 14 0
5537 1 1
5538 13 1
5539 13 0
5540 16 1
5541 5 1
5542 13 0
5543 11 1
5544 8 1
5545 16 1
5546 5 1
5547 1 1
5548 16 0
5549 2 1
5550 2 1
5551 16 1
5552 13 1
5553 12 0
5554 4 0
5555 4 1
5556 10 0
5557 16 0
5558 7 1
5559 10 0
5560 0 1
5561 12 0
5562 16 1
5563 16 1
5564 14 1
5565 12 0
5566 8 1
5567 7 1
5568 3 1
5569 13 1
5570 9 1
5571 1 1
5572 8 1
5573 8 1
5574 10 1
5575 13 0
5576 10 0
5577 15 1
5578 4 0
5579 6 1
5580 6 1
5581 1 1
5582 12 1
5583 1 1
5584 1 1
5585 13 1
5586 13 1
5587 4 1
5588 14 1
5589 2 1
5590 4 1
5591 8 1
5592 6 1
5593 6 1
5594 3 1
5595 11 0
5596 5 1
5597 15 0
5598 3 0
5599 16 0
5600 5 0
5601 5 0
5602 9 0
5603 15 0
5604 3 1
5605 4 0
5606 7 1
5607 5 1
5608 10 1
5609 14 0
5610 14 1
5611 13 1
5612 12 0
5613 3 1
5614 12 1
5615 1 1
5616 13 1
5617 10 1
5618 15 1
5619 12 1
5620 0 0
5621 9 1
5622 3 1
5623 3 1
5624 7 1
5625 0 0
5626 0 1
5627 15 1
5628 8 0
5629 10 1
5630 2 1
5631 11 1
5632 10 1
5633 4 1
5634 12 1
5635 9 1
5636 14 1
5637 10 0
5638 6 0
5639 4 0
5640 12 1
5641 1 1
5642 9 1
5643 0 1
5644 9 1
5645 11 0
5646 4 0
5647 9 1
5648 0 1
5649 5 0
5650 2 1
5651 15 1
5652 7 1
5653 16 1
5654 11 1
5655 9 0
5656 7 1
5657 11 1
5658 1 1
5659 8 0
5660 3 1
5661 3 0
5662 15 1
5663 13 0
5664 16 1
5665 2 1
5666 7 0
5667 10 1
5668 8 1
5669 1 1
5670 4 1
5671 0 1
5672 12 1
5673 2 1
5674 4 1
5675 14 0
5676 3 1
5677 7 0
5678 5 1
5679 8 0
5680 4 1
5681 14 0
5682 9 1
5683 7 1
5684 16 1
5685 2 1
5686 10 0
5687 6 1
5688 13 1
5689 10 1
5690 10 0
5691 8 1
5692 0 1
5693 14 1
5694 10 1
5695 8 1
5696 14 1
5697 16 1
5698 12 1
5699 14 1
5700 5 1
5701 6 1
5702 10 1
5703 4 0
5704 3 1
5705 14 1
5706 4 1
5707 10 1
5708 12 0
5709 8 1
5710 3 1
5711 1 0
5712 14 0
5713 6 1
5714 5 0
5715 12 0
5716 3 0
5717 0 1
5718 12 0
5719 1 1
5720 0 1
5721 4 1
5722 13 1
5723 0 1
5724 3 1
5725 13 1
5726 9 1
5727 15 1
5728 14 1
5729 14 0
5730 8 0
5731 12 0
5732 0 0
5733 15 1
5734 7 1
5735 3 0
5736 7 1
5737 4 1
5738 3 0
5739 2 1
5740 4 1
5741 4 1
5742 4 0
5743 1 1
5744 14 0
5745 11 1
5746 15 1
5747 8 1
5748 2 1
5749 3 1
5750 14 0
5751 0 1
5752 4 0
5753 7 0
5754 16 1
5755 4 1
5756 16 1
5757 16 1
5758 1 0
5759 12 1
5760 7 1
5761 12 1
5762 5 1
5763 12 0
5764 9 1
5765 16 1
5766 12 1
5767 2 1
5768 11 1
5769 14 0
5770 2 0
5771 14 0
5772 1 0
5773 13 0
5774 4 1
5775 1 1
5776 6 1
5777 8 0
5778 7 1
5779 10 1
5780 1 1
5781 5 0
5782 0 1
5783 4 1
5784 0 1
5785 13 0
5786 11 0
5787 3 0
5788 6 1
5789 7 1
5790 16 1
5791 13 1
5792 3 1
5793 16 1
5794 6 1
5795 8 0
5796 0 1
5797 3 1
5798 13 1
5799 3 1
5800 16 1
5801 6 1
5802 9 1
5803 15 1
5804 0 1
5805 16 1
5806 4 1
5807 11 1
5808 7 1
5809 8 0
5810 1 1
5811 3 1
5812 4 1
5813 1 1
5814 4 1
5815 12 0
5816 12 1
5817 14 0
5818 2 1
5819 10 1
5820 0 1
5821 0 1
5822 13 1
5823 2 0
5824 4 1
5825 16 0
5826 0 1
5827 6 1
5828 0 1
5829 4 1
5830 3 1
5831 8 0
5832 1 1
5833 1 1
5834 0 0
5835 4 0
5836 3 1
5837 3 1
5838 15 1
5839 10 1
5840 14 1
5841 6 0
5842 12 1
5843 1 0
5844 3 0
5845 7 1
5846 14 1
5847 12 1
5848 11 1
5849 1 0
5850 7 0
5851 10 1
5852 1 0
5853 0 0
5854 0 1
5855 9 0
5856 10 1
5857 11 1
5858 10 1
5859 0 0
5860 9 0
5861 2 1
5862 14 1
5863 4 1
5864 1 1
5865 2 1
5866 10 1
5867 0 1
5868 8 1
5869 1 0
5870 10 1
5871 5 0
5872 8 0
5873 0 1
5874 10 1
5875 14 1
5876 6 1
5877 8 1
5878 4 1
5879 11 1
5880 0 1
5881 5 1
5882 16 0
5883 13 1
5884 5 1
5885 7 1
5886 7 1
5887 9 1
5888 2 1
5889 16 0
5890 16 1
5891 14 0
5892 3 1
5893 0 1
5894 1 1
5895 11 0
5896 15 1
5897 12 1
5898 4 1
5899 13 1
5900 5 1
5901 7 1
5902 14 1
5903 2 1
5904 16 1
5905 3 1
5906 13 1
5907 4 0
5908 14 1
5909 5 1
5910 15 1
5911 0 0
5912 7 1
5913 11 1
5914 11 1
5915 3 1
5916 10 0
5917 4 0
5918 9 1
5919 15 1
5920 16 1
5921 6 1
5922 0 1
5923 3 0
5924 6 1
5925 5 1
5926 16 1
5927 0 1
5928 8 1
5929 9 1
5930 1 1
5931 10 1
5932 14 1
5933 9 1
5934 12 1
5935 13 1
5936 15 1
5937 14 1
5938 13 1
5939 13 1
5940 8 1
5941 5 0
5942 14 1
5943 5 1
5944 8 1
5945 6 1
5946 2 1
5947 11 1
5948 13 1
5949 5 1
5950 10 1
5951 10 0
5952 12 0
5953 7 1
5954 7 1
5955 9 0
5956 12 1
5957 14 1
5958 12 0
5959 13 1
5960 8 0
5961 4 1
5962 1 0
5963 9 1
5964 1 1
5965 14 1
5966 15 0
5967 3 1
5968 15 0
5969 9 1
5970 13 1
5971 12 0
5972 8 1
5973 16 1
5974 10 0
5975 6 0
5976 13 1
5977 11 0
5978 8 1
5979 12 0
5980 0 1
5981 12 0
5982 7 1
5983 0 1
5984 16 1
5985 11 1
5986 11 0
5987 2 1
5988 14 1
5989 13 0
5990 4 1
5991 0 1
5992 12 1
5993 6 1
5994 6 1
5995 4 1
5996 9 1
5997 5 1
5998 14 1
5999 13 1
6000 5 1
6001 0 1
6002 12 1
6003 1 0
6004 12 1
6005 8 1
6006 0 1
6007 16 1
6008 11 0
6009 15 1
6010 5 0
6011 16 1
6012 0 1
6013 14 0
6014 0 1
6015 2 1
6016 0 1
6017 13 1
6018 3 1
6019 13 1
6020 4 1
6021 14 0
6022 12 1
6023 15 0
6024 1 1
6025 16 0
6026 14 1
6027 3 1
6028 2 1
6029 11 0
6030 2 1
6031 15 0
6032 14 0
6033 5 1
6034 1 1
6035 15 0
6036 13 1
6037 8 1
6038 0 0
6039 15 1
6040 11 0
6041 15 1
6042 3 1
6043 5 0
6044 10 1
6045 6 1
6046 3 0
6047 5 0
6048 7 0
6049 1 0
6050 11 1
6051 12 1
6052 12 1
6053 16 0
6054 10 1
6055 4 1
6056 2 1
6057 2 0
6058 12 1
6059 9 1
6060 7 1
6061 9 1
6062 1 1
6063 2 1
6064 16 0
6065 16 0
6066 11 1
6067 9 1
6068 15 1
6069 9 1
6070 13 1
6071 11 0
6072 6 1
6073 2 1
6074 13 1
6075 7 0
6076 16 1
6077 4 1
6078 13 0
6079 1 1
6080 9 0
6081 14 0
6082 12 0
6083 9 1
6084 14 0
6085 1 1
6086 13 1
6087 8 0
6088 9 1
6089 4 1
6090 4 1
6091 7 1
6092 1 0
6093 12 0
6094 0 1
6095 9 1
6096 5 1
6097 13 1
6098 3 1
6099 10 1
6100 14 0
6101 1 1
6102 16 1
6103 13 1
6104 11 1
6105 12 0
6106 2 1
6107 9 0
6108 12 0
6109 9 1
6110 9 1
6111 14 1
6112 7 1
6113 14 1
6114 15 1
6115 1 1
6116 10 1
6117 15 0
6118 3 0
6119 16 1
6120 2 1
6121 11 1
6122 4 0
6123 7 1
6124 8 0
6125 4 1
6126 1 1
6127 14 0
6128 2 1
6129 10 0
6130 9 0
6131 5 0
6132 5 0
6133 11 0
6134 5 1
6135 5 1
6136 13 1
6137 11 0
6138 12 0
6139 9 1
6140 0 1
6141 2 1
6142 14 1
6143 0 1
6144 9 1
6145 8 0
6146 3 0
6147 13 0
6148 7 1
6149 9 1
6150 9 0
6151 10 1
6152 5 1
6153 15 1
6154 5 1
6155 2 1
6156 11 1
6157 6 1
6158 3 1
6159 6 1
6160 7 1
6161 6 1
6162 2 0
6163 10 0
6164 8 0
6165 12 1
6166 16 0
6167 15 1
6168 1 0
6169 13 0
6170 2 1
6171 11 1
6172 11 0
6173 3 1
6174 5 1
6175 2 1
6176 15 0
6177 4 1
6178 1 1
6179 1 1
6180 16 1
6181 1 1
6182 2 1
6183 11 1
6184 11 1
6185 9 1
6186 4 1
6187 0 1
6188 2 1
6189 13 1
6190 4 1
6191 10 1
6192 6 1
6193 2 1
6194 4 1
6195 7 0
6196 8 0
6197 10 1
6198 16 1
6199 13 1
6200 10 1
6201 7 1
6202 8 1
6203 12 1
6204 10 1
6205 1 1
6206 14 1
6207 7 1
6208 1 1
6209 9 1
6210 4 1
6211 16 1
6212 0 1
6213 13 0
6214 12 1
6215 1 0
6216 15 1
6217 2 0
6218 16 1
6219 0 1
6220 5 0
6221 14 1
6222 13 1
6223 5 0
6224 4 1
6225 2 1
6226 13 1
6227 11 1
6228 10 0
6229 12 1
6230 0 1
6231 10 1
6232 13 1
6233 4 0
6234 16 0
6235 4 1
6236 6 0
6237 6 0
6238 5 0
6239 7 0
6240 7 1
6241 9 0
6242 9 1
6243 7 1
6244 10 0
6245 7 0
6246 16 1
6247 8 0
6248 3 0
6249 7 0
6250 0 0
6251 15 1
6252 3 1
6253 7 1
6254 14 1
6255 16 1
6256 14 1
6257 15 1
6258 11 1
6259 8 1
6260 8 0
6261 15 1
6262 6 1
6263 2 1
6264 1 0
6265 10 1
6266 11 1
6267 6 1
6268 3 1
6269 4 0
6270 9 1
6271 4 1
6272 11 1
6273 12 0
6274 16 1
6275 9 0
6276 9 1
6277 14 1
6278 13 1
6279 15 1
6280 16 1
6281 15 1
6282 8 0
6283 6 1
6284 8 0
6285 11 0
6286 13 0
6287 15 1
6288 16 1
6289 12 1
6290 4 1
6291 15 1
6292 2 0
6293 2 1
6294 3 1
6295 11 1
6296 16 1
6297 3 0
6298 4 1
6299 1 0
6300 2 1
6301 12 0
6302 0 1
6303 13 1
6304 11 1
6305 6 1
6306 2 1
6307 10 0
6308 8 0
6309 10 1
6310 11 1
6311 12 1
6312 13 0
6313 0 1
6314 16 0
6315 3 1
6316 3 0
6317 7 1
6318 0 0
6319 11 1
6320 1 1
6321 1 1
6322 4 0
6323 16 0
6324 6 1
6325 14 1
6326 13 0
6327 3 1
6328 16 1
6329 1 1
6330 4 1
6331 7 1
6332 12 1
6333 10 1
6334 7 1
6335 15 1
6336 3 1
6337 11 1
6338 11 1
6339 2 1
6340 11 1
6341 9 1
6342 0 1
6343 8 0
6344 15 1
6345 5 0
6346 14 1
6347 8 1
6348 8 1
6349 12 0
6350 13 1
6351 6 0
6352 10 1
6353 15 1
6354 10 1
6355 3 1
6356 8 0
6357 2 0
6358 7 1
6359 15 0
6360 3 1
6361 6 0
6362 6 0
6363 0 1
6364 7 1
6365 12 1
6366 14 1
6367 3 1
6368 1 1
6369 1 1
6370 1 1
6371 6 1
6372 0 0
6373 0 1
6374 1 1
6375 12 1
6376 1 1
6377 3 0
6378 16 1
6379 13 0
6380 16 1
6381 10 0
6382 0 0
6383 11 0
6384 13 0
6385 3 1
6386 8 1
6387 7 0
6388 0 1
6389 15 1
6390 13 1
6391 5 0
6392 2 1
6393 5 1
6394 3 1
6395 8 0
6396 9 1
6397 14 1
6398 4 0
6399 10 1
6400 12 1
6401 14 1
6402 5 1
6403 2 1
6404 11 1
6405 6 1
6406 9 1
6407 13 0
6408 1 1
6409 4 0
6410 11 1
6411 5 0
6412 3 1
6413 12 1
6414 10 1
6415 16 1
6416 11 1
6417 8 0
6418 0 1
6419 13 0
6420 9 1
6421 9 1
6422 12 1
6423 11 1
6424 15 0
6425 0 1
6426 10 0
6427 12 1
6428 7 1
6429 4 1
6430 4 0
6431 14 1
6432 16 1
6433 6 1
6434 14 1
6435 1 0
6436 12 1
6437 6 1
6438 7 1
6439 10 0
6440 8 1
6441 14 0
6442 15 1
6443 6 0
6444 16 1
6445 14 0
6446 13 0
6447 10 1
6448 16 1
6449 11 1
6450 9 1
6451 2 0
6452 14 1
6453 1 0
6454 9 1
6455 0 1
6456 4 0
6457 9 1
6458 6 0
6459 7 1
6460 9 1
6461 8 1
6462 8 1
6463 9 1
6464 16 1
6465 12 1
6466 15 1
6467 11 1
6468 15 0
6469 6 1
6470 14 1
6471 15 1
6472 4 0
6473 11 1
6474 13 0
6475 15 0
6476 15 1
6477 2 1
6478 15 1
6479 4 0
6480 13 1
6481 13 0
6482 6 1
6483 5 1
6484 10 1
6485 10 1
6486 10 1
6487 8 1
6488 5 1
6489 15 1
6490 3 0
6491 15 1
6492 10 0
6493 15 1
6494 10 1
6495 4 1
6496 11 1
6497 9 0
6498 15 1
6499 3 1
6500 10 1
6501 6 0
6502 3 0
6503 0 1
6504 15 1
6505 1 1
6506 3 0
6507 3 0
6508 16 0
6509 4 1
6510 4 1
6511 0 1
6512 0 1
6513 14 1
6514 15 1
6515 6 1
6516 12 1
6517 2 0
6518 8 1
6519 5 0
6520 0 1
6521 8 1
6522 15 0
6523 15 0
6524 4 1
6525 15 0
6526 2 1
6527 5 1
6528 7 0
6529 8 1
6530 1 1
6531 14 1
6532 8 0
6533 1 1
6534 1 1
6535 14 1
6536 4 0
6537 4 1
6538 16 1
6539 16 0
6540 13 1
6541 10 1
6542 12 1
6543 8 1
6544 8 0
6545 7 1
6546 13 0
6547 4 1
6548 3 0
6549 12 1
6550 3 0
6551 5 1
6552 5 1
6553 0 0
6554 10 1
6555 7 1
6556 12 1
6557 12 0
6558 7 1
6559 0 1
6560 2 1
6561 16 1
6562 11 1
6563 10 1
6564 0 1
6565 9 1
6566 14 1
6567 10 1
6568 5 1
6569 7 1
6570 0 1
6571 4 1
6572 6 1
6573 11 1
6574 2 1
6575 4 1
6576 10 0
6577 10 0
6578 15 1
6579 10 0
6580 9 1
6581 1 1
6582 16 1
6583 9 0
6584 12 1
6585 3 1
6586 4 0
6587 7 1
6588 6 1
6589 16 0
6590 12 0
6591 12 0
6592 14 1
6593 2 1
6594 10 1
6595 11 0
6596 14 0
6597 0 1
6598 15 1
6599 1 0
6600 16 0
6601 5 1
6602 10 0
6603 6 1
6604 4 1
6605 8 1
6606 16 1
6607 4 0
6608 9 1
6609 0 1
6610 10 1
6611 4 1
6612 15 1
6613 12 1
6614 13 1
6615 5 1
6616 8 1
6617 7 0
6618 4 1
6619 1 0
6620 0 1
6621 16 0
6622 3 1
6623 4 0
6624 1 0
6625 5 1
6626 7 0
6627 0 1
6628 5 1
6629 9 1
6630 0 1
6631 4 1
6632 7 0
6633 10 0
6634 7 1
6635 3 0
6636 2 1
6637 6 0
6638 13 1
6639 8 0
6640 14 1
6641 7 1
6642 14 1
6643 8 1
6644 4 1
6645 2 0
6646 5 1
6647 12 1
6648 1 1
6649 7 1
6650 6 1
6651 6 0
6652 11 1
6653 13 1
6654 5 1
6655 13 1
6656 0 1
6657 5 0
6658 11 1
6659 16 1
6660 4 1
6661 10 0
6662 8 0
6663 4 1
6664 10 0
6665 16 0
6666 3 1
6667 16 1
6668 10 1
6669 13 0
6670 15 1
6671 9 1
6672 3 1
6673 5 1
6674 10 1
6675 12 0
6676 14 1
6677 14 1
6678 2 1
6679 5 0
6680 12 0
6681 2 1
6682 10 1
6683 4 1
6684 3 0
6685 9 0
6686 0 0
6687 9 1
6688 6 0
6689 10 1
6690 1 1
6691 4 1
6692 11 1
6693 12 0
6694 12 0
6695 7 0
6696 5 1
6697 14 0
6698 10 1
6699 9 0
6700 10 1
6701 6 1
6702 2 0
6703 6 1
6704 12 1
6705 15 1
6706 12 1
6707 12 1
6708 3 1
6709 1 1
6710 16 1
6711 14 1
6712 0 0
6713 2 1
6714 4 0
6715 5 0
6716 12 1
6717 0 1
6718 10 1
6719 13 1
6720 4 1
6721 2 0
6722 12 1
6723 13 1
6724 12 1
6725 5 1
6726 5 0
6727 7 0
6728 14 1
6729 14 0
6730 3 0
6731 7 0
6732 14 1
6733 3 1
6734 12 1
6735 13 1
6736 9 1
6737 6 1
6738 11 1
6739 12 0
6740 15 1
6741 0 0
6742 3 0
6743 16 1
6744 0 1
6745 9 1
6746 16 0
6747 10 0
6748 6 0
6749 3 0
6750 3 0
6751 0 1
6752 13 1
6753 8 1
6754 16 1
6755 5 1
6756 12 1
6757 0 1
6758 4 1
6759 14 0
6760 4 0
6761 16 1
6762 5 1
6763 7 0
6764 4 1
6765 14 1
6766 1 1
6767 11 1
6768 3 1
6769 13 1
6770 13 0
6771 8 1
6772 5 1
6773 5 1
6774 0 0
6775 13 0
6776 16 1
6777 15 0
6778 3 1
6779 0 1
6780 6 1
6781 14 1
6782 1 1
6783 4 1
6784 10 0
6785 7 1
6786 8 1
6787 5 1
6788 6 0
6789 13 0
6790 3 1
6791 1 1
6792 13 1
6793 6 1
6794 12 1
6795 7 1
6796 10 1
6797 8 0
6798 4 1
6799 16 0
6800 2 1
6801 2 1
6802 12 0
6803 5 1
6804 16 0
6805 7 0
6806 3 1
6807 3 1
6808 7 1
6809 15 0
6810 6 1
6811 10 1
6812 9 0
6813 3 1
6814 12 0
6815 9 0
6816 8 1
6817 6 1
6818 0 0
6819 12 1
6820 5 1
6821 9 0
6822 10 1
6823 6 1
6824 4 1
6825 9 1
6826 0 1
6827 2 0
6828 12 1
6829 13 1
6830 7 1
6831 4 1
6832 15 1
6833 0 1
6834 14 1
6835 14 1
6836 6 1
6837 9 1
6838 10 0
6839 16 1
6840 10 1
6841 16 1
6842 3 0
6843 11 0
6844 6 1
6845 14 1
6846 3 1
6847 2 1
6848 12 0
6849 8 0
6850 16 1
6851 10 1
6852 11 1
6853 13 1
6854 7 0
6855 1 0
6856 4 0
6857 3 0
6858 10 1
6859 5 1
6860 12 1
6861 3 1
6862 4 1
6863 9 1
6864 9 1
6865 16 1
6866 5 1
6867 12 0
6868 1 0
6869 12 0
6870 4 1
6871 0 1
6872 5 1
6873 15 1
6874 8 1
6875 13 1
6876 13 0
6877 10 0
6878 14 1
6879 15 0
6880 2 1
6881 13 1
6882 13 1
6883 7 1
6884 8 1
6885 6 1
6886 7 0
6887 11 1
6888 9 1
6889 1 0
6890 3 0
6891 3 1
6892 6 1
6893 16 1
6894 15 0
6895 0 1
6896 11 0
6897 8 0
6898 12 1
6899 5 1
6900 0 1
6901 15 0
6902 8 1
6903 11 0
6904 1 1
6905 8 0
6906 10 0
6907 12 0
6908 8 1
6909 1 1
6910 16 1
6911 7 1
6912 13 0
6913 9 1
6914 12 1
6915 2 1
6916 7 1
6917 12 0
6918 10 1
6919 15 1
6920 1 0
6921 7 1
6922 9 1
6923 9 1
6924 12 1
6925 15 0
6926 10 1
6927 4 1
6928 2 1
6929 14 1
6930 1 1
6931 10 1
6932 8 1
6933 14 1
6934 3 1
6935 12 0
6936 10 0
6937 7 0
6938 3 1
6939 10 1
6940 9 1
6941 0 1
6942 12 1
6943 8 0
6944 8 1
6945 2 1
6946 3 1
6947 8 1
6948 9 0
6949 12 1
6950 0 0
6951 8 1
6952 0 0
6953 3 1
6954 13 0
6955 9 1
6956 12 1
6957 7 0
6958 13 1
6959 12 1
6960 10 1
6961 5 1
6962 10 1
6963 16 1
6964 2 1
6965 14 0
6966 10 0
6967 12 1
6968 2 0
6969 13 1
6970 2 1
6971 11 1
6972 15 1
6973 12 0
6974 15 1
6975 16 1
6976 4 1
6977 13 1
6978 1 1
6979 8 0
6980 6 0
6981 13 1
6982 10 1
6983 10 1
6984 14 0
6985 10 1
6986 3 1
6987 13 1
6988 14 0
6989 13 1
6990 6 0
6991 3 0
6992 16 1
6993 8 1
6994 11 0
6995 3 1
6996 12 1
6997 7 1
6998 16 1
6999 9 0
7000 15 1
7001 4 1
7002 6 1
7003 11 0
7004 0 1
7005 7 1
7006 9 1
7007 9 1
7008 9 1
7009 0 0
7010 7 1
7011 2 1
7012 3 0
7013 16 1
7014 1 1
7015 15 1
7016 0 1
7017 8 0
7018 12 1
7019 10 0
7020 8 0
7021 1 0
7022 1 0
7023 0 0
7024 9 1
7025 4 1
7026 4 1
7027 10 1
7028 16 1
7029 8 1
7030 8 1
7031 7 1
7032 9 1
7033 6 1
7034 8 0
7035 15 1
7036 7 1
7037 15 0
7038 1 0
7039 1 1
7040 16 0
7041 1 1
7042 12 1
7043 9 1
7044 11 0
7045 1 1
7046 14 1
7047 2 1
7048 14 1
7049 1 1
7050 7 1
7051 3 0
7052 0 1
7053 5 0
7054 9 1
7055 11 1
7056 4 1
7057 2 0
7058 6 1
7059 0 1
7060 10 0
7061 11 0
7062 1 1
7063 14 0
7064 4 1
7065 12 1
7066 7 1
7067 16 1
7068 0 1
7069 7 1
7070 3 1
7071 8 1
7072 5 1
7073 5 1
7074 12 1
7075 3 1
7076 6 1
7077 5 1
7078 10 1
7079 14 1
7080 0 1
7081 16 0
7082 15 1
7083 5 1
7084 3 1
7085 16 0
7086 14 1
7087 4 1
7088 9 1
7089 4 1
7090 5 1
7091 10 1
7092 14 0
7093 1 1
7094 16 1
7095 13 1
7096 6 0
7097 7 0
7098 1 0
7099 11 1
7100 0 1
7101 1 0
7102 1 1
7103 15 1
7104 5 1
7105 6 1
7106 1 0
7107 4 1
7108 5 1
7109 5 1
7110 11 1
7111 5 1
7112 3 1
7113 12 1
7114 16 1
7115 8 1
7116 0 1
7117 12 1
7118 6 0
7119 2 1
7120 4 0
7121 12 1
7122 16 1
7123 11 1
7124 12 1
7125 10 1
7126 16 1
7127 5 1
7128 1 1
7129 6 1
7130 7 0
7131 8 1
7132 16 1
7133 16 0
7134 5 1
7135 16 0
7136 1 0
7137 5 0
7138 2 0
7139 6 1
7140 6 1
7141 3 1
7142 5 1
7143 6 1
7144 1 1
7145 15 0
7146 2 1
7147 14 1
7148 2 0
7149 14 1
7150 5 1
7151 16 1
7152 8 1
7153 16 0
7154 11 1
7155 16 1
7156 3 1
7157 4 1
7158 11 1
7159 13 0
7160 5 0
7161 2 0
7162 1 1
7163 16 1
7164 3 1
7165 9 1
7166 10 1
7167 6 1
7168 3 0
7169 2 1
7170 9 1
7171 5 1
7172 4 1
7173 11 0
7174 2 1
7175 9 1
7176 2 1
7177 14 1
7178 1 1
7179 5 1
7180 1 1
7181 11 1
7182 5 1
7183 3 1
7184 5 1
7185 14 1
7186 16 1
7187 1 1
7188 2 1
7189 0 0
7190 3 1
7191 10 1
7192 11 1
7193 7 1
7194 12 0
7195 15 0
7196 8 0
7197 7 0
7198 9 0
7199 4 1
7200 16 1
7201 12 1
7202 10 1
7203 0 1
7204 8 1
7205 7 0
7206 0 1
7207 7 1
7208 7 1
7209 5 1
7210 0 1
7211 15 0
7212 4 0
7213 4 1
7214 6 0
7215 10 1
7216 16 1
7217 3 1
7218 1 1
7219 13 1
7220 3 1
7221 4 1
7222 4 0
7223 6 0
7224 0 1
7225 5 0
7226 6 0
7227 8 1
7228 7 0
7229 14 1
7230 3 1
7231 1 1
7232 12 0
7233 4 1
7234 8 0
7235 13 1
7236 3 1
7237 6 1
7238 11 1
7239 10 0
7240 7 0
7241 2 1
7242 0 0
7243 14 0
7244 6 1
7245 11 1
7246 0 1
7247 3 1
7248 9 1
7249 7 1
7250 16 1
7251 2 0
7252 3 1
7253 9 0
7254 12 1
7255 16 0
7256 16 0
7257 14 1
7258 12 1
7259 14 1
7260 13 0
7261 1 1
7262 3 1
7263 0 1
7264 3 0
7265 11 1
7266 3 1
7267 4 1
7268 13 1
7269 12 1
7270 6 1
7271 10 0
7272 12 1
7273 12 1
7274 10 1
7275 7 0
7276 16 1
7277 11 0
7278 5 1
7279 5 1
7280 11 1
7281 2 0
7282 13 1
7283 11 1
7284 10 1
7285 0 1
7286 9 1
7287 4 0
7288 16 1
7289 2 1
7290 16 1
7291 7 1
7292 9 1
7293 8 0
7294 4 1
7295 5 1
7296 5 1
7297 3 1
7298 12 0
7299 1 1
7300 12 1
7301 12 0
7302 2 0
7303 8 1
7304 6 1
7305 2 1
7306 10 1
7307 10 1
7308 1 1
7309 16 0
7310 7 1
7311 3 0
7312 10 1
7313 4 1
7314 4 1
7315 10 1
7316 14 1
7317 3 1
7318 12 1
7319 16 1
7320 4 1
7321 13 1
7322 1 1
7323 16 1
7324 0 1
7325 16 1
7326 2 1
7327 10 0
7328 8 1
7329 1 1
7330 10 1
7331 3 0
7332 16 1
7333 5 1
7334 8 0
7335 12 1
7336 5 0
7337 8 1
7338 7 1
7339 8 1
7340 6 1
7341 5 1
7342 1 1
7343 4 1
7344 3 1
7345 13 1
7346 0 0
7347 2 1
7348 13 1
7349 10 1
7350 10 0
7351 7 1
7352 14 1
7353 13 1
7354 5 1
7355 2 1
7356 11 1
7357 11 1
7358 4 1
7359 12 1
7360 3 1
7361 10 1
7362 7 1
7363 2 1
7364 1 1
7365 15 0
7366 8 0
7367 9 1
7368 3 1
7369 0 1
7370 8 1
7371 11 1
7372 8 0
7373 5 1
7374 11 0
7375 1 0
7376 9 1
7377 0 1
7378 14 1
7379 2 1
7380 14 1
7381 9 1
7382 5 1
7383 2 0
7384 14 1
7385 16 1
7386 4 1
7387 16 1
7388 6 0
7389 15 1
7390 4 0
7391 14 1
7392 2 1
7393 13 1
7394 8 1
7395 6 1
7396 15 1
7397 10 1
7398 7 0
7399 11 0
7400 13 1
7401 8 1
7402 11 1
7403 3 1
7404 11 1
7405 9 0
7406 0 1
7407 3 1
7408 12 0
7409 10 1
7410 6 1
7411 16 1
7412 13 0
7413 16 1
7414 12 1
7415 6 1
7416 12 0
7417 8 1
7418 13 1
7419 6 1
7420 12 1
7421 4 1
7422 4 0
7423 14 1
7424 6 1
7425 2 1
7426 5 1
7427 0 0
7428 2 0
7429 12 1
7430 9 1
7431 6 0
7432 7 1
7433 11 1
7434 0 1
7435 0 0
7436 15 0
7437 7 1
7438 11 0
7439 9 1
7440 11 0
7441 4 0
7442 5 0
7443 1 1
7444 3 1
7445 4 1
7446 14 1
7447 8 1
7448 16 0
7449 6 0
7450 11 1
7451 2 1
7452 10 1
7453 2 0
7454 14 0
7455 13 1
7456 5 1
7457 8 0
7458 4 0
7459 0 0
7460 14 1
7461 11 0
7462 6 1
7463 7 0
7464 13 1
7465 12 1
7466 11 1
7467 7 1
7468 6 1
7469 16 1
7470 11 0
7471 3 0
7472 13 0
7473 1 0
7474 3 0
7475 16 1
7476 14 0
7477 3 1
7478 3 1
7479 16 1
7480 14 1
7481 5 1
7482 16 1
7483 11 0
7484 12 1
7485 8 0
7486 6 1
7487 6 1
7488 14 1
7489 10 1
7490 8 1
7491 9 0
7492 1 1
7493 7 0
7494 13 1
7495 3 1
7496 16 1
7497 1 1
7498 12 1
7499 3 1
7500 5 1
7501 5 1
7502 6 0
7503 12 1
7504 9 1
7505 3 1
7506 14 1
7507 4 0
7508 6 1
7509 12 0
7510 16 1
7511 11 1
7512 15 1
7513 5 1
7514 16 0
7515 9 1
7516 11 0
7517 7 1
7518 16 1
7519 3 0
7520 16 1
7521 8 1
7522 0 1
7523 4 0
7524 6 1
7525 7 1
7526 13 1
7527 3 0
7528 14 0
7529 13 1
7530 7 1
7531 9 1
7532 10 1
7533 2 1
7534 9 0
7535 16 1
7536 11 1
7537 5 1
7538 2 1
7539 0 1
7540 7 1
7541 12 1
7542 9 0
7543 14 1
7544 14 1
7545 2 1
7546 6 1
7547 14 1
7548 1 1
7549 16 1
7550 12 1
7551 11 1
7552 5 1
7553 0 1
7554 16 1
7555 14 0
7556 7 1
7557 0 0
7558 7 1
7559 14 1
7560 8 1
7561 0 1
7562 2 1
7563 5 1
7564 4 1
7565 5 1
7566 12 1
7567 5 1
7568 15 1
7569 7 1
7570 13 1
7571 11 1
7572 4 1
7573 2 1
7574 10 0
7575 16 1
7576 15 0
7577 7 1
7578 4 1
7579 2 1
7580 9 1
7581 15 1
7582 15 1
7583 3 1
7584 16 1
7585 10 0
7586 14 1
7587 7 1
7588 0 1
7589 12 0
7590 8 0
7591 2 0
7592 9 1
7593 5 0
7594 14 0
7595 3 1
7596 6 1
7597 9 0
7598 4 1
7599 1 0
7600 5 0
7601 7 1
7602 16 1
7603 2 1
7604 6 1
7605 8 1
7606 0 1
7607 10 0
7608 3 0
7609 5 1
7610 13 1
7611 5 0
7612 10 1
7613 15 1
7614 8 1
7615 1 1
7616 1 1
7617 6 0
7618 5 1
7619 16 1
7620 15 0
7621 15 1
7622 1 1
7623 15 1
7624 14 0
7625 3 1
7626 12 0
7627 4 1
7628 4 1
7629 2 0
7630 1 1
7631 9 1
7632 12 1
7633 2 1
7634 6 1
7635 2 0
7636 1 0
7637 2 0
7638 9 0
7639 14 0
7640 12 1
7641 16 0
7642 16 1
7643 12 0
7644 5 0
7645 6 1
7646 1 1
7647 8 1
7648 13 0
7649 12 1
7650 3 0
7651 15 1
7652 6 0
7653 14 0
7654 0 1
7655 12 1
7656 2 0
7657 11 0
7658 6 1
7659 12 1
7660 4 0
7661 0 1
7662 16 1
7663 9 1
7664 10 1
7665 15 1
7666 1 1
7667 9 0
7668 4 1
7669 13 1
7670 1 1
7671 16 1
7672 2 1
7673 4 1
7674 9 0
7675 3 1
7676 0 1
7677 9 1
7678 11 0
7679 12 1
7680 4 1
7681 16 0
7682 5 1
7683 11 1
7684 6 0
7685 13 1
7686 15 1
7687 1 1
7688 14 1
7689 8 1
7690 4 1
7691 1 0
7692 14 0
7693 4 0
7694 10 1
7695 11 1
7696 9 1
7697 10 0
7698 1 1
7699 6 1
7700 3 1
7701 14 0
7702 6 1
7703 1 1
7704 3 1
7705 0 1
7706 3 1
7707 2 1
7708 11 0
7709 7 1
7710 6 0
7711 1 0
7712 10 1
7713 4 1
7714 8 1
7715 1 1
7716 4 1
7717 4 1
7718 13 1
7719 13 1
7720 5 1
7721 5 1
7722 5 1
7723 16 1
7724 13 1
7725 12 1
7726 15 0
7727 9 0
7728 16 1
7729 3 1
7730 15 1
7731 10 1
7732 2 0
7733 4 1
7734 1 1
7735 4 0
7736 4 1
7737 14 0
7738 16 0
7739 8 0
7740 11 1
7741 15 1
7742 7 0
7743 0 1
7744 11 1
7745 5 1
7746 8 1
7747 4 1
7748 11 1
7749 8 1
7750 8 1
7751 0 1
7752 13 1
7753 4 1
7754 2 1
7755 15 0
7756 15 0
7757 12 0
7758 2 1
7759 3 1
7760 8 1
7761 15 1
7762 5 1
7763 8 1
7764 9 1
7765 10 1
7766 3 0
7767 4 1
7768 8 1
7769 2 1
7770 12 0
7771 5 0
7772 5 0
7773 15 0
7774 4 1
7775 12 1
7776 8 0
7777 10 0
7778 11 0
7779 11 1
7780 0 0
7781 12 0
7782 15 0
7783 10 1
7784 16 1
7785 15 1
7786 4 1
7787 4 0
7788 11 0
7789 15 0
7790 12 1
7791 10 1
7792 3 1
7793 16 0
7794 5 1
7795 10 0
7796 6 1
7797 0 1
7798 5 1
7799 9 1
7800 14 0
7801 6 1
7802 1 1
7803 9 0
7804 13 0
7805 3 1
7806 9 1
7807 11 1
7808 8 1
7809 2 0
7810 4 0
7811 10 1
7812 0 1
7813 6 1
7814 11 1
7815 8 1
7816 14 1
7817 8 1
7818 0 1
7819 10 0
7820 16 0
7821 3 0
7822 9 1
7823 3 1
7824 0 1
7825 13 1
7826 8 0
7827 5 1
7828 7 0
7829 13 0
7830 9 1
7831 9 1
7832 11 1
7833 3 0
7834 9 0
7835 6 1
7836 9 1
7837 15 1
7838 15 1
7839 1 1
7840 6 1
7841 10 1
7842 11 1
7843 15 1
7844 9 1
7845 1 0
7846 7 0
7847 15 0
7848 2 0
7849 3 1
7850 15 0
7851 1 0
7852 10 1
7853 8 1
7854 0 1
7855 15 0
7856 14 1
7857 5 1
7858 6 1
7859 8 1
7860 13 1
7861 8 1
7862 2 1
7863 13 1
7864 8 0
7865 6 1
7866 8 1
7867 3 1
7868 14 1
7869 1 0
7870 2 1
7871 13 1
7872 15 1
7873 15 0
7874 3 1
7875 12 1
7876 15 1
7877 2 0
7878 1 0
7879 12 1
7880 6 0
7881 5 0
7882 7 1
7883 15 1
7884 11 1
7885 10 1
7886 6 1
7887 12 1
7888 15 1
7889 8 0
7890 16 1
7891 0 0
7892 15 1
7893 14 0
7894 9 1
7895 8 1
7896 1 1
7897 4 1
7898 5 1
7899 4 0
7900 9 1
7901 13 1
7902 3 1
7903 9 1
7904 1 1
7905 10 1
7906 3 0
7907 6 1
7908 3 0
7909 9 0
7910 4 1
7911 2 0
7912 13 1
7913 5 1
7914 7 1
7915 9 0
7916 14 1
7917 4 1
7918 12 1
7919 0 1
7920 6 1
7921 6 0
7922 11 1
7923 2 1
7924 7 1
7925 2 1
7926 2 1
7927 9 1
7928 1 1
7929 16 1
7930 6 1
7931 7 1
7932 4 1
7933 2 1
7934 8 0
7935 5 1
7936 12 1
7937 15 1
7938 6 1
7939 12 1
7940 2 1
7941 0 1
7942 9 0
7943 10 1
7944 14 1
7945 1 0
7946 9 1
7947 5 1
7948 11 1
7949 5 1
7950 9 0
7951 8 1
7952 4 0
7953 1 1
7954 13 1
7955 15 1
7956 1 1
7957 10 1
7958 15 1
7959 3 1
7960 12 0
7961 15 1
7962 12 1
7963 10 1
7964 10 1
7965 9 1
7966 8 1
7967 14 1
7968 13 0
7969 4 1
7970 12 1
7971 15 0
7972 9 1
7973 15 1
7974 10 1
7975 12 0
7976 14 1
7977 10 0
7978 13 1
7979 16 1
7980 0 1
7981 8 1
7982 15 1
7983 2 1
7984 4 1
7985 3 1
7986 9 1
7987 11 1
7988 8 0
7989 10 1
7990 2 1
7991 7 1
7992 14 1
7993 0 1
7994 2 1
7995 0 1
7996 7 0
7997 1 1
7998 13 1
7999 8 0
8000 0 1
8001 6 0
8002 12 1
8003 3 1
8004 1 1
8005 5 0
8006 0 0
8007 11 0
8008 11 1
8009 16 0
8010 10 0
8011 14 1
8012 7 1
8013 6 1
8014 9 1
8015 3 1
8016 8 1
8017 10 0
8018 9 0
8019 7 0
8020 16 0
8021 5 1
8022 15 1
8023 5 1
8024 10 0
8025 4 1
8026 3 0
8027 12 0
8028 7 0
8029 12 1
8030 7 1
8031 7 1
8032 7 1
8033 10 0
8034 13 1
8035 1 0
8036 3 1
8037 3 1
8038 5 1
8039 9 1
8040 3 1
8041 1 1
8042 5 1
8043 7 1
8044 6 0
8045 10 1
8046 0 0
8047 10 0
8048 10 1
8049 14 1
8050 3 1
8051 10 1
8052 5 1
8053 7 1
8054 12 0
8055 8 0
8056 4 1
8057 12 1
8058 13 1
8059 4 1
8060 4 1
8061 5 1
8062 7 1
8063 2 1
8064 2 0
8065 14 1
8066 14 1
8067 11 1
8068 12 0
8069 12 0
8070 10 1
8071 14 0
8072 3 1
8073 15 1
8074 3 1
8075 9 0
8076 9 1
8077 10 1
8078 4 1
8079 16 0
8080 10 1
8081 2 0
8082 3 1
8083 1 1
8084 6 1
8085 5 1
8086 7 1
8087 14 0
8088 11 1
8089 9 1
8090 6 1
8091 3 0
8092 15 1
8093 14 0
8094 7 1
8095 8 0
8096 9 0
8097 9 1
8098 15 0
8099 10 0
8100 15 0
8101 4 1
8102 8 1
8103 7 1
8104 12 0
8105 16 1
8106 0 0
8107 8 1
8108 15 1
8109 0 1
8110 1 1
8111 6 0
8112 1 1
8113 5 1
8114 8 1
8115 12 1
8116 12 1
8117 10 1
8118 7 0
8119 13 0
8120 7 0
8121 12 1
8122 6 1
8123 5 0
8124 1 0
8125 0 1
8126 13 0
8127 4 1
8128 4 1
8129 13 1
8130 15 0
8131 0 1
8132 14 1
8133 4 0
8134 2 0
8135 7 0
8136 13 1
8137 8 0
8138 6 1
8139 5 1
8140 10 1
8141 1 1
8142 3 1
8143 3 1
8144 5 1
8145 2 0
8146 7 0
8147 4 1
8148 13 1
8149 9 1
8150 16 1
8151 16 1
8152 10 0
8153 13 1
8154 12 1
8155 6 0
8156 15 1
8157 3 1
8158 11 0
8159 0 1
8160 5 1
8161 2 0
8162 5 1
8163 1 1
8164 13 0
8165 7 0
8166 9 1
8167 16 1
8168 6 0
8169 0 1
8170 5 0
8171 15 1
8172 12 0
8173 12 1
8174 6 1
8175 5 1
8176 16 1
8177 16 1
8178 12 1
8179 13 1
8180 9 1
8181 12 0
8182 1 0
8183 11 1
8184 14 1
8185 8 1
8186 9 1
8187 4 1
8188 15 1
8189 11 0
8190 13 1
8191 7 1
8192 6 0
8193 15 1
8194 5 1
8195 9 0
8196 13 1
8197 7 0
8198 6 1
8199 4 1
8200 13 1
8201 5 1
8202 1 1
8203 1 1
8204 1 1
8205 11 0
8206 3 1
8207 8 0
8208 7 1
8209 10 1
8210 16 1
8211 1 0
8212 15 1
8213 1 0
8214 10 1
8215 0 1
8216 1 1
8217 10 1
8218 14 1
8219 9 0
8220 15 1
8221 12 0
8222 13 0
8223 1 1
8224 8 0
8225 6 1
8226 6 1
8227 11 1
8228 8 0
8229 0 1
8230 9 1
8231 6 1
8232 5 0
8233 4 1
8234 2 0
8235 9 0
8236 8 0
8237 9 0
8238 7 1
8239 6 1
8240 14 1
8241 14 1
8242 11 0
8243 15 1
8244 2 0
8245 2 1
8246 7 1
8247 5 1
8248 8 0
8249 14 1
8250 13 0
8251 10 1
8252 1 1
8253 15 0
8254 13 1
8255 15 0
8256 8 0
8257 4 0
8258 2 1
8259 13 0
8260 10 1
8261 15 1
8262 15 0
8263 12 0
8264 12 1
8265 15 1
8266 15 1
8267 12 1
8268 2 1
8269 16 1
8270 15 1
8271 8 1
8272 8 1
8273 8 1
8274 6 0
8275 4 1
8276 1 1
8277 8 0
8278 6 1
8279 4 0
8280 12 0
8281 2 1
8282 2 0
8283 8 1
8284 16 1
8285 2 1
8286 11 1
8287 3 1
8288 5 1
8289 2 0
8290 14 0
8291 2 1
8292 10 1
8293 14 1
8294 13 1
8295 9 1
8296 4 1
8297 8 0
8298 8 1
8299 10 1
8300 6 1
8301 4 1
8302 5 1
8303 2 1
8304 1 0
8305 12 1
8306 12 1
8307 14 1
8308 16 1
8309 3 0
8310 12 1
8311 3 0
8312 14 1
8313 13 1
8314 11 1
8315 4 1
8316 9 1
8317 0 1
8318 15 1
8319 14 0
8320 8 0
8321 7 1
8322 8 1
8323 7 1
8324 5 1
8325 11 1
8326 5 1
8327 16 1
8328 9 0
8329 8 1
8330 9 0
8331 11 0
8332 3 0
8333 6 1
8334 15 1
8335 9 0
8336 14 1
8337 8 1
8338 2 1
8339 11 1
8340 16 1
8341 0 1
8342 12 1
8343 16 1
8344 3 0
8345 15 1
8346 2 1
8347 5 1
8348 4 1
8349 5 1
8350 6 1
8351 7 1
8352 13 1
8353 7 1
8354 4 1
8355 15 0
8356 16 1
8357 8 1
8358 13 0
8359 14 1
8360 13 1
8361 11 1
8362 4 1
8363 10 1
8364 1 0
8365 10 1
8366 13 1
8367 10 1
8368 15 1
8369 16 1
8370 2 1
8371 14 1
8372 2 0
8373 3 1
8374 3 1
8375 14 1
8376 3 1
8377 14 1
8378 15 1
8379 15 1
8380 14 0
8381 16 0
8382 9 1
8383 11 0
8384 9 1
8385 9 0
8386 15 1
8387 3 1
8388 2 0
8389 7 1
8390 5 1
8391 4 1
8392 12 1
8393 7 0
8394 16 1
8395 2 1
8396 13 1
8397 7 1
8398 9 1
8399 12 1
8400 11 0
8401 4 0
8402 2 1
8403 9 1
8404 5 0
8405 9 1
8406 4 1
8407 10 0
8408 13 1
8409 9 0
8410 5 1
8411 9 1
8412 11 0
8413 15 1
8414 0 0
8415 14 1
8416 5 0
8417 11 0
8418 9 1
8419 3 0
8420 3 1
8421 0 0
8422 7 1
8423 5 1
8424 2 0
8425 6 1
8426 0 1
8427 16 1
8428 15 1
8429 7 1
8430 6 1
8431 9 0
8432 5 1
8433 10 0
8434 15 1
8435 12 0
8436 15 1
8437 7 0
8438 4 1
8439 16 0
8440 10 1
8441 4 1
8442 4 1
8443 13 1
8444 0 1
8445 7 0
8446 15 1
8447 2 1
8448 11 1
8449 1 0
8450 16 0
8451 10 0
8452 15 1
8453 11 1
8454 12 0
8455 0 0
8456 15 1
8457 7 1
8458 7 1
8459 3 1
8460 15 1
8461 6 1
8462 1 0
8463 16 1
8464 2 0
8465 4 1
8466 12 1
8467 7 1
8468 4 1
8469 4 1
8470 10 1
8471 13 0
8472 7 0
8473 10 1
8474 6 1
8475 14 1
8476 16 1
8477 16 0
8478 2 1
8479 12 1
8480 7 1
8481 5 1
8482 3 1
8483 12 1
8484 4 1
8485 15 1
8486 11 1
8487 13 0
8488 14 0
8489 8 1
8490 12 1
8491 6 1
8492 16 0
8493 10 1
8494 13 0
8495 13 1
8496 3 0
8497 5 0
8498 4 1
8499 5 0
8500 0 1
8501 13 0
8502 14 0
8503 5 1
8504 7 1
8505 14 0
8506 9 1
8507 12 0
8508 1 1
8509 0 1
8510 1 1
8511 0 0
8512 14 1
8513 2 1
8514 15 1
8515 9 1
8516 2 1
8517 9 1
8518 5 1
8519 2 1
8520 9 1
8521 6 0
8522 12 1
8523 8 1
8524 15 1
8525 10 1
8526 4 1
8527 12 0
8528 15 1
8529 1 1
8530 4 1
8531 11 0
8532 14 1
8533 14 1
8534 0 0
8535 7 1
8536 7 0
8537 10 0
8538 5 1
8539 6 1
8540 9 0
8541 11 1
8542 9 0
8543 13 1
8544 3 1
8545 3 1
8546 7 1
8547 5 1
8548 8 0
8549 15 1
8550 1 1
8551 0 1
8552 10 1
8553 10 0
8554 10 1
8555 10 1
8556 15 1
8557 14 1
8558 9 1
8559 13 0
8560 15 0
8561 3 1
8562 13 1
8563 9 1
8564 10 1
8565 12 1
8566 4 1
8567 1 0
8568 4 1
8569 4 1
8570 2 1
8571 16 1
8572 0 1
8573 6 1
8574 14 0
8575 4 0
8576 2 1
8577 8 1
8578 7 1
8579 2 0
8580 0 0
8581 2 1
8582 1 1
8583 1 0
8584 6 1
8585 3 1
8586 1 1
8587 7 1
8588 6 1
8589 9 0
8590 6 1
8591 7 1
8592 12 1
8593 6 1
8594 8 0
8595 10 1
8596 14 1
8597 2 0
8598 15 1
8599 4 0
8600 16 1
8601 11 1
8602 16 1
8603 0 1
8604 13 1
8605 1 0
8606 15 1
8607 10 1
8608 6 0
8609 12 1
8610 6 1
8611 12 1
8612 0 0
8613 2 1
8614 1 1
8615 1 1
8616 12 1
8617 8 1
8618 12 1
8619 0 1
8620 1 1
8621 9 1
8622 0 1
8623 8 1
8624 8 1
8625 3 0
8626 0 1
8627 10 1
8628 4 1
8629 14 1
8630 9 1
8631 14 1
8632 1 0
8633 15 1
8634 5 1
8635 12 1
8636 16 1
8637 13 1
8638 14 1
8639 5 1
8640 16 1
8641 11 1
8642 5 1
8643 15 0
8644 7 1
8645 15 1
8646 1 1
8647 3 1
8648 0 0
8649 15 0
8650 9 1
8651 3 0
8652 5 1
8653 16 0
8654 13 0
8655 15 0
8656 3 0
8657 11 0
8658 13 1
8659 9 1
8660 13 0
8661 3 1
8662 10 1
8663 0 1
8664 0 0
8665 16 1
8666 8 0
8667 16 0
8668 10 1
8669 6 1
8670 10 1
8671 10 1
8672 13 0
8673 4 0
8674 4 0
8675 5 0
8676 3 0
8677 15 1
8678 14 1
8679 15 1
8680 12 1
8681 5 1
8682 8 0
8683 7 1
8684 11 0
8685 16 0
8686 0 1
8687 8 0
8688 12 0
8689 5 1
8690 8 1
8691 0 0
8692 9 1
8693 15 1
8694 12 1
8695 3 1
8696 10 1
8697 11 1
8698 4 0
8699 11 1
8700 5 1
8701 3 1
8702 10 1
8703 0 1
8704 15 1
8705 12 1
8706 6 1
8707 8 1
8708 9 1
8709 13 1
8710 2 0
8711 12 1
8712 15 1
8713 5 1
8714 14 0
8715 2 1
8716 9 0
8717 15 1
8718 7 1
8719 6 1
8720 4 1
8721 2 0
8722 5 0
8723 0 0
8724 16 1
8725 2 0
8726 3 0
8727 5 1
8728 2 0
8729 4 1
8730 1 0
8731 10 1
8732 10 0
8733 12 1
8734 16 1
8735 5 0
8736 4 1
8737 12 1
8738 0 1
8739 15 0
8740 7 1
8741 0 0
8742 6 1
8743 3 1
8744 7 0
8745 8 1
8746 13 0
8747 2 0
8748 1 1
8749 6 1
8750 7 0
8751 11 0
8752 2 0
8753 3 1
8754 9 1
8755 1 0
8756 10 0
8757 1 0
8758 14 0
8759 8 1
8760 11 1
8761 13 1
8762 8 1
8763 12 1
8764 3 1
8765 1 1
8766 13 0
8767 12 0
8768 10 1
8769 7 1
8770 8 0
8771 2 1
8772 8 0
8773 9 1
8774 7 1
8775 2 0
8776 15 0
8777 16 1
8778 12 1
8779 8 0
8780 13 1
8781 8 0
8782 4 0
8783 6 1
8784 1 1
8785 8 0
8786 4 1
8787 11 0
8788 13 1
8789 9 0
8790 12 1
8791 13 0
8792 8 1
8793 8 0
8794 7 0
8795 10 1
8796 16 0
8797 11 1
8798 12 1
8799 0 1
8800 12 1
8801 6 1
8802 9 1
8803 3 1
8804 3 1
8805 1 1
8806 15 1
8807 16 1
8808 9 1
8809 1 1
8810 14 1
8811 1 0
8812 2 1
8813 8 1
8814 3 1
8815 12 1
8816 7 1
8817 6 1
