6458
1 72 0
2 153 0
3 219 1
4 224 1
5 221 1
6 105 0
7 87 0
8 86 1
9 142 1
10 28 1
11 260 0
12 77 0
13 258 1
14 59 1
15 267 1
16 36 1
17 150 0
18 199 1
19 92 0
20 32 1
21 219 0
22 139 1
23 95 0
24 14 1
25 180 1
26 324 1
27 128 1
28 47 0
29 10 1
30 161 0
31 71 1
32 283 1
33 213 1
34 3 1
35 63 0
36 191 1
37 333 0
38 81 1
39 48 1
40 158 1
41 44 1
42 162 1
43 296 1
44 305 1
45 61 1
46 250 1
47 76 1
48 180 1
49 174 0
50 87 1
51 126 1
52 12 1
53 21 1
54 46 1
55 94 1
56 204 1
57 98 1
58 57 1
59 67 0
60 33 0
61 321 1
62 87 0
63 309 0
64 179 0
65 23 1
66 292 0
67 37 1
68 21 0
69 223 1
70 288 1
71 17 0
72 203 1
73 17 1
74 256 1
75 35 0
76 293 0
77 145 0
78 245 1
79 219 1
80 95 0
81 104 1
82 138 1
83 184 1
84 26 1
85 52 0
86 218 1
87 218 1
88 11 0
89 93 1
90 66 1
91 49 1
92 310 0
93 311 1
94 61 1
95 313 1
96 105 1
97 37 1
98 50 1
99 149 1
100 41 0
101 136 1
102 17 1
103 92 0
104 82 0
105 122 1
106 140 1
107 79 1
108 112 1
109 85 0
110 253 1
111 157 1
112 307 0
113 94 1
114 241 0
115 260 1
116 272 1
117 288 1
118 323 0
119 144 1
120 59 0
121 46 1
122 183 1
123 62 1
124 262 1
125 216 1
126 291 1
127 32 1
128 59 0
129 194 1
130 196 1
131 329 1
132 8 1
133 250 0
134 157 1
135 150 0
136 72 1
137 161 1
138 68 1
139 297 1
140 117 1
141 258 1
142 44 0
143 165 1
144 83 0
145 150 0
146 225 0
147 160 1
148 255 1
149 312 0
150 216 1
151 120 1
152 324 1
153 289 0
154 332 1
155 136 1
156 178 1
157 270 0
158 17 1
159 152 0
160 207 1
161 205 1
162 274 1
163 159 1
164 267 1
165 100 1
166 265 1
167 183 1
168 74 0
169 140 1
170 218 0
171 268 0
172 83 1
173 111 1
174 52 1
175 26 1
176 312 1
177 105 1
178 169 1
179 194 1
180 147 0
181 332 0
182 86 0
183 159 1
184 146 1
185 313 1
186 68 0
187 253 1
188 118 1
189 77 0
190 294 1
191 176 1
192 161 1
193 271 0
194 37 1
195 178 1
196 251 1
197 8 1
198 184 0
199 245 1
200 214 1
201 107 1
202 218 1
203 180 0
204 56 0
205 332 1
206 107 0
207 116 1
208 202 0
209 90 1
210 11 1
211 170 1
212 191 1
213 12 1
214 13 0
215 117 0
216 308 1
217 255 1
218 330 1
219 20 1
220 105 1
221 230 0
222 273 1
223 306 0
224 225 1
225 208 0
226 76 1
227 245 0
228 223 1
229 308 0
230 7 1
231 289 0
232 62 0
233 79 1
234 138 0
235 192 0
236 197 1
237 281 1
238 260 1
239 105 1
240 61 1
241 134 1
242 23 1
243 151 1
244 128 1
245 309 1
246 298 1
247 276 0
248 48 0
249 165 0
250 200 1
251 256 0
252 271 0
253 281 1
254 283 1
255 95 0
256 31 0
257 228 1
258 100 1
259 127 0
260 252 1
261 110 1
262 274 1
263 322 1
264 234 1
265 254 1
266 257 1
267 324 1
268 206 1
269 138 1
270 69 1
271 325 1
272 34 1
273 61 1
274 92 1
275 109 1
276 117 0
277 52 1
278 177 0
279 125 0
280 274 1
281 4 1
282 48 1
283 139 1
284 12 0
285 235 0
286 83 1
287 8 1
288 19 1
289 252 0
290 3 1
291 201 0
292 72 1
293 258 1
294 39 1
295 153 1
296 256 1
297 258 1
298 231 0
299 51 1
300 246 1
301 71 0
302 85 1
303 113 1
304 308 0
305 295 1
306 218 1
307 178 1
308 241 0
309 111 1
310 313 1
311 7 1
312 167 1
313 31 0
314 234 1
315 54 1
316 195 1
317 142 1
318 110 0
319 131 0
320 112 0
321 142 1
322 81 0
323 192 1
324 249 1
325 15 1
326 314 1
327 209 0
328 113 1
329 38 1
330 149 0
331 240 1
332 124 0
333 117 1
334 129 1
335 65 1
336 166 1
337 143 1
338 274 1
339 236 0
340 130 1
341 164 1
342 20 0
343 4 1
344 106 1
345 227 1
346 295 1
347 12 1
348 7 0
349 321 1
350 123 1
351 203 0
352 6 1
353 283 0
354 173 1
355 215 1
356 263 1
357 160 0
358 165 1
359 162 1
360 32 0
361 19 1
362 14 1
363 80 0
364 241 0
365 237 1
366 279 1
367 147 0
368 198 1
369 311 0
370 28 0
371 7 1
372 318 1
373 320 1
374 77 1
375 247 1
376 30 1
377 183 1
378 44 1
379 146 0
380 236 0
381 143 1
382 236 1
383 213 1
384 52 0
385 218 1
386 210 1
387 117 1
388 138 1
389 90 0
390 78 1
391 150 0
392 95 0
393 312 0
394 89 1
395 172 1
396 0 1
397 254 0
398 97 1
399 82 1
400 150 1
401 310 0
402 17 0
403 301 1
404 23 1
405 196 0
406 140 0
407 289 0
408 93 1
409 121 1
410 138 1
411 0 0
412 180 1
413 120 0
414 214 1
415 93 1
416 329 0
417 217 1
418 322 0
419 248 1
420 321 0
421 192 0
422 203 1
423 188 1
424 81 0
425 305 0
426 95 1
427 103 1
428 306 1
429 299 1
430 251 1
431 122 0
432 287 1
433 259 0
434 269 0
435 113 1
436 29 1
437 209 1
438 199 1
439 275 0
440 120 1
441 245 1
442 298 1
443 317 0
444 63 0
445 28 1
446 87 1
447 307 1
448 156 1
449 143 1
450 151 1
451 174 0
452 54 1
453 160 0
454 193 1
455 200 0
456 94 0
457 21 1
458 32 1
459 154 0
460 113 0
461 157 1
462 332 1
463 68 1
464 109 1
465 72 1
466 293 0
467 267 1
468 41 0
469 268 0
470 275 1
471 294 1
472 152 0
473 173 0
474 226 1
475 27 0
476 1 0
477 286 1
478 60 1
479 314 0
480 311 1
481 256 1
482 124 1
483 285 1
484 29 1
485 146 1
486 179 1
487 5 1
488 248 1
489 183 1
490 77 1
491 226 1
492 140 0
493 77 1
494 279 1
495 196 1
496 269 1
497 273 1
498 133 0
499 305 1
500 189 1
501 132 1
502 304 0
503 113 1
504 221 1
505 185 1
506 252 1
507 42 1
508 82 1
509 164 1
510 3 0
511 29 0
512 304 0
513 158 0
514 273 0
515 266 1
516 327 1
517 324 1
518 28 1
519 262 0
520 65 1
521 294 1
522 17 0
523 201 0
524 283 0
525 286 1
526 138 1
527 51 0
528 111 1
529 292 1
530 85 1
531 5 1
532 116 0
533 122 1
534 98 1
535 220 1
536 324 1
537 306 1
538 10 0
539 187 1
540 31 1
541 325 1
542 202 1
543 183 0
544 333 0
545 189 1
546 193 0
547 243 1
548 270 1
549 279 0
550 161 0
551 24 1
552 173 1
553 240 0
554 76 1
555 222 1
556 59 1
557 182 1
558 256 0
559 66 0
560 174 0
561 86 0
562 197 0
563 88 0
564 106 1
565 328 1
566 25 0
567 245 0
568 96 1
569 207 1
570 151 1
571 106 1
572 55 1
573 298 1
574 320 0
575 59 0
576 112 1
577 273 1
578 300 0
579 269 0
580 221 1
581 245 1
582 28 1
583 17 1
584 134 1
585 123 1
586 146 1
587 242 1
588 263 1
589 4 1
590 62 1
591 156 1
592 34 1
593 310 1
594 283 0
595 312 1
596 255 1
597 243 1
598 127 0
599 234 1
600 230 1
601 213 0
602 332 0
603 323 1
604 73 1
605 257 0
606 217 1
607 56 0
608 2 1
609 158 0
610 104 1
611 202 1
612 107 0
613 135 1
614 117 1
615 241 0
616 138 0
617 136 1
618 321 1
619 143 1
620 25 0
621 276 1
622 307 1
623 321 1
624 111 1
625 260 1
626 28 1
627 321 1
628 65 1
629 115 1
630 237 1
631 276 0
632 223 0
633 257 0
634 29 1
635 17 1
636 40 1
637 124 1
638 38 0
639 322 1
640 2 1
641 111 1
642 203 1
643 326 1
644 301 1
645 117 1
646 291 1
647 72 1
648 297 1
649 137 0
650 223 1
651 127 1
652 114 0
653 22 1
654 108 1
655 48 0
656 84 1
657 302 1
658 4 1
659 302 1
660 228 0
661 3 1
662 304 1
663 32 1
664 231 1
665 5 1
666 70 1
667 209 1
668 130 1
669 83 1
670 321 1
671 176 1
672 37 0
673 105 1
674 184 1
675 253 0
676 318 0
677 10 0
678 158 1
679 301 0
680 38 0
681 256 1
682 186 0
683 39 1
684 109 0
685 127 1
686 0 0
687 248 1
688 193 1
689 239 0
690 173 0
691 203 1
692 161 1
693 192 1
694 2 1
695 40 1
696 213 0
697 148 0
698 174 1
699 287 1
700 57 1
701 125 0
702 50 1
703 255 1
704 140 1
705 34 1
706 64 0
707 297 1
708 196 1
709 290 1
710 142 1
711 238 0
712 119 0
713 246 1
714 67 1
715 322 1
716 280 1
717 7 1
718 314 1
719 321 0
720 248 1
721 259 0
722 4 1
723 284 1
724 205 1
725 145 1
726 64 0
727 194 0
728 262 1
729 223 0
730 51 0
731 25 1
732 151 0
733 155 1
734 121 1
735 331 1
736 243 0
737 95 0
738 52 1
739 193 0
740 32 0
741 96 0
742 134 1
743 26 1
744 142 1
745 218 1
746 286 1
747 17 1
748 22 0
749 315 1
750 60 1
751 260 1
752 62 1
753 296 0
754 146 1
755 117 1
756 160 1
757 101 1
758 249 0
759 183 1
760 202 1
761 156 0
762 56 1
763 5 1
764 92 1
765 49 1
766 45 1
767 122 0
768 156 0
769 221 1
770 321 1
771 307 0
772 43 1
773 14 1
774 28 1
775 175 1
776 10 1
777 212 1
778 252 0
779 305 1
780 283 0
781 243 0
782 155 0
783 182 1
784 277 1
785 26 1
786 314 0
787 317 1
788 154 0
789 316 1
790 194 1
791 240 1
792 316 1
793 97 1
794 161 1
795 70 0
796 169 0
797 185 1
798 172 1
799 302 1
800 10 1
801 205 1
802 73 1
803 14 1
804 266 1
805 237 0
806 61 1
807 157 1
808 87 0
809 23 1
810 68 1
811 104 1
812 233 1
813 228 1
814 150 0
815 266 1
816 190 1
817 230 1
818 232 1
819 237 1
820 148 1
821 116 1
822 109 1
823 252 0
824 19 1
825 110 0
826 274 0
827 325 1
828 251 1
829 245 1
830 161 1
831 53 1
832 221 0
833 107 0
834 20 1
835 109 0
836 311 1
837 123 1
838 325 0
839 29 1
840 142 0
841 179 1
842 180 0
843 3 1
844 216 0
845 324 1
846 252 0
847 141 1
848 153 1
849 85 1
850 4 1
851 168 1
852 247 0
853 148 1
854 79 1
855 75 1
856 142 1
857 130 0
858 251 1
859 166 1
860 128 1
861 2 1
862 26 1
863 92 1
864 137 1
865 99 1
866 119 1
867 29 0
868 304 1
869 96 1
870 180 1
871 97 1
872 172 1
873 58 1
874 107 1
875 48 1
876 127 1
877 107 0
878 274 1
879 79 1
880 124 1
881 126 1
882 271 1
883 101 1
884 79 1
885 117 1
886 115 0
887 328 1
888 268 0
889 203 1
890 103 1
891 102 1
892 129 1
893 210 1
894 235 1
895 307 1
896 294 0
897 94 1
898 81 1
899 46 1
900 219 1
901 245 1
902 204 0
903 34 1
904 118 1
905 5 1
906 316 1
907 198 1
908 222 1
909 260 0
910 110 1
911 229 1
912 239 1
913 129 0
914 11 1
915 226 1
916 164 1
917 311 1
918 204 1
919 332 0
920 75 1
921 210 0
922 16 1
923 248 1
924 228 1
925 29 1
926 315 0
927 236 0
928 74 1
929 287 1
930 32 1
931 142 1
932 63 1
933 311 1
934 37 0
935 2 0
936 139 1
937 250 1
938 112 1
939 140 1
940 245 0
941 171 1
942 254 1
943 193 1
944 264 1
945 240 1
946 71 0
947 239 1
948 74 1
949 228 1
950 97 1
951 224 1
952 268 1
953 218 1
954 130 0
955 133 0
956 274 1
957 14 0
958 204 1
959 268 1
960 179 1
961 177 1
962 50 1
963 212 1
964 204 1
965 316 1
966 163 1
967 30 1
968 172 0
969 224 1
970 272 0
971 250 0
972 73 1
973 72 1
974 298 1
975 158 0
976 262 1
977 141 0
978 243 0
979 262 0
980 285 1
981 240 1
982 196 1
983 292 1
984 184 1
985 243 1
986 205 1
987 81 1
988 170 0
989 48 1
990 241 1
991 25 1
992 287 1
993 307 1
994 185 1
995 215 1
996 226 1
997 331 1
998 58 1
999 29 1
1000 137 1
1001 111 0
1002 257 0
1003 112 1
1004 93 0
1005 309 1
1006 112 0
1007 249 0
1008 246 1
1009 167 1
1010 203 1
1011 59 0
1012 170 1
1013 10 0
1014 91 1
1015 216 0
1016 57 1
1017 62 1
1018 267 1
1019 154 1
1020 161 0
1021 26 1
1022 289 1
1023 165 0
1024 323 1
1025 124 0
1026 127 1
1027 114 1
1028 240 0
1029 17 1
1030 243 1
1031 306 1
1032 54 0
1033 26 0
1034 290 1
1035 13 1
1036 216 1
1037 137 1
1038 140 1
1039 119 1
1040 128 1
1041 147 1
1042 94 1
1043 45 0
1044 211 0
1045 78 1
1046 122 1
1047 246 1
1048 166 1
1049 163 0
1050 26 1
1051 65 1
1052 41 1
1053 80 1
1054 252 1
1055 136 1
1056 190 0
1057 47 0
1058 37 0
1059 110 1
1060 315 1
1061 275 1
1062 66 1
1063 26 1
1064 287 1
1065 180 1
1066 272 1
1067 301 1
1068 194 1
1069 241 0
1070 74 1
1071 238 0
1072 73 1
1073 294 0
1074 204 1
1075 266 0
1076 5 1
1077 35 1
1078 61 1
1079 129 1
1080 156 0
1081 153 0
1082 47 0
1083 154 1
1084 249 1
1085 100 0
1086 184 1
1087 253 0
1088 116 1
1089 195 1
1090 109 1
1091 252 1
1092 0 1
1093 12 0
1094 174 1
1095 236 1
1096 197 0
1097 171 1
1098 257 1
1099 232 0
1100 132 1
1101 161 0
1102 162 1
1103 321 1
1104 119 1
1105 12 1
1106 55 1
1107 89 1
1108 298 1
1109 277 0
1110 324 1
1111 295 1
1112 142 1
1113 178 1
1114 284 0
1115 317 1
1116 234 1
1117 226 1
1118 50 1
1119 87 1
1120 221 1
1121 143 0
1122 110 1
1123 157 1
1124 81 1
1125 38 1
1126 187 0
1127 4 0
1128 293 1
1129 60 1
1130 164 1
1131 232 0
1132 267 0
1133 207 1
1134 83 1
1135 232 0
1136 220 0
1137 72 1
1138 100 0
1139 230 1
1140 77 1
1141 78 1
1142 14 1
1143 259 0
1144 91 0
1145 123 0
1146 188 1
1147 66 0
1148 226 1
1149 184 0
1150 60 0
1151 106 0
1152 203 0
1153 102 1
1154 154 0
1155 311 1
1156 12 1
1157 321 0
1158 219 0
1159 160 1
1160 57 0
1161 312 0
1162 131 1
1163 112 1
1164 144 0
1165 158 1
1166 124 1
1167 310 0
1168 269 1
1169 124 1
1170 156 1
1171 147 0
1172 237 1
1173 22 1
1174 207 1
1175 259 1
1176 292 0
1177 2 1
1178 108 0
1179 192 1
1180 157 1
1181 283 0
1182 107 1
1183 21 0
1184 244 1
1185 37 1
1186 327 1
1187 62 1
1188 145 1
1189 99 0
1190 12 0
1191 108 0
1192 87 1
1193 139 0
1194 305 1
1195 275 0
1196 174 1
1197 155 1
1198 56 0
1199 229 1
1200 68 1
1201 114 1
1202 197 0
1203 292 1
1204 260 0
1205 106 1
1206 241 0
1207 323 1
1208 325 0
1209 16 1
1210 286 0
1211 250 0
1212 8 1
1213 233 0
1214 328 1
1215 111 1
1216 140 0
1217 124 1
1218 147 0
1219 91 1
1220 45 1
1221 172 1
1222 78 0
1223 107 1
1224 195 1
1225 271 1
1226 161 1
1227 99 1
1228 4 1
1229 59 0
1230 286 1
1231 142 1
1232 222 1
1233 176 0
1234 255 0
1235 269 0
1236 211 1
1237 333 1
1238 174 0
1239 264 0
1240 309 0
1241 263 1
1242 134 1
1243 131 0
1244 187 1
1245 218 1
1246 188 1
1247 313 0
1248 118 0
1249 112 1
1250 249 1
1251 86 1
1252 61 1
1253 322 1
1254 17 1
1255 18 1
1256 280 1
1257 289 1
1258 56 0
1259 46 0
1260 23 1
1261 130 1
1262 116 1
1263 288 0
1264 90 1
1265 100 1
1266 20 0
1267 293 1
1268 97 0
1269 64 0
1270 26 1
1271 186 0
1272 109 1
1273 134 1
1274 308 1
1275 236 1
1276 190 0
1277 35 0
1278 221 0
1279 32 1
1280 215 0
1281 143 1
1282 64 1
1283 64 1
1284 210 1
1285 21 1
1286 290 1
1287 289 1
1288 95 0
1289 311 1
1290 95 0
1291 147 1
1292 325 0
1293 83 1
1294 331 1
1295 16 1
1296 248 1
1297 274 1
1298 88 1
1299 220 0
1300 212 1
1301 280 1
1302 196 1
1303 314 1
1304 151 1
1305 107 0
1306 331 1
1307 24 0
1308 262 0
1309 107 0
1310 224 1
1311 217 1
1312 108 1
1313 197 1
1314 242 1
1315 240 1
1316 72 1
1317 115 1
1318 169 1
1319 305 1
1320 293 0
1321 59 1
1322 158 0
1323 184 0
1324 192 0
1325 91 1
1326 240 1
1327 46 1
1328 213 0
1329 291 1
1330 74 1
1331 68 1
1332 131 1
1333 240 1
1334 105 1
1335 112 1
1336 116 0
1337 100 1
1338 2 1
1339 107 1
1340 322 1
1341 22 1
1342 253 1
1343 324 0
1344 58 1
1345 80 1
1346 145 1
1347 184 1
1348 78 0
1349 322 0
1350 128 1
1351 248 1
1352 99 1
1353 184 0
1354 126 0
1355 41 0
1356 316 1
1357 9 0
1358 211 1
1359 194 0
1360 27 0
1361 308 1
1362 88 1
1363 275 1
1364 75 1
1365 97 0
1366 190 1
1367 113 0
1368 186 1
1369 136 0
1370 81 1
1371 93 1
1372 320 0
1373 125 1
1374 262 1
1375 294 1
1376 259 0
1377 287 0
1378 253 0
1379 6 1
1380 318 1
1381 198 0
1382 195 1
1383 210 1
1384 102 0
1385 26 0
1386 270 1
1387 327 1
1388 127 1
1389 200 1
1390 103 1
1391 170 1
1392 175 0
1393 281 1
1394 178 1
1395 169 1
1396 57 1
1397 83 1
1398 92 1
1399 46 0
1400 131 1
1401 123 1
1402 97 0
1403 324 1
1404 314 1
1405 106 1
1406 97 1
1407 271 0
1408 226 0
1409 192 1
1410 253 0
1411 233 0
1412 222 0
1413 55 0
1414 101 0
1415 0 1
1416 79 1
1417 46 1
1418 320 1
1419 226 0
1420 307 1
1421 210 1
1422 21 0
1423 88 1
1424 192 1
1425 64 1
1426 54 1
1427 168 0
1428 106 1
1429 2 1
1430 230 1
1431 267 0
1432 206 1
1433 311 1
1434 16 1
1435 238 1
1436 282 1
1437 59 1
1438 8 0
1439 42 1
1440 173 1
1441 58 0
1442 231 1
1443 250 1
1444 275 0
1445 37 1
1446 81 1
1447 226 1
1448 284 1
1449 145 1
1450 152 0
1451 115 1
1452 244 0
1453 149 1
1454 147 1
1455 199 1
1456 45 1
1457 40 1
1458 229 0
1459 105 0
1460 36 1
1461 167 1
1462 113 1
1463 71 1
1464 88 1
1465 189 1
1466 92 1
1467 7 1
1468 224 0
1469 81 1
1470 174 0
1471 104 1
1472 283 1
1473 321 1
1474 261 1
1475 254 1
1476 316 1
1477 161 1
1478 306 0
1479 319 1
1480 274 0
1481 47 1
1482 145 1
1483 196 1
1484 36 0
1485 153 0
1486 50 1
1487 2 1
1488 147 1
1489 4 0
1490 243 0
1491 118 1
1492 172 1
1493 66 1
1494 3 1
1495 285 0
1496 226 0
1497 137 1
1498 132 1
1499 232 0
1500 102 1
1501 285 1
1502 134 1
1503 232 1
1504 24 1
1505 103 1
1506 240 1
1507 238 1
1508 327 1
1509 303 1
1510 102 1
1511 20 0
1512 78 0
1513 191 1
1514 62 1
1515 204 1
1516 301 1
1517 63 1
1518 110 0
1519 129 1
1520 277 1
1521 147 1
1522 280 1
1523 88 0
1524 101 1
1525 269 1
1526 137 1
1527 23 0
1528 19 1
1529 171 1
1530 210 0
1531 247 0
1532 278 1
1533 24 1
1534 18 1
1535 14 1
1536 132 0
1537 305 1
1538 292 0
1539 97 1
1540 277 1
1541 89 1
1542 149 1
1543 122 1
1544 233 1
1545 250 1
1546 82 0
1547 286 1
1548 300 0
1549 240 1
1550 210 0
1551 105 1
1552 81 0
1553 167 1
1554 297 1
1555 4 1
1556 124 1
1557 147 1
1558 32 1
1559 187 1
1560 310 1
1561 40 1
1562 173 0
1563 164 0
1564 48 1
1565 283 0
1566 70 0
1567 14 0
1568 292 1
1569 16 1
1570 272 1
1571 321 0
1572 194 0
1573 81 1
1574 151 1
1575 317 0
1576 199 1
1577 265 0
1578 95 0
1579 258 1
1580 245 1
1581 228 1
1582 8 1
1583 212 1
1584 330 1
1585 301 1
1586 74 0
1587 77 1
1588 170 0
1589 320 1
1590 253 1
1591 194 1
1592 72 1
1593 237 1
1594 300 1
1595 217 1
1596 194 1
1597 18 1
1598 260 1
1599 249 1
1600 30 1
1601 270 1
1602 332 0
1603 119 0
1604 332 1
1605 235 1
1606 235 1
1607 116 1
1608 300 1
1609 301 0
1610 260 0
1611 49 1
1612 41 1
1613 69 0
1614 123 0
1615 303 0
1616 108 1
1617 3 1
1618 159 1
1619 100 1
1620 54 1
1621 155 0
1622 176 1
1623 8 1
1624 36 1
1625 314 1
1626 239 0
1627 242 0
1628 176 0
1629 74 0
1630 123 1
1631 198 0
1632 110 1
1633 163 1
1634 70 1
1635 173 1
1636 10 1
1637 79 1
1638 265 1
1639 234 0
1640 143 1
1641 9 1
1642 243 0
1643 75 1
1644 55 1
1645 210 1
1646 274 1
1647 235 0
1648 21 0
1649 65 1
1650 73 0
1651 295 1
1652 232 1
1653 95 0
1654 208 1
1655 290 1
1656 289 0
1657 145 0
1658 297 1
1659 109 1
1660 117 0
1661 23 0
1662 139 0
1663 187 1
1664 69 1
1665 78 1
1666 237 1
1667 52 0
1668 80 1
1669 125 1
1670 223 0
1671 51 0
1672 127 1
1673 203 1
1674 164 1
1675 268 0
1676 124 1
1677 84 1
1678 296 0
1679 250 1
1680 269 0
1681 333 1
1682 35 1
1683 54 0
1684 279 1
1685 230 1
1686 260 1
1687 172 0
1688 304 1
1689 303 1
1690 180 1
1691 161 1
1692 275 1
1693 313 1
1694 262 1
1695 14 1
1696 305 1
1697 36 0
1698 145 0
1699 281 0
1700 15 0
1701 84 1
1702 285 0
1703 155 0
1704 124 0
1705 216 1
1706 189 1
1707 274 1
1708 115 1
1709 114 0
1710 310 0
1711 241 1
1712 222 1
1713 33 0
1714 194 1
1715 284 0
1716 318 1
1717 232 0
1718 38 0
1719 96 1
1720 4 1
1721 293 1
1722 182 1
1723 70 1
1724 313 1
1725 6 1
1726 138 1
1727 316 1
1728 18 0
1729 221 0
1730 156 1
1731 168 1
1732 286 1
1733 315 1
1734 26 0
1735 313 0
1736 136 0
1737 304 1
1738 331 1
1739 281 1
1740 130 1
1741 266 1
1742 27 0
1743 121 1
1744 90 0
1745 4 0
1746 6 1
1747 132 1
1748 145 1
1749 109 1
1750 271 1
1751 281 0
1752 106 0
1753 137 1
1754 197 0
1755 160 0
1756 117 1
1757 88 1
1758 168 1
1759 270 1
1760 44 1
1761 251 0
1762 19 1
1763 88 0
1764 243 1
1765 81 1
1766 31 1
1767 333 0
1768 186 1
1769 67 1
1770 300 1
1771 203 1
1772 146 1
1773 54 1
1774 246 0
1775 319 1
1776 91 0
1777 166 1
1778 31 0
1779 20 0
1780 278 0
1781 280 0
1782 290 0
1783 273 0
1784 241 1
1785 17 0
1786 140 1
1787 117 1
1788 177 1
1789 13 1
1790 242 0
1791 206 0
1792 60 0
1793 110 0
1794 40 1
1795 192 1
1796 312 1
1797 40 1
1798 244 0
1799 236 0
1800 226 1
1801 185 1
1802 220 0
1803 65 0
1804 299 0
1805 234 1
1806 236 1
1807 288 0
1808 225 0
1809 213 0
1810 275 1
1811 250 1
1812 36 0
1813 14 0
1814 96 1
1815 257 1
1816 331 0
1817 101 0
1818 156 1
1819 27 1
1820 324 1
1821 76 1
1822 114 1
1823 14 0
1824 174 0
1825 271 1
1826 125 1
1827 196 1
1828 49 1
1829 187 1
1830 287 1
1831 295 1
1832 299 1
1833 248 1
1834 309 1
1835 70 1
1836 283 0
1837 98 1
1838 256 0
1839 68 1
1840 166 0
1841 292 0
1842 98 1
1843 199 1
1844 111 1
1845 120 1
1846 244 1
1847 175 1
1848 303 1
1849 157 0
1850 30 0
1851 150 1
1852 119 1
1853 122 1
1854 106 0
1855 218 1
1856 22 1
1857 231 1
1858 77 1
1859 95 1
1860 309 1
1861 158 1
1862 122 1
1863 255 1
1864 88 0
1865 196 1
1866 52 1
1867 258 0
1868 260 1
1869 39 1
1870 64 0
1871 305 1
1872 179 1
1873 113 1
1874 125 0
1875 270 1
1876 169 1
1877 146 1
1878 174 0
1879 129 0
1880 225 0
1881 288 1
1882 3 0
1883 275 1
1884 85 0
1885 41 1
1886 317 1
1887 62 0
1888 41 1
1889 245 1
1890 130 1
1891 13 1
1892 102 0
1893 83 1
1894 306 1
1895 32 1
1896 29 1
1897 47 1
1898 278 1
1899 121 0
1900 128 0
1901 259 1
1902 255 1
1903 19 1
1904 163 1
1905 209 1
1906 272 1
1907 4 1
1908 207 0
1909 317 1
1910 125 1
1911 203 0
1912 81 1
1913 266 1
1914 64 0
1915 136 0
1916 296 1
1917 49 0
1918 129 1
1919 260 1
1920 159 1
1921 331 1
1922 104 0
1923 137 0
1924 249 1
1925 237 1
1926 296 0
1927 275 1
1928 182 0
1929 150 1
1930 7 1
1931 184 1
1932 13 1
1933 266 1
1934 208 1
1935 180 1
1936 329 0
1937 210 1
1938 5 1
1939 157 0
1940 294 0
1941 120 1
1942 327 0
1943 47 0
1944 15 1
1945 168 1
1946 229 0
1947 71 0
1948 158 1
1949 211 0
1950 276 0
1951 145 0
1952 61 0
1953 277 0
1954 195 1
1955 146 0
1956 321 1
1957 238 0
1958 154 1
1959 237 0
1960 308 1
1961 17 1
1962 250 1
1963 272 1
1964 251 1
1965 267 1
1966 286 1
1967 37 0
1968 260 0
1969 239 1
1970 161 1
1971 23 1
1972 224 1
1973 209 0
1974 39 0
1975 293 1
1976 264 0
1977 43 1
1978 144 1
1979 81 0
1980 210 1
1981 81 0
1982 174 1
1983 2 1
1984 179 0
1985 222 1
1986 199 0
1987 235 1
1988 332 0
1989 133 1
1990 303 1
1991 211 1
1992 148 1
1993 159 0
1994 61 0
1995 179 1
1996 2 0
1997 5 0
1998 206 1
1999 276 0
2000 75 1
2001 298 1
2002 235 0
2003 109 1
2004 135 1
2005 97 1
2006 160 0
2007 83 0
2008 54 1
2009 92 1
2010 230 1
2011 212 0
2012 24 1
2013 154 1
2014 51 1
2015 188 1
2016 87 1
2017 226 1
2018 177 0
2019 48 0
2020 69 1
2021 83 1
2022 280 1
2023 283 1
2024 155 0
2025 276 0
2026 59 1
2027 109 1
2028 279 1
2029 220 0
2030 186 1
2031 283 1
2032 52 0
2033 87 1
2034 3 1
2035 207 1
2036 108 0
2037 302 0
2038 283 1
2039 215 1
2040 39 1
2041 316 1
2042 219 0
2043 7 1
2044 181 1
2045 160 1
2046 127 0
2047 52 1
2048 111 1
2049 74 1
2050 181 1
2051 266 0
2052 64 0
2053 170 1
2054 232 0
2055 278 1
2056 115 0
2057 195 0
2058 177 0
2059 164 1
2060 176 0
2061 57 0
2062 260 1
2063 149 1
2064 155 1
2065 311 1
2066 251 0
2067 118 1
2068 304 0
2069 155 1
2070 165 1
2071 299 1
2072 185 1
2073 27 1
2074 29 0
2075 53 1
2076 263 1
2077 254 1
2078 126 1
2079 53 0
2080 39 0
2081 30 0
2082 20 0
2083 98 1
2084 182 1
2085 273 0
2086 179 0
2087 120 1
2088 65 0
2089 140 1
2090 86 1
2091 125 1
2092 130 0
2093 284 0
2094 195 0
2095 30 0
2096 114 1
2097 17 1
2098 288 1
2099 205 1
2100 275 1
2101 56 1
2102 130 1
2103 232 1
2104 70 1
2105 196 1
2106 57 1
2107 171 1
2108 113 1
2109 271 1
2110 285 0
2111 35 1
2112 108 1
2113 26 1
2114 74 1
2115 105 1
2116 202 0
2117 296 1
2118 83 0
2119 100 1
2120 58 1
2121 310 1
2122 283 1
2123 50 1
2124 176 1
2125 198 1
2126 288 1
2127 19 1
2128 192 1
2129 285 1
2130 102 1
2131 27 1
2132 297 0
2133 129 0
2134 10 1
2135 280 1
2136 191 0
2137 185 0
2138 231 1
2139 30 1
2140 302 1
2141 26 1
2142 287 1
2143 145 1
2144 250 1
2145 157 1
2146 312 0
2147 150 1
2148 1 0
2149 147 0
2150 255 0
2151 160 0
2152 177 1
2153 159 0
2154 72 1
2155 307 1
2156 243 0
2157 43 1
2158 125 1
2159 168 1
2160 30 1
2161 220 0
2162 3 0
2163 29 0
2164 142 0
2165 175 1
2166 96 0
2167 1 0
2168 173 1
2169 93 1
2170 176 1
2171 32 1
2172 226 1
2173 189 0
2174 263 0
2175 218 0
2176 175 0
2177 47 1
2178 301 1
2179 8 1
2180 159 0
2181 252 1
2182 12 1
2183 195 1
2184 161 1
2185 257 0
2186 261 0
2187 249 1
2188 111 1
2189 250 1
2190 288 1
2191 160 1
2192 65 1
2193 134 1
2194 190 0
2195 142 1
2196 152 0
2197 271 0
2198 61 1
2199 176 1
2200 326 1
2201 131 0
2202 55 1
2203 152 1
2204 311 1
2205 34 1
2206 29 1
2207 141 1
2208 148 1
2209 287 1
2210 243 0
2211 100 0
2212 237 0
2213 52 1
2214 329 0
2215 92 1
2216 328 0
2217 321 1
2218 16 1
2219 42 1
2220 34 1
2221 5 0
2222 17 1
2223 318 1
2224 167 1
2225 330 1
2226 113 1
2227 299 0
2228 294 0
2229 140 0
2230 246 0
2231 104 1
2232 202 1
2233 195 1
2234 57 1
2235 292 1
2236 60 0
2237 235 1
2238 190 0
2239 323 1
2240 237 0
2241 261 1
2242 162 0
2243 193 1
2244 243 1
2245 239 1
2246 312 1
2247 221 0
2248 180 1
2249 144 1
2250 67 1
2251 156 0
2252 67 1
2253 285 1
2254 103 1
2255 27 1
2256 5 0
2257 182 0
2258 260 1
2259 117 1
2260 201 1
2261 151 0
2262 111 1
2263 105 1
2264 282 0
2265 101 1
2266 18 0
2267 302 1
2268 61 1
2269 89 1
2270 273 1
2271 330 1
2272 311 0
2273 19 1
2274 46 1
2275 233 1
2276 318 1
2277 172 1
2278 250 1
2279 212 1
2280 272 1
2281 119 1
2282 317 1
2283 122 1
2284 167 0
2285 288 1
2286 234 1
2287 211 1
2288 289 1
2289 194 1
2290 192 0
2291 248 0
2292 225 1
2293 97 0
2294 109 1
2295 245 1
2296 36 0
2297 84 0
2298 277 0
2299 144 1
2300 324 0
2301 297 1
2302 209 1
2303 181 1
2304 231 1
2305 165 1
2306 216 1
2307 92 1
2308 325 1
2309 154 1
2310 245 0
2311 227 1
2312 255 0
2313 127 1
2314 265 1
2315 55 0
2316 195 0
2317 306 0
2318 18 0
2319 314 1
2320 275 1
2321 165 1
2322 50 1
2323 170 0
2324 272 0
2325 221 1
2326 135 1
2327 37 1
2328 173 1
2329 1 1
2330 261 1
2331 185 0
2332 154 1
2333 19 1
2334 57 1
2335 168 0
2336 225 0
2337 62 0
2338 162 1
2339 63 1
2340 303 1
2341 110 0
2342 146 1
2343 321 1
2344 138 0
2345 249 0
2346 204 0
2347 269 1
2348 4 0
2349 276 1
2350 34 1
2351 219 1
2352 15 1
2353 282 0
2354 260 1
2355 104 0
2356 122 1
2357 159 1
2358 188 1
2359 333 1
2360 294 1
2361 139 1
2362 175 1
2363 268 1
2364 188 1
2365 66 1
2366 147 1
2367 229 0
2368 59 1
2369 166 1
2370 268 0
2371 40 0
2372 311 1
2373 71 1
2374 92 1
2375 318 1
2376 225 0
2377 217 1
2378 23 0
2379 71 1
2380 108 1
2381 181 1
2382 249 0
2383 325 1
2384 79 0
2385 119 1
2386 254 0
2387 230 1
2388 104 1
2389 222 1
2390 199 1
2391 249 1
2392 76 1
2393 317 1
2394 29 0
2395 58 0
2396 272 1
2397 300 1
2398 141 1
2399 321 0
2400 274 1
2401 313 0
2402 11 1
2403 251 1
2404 258 1
2405 312 1
2406 13 1
2407 39 1
2408 185 0
2409 269 0
2410 157 1
2411 178 1
2412 58 0
2413 28 1
2414 261 1
2415 85 0
2416 201 1
2417 142 0
2418 21 1
2419 73 0
2420 280 1
2421 148 0
2422 24 0
2423 208 1
2424 290 1
2425 170 1
2426 217 1
2427 208 0
2428 319 1
2429 141 1
2430 77 1
2431 194 1
2432 118 0
2433 316 0
2434 143 1
2435 84 1
2436 267 1
2437 208 1
2438 245 0
2439 327 0
2440 306 1
2441 314 1
2442 3 1
2443 212 1
2444 330 1
2445 235 0
2446 72 1
2447 177 1
2448 178 1
2449 329 1
2450 41 0
2451 236 1
2452 137 1
2453 91 0
2454 273 0
2455 250 0
2456 327 1
2457 101 1
2458 325 1
2459 319 1
2460 79 1
2461 141 1
2462 142 1
2463 88 0
2464 304 0
2465 214 0
2466 323 0
2467 145 1
2468 307 1
2469 255 1
2470 321 1
2471 157 1
2472 229 1
2473 312 0
2474 64 1
2475 288 0
2476 90 1
2477 121 0
2478 161 1
2479 44 1
2480 38 1
2481 49 1
2482 121 0
2483 234 1
2484 177 0
2485 86 1
2486 73 1
2487 226 1
2488 328 0
2489 15 1
2490 327 1
2491 28 1
2492 145 1
2493 141 1
2494 104 0
2495 264 1
2496 190 1
2497 250 0
2498 253 1
2499 151 1
2500 52 1
2501 88 1
2502 227 1
2503 0 1
2504 264 1
2505 106 0
2506 64 0
2507 247 1
2508 110 1
2509 262 0
2510 240 1
2511 104 1
2512 331 1
2513 154 0
2514 251 1
2515 174 0
2516 289 1
2517 174 1
2518 322 1
2519 150 1
2520 269 1
2521 81 0
2522 217 0
2523 290 1
2524 49 0
2525 289 1
2526 317 0
2527 212 1
2528 239 1
2529 57 1
2530 165 1
2531 125 1
2532 239 1
2533 129 0
2534 300 1
2535 225 0
2536 27 1
2537 316 1
2538 301 1
2539 65 0
2540 316 0
2541 132 0
2542 239 1
2543 26 0
2544 203 1
2545 47 0
2546 61 1
2547 315 1
2548 44 1
2549 194 0
2550 135 0
2551 327 1
2552 218 1
2553 313 1
2554 73 1
2555 282 0
2556 224 0
2557 101 0
2558 171 1
2559 100 1
2560 290 1
2561 235 1
2562 145 0
2563 64 1
2564 72 1
2565 201 0
2566 169 1
2567 275 1
2568 249 0
2569 320 1
2570 45 0
2571 123 0
2572 95 1
2573 225 1
2574 177 0
2575 132 1
2576 218 1
2577 231 1
2578 75 0
2579 300 0
2580 45 1
2581 260 1
2582 107 1
2583 95 1
2584 203 0
2585 170 0
2586 95 1
2587 10 0
2588 90 1
2589 28 1
2590 307 1
2591 227 1
2592 274 1
2593 302 1
2594 246 0
2595 323 1
2596 181 1
2597 333 1
2598 198 0
2599 216 0
2600 255 1
2601 141 1
2602 251 0
2603 33 1
2604 54 0
2605 21 1
2606 302 0
2607 299 1
2608 119 1
2609 85 0
2610 27 0
2611 70 1
2612 70 1
2613 322 1
2614 243 0
2615 161 1
2616 2 1
2617 6 1
2618 201 1
2619 261 1
2620 261 0
2621 108 0
2622 277 1
2623 44 1
2624 167 1
2625 174 1
2626 30 1
2627 149 1
2628 139 1
2629 195 1
2630 88 1
2631 38 0
2632 151 0
2633 91 1
2634 324 0
2635 99 0
2636 127 1
2637 307 1
2638 28 1
2639 292 0
2640 227 1
2641 216 1
2642 283 1
2643 183 1
2644 330 0
2645 217 0
2646 147 0
2647 255 0
2648 127 0
2649 63 0
2650 191 1
2651 195 1
2652 116 0
2653 214 1
2654 265 1
2655 166 1
2656 211 1
2657 241 0
2658 160 1
2659 330 0
2660 135 1
2661 321 1
2662 295 0
2663 73 1
2664 81 1
2665 32 1
2666 124 0
2667 82 1
2668 141 1
2669 131 0
2670 40 0
2671 311 0
2672 92 1
2673 159 1
2674 309 1
2675 235 1
2676 194 1
2677 299 1
2678 36 1
2679 70 1
2680 0 1
2681 215 1
2682 155 1
2683 112 1
2684 5 0
2685 195 1
2686 33 1
2687 124 1
2688 216 1
2689 283 1
2690 184 1
2691 129 1
2692 312 0
2693 280 1
2694 293 0
2695 212 0
2696 25 1
2697 244 0
2698 137 1
2699 303 0
2700 92 1
2701 15 1
2702 162 1
2703 76 1
2704 88 0
2705 317 0
2706 36 0
2707 142 1
2708 286 0
2709 29 0
2710 266 1
2711 285 1
2712 162 0
2713 298 1
2714 44 1
2715 188 0
2716 258 1
2717 87 1
2718 88 0
2719 212 1
2720 14 1
2721 274 1
2722 307 0
2723 145 1
2724 332 0
2725 331 1
2726 242 1
2727 47 0
2728 303 0
2729 116 0
2730 106 0
2731 309 0
2732 0 0
2733 277 0
2734 51 0
2735 91 1
2736 16 1
2737 196 1
2738 274 0
2739 155 0
2740 8 1
2741 282 1
2742 260 1
2743 67 1
2744 88 1
2745 69 1
2746 233 1
2747 304 0
2748 187 1
2749 68 1
2750 149 1
2751 50 1
2752 16 1
2753 235 1
2754 80 1
2755 229 0
2756 288 1
2757 85 1
2758 254 1
2759 270 1
2760 81 0
2761 282 0
2762 129 0
2763 40 1
2764 326 0
2765 47 1
2766 93 1
2767 54 1
2768 250 0
2769 66 1
2770 92 1
2771 165 0
2772 300 1
2773 87 1
2774 228 1
2775 54 0
2776 188 0
2777 196 0
2778 0 0
2779 206 1
2780 90 0
2781 295 1
2782 96 1
2783 38 0
2784 50 0
2785 90 1
2786 307 1
2787 15 0
2788 78 0
2789 319 1
2790 31 0
2791 108 0
2792 121 1
2793 108 1
2794 286 1
2795 274 1
2796 233 1
2797 51 1
2798 330 0
2799 169 1
2800 20 0
2801 269 0
2802 86 1
2803 92 0
2804 212 1
2805 217 0
2806 196 1
2807 288 0
2808 121 1
2809 265 0
2810 43 0
2811 195 1
2812 187 0
2813 179 1
2814 161 1
2815 310 0
2816 99 1
2817 1 1
2818 276 1
2819 16 0
2820 251 1
2821 224 1
2822 130 1
2823 257 1
2824 242 1
2825 70 1
2826 140 1
2827 308 0
2828 3 1
2829 256 1
2830 247 1
2831 172 1
2832 145 0
2833 278 1
2834 14 1
2835 68 1
2836 19 1
2837 125 1
2838 218 1
2839 146 0
2840 237 1
2841 77 1
2842 227 1
2843 116 1
2844 31 1
2845 220 1
2846 18 0
2847 117 0
2848 233 1
2849 156 0
2850 101 1
2851 258 1
2852 264 1
2853 15 0
2854 179 1
2855 20 1
2856 123 1
2857 286 1
2858 309 0
2859 326 1
2860 267 0
2861 112 1
2862 18 1
2863 274 1
2864 37 1
2865 244 0
2866 68 1
2867 5 1
2868 44 0
2869 306 0
2870 262 1
2871 132 1
2872 249 1
2873 148 1
2874 312 1
2875 58 1
2876 179 1
2877 277 1
2878 225 1
2879 194 1
2880 141 1
2881 67 1
2882 99 1
2883 33 1
2884 252 1
2885 113 0
2886 77 1
2887 58 1
2888 75 1
2889 297 1
2890 172 1
2891 45 0
2892 17 0
2893 215 0
2894 113 1
2895 251 1
2896 6 1
2897 129 0
2898 216 0
2899 249 1
2900 327 1
2901 61 0
2902 19 1
2903 222 1
2904 71 1
2905 307 1
2906 287 1
2907 88 0
2908 248 0
2909 40 0
2910 205 0
2911 281 1
2912 22 1
2913 317 1
2914 64 1
2915 199 1
2916 86 1
2917 287 1
2918 126 1
2919 25 1
2920 107 1
2921 14 0
2922 258 0
2923 192 0
2924 151 1
2925 279 1
2926 189 0
2927 235 1
2928 128 1
2929 276 1
2930 277 1
2931 75 1
2932 148 0
2933 215 0
2934 283 0
2935 45 1
2936 145 0
2937 198 0
2938 241 0
2939 321 0
2940 34 0
2941 161 1
2942 238 1
2943 261 1
2944 107 1
2945 130 1
2946 170 0
2947 159 1
2948 59 0
2949 166 1
2950 187 0
2951 146 1
2952 16 1
2953 148 0
2954 146 1
2955 61 1
2956 68 1
2957 149 1
2958 111 0
2959 245 1
2960 105 1
2961 14 0
2962 327 0
2963 87 1
2964 40 1
2965 221 1
2966 210 1
2967 306 1
2968 203 1
2969 309 1
2970 1 0
2971 21 1
2972 85 0
2973 202 1
2974 327 1
2975 161 1
2976 234 1
2977 201 1
2978 96 1
2979 186 0
2980 33 1
2981 190 0
2982 187 1
2983 215 1
2984 108 1
2985 232 1
2986 52 0
2987 259 1
2988 170 1
2989 81 1
2990 66 1
2991 89 1
2992 84 1
2993 20 0
2994 70 1
2995 223 1
2996 25 0
2997 92 1
2998 67 1
2999 95 0
3000 323 1
3001 30 1
3002 246 0
3003 259 1
3004 242 1
3005 73 0
3006 249 1
3007 275 1
3008 198 0
3009 86 0
3010 247 0
3011 117 1
3012 134 1
3013 231 1
3014 8 1
3015 202 1
3016 65 0
3017 118 1
3018 268 0
3019 220 1
3020 130 1
3021 151 1
3022 201 0
3023 205 1
3024 213 1
3025 159 1
3026 266 1
3027 224 0
3028 311 1
3029 93 1
3030 273 0
3031 142 1
3032 193 0
3033 142 0
3034 131 1
3035 50 0
3036 68 1
3037 53 1
3038 199 1
3039 81 1
3040 215 0
3041 30 1
3042 9 1
3043 39 1
3044 122 1
3045 132 1
3046 93 0
3047 146 1
3048 27 0
3049 240 1
3050 316 1
3051 166 0
3052 317 0
3053 66 1
3054 143 1
3055 86 1
3056 133 0
3057 331 1
3058 116 1
3059 209 0
3060 248 1
3061 46 0
3062 27 0
3063 119 1
3064 226 0
3065 213 0
3066 141 1
3067 85 0
3068 10 1
3069 132 1
3070 44 1
3071 3 1
3072 0 1
3073 320 0
3074 196 1
3075 181 1
3076 282 0
3077 197 1
3078 165 0
3079 110 1
3080 88 1
3081 92 0
3082 195 1
3083 180 1
3084 74 1
3085 185 1
3086 277 1
3087 295 1
3088 15 0
3089 221 0
3090 302 1
3091 68 0
3092 42 1
3093 52 0
3094 75 1
3095 91 1
3096 312 1
3097 219 1
3098 106 1
3099 126 0
3100 125 1
3101 298 0
3102 326 0
3103 172 1
3104 33 0
3105 300 0
3106 208 0
3107 78 1
3108 126 1
3109 203 1
3110 38 1
3111 191 1
3112 223 0
3113 17 0
3114 222 1
3115 255 1
3116 280 0
3117 162 1
3118 225 1
3119 281 0
3120 140 1
3121 5 1
3122 107 0
3123 10 1
3124 293 1
3125 261 1
3126 254 0
3127 175 1
3128 275 1
3129 299 1
3130 161 1
3131 257 1
3132 186 0
3133 46 1
3134 245 0
3135 81 0
3136 66 0
3137 145 1
3138 330 1
3139 234 1
3140 115 0
3141 113 1
3142 106 0
3143 258 0
3144 306 0
3145 290 1
3146 190 1
3147 321 1
3148 44 0
3149 119 0
3150 187 0
3151 87 1
3152 192 1
3153 253 1
3154 134 1
3155 304 1
3156 61 1
3157 30 1
3158 198 1
3159 294 1
3160 258 1
3161 130 1
3162 130 1
3163 156 1
3164 230 1
3165 36 0
3166 47 0
3167 83 1
3168 103 1
3169 254 0
3170 156 1
3171 313 1
3172 54 1
3173 210 0
3174 298 1
3175 248 1
3176 166 1
3177 163 0
3178 161 0
3179 43 0
3180 167 0
3181 141 0
3182 203 1
3183 281 1
3184 307 0
3185 116 1
3186 92 1
3187 172 0
3188 104 1
3189 144 1
3190 44 1
3191 198 1
3192 183 1
3193 253 0
3194 93 0
3195 148 1
3196 41 0
3197 302 0
3198 6 1
3199 123 1
3200 116 0
3201 268 1
3202 80 1
3203 180 0
3204 314 1
3205 80 0
3206 209 0
3207 235 1
3208 51 0
3209 228 1
3210 116 1
3211 232 0
3212 159 1
3213 228 1
3214 195 1
3215 305 0
3216 3 0
3217 12 1
3218 92 1
3219 15 1
3220 263 0
3221 97 1
3222 199 1
3223 22 1
3224 232 1
3225 141 1
3226 39 0
3227 331 1
3228 319 1
3229 190 1
3230 70 1
3231 318 1
3232 146 1
3233 317 1
3234 268 1
3235 57 0
3236 253 1
3237 161 1
3238 312 1
3239 115 1
3240 100 1
3241 50 1
3242 122 1
3243 84 0
3244 99 1
3245 114 1
3246 181 1
3247 69 0
3248 174 1
3249 312 0
3250 131 0
3251 132 0
3252 269 1
3253 329 1
3254 223 1
3255 203 0
3256 112 0
3257 288 1
3258 46 1
3259 88 0
3260 58 1
3261 141 1
3262 46 1
3263 313 1
3264 263 1
3265 74 1
3266 72 1
3267 270 1
3268 246 0
3269 80 0
3270 121 1
3271 204 0
3272 28 1
3273 214 1
3274 277 1
3275 46 1
3276 250 0
3277 321 1
3278 144 1
3279 262 1
3280 3 1
3281 39 0
3282 289 1
3283 242 0
3284 67 1
3285 82 0
3286 97 1
3287 169 0
3288 191 1
3289 25 0
3290 18 1
3291 295 1
3292 86 1
3293 311 0
3294 74 1
3295 130 1
3296 322 0
3297 232 1
3298 305 1
3299 225 1
3300 288 0
3301 308 1
3302 6 1
3303 2 1
3304 192 1
3305 237 0
3306 260 1
3307 305 1
3308 307 0
3309 322 1
3310 187 0
3311 205 1
3312 114 1
3313 120 0
3314 70 1
3315 204 0
3316 145 0
3317 236 1
3318 67 1
3319 175 1
3320 13 0
3321 42 1
3322 104 1
3323 31 0
3324 295 0
3325 125 0
3326 298 1
3327 325 1
3328 181 1
3329 323 1
3330 28 1
3331 22 1
3332 198 1
3333 72 0
3334 244 0
3335 98 1
3336 152 1
3337 276 1
3338 154 1
3339 80 1
3340 326 1
3341 10 1
3342 282 0
3343 194 0
3344 18 1
3345 207 1
3346 204 0
3347 221 1
3348 234 1
3349 240 1
3350 32 1
3351 227 0
3352 145 1
3353 187 1
3354 142 0
3355 160 1
3356 219 1
3357 331 1
3358 332 1
3359 123 1
3360 202 0
3361 64 1
3362 305 0
3363 300 0
3364 70 1
3365 176 1
3366 291 0
3367 33 0
3368 319 0
3369 227 1
3370 234 1
3371 89 0
3372 51 1
3373 113 0
3374 24 0
3375 146 1
3376 232 1
3377 44 1
3378 321 1
3379 155 0
3380 298 0
3381 160 0
3382 228 1
3383 104 1
3384 160 1
3385 87 1
3386 131 1
3387 6 1
3388 89 1
3389 312 1
3390 101 1
3391 86 1
3392 81 0
3393 29 1
3394 301 0
3395 126 1
3396 8 1
3397 267 0
3398 305 1
3399 196 1
3400 194 1
3401 19 0
3402 286 1
3403 254 0
3404 305 0
3405 234 1
3406 103 1
3407 232 0
3408 277 1
3409 252 1
3410 191 1
3411 256 1
3412 156 1
3413 262 1
3414 52 1
3415 86 1
3416 234 1
3417 318 1
3418 36 1
3419 53 1
3420 217 0
3421 240 0
3422 100 1
3423 250 1
3424 145 0
3425 33 1
3426 39 0
3427 108 1
3428 224 1
3429 70 1
3430 321 0
3431 269 1
3432 87 1
3433 233 1
3434 318 1
3435 211 1
3436 320 1
3437 268 1
3438 81 0
3439 209 1
3440 180 1
3441 134 1
3442 278 1
3443 161 1
3444 26 1
3445 271 1
3446 213 0
3447 315 1
3448 285 0
3449 250 1
3450 247 1
3451 218 1
3452 70 1
3453 65 1
3454 163 1
3455 203 0
3456 262 0
3457 309 0
3458 326 1
3459 201 1
3460 194 0
3461 192 1
3462 90 0
3463 200 1
3464 213 1
3465 57 1
3466 69 1
3467 185 0
3468 254 1
3469 196 1
3470 16 0
3471 173 0
3472 148 0
3473 311 1
3474 30 1
3475 65 1
3476 62 1
3477 44 0
3478 2 1
3479 20 1
3480 186 1
3481 168 1
3482 179 0
3483 220 0
3484 96 1
3485 262 1
3486 227 1
3487 138 1
3488 75 1
3489 88 1
3490 120 0
3491 330 1
3492 237 1
3493 161 1
3494 110 1
3495 202 1
3496 164 1
3497 297 1
3498 216 0
3499 268 1
3500 91 1
3501 92 1
3502 124 0
3503 266 1
3504 251 1
3505 52 0
3506 254 0
3507 46 1
3508 249 1
3509 144 1
3510 214 0
3511 68 0
3512 128 0
3513 134 0
3514 41 0
3515 70 0
3516 91 1
3517 277 1
3518 298 1
3519 162 1
3520 309 1
3521 333 1
3522 8 1
3523 134 1
3524 332 1
3525 29 1
3526 36 1
3527 82 0
3528 208 1
3529 1 1
3530 111 1
3531 128 1
3532 139 1
3533 84 0
3534 26 0
3535 65 1
3536 206 0
3537 311 1
3538 269 1
3539 138 1
3540 215 0
3541 51 1
3542 10 1
3543 242 1
3544 96 1
3545 134 1
3546 141 1
3547 155 0
3548 79 1
3549 130 1
3550 312 1
3551 267 1
3552 85 1
3553 66 1
3554 182 0
3555 113 1
3556 198 0
3557 61 1
3558 297 1
3559 173 1
3560 292 1
3561 92 1
3562 316 0
3563 126 1
3564 314 1
3565 73 1
3566 197 1
3567 143 0
3568 331 1
3569 302 1
3570 240 1
3571 322 0
3572 245 0
3573 58 0
3574 18 1
3575 94 1
3576 286 1
3577 156 1
3578 260 0
3579 236 1
3580 284 1
3581 199 1
3582 62 1
3583 95 0
3584 44 0
3585 318 1
3586 304 1
3587 134 1
3588 102 1
3589 250 1
3590 170 1
3591 178 0
3592 22 1
3593 217 0
3594 109 1
3595 269 1
3596 175 0
3597 207 1
3598 223 1
3599 43 1
3600 112 1
3601 297 0
3602 81 1
3603 124 0
3604 115 1
3605 50 0
3606 130 0
3607 234 1
3608 135 1
3609 261 1
3610 63 1
3611 49 1
3612 77 1
3613 302 1
3614 305 1
3615 313 0
3616 120 1
3617 325 1
3618 119 1
3619 210 1
3620 155 1
3621 13 0
3622 61 0
3623 10 1
3624 191 1
3625 186 0
3626 214 0
3627 318 1
3628 158 0
3629 4 1
3630 45 1
3631 38 0
3632 86 1
3633 272 0
3634 225 1
3635 267 1
3636 235 1
3637 238 1
3638 273 0
3639 319 1
3640 266 1
3641 210 1
3642 74 1
3643 264 1
3644 228 1
3645 268 0
3646 159 0
3647 10 1
3648 82 1
3649 277 0
3650 256 1
3651 181 1
3652 316 1
3653 281 0
3654 80 1
3655 212 0
3656 184 0
3657 318 0
3658 30 0
3659 63 1
3660 90 1
3661 23 1
3662 49 1
3663 240 0
3664 61 1
3665 186 1
3666 140 0
3667 301 0
3668 198 1
3669 125 1
3670 7 1
3671 36 0
3672 172 1
3673 276 0
3674 96 1
3675 126 0
3676 82 1
3677 181 1
3678 262 1
3679 9 0
3680 17 0
3681 133 1
3682 54 1
3683 27 1
3684 175 1
3685 197 1
3686 235 1
3687 199 1
3688 81 1
3689 22 1
3690 226 1
3691 109 1
3692 124 0
3693 266 1
3694 123 1
3695 202 0
3696 297 1
3697 45 0
3698 8 0
3699 16 0
3700 304 1
3701 191 1
3702 274 1
3703 105 0
3704 278 0
3705 278 1
3706 103 1
3707 305 0
3708 89 1
3709 106 1
3710 4 1
3711 19 0
3712 136 1
3713 65 0
3714 136 1
3715 73 1
3716 201 1
3717 218 1
3718 67 1
3719 242 0
3720 277 0
3721 261 1
3722 319 0
3723 274 1
3724 295 0
3725 287 0
3726 101 1
3727 13 1
3728 117 1
3729 208 1
3730 66 1
3731 186 0
3732 38 1
3733 75 1
3734 219 0
3735 196 0
3736 330 1
3737 209 1
3738 182 1
3739 136 1
3740 22 1
3741 110 0
3742 141 1
3743 187 1
3744 28 1
3745 4 1
3746 170 0
3747 27 1
3748 86 1
3749 60 1
3750 326 1
3751 134 1
3752 126 1
3753 49 0
3754 239 1
3755 199 1
3756 274 1
3757 131 0
3758 258 1
3759 166 0
3760 206 0
3761 206 1
3762 106 0
3763 331 1
3764 162 1
3765 164 0
3766 59 1
3767 222 0
3768 54 1
3769 241 1
3770 123 0
3771 47 1
3772 241 1
3773 52 1
3774 323 1
3775 278 1
3776 135 1
3777 318 1
3778 130 1
3779 180 0
3780 118 0
3781 273 0
3782 134 1
3783 189 1
3784 180 1
3785 309 1
3786 28 0
3787 193 0
3788 27 1
3789 181 1
3790 210 0
3791 291 1
3792 21 0
3793 252 0
3794 82 1
3795 271 1
3796 268 1
3797 284 1
3798 118 0
3799 4 1
3800 316 0
3801 94 1
3802 81 0
3803 26 1
3804 279 0
3805 204 1
3806 78 1
3807 166 1
3808 9 1
3809 77 1
3810 9 0
3811 118 0
3812 225 0
3813 92 0
3814 288 0
3815 134 0
3816 155 1
3817 26 1
3818 261 1
3819 91 1
3820 85 1
3821 107 0
3822 30 1
3823 89 1
3824 184 0
3825 211 1
3826 181 1
3827 296 1
3828 144 1
3829 321 0
3830 231 0
3831 114 1
3832 95 0
3833 36 1
3834 19 0
3835 309 1
3836 249 0
3837 94 0
3838 22 0
3839 65 1
3840 96 1
3841 225 1
3842 18 0
3843 175 1
3844 323 1
3845 7 1
3846 30 1
3847 273 1
3848 89 1
3849 148 1
3850 183 0
3851 293 1
3852 287 1
3853 204 1
3854 317 1
3855 8 0
3856 291 1
3857 182 1
3858 167 0
3859 299 0
3860 266 1
3861 43 0
3862 254 0
3863 167 0
3864 118 0
3865 198 0
3866 266 1
3867 225 1
3868 37 1
3869 274 1
3870 190 0
3871 180 1
3872 262 1
3873 284 0
3874 132 0
3875 252 1
3876 47 1
3877 186 0
3878 103 1
3879 311 0
3880 162 1
3881 268 1
3882 79 1
3883 59 1
3884 81 1
3885 217 0
3886 28 1
3887 246 1
3888 253 0
3889 131 1
3890 271 1
3891 22 1
3892 170 0
3893 32 1
3894 54 1
3895 241 0
3896 11 1
3897 136 1
3898 82 1
3899 33 1
3900 21 1
3901 261 1
3902 140 1
3903 165 1
3904 115 1
3905 17 0
3906 172 1
3907 277 1
3908 73 0
3909 28 1
3910 145 1
3911 170 1
3912 192 1
3913 73 1
3914 328 0
3915 9 1
3916 183 0
3917 224 1
3918 190 0
3919 289 1
3920 178 0
3921 184 1
3922 91 0
3923 104 1
3924 183 1
3925 38 1
3926 149 0
3927 311 1
3928 262 0
3929 187 1
3930 317 1
3931 18 1
3932 133 1
3933 236 1
3934 124 1
3935 42 1
3936 243 0
3937 144 1
3938 180 0
3939 324 1
3940 207 0
3941 183 0
3942 64 0
3943 189 1
3944 292 0
3945 328 0
3946 239 1
3947 188 0
3948 81 0
3949 108 1
3950 107 1
3951 333 1
3952 203 0
3953 176 1
3954 137 1
3955 238 1
3956 21 0
3957 113 0
3958 328 0
3959 237 1
3960 91 0
3961 54 1
3962 70 1
3963 115 1
3964 158 1
3965 182 1
3966 200 1
3967 27 1
3968 70 1
3969 278 1
3970 115 1
3971 45 1
3972 95 1
3973 48 1
3974 287 0
3975 122 1
3976 264 0
3977 121 1
3978 244 0
3979 232 1
3980 286 0
3981 333 0
3982 8 1
3983 47 0
3984 309 1
3985 192 1
3986 253 1
3987 54 1
3988 222 0
3989 184 1
3990 134 1
3991 220 0
3992 309 0
3993 65 0
3994 70 1
3995 288 0
3996 123 0
3997 174 0
3998 140 1
3999 116 1
4000 292 1
4001 113 1
4002 292 1
4003 52 1
4004 95 1
4005 21 1
4006 35 1
4007 294 1
4008 156 0
4009 57 0
4010 148 1
4011 249 0
4012 205 0
4013 309 1
4014 137 0
4015 288 0
4016 66 1
4017 213 0
4018 314 0
4019 284 1
4020 327 0
4021 305 0
4022 39 0
4023 200 0
4024 117 1
4025 168 0
4026 94 0
4027 110 0
4028 332 0
4029 58 0
4030 177 1
4031 57 0
4032 79 1
4033 13 1
4034 281 0
4035 214 0
4036 94 1
4037 49 1
4038 278 1
4039 155 1
4040 78 1
4041 153 1
4042 152 1
4043 299 1
4044 15 1
4045 32 0
4046 115 1
4047 261 0
4048 25 1
4049 79 1
4050 63 0
4051 327 1
4052 225 1
4053 117 1
4054 198 1
4055 311 1
4056 8 0
4057 275 1
4058 140 1
4059 58 1
4060 9 1
4061 173 0
4062 180 1
4063 224 0
4064 120 1
4065 4 1
4066 263 1
4067 86 0
4068 279 1
4069 70 1
4070 223 1
4071 246 0
4072 257 1
4073 138 1
4074 174 1
4075 44 1
4076 287 1
4077 214 1
4078 317 1
4079 244 0
4080 74 1
4081 32 1
4082 71 0
4083 317 1
4084 69 0
4085 320 1
4086 260 1
4087 189 1
4088 166 1
4089 73 1
4090 270 0
4091 15 1
4092 161 1
4093 182 1
4094 80 1
4095 74 0
4096 87 1
4097 317 0
4098 306 1
4099 2 0
4100 180 0
4101 333 0
4102 47 1
4103 116 1
4104 8 1
4105 45 1
4106 134 1
4107 248 1
4108 116 1
4109 186 0
4110 270 1
4111 96 1
4112 114 0
4113 8 0
4114 205 0
4115 207 0
4116 159 0
4117 318 1
4118 220 1
4119 245 0
4120 36 1
4121 254 1
4122 176 1
4123 212 1
4124 11 1
4125 234 1
4126 71 0
4127 131 1
4128 155 1
4129 17 1
4130 310 0
4131 158 1
4132 176 1
4133 167 1
4134 243 0
4135 38 1
4136 114 0
4137 276 0
4138 286 0
4139 329 1
4140 44 0
4141 71 1
4142 226 1
4143 127 1
4144 168 1
4145 154 1
4146 115 1
4147 105 1
4148 201 1
4149 101 0
4150 176 1
4151 216 1
4152 257 0
4153 72 1
4154 138 1
4155 333 1
4156 43 1
4157 124 1
4158 99 0
4159 222 1
4160 143 0
4161 237 0
4162 102 1
4163 216 0
4164 186 1
4165 160 0
4166 282 0
4167 224 1
4168 26 1
4169 161 1
4170 190 1
4171 172 1
4172 57 1
4173 328 1
4174 295 1
4175 250 1
4176 6 0
4177 28 1
4178 68 1
4179 157 1
4180 134 0
4181 109 0
4182 265 0
4183 34 0
4184 43 1
4185 281 1
4186 182 1
4187 213 1
4188 163 1
4189 222 1
4190 250 1
4191 228 1
4192 119 0
4193 190 0
4194 73 1
4195 268 0
4196 157 1
4197 291 1
4198 204 0
4199 126 0
4200 13 1
4201 226 0
4202 194 1
4203 180 0
4204 139 0
4205 227 0
4206 34 0
4207 58 1
4208 283 1
4209 166 1
4210 88 0
4211 311 1
4212 51 1
4213 81 0
4214 85 1
4215 248 1
4216 27 1
4217 39 1
4218 326 1
4219 70 1
4220 115 1
4221 266 1
4222 244 1
4223 48 0
4224 65 1
4225 297 1
4226 141 1
4227 65 1
4228 288 1
4229 113 1
4230 100 1
4231 298 0
4232 248 1
4233 175 0
4234 49 1
4235 117 1
4236 289 1
4237 59 1
4238 200 1
4239 139 1
4240 148 1
4241 84 0
4242 42 1
4243 228 1
4244 122 0
4245 276 0
4246 195 1
4247 176 1
4248 323 0
4249 95 0
4250 8 1
4251 29 1
4252 87 1
4253 163 1
4254 22 1
4255 298 1
4256 71 1
4257 206 1
4258 25 1
4259 16 0
4260 187 1
4261 276 1
4262 278 1
4263 317 1
4264 215 0
4265 132 1
4266 116 1
4267 267 1
4268 77 1
4269 237 0
4270 144 1
4271 96 1
4272 77 1
4273 235 1
4274 148 0
4275 75 1
4276 289 0
4277 210 0
4278 215 1
4279 246 1
4280 18 1
4281 146 1
4282 33 1
4283 164 0
4284 255 1
4285 115 1
4286 96 0
4287 107 1
4288 259 1
4289 21 0
4290 259 0
4291 155 1
4292 194 1
4293 193 0
4294 304 1
4295 332 1
4296 310 1
4297 203 1
4298 49 0
4299 25 0
4300 181 1
4301 115 1
4302 98 0
4303 196 1
4304 230 0
4305 97 1
4306 140 1
4307 195 1
4308 29 0
4309 235 0
4310 320 0
4311 68 1
4312 203 1
4313 132 1
4314 51 1
4315 302 1
4316 44 1
4317 2 0
4318 52 1
4319 167 1
4320 242 1
4321 264 0
4322 9 0
4323 128 1
4324 260 1
4325 198 0
4326 9 1
4327 289 1
4328 284 1
4329 211 1
4330 70 0
4331 60 1
4332 9 1
4333 258 0
4334 6 0
4335 91 1
4336 181 1
4337 42 0
4338 227 1
4339 55 1
4340 26 1
4341 146 1
4342 186 0
4343 327 1
4344 94 1
4345 298 1
4346 130 1
4347 280 0
4348 166 1
4349 201 1
4350 121 1
4351 167 1
4352 60 0
4353 319 1
4354 206 1
4355 187 0
4356 293 1
4357 13 0
4358 7 1
4359 109 0
4360 37 0
4361 267 0
4362 98 1
4363 307 1
4364 243 0
4365 183 1
4366 293 0
4367 78 0
4368 133 0
4369 306 1
4370 183 0
4371 64 1
4372 320 1
4373 115 1
4374 244 1
4375 95 1
4376 43 0
4377 195 0
4378 67 1
4379 232 1
4380 249 1
4381 86 1
4382 258 1
4383 227 1
4384 54 1
4385 223 1
4386 265 1
4387 207 1
4388 110 1
4389 325 1
4390 292 0
4391 129 0
4392 275 0
4393 303 0
4394 65 0
4395 65 1
4396 108 1
4397 188 1
4398 142 1
4399 250 1
4400 186 1
4401 261 1
4402 172 1
4403 115 1
4404 202 0
4405 130 0
4406 273 1
4407 321 0
4408 75 1
4409 302 0
4410 63 1
4411 200 0
4412 265 1
4413 31 1
4414 41 0
4415 16 0
4416 247 1
4417 92 1
4418 157 0
4419 194 1
4420 60 0
4421 11 0
4422 75 0
4423 39 0
4424 195 1
4425 117 0
4426 41 1
4427 177 1
4428 198 1
4429 45 1
4430 315 1
4431 214 1
4432 85 1
4433 140 0
4434 5 1
4435 14 0
4436 71 1
4437 304 0
4438 185 1
4439 123 0
4440 17 1
4441 131 1
4442 305 0
4443 110 1
4444 8 1
4445 155 1
4446 43 1
4447 298 1
4448 167 1
4449 118 1
4450 185 1
4451 64 1
4452 64 1
4453 148 1
4454 124 1
4455 122 0
4456 259 1
4457 279 1
4458 308 1
4459 225 0
4460 291 1
4461 52 0
4462 162 0
4463 129 0
4464 281 0
4465 329 1
4466 286 1
4467 134 1
4468 254 0
4469 12 0
4470 47 0
4471 266 1
4472 133 0
4473 108 1
4474 267 0
4475 90 1
4476 126 1
4477 225 1
4478 319 0
4479 111 0
4480 174 1
4481 145 0
4482 325 1
4483 142 1
4484 55 1
4485 37 1
4486 34 1
4487 234 0
4488 261 1
4489 21 0
4490 87 1
4491 165 1
4492 80 1
4493 249 1
4494 237 0
4495 78 0
4496 212 1
4497 283 1
4498 250 1
4499 275 0
4500 326 1
4501 153 0
4502 108 0
4503 20 1
4504 221 0
4505 56 1
4506 313 1
4507 188 1
4508 104 0
4509 205 0
4510 209 0
4511 244 1
4512 253 1
4513 117 1
4514 31 1
4515 220 0
4516 117 0
4517 209 1
4518 332 1
4519 6 1
4520 98 1
4521 274 0
4522 31 0
4523 217 1
4524 312 1
4525 303 1
4526 197 1
4527 101 1
4528 73 1
4529 32 1
4530 276 1
4531 287 1
4532 198 1
4533 110 1
4534 218 1
4535 242 1
4536 260 0
4537 220 1
4538 57 1
4539 172 0
4540 271 1
4541 48 1
4542 101 1
4543 331 1
4544 193 1
4545 104 0
4546 189 1
4547 21 1
4548 45 0
4549 330 1
4550 329 0
4551 152 1
4552 167 1
4553 292 0
4554 141 1
4555 85 1
4556 18 1
4557 39 1
4558 109 1
4559 119 0
4560 146 1
4561 185 1
4562 26 0
4563 135 1
4564 84 1
4565 241 1
4566 196 0
4567 80 0
4568 98 0
4569 80 0
4570 249 1
4571 144 1
4572 46 0
4573 212 1
4574 300 1
4575 124 0
4576 300 1
4577 274 1
4578 262 0
4579 223 1
4580 112 0
4581 92 1
4582 271 0
4583 165 1
4584 291 0
4585 101 1
4586 77 1
4587 45 1
4588 255 1
4589 25 0
4590 80 1
4591 160 1
4592 205 0
4593 198 1
4594 81 1
4595 225 0
4596 298 1
4597 248 0
4598 236 1
4599 17 1
4600 71 1
4601 225 1
4602 110 1
4603 98 0
4604 19 1
4605 79 1
4606 18 0
4607 225 1
4608 165 1
4609 102 0
4610 256 1
4611 266 1
4612 137 1
4613 202 1
4614 6 0
4615 58 1
4616 164 1
4617 51 0
4618 45 0
4619 132 1
4620 18 0
4621 243 1
4622 197 0
4623 6 1
4624 303 0
4625 101 1
4626 183 1
4627 193 1
4628 294 0
4629 106 1
4630 187 0
4631 203 1
4632 274 0
4633 117 0
4634 150 1
4635 130 1
4636 128 1
4637 285 0
4638 254 0
4639 180 1
4640 147 1
4641 275 0
4642 141 0
4643 142 1
4644 22 1
4645 307 1
4646 239 1
4647 52 1
4648 257 1
4649 244 1
4650 85 1
4651 67 0
4652 80 1
4653 111 0
4654 57 0
4655 49 0
4656 65 1
4657 106 1
4658 205 1
4659 214 1
4660 323 1
4661 262 1
4662 110 1
4663 233 1
4664 230 1
4665 266 1
4666 264 0
4667 21 0
4668 19 0
4669 250 1
4670 169 1
4671 106 1
4672 36 1
4673 14 1
4674 286 1
4675 295 1
4676 242 0
4677 329 1
4678 284 0
4679 212 1
4680 278 1
4681 322 1
4682 145 1
4683 44 0
4684 301 1
4685 146 0
4686 5 1
4687 197 1
4688 290 1
4689 30 1
4690 12 1
4691 264 1
4692 295 1
4693 19 0
4694 60 1
4695 252 1
4696 123 0
4697 292 1
4698 75 0
4699 258 0
4700 42 0
4701 259 0
4702 148 1
4703 249 1
4704 240 0
4705 12 0
4706 97 1
4707 252 0
4708 108 0
4709 130 1
4710 250 1
4711 172 1
4712 115 1
4713 133 1
4714 212 1
4715 313 1
4716 287 0
4717 127 1
4718 187 0
4719 205 1
4720 148 0
4721 11 1
4722 320 1
4723 50 0
4724 27 0
4725 8 1
4726 55 0
4727 142 1
4728 56 1
4729 108 1
4730 78 1
4731 268 0
4732 326 0
4733 212 1
4734 264 1
4735 18 0
4736 47 1
4737 70 0
4738 118 1
4739 287 1
4740 127 1
4741 169 1
4742 141 1
4743 99 0
4744 79 1
4745 211 1
4746 295 1
4747 269 1
4748 286 0
4749 292 1
4750 311 1
4751 122 0
4752 165 0
4753 217 1
4754 139 0
4755 255 1
4756 131 0
4757 194 0
4758 229 0
4759 295 0
4760 247 1
4761 212 1
4762 63 1
4763 67 1
4764 42 0
4765 59 0
4766 161 0
4767 204 1
4768 199 1
4769 102 0
4770 4 0
4771 96 0
4772 194 1
4773 234 0
4774 77 0
4775 64 1
4776 194 0
4777 25 1
4778 170 0
4779 99 0
4780 198 1
4781 58 1
4782 165 0
4783 98 1
4784 15 1
4785 195 1
4786 223 0
4787 315 0
4788 75 0
4789 173 1
4790 316 1
4791 222 1
4792 260 1
4793 180 1
4794 86 0
4795 55 0
4796 264 0
4797 55 1
4798 121 1
4799 286 1
4800 19 1
4801 316 1
4802 266 1
4803 73 1
4804 258 0
4805 239 1
4806 310 1
4807 163 1
4808 201 1
4809 78 0
4810 114 0
4811 63 1
4812 326 0
4813 300 1
4814 18 1
4815 330 1
4816 146 1
4817 106 0
4818 21 1
4819 165 1
4820 332 0
4821 11 1
4822 24 1
4823 290 1
4824 9 1
4825 4 0
4826 248 1
4827 248 0
4828 265 1
4829 180 1
4830 133 0
4831 147 1
4832 314 0
4833 184 1
4834 259 0
4835 106 0
4836 246 1
4837 231 1
4838 118 1
4839 241 1
4840 47 1
4841 251 1
4842 58 0
4843 28 1
4844 46 0
4845 99 1
4846 210 1
4847 31 1
4848 245 1
4849 271 1
4850 56 1
4851 173 0
4852 240 1
4853 238 1
4854 83 0
4855 232 1
4856 216 1
4857 252 1
4858 61 1
4859 10 1
4860 234 1
4861 193 1
4862 101 0
4863 46 1
4864 185 0
4865 9 1
4866 106 1
4867 210 1
4868 333 0
4869 117 1
4870 86 1
4871 39 0
4872 325 1
4873 323 1
4874 318 0
4875 320 0
4876 268 1
4877 155 1
4878 70 1
4879 208 1
4880 265 1
4881 164 1
4882 145 0
4883 131 1
4884 315 1
4885 53 1
4886 90 1
4887 197 1
4888 210 0
4889 213 1
4890 266 1
4891 240 1
4892 126 1
4893 62 0
4894 9 1
4895 198 0
4896 313 1
4897 313 0
4898 309 1
4899 15 1
4900 184 1
4901 104 1
4902 66 1
4903 101 1
4904 234 1
4905 218 0
4906 261 1
4907 192 1
4908 265 1
4909 75 0
4910 16 1
4911 216 0
4912 208 1
4913 200 1
4914 131 1
4915 140 1
4916 189 0
4917 82 1
4918 38 1
4919 278 1
4920 244 1
4921 264 1
4922 32 1
4923 50 1
4924 123 0
4925 319 1
4926 226 1
4927 295 1
4928 302 1
4929 30 1
4930 122 1
4931 240 1
4932 240 0
4933 312 1
4934 172 0
4935 42 1
4936 165 1
4937 160 1
4938 95 1
4939 322 1
4940 162 1
4941 263 0
4942 0 1
4943 315 1
4944 131 0
4945 227 0
4946 261 1
4947 56 1
4948 122 1
4949 18 0
4950 38 0
4951 282 0
4952 33 1
4953 307 0
4954 65 1
4955 172 1
4956 94 1
4957 28 0
4958 72 0
4959 222 0
4960 100 1
4961 203 1
4962 249 0
4963 100 0
4964 40 1
4965 157 1
4966 179 1
4967 188 0
4968 294 1
4969 86 1
4970 123 0
4971 252 0
4972 185 1
4973 58 0
4974 115 1
4975 207 0
4976 142 1
4977 68 1
4978 161 0
4979 174 1
4980 33 1
4981 186 0
4982 262 1
4983 170 0
4984 202 1
4985 247 0
4986 6 0
4987 34 1
4988 272 1
4989 195 1
4990 199 0
4991 15 0
4992 224 0
4993 144 0
4994 333 1
4995 80 0
4996 221 0
4997 325 1
4998 307 1
4999 118 1
5000 164 1
5001 326 1
5002 23 1
5003 108 0
5004 279 1
5005 96 1
5006 118 1
5007 231 1
5008 275 0
5009 221 1
5010 185 0
5011 133 0
5012 313 0
5013 301 1
5014 31 0
5015 287 0
5016 197 1
5017 192 0
5018 212 1
5019 8 0
5020 16 1
5021 127 0
5022 296 1
5023 304 0
5024 225 1
5025 84 1
5026 318 1
5027 228 1
5028 7 1
5029 76 1
5030 107 0
5031 60 0
5032 215 0
5033 16 1
5034 298 0
5035 330 0
5036 209 0
5037 276 1
5038 227 1
5039 235 1
5040 263 1
5041 20 1
5042 282 1
5043 290 1
5044 269 1
5045 73 0
5046 142 1
5047 172 1
5048 51 0
5049 196 1
5050 294 0
5051 157 1
5052 61 1
5053 167 1
5054 171 0
5055 232 1
5056 213 0
5057 13 1
5058 246 1
5059 196 1
5060 82 1
5061 50 1
5062 149 1
5063 73 1
5064 157 1
5065 42 1
5066 287 1
5067 193 1
5068 124 0
5069 128 0
5070 254 1
5071 61 0
5072 24 1
5073 120 1
5074 124 1
5075 197 1
5076 331 1
5077 256 1
5078 216 1
5079 173 1
5080 10 1
5081 317 1
5082 161 1
5083 57 1
5084 28 1
5085 327 1
5086 211 1
5087 241 1
5088 289 1
5089 251 0
5090 89 1
5091 111 1
5092 188 0
5093 313 0
5094 108 0
5095 269 1
5096 113 1
5097 161 1
5098 254 0
5099 306 1
5100 69 1
5101 310 0
5102 179 0
5103 7 1
5104 244 1
5105 39 0
5106 198 0
5107 246 1
5108 263 1
5109 202 1
5110 203 1
5111 235 1
5112 216 1
5113 3 0
5114 26 1
5115 165 0
5116 180 1
5117 281 1
5118 25 0
5119 240 1
5120 38 0
5121 95 1
5122 176 1
5123 115 0
5124 58 1
5125 303 0
5126 282 1
5127 324 1
5128 93 1
5129 47 0
5130 128 1
5131 295 1
5132 101 1
5133 79 1
5134 277 1
5135 222 1
5136 11 1
5137 44 0
5138 151 1
5139 118 1
5140 224 1
5141 217 1
5142 118 1
5143 162 1
5144 280 1
5145 76 1
5146 249 0
5147 128 0
5148 26 0
5149 222 1
5150 273 1
5151 30 1
5152 1 1
5153 217 0
5154 315 1
5155 108 0
5156 249 1
5157 123 1
5158 199 1
5159 70 0
5160 321 1
5161 300 1
5162 264 1
5163 332 1
5164 129 1
5165 5 1
5166 158 0
5167 99 1
5168 271 1
5169 57 0
5170 144 1
5171 203 1
5172 158 1
5173 333 0
5174 103 0
5175 249 1
5176 297 0
5177 73 1
5178 137 1
5179 264 0
5180 39 1
5181 80 0
5182 131 1
5183 182 1
5184 322 0
5185 66 1
5186 71 1
5187 98 1
5188 7 1
5189 79 0
5190 248 1
5191 282 1
5192 290 1
5193 10 0
5194 173 1
5195 105 0
5196 36 1
5197 235 1
5198 191 1
5199 62 0
5200 69 1
5201 138 1
5202 64 1
5203 196 1
5204 80 1
5205 8 1
5206 15 0
5207 111 0
5208 138 0
5209 225 1
5210 142 1
5211 270 0
5212 9 1
5213 172 1
5214 81 1
5215 206 1
5216 28 1
5217 36 0
5218 72 1
5219 70 1
5220 173 1
5221 53 0
5222 115 1
5223 321 1
5224 33 1
5225 310 1
5226 289 1
5227 180 1
5228 324 0
5229 71 0
5230 332 0
5231 221 1
5232 113 0
5233 25 1
5234 156 1
5235 84 0
5236 253 0
5237 10 1
5238 49 1
5239 113 0
5240 290 1
5241 83 1
5242 242 1
5243 116 0
5244 107 1
5245 303 1
5246 210 1
5247 38 1
5248 194 1
5249 174 0
5250 238 0
5251 251 0
5252 223 1
5253 18 0
5254 85 0
5255 260 1
5256 47 0
5257 113 0
5258 99 1
5259 188 1
5260 82 1
5261 218 1
5262 174 0
5263 27 1
5264 319 0
5265 210 1
5266 32 1
5267 126 1
5268 136 0
5269 99 1
5270 22 1
5271 9 0
5272 115 1
5273 105 1
5274 97 1
5275 326 0
5276 278 1
5277 297 1
5278 132 1
5279 313 0
5280 17 1
5281 166 1
5282 63 0
5283 51 0
5284 263 1
5285 167 1
5286 256 0
5287 181 1
5288 204 1
5289 157 0
5290 152 1
5291 306 1
5292 26 1
5293 41 0
5294 85 1
5295 182 0
5296 209 0
5297 232 0
5298 134 0
5299 298 0
5300 261 1
5301 255 1
5302 133 1
5303 47 1
5304 214 0
5305 50 1
5306 20 1
5307 289 0
5308 117 1
5309 112 1
5310 16 1
5311 51 1
5312 55 1
5313 325 0
5314 59 1
5315 79 1
5316 167 0
5317 330 0
5318 262 0
5319 130 0
5320 247 1
5321 1 1
5322 29 0
5323 221 1
5324 287 1
5325 175 1
5326 293 0
5327 22 1
5328 1 0
5329 284 0
5330 128 1
5331 207 0
5332 189 0
5333 88 1
5334 246 1
5335 6 1
5336 224 1
5337 254 0
5338 298 1
5339 226 1
5340 220 1
5341 48 0
5342 119 1
5343 274 1
5344 243 1
5345 261 1
5346 80 1
5347 159 1
5348 84 0
5349 133 1
5350 291 0
5351 317 1
5352 227 1
5353 261 1
5354 204 1
5355 189 1
5356 46 0
5357 15 1
5358 133 1
5359 31 1
5360 7 1
5361 240 0
5362 254 1
5363 183 1
5364 218 0
5365 161 1
5366 202 1
5367 182 1
5368 287 0
5369 33 1
5370 88 1
5371 247 1
5372 286 1
5373 45 1
5374 299 1
5375 288 1
5376 196 1
5377 219 1
5378 165 1
5379 200 0
5380 132 0
5381 304 0
5382 78 0
5383 96 1
5384 88 0
5385 269 1
5386 177 1
5387 137 1
5388 192 1
5389 41 1
5390 85 1
5391 209 0
5392 95 0
5393 143 0
5394 243 1
5395 55 0
5396 198 0
5397 42 0
5398 3 0
5399 54 1
5400 173 0
5401 94 1
5402 253 0
5403 226 1
5404 239 1
5405 94 1
5406 88 0
5407 98 0
5408 223 1
5409 109 1
5410 78 1
5411 254 1
5412 269 0
5413 124 0
5414 6 1
5415 110 1
5416 329 1
5417 196 1
5418 181 1
5419 185 1
5420 181 1
5421 237 1
5422 74 1
5423 118 0
5424 150 1
5425 176 1
5426 137 1
5427 330 0
5428 219 1
5429 170 1
5430 45 1
5431 71 0
5432 230 1
5433 34 0
5434 181 1
5435 324 1
5436 324 0
5437 297 1
5438 55 0
5439 108 0
5440 54 1
5441 179 0
5442 207 1
5443 169 1
5444 122 0
5445 319 0
5446 112 1
5447 34 1
5448 150 0
5449 246 1
5450 114 1
5451 26 1
5452 210 0
5453 249 0
5454 151 0
5455 297 0
5456 53 1
5457 303 1
5458 144 1
5459 20 1
5460 224 1
5461 259 0
5462 221 0
5463 92 1
5464 108 0
5465 115 0
5466 321 1
5467 72 1
5468 290 1
5469 288 1
5470 10 1
5471 139 1
5472 220 1
5473 71 0
5474 326 0
5475 42 1
5476 256 1
5477 300 1
5478 7 1
5479 261 1
5480 222 1
5481 83 0
5482 263 1
5483 232 1
5484 303 1
5485 73 1
5486 264 1
5487 203 1
5488 66 1
5489 6 0
5490 191 0
5491 21 1
5492 176 1
5493 3 1
5494 205 1
5495 44 0
5496 52 0
5497 129 1
5498 108 0
5499 280 0
5500 41 0
5501 137 0
5502 57 0
5503 28 0
5504 107 1
5505 8 0
5506 163 1
5507 158 0
5508 97 0
5509 188 1
5510 331 0
5511 222 1
5512 185 1
5513 190 0
5514 126 0
5515 197 1
5516 316 1
5517 298 0
5518 86 1
5519 69 1
5520 27 1
5521 238 0
5522 186 1
5523 21 1
5524 49 1
5525 78 1
5526 267 1
5527 255 1
5528 318 1
5529 237 1
5530 73 0
5531 23 0
5532 180 0
5533 255 0
5534 60 1
5535 206 1
5536 147 1
5537 183 1
5538 332 1
5539 29 1
5540 159 1
5541 253 0
5542 73 0
5543 290 1
5544 31 0
5545 248 1
5546 40 0
5547 240 0
5548 86 1
5549 234 1
5550 311 1
5551 140 1
5552 43 1
5553 124 1
5554 194 1
5555 329 1
5556 6 0
5557 192 1
5558 249 0
5559 217 1
5560 88 0
5561 211 1
5562 230 1
5563 96 1
5564 105 0
5565 288 1
5566 182 1
5567 287 0
5568 164 1
5569 93 1
5570 56 0
5571 123 1
5572 162 1
5573 302 0
5574 290 1
5575 184 1
5576 143 1
5577 333 1
5578 5 1
5579 181 1
5580 171 1
5581 20 1
5582 56 0
5583 71 0
5584 291 1
5585 324 1
5586 78 0
5587 156 1
5588 255 1
5589 144 1
5590 55 1
5591 162 1
5592 216 1
5593 64 1
5594 83 1
5595 158 1
5596 288 1
5597 20 1
5598 312 0
5599 231 0
5600 2 1
5601 28 1
5602 161 0
5603 68 1
5604 134 1
5605 200 1
5606 287 1
5607 215 0
5608 270 1
5609 136 0
5610 97 0
5611 19 1
5612 219 0
5613 62 0
5614 132 1
5615 292 0
5616 6 1
5617 295 0
5618 331 1
5619 77 0
5620 322 1
5621 148 1
5622 52 1
5623 110 0
5624 134 1
5625 87 1
5626 287 1
5627 29 0
5628 146 1
5629 196 1
5630 210 0
5631 319 1
5632 222 1
5633 211 0
5634 136 1
5635 177 0
5636 57 1
5637 145 1
5638 100 0
5639 177 0
5640 327 1
5641 293 0
5642 117 1
5643 200 1
5644 160 0
5645 114 1
5646 43 1
5647 79 0
5648 125 0
5649 311 0
5650 150 1
5651 131 1
5652 226 1
5653 143 0
5654 103 1
5655 53 1
5656 77 0
5657 124 0
5658 81 1
5659 204 0
5660 212 1
5661 103 1
5662 163 1
5663 267 1
5664 45 1
5665 296 1
5666 145 1
5667 150 1
5668 196 1
5669 109 1
5670 26 0
5671 142 1
5672 255 0
5673 44 1
5674 82 0
5675 323 1
5676 312 1
5677 297 0
5678 22 1
5679 176 1
5680 301 1
5681 9 1
5682 57 1
5683 309 1
5684 279 1
5685 45 0
5686 327 1
5687 155 1
5688 280 1
5689 331 1
5690 194 0
5691 323 1
5692 160 1
5693 140 1
5694 263 1
5695 75 0
5696 280 1
5697 88 1
5698 70 0
5699 163 1
5700 227 0
5701 67 1
5702 142 1
5703 296 1
5704 248 0
5705 196 0
5706 106 0
5707 108 1
5708 218 1
5709 274 1
5710 137 1
5711 203 0
5712 181 0
5713 247 0
5714 180 1
5715 13 0
5716 285 1
5717 201 1
5718 128 1
5719 7 1
5720 282 0
5721 232 1
5722 136 0
5723 67 0
5724 80 0
5725 328 0
5726 24 1
5727 47 1
5728 315 1
5729 282 1
5730 37 1
5731 61 0
5732 281 0
5733 322 1
5734 171 0
5735 199 1
5736 280 1
5737 255 0
5738 263 0
5739 182 0
5740 76 0
5741 307 1
5742 120 1
5743 131 0
5744 60 0
5745 8 1
5746 281 1
5747 327 0
5748 332 1
5749 51 1
5750 57 1
5751 116 1
5752 93 0
5753 85 0
5754 105 0
5755 111 1
5756 190 1
5757 108 0
5758 184 1
5759 157 1
5760 226 1
5761 249 1
5762 316 1
5763 148 1
5764 223 1
5765 310 1
5766 195 0
5767 30 0
5768 209 1
5769 56 1
5770 210 0
5771 323 1
5772 332 0
5773 123 1
5774 243 1
5775 254 1
5776 192 1
5777 55 1
5778 157 1
5779 235 1
5780 229 1
5781 153 1
5782 50 0
5783 125 1
5784 126 1
5785 320 1
5786 95 0
5787 68 0
5788 233 0
5789 23 1
5790 218 1
5791 24 0
5792 272 1
5793 77 1
5794 108 0
5795 301 0
5796 15 0
5797 254 1
5798 51 1
5799 71 0
5800 306 1
5801 259 1
5802 193 0
5803 242 1
5804 265 0
5805 314 1
5806 288 1
5807 131 0
5808 163 1
5809 67 1
5810 12 0
5811 101 0
5812 235 0
5813 253 0
5814 146 0
5815 289 1
5816 128 1
5817 13 1
5818 288 0
5819 159 1
5820 186 1
5821 194 1
5822 224 1
5823 112 0
5824 26 1
5825 151 1
5826 293 1
5827 226 1
5828 20 1
5829 307 1
5830 216 1
5831 112 1
5832 143 0
5833 157 1
5834 46 0
5835 142 0
5836 282 1
5837 198 0
5838 154 1
5839 305 0
5840 315 1
5841 44 1
5842 202 0
5843 295 0
5844 243 1
5845 295 1
5846 278 1
5847 42 0
5848 278 1
5849 11 1
5850 8 0
5851 48 1
5852 236 0
5853 208 1
5854 48 0
5855 316 1
5856 208 0
5857 130 0
5858 123 0
5859 125 1
5860 106 1
5861 318 0
5862 240 1
5863 298 0
5864 305 1
5865 1 1
5866 128 0
5867 95 0
5868 122 0
5869 166 1
5870 309 1
5871 26 1
5872 1 1
5873 6 1
5874 73 1
5875 317 1
5876 43 1
5877 56 1
5878 73 0
5879 294 0
5880 329 0
5881 104 1
5882 90 1
5883 234 1
5884 329 1
5885 129 1
5886 41 1
5887 233 1
5888 57 1
5889 327 1
5890 276 1
5891 136 0
5892 23 1
5893 15 1
5894 213 1
5895 300 0
5896 16 1
5897 159 0
5898 96 1
5899 65 1
5900 286 0
5901 61 1
5902 175 1
5903 116 0
5904 106 1
5905 109 1
5906 245 0
5907 34 1
5908 184 0
5909 190 1
5910 185 0
5911 99 1
5912 307 1
5913 135 1
5914 63 0
5915 160 1
5916 221 0
5917 90 1
5918 8 0
5919 41 1
5920 62 1
5921 162 1
5922 221 1
5923 322 1
5924 153 1
5925 216 1
5926 81 0
5927 32 0
5928 319 0
5929 204 1
5930 194 1
5931 144 0
5932 332 0
5933 223 1
5934 187 0
5935 280 0
5936 320 1
5937 302 1
5938 132 1
5939 106 0
5940 295 0
5941 115 1
5942 49 0
5943 177 1
5944 61 1
5945 242 0
5946 159 1
5947 82 1
5948 113 1
5949 324 0
5950 62 1
5951 295 1
5952 125 1
5953 83 1
5954 46 0
5955 34 1
5956 257 0
5957 130 1
5958 44 0
5959 166 0
5960 101 0
5961 107 1
5962 287 0
5963 244 1
5964 321 1
5965 113 1
5966 170 1
5967 259 1
5968 165 0
5969 125 0
5970 197 1
5971 299 1
5972 56 1
5973 252 0
5974 228 0
5975 205 1
5976 318 0
5977 82 0
5978 328 0
5979 165 1
5980 226 1
5981 111 0
5982 259 1
5983 265 0
5984 124 0
5985 302 0
5986 216 0
5987 267 0
5988 188 0
5989 118 1
5990 15 0
5991 158 0
5992 128 0
5993 178 1
5994 313 1
5995 184 0
5996 113 1
5997 95 0
5998 158 1
5999 209 0
6000 162 1
6001 16 1
6002 270 1
6003 143 1
6004 215 1
6005 287 1
6006 78 1
6007 56 1
6008 98 1
6009 155 1
6010 69 0
6011 30 0
6012 126 1
6013 48 1
6014 231 0
6015 313 1
6016 261 0
6017 184 0
6018 104 1
6019 68 1
6020 2 1
6021 42 0
6022 132 1
6023 112 1
6024 159 1
6025 55 0
6026 98 1
6027 237 0
6028 210 1
6029 1 1
6030 289 1
6031 246 0
6032 135 1
6033 159 0
6034 171 1
6035 51 1
6036 328 1
6037 79 0
6038 272 1
6039 184 1
6040 205 0
6041 71 1
6042 70 0
6043 20 1
6044 6 0
6045 213 0
6046 242 0
6047 257 1
6048 302 0
6049 110 1
6050 136 1
6051 138 1
6052 255 1
6053 84 1
6054 75 1
6055 36 1
6056 253 0
6057 155 0
6058 162 0
6059 95 1
6060 24 1
6061 210 0
6062 259 1
6063 56 1
6064 123 1
6065 193 1
6066 74 1
6067 136 1
6068 215 1
6069 268 1
6070 234 0
6071 62 0
6072 157 1
6073 302 1
6074 140 0
6075 315 1
6076 277 1
6077 176 1
6078 151 1
6079 177 1
6080 225 0
6081 280 0
6082 34 1
6083 294 1
6084 129 1
6085 32 1
6086 24 0
6087 9 1
6088 139 1
6089 328 1
6090 201 0
6091 269 1
6092 246 1
6093 93 1
6094 170 1
6095 164 1
6096 53 0
6097 27 1
6098 99 1
6099 163 0
6100 122 1
6101 3 1
6102 37 1
6103 155 0
6104 70 1
6105 281 1
6106 204 0
6107 161 1
6108 153 1
6109 260 0
6110 271 1
6111 132 1
6112 27 0
6113 238 1
6114 307 1
6115 100 0
6116 9 0
6117 323 0
6118 196 1
6119 48 1
6120 39 0
6121 29 1
6122 291 1
6123 25 1
6124 272 1
6125 181 0
6126 203 1
6127 26 1
6128 218 1
6129 103 0
6130 77 1
6131 34 1
6132 53 0
6133 293 0
6134 247 1
6135 8 0
6136 83 1
6137 195 0
6138 309 0
6139 232 1
6140 332 1
6141 282 0
6142 58 1
6143 4 0
6144 64 1
6145 214 1
6146 136 1
6147 309 1
6148 17 1
6149 186 0
6150 22 0
6151 296 1
6152 312 0
6153 227 1
6154 204 0
6155 26 1
6156 284 1
6157 230 1
6158 109 0
6159 110 1
6160 87 1
6161 62 1
6162 319 1
6163 159 0
6164 131 0
6165 173 0
6166 32 1
6167 6 1
6168 39 0
6169 44 1
6170 184 1
6171 272 1
6172 125 1
6173 302 1
6174 228 1
6175 155 0
6176 149 0
6177 30 1
6178 0 1
6179 44 1
6180 27 1
6181 31 1
6182 19 0
6183 150 0
6184 96 1
6185 128 1
6186 90 1
6187 160 1
6188 60 1
6189 277 1
6190 287 1
6191 15 0
6192 315 1
6193 63 0
6194 316 0
6195 192 0
6196 71 0
6197 149 1
6198 7 0
6199 309 0
6200 319 0
6201 50 1
6202 330 1
6203 117 1
6204 165 0
6205 11 1
6206 238 1
6207 127 0
6208 153 1
6209 26 1
6210 44 1
6211 224 1
6212 189 1
6213 285 1
6214 164 1
6215 46 0
6216 191 1
6217 51 1
6218 134 1
6219 244 1
6220 55 0
6221 324 0
6222 109 0
6223 5 1
6224 53 1
6225 63 1
6226 76 0
6227 292 0
6228 153 0
6229 288 1
6230 331 0
6231 293 0
6232 177 1
6233 41 0
6234 84 0
6235 103 0
6236 34 1
6237 259 0
6238 210 1
6239 151 0
6240 121 1
6241 107 1
6242 327 1
6243 35 1
6244 135 1
6245 290 1
6246 324 1
6247 320 1
6248 5 1
6249 305 0
6250 140 0
6251 309 0
6252 247 1
6253 143 1
6254 324 1
6255 212 1
6256 254 1
6257 215 0
6258 211 1
6259 220 1
6260 240 0
6261 145 1
6262 171 1
6263 224 1
6264 319 1
6265 91 1
6266 15 1
6267 125 0
6268 46 0
6269 211 0
6270 54 1
6271 308 1
6272 235 0
6273 48 1
6274 186 1
6275 124 1
6276 190 0
6277 149 0
6278 227 0
6279 283 0
6280 314 1
6281 164 0
6282 187 0
6283 83 0
6284 130 1
6285 96 0
6286 210 1
6287 239 1
6288 85 1
6289 223 1
6290 301 1
6291 111 0
6292 189 1
6293 264 1
6294 46 1
6295 120 1
6296 333 0
6297 262 0
6298 146 1
6299 246 0
6300 132 1
6301 126 0
6302 318 0
6303 199 0
6304 64 0
6305 87 1
6306 7 1
6307 14 1
6308 205 1
6309 24 1
6310 317 1
6311 103 1
6312 255 0
6313 329 0
6314 123 0
6315 89 1
6316 155 1
6317 9 1
6318 327 1
6319 289 1
6320 202 0
6321 169 1
6322 67 1
6323 152 1
6324 288 1
6325 269 1
6326 147 1
6327 1 0
6328 150 0
6329 216 0
6330 64 1
6331 274 1
6332 268 1
6333 185 0
6334 63 1
6335 65 1
6336 8 1
6337 140 1
6338 245 0
6339 13 1
6340 215 1
6341 217 1
6342 67 0
6343 177 1
6344 41 1
6345 236 1
6346 192 1
6347 150 1
6348 285 1
6349 133 0
6350 221 0
6351 279 1
6352 260 1
6353 51 1
6354 204 1
6355 196 1
6356 93 0
6357 193 1
6358 124 1
6359 123 1
6360 257 1
6361 96 0
6362 281 1
6363 321 1
6364 328 1
6365 246 1
6366 65 1
6367 272 1
6368 103 0
6369 68 0
6370 214 1
6371 138 0
6372 171 0
6373 294 0
6374 194 0
6375 287 1
6376 269 1
6377 58 0
6378 296 1
6379 195 0
6380 166 0
6381 333 1
6382 205 1
6383 129 0
6384 86 1
6385 27 1
6386 208 0
6387 101 1
6388 323 1
6389 167 1
6390 51 1
6391 127 1
6392 249 1
6393 30 1
6394 311 1
6395 329 1
6396 159 1
6397 200 0
6398 171 1
6399 165 0
6400 273 0
6401 50 1
6402 184 1
6403 99 1
6404 39 1
6405 183 0
6406 212 0
6407 157 0
6408 321 1
6409 85 1
6410 159 0
6411 267 1
6412 314 0
6413 175 1
6414 289 1
6415 155 0
6416 280 1
6417 202 1
6418 183 1
6419 50 0
6420 59 1
6421 58 1
6422 35 0
6423 224 1
6424 149 0
6425 147 1
6426 216 0
6427 119 1
6428 40 1
6429 14 0
6430 47 1
6431 304 1
6432 201 1
6433 204 1
6434 299 0
6435 18 1
6436 233 0
6437 121 0
6438 38 0
6439 196 0
6440 68 1
6441 322 0
6442 250 0
6443 227 1
6444 228 1
6445 32 1
6446 237 1
6447 15 0
6448 1 0
6449 154 1
6450 219 1
6451 151 1
6452 329 1
6453 292 0
6454 111 1
6455 127 1
6456 324 1
6457 209 1
6458 49 1
