2964
1 406 0
2 85 1
3 445 0
4 252 1
5 121 1
6 337 1
7 19 0
8 226 1
9 336 1
10 286 0
11 8 1
12 39 0
13 260 1
14 463 1
15 385 1
16 372 0
17 408 1
18 237 1
19 316 1
20 82 1
21 213 1
22 329 1
23 397 0
24 404 1
25 60 0
26 436 0
27 140 1
28 363 1
29 50 1
30 481 1
31 435 1
32 207 1
33 35 1
34 39 1
35 167 1
36 405 1
37 285 1
38 357 1
39 14 0
40 140 0
41 48 1
42 398 0
43 414 1
44 461 0
45 439 1
46 390 1
47 138 1
48 442 1
49 276 0
50 269 1
51 220 1
52 58 0
53 261 1
54 422 1
55 282 0
56 476 0
57 500 1
58 391 1
59 359 1
60 359 1
61 9 0
62 397 0
63 71 0
64 65 1
65 427 1
66 406 1
67 243 0
68 5 1
69 113 1
70 14 1
71 351 1
72 89 1
73 89 1
74 108 1
75 185 1
76 99 1
77 323 0
78 85 1
79 441 1
80 485 0
81 358 1
82 368 1
83 80 0
84 340 1
85 34 1
86 334 1
87 206 1
88 471 1
89 265 0
90 106 0
91 281 1
92 388 0
93 317 0
94 361 1
95 115 1
96 97 1
97 463 1
98 308 1
99 201 0
100 99 0
101 364 1
102 493 1
103 218 1
104 100 1
105 268 1
106 168 0
107 27 0
108 6 0
109 393 1
110 83 1
111 449 1
112 215 0
113 390 1
114 179 1
115 406 1
116 62 1
117 74 0
118 447 1
119 244 0
120 11 0
121 498 0
122 423 1
123 98 0
124 232 1
125 160 1
126 361 1
127 240 1
128 245 1
129 206 0
130 456 1
131 65 0
132 106 0
133 308 0
134 177 0
135 464 0
136 426 0
137 239 1
138 340 1
139 131 1
140 191 0
141 250 1
142 134 0
143 363 1
144 101 1
145 166 0
146 33 1
147 438 0
148 115 0
149 56 1
150 150 0
151 224 0
152 462 0
153 277 1
154 36 0
155 228 1
156 62 1
157 142 1
158 459 0
159 320 1
160 437 1
161 351 1
162 462 1
163 355 0
164 259 1
165 104 1
166 421 1
167 347 1
168 408 1
169 410 1
170 268 1
171 34 0
172 479 1
173 271 1
174 44 1
175 222 0
176 440 1
177 315 1
178 469 1
179 332 0
180 443 1
181 500 1
182 380 1
183 471 1
184 196 1
185 85 1
186 244 1
187 29 0
188 296 1
189 385 1
190 382 1
191 184 1
192 415 1
193 67 1
194 403 1
195 464 1
196 69 1
197 52 1
198 26 1
199 91 0
200 258 1
201 49 0
202 168 1
203 78 0
204 378 1
205 38 1
206 433 0
207 308 1
208 84 1
209 456 1
210 9 1
211 186 1
212 227 0
213 400 1
214 253 1
215 347 1
216 412 1
217 375 1
218 346 1
219 278 1
220 279 0
221 210 1
222 411 0
223 284 1
224 127 1
225 218 1
226 2 0
227 87 1
228 133 1
229 482 1
230 213 1
231 131 1
232 78 1
233 311 1
234 194 1
235 2 0
236 267 1
237 419 0
238 474 0
239 409 0
240 295 1
241 100 0
242 11 1
243 399 0
244 418 0
245 275 1
246 54 1
247 490 1
248 20 0
249 429 1
250 242 0
251 432 1
252 387 0
253 41 1
254 279 1
255 315 1
256 57 1
257 234 1
258 346 1
259 467 0
260 368 1
261 248 0
262 256 1
263 426 0
264 264 1
265 362 1
266 139 1
267 250 0
268 370 0
269 240 1
270 103 0
271 457 1
272 76 0
273 355 0
274 50 1
275 39 1
276 289 1
277 74 0
278 131 0
279 183 1
280 208 1
281 136 1
282 64 1
283 237 1
284 40 1
285 317 1
286 139 0
287 48 0
288 63 1
289 128 1
290 77 0
291 403 0
292 198 1
293 274 1
294 339 1
295 469 1
296 238 0
297 258 0
298 353 1
299 481 1
300 78 1
301 409 0
302 169 1
303 433 1
304 94 1
305 217 1
306 472 1
307 410 1
308 331 0
309 105 0
310 377 0
311 71 0
312 31 1
313 151 1
314 440 1
315 140 1
316 155 0
317 226 1
318 112 1
319 429 0
320 454 1
321 250 0
322 501 1
323 192 0
324 69 1
325 355 1
326 234 1
327 423 1
328 499 0
329 394 1
330 441 1
331 310 1
332 190 0
333 155 1
334 429 1
335 381 0
336 464 1
337 405 0
338 144 1
339 268 1
340 128 1
341 22 1
342 412 1
343 500 1
344 254 1
345 193 1
346 153 1
347 144 1
348 273 1
349 137 1
350 245 1
351 309 0
352 2 1
353 17 1
354 35 0
355 231 0
356 143 0
357 398 1
358 61 0
359 318 1
360 6 1
361 245 1
362 248 0
363 504 1
364 51 0
365 75 0
366 393 0
367 241 1
368 460 1
369 413 1
370 416 1
371 149 0
372 260 0
373 476 0
374 297 1
375 381 0
376 30 1
377 335 0
378 378 0
379 162 1
380 76 1
381 471 0
382 494 1
383 227 1
384 460 1
385 302 0
386 10 1
387 287 1
388 360 1
389 464 1
390 282 0
391 194 1
392 195 1
393 334 1
394 93 0
395 366 1
396 478 1
397 2 1
398 273 1
399 268 0
400 104 1
401 462 1
402 255 0
403 257 0
404 237 0
405 506 1
406 418 0
407 193 1
408 83 0
409 39 0
410 386 0
411 90 1
412 348 1
413 178 1
414 66 0
415 335 1
416 251 0
417 29 0
418 270 1
419 484 1
420 369 1
421 388 1
422 33 0
423 124 0
424 89 1
425 37 0
426 313 1
427 191 0
428 92 0
429 135 1
430 49 0
431 454 1
432 501 1
433 297 1
434 131 0
435 3 1
436 113 1
437 11 1
438 335 0
439 135 0
440 172 1
441 261 1
442 172 1
443 381 1
444 55 0
445 38 0
446 349 0
447 277 1
448 466 1
449 347 0
450 207 1
451 332 1
452 486 1
453 340 1
454 351 1
455 226 1
456 10 1
457 243 1
458 46 0
459 190 1
460 375 0
461 79 1
462 210 1
463 300 1
464 293 0
465 508 0
466 231 1
467 55 1
468 35 1
469 10 1
470 233 1
471 272 0
472 340 1
473 297 1
474 246 1
475 361 1
476 459 0
477 198 1
478 158 0
479 70 1
480 507 1
481 186 1
482 142 1
483 437 1
484 509 1
485 436 1
486 427 1
487 475 0
488 458 1
489 135 0
490 365 0
491 178 1
492 298 1
493 473 1
494 237 1
495 142 1
496 355 1
497 335 1
498 313 1
499 37 1
500 71 1
501 34 1
502 34 1
503 119 1
504 387 1
505 431 1
506 112 1
507 46 1
508 220 1
509 482 1
510 297 1
511 53 0
512 186 0
513 384 1
514 13 1
515 302 1
516 257 1
517 328 1
518 80 1
519 146 1
520 191 1
521 72 1
522 421 1
523 457 0
524 383 0
525 332 1
526 416 1
527 57 1
528 9 1
529 464 1
530 225 1
531 361 0
532 338 1
533 136 1
534 116 1
535 120 0
536 94 1
537 354 0
538 56 0
539 9 1
540 475 1
541 481 1
542 90 1
543 89 0
544 343 1
545 375 0
546 45 0
547 413 1
548 278 1
549 35 0
550 193 1
551 446 0
552 93 0
553 166 0
554 208 0
555 460 0
556 261 0
557 170 1
558 460 1
559 194 1
560 304 0
561 224 1
562 159 1
563 94 1
564 38 1
565 66 0
566 29 0
567 263 0
568 166 1
569 15 1
570 221 1
571 292 1
572 269 1
573 68 1
574 212 0
575 257 0
576 66 1
577 227 1
578 352 0
579 407 1
580 195 1
581 237 1
582 348 0
583 473 1
584 164 1
585 123 1
586 198 1
587 230 1
588 239 1
589 430 1
590 304 1
591 330 0
592 402 1
593 340 1
594 113 0
595 250 0
596 73 1
597 277 1
598 351 1
599 170 1
600 90 0
601 391 1
602 70 1
603 117 0
604 281 1
605 123 1
606 469 0
607 318 1
608 246 1
609 222 0
610 130 1
611 30 1
612 323 1
613 369 1
614 419 0
615 41 0
616 194 1
617 160 1
618 415 0
619 445 0
620 441 1
621 134 1
622 257 1
623 507 1
624 473 1
625 352 1
626 54 0
627 169 1
628 433 1
629 413 0
630 439 1
631 214 1
632 249 0
633 259 1
634 395 0
635 213 0
636 380 1
637 472 1
638 162 0
639 120 1
640 50 0
641 91 1
642 89 1
643 226 0
644 161 0
645 355 0
646 329 1
647 468 1
648 177 0
649 95 0
650 157 0
651 261 1
652 146 1
653 26 1
654 54 1
655 306 0
656 362 1
657 464 1
658 20 1
659 336 1
660 54 0
661 17 0
662 494 1
663 452 1
664 447 0
665 95 1
666 218 1
667 375 1
668 452 1
669 35 1
670 419 1
671 356 1
672 101 1
673 85 1
674 362 1
675 429 1
676 346 1
677 162 1
678 166 1
679 363 0
680 396 0
681 70 1
682 178 0
683 341 1
684 209 1
685 243 1
686 80 0
687 262 0
688 271 0
689 47 1
690 131 0
691 413 1
692 285 1
693 170 0
694 42 1
695 44 1
696 355 1
697 32 1
698 432 1
699 269 1
700 113 0
701 121 0
702 92 0
703 119 1
704 94 1
705 360 0
706 4 0
707 447 1
708 200 1
709 102 1
710 386 1
711 170 0
712 5 0
713 508 0
714 321 1
715 440 1
716 270 1
717 371 1
718 180 1
719 89 1
720 400 0
721 243 1
722 74 1
723 56 0
724 33 1
725 389 0
726 50 1
727 394 0
728 506 0
729 365 1
730 21 1
731 367 0
732 91 0
733 399 0
734 463 1
735 417 1
736 299 1
737 121 0
738 458 1
739 9 1
740 208 1
741 144 1
742 320 0
743 186 0
744 292 1
745 378 1
746 80 1
747 349 1
748 336 1
749 315 1
750 88 0
751 6 1
752 118 1
753 122 0
754 176 0
755 429 0
756 20 1
757 387 0
758 473 1
759 401 1
760 358 0
761 184 1
762 376 1
763 483 0
764 134 0
765 237 1
766 383 1
767 100 0
768 114 1
769 57 0
770 227 1
771 419 1
772 293 0
773 204 0
774 104 1
775 255 0
776 236 1
777 136 1
778 336 0
779 49 0
780 269 1
781 55 1
782 273 0
783 6 0
784 123 1
785 40 1
786 166 1
787 213 1
788 118 1
789 206 1
790 2 0
791 430 1
792 136 0
793 85 1
794 419 1
795 176 0
796 293 1
797 193 1
798 132 0
799 444 0
800 390 0
801 349 1
802 305 0
803 506 1
804 342 1
805 391 0
806 281 1
807 327 1
808 111 1
809 251 1
810 418 0
811 70 1
812 403 1
813 258 1
814 208 0
815 152 1
816 166 1
817 6 1
818 170 1
819 257 1
820 332 1
821 90 0
822 193 0
823 10 1
824 63 1
825 324 0
826 304 1
827 173 1
828 21 1
829 223 1
830 495 0
831 61 1
832 493 0
833 367 1
834 324 0
835 409 0
836 507 0
837 121 1
838 151 1
839 367 0
840 136 0
841 59 0
842 320 1
843 1 0
844 408 1
845 314 0
846 344 1
847 417 1
848 187 1
849 225 1
850 260 1
851 402 1
852 369 0
853 320 0
854 17 1
855 479 0
856 102 0
857 338 1
858 5 1
859 126 1
860 436 1
861 40 1
862 50 0
863 214 1
864 93 1
865 111 1
866 437 1
867 227 1
868 398 0
869 50 1
870 468 1
871 313 0
872 430 0
873 356 0
874 353 1
875 82 1
876 285 0
877 293 0
878 452 1
879 445 1
880 310 1
881 6 1
882 303 0
883 277 1
884 143 0
885 351 1
886 219 1
887 34 0
888 40 0
889 319 1
890 107 1
891 416 1
892 269 1
893 472 0
894 451 0
895 501 1
896 198 0
897 232 1
898 485 1
899 310 1
900 71 1
901 473 0
902 50 1
903 302 1
904 132 1
905 227 1
906 258 1
907 504 0
908 458 0
909 100 1
910 236 1
911 13 1
912 215 1
913 171 0
914 499 1
915 180 1
916 376 1
917 223 0
918 396 1
919 260 1
920 381 0
921 258 1
922 236 0
923 18 0
924 80 1
925 75 1
926 337 1
927 496 1
928 78 0
929 105 0
930 382 1
931 382 0
932 301 1
933 37 1
934 237 0
935 78 0
936 19 0
937 110 1
938 332 1
939 312 0
940 373 1
941 473 1
942 220 1
943 115 1
944 360 1
945 110 1
946 377 0
947 353 1
948 204 0
949 100 1
950 303 1
951 40 0
952 258 1
953 322 0
954 22 0
955 365 0
956 384 1
957 468 1
958 22 0
959 264 1
960 37 1
961 487 1
962 102 1
963 328 1
964 336 1
965 110 1
966 351 0
967 196 0
968 44 0
969 52 0
970 132 1
971 78 1
972 107 0
973 100 0
974 364 0
975 384 1
976 102 1
977 179 1
978 435 0
979 254 1
980 169 0
981 134 1
982 386 0
983 492 1
984 338 1
985 113 0
986 451 1
987 349 1
988 100 1
989 432 1
990 177 1
991 229 1
992 29 0
993 227 1
994 405 1
995 341 1
996 208 0
997 457 1
998 296 1
999 131 1
1000 473 0
1001 467 0
1002 179 1
1003 206 1
1004 119 1
1005 107 0
1006 306 1
1007 447 1
1008 106 1
1009 415 0
1010 7 1
1011 319 1
1012 212 0
1013 44 1
1014 67 1
1015 504 1
1016 291 0
1017 188 1
1018 131 1
1019 112 1
1020 267 1
1021 36 0
1022 299 0
1023 143 1
1024 391 1
1025 150 1
1026 167 1
1027 358 1
1028 226 1
1029 121 1
1030 449 1
1031 196 1
1032 322 0
1033 62 1
1034 142 1
1035 193 0
1036 10 1
1037 345 0
1038 456 1
1039 77 1
1040 282 1
1041 479 1
1042 188 1
1043 63 1
1044 473 1
1045 70 0
1046 44 1
1047 386 0
1048 14 1
1049 309 1
1050 240 0
1051 309 1
1052 475 1
1053 50 0
1054 506 1
1055 502 0
1056 228 1
1057 89 1
1058 33 1
1059 64 0
1060 81 1
1061 25 0
1062 146 1
1063 364 1
1064 95 0
1065 60 0
1066 282 1
1067 457 1
1068 386 1
1069 31 1
1070 380 1
1071 22 0
1072 367 0
1073 386 1
1074 8 1
1075 14 1
1076 457 0
1077 87 0
1078 451 1
1079 507 1
1080 230 1
1081 115 1
1082 171 0
1083 122 0
1084 443 0
1085 302 0
1086 48 1
1087 411 1
1088 180 1
1089 51 0
1090 481 1
1091 150 0
1092 104 1
1093 266 0
1094 432 1
1095 336 1
1096 193 0
1097 27 1
1098 387 1
1099 284 0
1100 174 1
1101 123 1
1102 144 1
1103 1 1
1104 55 1
1105 386 1
1106 499 0
1107 327 0
1108 136 1
1109 393 0
1110 220 1
1111 465 0
1112 288 1
1113 140 1
1114 386 0
1115 357 1
1116 244 1
1117 18 1
1118 248 1
1119 75 1
1120 325 1
1121 201 1
1122 360 1
1123 151 1
1124 485 1
1125 298 1
1126 381 1
1127 480 0
1128 491 0
1129 324 1
1130 150 1
1131 34 1
1132 13 1
1133 145 0
1134 453 1
1135 436 0
1136 426 0
1137 326 1
1138 400 0
1139 6 1
1140 385 1
1141 314 1
1142 430 1
1143 415 1
1144 139 1
1145 395 0
1146 144 1
1147 46 1
1148 354 0
1149 290 0
1150 156 0
1151 310 1
1152 215 1
1153 92 1
1154 476 1
1155 225 0
1156 274 1
1157 351 0
1158 187 0
1159 350 0
1160 229 1
1161 488 0
1162 409 1
1163 402 1
1164 470 0
1165 294 1
1166 270 1
1167 442 1
1168 475 1
1169 336 1
1170 504 1
1171 27 0
1172 463 0
1173 208 1
1174 379 0
1175 211 1
1176 28 1
1177 216 0
1178 468 1
1179 52 0
1180 163 1
1181 289 1
1182 185 1
1183 281 0
1184 372 0
1185 207 0
1186 31 1
1187 380 1
1188 357 1
1189 507 0
1190 508 1
1191 68 0
1192 141 0
1193 335 1
1194 265 1
1195 273 1
1196 478 1
1197 223 1
1198 400 0
1199 429 1
1200 484 1
1201 502 0
1202 233 0
1203 500 1
1204 450 0
1205 178 1
1206 449 1
1207 347 1
1208 21 1
1209 434 0
1210 304 0
1211 458 0
1212 504 0
1213 169 1
1214 38 1
1215 19 1
1216 86 0
1217 18 1
1218 255 1
1219 271 1
1220 121 0
1221 388 1
1222 186 1
1223 395 0
1224 13 0
1225 109 1
1226 389 1
1227 333 0
1228 100 1
1229 11 1
1230 334 0
1231 24 0
1232 296 1
1233 102 1
1234 177 0
1235 491 1
1236 185 1
1237 231 1
1238 210 1
1239 194 0
1240 307 1
1241 413 1
1242 232 0
1243 313 1
1244 483 1
1245 344 1
1246 100 1
1247 91 1
1248 154 1
1249 438 0
1250 311 1
1251 502 1
1252 405 1
1253 484 0
1254 83 0
1255 202 0
1256 216 1
1257 321 0
1258 214 1
1259 16 0
1260 321 1
1261 368 1
1262 472 1
1263 308 1
1264 396 1
1265 192 0
1266 272 0
1267 439 1
1268 151 0
1269 146 1
1270 326 1
1271 496 1
1272 325 0
1273 354 1
1274 304 1
1275 472 1
1276 92 1
1277 281 1
1278 151 1
1279 424 0
1280 59 1
1281 489 0
1282 162 1
1283 372 1
1284 66 1
1285 419 0
1286 228 1
1287 297 1
1288 75 0
1289 455 0
1290 255 1
1291 367 1
1292 109 1
1293 145 0
1294 471 0
1295 42 0
1296 166 0
1297 96 1
1298 184 1
1299 4 1
1300 348 1
1301 4 1
1302 192 1
1303 492 1
1304 187 1
1305 9 1
1306 89 1
1307 24 1
1308 258 0
1309 75 1
1310 230 1
1311 111 1
1312 392 1
1313 87 1
1314 38 0
1315 188 1
1316 388 1
1317 197 1
1318 367 0
1319 209 0
1320 233 1
1321 231 0
1322 338 1
1323 136 1
1324 426 0
1325 177 1
1326 72 0
1327 286 1
1328 369 1
1329 403 1
1330 338 1
1331 28 0
1332 147 0
1333 30 1
1334 149 0
1335 302 0
1336 202 1
1337 66 0
1338 152 0
1339 499 1
1340 286 0
1341 86 0
1342 327 1
1343 186 1
1344 108 0
1345 338 0
1346 161 1
1347 278 1
1348 464 1
1349 184 1
1350 292 0
1351 486 1
1352 255 1
1353 14 1
1354 500 1
1355 347 1
1356 424 1
1357 125 1
1358 167 0
1359 172 1
1360 263 0
1361 338 0
1362 366 1
1363 477 1
1364 159 1
1365 297 0
1366 382 1
1367 435 1
1368 60 0
1369 406 1
1370 197 0
1371 327 1
1372 38 0
1373 97 1
1374 508 1
1375 226 1
1376 269 0
1377 429 1
1378 415 1
1379 190 1
1380 292 0
1381 6 1
1382 123 0
1383 164 1
1384 126 1
1385 234 0
1386 176 1
1387 307 1
1388 119 1
1389 292 1
1390 163 1
1391 122 0
1392 445 1
1393 173 1
1394 182 1
1395 287 1
1396 341 1
1397 1 0
1398 98 1
1399 10 0
1400 479 1
1401 419 0
1402 421 0
1403 360 1
1404 492 1
1405 402 0
1406 23 0
1407 321 1
1408 310 1
1409 52 1
1410 221 1
1411 457 1
1412 378 1
1413 261 1
1414 367 1
1415 444 0
1416 131 1
1417 354 1
1418 442 1
1419 326 1
1420 219 1
1421 314 1
1422 105 1
1423 72 1
1424 364 1
1425 270 0
1426 336 0
1427 0 0
1428 420 1
1429 42 0
1430 148 0
1431 359 1
1432 202 1
1433 65 1
1434 408 0
1435 430 1
1436 482 0
1437 359 1
1438 232 1
1439 236 1
1440 427 0
1441 34 1
1442 469 0
1443 330 1
1444 39 1
1445 401 1
1446 93 1
1447 338 1
1448 454 1
1449 429 1
1450 156 1
1451 213 1
1452 456 0
1453 77 0
1454 237 0
1455 137 1
1456 183 0
1457 152 1
1458 77 0
1459 265 1
1460 90 1
1461 47 0
1462 407 1
1463 479 1
1464 22 1
1465 447 1
1466 492 1
1467 307 0
1468 84 1
1469 361 1
1470 442 1
1471 348 1
1472 31 1
1473 1 1
1474 217 1
1475 350 0
1476 296 1
1477 363 1
1478 16 1
1479 289 1
1480 474 0
1481 89 1
1482 377 1
1483 130 1
1484 14 1
1485 145 1
1486 224 1
1487 188 1
1488 355 1
1489 108 0
1490 201 0
1491 242 1
1492 90 1
1493 52 0
1494 171 0
1495 17 1
1496 58 0
1497 337 0
1498 374 1
1499 130 1
1500 192 1
1501 461 0
1502 2 1
1503 34 0
1504 202 1
1505 293 0
1506 472 1
1507 262 1
1508 375 1
1509 31 1
1510 18 0
1511 44 1
1512 408 1
1513 255 1
1514 464 1
1515 404 1
1516 405 0
1517 435 1
1518 496 1
1519 127 1
1520 483 0
1521 463 1
1522 190 1
1523 242 1
1524 401 0
1525 91 0
1526 65 1
1527 239 0
1528 133 1
1529 107 1
1530 496 0
1531 235 0
1532 230 1
1533 160 0
1534 502 0
1535 148 1
1536 70 1
1537 155 0
1538 188 1
1539 187 1
1540 415 1
1541 243 0
1542 159 1
1543 188 1
1544 83 1
1545 380 1
1546 170 0
1547 460 1
1548 10 1
1549 360 0
1550 270 1
1551 221 1
1552 99 1
1553 473 1
1554 9 0
1555 492 0
1556 174 1
1557 139 0
1558 452 1
1559 497 1
1560 496 0
1561 94 1
1562 89 0
1563 428 1
1564 26 0
1565 355 1
1566 148 0
1567 0 0
1568 188 1
1569 278 1
1570 368 1
1571 365 1
1572 358 0
1573 237 1
1574 195 1
1575 69 0
1576 337 1
1577 209 0
1578 79 1
1579 398 1
1580 277 1
1581 146 1
1582 182 1
1583 34 0
1584 236 1
1585 439 1
1586 316 1
1587 509 1
1588 162 0
1589 208 0
1590 205 1
1591 410 1
1592 312 0
1593 331 0
1594 108 1
1595 113 0
1596 206 1
1597 44 0
1598 22 1
1599 121 1
1600 6 1
1601 224 1
1602 90 1
1603 359 0
1604 204 0
1605 481 1
1606 79 1
1607 314 1
1608 362 1
1609 17 0
1610 226 1
1611 471 0
1612 261 1
1613 183 0
1614 337 0
1615 413 1
1616 482 1
1617 27 0
1618 477 1
1619 58 1
1620 188 1
1621 453 0
1622 282 1
1623 20 1
1624 264 0
1625 220 0
1626 39 1
1627 156 1
1628 58 1
1629 328 1
1630 389 1
1631 100 1
1632 104 1
1633 167 0
1634 386 0
1635 115 1
1636 126 0
1637 331 0
1638 315 1
1639 158 1
1640 261 0
1641 431 1
1642 49 1
1643 473 0
1644 161 1
1645 246 1
1646 396 1
1647 145 1
1648 345 1
1649 443 1
1650 409 1
1651 157 0
1652 106 1
1653 177 1
1654 202 1
1655 234 1
1656 75 1
1657 125 0
1658 105 1
1659 485 0
1660 253 0
1661 51 0
1662 439 0
1663 1 1
1664 381 0
1665 240 1
1666 365 0
1667 50 1
1668 376 1
1669 127 0
1670 435 1
1671 403 1
1672 389 1
1673 379 0
1674 490 1
1675 504 1
1676 320 1
1677 244 0
1678 114 0
1679 268 1
1680 51 1
1681 9 1
1682 397 1
1683 250 0
1684 159 0
1685 76 1
1686 228 1
1687 338 1
1688 242 1
1689 345 0
1690 306 0
1691 327 1
1692 257 0
1693 237 0
1694 178 1
1695 228 1
1696 377 1
1697 136 1
1698 169 0
1699 271 1
1700 125 1
1701 156 1
1702 61 1
1703 205 1
1704 446 1
1705 270 1
1706 125 1
1707 358 1
1708 403 1
1709 116 1
1710 336 0
1711 301 1
1712 454 1
1713 339 1
1714 58 1
1715 186 1
1716 192 1
1717 410 1
1718 200 0
1719 172 1
1720 400 0
1721 123 1
1722 274 0
1723 270 1
1724 311 0
1725 238 1
1726 474 0
1727 212 1
1728 212 1
1729 277 0
1730 396 0
1731 326 1
1732 168 1
1733 457 0
1734 458 1
1735 249 0
1736 434 1
1737 236 1
1738 87 1
1739 365 1
1740 508 1
1741 26 0
1742 377 1
1743 125 0
1744 24 0
1745 222 1
1746 100 1
1747 370 1
1748 391 1
1749 381 1
1750 309 1
1751 49 0
1752 364 1
1753 303 0
1754 407 1
1755 212 0
1756 123 1
1757 112 0
1758 222 1
1759 452 0
1760 384 1
1761 29 0
1762 329 1
1763 114 1
1764 79 1
1765 421 1
1766 487 1
1767 493 1
1768 372 1
1769 27 0
1770 316 0
1771 419 0
1772 222 1
1773 174 0
1774 130 1
1775 53 0
1776 25 1
1777 232 0
1778 353 1
1779 436 1
1780 76 1
1781 54 1
1782 52 1
1783 139 1
1784 67 1
1785 437 0
1786 22 1
1787 57 1
1788 367 1
1789 51 1
1790 220 1
1791 246 1
1792 440 1
1793 90 1
1794 188 0
1795 460 0
1796 236 1
1797 190 1
1798 296 0
1799 456 1
1800 112 1
1801 491 1
1802 92 0
1803 251 1
1804 13 1
1805 320 1
1806 150 1
1807 352 0
1808 407 1
1809 107 1
1810 331 0
1811 350 1
1812 316 1
1813 90 1
1814 104 0
1815 209 1
1816 165 0
1817 223 1
1818 100 1
1819 79 1
1820 138 0
1821 220 1
1822 328 0
1823 112 0
1824 376 1
1825 311 0
1826 21 1
1827 0 0
1828 307 1
1829 311 1
1830 381 1
1831 373 0
1832 73 0
1833 166 1
1834 433 0
1835 32 1
1836 7 1
1837 476 1
1838 186 1
1839 50 0
1840 42 0
1841 122 1
1842 128 0
1843 273 0
1844 85 1
1845 82 1
1846 468 1
1847 247 1
1848 285 1
1849 459 1
1850 148 0
1851 396 1
1852 105 0
1853 362 1
1854 312 1
1855 216 1
1856 8 1
1857 419 1
1858 333 0
1859 317 0
1860 1 1
1861 500 1
1862 88 1
1863 245 1
1864 140 1
1865 326 0
1866 48 0
1867 188 1
1868 64 0
1869 189 1
1870 198 1
1871 221 1
1872 105 0
1873 469 0
1874 57 1
1875 90 1
1876 37 1
1877 272 1
1878 190 1
1879 371 0
1880 73 1
1881 236 1
1882 399 1
1883 19 1
1884 209 1
1885 201 1
1886 485 1
1887 358 1
1888 297 0
1889 263 1
1890 466 1
1891 285 1
1892 178 1
1893 373 1
1894 436 1
1895 444 0
1896 165 1
1897 247 1
1898 466 1
1899 261 0
1900 218 0
1901 445 1
1902 247 1
1903 145 1
1904 101 0
1905 261 1
1906 506 0
1907 432 1
1908 337 1
1909 33 0
1910 273 1
1911 7 1
1912 9 1
1913 364 0
1914 264 1
1915 4 0
1916 450 1
1917 37 1
1918 105 1
1919 94 0
1920 335 1
1921 135 1
1922 264 1
1923 505 1
1924 97 0
1925 227 1
1926 250 1
1927 171 0
1928 232 1
1929 98 0
1930 13 1
1931 340 0
1932 41 1
1933 12 1
1934 176 0
1935 224 0
1936 463 0
1937 204 1
1938 161 0
1939 181 0
1940 482 0
1941 372 1
1942 387 0
1943 355 0
1944 441 0
1945 478 1
1946 427 1
1947 279 1
1948 302 1
1949 359 0
1950 270 1
1951 351 0
1952 177 0
1953 57 1
1954 499 1
1955 340 1
1956 391 1
1957 438 0
1958 490 1
1959 251 0
1960 480 1
1961 109 0
1962 272 1
1963 100 1
1964 423 1
1965 287 1
1966 404 0
1967 23 0
1968 428 1
1969 153 0
1970 191 1
1971 251 1
1972 312 0
1973 213 0
1974 207 1
1975 75 1
1976 46 0
1977 319 1
1978 444 1
1979 127 1
1980 240 1
1981 285 1
1982 416 0
1983 460 1
1984 261 1
1985 242 1
1986 213 1
1987 397 1
1988 416 0
1989 307 1
1990 437 1
1991 35 1
1992 438 1
1993 163 1
1994 7 1
1995 473 1
1996 68 0
1997 507 0
1998 302 1
1999 308 1
2000 305 1
2001 122 1
2002 277 1
2003 405 1
2004 363 0
2005 41 1
2006 328 1
2007 135 1
2008 174 1
2009 372 1
2010 462 0
2011 172 1
2012 328 1
2013 376 0
2014 371 1
2015 300 0
2016 469 0
2017 428 1
2018 175 0
2019 164 1
2020 269 0
2021 319 0
2022 26 0
2023 215 1
2024 115 0
2025 126 0
2026 285 1
2027 341 1
2028 85 1
2029 350 0
2030 126 1
2031 367 0
2032 306 1
2033 65 0
2034 353 1
2035 509 0
2036 180 0
2037 200 1
2038 7 0
2039 151 1
2040 365 1
2041 444 0
2042 193 0
2043 497 0
2044 227 1
2045 224 1
2046 221 1
2047 310 1
2048 111 0
2049 498 1
2050 221 1
2051 448 1
2052 50 1
2053 352 0
2054 426 1
2055 434 1
2056 397 0
2057 165 1
2058 387 0
2059 358 0
2060 362 0
2061 457 1
2062 408 0
2063 91 0
2064 249 1
2065 217 0
2066 449 1
2067 106 0
2068 38 1
2069 301 1
2070 195 1
2071 489 0
2072 337 0
2073 35 0
2074 297 1
2075 319 1
2076 339 0
2077 94 0
2078 140 0
2079 501 1
2080 137 1
2081 222 1
2082 236 1
2083 320 1
2084 148 1
2085 101 1
2086 81 1
2087 170 0
2088 225 1
2089 506 1
2090 472 1
2091 415 1
2092 326 1
2093 410 0
2094 57 1
2095 90 1
2096 482 0
2097 15 1
2098 2 0
2099 355 1
2100 63 0
2101 110 1
2102 410 0
2103 436 1
2104 358 1
2105 264 1
2106 491 1
2107 111 0
2108 41 1
2109 9 1
2110 157 1
2111 37 0
2112 284 0
2113 82 1
2114 4 0
2115 53 1
2116 128 1
2117 466 0
2118 315 1
2119 280 1
2120 58 0
2121 484 0
2122 203 0
2123 220 1
2124 224 0
2125 88 1
2126 328 1
2127 255 1
2128 304 1
2129 133 1
2130 8 1
2131 247 0
2132 221 0
2133 419 0
2134 340 1
2135 62 1
2136 223 1
2137 439 1
2138 377 1
2139 416 0
2140 250 1
2141 216 1
2142 373 0
2143 425 1
2144 42 0
2145 347 1
2146 488 1
2147 442 1
2148 33 0
2149 479 1
2150 413 1
2151 134 0
2152 323 1
2153 169 1
2154 466 0
2155 25 1
2156 323 1
2157 147 1
2158 75 0
2159 98 0
2160 492 1
2161 422 1
2162 275 1
2163 31 1
2164 450 1
2165 425 1
2166 286 1
2167 223 1
2168 367 0
2169 161 1
2170 212 1
2171 402 0
2172 172 1
2173 339 0
2174 101 0
2175 108 1
2176 117 1
2177 425 1
2178 119 1
2179 444 1
2180 73 0
2181 284 1
2182 154 1
2183 459 1
2184 263 1
2185 79 1
2186 423 1
2187 245 1
2188 393 0
2189 204 1
2190 256 1
2191 322 1
2192 77 1
2193 0 0
2194 310 1
2195 256 1
2196 38 1
2197 233 0
2198 411 0
2199 458 0
2200 418 0
2201 255 0
2202 509 1
2203 288 1
2204 319 1
2205 122 1
2206 39 0
2207 311 1
2208 44 1
2209 57 1
2210 499 1
2211 100 1
2212 217 0
2213 474 1
2214 259 1
2215 408 1
2216 450 0
2217 371 0
2218 16 1
2219 76 0
2220 386 1
2221 273 1
2222 5 1
2223 286 0
2224 257 1
2225 148 1
2226 19 0
2227 19 1
2228 326 0
2229 98 1
2230 406 1
2231 498 1
2232 22 1
2233 411 1
2234 253 0
2235 246 1
2236 48 0
2237 427 0
2238 466 0
2239 485 0
2240 419 0
2241 205 0
2242 244 1
2243 419 1
2244 207 1
2245 391 0
2246 386 1
2247 193 1
2248 100 1
2249 318 1
2250 455 1
2251 228 0
2252 65 1
2253 429 0
2254 93 0
2255 107 1
2256 399 1
2257 184 1
2258 408 0
2259 449 1
2260 355 1
2261 463 1
2262 71 1
2263 1 0
2264 496 0
2265 141 1
2266 374 1
2267 178 1
2268 387 1
2269 333 1
2270 373 1
2271 226 1
2272 369 0
2273 13 1
2274 248 1
2275 117 1
2276 26 0
2277 196 1
2278 472 1
2279 12 1
2280 388 1
2281 5 0
2282 395 1
2283 54 0
2284 25 1
2285 114 1
2286 444 1
2287 405 1
2288 495 1
2289 442 1
2290 114 1
2291 326 0
2292 503 0
2293 491 0
2294 81 1
2295 29 1
2296 20 1
2297 84 1
2298 471 1
2299 50 0
2300 142 1
2301 257 0
2302 249 0
2303 251 0
2304 315 1
2305 467 0
2306 106 1
2307 314 0
2308 39 1
2309 180 0
2310 161 0
2311 461 0
2312 497 0
2313 341 0
2314 47 1
2315 317 1
2316 299 0
2317 10 0
2318 470 0
2319 144 1
2320 317 0
2321 449 1
2322 128 1
2323 138 0
2324 292 0
2325 159 1
2326 399 1
2327 251 0
2328 19 1
2329 207 1
2330 217 1
2331 509 0
2332 460 1
2333 299 0
2334 143 1
2335 58 1
2336 417 1
2337 500 1
2338 376 0
2339 75 0
2340 319 0
2341 356 0
2342 218 0
2343 339 1
2344 434 0
2345 47 1
2346 304 0
2347 21 1
2348 438 1
2349 36 1
2350 126 1
2351 275 1
2352 217 0
2353 452 0
2354 266 1
2355 496 1
2356 506 1
2357 27 1
2358 184 1
2359 323 1
2360 146 0
2361 123 1
2362 161 1
2363 66 0
2364 208 1
2365 414 1
2366 451 1
2367 241 0
2368 189 0
2369 496 1
2370 72 1
2371 274 1
2372 59 1
2373 155 1
2374 30 0
2375 96 1
2376 465 1
2377 117 1
2378 107 0
2379 459 1
2380 158 1
2381 13 1
2382 287 1
2383 385 0
2384 181 1
2385 165 1
2386 88 1
2387 66 1
2388 102 0
2389 134 1
2390 445 0
2391 309 1
2392 322 1
2393 261 1
2394 481 1
2395 108 1
2396 446 0
2397 356 1
2398 119 0
2399 443 0
2400 346 1
2401 425 0
2402 409 1
2403 325 1
2404 76 0
2405 134 1
2406 181 1
2407 155 1
2408 103 1
2409 295 1
2410 499 0
2411 458 1
2412 268 1
2413 20 1
2414 279 1
2415 177 1
2416 433 0
2417 422 0
2418 457 1
2419 205 1
2420 60 0
2421 416 1
2422 144 0
2423 488 0
2424 350 0
2425 194 1
2426 39 1
2427 264 0
2428 191 1
2429 185 0
2430 491 1
2431 458 1
2432 200 1
2433 490 1
2434 481 0
2435 170 0
2436 269 1
2437 16 1
2438 391 1
2439 405 1
2440 140 1
2441 60 0
2442 485 1
2443 360 1
2444 224 0
2445 127 0
2446 142 0
2447 363 1
2448 318 1
2449 489 1
2450 273 0
2451 64 0
2452 479 0
2453 189 0
2454 457 1
2455 82 0
2456 45 0
2457 267 0
2458 83 0
2459 187 0
2460 25 1
2461 385 1
2462 134 0
2463 382 0
2464 326 1
2465 358 1
2466 255 1
2467 375 1
2468 375 1
2469 457 0
2470 139 1
2471 409 1
2472 427 1
2473 206 0
2474 28 0
2475 180 1
2476 324 1
2477 475 0
2478 167 1
2479 144 1
2480 70 1
2481 199 1
2482 287 1
2483 422 0
2484 501 0
2485 346 1
2486 271 0
2487 188 0
2488 156 0
2489 443 1
2490 21 0
2491 492 0
2492 41 1
2493 37 1
2494 166 0
2495 446 1
2496 46 1
2497 434 0
2498 71 1
2499 357 1
2500 78 1
2501 448 1
2502 311 1
2503 154 0
2504 392 1
2505 396 0
2506 72 1
2507 375 1
2508 70 0
2509 194 1
2510 84 1
2511 346 0
2512 9 0
2513 336 1
2514 489 1
2515 398 0
2516 249 0
2517 278 1
2518 334 0
2519 390 1
2520 391 0
2521 245 0
2522 399 1
2523 450 0
2524 13 1
2525 69 0
2526 391 1
2527 482 1
2528 429 1
2529 225 1
2530 237 1
2531 465 0
2532 321 1
2533 281 0
2534 410 0
2535 233 0
2536 181 1
2537 118 1
2538 79 1
2539 285 1
2540 446 0
2541 444 1
2542 3 1
2543 90 1
2544 469 1
2545 203 1
2546 301 0
2547 427 0
2548 8 0
2549 258 1
2550 231 1
2551 73 1
2552 204 1
2553 99 1
2554 503 1
2555 248 1
2556 482 1
2557 129 1
2558 471 1
2559 152 1
2560 406 1
2561 371 1
2562 257 1
2563 182 0
2564 358 1
2565 175 1
2566 165 1
2567 107 0
2568 311 1
2569 16 1
2570 463 1
2571 105 0
2572 319 1
2573 155 0
2574 197 0
2575 454 1
2576 24 1
2577 163 1
2578 347 1
2579 420 1
2580 19 0
2581 400 0
2582 205 0
2583 299 1
2584 77 1
2585 54 1
2586 451 1
2587 210 0
2588 10 0
2589 156 1
2590 35 1
2591 45 0
2592 288 0
2593 214 1
2594 298 1
2595 65 0
2596 81 1
2597 247 1
2598 336 0
2599 418 0
2600 223 1
2601 187 1
2602 247 0
2603 169 1
2604 254 1
2605 337 1
2606 298 0
2607 221 1
2608 463 1
2609 457 1
2610 303 1
2611 442 1
2612 350 1
2613 414 0
2614 87 0
2615 333 1
2616 156 1
2617 218 0
2618 281 1
2619 151 1
2620 457 1
2621 58 1
2622 233 0
2623 448 0
2624 459 0
2625 310 1
2626 152 0
2627 509 0
2628 165 1
2629 423 1
2630 98 0
2631 306 0
2632 1 1
2633 21 1
2634 18 1
2635 51 0
2636 405 1
2637 465 0
2638 262 0
2639 58 1
2640 161 0
2641 208 1
2642 227 1
2643 49 0
2644 366 1
2645 7 1
2646 81 1
2647 81 1
2648 73 1
2649 237 1
2650 19 1
2651 311 1
2652 270 1
2653 296 1
2654 31 0
2655 488 1
2656 339 0
2657 249 1
2658 266 0
2659 322 1
2660 261 1
2661 459 1
2662 387 1
2663 169 1
2664 387 1
2665 296 1
2666 438 1
2667 64 0
2668 235 1
2669 93 1
2670 330 1
2671 331 1
2672 130 0
2673 89 0
2674 369 1
2675 263 1
2676 484 1
2677 79 0
2678 368 1
2679 56 0
2680 398 0
2681 395 1
2682 193 1
2683 398 1
2684 181 1
2685 439 1
2686 307 1
2687 416 0
2688 74 1
2689 449 1
2690 278 1
2691 309 0
2692 30 1
2693 486 1
2694 381 1
2695 6 1
2696 1 1
2697 340 1
2698 223 0
2699 367 0
2700 464 1
2701 151 0
2702 300 0
2703 442 0
2704 52 1
2705 181 1
2706 328 1
2707 326 1
2708 240 1
2709 247 1
2710 80 0
2711 253 0
2712 400 1
2713 20 1
2714 56 0
2715 390 1
2716 428 1
2717 15 1
2718 470 1
2719 466 1
2720 72 1
2721 86 0
2722 117 1
2723 121 1
2724 460 1
2725 213 1
2726 366 0
2727 365 1
2728 293 1
2729 242 1
2730 8 1
2731 103 1
2732 408 1
2733 399 0
2734 319 1
2735 125 1
2736 492 1
2737 154 0
2738 368 1
2739 73 0
2740 388 1
2741 220 1
2742 496 1
2743 373 0
2744 334 0
2745 373 0
2746 99 1
2747 140 1
2748 467 1
2749 238 1
2750 257 1
2751 30 1
2752 318 1
2753 211 0
2754 204 1
2755 495 1
2756 442 1
2757 199 0
2758 154 1
2759 452 1
2760 39 1
2761 192 1
2762 153 0
2763 390 1
2764 106 1
2765 131 1
2766 225 1
2767 476 0
2768 472 0
2769 210 1
2770 334 0
2771 121 0
2772 146 0
2773 439 1
2774 126 1
2775 22 1
2776 440 0
2777 430 1
2778 418 1
2779 320 1
2780 300 1
2781 123 1
2782 484 1
2783 430 0
2784 138 1
2785 486 0
2786 453 1
2787 483 1
2788 34 1
2789 133 1
2790 409 0
2791 70 0
2792 241 1
2793 38 1
2794 172 0
2795 418 1
2796 299 1
2797 231 0
2798 502 0
2799 465 0
2800 26 0
2801 475 1
2802 154 1
2803 312 1
2804 94 1
2805 221 1
2806 472 1
2807 76 0
2808 25 1
2809 97 0
2810 473 1
2811 31 0
2812 419 0
2813 153 0
2814 157 1
2815 414 0
2816 293 0
2817 407 1
2818 190 1
2819 126 1
2820 17 0
2821 22 1
2822 254 1
2823 437 0
2824 214 1
2825 348 0
2826 412 1
2827 312 1
2828 385 1
2829 94 1
2830 445 1
2831 470 1
2832 379 1
2833 38 1
2834 450 1
2835 88 0
2836 255 1
2837 319 0
2838 82 1
2839 150 1
2840 271 1
2841 473 1
2842 239 0
2843 366 0
2844 485 0
2845 400 1
2846 332 1
2847 393 1
2848 219 0
2849 386 1
2850 467 0
2851 498 1
2852 458 1
2853 83 1
2854 427 0
2855 198 1
2856 93 0
2857 106 0
2858 181 1
2859 318 1
2860 167 0
2861 322 1
2862 442 1
2863 444 0
2864 509 0
2865 182 1
2866 158 1
2867 41 0
2868 222 1
2869 390 0
2870 230 0
2871 72 0
2872 493 1
2873 18 0
2874 394 0
2875 66 1
2876 289 0
2877 423 1
2878 337 1
2879 244 1
2880 423 1
2881 293 1
2882 341 0
2883 431 1
2884 202 0
2885 65 1
2886 261 1
2887 500 0
2888 187 1
2889 281 1
2890 88 1
2891 505 1
2892 479 1
2893 89 1
2894 393 1
2895 5 1
2896 504 1
2897 377 1
2898 376 1
2899 389 1
2900 353 0
2901 373 1
2902 463 1
2903 92 1
2904 243 0
2905 465 1
2906 83 1
2907 454 1
2908 496 1
2909 104 1
2910 111 1
2911 175 0
2912 280 0
2913 441 1
2914 84 0
2915 469 1
2916 8 1
2917 285 1
2918 58 1
2919 355 1
2920 113 1
2921 250 1
2922 388 1
2923 504 1
2924 99 1
2925 115 0
2926 207 1
2927 317 0
2928 76 1
2929 378 0
2930 313 0
2931 341 1
2932 32 1
2933 155 1
2934 365 1
2935 9 1
2936 437 1
2937 38 1
2938 325 1
2939 51 0
2940 2 1
2941 507 0
2942 328 1
2943 441 1
2944 307 1
2945 180 1
2946 390 0
2947 303 1
2948 381 1
2949 130 1
2950 75 0
2951 78 0
2952 270 0
2953 190 1
2954 20 0
2955 381 1
2956 408 0
2957 103 1
2958 437 0
2959 247 1
2960 87 1
2961 216 1
2962 311 1
2963 135 1
2964 212 0
