1876
1 286 1
2 493 1
3 637 1
4 426 1
5 451 1
6 769 0
7 169 1
8 490 1
9 162 1
10 694 1
11 836 0
12 555 0
13 800 1
14 769 1
15 523 1
16 648 1
17 588 1
18 759 1
19 808 1
20 736 1
21 657 1
22 389 0
23 103 0
24 686 0
25 642 1
26 748 1
27 62 0
28 585 1
29 374 0
30 229 1
31 441 0
32 15 0
33 755 1
34 777 0
35 695 0
36 81 0
37 63 1
38 69 1
39 86 1
40 14 0
41 240 0
42 98 1
43 588 1
44 533 0
45 559 0
46 168 1
47 162 1
48 766 1
49 540 1
50 371 0
51 316 1
52 478 1
53 291 1
54 128 1
55 252 1
56 56 0
57 272 1
58 163 1
59 419 0
60 131 0
61 195 1
62 715 1
63 65 1
64 11 0
65 283 1
66 790 1
67 417 1
68 347 1
69 551 0
70 668 1
71 831 0
72 665 0
73 461 1
74 486 1
75 47 0
76 381 1
77 713 1
78 181 1
79 681 0
80 119 0
81 790 0
82 86 0
83 68 1
84 652 1
85 490 1
86 160 1
87 566 1
88 315 1
89 175 1
90 430 1
91 155 1
92 46 0
93 11 0
94 169 0
95 421 1
96 811 1
97 781 1
98 308 0
99 699 0
100 837 0
101 802 1
102 187 0
103 344 1
104 286 1
105 40 1
106 324 0
107 477 0
108 432 1
109 813 1
110 335 1
111 473 1
112 335 1
113 780 1
114 839 0
115 340 0
116 560 1
117 350 1
118 615 0
119 832 0
120 797 0
121 354 0
122 435 0
123 14 1
124 688 0
125 838 1
126 583 0
127 60 1
128 455 1
129 512 1
130 210 1
131 647 0
132 730 1
133 254 1
134 429 1
135 770 0
136 480 1
137 23 0
138 478 0
139 305 0
140 233 1
141 712 1
142 344 1
143 471 1
144 767 1
145 616 0
146 357 1
147 270 1
148 151 0
149 110 1
150 132 1
151 542 0
152 312 1
153 49 1
154 186 0
155 480 1
156 20 1
157 604 1
158 273 1
159 746 0
160 581 1
161 753 1
162 516 1
163 763 1
164 283 0
165 830 0
166 61 1
167 395 1
168 42 1
169 746 1
170 382 0
171 16 1
172 95 1
173 349 1
174 218 1
175 144 0
176 134 1
177 261 0
178 25 1
179 686 0
180 419 1
181 92 0
182 146 1
183 435 1
184 514 0
185 631 1
186 298 0
187 35 1
188 422 1
189 343 1
190 634 1
191 808 1
192 121 1
193 787 1
194 829 0
195 668 1
196 33 1
197 250 1
198 830 1
199 583 1
200 390 1
201 763 1
202 384 1
203 450 1
204 336 0
205 182 1
206 649 1
207 476 0
208 582 0
209 498 1
210 627 1
211 336 1
212 449 1
213 208 1
214 427 1
215 299 0
216 742 0
217 27 0
218 382 1
219 668 1
220 639 0
221 426 0
222 363 1
223 794 0
224 55 1
225 248 1
226 134 1
227 711 1
228 325 1
229 170 1
230 447 0
231 305 1
232 54 1
233 419 1
234 392 1
235 524 0
236 459 1
237 209 1
238 588 1
239 505 1
240 817 0
241 694 1
242 491 0
243 57 1
244 214 0
245 305 0
246 66 0
247 586 1
248 740 0
249 771 0
250 614 1
251 54 1
252 135 0
253 419 1
254 3 1
255 735 0
256 831 0
257 294 1
258 724 1
259 29 1
260 794 0
261 122 1
262 742 0
263 348 0
264 450 1
265 290 0
266 91 1
267 28 1
268 190 0
269 318 1
270 739 1
271 595 1
272 586 0
273 151 0
274 824 1
275 771 0
276 97 0
277 368 0
278 551 1
279 843 1
280 358 1
281 802 1
282 214 1
283 45 1
284 646 1
285 179 1
286 367 1
287 0 0
288 615 0
289 572 0
290 545 1
291 733 1
292 126 1
293 4 0
294 339 0
295 415 0
296 718 1
297 516 1
298 569 1
299 73 1
300 720 1
301 277 1
302 823 0
303 349 1
304 10 1
305 553 1
306 154 1
307 566 1
308 277 1
309 753 1
310 155 1
311 683 1
312 61 0
313 541 1
314 710 1
315 368 1
316 449 1
317 826 0
318 718 1
319 387 1
320 832 1
321 652 1
322 117 1
323 216 1
324 525 1
325 379 0
326 660 1
327 75 0
328 151 0
329 88 1
330 813 0
331 814 1
332 52 1
333 425 0
334 705 1
335 21 1
336 488 0
337 627 1
338 414 1
339 154 0
340 548 0
341 142 1
342 118 1
343 452 1
344 416 1
345 499 1
346 579 1
347 168 1
348 843 1
349 557 1
350 773 1
351 129 1
352 620 1
353 389 1
354 335 0
355 495 1
356 659 0
357 614 1
358 223 1
359 414 1
360 342 0
361 605 0
362 116 0
363 708 1
364 735 0
365 183 1
366 579 0
367 661 1
368 436 1
369 755 0
370 116 1
371 809 1
372 410 1
373 74 1
374 165 0
375 9 1
376 138 1
377 797 1
378 756 1
379 582 0
380 28 0
381 45 0
382 446 1
383 329 1
384 64 0
385 176 1
386 226 1
387 323 1
388 84 1
389 638 1
390 468 1
391 338 0
392 843 1
393 442 1
394 531 1
395 768 1
396 526 1
397 536 0
398 255 0
399 376 0
400 686 1
401 714 1
402 273 0
403 71 1
404 171 1
405 188 1
406 724 1
407 613 1
408 185 1
409 843 0
410 602 0
411 12 0
412 528 1
413 622 1
414 150 1
415 257 1
416 287 0
417 485 1
418 744 1
419 286 1
420 633 1
421 76 1
422 369 1
423 814 1
424 53 1
425 7 0
426 313 0
427 305 0
428 782 1
429 147 1
430 661 1
431 718 1
432 111 0
433 663 1
434 281 0
435 507 0
436 791 0
437 161 1
438 641 1
439 237 0
440 310 1
441 717 0
442 478 1
443 201 1
444 685 1
445 296 1
446 121 1
447 817 0
448 526 1
449 671 1
450 105 0
451 458 1
452 498 0
453 580 1
454 117 1
455 142 1
456 430 1
457 633 0
458 832 0
459 58 0
460 765 1
461 541 1
462 522 0
463 702 1
464 515 1
465 592 1
466 441 1
467 253 0
468 191 0
469 388 1
470 173 1
471 104 1
472 340 1
473 33 0
474 522 1
475 367 1
476 27 1
477 696 0
478 788 1
479 334 1
480 447 1
481 660 1
482 712 0
483 137 0
484 269 0
485 580 1
486 637 1
487 199 0
488 158 0
489 459 1
490 119 0
491 490 1
492 256 0
493 695 1
494 261 1
495 238 1
496 691 1
497 119 0
498 547 1
499 829 0
500 149 1
501 412 1
502 616 1
503 287 1
504 639 0
505 191 1
506 94 1
507 58 0
508 604 1
509 344 0
510 519 0
511 95 1
512 216 1
513 504 1
514 685 1
515 734 1
516 419 0
517 358 1
518 494 0
519 332 1
520 545 1
521 414 1
522 787 0
523 571 1
524 809 1
525 146 1
526 20 1
527 429 1
528 39 1
529 368 0
530 789 0
531 295 1
532 140 1
533 766 1
534 452 0
535 504 1
536 358 1
537 372 1
538 128 1
539 213 1
540 595 0
541 787 1
542 816 1
543 647 1
544 673 0
545 315 0
546 9 1
547 347 1
548 632 0
549 365 0
550 733 0
551 818 0
552 525 1
553 760 1
554 238 0
555 112 1
556 69 0
557 398 0
558 424 0
559 476 0
560 370 1
561 236 0
562 771 1
563 742 1
564 218 1
565 378 1
566 713 1
567 779 1
568 64 1
569 627 0
570 617 1
571 718 0
572 161 1
573 308 0
574 470 1
575 419 0
576 312 0
577 587 0
578 820 1
579 377 1
580 327 1
581 93 1
582 474 1
583 383 0
584 302 1
585 423 1
586 486 0
587 128 1
588 779 0
589 814 1
590 802 1
591 612 1
592 624 0
593 88 1
594 419 1
595 586 1
596 589 1
597 523 1
598 75 1
599 338 0
600 438 1
601 451 1
602 424 0
603 93 1
604 383 1
605 129 0
606 31 1
607 822 1
608 678 0
609 204 0
610 112 0
611 366 1
612 839 1
613 501 0
614 317 0
615 659 1
616 122 1
617 202 0
618 211 1
619 271 1
620 153 1
621 302 1
622 725 1
623 423 0
624 557 1
625 808 1
626 786 1
627 739 1
628 799 0
629 215 1
630 601 0
631 394 0
632 507 1
633 637 1
634 473 1
635 681 0
636 260 1
637 394 0
638 630 0
639 696 1
640 812 1
641 379 0
642 569 0
643 268 1
644 35 1
645 793 1
646 95 0
647 96 1
648 519 1
649 689 0
650 379 0
651 141 1
652 662 0
653 146 1
654 720 1
655 156 1
656 236 0
657 176 1
658 176 1
659 696 1
660 510 1
661 431 0
662 566 1
663 362 1
664 843 0
665 599 1
666 98 1
667 597 0
668 644 1
669 575 1
670 107 1
671 788 1
672 635 1
673 517 0
674 776 0
675 819 1
676 592 1
677 414 1
678 514 1
679 765 1
680 564 1
681 256 1
682 628 1
683 791 0
684 119 1
685 741 1
686 620 0
687 784 1
688 169 1
689 803 1
690 191 0
691 755 1
692 549 1
693 464 1
694 468 0
695 728 1
696 271 0
697 2 1
698 360 0
699 275 0
700 683 1
701 73 0
702 8 1
703 449 0
704 682 0
705 492 1
706 550 0
707 393 1
708 92 0
709 684 0
710 824 1
711 746 1
712 287 1
713 730 0
714 279 1
715 494 0
716 330 1
717 155 1
718 162 1
719 731 1
720 592 0
721 453 1
722 146 1
723 764 0
724 441 0
725 167 1
726 752 1
727 250 0
728 398 0
729 209 0
730 507 0
731 589 0
732 7 0
733 759 0
734 85 0
735 381 1
736 389 1
737 343 0
738 632 1
739 141 0
740 232 1
741 228 1
742 590 1
743 546 1
744 826 1
745 402 0
746 194 1
747 61 0
748 258 0
749 585 1
750 832 1
751 390 0
752 538 1
753 278 1
754 362 1
755 765 1
756 728 1
757 315 0
758 839 1
759 197 0
760 352 0
761 256 1
762 112 1
763 117 1
764 506 1
765 297 1
766 191 1
767 22 0
768 156 1
769 207 1
770 89 1
771 695 1
772 701 0
773 240 1
774 608 1
775 249 1
776 404 1
777 244 1
778 192 1
779 469 1
780 431 0
781 559 1
782 189 1
783 720 1
784 465 1
785 232 1
786 4 1
787 321 0
788 460 1
789 554 1
790 152 1
791 766 0
792 46 1
793 655 1
794 107 1
795 518 0
796 413 1
797 529 0
798 396 1
799 102 1
800 282 0
801 151 1
802 629 1
803 146 1
804 402 0
805 49 0
806 455 1
807 693 0
808 561 1
809 107 1
810 148 1
811 574 1
812 439 1
813 318 0
814 244 1
815 218 1
816 754 1
817 180 1
818 638 1
819 149 1
820 824 1
821 330 1
822 595 1
823 88 1
824 261 1
825 132 1
826 616 1
827 125 1
828 333 0
829 199 1
830 231 1
831 685 1
832 583 1
833 259 0
834 774 1
835 151 1
836 189 1
837 553 1
838 241 1
839 463 0
840 418 1
841 281 1
842 38 0
843 613 1
844 432 1
845 530 0
846 812 1
847 171 1
848 817 1
849 507 1
850 206 0
851 234 0
852 723 1
853 548 1
854 797 1
855 203 1
856 342 1
857 140 1
858 473 1
859 120 1
860 88 0
861 304 0
862 602 0
863 400 1
864 273 1
865 687 0
866 89 1
867 671 1
868 230 0
869 512 1
870 120 1
871 133 1
872 568 1
873 212 1
874 395 1
875 682 1
876 351 1
877 119 0
878 830 1
879 49 1
880 796 1
881 534 0
882 393 0
883 433 1
884 101 1
885 387 0
886 183 1
887 52 1
888 376 0
889 529 1
890 179 0
891 836 1
892 89 1
893 220 1
894 211 1
895 759 0
896 588 1
897 628 1
898 389 1
899 556 1
900 743 1
901 293 1
902 200 0
903 200 1
904 192 1
905 83 0
906 678 1
907 270 1
908 824 1
909 208 1
910 128 0
911 565 1
912 365 0
913 435 1
914 145 1
915 612 1
916 670 0
917 337 0
918 834 0
919 182 1
920 3 0
921 552 1
922 134 0
923 816 0
924 680 0
925 303 1
926 97 0
927 262 0
928 798 1
929 585 0
930 424 1
931 568 1
932 625 0
933 487 0
934 393 1
935 162 0
936 517 1
937 446 0
938 272 1
939 132 1
940 391 1
941 497 1
942 40 1
943 319 0
944 192 1
945 518 0
946 623 1
947 233 1
948 96 1
949 598 0
950 339 1
951 40 0
952 210 0
953 244 1
954 484 1
955 803 1
956 180 0
957 732 1
958 796 0
959 426 1
960 691 0
961 127 0
962 768 1
963 454 1
964 30 0
965 722 1
966 549 1
967 808 0
968 830 1
969 610 0
970 582 1
971 294 1
972 389 1
973 136 0
974 814 1
975 696 1
976 30 1
977 497 0
978 765 0
979 398 0
980 739 0
981 746 0
982 404 1
983 570 1
984 68 1
985 653 1
986 55 1
987 781 0
988 496 1
989 366 0
990 3 1
991 493 0
992 407 0
993 413 0
994 249 1
995 71 1
996 454 0
997 799 1
998 680 0
999 197 1
1000 11 1
1001 767 0
1002 533 0
1003 92 1
1004 143 0
1005 17 1
1006 42 0
1007 393 1
1008 22 1
1009 571 0
1010 139 1
1011 841 1
1012 614 1
1013 188 1
1014 685 1
1015 564 1
1016 603 1
1017 344 1
1018 557 1
1019 688 1
1020 477 1
1021 0 0
1022 797 1
1023 551 1
1024 781 1
1025 672 1
1026 287 1
1027 250 1
1028 616 0
1029 85 1
1030 191 1
1031 520 0
1032 718 0
1033 452 0
1034 670 1
1035 283 1
1036 796 1
1037 189 1
1038 258 1
1039 89 1
1040 600 1
1041 695 1
1042 584 0
1043 525 1
1044 119 1
1045 178 1
1046 842 1
1047 686 0
1048 86 1
1049 297 1
1050 384 0
1051 639 1
1052 445 1
1053 236 1
1054 92 1
1055 478 1
1056 456 1
1057 101 1
1058 9 1
1059 130 1
1060 819 1
1061 235 1
1062 590 0
1063 52 0
1064 797 0
1065 168 1
1066 726 1
1067 37 1
1068 158 1
1069 397 0
1070 182 0
1071 310 0
1072 571 1
1073 200 1
1074 620 1
1075 506 1
1076 7 1
1077 777 1
1078 817 1
1079 9 0
1080 128 0
1081 685 1
1082 567 0
1083 548 1
1084 365 1
1085 344 0
1086 342 1
1087 339 0
1088 648 0
1089 231 1
1090 451 1
1091 384 1
1092 632 1
1093 638 1
1094 726 1
1095 108 1
1096 193 0
1097 231 0
1098 39 1
1099 8 0
1100 246 1
1101 105 1
1102 588 1
1103 25 1
1104 565 1
1105 182 1
1106 361 0
1107 843 1
1108 250 1
1109 333 1
1110 652 1
1111 567 1
1112 186 1
1113 128 0
1114 314 0
1115 843 1
1116 70 1
1117 732 0
1118 128 0
1119 417 0
1120 595 1
1121 231 1
1122 534 0
1123 685 1
1124 233 0
1125 496 1
1126 411 0
1127 252 1
1128 599 1
1129 822 1
1130 312 0
1131 424 1
1132 289 1
1133 409 1
1134 435 1
1135 478 0
1136 162 1
1137 722 0
1138 520 0
1139 216 1
1140 103 0
1141 374 1
1142 298 1
1143 265 1
1144 589 0
1145 761 1
1146 642 0
1147 652 1
1148 18 0
1149 716 1
1150 624 1
1151 220 1
1152 425 0
1153 218 1
1154 26 1
1155 435 1
1156 514 1
1157 225 1
1158 805 0
1159 446 1
1160 313 1
1161 818 1
1162 283 0
1163 408 1
1164 422 1
1165 336 0
1166 840 1
1167 568 1
1168 235 1
1169 102 0
1170 588 1
1171 819 1
1172 715 1
1173 652 1
1174 271 0
1175 805 1
1176 196 1
1177 276 0
1178 138 1
1179 148 1
1180 331 1
1181 343 1
1182 623 1
1183 113 0
1184 648 0
1185 69 0
1186 121 1
1187 230 0
1188 669 1
1189 33 0
1190 502 0
1191 260 0
1192 351 1
1193 545 1
1194 589 1
1195 633 0
1196 760 0
1197 613 1
1198 838 1
1199 345 1
1200 310 1
1201 400 1
1202 671 1
1203 422 1
1204 666 1
1205 802 1
1206 29 1
1207 389 0
1208 753 1
1209 452 1
1210 364 1
1211 152 1
1212 798 1
1213 397 1
1214 14 0
1215 799 0
1216 524 1
1217 756 1
1218 351 1
1219 211 1
1220 583 1
1221 76 0
1222 384 1
1223 575 1
1224 349 1
1225 583 0
1226 635 1
1227 573 1
1228 22 1
1229 113 1
1230 448 0
1231 576 0
1232 2 1
1233 690 1
1234 615 1
1235 107 0
1236 437 1
1237 333 1
1238 444 0
1239 62 0
1240 457 1
1241 29 0
1242 748 1
1243 415 1
1244 309 0
1245 176 1
1246 178 1
1247 253 0
1248 820 0
1249 534 1
1250 581 1
1251 310 0
1252 621 1
1253 790 0
1254 287 0
1255 382 0
1256 234 1
1257 573 1
1258 382 0
1259 490 0
1260 39 1
1261 818 1
1262 154 0
1263 398 0
1264 750 1
1265 300 1
1266 524 1
1267 241 1
1268 835 1
1269 734 1
1270 620 0
1271 388 0
1272 49 0
1273 360 0
1274 472 1
1275 706 0
1276 38 1
1277 311 1
1278 271 1
1279 748 1
1280 377 1
1281 243 0
1282 180 0
1283 570 1
1284 252 0
1285 659 1
1286 96 0
1287 249 0
1288 531 0
1289 791 1
1290 195 0
1291 37 0
1292 697 1
1293 7 1
1294 639 1
1295 726 1
1296 112 0
1297 654 1
1298 190 1
1299 676 1
1300 204 1
1301 682 1
1302 60 1
1303 660 1
1304 277 1
1305 117 1
1306 839 1
1307 288 1
1308 84 0
1309 609 1
1310 206 1
1311 261 1
1312 194 1
1313 825 0
1314 662 1
1315 194 0
1316 514 0
1317 749 0
1318 331 1
1319 533 1
1320 119 1
1321 663 0
1322 386 1
1323 598 0
1324 402 1
1325 561 1
1326 432 1
1327 508 1
1328 261 1
1329 379 1
1330 512 0
1331 526 1
1332 819 1
1333 336 1
1334 575 1
1335 494 0
1336 256 1
1337 174 1
1338 632 1
1339 481 1
1340 502 0
1341 164 1
1342 387 0
1343 84 1
1344 528 0
1345 308 1
1346 191 1
1347 170 1
1348 632 1
1349 682 1
1350 112 1
1351 210 1
1352 225 1
1353 164 1
1354 740 0
1355 413 0
1356 424 1
1357 485 1
1358 617 0
1359 196 1
1360 401 1
1361 290 1
1362 492 1
1363 339 1
1364 549 0
1365 9 1
1366 88 1
1367 183 0
1368 186 1
1369 538 1
1370 575 0
1371 477 0
1372 50 0
1373 547 1
1374 268 1
1375 550 1
1376 401 0
1377 843 0
1378 37 0
1379 754 1
1380 94 1
1381 402 1
1382 351 1
1383 710 1
1384 516 1
1385 618 1
1386 722 0
1387 613 1
1388 161 1
1389 808 1
1390 211 1
1391 680 1
1392 721 1
1393 455 0
1394 596 0
1395 713 1
1396 281 1
1397 241 1
1398 224 0
1399 538 1
1400 89 1
1401 353 1
1402 355 1
1403 738 0
1404 648 1
1405 528 1
1406 581 0
1407 207 1
1408 622 1
1409 796 0
1410 395 1
1411 217 1
1412 516 0
1413 45 1
1414 145 0
1415 216 1
1416 689 0
1417 414 1
1418 58 1
1419 296 1
1420 375 1
1421 302 1
1422 555 0
1423 780 1
1424 754 1
1425 72 1
1426 762 1
1427 348 1
1428 330 1
1429 540 1
1430 772 1
1431 293 1
1432 694 1
1433 395 1
1434 168 1
1435 826 1
1436 38 1
1437 653 1
1438 160 1
1439 506 1
1440 685 0
1441 586 1
1442 451 1
1443 402 1
1444 63 1
1445 839 1
1446 435 1
1447 818 1
1448 148 1
1449 189 1
1450 426 1
1451 441 1
1452 666 1
1453 425 0
1454 417 0
1455 263 1
1456 33 0
1457 440 0
1458 305 1
1459 1 0
1460 522 1
1461 785 1
1462 281 0
1463 395 0
1464 706 1
1465 327 1
1466 336 1
1467 751 1
1468 384 1
1469 565 1
1470 844 1
1471 426 1
1472 199 0
1473 97 0
1474 445 1
1475 668 1
1476 308 0
1477 447 1
1478 100 1
1479 601 0
1480 162 1
1481 461 0
1482 5 1
1483 238 1
1484 278 1
1485 559 0
1486 368 1
1487 104 0
1488 373 1
1489 654 1
1490 729 1
1491 308 1
1492 666 0
1493 148 1
1494 333 1
1495 95 1
1496 832 1
1497 577 1
1498 290 0
1499 808 0
1500 354 1
1501 641 1
1502 242 1
1503 658 1
1504 316 1
1505 803 1
1506 310 0
1507 604 1
1508 603 1
1509 265 1
1510 24 0
1511 800 1
1512 498 0
1513 429 1
1514 296 1
1515 92 1
1516 495 1
1517 741 1
1518 634 1
1519 721 1
1520 387 1
1521 517 0
1522 526 0
1523 410 0
1524 395 1
1525 373 0
1526 617 1
1527 11 1
1528 655 0
1529 425 1
1530 628 0
1531 757 1
1532 620 0
1533 382 1
1534 574 1
1535 94 0
1536 304 1
1537 395 1
1538 254 1
1539 481 0
1540 217 0
1541 651 0
1542 765 0
1543 686 0
1544 53 1
1545 680 0
1546 152 1
1547 112 1
1548 826 0
1549 762 1
1550 120 1
1551 251 0
1552 621 1
1553 623 0
1554 189 0
1555 474 0
1556 696 1
1557 823 1
1558 524 1
1559 557 1
1560 298 1
1561 412 1
1562 779 1
1563 590 1
1564 386 1
1565 49 1
1566 730 1
1567 300 1
1568 530 1
1569 116 1
1570 764 1
1571 707 1
1572 238 1
1573 597 1
1574 717 0
1575 75 1
1576 283 0
1577 833 1
1578 379 0
1579 344 1
1580 451 0
1581 8 1
1582 62 1
1583 208 1
1584 182 1
1585 679 1
1586 496 1
1587 83 1
1588 594 0
1589 232 0
1590 571 1
1591 2 1
1592 162 0
1593 439 1
1594 780 1
1595 257 0
1596 758 1
1597 302 1
1598 370 1
1599 781 1
1600 630 1
1601 20 1
1602 738 0
1603 383 1
1604 366 1
1605 319 1
1606 505 0
1607 314 1
1608 524 1
1609 791 1
1610 58 1
1611 639 0
1612 681 0
1613 159 0
1614 187 1
1615 125 1
1616 506 1
1617 465 1
1618 45 1
1619 466 0
1620 200 1
1621 717 1
1622 474 1
1623 740 0
1624 306 1
1625 406 1
1626 255 1
1627 762 0
1628 508 1
1629 724 1
1630 599 1
1631 34 0
1632 578 1
1633 239 1
1634 716 1
1635 403 1
1636 12 0
1637 775 0
1638 459 1
1639 434 1
1640 723 1
1641 497 1
1642 193 0
1643 437 1
1644 71 0
1645 132 1
1646 534 0
1647 511 0
1648 33 0
1649 257 0
1650 823 1
1651 187 1
1652 88 0
1653 57 0
1654 154 1
1655 48 1
1656 699 0
1657 377 1
1658 327 0
1659 329 1
1660 499 1
1661 651 1
1662 841 0
1663 667 1
1664 435 0
1665 360 0
1666 107 1
1667 830 1
1668 664 0
1669 325 0
1670 747 0
1671 217 1
1672 287 1
1673 229 1
1674 778 1
1675 594 1
1676 602 1
1677 832 1
1678 84 1
1679 208 1
1680 99 1
1681 513 1
1682 271 0
1683 616 1
1684 753 1
1685 490 0
1686 468 0
1687 836 0
1688 38 0
1689 105 1
1690 360 0
1691 615 0
1692 467 0
1693 81 1
1694 622 1
1695 438 1
1696 227 1
1697 82 0
1698 817 1
1699 169 1
1700 161 1
1701 114 0
1702 103 1
1703 121 1
1704 752 1
1705 540 1
1706 509 0
1707 382 1
1708 493 0
1709 50 1
1710 336 0
1711 145 1
1712 808 1
1713 429 1
1714 508 0
1715 240 1
1716 840 1
1717 668 1
1718 674 1
1719 34 0
1720 598 1
1721 429 1
1722 466 0
1723 606 0
1724 11 0
1725 382 0
1726 726 1
1727 278 1
1728 338 0
1729 205 1
1730 42 0
1731 38 1
1732 168 0
1733 775 0
1734 446 0
1735 159 1
1736 752 0
1737 674 1
1738 135 1
1739 485 1
1740 40 0
1741 494 0
1742 131 0
1743 191 0
1744 216 1
1745 684 1
1746 424 0
1747 508 0
1748 379 1
1749 171 1
1750 615 1
1751 391 1
1752 286 1
1753 261 1
1754 449 1
1755 782 1
1756 135 1
1757 838 1
1758 786 0
1759 104 1
1760 162 0
1761 629 0
1762 461 1
1763 546 1
1764 97 1
1765 187 1
1766 415 0
1767 601 1
1768 594 0
1769 705 0
1770 130 1
1771 269 0
1772 654 1
1773 114 0
1774 658 1
1775 119 0
1776 589 0
1777 142 1
1778 407 0
1779 412 0
1780 142 1
1781 798 1
1782 760 1
1783 841 1
1784 151 1
1785 287 0
1786 292 1
1787 129 1
1788 817 0
1789 63 0
1790 676 1
1791 186 1
1792 512 1
1793 624 1
1794 386 1
1795 160 0
1796 158 1
1797 454 1
1798 248 1
1799 162 1
1800 100 1
1801 263 1
1802 374 1
1803 707 1
1804 217 1
1805 344 0
1806 534 0
1807 682 1
1808 227 1
1809 701 1
1810 19 1
1811 296 0
1812 556 1
1813 678 0
1814 782 1
1815 785 0
1816 27 0
1817 643 0
1818 808 1
1819 115 1
1820 642 0
1821 442 1
1822 358 1
1823 112 0
1824 106 1
1825 353 0
1826 411 0
1827 732 0
1828 349 0
1829 293 1
1830 141 1
1831 751 0
1832 649 0
1833 784 1
1834 421 1
1835 374 0
1836 727 1
1837 344 1
1838 462 0
1839 824 1
1840 6 1
1841 62 1
1842 776 1
1843 753 1
1844 727 1
1845 148 1
1846 648 0
1847 619 0
1848 183 1
1849 645 1
1850 610 1
1851 618 0
1852 357 1
1853 98 0
1854 786 1
1855 756 1
1856 836 1
1857 365 1
1858 135 0
1859 629 1
1860 55 0
1861 680 0
1862 412 0
1863 737 1
1864 164 1
1865 782 1
1866 78 0
1867 2 1
1868 670 1
1869 837 1
1870 606 1
1871 557 1
1872 87 1
1873 313 1
1874 777 1
1875 666 0
1876 241 0
