4666
1 797 1
2 578 1
3 683 0
4 660 1
5 665 1
6 48 1
7 597 1
8 226 1
9 489 1
10 660 1
11 161 1
12 719 1
13 702 1
14 684 1
15 232 0
16 525 1
17 884 0
18 458 1
19 401 1
20 354 1
21 26 1
22 108 1
23 873 0
24 676 1
25 502 1
26 317 1
27 616 0
28 6 0
29 747 1
30 396 1
31 673 0
32 207 0
33 817 0
34 719 0
35 575 1
36 473 1
37 268 1
38 17 1
39 609 1
40 395 0
41 218 1
42 568 1
43 244 1
44 648 1
45 660 0
46 169 0
47 461 1
48 782 1
49 735 1
50 388 1
51 764 1
52 704 1
53 839 1
54 65 0
55 503 1
56 748 1
57 568 1
58 51 1
59 682 1
60 2 0
61 536 1
62 567 1
63 241 0
64 167 1
65 138 1
66 474 1
67 209 0
68 430 1
69 691 1
70 388 1
71 351 1
72 412 1
73 344 1
74 227 1
75 559 0
76 864 1
77 391 1
78 884 1
79 67 0
80 400 0
81 103 0
82 504 0
83 845 1
84 153 0
85 221 1
86 623 1
87 172 1
88 284 0
89 894 1
90 38 1
91 434 1
92 439 0
93 521 1
94 854 1
95 574 1
96 794 1
97 21 0
98 682 1
99 728 1
100 898 1
101 772 0
102 17 1
103 150 1
104 253 1
105 506 0
106 389 1
107 282 0
108 261 1
109 648 1
110 491 1
111 262 1
112 691 1
113 475 1
114 842 1
115 100 1
116 45 1
117 856 0
118 5 1
119 57 1
120 844 0
121 243 1
122 899 1
123 557 1
124 725 0
125 772 1
126 21 1
127 393 1
128 109 0
129 274 1
130 864 0
131 286 1
132 38 0
133 665 1
134 41 0
135 600 1
136 681 0
137 613 1
138 765 1
139 335 0
140 871 1
141 301 0
142 32 1
143 397 1
144 662 0
145 489 1
146 441 0
147 30 0
148 710 1
149 821 1
150 813 0
151 428 1
152 462 1
153 668 1
154 104 1
155 313 0
156 606 0
157 363 1
158 408 0
159 473 1
160 828 1
161 487 0
162 530 1
163 542 1
164 4 1
165 784 1
166 81 1
167 806 1
168 442 1
169 563 1
170 370 1
171 17 0
172 887 1
173 407 1
174 537 1
175 256 1
176 338 1
177 230 0
178 350 1
179 604 1
180 630 1
181 568 1
182 788 1
183 46 1
184 740 1
185 272 1
186 278 0
187 879 0
188 670 0
189 351 1
190 365 1
191 167 0
192 143 1
193 67 1
194 862 1
195 243 0
196 851 1
197 698 1
198 77 0
199 465 1
200 751 1
201 423 0
202 423 0
203 690 1
204 786 1
205 191 0
206 144 1
207 648 1
208 152 1
209 473 0
210 179 0
211 101 1
212 23 0
213 264 1
214 644 0
215 313 0
216 259 1
217 18 1
218 533 0
219 567 0
220 245 1
221 363 1
222 513 1
223 369 1
224 518 0
225 473 1
226 53 1
227 223 1
228 473 0
229 176 1
230 9 1
231 403 1
232 622 1
233 39 1
234 823 0
235 70 1
236 760 1
237 249 1
238 236 1
239 732 0
240 856 0
241 848 1
242 878 0
243 382 1
244 350 1
245 360 1
246 445 1
247 320 0
248 275 0
249 718 1
250 361 1
251 58 1
252 13 0
253 891 1
254 619 0
255 400 1
256 125 1
257 880 1
258 210 1
259 246 1
260 317 1
261 316 0
262 460 1
263 324 0
264 689 1
265 328 0
266 326 1
267 63 1
268 387 1
269 886 0
270 171 1
271 372 1
272 722 1
273 389 1
274 407 0
275 889 1
276 34 0
277 278 1
278 29 1
279 625 1
280 140 0
281 561 1
282 132 1
283 203 1
284 74 1
285 317 1
286 564 1
287 235 0
288 131 1
289 417 1
290 655 1
291 658 1
292 402 1
293 580 0
294 33 1
295 843 1
296 51 0
297 37 1
298 523 1
299 396 1
300 418 1
301 239 0
302 492 0
303 467 1
304 791 1
305 557 0
306 81 1
307 631 1
308 42 1
309 3 1
310 309 0
311 547 1
312 745 1
313 236 1
314 814 1
315 361 0
316 138 1
317 413 1
318 163 0
319 650 0
320 556 0
321 896 1
322 314 0
323 209 1
324 630 1
325 729 0
326 455 0
327 695 1
328 652 1
329 360 1
330 356 1
331 293 0
332 411 1
333 818 0
334 378 1
335 24 1
336 566 1
337 660 0
338 42 1
339 336 0
340 774 1
341 107 1
342 837 1
343 24 0
344 526 1
345 550 1
346 799 1
347 773 1
348 341 1
349 885 1
350 653 1
351 445 0
352 325 1
353 595 0
354 766 1
355 435 1
356 789 1
357 364 1
358 741 1
359 709 1
360 465 1
361 41 1
362 894 1
363 674 1
364 0 1
365 449 0
366 359 0
367 666 1
368 494 1
369 447 1
370 688 1
371 98 1
372 821 1
373 697 1
374 246 0
375 721 1
376 557 0
377 471 1
378 72 1
379 281 1
380 892 1
381 420 0
382 120 1
383 431 0
384 545 1
385 370 0
386 554 1
387 304 1
388 326 1
389 532 0
390 299 1
391 75 1
392 807 1
393 198 1
394 484 1
395 349 1
396 2 1
397 223 0
398 647 0
399 132 0
400 325 0
401 20 1
402 663 1
403 750 1
404 118 0
405 353 1
406 129 1
407 669 1
408 372 0
409 311 1
410 743 0
411 124 0
412 518 1
413 263 1
414 695 0
415 556 1
416 591 1
417 692 1
418 593 1
419 739 1
420 318 0
421 524 0
422 16 1
423 175 0
424 259 1
425 37 1
426 840 1
427 242 0
428 806 1
429 118 1
430 593 1
431 709 1
432 42 0
433 637 1
434 437 0
435 139 1
436 62 1
437 895 1
438 352 0
439 764 0
440 53 1
441 108 1
442 359 0
443 143 1
444 548 1
445 854 0
446 332 0
447 821 1
448 262 1
449 704 1
450 428 0
451 247 0
452 299 1
453 867 0
454 708 1
455 362 1
456 27 0
457 447 1
458 811 1
459 343 1
460 545 1
461 96 0
462 57 1
463 45 0
464 871 1
465 712 1
466 384 1
467 582 0
468 596 1
469 435 1
470 675 1
471 561 0
472 357 1
473 484 1
474 688 0
475 123 0
476 816 1
477 606 0
478 532 1
479 886 1
480 796 1
481 594 0
482 448 0
483 63 0
484 220 0
485 844 1
486 87 1
487 696 1
488 305 1
489 713 1
490 195 1
491 722 1
492 451 0
493 82 1
494 475 1
495 278 1
496 457 1
497 46 0
498 840 0
499 445 0
500 3 0
501 153 1
502 289 0
503 833 0
504 217 1
505 380 1
506 877 1
507 522 1
508 322 1
509 499 0
510 365 0
511 563 1
512 441 0
513 520 0
514 115 1
515 540 0
516 750 1
517 804 0
518 335 0
519 129 1
520 480 1
521 361 1
522 404 1
523 576 1
524 281 1
525 315 1
526 348 1
527 261 0
528 281 0
529 566 1
530 242 1
531 208 1
532 593 0
533 527 0
534 847 1
535 273 0
536 859 1
537 575 0
538 311 1
539 485 1
540 118 1
541 634 1
542 175 1
543 344 1
544 173 1
545 545 0
546 810 1
547 804 1
548 261 1
549 222 1
550 482 0
551 327 1
552 824 1
553 200 0
554 242 1
555 222 0
556 278 1
557 816 1
558 851 1
559 602 0
560 270 1
561 836 1
562 397 0
563 77 0
564 565 0
565 559 1
566 488 1
567 280 1
568 285 1
569 338 1
570 255 1
571 581 1
572 813 1
573 680 1
574 756 0
575 580 1
576 321 1
577 601 1
578 46 0
579 169 0
580 671 0
581 747 1
582 110 1
583 660 0
584 300 1
585 616 1
586 351 1
587 485 0
588 188 1
589 719 0
590 338 0
591 466 1
592 606 1
593 170 1
594 538 0
595 352 1
596 464 1
597 260 0
598 623 1
599 663 0
600 413 0
601 578 1
602 70 1
603 423 0
604 723 0
605 599 1
606 333 0
607 216 0
608 25 1
609 681 1
610 419 1
611 268 0
612 629 1
613 250 1
614 844 1
615 670 0
616 687 1
617 517 1
618 806 0
619 411 1
620 271 1
621 185 1
622 869 0
623 337 1
624 184 1
625 556 0
626 547 1
627 883 0
628 144 1
629 22 0
630 541 0
631 741 1
632 436 1
633 480 1
634 89 1
635 366 0
636 91 1
637 659 1
638 349 0
639 52 0
640 509 1
641 533 0
642 225 1
643 124 1
644 144 1
645 457 1
646 533 0
647 706 1
648 347 0
649 707 1
650 871 1
651 193 0
652 724 1
653 417 1
654 343 0
655 102 1
656 770 0
657 702 1
658 547 0
659 761 1
660 666 0
661 170 1
662 307 0
663 367 0
664 855 1
665 486 1
666 643 0
667 579 0
668 27 1
669 35 0
670 861 1
671 16 0
672 169 1
673 221 1
674 39 0
675 497 0
676 91 1
677 400 0
678 336 1
679 448 1
680 634 0
681 512 0
682 110 1
683 239 0
684 583 1
685 498 0
686 709 1
687 670 1
688 628 0
689 387 1
690 369 1
691 770 1
692 47 1
693 255 0
694 433 1
695 673 0
696 134 0
697 542 1
698 772 1
699 371 0
700 453 1
701 393 1
702 483 1
703 833 1
704 451 0
705 275 1
706 599 0
707 73 0
708 710 1
709 425 1
710 726 0
711 408 1
712 175 0
713 797 1
714 525 0
715 797 0
716 236 1
717 31 1
718 146 1
719 327 0
720 876 1
721 209 1
722 142 1
723 617 1
724 305 1
725 491 1
726 33 1
727 683 1
728 642 0
729 552 1
730 242 1
731 333 1
732 431 1
733 892 1
734 21 1
735 570 1
736 316 1
737 869 0
738 152 1
739 706 1
740 123 1
741 280 0
742 592 1
743 662 0
744 37 1
745 293 1
746 454 1
747 451 1
748 387 1
749 859 1
750 156 1
751 703 1
752 101 1
753 326 1
754 652 0
755 106 0
756 428 0
757 625 1
758 745 1
759 146 1
760 392 0
761 150 1
762 461 0
763 228 1
764 440 0
765 50 0
766 111 1
767 168 0
768 216 0
769 465 1
770 23 1
771 436 1
772 650 1
773 561 1
774 240 1
775 68 1
776 542 0
777 272 0
778 217 0
779 644 1
780 82 0
781 650 1
782 239 1
783 703 0
784 106 1
785 720 1
786 829 1
787 570 0
788 713 1
789 172 0
790 36 1
791 379 1
792 153 1
793 374 0
794 844 1
795 720 0
796 208 0
797 516 1
798 81 1
799 2 1
800 577 1
801 9 1
802 373 1
803 183 1
804 206 0
805 833 1
806 587 1
807 514 1
808 655 1
809 506 1
810 401 1
811 19 1
812 488 1
813 156 1
814 548 1
815 152 0
816 880 1
817 125 1
818 731 1
819 835 1
820 655 1
821 872 0
822 771 1
823 180 1
824 165 1
825 222 0
826 100 1
827 275 0
828 174 1
829 257 1
830 886 0
831 639 1
832 561 0
833 10 0
834 766 1
835 120 1
836 405 1
837 257 1
838 270 0
839 197 1
840 816 1
841 399 1
842 354 0
843 1 0
844 799 1
845 42 1
846 361 1
847 145 0
848 238 1
849 106 0
850 396 1
851 317 1
852 12 0
853 473 1
854 408 1
855 411 0
856 782 1
857 32 0
858 277 0
859 160 0
860 589 1
861 652 1
862 577 1
863 61 1
864 348 1
865 315 0
866 692 0
867 635 0
868 602 0
869 679 1
870 570 1
871 126 0
872 396 1
873 84 1
874 489 0
875 541 0
876 744 1
877 820 0
878 486 1
879 632 1
880 446 0
881 669 1
882 371 1
883 634 1
884 7 1
885 776 1
886 899 1
887 425 0
888 754 1
889 761 1
890 447 1
891 212 1
892 388 1
893 404 1
894 706 0
895 501 0
896 776 1
897 181 1
898 366 1
899 310 0
900 20 1
901 643 1
902 781 0
903 710 1
904 370 0
905 669 1
906 666 1
907 504 0
908 101 0
909 423 0
910 440 1
911 455 1
912 283 1
913 256 0
914 244 1
915 418 1
916 444 1
917 580 0
918 22 1
919 651 1
920 653 1
921 309 1
922 389 1
923 868 0
924 216 1
925 398 1
926 405 0
927 666 0
928 282 1
929 734 1
930 280 1
931 484 1
932 709 1
933 445 1
934 543 0
935 520 1
936 308 0
937 110 0
938 434 1
939 584 1
940 458 0
941 99 0
942 628 1
943 47 0
944 479 0
945 229 1
946 428 0
947 880 0
948 867 1
949 661 1
950 609 1
951 805 1
952 802 1
953 407 1
954 685 1
955 382 0
956 469 1
957 502 1
958 39 0
959 502 1
960 122 1
961 674 1
962 238 1
963 481 0
964 166 0
965 110 1
966 215 1
967 485 1
968 622 0
969 749 1
970 81 1
971 639 0
972 107 1
973 746 0
974 483 0
975 61 1
976 476 1
977 553 0
978 180 0
979 611 0
980 67 1
981 814 1
982 131 0
983 696 1
984 389 0
985 249 1
986 774 1
987 417 1
988 525 0
989 721 0
990 7 0
991 110 1
992 12 1
993 890 1
994 796 1
995 528 1
996 718 1
997 542 1
998 840 0
999 692 1
1000 881 1
1001 195 1
1002 621 0
1003 427 1
1004 272 0
1005 651 1
1006 425 0
1007 158 0
1008 820 1
1009 619 1
1010 143 0
1011 370 0
1012 688 0
1013 503 0
1014 645 0
1015 351 0
1016 631 1
1017 171 1
1018 556 1
1019 894 1
1020 539 1
1021 206 0
1022 197 0
1023 194 1
1024 204 0
1025 524 0
1026 456 1
1027 1 1
1028 5 1
1029 563 1
1030 194 1
1031 672 1
1032 254 0
1033 572 1
1034 839 1
1035 737 1
1036 299 1
1037 838 1
1038 99 1
1039 9 0
1040 639 1
1041 343 1
1042 528 0
1043 131 1
1044 541 1
1045 580 0
1046 401 0
1047 352 1
1048 592 1
1049 564 1
1050 580 1
1051 700 1
1052 135 1
1053 475 1
1054 166 0
1055 230 1
1056 415 1
1057 395 1
1058 611 1
1059 268 1
1060 13 1
1061 76 0
1062 894 1
1063 466 1
1064 146 1
1065 808 1
1066 520 1
1067 100 1
1068 641 1
1069 286 1
1070 754 1
1071 107 1
1072 486 0
1073 607 1
1074 722 1
1075 439 1
1076 219 1
1077 546 1
1078 43 1
1079 490 1
1080 230 1
1081 608 1
1082 698 1
1083 802 1
1084 681 1
1085 642 0
1086 99 1
1087 802 0
1088 44 1
1089 476 1
1090 175 1
1091 898 0
1092 529 1
1093 300 1
1094 347 1
1095 455 1
1096 584 1
1097 724 1
1098 268 1
1099 216 0
1100 208 0
1101 582 0
1102 399 1
1103 290 1
1104 684 1
1105 607 0
1106 176 1
1107 650 1
1108 544 0
1109 70 0
1110 237 0
1111 261 1
1112 679 1
1113 599 1
1114 403 0
1115 391 0
1116 465 0
1117 613 0
1118 248 0
1119 704 0
1120 461 0
1121 286 1
1122 411 1
1123 134 1
1124 383 1
1125 638 1
1126 721 1
1127 837 0
1128 678 1
1129 545 1
1130 439 1
1131 782 0
1132 404 0
1133 264 1
1134 793 1
1135 79 1
1136 171 1
1137 683 1
1138 94 1
1139 329 1
1140 419 1
1141 790 0
1142 362 0
1143 738 1
1144 54 1
1145 310 1
1146 110 1
1147 794 0
1148 82 1
1149 562 1
1150 819 0
1151 21 1
1152 402 1
1153 364 0
1154 17 1
1155 667 1
1156 155 1
1157 368 1
1158 680 1
1159 350 1
1160 280 0
1161 624 0
1162 545 1
1163 300 1
1164 368 0
1165 294 1
1166 899 1
1167 68 1
1168 713 1
1169 591 1
1170 521 0
1171 860 1
1172 310 0
1173 888 1
1174 226 1
1175 517 1
1176 691 1
1177 590 1
1178 451 1
1179 358 1
1180 248 0
1181 799 0
1182 661 0
1183 43 0
1184 389 1
1185 292 1
1186 388 1
1187 380 0
1188 272 1
1189 184 1
1190 100 1
1191 697 0
1192 634 1
1193 522 1
1194 673 1
1195 698 0
1196 325 0
1197 563 1
1198 553 1
1199 548 1
1200 637 0
1201 349 1
1202 488 0
1203 823 1
1204 195 1
1205 654 1
1206 500 1
1207 483 1
1208 837 1
1209 111 1
1210 678 0
1211 322 0
1212 198 1
1213 781 1
1214 888 0
1215 189 1
1216 664 1
1217 749 1
1218 663 0
1219 407 0
1220 767 0
1221 847 0
1222 611 1
1223 293 1
1224 523 1
1225 245 1
1226 610 1
1227 95 1
1228 848 0
1229 351 0
1230 96 1
1231 857 1
1232 772 0
1233 408 0
1234 466 1
1235 185 0
1236 372 1
1237 95 1
1238 550 1
1239 619 1
1240 188 0
1241 770 0
1242 827 0
1243 398 1
1244 534 0
1245 106 0
1246 83 1
1247 788 1
1248 460 1
1249 489 1
1250 804 1
1251 655 0
1252 796 1
1253 348 0
1254 831 1
1255 15 1
1256 624 0
1257 610 1
1258 146 1
1259 118 0
1260 253 1
1261 708 0
1262 880 1
1263 291 1
1264 583 1
1265 158 0
1266 544 1
1267 456 1
1268 355 1
1269 282 0
1270 564 0
1271 700 0
1272 478 0
1273 235 1
1274 814 0
1275 98 1
1276 874 1
1277 196 1
1278 797 0
1279 84 1
1280 59 1
1281 659 0
1282 451 0
1283 440 1
1284 712 1
1285 487 1
1286 415 1
1287 59 0
1288 92 1
1289 13 1
1290 340 0
1291 469 1
1292 313 1
1293 859 0
1294 845 1
1295 382 0
1296 285 0
1297 300 1
1298 48 1
1299 38 1
1300 858 1
1301 531 1
1302 209 1
1303 662 1
1304 578 1
1305 604 0
1306 480 0
1307 24 1
1308 530 0
1309 92 1
1310 26 1
1311 774 1
1312 307 1
1313 444 0
1314 310 1
1315 511 1
1316 405 1
1317 333 0
1318 129 1
1319 311 1
1320 760 0
1321 418 1
1322 780 1
1323 221 1
1324 426 1
1325 279 1
1326 480 1
1327 456 0
1328 624 1
1329 539 0
1330 780 0
1331 895 0
1332 589 1
1333 591 1
1334 115 1
1335 217 0
1336 610 1
1337 610 1
1338 475 1
1339 295 1
1340 541 0
1341 749 1
1342 123 0
1343 305 1
1344 601 0
1345 474 1
1346 93 1
1347 754 1
1348 192 0
1349 796 1
1350 139 1
1351 282 1
1352 442 1
1353 337 0
1354 517 0
1355 313 0
1356 900 0
1357 278 0
1358 762 1
1359 563 1
1360 824 1
1361 32 0
1362 604 1
1363 392 0
1364 23 1
1365 501 1
1366 93 0
1367 10 1
1368 468 1
1369 848 1
1370 673 0
1371 242 0
1372 718 1
1373 488 1
1374 797 1
1375 736 0
1376 286 0
1377 429 0
1378 347 0
1379 479 1
1380 802 1
1381 533 0
1382 259 0
1383 827 1
1384 585 1
1385 812 1
1386 431 1
1387 426 1
1388 663 0
1389 224 0
1390 163 1
1391 71 0
1392 224 1
1393 428 1
1394 114 1
1395 338 0
1396 86 0
1397 307 0
1398 812 1
1399 469 1
1400 700 1
1401 249 1
1402 523 0
1403 479 1
1404 84 1
1405 538 1
1406 159 1
1407 389 0
1408 803 1
1409 647 0
1410 221 0
1411 32 0
1412 650 1
1413 346 1
1414 265 1
1415 750 0
1416 284 0
1417 592 0
1418 170 0
1419 785 0
1420 270 0
1421 195 1
1422 428 1
1423 208 1
1424 194 1
1425 644 1
1426 336 1
1427 119 0
1428 709 0
1429 42 1
1430 369 1
1431 733 1
1432 287 1
1433 252 1
1434 595 1
1435 107 0
1436 856 1
1437 393 1
1438 283 1
1439 406 1
1440 852 1
1441 289 0
1442 520 1
1443 670 1
1444 566 1
1445 95 0
1446 297 0
1447 83 1
1448 352 1
1449 140 1
1450 768 1
1451 604 1
1452 847 1
1453 502 0
1454 390 1
1455 103 1
1456 455 1
1457 322 1
1458 196 1
1459 95 1
1460 498 0
1461 489 0
1462 118 1
1463 479 1
1464 600 1
1465 209 0
1466 560 1
1467 290 1
1468 305 1
1469 429 0
1470 493 1
1471 433 1
1472 320 1
1473 715 1
1474 540 1
1475 367 0
1476 398 0
1477 329 0
1478 220 1
1479 680 0
1480 219 1
1481 684 1
1482 802 0
1483 79 1
1484 558 0
1485 298 1
1486 734 1
1487 188 1
1488 882 0
1489 363 1
1490 507 1
1491 55 1
1492 379 0
1493 817 1
1494 885 1
1495 816 1
1496 585 1
1497 677 1
1498 68 1
1499 385 0
1500 56 0
1501 767 0
1502 206 1
1503 340 0
1504 355 0
1505 106 1
1506 829 1
1507 262 1
1508 239 1
1509 303 0
1510 171 0
1511 724 1
1512 510 0
1513 34 1
1514 345 1
1515 897 1
1516 796 1
1517 588 1
1518 819 0
1519 586 0
1520 126 1
1521 531 0
1522 547 1
1523 55 1
1524 367 1
1525 108 1
1526 269 1
1527 86 0
1528 422 1
1529 753 1
1530 530 1
1531 269 1
1532 9 1
1533 823 1
1534 281 0
1535 794 1
1536 597 1
1537 155 1
1538 613 0
1539 425 1
1540 262 1
1541 311 1
1542 159 1
1543 103 1
1544 508 1
1545 448 1
1546 102 0
1547 562 0
1548 367 1
1549 632 1
1550 389 0
1551 748 1
1552 48 0
1553 626 1
1554 808 0
1555 730 0
1556 378 1
1557 394 1
1558 231 1
1559 514 1
1560 751 1
1561 876 1
1562 769 1
1563 360 1
1564 417 0
1565 576 0
1566 12 0
1567 289 1
1568 120 0
1569 414 1
1570 759 0
1571 790 0
1572 681 0
1573 169 0
1574 178 1
1575 443 0
1576 439 0
1577 277 1
1578 351 1
1579 840 0
1580 124 0
1581 367 1
1582 335 0
1583 493 0
1584 661 1
1585 779 1
1586 843 1
1587 152 1
1588 349 0
1589 327 1
1590 698 1
1591 852 1
1592 584 0
1593 841 0
1594 261 1
1595 793 0
1596 87 1
1597 214 1
1598 5 1
1599 274 0
1600 703 1
1601 581 1
1602 515 1
1603 665 0
1604 748 0
1605 787 1
1606 555 1
1607 178 0
1608 362 0
1609 867 0
1610 294 0
1611 97 1
1612 414 1
1613 200 1
1614 711 1
1615 481 1
1616 618 1
1617 554 1
1618 885 1
1619 789 1
1620 103 1
1621 674 1
1622 809 1
1623 292 1
1624 366 1
1625 883 0
1626 413 0
1627 734 0
1628 687 0
1629 39 1
1630 202 1
1631 406 1
1632 376 0
1633 745 0
1634 675 1
1635 489 1
1636 704 1
1637 535 0
1638 213 0
1639 872 1
1640 482 1
1641 635 1
1642 32 1
1643 218 1
1644 195 0
1645 8 0
1646 175 1
1647 9 1
1648 770 1
1649 307 0
1650 783 1
1651 718 1
1652 157 1
1653 891 1
1654 576 1
1655 642 1
1656 211 0
1657 448 1
1658 241 1
1659 655 1
1660 321 1
1661 527 0
1662 473 1
1663 443 1
1664 687 1
1665 580 1
1666 42 1
1667 849 1
1668 750 0
1669 263 0
1670 197 1
1671 879 0
1672 678 1
1673 345 1
1674 490 1
1675 147 1
1676 456 1
1677 703 1
1678 607 1
1679 64 0
1680 391 1
1681 655 1
1682 142 1
1683 29 1
1684 839 0
1685 110 0
1686 296 1
1687 236 1
1688 208 1
1689 685 1
1690 374 0
1691 4 0
1692 2 1
1693 254 1
1694 348 1
1695 398 1
1696 360 1
1697 272 0
1698 152 1
1699 186 1
1700 890 0
1701 819 1
1702 78 1
1703 52 1
1704 429 1
1705 678 0
1706 363 1
1707 732 0
1708 182 1
1709 371 1
1710 98 1
1711 369 0
1712 318 1
1713 356 0
1714 636 1
1715 254 1
1716 532 1
1717 308 0
1718 625 0
1719 886 1
1720 791 1
1721 650 1
1722 138 0
1723 15 1
1724 260 1
1725 850 1
1726 848 1
1727 212 1
1728 654 1
1729 430 1
1730 804 1
1731 411 1
1732 253 1
1733 134 0
1734 169 0
1735 725 0
1736 179 0
1737 610 1
1738 648 1
1739 637 0
1740 100 0
1741 366 1
1742 598 1
1743 6 1
1744 840 1
1745 137 1
1746 814 1
1747 574 1
1748 357 0
1749 738 1
1750 224 1
1751 882 1
1752 432 1
1753 116 1
1754 305 0
1755 484 1
1756 735 1
1757 146 0
1758 222 1
1759 180 1
1760 282 0
1761 301 1
1762 856 1
1763 658 1
1764 79 1
1765 234 1
1766 453 1
1767 102 1
1768 797 0
1769 758 1
1770 367 1
1771 300 1
1772 885 1
1773 327 1
1774 895 1
1775 665 1
1776 518 1
1777 164 0
1778 336 1
1779 181 0
1780 110 1
1781 411 1
1782 324 1
1783 241 1
1784 424 1
1785 114 1
1786 430 0
1787 686 1
1788 860 1
1789 17 0
1790 16 1
1791 824 0
1792 440 1
1793 107 0
1794 307 0
1795 885 0
1796 100 1
1797 377 1
1798 602 1
1799 337 0
1800 707 1
1801 610 1
1802 262 0
1803 47 1
1804 200 0
1805 473 1
1806 439 0
1807 148 1
1808 781 0
1809 447 0
1810 841 0
1811 605 1
1812 520 1
1813 158 1
1814 393 0
1815 39 1
1816 641 1
1817 733 1
1818 440 0
1819 521 1
1820 240 1
1821 254 0
1822 787 0
1823 350 1
1824 53 1
1825 855 0
1826 21 1
1827 629 1
1828 630 1
1829 158 0
1830 75 1
1831 16 0
1832 243 1
1833 115 0
1834 25 0
1835 117 1
1836 126 1
1837 34 1
1838 169 0
1839 679 1
1840 875 0
1841 513 0
1842 281 1
1843 834 0
1844 425 1
1845 728 1
1846 587 1
1847 9 0
1848 285 0
1849 306 0
1850 760 1
1851 566 1
1852 190 1
1853 294 1
1854 380 1
1855 879 1
1856 399 1
1857 351 1
1858 129 0
1859 385 1
1860 69 1
1861 143 1
1862 649 0
1863 279 0
1864 276 0
1865 37 1
1866 405 1
1867 715 1
1868 302 1
1869 648 1
1870 776 1
1871 136 1
1872 513 1
1873 44 1
1874 465 0
1875 889 1
1876 37 1
1877 884 1
1878 581 0
1879 116 0
1880 243 0
1881 83 0
1882 756 0
1883 36 0
1884 600 1
1885 235 1
1886 706 1
1887 443 1
1888 552 1
1889 654 1
1890 313 0
1891 47 0
1892 467 1
1893 730 1
1894 589 0
1895 699 0
1896 692 0
1897 570 1
1898 75 1
1899 397 0
1900 82 1
1901 547 1
1902 400 1
1903 502 0
1904 577 0
1905 465 0
1906 591 1
1907 636 1
1908 235 0
1909 305 1
1910 103 1
1911 449 0
1912 281 1
1913 738 1
1914 417 1
1915 429 0
1916 263 1
1917 683 0
1918 462 1
1919 111 1
1920 233 0
1921 424 1
1922 485 1
1923 80 1
1924 318 1
1925 40 1
1926 182 1
1927 613 1
1928 300 1
1929 217 1
1930 81 1
1931 612 1
1932 721 1
1933 403 1
1934 669 0
1935 717 1
1936 191 0
1937 221 1
1938 93 0
1939 793 1
1940 380 1
1941 525 0
1942 115 1
1943 423 0
1944 84 1
1945 529 0
1946 682 1
1947 806 1
1948 625 1
1949 478 1
1950 219 1
1951 691 0
1952 228 1
1953 176 1
1954 6 1
1955 425 0
1956 595 1
1957 642 1
1958 881 1
1959 523 1
1960 497 1
1961 823 1
1962 85 1
1963 474 0
1964 729 0
1965 797 0
1966 642 1
1967 448 1
1968 292 0
1969 884 1
1970 89 0
1971 81 1
1972 448 1
1973 791 0
1974 581 1
1975 789 1
1976 862 1
1977 149 1
1978 835 1
1979 450 0
1980 70 0
1981 404 1
1982 331 0
1983 375 0
1984 873 1
1985 21 1
1986 757 1
1987 142 1
1988 518 1
1989 732 1
1990 743 1
1991 69 0
1992 727 1
1993 146 1
1994 534 0
1995 116 1
1996 340 0
1997 405 1
1998 166 1
1999 393 0
2000 832 1
2001 190 1
2002 209 0
2003 388 1
2004 57 0
2005 619 0
2006 532 1
2007 900 0
2008 599 1
2009 712 0
2010 139 1
2011 529 0
2012 141 1
2013 546 1
2014 507 1
2015 436 1
2016 146 1
2017 819 1
2018 651 1
2019 776 1
2020 218 1
2021 608 1
2022 876 1
2023 504 1
2024 149 1
2025 500 1
2026 540 1
2027 460 1
2028 153 0
2029 78 1
2030 738 1
2031 792 1
2032 833 0
2033 31 0
2034 710 1
2035 390 0
2036 95 0
2037 778 1
2038 398 1
2039 338 1
2040 93 1
2041 529 0
2042 57 1
2043 106 1
2044 788 0
2045 870 0
2046 391 1
2047 4 0
2048 264 1
2049 5 1
2050 833 1
2051 397 1
2052 186 1
2053 692 1
2054 52 1
2055 825 1
2056 57 1
2057 471 1
2058 234 0
2059 324 1
2060 158 0
2061 746 1
2062 748 1
2063 873 0
2064 776 1
2065 778 1
2066 670 1
2067 429 0
2068 242 0
2069 233 0
2070 42 1
2071 132 1
2072 303 0
2073 511 1
2074 280 1
2075 659 1
2076 526 1
2077 383 1
2078 344 1
2079 178 1
2080 630 1
2081 324 0
2082 627 1
2083 48 1
2084 369 1
2085 560 1
2086 132 1
2087 204 1
2088 395 1
2089 370 1
2090 47 0
2091 806 0
2092 326 1
2093 342 0
2094 40 0
2095 583 1
2096 873 0
2097 763 1
2098 155 1
2099 865 0
2100 182 1
2101 25 1
2102 614 1
2103 147 0
2104 341 1
2105 774 1
2106 338 1
2107 60 1
2108 364 1
2109 128 1
2110 616 1
2111 768 1
2112 114 1
2113 881 0
2114 531 1
2115 784 0
2116 162 0
2117 721 1
2118 434 0
2119 875 0
2120 177 1
2121 263 1
2122 526 1
2123 577 1
2124 717 0
2125 88 1
2126 515 1
2127 714 0
2128 576 0
2129 592 0
2130 331 0
2131 315 1
2132 680 1
2133 62 1
2134 697 1
2135 385 0
2136 784 1
2137 490 0
2138 666 1
2139 93 0
2140 267 1
2141 607 1
2142 730 1
2143 204 1
2144 807 1
2145 7 0
2146 63 1
2147 425 1
2148 152 0
2149 649 1
2150 821 0
2151 219 0
2152 476 0
2153 203 0
2154 568 1
2155 416 1
2156 170 1
2157 113 0
2158 840 0
2159 98 1
2160 509 0
2161 677 1
2162 122 1
2163 711 0
2164 382 1
2165 816 1
2166 286 1
2167 699 1
2168 537 1
2169 399 0
2170 892 0
2171 436 0
2172 631 1
2173 152 1
2174 866 1
2175 108 1
2176 49 1
2177 442 0
2178 680 1
2179 138 1
2180 702 0
2181 760 1
2182 783 0
2183 850 1
2184 858 1
2185 317 1
2186 253 0
2187 704 1
2188 699 1
2189 850 0
2190 800 0
2191 832 1
2192 536 1
2193 714 1
2194 616 1
2195 477 0
2196 599 1
2197 505 1
2198 292 1
2199 594 1
2200 792 1
2201 187 0
2202 764 0
2203 424 0
2204 540 1
2205 20 1
2206 124 1
2207 685 1
2208 622 0
2209 669 1
2210 142 1
2211 151 0
2212 880 1
2213 15 0
2214 803 1
2215 510 1
2216 620 0
2217 235 1
2218 84 1
2219 739 0
2220 726 1
2221 460 1
2222 107 0
2223 303 0
2224 138 0
2225 760 0
2226 614 1
2227 716 0
2228 360 1
2229 557 1
2230 440 1
2231 651 0
2232 260 1
2233 632 0
2234 338 1
2235 365 1
2236 626 0
2237 410 1
2238 466 1
2239 859 0
2240 181 0
2241 579 1
2242 125 0
2243 181 1
2244 224 1
2245 442 1
2246 301 0
2247 516 0
2248 474 1
2249 301 1
2250 115 0
2251 670 1
2252 592 1
2253 871 1
2254 586 0
2255 158 1
2256 42 0
2257 354 0
2258 527 1
2259 347 1
2260 66 0
2261 208 0
2262 377 1
2263 324 0
2264 666 0
2265 753 1
2266 391 0
2267 314 1
2268 98 1
2269 537 1
2270 509 1
2271 243 0
2272 522 1
2273 710 1
2274 826 0
2275 593 1
2276 638 1
2277 655 0
2278 319 1
2279 658 0
2280 99 1
2281 855 1
2282 429 1
2283 870 1
2284 246 1
2285 607 1
2286 291 0
2287 99 1
2288 240 1
2289 357 0
2290 658 0
2291 156 0
2292 248 1
2293 202 1
2294 285 1
2295 641 1
2296 768 1
2297 271 1
2298 556 0
2299 220 1
2300 737 1
2301 53 0
2302 470 0
2303 336 1
2304 655 1
2305 875 0
2306 140 1
2307 501 1
2308 634 1
2309 44 0
2310 59 0
2311 699 0
2312 72 0
2313 817 0
2314 608 1
2315 827 1
2316 656 1
2317 265 1
2318 725 0
2319 331 1
2320 691 1
2321 585 1
2322 128 0
2323 308 1
2324 581 1
2325 176 1
2326 433 0
2327 557 1
2328 342 1
2329 530 1
2330 302 1
2331 186 1
2332 732 1
2333 877 1
2334 449 1
2335 432 1
2336 9 1
2337 160 1
2338 291 0
2339 296 1
2340 217 0
2341 305 1
2342 745 0
2343 849 0
2344 128 1
2345 829 1
2346 627 1
2347 786 1
2348 863 1
2349 410 1
2350 466 1
2351 343 0
2352 47 1
2353 10 1
2354 368 1
2355 3 1
2356 472 1
2357 27 1
2358 864 1
2359 799 1
2360 146 0
2361 820 0
2362 535 1
2363 627 0
2364 259 1
2365 601 1
2366 672 1
2367 598 1
2368 240 0
2369 751 1
2370 310 0
2371 886 0
2372 756 0
2373 495 0
2374 285 0
2375 504 1
2376 210 1
2377 304 1
2378 821 1
2379 34 0
2380 464 0
2381 302 0
2382 372 1
2383 45 0
2384 300 0
2385 12 0
2386 343 1
2387 185 1
2388 306 1
2389 610 1
2390 768 1
2391 122 0
2392 33 1
2393 516 1
2394 753 1
2395 431 1
2396 582 1
2397 543 0
2398 425 1
2399 358 1
2400 176 1
2401 731 1
2402 664 1
2403 410 0
2404 93 0
2405 661 0
2406 334 0
2407 631 0
2408 1 1
2409 618 0
2410 193 1
2411 764 0
2412 574 1
2413 224 1
2414 687 0
2415 823 1
2416 348 1
2417 779 1
2418 66 1
2419 477 0
2420 706 0
2421 416 0
2422 416 1
2423 199 0
2424 690 1
2425 568 1
2426 362 1
2427 757 1
2428 531 0
2429 134 1
2430 355 1
2431 577 1
2432 404 0
2433 507 1
2434 141 1
2435 629 1
2436 14 0
2437 679 1
2438 884 1
2439 541 1
2440 191 1
2441 655 0
2442 332 1
2443 887 1
2444 581 1
2445 280 0
2446 771 1
2447 431 0
2448 709 0
2449 744 1
2450 715 0
2451 489 1
2452 309 1
2453 852 0
2454 542 0
2455 65 1
2456 96 1
2457 386 0
2458 321 1
2459 391 1
2460 790 0
2461 334 0
2462 321 1
2463 331 0
2464 496 1
2465 69 0
2466 340 1
2467 732 1
2468 222 1
2469 338 1
2470 275 1
2471 596 1
2472 818 1
2473 801 1
2474 147 0
2475 537 1
2476 52 1
2477 390 1
2478 133 1
2479 195 1
2480 291 0
2481 29 0
2482 219 1
2483 677 1
2484 841 1
2485 601 0
2486 815 0
2487 885 1
2488 71 0
2489 664 0
2490 769 1
2491 849 1
2492 568 0
2493 887 1
2494 455 0
2495 123 0
2496 743 1
2497 774 1
2498 309 0
2499 799 1
2500 61 1
2501 159 1
2502 192 0
2503 698 0
2504 324 1
2505 175 1
2506 157 1
2507 103 1
2508 155 1
2509 823 0
2510 271 1
2511 754 1
2512 791 1
2513 472 1
2514 574 1
2515 143 1
2516 266 1
2517 6 1
2518 742 1
2519 118 1
2520 561 1
2521 347 1
2522 110 1
2523 841 1
2524 540 1
2525 273 0
2526 799 0
2527 618 1
2528 446 1
2529 582 1
2530 254 0
2531 754 1
2532 423 1
2533 672 0
2534 257 0
2535 726 0
2536 776 1
2537 33 0
2538 623 0
2539 846 0
2540 429 0
2541 767 1
2542 37 1
2543 413 1
2544 367 1
2545 900 0
2546 216 0
2547 835 0
2548 603 1
2549 3 1
2550 792 1
2551 175 0
2552 595 0
2553 643 0
2554 775 1
2555 877 1
2556 499 1
2557 27 1
2558 624 1
2559 713 1
2560 831 1
2561 405 1
2562 257 0
2563 182 1
2564 341 1
2565 821 1
2566 607 1
2567 889 1
2568 600 1
2569 16 1
2570 616 1
2571 173 0
2572 132 0
2573 444 1
2574 333 0
2575 539 0
2576 364 1
2577 707 1
2578 75 1
2579 879 0
2580 767 1
2581 638 1
2582 290 1
2583 469 1
2584 655 0
2585 156 1
2586 774 1
2587 278 1
2588 520 1
2589 751 1
2590 375 1
2591 810 1
2592 730 1
2593 758 1
2594 298 0
2595 14 1
2596 30 0
2597 332 1
2598 676 1
2599 299 1
2600 682 1
2601 493 1
2602 774 1
2603 254 1
2604 594 1
2605 643 1
2606 791 1
2607 204 1
2608 565 0
2609 219 1
2610 490 1
2611 425 1
2612 282 1
2613 533 0
2614 53 1
2615 180 1
2616 683 0
2617 82 1
2618 842 1
2619 49 1
2620 134 1
2621 296 0
2622 641 1
2623 635 1
2624 255 1
2625 565 1
2626 781 0
2627 662 1
2628 539 1
2629 814 1
2630 523 1
2631 119 1
2632 460 1
2633 259 1
2634 528 1
2635 629 1
2636 694 1
2637 380 0
2638 823 1
2639 432 0
2640 365 1
2641 616 1
2642 176 0
2643 100 1
2644 366 1
2645 704 0
2646 404 1
2647 591 0
2648 719 0
2649 662 0
2650 852 1
2651 702 1
2652 712 0
2653 772 0
2654 592 1
2655 505 1
2656 390 1
2657 895 0
2658 895 1
2659 679 0
2660 108 1
2661 646 1
2662 98 1
2663 169 1
2664 880 0
2665 857 0
2666 13 0
2667 268 1
2668 235 1
2669 756 1
2670 432 1
2671 280 1
2672 878 1
2673 786 0
2674 369 0
2675 25 1
2676 739 1
2677 79 0
2678 96 0
2679 447 1
2680 772 1
2681 599 1
2682 754 0
2683 7 1
2684 402 1
2685 609 0
2686 817 0
2687 450 0
2688 856 0
2689 755 1
2690 295 1
2691 496 0
2692 540 0
2693 367 1
2694 517 1
2695 108 0
2696 307 1
2697 867 1
2698 70 1
2699 843 0
2700 430 1
2701 100 1
2702 232 1
2703 833 1
2704 885 0
2705 810 0
2706 260 1
2707 105 1
2708 376 1
2709 536 1
2710 80 1
2711 678 0
2712 145 1
2713 241 0
2714 311 0
2715 84 1
2716 428 0
2717 780 1
2718 130 1
2719 245 0
2720 191 1
2721 86 0
2722 559 1
2723 648 1
2724 358 1
2725 621 1
2726 621 1
2727 518 1
2728 735 1
2729 378 1
2730 637 1
2731 579 1
2732 340 1
2733 518 1
2734 863 1
2735 278 1
2736 16 1
2737 1 1
2738 249 1
2739 600 0
2740 626 1
2741 441 1
2742 411 1
2743 509 0
2744 215 1
2745 84 1
2746 745 1
2747 412 1
2748 518 0
2749 51 1
2750 189 1
2751 30 1
2752 386 0
2753 177 1
2754 374 1
2755 342 1
2756 493 1
2757 743 0
2758 239 1
2759 843 1
2760 634 1
2761 702 1
2762 85 1
2763 356 1
2764 837 1
2765 777 1
2766 429 0
2767 629 0
2768 829 1
2769 550 1
2770 79 1
2771 699 0
2772 469 1
2773 269 1
2774 585 0
2775 855 1
2776 831 1
2777 787 1
2778 265 1
2779 609 0
2780 45 1
2781 21 1
2782 688 1
2783 685 1
2784 852 1
2785 316 1
2786 317 1
2787 296 1
2788 646 0
2789 286 1
2790 766 1
2791 342 0
2792 292 0
2793 701 0
2794 767 1
2795 452 1
2796 894 0
2797 78 1
2798 519 0
2799 91 0
2800 791 1
2801 798 1
2802 511 0
2803 686 1
2804 451 0
2805 884 0
2806 608 1
2807 705 1
2808 246 1
2809 250 1
2810 14 0
2811 320 1
2812 572 1
2813 680 1
2814 854 0
2815 57 1
2816 871 0
2817 645 1
2818 445 1
2819 738 1
2820 799 0
2821 5 0
2822 135 1
2823 199 1
2824 316 1
2825 790 1
2826 548 1
2827 635 1
2828 300 0
2829 706 1
2830 581 1
2831 691 1
2832 719 1
2833 429 1
2834 263 1
2835 853 0
2836 680 0
2837 64 1
2838 65 1
2839 592 0
2840 713 1
2841 711 1
2842 86 1
2843 876 1
2844 553 1
2845 332 0
2846 842 1
2847 478 0
2848 559 0
2849 12 0
2850 569 1
2851 379 1
2852 220 1
2853 559 1
2854 104 0
2855 62 0
2856 127 0
2857 871 0
2858 11 0
2859 896 0
2860 320 1
2861 492 1
2862 748 0
2863 614 1
2864 373 1
2865 624 1
2866 889 0
2867 687 1
2868 239 1
2869 186 1
2870 893 1
2871 854 0
2872 714 1
2873 630 0
2874 462 1
2875 83 0
2876 646 1
2877 440 1
2878 337 1
2879 295 1
2880 474 1
2881 752 1
2882 715 1
2883 363 1
2884 576 0
2885 694 1
2886 193 1
2887 381 1
2888 867 0
2889 128 1
2890 428 1
2891 607 1
2892 479 0
2893 667 1
2894 291 1
2895 22 1
2896 674 1
2897 326 0
2898 104 1
2899 542 0
2900 30 1
2901 645 1
2902 378 1
2903 823 0
2904 532 1
2905 465 0
2906 559 1
2907 828 1
2908 309 1
2909 648 1
2910 349 1
2911 464 1
2912 841 0
2913 611 0
2914 271 1
2915 418 1
2916 280 1
2917 217 0
2918 585 0
2919 695 0
2920 487 1
2921 267 1
2922 422 0
2923 878 0
2924 184 1
2925 727 1
2926 394 1
2927 657 1
2928 773 1
2929 72 1
2930 313 1
2931 137 1
2932 49 1
2933 648 1
2934 790 0
2935 842 1
2936 692 1
2937 820 0
2938 699 0
2939 340 1
2940 818 1
2941 813 0
2942 753 1
2943 339 1
2944 630 0
2945 758 1
2946 594 0
2947 31 0
2948 41 0
2949 368 0
2950 211 0
2951 605 1
2952 814 0
2953 513 1
2954 717 1
2955 891 1
2956 119 1
2957 341 0
2958 165 0
2959 587 0
2960 784 1
2961 233 1
2962 736 1
2963 815 1
2964 637 0
2965 401 0
2966 888 0
2967 247 1
2968 322 0
2969 205 1
2970 108 1
2971 465 1
2972 692 0
2973 793 1
2974 883 1
2975 148 1
2976 319 0
2977 37 1
2978 43 1
2979 21 0
2980 827 0
2981 321 1
2982 825 1
2983 110 1
2984 120 1
2985 78 1
2986 203 0
2987 753 1
2988 746 1
2989 249 0
2990 817 0
2991 288 1
2992 779 0
2993 83 1
2994 870 0
2995 592 0
2996 823 1
2997 105 1
2998 273 1
2999 687 1
3000 223 1
3001 17 1
3002 407 1
3003 718 1
3004 207 1
3005 675 0
3006 464 0
3007 359 0
3008 684 1
3009 254 1
3010 843 0
3011 845 1
3012 254 1
3013 8 1
3014 858 1
3015 613 1
3016 856 1
3017 2 1
3018 797 1
3019 308 0
3020 183 0
3021 227 0
3022 441 1
3023 683 1
3024 721 1
3025 570 0
3026 882 0
3027 220 1
3028 256 1
3029 455 1
3030 616 1
3031 86 0
3032 797 1
3033 627 1
3034 503 0
3035 193 0
3036 414 1
3037 730 1
3038 95 1
3039 476 1
3040 548 1
3041 271 0
3042 353 1
3043 457 1
3044 116 1
3045 516 0
3046 178 1
3047 700 1
3048 384 1
3049 461 1
3050 460 1
3051 69 0
3052 767 1
3053 225 1
3054 410 0
3055 470 1
3056 242 1
3057 279 1
3058 628 1
3059 601 1
3060 143 1
3061 873 0
3062 214 1
3063 88 0
3064 494 1
3065 585 1
3066 896 1
3067 621 1
3068 849 0
3069 416 1
3070 42 1
3071 108 1
3072 726 0
3073 880 1
3074 816 1
3075 891 1
3076 192 0
3077 676 1
3078 30 1
3079 401 1
3080 710 1
3081 271 1
3082 433 0
3083 260 1
3084 233 1
3085 433 1
3086 58 0
3087 559 1
3088 622 0
3089 31 1
3090 811 1
3091 893 0
3092 281 1
3093 202 0
3094 226 1
3095 529 1
3096 382 1
3097 434 1
3098 187 1
3099 594 1
3100 768 1
3101 695 1
3102 361 1
3103 403 1
3104 585 0
3105 17 1
3106 753 1
3107 291 1
3108 371 0
3109 741 1
3110 492 1
3111 326 1
3112 565 0
3113 483 1
3114 851 1
3115 568 1
3116 896 1
3117 40 1
3118 112 1
3119 440 1
3120 274 1
3121 588 1
3122 159 0
3123 556 0
3124 768 1
3125 821 1
3126 162 1
3127 27 0
3128 403 0
3129 272 1
3130 379 1
3131 468 1
3132 599 1
3133 731 1
3134 644 1
3135 804 1
3136 420 0
3137 440 1
3138 163 1
3139 804 0
3140 789 1
3141 83 0
3142 664 0
3143 173 1
3144 313 0
3145 816 1
3146 682 1
3147 463 1
3148 287 1
3149 190 0
3150 257 1
3151 345 1
3152 574 1
3153 49 0
3154 277 1
3155 461 1
3156 73 0
3157 512 1
3158 348 1
3159 299 1
3160 527 0
3161 146 0
3162 598 1
3163 688 1
3164 298 0
3165 5 0
3166 60 1
3167 629 1
3168 533 0
3169 164 1
3170 631 0
3171 669 1
3172 566 0
3173 233 0
3174 65 1
3175 367 1
3176 142 1
3177 594 1
3178 221 0
3179 715 1
3180 349 1
3181 174 1
3182 170 1
3183 738 0
3184 878 0
3185 603 0
3186 627 0
3187 104 1
3188 651 0
3189 602 1
3190 562 0
3191 399 1
3192 879 1
3193 841 0
3194 771 1
3195 115 1
3196 474 1
3197 323 1
3198 786 0
3199 437 0
3200 161 0
3201 163 0
3202 807 0
3203 773 0
3204 297 1
3205 67 1
3206 236 1
3207 663 1
3208 855 0
3209 106 1
3210 357 0
3211 639 0
3212 205 0
3213 268 0
3214 518 1
3215 547 0
3216 241 0
3217 260 1
3218 374 1
3219 102 0
3220 3 1
3221 630 1
3222 328 1
3223 146 1
3224 391 0
3225 404 0
3226 771 0
3227 371 1
3228 500 0
3229 760 0
3230 138 1
3231 490 1
3232 512 1
3233 220 1
3234 278 1
3235 53 1
3236 184 1
3237 213 0
3238 768 1
3239 191 1
3240 612 0
3241 699 1
3242 431 1
3243 855 0
3244 502 1
3245 742 1
3246 516 1
3247 713 1
3248 477 0
3249 410 0
3250 652 1
3251 730 1
3252 542 0
3253 141 0
3254 699 1
3255 63 1
3256 323 1
3257 585 0
3258 327 1
3259 181 1
3260 649 0
3261 262 0
3262 650 0
3263 689 0
3264 107 0
3265 377 0
3266 57 0
3267 387 0
3268 546 1
3269 701 1
3270 256 1
3271 150 0
3272 318 1
3273 730 1
3274 671 0
3275 267 0
3276 329 1
3277 80 1
3278 0 0
3279 601 1
3280 363 1
3281 856 0
3282 581 1
3283 712 1
3284 564 0
3285 867 1
3286 68 1
3287 797 1
3288 248 1
3289 724 1
3290 637 1
3291 130 1
3292 314 0
3293 441 1
3294 672 1
3295 115 0
3296 516 0
3297 851 1
3298 106 0
3299 720 0
3300 867 1
3301 888 1
3302 199 1
3303 113 1
3304 509 1
3305 455 1
3306 622 1
3307 4 1
3308 489 0
3309 646 1
3310 586 0
3311 692 0
3312 525 0
3313 399 1
3314 97 0
3315 698 1
3316 598 0
3317 692 0
3318 865 0
3319 37 1
3320 139 1
3321 709 1
3322 772 1
3323 192 1
3324 257 1
3325 621 1
3326 392 1
3327 145 1
3328 452 1
3329 340 1
3330 752 1
3331 9 1
3332 516 1
3333 644 0
3334 3 1
3335 44 0
3336 867 0
3337 299 1
3338 566 1
3339 495 1
3340 428 1
3341 162 0
3342 24 0
3343 529 1
3344 841 1
3345 719 0
3346 701 1
3347 242 1
3348 826 1
3349 787 1
3350 359 0
3351 664 1
3352 684 1
3353 460 0
3354 553 1
3355 568 0
3356 567 1
3357 891 0
3358 731 1
3359 761 1
3360 182 1
3361 464 1
3362 703 1
3363 892 0
3364 384 0
3365 250 1
3366 105 1
3367 465 0
3368 373 1
3369 831 0
3370 376 1
3371 701 1
3372 22 1
3373 327 1
3374 607 1
3375 821 0
3376 766 1
3377 167 1
3378 783 1
3379 593 1
3380 334 0
3381 109 0
3382 551 1
3383 625 1
3384 896 0
3385 346 1
3386 450 1
3387 107 1
3388 531 1
3389 622 1
3390 17 0
3391 423 1
3392 323 0
3393 144 1
3394 442 0
3395 472 0
3396 373 1
3397 612 1
3398 848 0
3399 344 1
3400 584 0
3401 8 0
3402 530 0
3403 2 1
3404 243 0
3405 694 1
3406 563 1
3407 737 1
3408 500 1
3409 190 1
3410 113 0
3411 214 0
3412 35 1
3413 203 0
3414 855 0
3415 520 1
3416 30 1
3417 68 1
3418 633 1
3419 413 0
3420 91 1
3421 830 1
3422 116 1
3423 35 0
3424 42 1
3425 53 1
3426 581 1
3427 632 0
3428 489 1
3429 897 0
3430 175 1
3431 378 1
3432 737 0
3433 458 1
3434 210 1
3435 742 1
3436 474 1
3437 352 0
3438 129 1
3439 602 1
3440 307 1
3441 316 1
3442 319 1
3443 0 0
3444 280 0
3445 44 0
3446 205 1
3447 57 1
3448 561 1
3449 204 1
3450 783 1
3451 470 1
3452 409 1
3453 342 0
3454 2 1
3455 402 1
3456 94 1
3457 594 0
3458 162 1
3459 14 1
3460 284 1
3461 591 0
3462 777 1
3463 224 0
3464 856 1
3465 605 1
3466 166 0
3467 787 1
3468 690 1
3469 202 1
3470 865 1
3471 398 1
3472 718 1
3473 165 0
3474 81 0
3475 412 1
3476 534 1
3477 251 1
3478 740 1
3479 541 1
3480 596 0
3481 226 1
3482 113 0
3483 129 1
3484 34 0
3485 891 1
3486 331 1
3487 355 1
3488 172 1
3489 118 1
3490 393 0
3491 619 1
3492 326 1
3493 130 0
3494 137 0
3495 258 0
3496 5 1
3497 891 1
3498 290 1
3499 614 1
3500 143 1
3501 324 0
3502 686 1
3503 613 0
3504 288 1
3505 509 1
3506 658 1
3507 401 1
3508 791 0
3509 547 1
3510 895 0
3511 157 1
3512 685 1
3513 415 0
3514 861 1
3515 697 0
3516 426 0
3517 271 1
3518 789 0
3519 467 1
3520 110 0
3521 254 0
3522 599 1
3523 249 0
3524 582 1
3525 814 1
3526 96 1
3527 268 0
3528 514 0
3529 549 0
3530 505 1
3531 875 1
3532 455 0
3533 242 0
3534 525 1
3535 817 1
3536 180 1
3537 800 1
3538 518 1
3539 368 1
3540 637 1
3541 765 0
3542 648 1
3543 307 0
3544 212 0
3545 736 1
3546 895 0
3547 143 0
3548 351 1
3549 189 1
3550 788 0
3551 304 0
3552 869 0
3553 848 0
3554 45 1
3555 378 1
3556 290 1
3557 812 0
3558 374 0
3559 596 0
3560 470 1
3561 95 1
3562 538 1
3563 310 0
3564 318 0
3565 855 1
3566 0 0
3567 273 0
3568 759 1
3569 454 1
3570 229 1
3571 882 1
3572 173 1
3573 853 1
3574 110 1
3575 827 1
3576 377 1
3577 441 1
3578 854 1
3579 894 1
3580 646 0
3581 477 1
3582 503 1
3583 614 0
3584 664 1
3585 561 1
3586 692 1
3587 808 1
3588 732 0
3589 205 0
3590 705 1
3591 820 1
3592 746 1
3593 790 1
3594 805 1
3595 367 0
3596 127 1
3597 296 1
3598 90 1
3599 388 0
3600 474 1
3601 142 1
3602 889 1
3603 824 0
3604 502 1
3605 58 0
3606 556 1
3607 181 0
3608 328 1
3609 794 1
3610 547 0
3611 178 0
3612 501 0
3613 97 1
3614 781 1
3615 741 1
3616 832 1
3617 312 1
3618 328 0
3619 332 0
3620 363 0
3621 831 1
3622 358 1
3623 410 0
3624 776 1
3625 314 1
3626 861 1
3627 789 1
3628 66 1
3629 449 1
3630 769 0
3631 894 1
3632 866 0
3633 609 1
3634 838 1
3635 818 1
3636 124 1
3637 309 1
3638 255 1
3639 862 1
3640 419 1
3641 245 0
3642 769 1
3643 534 0
3644 417 0
3645 772 1
3646 363 1
3647 74 1
3648 467 1
3649 315 0
3650 416 1
3651 399 1
3652 673 1
3653 717 1
3654 824 0
3655 752 0
3656 350 1
3657 414 0
3658 528 1
3659 143 1
3660 121 0
3661 22 0
3662 175 1
3663 208 0
3664 175 1
3665 444 1
3666 152 1
3667 825 1
3668 46 1
3669 250 0
3670 112 1
3671 608 0
3672 495 1
3673 374 0
3674 764 0
3675 166 1
3676 828 1
3677 765 1
3678 581 0
3679 141 0
3680 893 0
3681 140 1
3682 220 0
3683 367 1
3684 399 0
3685 236 0
3686 114 1
3687 666 0
3688 660 0
3689 128 0
3690 52 1
3691 804 1
3692 176 0
3693 676 1
3694 136 0
3695 306 0
3696 195 0
3697 571 1
3698 501 1
3699 78 0
3700 50 1
3701 203 1
3702 853 1
3703 467 1
3704 405 1
3705 531 1
3706 584 1
3707 130 1
3708 498 1
3709 310 0
3710 415 1
3711 763 0
3712 756 1
3713 422 1
3714 470 1
3715 652 1
3716 805 1
3717 675 1
3718 220 1
3719 765 1
3720 530 1
3721 478 1
3722 225 0
3723 73 0
3724 206 1
3725 457 1
3726 396 1
3727 628 1
3728 149 1
3729 301 1
3730 640 0
3731 833 1
3732 601 1
3733 401 0
3734 541 1
3735 842 1
3736 354 0
3737 384 1
3738 721 1
3739 699 1
3740 534 0
3741 649 0
3742 871 0
3743 875 1
3744 219 0
3745 432 1
3746 22 1
3747 502 1
3748 664 1
3749 841 0
3750 258 1
3751 475 1
3752 598 1
3753 587 1
3754 713 1
3755 743 1
3756 640 1
3757 673 1
3758 560 0
3759 423 0
3760 616 0
3761 430 1
3762 615 1
3763 658 1
3764 628 1
3765 683 1
3766 776 0
3767 894 1
3768 513 1
3769 289 1
3770 65 1
3771 365 1
3772 315 0
3773 406 1
3774 478 1
3775 447 1
3776 180 0
3777 228 1
3778 305 1
3779 570 0
3780 880 1
3781 612 1
3782 302 0
3783 21 1
3784 583 1
3785 835 1
3786 134 0
3787 146 0
3788 130 1
3789 721 1
3790 778 1
3791 197 0
3792 540 0
3793 852 1
3794 103 1
3795 572 1
3796 566 1
3797 828 0
3798 285 1
3799 180 1
3800 556 0
3801 309 0
3802 710 1
3803 536 1
3804 404 1
3805 844 1
3806 19 0
3807 338 1
3808 556 1
3809 197 1
3810 504 1
3811 435 1
3812 152 1
3813 434 1
3814 608 1
3815 98 1
3816 124 0
3817 349 1
3818 258 1
3819 170 0
3820 33 1
3821 339 1
3822 245 1
3823 305 1
3824 660 1
3825 857 1
3826 371 1
3827 125 1
3828 150 1
3829 49 1
3830 570 1
3831 417 0
3832 851 1
3833 25 0
3834 444 0
3835 267 1
3836 2 1
3837 223 1
3838 383 1
3839 445 1
3840 427 1
3841 98 1
3842 189 0
3843 113 0
3844 180 1
3845 494 0
3846 607 1
3847 544 0
3848 471 1
3849 766 1
3850 161 0
3851 789 0
3852 136 1
3853 104 1
3854 36 1
3855 355 1
3856 346 1
3857 53 1
3858 73 1
3859 569 0
3860 626 0
3861 103 1
3862 767 1
3863 285 0
3864 9 1
3865 649 1
3866 878 0
3867 26 1
3868 342 0
3869 28 1
3870 372 1
3871 238 1
3872 233 0
3873 47 1
3874 755 1
3875 560 0
3876 471 1
3877 505 0
3878 102 1
3879 675 0
3880 635 0
3881 578 1
3882 357 0
3883 121 0
3884 428 1
3885 474 1
3886 830 1
3887 312 0
3888 698 1
3889 765 1
3890 668 1
3891 122 1
3892 780 1
3893 873 0
3894 210 1
3895 390 0
3896 764 0
3897 249 0
3898 69 1
3899 613 1
3900 213 1
3901 90 1
3902 592 1
3903 898 1
3904 157 1
3905 31 0
3906 880 0
3907 153 1
3908 473 1
3909 137 0
3910 466 1
3911 321 1
3912 893 1
3913 243 1
3914 634 1
3915 548 0
3916 736 1
3917 682 1
3918 437 1
3919 807 0
3920 234 1
3921 212 1
3922 387 0
3923 368 1
3924 788 0
3925 39 1
3926 430 1
3927 376 1
3928 328 1
3929 473 0
3930 268 0
3931 305 0
3932 759 0
3933 828 1
3934 459 0
3935 287 1
3936 67 0
3937 599 1
3938 558 1
3939 106 0
3940 265 1
3941 491 1
3942 200 1
3943 810 1
3944 884 1
3945 886 1
3946 503 0
3947 652 1
3948 70 1
3949 53 1
3950 105 1
3951 14 1
3952 533 0
3953 319 1
3954 75 1
3955 328 1
3956 264 1
3957 432 1
3958 182 1
3959 685 1
3960 120 1
3961 110 1
3962 654 1
3963 381 1
3964 133 0
3965 45 1
3966 468 0
3967 707 0
3968 68 1
3969 884 0
3970 847 1
3971 178 1
3972 823 1
3973 368 0
3974 645 0
3975 567 0
3976 220 1
3977 785 0
3978 231 1
3979 94 0
3980 393 1
3981 602 0
3982 496 1
3983 654 1
3984 830 1
3985 698 1
3986 344 0
3987 681 1
3988 279 0
3989 668 1
3990 598 0
3991 789 1
3992 705 1
3993 792 0
3994 632 0
3995 400 0
3996 421 0
3997 84 1
3998 203 1
3999 571 0
4000 771 1
4001 900 1
4002 641 1
4003 174 0
4004 521 0
4005 42 0
4006 870 0
4007 136 0
4008 595 0
4009 404 1
4010 606 1
4011 451 0
4012 896 1
4013 133 1
4014 66 0
4015 25 1
4016 172 0
4017 141 0
4018 100 1
4019 228 1
4020 850 1
4021 840 1
4022 795 0
4023 287 1
4024 697 1
4025 212 0
4026 287 1
4027 520 1
4028 891 1
4029 779 1
4030 457 0
4031 587 1
4032 828 1
4033 838 1
4034 439 0
4035 44 1
4036 128 1
4037 604 1
4038 654 1
4039 205 0
4040 671 1
4041 546 1
4042 476 1
4043 34 0
4044 819 1
4045 820 0
4046 112 1
4047 697 1
4048 333 1
4049 660 1
4050 492 0
4051 557 1
4052 84 1
4053 336 1
4054 241 1
4055 585 1
4056 355 1
4057 663 0
4058 693 1
4059 695 1
4060 5 0
4061 679 1
4062 220 1
4063 146 1
4064 505 1
4065 118 1
4066 610 0
4067 112 0
4068 24 0
4069 829 1
4070 387 1
4071 871 1
4072 139 1
4073 69 1
4074 727 0
4075 235 1
4076 478 0
4077 840 0
4078 488 0
4079 340 0
4080 892 1
4081 485 1
4082 826 1
4083 87 1
4084 443 0
4085 809 1
4086 221 1
4087 671 1
4088 809 1
4089 886 1
4090 0 0
4091 159 1
4092 828 1
4093 869 0
4094 481 1
4095 201 1
4096 163 1
4097 766 1
4098 681 1
4099 633 0
4100 562 0
4101 152 1
4102 113 0
4103 837 0
4104 356 1
4105 349 0
4106 737 1
4107 231 1
4108 300 1
4109 476 0
4110 806 1
4111 649 1
4112 761 1
4113 751 1
4114 159 1
4115 160 1
4116 718 1
4117 297 1
4118 828 0
4119 545 0
4120 452 0
4121 37 1
4122 194 1
4123 349 1
4124 765 1
4125 671 0
4126 899 0
4127 432 1
4128 329 1
4129 696 1
4130 459 1
4131 606 1
4132 564 1
4133 800 0
4134 236 1
4135 172 1
4136 734 0
4137 670 1
4138 170 1
4139 819 1
4140 636 1
4141 398 1
4142 108 0
4143 186 0
4144 806 1
4145 322 1
4146 234 1
4147 333 0
4148 327 1
4149 687 1
4150 369 1
4151 44 0
4152 761 1
4153 823 0
4154 525 0
4155 659 0
4156 727 1
4157 588 1
4158 680 0
4159 361 1
4160 153 1
4161 642 1
4162 108 1
4163 285 1
4164 296 1
4165 395 1
4166 623 0
4167 857 1
4168 846 1
4169 811 1
4170 313 1
4171 423 1
4172 419 0
4173 667 0
4174 282 1
4175 477 0
4176 208 1
4177 822 1
4178 283 1
4179 147 1
4180 268 1
4181 37 1
4182 70 1
4183 771 1
4184 170 0
4185 178 0
4186 43 1
4187 19 1
4188 109 1
4189 354 0
4190 507 1
4191 826 0
4192 744 0
4193 724 0
4194 43 1
4195 399 0
4196 206 1
4197 303 1
4198 124 0
4199 589 1
4200 548 0
4201 173 1
4202 469 1
4203 449 0
4204 572 1
4205 365 1
4206 428 0
4207 290 1
4208 126 0
4209 90 0
4210 678 0
4211 779 1
4212 16 1
4213 558 1
4214 47 0
4215 731 0
4216 410 1
4217 582 0
4218 493 0
4219 249 1
4220 628 0
4221 639 1
4222 597 0
4223 723 1
4224 736 1
4225 290 0
4226 95 1
4227 497 0
4228 646 0
4229 251 1
4230 698 0
4231 81 1
4232 382 1
4233 780 0
4234 487 1
4235 435 0
4236 139 1
4237 666 1
4238 796 1
4239 856 1
4240 94 1
4241 243 0
4242 413 0
4243 598 0
4244 588 1
4245 842 0
4246 624 1
4247 286 0
4248 81 0
4249 376 0
4250 590 1
4251 476 0
4252 677 1
4253 565 1
4254 423 1
4255 599 1
4256 766 1
4257 103 0
4258 376 1
4259 427 1
4260 45 1
4261 439 1
4262 687 0
4263 467 0
4264 286 0
4265 129 0
4266 446 0
4267 101 0
4268 541 1
4269 191 1
4270 582 1
4271 274 0
4272 426 1
4273 716 1
4274 474 1
4275 558 0
4276 6 1
4277 882 0
4278 217 1
4279 857 1
4280 688 1
4281 172 1
4282 385 0
4283 149 0
4284 335 1
4285 78 1
4286 825 0
4287 157 1
4288 125 1
4289 548 1
4290 214 1
4291 515 1
4292 599 1
4293 309 1
4294 340 0
4295 112 1
4296 44 0
4297 658 1
4298 250 1
4299 444 1
4300 544 1
4301 898 1
4302 271 1
4303 214 0
4304 126 1
4305 95 0
4306 661 1
4307 253 0
4308 502 1
4309 868 1
4310 521 1
4311 366 0
4312 56 1
4313 688 0
4314 327 1
4315 287 0
4316 150 0
4317 132 0
4318 736 1
4319 819 1
4320 802 1
4321 896 1
4322 317 1
4323 317 0
4324 207 0
4325 454 0
4326 661 1
4327 690 1
4328 340 1
4329 420 1
4330 401 0
4331 331 1
4332 388 1
4333 73 1
4334 205 0
4335 483 0
4336 598 1
4337 64 1
4338 123 1
4339 527 1
4340 359 1
4341 455 0
4342 0 0
4343 232 1
4344 711 1
4345 701 1
4346 756 0
4347 764 0
4348 891 0
4349 467 0
4350 521 0
4351 599 0
4352 825 1
4353 827 0
4354 738 0
4355 675 1
4356 533 1
4357 612 1
4358 464 1
4359 568 0
4360 289 0
4361 487 1
4362 500 0
4363 388 1
4364 880 1
4365 82 0
4366 598 1
4367 114 0
4368 435 1
4369 569 1
4370 790 1
4371 162 1
4372 267 1
4373 650 0
4374 411 1
4375 105 1
4376 81 0
4377 241 1
4378 635 1
4379 765 0
4380 574 1
4381 510 0
4382 321 0
4383 793 0
4384 358 0
4385 722 1
4386 795 1
4387 364 1
4388 153 0
4389 289 0
4390 727 1
4391 58 1
4392 680 0
4393 182 1
4394 18 1
4395 425 1
4396 586 1
4397 863 0
4398 352 1
4399 456 0
4400 305 0
4401 652 1
4402 557 0
4403 658 0
4404 525 0
4405 68 0
4406 738 1
4407 852 1
4408 118 1
4409 327 1
4410 169 1
4411 124 1
4412 183 0
4413 456 1
4414 831 1
4415 642 1
4416 883 0
4417 733 1
4418 805 1
4419 42 1
4420 834 1
4421 473 1
4422 830 0
4423 881 1
4424 548 1
4425 778 1
4426 159 1
4427 870 0
4428 682 1
4429 877 1
4430 129 1
4431 245 0
4432 408 1
4433 344 1
4434 260 1
4435 138 1
4436 794 1
4437 854 0
4438 730 1
4439 464 1
4440 241 1
4441 788 1
4442 641 1
4443 138 1
4444 875 1
4445 431 0
4446 426 0
4447 512 0
4448 446 1
4449 544 0
4450 639 0
4451 593 0
4452 383 1
4453 651 1
4454 777 1
4455 283 1
4456 854 0
4457 814 0
4458 324 1
4459 709 0
4460 463 0
4461 699 0
4462 312 1
4463 823 1
4464 860 0
4465 258 1
4466 238 1
4467 526 0
4468 190 1
4469 230 1
4470 185 0
4471 481 1
4472 79 1
4473 722 1
4474 446 1
4475 702 1
4476 166 0
4477 898 1
4478 504 1
4479 30 0
4480 376 1
4481 458 0
4482 832 1
4483 334 0
4484 54 1
4485 486 1
4486 473 1
4487 70 1
4488 758 1
4489 352 1
4490 718 1
4491 609 1
4492 347 1
4493 760 0
4494 219 1
4495 711 1
4496 474 1
4497 605 0
4498 650 1
4499 220 0
4500 900 1
4501 339 0
4502 466 1
4503 718 1
4504 894 1
4505 320 1
4506 16 1
4507 695 0
4508 328 1
4509 611 1
4510 740 1
4511 835 1
4512 86 1
4513 412 1
4514 875 0
4515 836 1
4516 735 0
4517 138 1
4518 673 1
4519 19 0
4520 720 1
4521 774 1
4522 666 1
4523 496 1
4524 519 0
4525 334 1
4526 320 1
4527 365 0
4528 808 1
4529 539 1
4530 508 0
4531 448 1
4532 739 1
4533 335 1
4534 235 1
4535 871 1
4536 91 1
4537 484 1
4538 709 1
4539 246 0
4540 582 1
4541 378 1
4542 245 0
4543 705 0
4544 312 1
4545 627 1
4546 809 0
4547 856 1
4548 453 1
4549 555 0
4550 42 0
4551 733 1
4552 666 0
4553 286 1
4554 395 1
4555 494 1
4556 509 1
4557 672 1
4558 408 0
4559 599 1
4560 216 1
4561 37 1
4562 796 0
4563 168 1
4564 580 1
4565 126 0
4566 41 1
4567 151 1
4568 275 0
4569 875 1
4570 366 0
4571 440 1
4572 738 0
4573 421 1
4574 84 0
4575 65 1
4576 741 1
4577 118 0
4578 392 0
4579 677 1
4580 98 0
4581 694 1
4582 159 1
4583 541 1
4584 679 1
4585 798 1
4586 83 1
4587 108 1
4588 242 1
4589 463 1
4590 341 1
4591 320 1
4592 27 0
4593 510 1
4594 714 1
4595 787 0
4596 486 1
4597 348 1
4598 822 1
4599 476 0
4600 801 1
4601 437 1
4602 107 0
4603 498 1
4604 767 1
4605 369 0
4606 885 0
4607 685 0
4608 820 0
4609 727 0
4610 877 0
4611 238 1
4612 887 1
4613 504 1
4614 872 1
4615 200 1
4616 146 0
4617 448 0
4618 875 1
4619 296 0
4620 402 1
4621 344 1
4622 751 1
4623 695 0
4624 719 0
4625 96 1
4626 532 1
4627 555 1
4628 317 1
4629 723 1
4630 228 1
4631 753 1
4632 353 1
4633 320 1
4634 643 1
4635 465 1
4636 382 1
4637 828 1
4638 334 1
4639 596 1
4640 541 1
4641 541 0
4642 720 1
4643 383 0
4644 47 1
4645 414 1
4646 822 1
4647 342 0
4648 260 1
4649 898 1
4650 378 0
4651 740 1
4652 371 0
4653 82 1
4654 687 0
4655 550 0
4656 163 1
4657 489 0
4658 683 0
4659 109 0
4660 771 0
4661 698 1
4662 186 0
4663 659 0
4664 198 1
4665 141 0
4666 515 1
