2357
1 214 1
2 419 0
3 47 1
4 236 1
5 29 1
6 843 0
7 491 1
8 438 0
9 754 1
10 24 1
11 744 1
12 189 1
13 490 1
14 419 1
15 815 1
16 154 0
17 354 0
18 87 1
19 136 1
20 778 1
21 397 0
22 55 1
23 25 0
24 676 1
25 290 1
26 582 1
27 404 0
28 801 1
29 482 0
30 449 1
31 461 1
32 631 1
33 393 0
34 401 1
35 257 1
36 791 1
37 321 1
38 759 1
39 556 1
40 342 1
41 536 0
42 250 0
43 32 0
44 171 0
45 607 1
46 116 1
47 408 0
48 252 1
49 682 1
50 547 1
51 234 0
52 810 1
53 521 1
54 118 1
55 556 0
56 324 1
57 568 0
58 369 1
59 841 1
60 267 1
61 377 1
62 37 1
63 347 1
64 803 1
65 191 0
66 368 1
67 209 1
68 165 1
69 267 1
70 176 1
71 775 0
72 253 1
73 291 1
74 280 1
75 347 1
76 69 1
77 179 1
78 725 0
79 491 1
80 771 1
81 368 1
82 292 1
83 686 1
84 524 1
85 804 0
86 146 1
87 384 1
88 443 1
89 205 1
90 144 1
91 487 1
92 492 0
93 415 1
94 377 1
95 203 0
96 741 1
97 657 1
98 364 0
99 675 1
100 633 0
101 772 1
102 547 1
103 362 1
104 200 0
105 82 1
106 336 1
107 653 1
108 420 1
109 383 0
110 279 1
111 315 1
112 373 0
113 422 0
114 683 1
115 842 1
116 98 1
117 432 1
118 323 1
119 4 1
120 579 1
121 84 0
122 687 0
123 80 1
124 142 0
125 242 1
126 233 1
127 658 1
128 745 1
129 592 0
130 546 1
131 233 1
132 568 1
133 506 1
134 677 0
135 600 1
136 628 1
137 507 1
138 606 1
139 759 1
140 235 1
141 354 0
142 774 1
143 291 0
144 397 1
145 436 0
146 653 0
147 772 1
148 551 1
149 450 1
150 124 1
151 4 0
152 38 1
153 403 1
154 316 1
155 578 1
156 500 1
157 204 0
158 249 1
159 314 1
160 563 1
161 805 1
162 636 1
163 807 1
164 375 1
165 784 1
166 611 1
167 435 1
168 548 1
169 510 0
170 370 0
171 600 0
172 357 0
173 513 1
174 484 1
175 468 1
176 762 0
177 601 1
178 403 1
179 74 1
180 153 1
181 462 0
182 46 1
183 629 0
184 104 1
185 643 1
186 596 1
187 561 1
188 352 0
189 775 0
190 206 1
191 220 1
192 37 0
193 703 0
194 597 1
195 402 1
196 3 1
197 698 0
198 130 0
199 677 1
200 804 0
201 741 1
202 52 1
203 690 1
204 680 1
205 456 1
206 197 0
207 224 1
208 682 0
209 738 0
210 73 1
211 366 1
212 341 0
213 158 0
214 697 1
215 737 0
216 524 1
217 389 1
218 268 1
219 196 0
220 33 0
221 204 1
222 513 0
223 528 1
224 571 1
225 844 1
226 742 1
227 753 1
228 579 0
229 706 0
230 115 1
231 297 1
232 410 1
233 463 1
234 134 1
235 812 1
236 495 0
237 461 0
238 660 0
239 573 0
240 591 1
241 212 1
242 83 1
243 753 0
244 244 1
245 307 1
246 392 1
247 214 1
248 540 1
249 665 1
250 520 1
251 58 1
252 13 0
253 361 1
254 725 1
255 241 0
256 655 1
257 138 1
258 634 1
259 617 0
260 688 0
261 422 0
262 778 0
263 218 1
264 530 1
265 328 0
266 697 0
267 434 1
268 122 1
269 568 1
270 65 0
271 531 1
272 510 1
273 707 1
274 778 1
275 359 1
276 617 1
277 66 1
278 665 1
279 201 1
280 352 1
281 614 1
282 132 0
283 97 0
284 180 1
285 317 1
286 723 0
287 182 0
288 767 1
289 682 0
290 549 1
291 499 0
292 190 1
293 50 1
294 33 0
295 419 1
296 846 1
297 620 0
298 417 0
299 449 1
300 630 1
301 27 1
302 15 1
303 43 0
304 314 1
305 663 1
306 134 0
307 366 1
308 95 1
309 427 1
310 733 0
311 547 1
312 215 1
313 77 1
314 284 1
315 414 1
316 509 0
317 572 1
318 746 1
319 491 1
320 556 0
321 260 1
322 685 1
323 262 1
324 259 1
325 93 1
326 720 0
327 59 1
328 175 0
329 784 0
330 727 1
331 558 1
332 40 1
333 129 1
334 113 1
335 183 1
336 142 1
337 607 1
338 254 1
339 760 0
340 774 1
341 690 0
342 678 1
343 766 1
344 102 0
345 497 1
346 269 1
347 402 0
348 553 1
349 249 1
350 335 1
351 551 1
352 60 1
353 489 1
354 395 1
355 11 1
356 471 1
357 152 1
358 635 1
359 338 0
360 836 1
361 783 0
362 258 0
363 568 1
364 53 1
365 661 0
366 465 1
367 83 1
368 706 1
369 23 1
370 158 0
371 575 0
372 768 1
373 114 1
374 829 1
375 509 1
376 504 0
377 259 1
378 814 1
379 758 0
380 44 0
381 473 1
382 120 1
383 219 1
384 280 1
385 264 0
386 342 1
387 251 0
388 750 0
389 2 1
390 34 1
391 764 1
392 171 1
393 516 0
394 219 0
395 190 1
396 214 0
397 806 1
398 435 1
399 344 0
400 484 1
401 338 1
402 663 1
403 273 1
404 171 1
405 512 0
406 818 0
407 775 1
408 637 0
409 311 1
410 54 0
411 336 1
412 412 0
413 634 1
414 536 1
415 715 0
416 803 0
417 215 0
418 10 1
419 368 1
420 795 0
421 418 0
422 493 1
423 122 1
424 789 1
425 355 1
426 151 0
427 295 1
428 170 1
429 595 0
430 275 1
431 126 1
432 731 0
433 1 1
434 13 1
435 139 1
436 433 1
437 789 1
438 87 0
439 393 0
440 530 0
441 55 1
442 624 1
443 461 1
444 495 1
445 748 0
446 703 1
447 185 0
448 368 1
449 545 0
450 587 1
451 406 1
452 458 0
453 284 1
454 443 1
455 574 1
456 610 0
457 23 1
458 228 1
459 396 1
460 757 1
461 679 1
462 322 1
463 416 0
464 235 1
465 288 0
466 13 0
467 211 1
468 225 1
469 170 1
470 357 1
471 826 1
472 622 0
473 537 0
474 582 0
475 759 0
476 445 1
477 288 1
478 638 1
479 674 1
480 1 0
481 64 0
482 24 0
483 487 0
484 803 0
485 102 1
486 617 1
487 431 0
488 146 1
489 395 0
490 301 1
491 404 1
492 80 1
493 665 1
494 581 1
495 808 1
496 669 1
497 629 0
498 363 1
499 127 0
500 109 1
501 630 0
502 342 1
503 303 0
504 429 1
505 433 1
506 188 1
507 628 0
508 746 1
509 234 1
510 153 1
511 245 0
512 282 0
513 732 0
514 327 1
515 116 0
516 273 1
517 380 1
518 176 1
519 288 1
520 533 1
521 520 1
522 775 1
523 205 1
524 811 1
525 368 1
526 666 0
527 155 1
528 705 0
529 778 0
530 83 0
531 685 0
532 10 1
533 156 0
534 52 0
535 8 1
536 382 1
537 522 1
538 46 1
539 167 1
540 383 0
541 157 1
542 334 0
543 397 1
544 385 0
545 439 1
546 439 1
547 9 0
548 526 1
549 699 0
550 641 1
551 380 1
552 453 0
553 518 0
554 30 1
555 540 1
556 437 1
557 710 1
558 162 1
559 178 0
560 588 1
561 200 1
562 79 0
563 660 0
564 406 1
565 400 1
566 435 0
567 439 1
568 20 0
569 603 0
570 43 0
571 528 1
572 177 1
573 468 1
574 650 1
575 103 1
576 480 1
577 601 1
578 576 1
579 381 1
580 141 0
581 429 1
582 746 1
583 713 0
584 194 1
585 33 1
586 828 0
587 750 1
588 135 0
589 560 1
590 232 1
591 360 1
592 182 1
593 488 0
594 591 1
595 140 0
596 835 1
597 525 1
598 623 1
599 716 1
600 42 1
601 207 1
602 494 0
603 211 0
604 511 1
605 599 1
606 651 1
607 640 0
608 290 0
609 840 0
610 366 0
611 798 0
612 735 1
613 303 1
614 49 1
615 511 0
616 104 0
617 146 1
618 11 1
619 411 1
620 377 1
621 450 0
622 339 0
623 231 0
624 555 1
625 662 0
626 388 0
627 459 1
628 303 1
629 817 1
630 117 1
631 476 1
632 383 0
633 3 1
634 195 1
635 101 1
636 674 1
637 818 1
638 826 0
639 794 0
640 456 1
641 639 1
642 437 0
643 336 1
644 197 1
645 245 1
646 3 1
647 600 1
648 559 1
649 813 1
650 235 1
651 511 0
652 618 0
653 258 1
654 714 1
655 314 0
656 28 1
657 384 0
658 388 1
659 390 1
660 242 1
661 117 1
662 572 0
663 632 1
664 537 1
665 221 1
666 696 1
667 49 1
668 398 1
669 247 1
670 543 1
671 652 1
672 699 1
673 221 0
674 92 0
675 73 1
676 462 1
677 612 0
678 124 0
679 501 1
680 210 1
681 618 1
682 640 0
683 557 1
684 159 0
685 551 1
686 550 1
687 458 1
688 575 1
689 705 1
690 475 1
691 187 1
692 153 0
693 308 1
694 380 0
695 90 1
696 717 1
697 648 1
698 560 1
699 795 1
700 347 1
701 605 1
702 6 0
703 515 0
704 80 1
705 434 1
706 334 1
707 709 1
708 604 1
709 796 0
710 196 0
711 726 0
712 811 0
713 638 1
714 101 1
715 426 1
716 236 1
717 561 0
718 464 0
719 9 0
720 664 1
721 315 1
722 248 0
723 670 0
724 411 0
725 173 1
726 722 1
727 736 0
728 642 1
729 393 1
730 295 1
731 439 0
732 219 1
733 839 0
734 445 1
735 411 0
736 475 0
737 445 1
738 152 1
739 759 0
740 70 1
741 386 0
742 168 1
743 662 0
744 832 1
745 770 0
746 242 1
747 27 1
748 546 1
749 329 0
750 50 0
751 438 1
752 684 1
753 432 0
754 334 1
755 583 1
756 428 1
757 413 0
758 427 1
759 623 0
760 498 1
761 786 1
762 90 1
763 387 1
764 16 1
765 845 1
766 641 0
767 592 1
768 534 1
769 465 0
770 553 0
771 489 0
772 385 0
773 826 0
774 346 1
775 439 1
776 330 0
777 802 1
778 376 1
779 273 1
780 241 1
781 491 0
782 769 0
783 544 0
784 477 1
785 508 0
786 458 0
787 411 0
788 236 1
789 808 1
790 142 1
791 644 1
792 842 1
793 109 1
794 155 1
795 826 1
796 685 1
797 463 1
798 770 1
799 214 0
800 418 1
801 645 1
802 55 0
803 24 0
804 630 1
805 91 0
806 481 1
807 461 1
808 549 1
809 29 1
810 136 1
811 284 0
812 541 1
813 580 1
814 124 1
815 46 1
816 668 1
817 602 1
818 148 1
819 199 1
820 708 1
821 766 1
822 241 1
823 816 1
824 165 1
825 646 0
826 100 1
827 275 0
828 15 1
829 257 0
830 833 0
831 745 1
832 243 1
833 593 1
834 342 1
835 385 1
836 299 0
837 575 1
838 747 1
839 515 1
840 604 0
841 399 1
842 460 1
843 531 1
844 746 1
845 678 1
846 308 1
847 569 1
848 291 1
849 159 1
850 290 1
851 52 1
852 65 1
853 314 1
854 355 1
855 93 0
856 358 0
857 32 1
858 383 1
859 478 1
860 536 1
861 228 1
862 100 0
863 644 1
864 295 1
865 209 1
866 533 1
867 423 1
868 72 1
869 626 1
870 782 1
871 603 1
872 396 1
873 296 1
874 383 1
875 276 1
876 267 0
877 131 1
878 486 1
879 791 1
880 764 1
881 616 0
882 477 1
883 263 0
884 113 1
885 193 0
886 793 0
887 372 1
888 648 1
889 337 1
890 659 0
891 318 1
892 335 0
893 510 1
894 441 0
895 819 1
896 670 1
897 22 1
898 843 1
899 98 1
900 391 0
901 219 1
902 304 1
903 710 1
904 476 0
905 351 0
906 30 1
907 398 1
908 366 1
909 370 0
910 546 1
911 349 1
912 177 1
913 733 1
914 721 0
915 312 0
916 338 1
917 633 1
918 340 1
919 810 1
920 759 1
921 256 1
922 230 1
923 338 1
924 746 1
925 557 1
926 299 1
927 30 0
928 494 1
929 681 1
930 810 1
931 696 0
932 709 1
933 127 1
934 225 0
935 202 0
936 467 0
937 110 1
938 328 1
939 478 1
940 405 0
941 735 0
942 310 1
943 365 1
944 744 1
945 388 0
946 375 1
947 191 0
948 814 0
949 502 1
950 503 0
951 328 1
952 378 0
953 36 1
954 102 1
955 117 1
956 734 1
957 396 0
958 834 0
959 184 1
960 175 1
961 621 1
962 26 1
963 4 1
964 378 1
965 216 1
966 427 0
967 220 1
968 198 1
969 696 0
970 770 1
971 56 1
972 1 1
973 4 1
974 430 1
975 750 0
976 794 1
977 341 1
978 551 0
979 28 1
980 67 0
981 178 0
982 820 1
983 484 1
984 654 0
985 567 1
986 297 1
987 417 1
988 260 1
989 350 1
990 643 1
991 481 0
992 807 1
993 625 1
994 319 1
995 687 1
996 82 1
997 65 0
998 416 0
999 321 1
1000 33 0
1001 831 0
1002 727 1
1003 692 1
1004 7 0
1005 15 0
1006 478 1
1007 423 1
1008 502 1
1009 195 0
1010 37 0
1011 423 0
1012 52 0
1013 238 1
1014 221 1
1015 722 1
1016 631 0
1017 648 1
1018 291 1
1019 682 1
1020 751 1
1021 100 1
1022 409 1
1023 35 1
1024 787 0
1025 100 0
1026 297 0
1027 160 1
1028 164 1
1029 33 1
1030 141 1
1031 672 1
1032 678 1
1033 466 1
1034 150 0
1035 419 1
1036 246 0
1037 467 1
1038 258 1
1039 751 1
1040 798 0
1041 237 0
1042 528 0
1043 661 1
1044 11 1
1045 262 1
1046 666 0
1047 140 0
1048 592 1
1049 617 1
1050 156 1
1051 11 0
1052 771 1
1053 210 1
1054 166 0
1055 442 0
1056 150 0
1057 395 1
1058 293 1
1059 586 0
1060 119 1
1061 553 0
1062 152 1
1063 466 1
1064 517 1
1065 702 0
1066 520 1
1067 259 1
1068 376 1
1069 657 1
1070 648 1
1071 690 0
1072 115 1
1073 660 0
1074 510 1
1075 810 1
1076 431 1
1077 599 1
1078 361 1
1079 543 0
1080 548 0
1081 767 1
1082 327 0
1083 696 0
1084 681 1
1085 430 1
1086 788 1
1087 431 1
1088 574 0
1089 529 0
1090 705 0
1091 50 1
1092 158 1
1093 88 1
1094 82 1
1095 614 1
1096 213 1
1097 35 1
1098 745 1
1099 428 1
1100 420 1
1101 211 0
1102 346 1
1103 449 1
1104 101 0
1105 342 0
1106 653 1
1107 279 1
1108 226 1
1109 547 1
1110 184 1
1111 155 1
1112 96 1
1113 122 0
1114 138 1
1115 603 1
1116 624 1
1117 136 1
1118 672 0
1119 227 1
1120 779 1
1121 763 1
1122 146 1
1123 611 0
1124 595 1
1125 744 1
1126 721 1
1127 360 0
1128 307 1
1129 810 1
1130 280 1
1131 252 1
1132 563 0
1133 211 1
1134 157 1
1135 344 1
1136 224 0
1137 736 1
1138 518 1
1139 806 1
1140 843 1
1141 260 1
1142 786 1
1143 685 1
1144 319 0
1145 787 1
1146 428 1
1147 688 0
1148 612 0
1149 562 0
1150 554 1
1151 74 0
1152 349 1
1153 364 1
1154 494 0
1155 349 1
1156 208 1
1157 421 1
1158 415 0
1159 456 1
1160 121 1
1161 518 1
1162 651 1
1163 724 1
1164 474 1
1165 400 1
1166 528 0
1167 174 1
1168 501 0
1169 114 1
1170 44 0
1171 701 1
1172 257 1
1173 464 1
1174 597 1
1175 623 0
1176 532 1
1177 484 1
1178 716 1
1179 782 1
1180 831 1
1181 587 1
1182 25 1
1183 573 1
1184 548 1
1185 769 1
1186 335 1
1187 62 1
1188 113 1
1189 449 1
1190 630 1
1191 644 0
1192 581 1
1193 681 0
1194 673 1
1195 9 1
1196 166 1
1197 351 1
1198 606 0
1199 813 0
1200 796 1
1201 84 1
1202 541 1
1203 28 0
1204 672 1
1205 548 1
1206 765 1
1207 801 1
1208 625 1
1209 164 1
1210 466 1
1211 322 0
1212 834 1
1213 39 1
1214 782 1
1215 83 0
1216 770 1
1217 166 0
1218 345 1
1219 301 0
1220 767 0
1221 688 0
1222 346 1
1223 399 1
1224 523 0
1225 669 1
1226 769 0
1227 837 0
1228 0 1
1229 563 0
1230 96 1
1231 698 1
1232 30 0
1233 514 0
1234 307 1
1235 609 0
1236 1 0
1237 95 1
1238 338 1
1239 566 1
1240 241 0
1241 187 1
1242 562 0
1243 133 0
1244 269 1
1245 530 1
1246 560 1
1247 417 1
1248 460 1
1249 118 0
1250 115 1
1251 178 1
1252 425 0
1253 560 1
1254 831 1
1255 810 1
1256 730 0
1257 451 0
1258 358 1
1259 224 1
1260 465 1
1261 178 1
1262 350 0
1263 768 1
1264 742 1
1265 794 0
1266 14 0
1267 191 0
1268 461 1
1269 388 1
1270 246 1
1271 700 1
1272 531 0
1273 606 1
1274 72 0
1275 734 1
1276 768 1
1277 779 0
1278 691 1
1279 296 1
1280 801 1
1281 659 0
1282 398 0
1283 440 0
1284 818 0
1285 487 1
1286 362 0
1287 377 1
1288 675 0
1289 119 0
1290 181 1
1291 469 0
1292 101 0
1293 435 1
1294 315 1
1295 594 1
1296 126 0
1297 300 1
1298 472 1
1299 568 1
1300 752 1
1301 690 0
1302 580 1
1303 344 0
1304 419 1
1305 339 1
1306 533 1
1307 766 1
1308 424 1
1309 675 1
1310 238 1
1311 191 1
1312 42 1
1313 73 1
1314 416 1
1315 140 1
1316 34 1
1317 651 1
1318 235 1
1319 205 0
1320 707 1
1321 471 1
1322 568 1
1323 274 1
1324 744 0
1325 67 0
1326 586 0
1327 562 0
1328 783 1
1329 327 1
1330 462 1
1331 736 1
1332 483 1
1333 326 1
1334 751 1
1335 588 1
1336 292 1
1337 186 0
1338 634 0
1339 189 1
1340 594 1
1341 696 1
1342 547 1
1343 146 1
1344 230 1
1345 50 1
1346 93 1
1347 436 1
1348 510 1
1349 478 1
1350 510 1
1351 176 0
1352 495 1
1353 814 1
1354 40 0
1355 843 0
1356 476 1
1357 119 1
1358 285 0
1359 722 1
1360 771 1
1361 456 1
1362 710 0
1363 657 0
1364 23 1
1365 819 1
1366 570 1
1367 487 0
1368 574 0
1369 530 1
1370 673 1
1371 401 1
1372 400 1
1373 541 1
1374 2 1
1375 418 1
1376 339 1
1377 5 0
1378 135 0
1379 638 1
1380 166 0
1381 692 1
1382 789 1
1383 138 1
1384 2 1
1385 282 1
1386 378 1
1387 161 1
1388 451 1
1389 648 1
1390 269 1
1391 442 0
1392 277 1
1393 57 1
1394 326 1
1395 603 1
1396 457 1
1397 413 1
1398 812 1
1399 98 1
1400 435 1
1401 673 1
1402 311 1
1403 744 1
1404 720 1
1405 432 1
1406 795 0
1407 813 0
1408 538 0
1409 700 0
1410 751 0
1411 509 1
1412 120 1
1413 823 0
1414 689 0
1415 114 0
1416 549 0
1417 274 1
1418 806 0
1419 838 0
1420 747 1
1421 36 1
1422 481 1
1423 102 0
1424 88 0
1425 220 1
1426 442 1
1427 384 1
1428 20 1
1429 678 1
1430 528 1
1431 203 1
1432 764 0
1433 305 1
1434 648 1
1435 584 1
1436 750 1
1437 393 1
1438 654 1
1439 618 1
1440 481 1
1441 766 1
1442 785 0
1443 670 1
1444 725 1
1445 731 1
1446 509 1
1447 666 0
1448 564 1
1449 299 0
1450 450 1
1451 127 0
1452 688 1
1453 767 1
1454 231 1
1455 421 1
1456 561 1
1457 4 1
1458 673 1
1459 519 1
1460 392 1
1461 171 1
1462 489 0
1463 479 0
1464 176 0
1465 633 1
1466 30 1
1467 131 1
1468 464 1
1469 429 0
1470 652 1
1471 592 0
1472 373 1
1473 79 1
1474 487 0
1475 844 1
1476 186 0
1477 117 0
1478 220 1
1479 97 1
1480 590 1
1481 207 1
1482 643 1
1483 556 1
1484 452 0
1485 139 0
1486 204 1
1487 718 1
1488 511 1
1489 840 1
1490 613 0
1491 214 1
1492 220 1
1493 658 1
1494 143 1
1495 21 1
1496 638 1
1497 571 0
1498 598 1
1499 756 1
1500 480 0
1501 555 0
1502 842 1
1503 446 1
1504 408 1
1505 689 1
1506 458 0
1507 156 0
1508 451 1
1509 303 1
1510 754 1
1511 512 1
1512 616 1
1513 193 0
1514 610 1
1515 632 0
1516 213 0
1517 111 1
1518 766 0
1519 745 1
1520 179 1
1521 531 1
1522 706 1
1523 532 1
1524 685 1
1525 55 0
1526 375 1
1527 351 1
1528 51 0
1529 541 1
1530 742 1
1531 57 1
1532 698 0
1533 346 0
1534 758 1
1535 158 0
1536 14 0
1537 791 1
1538 560 1
1539 213 1
1540 527 1
1541 205 1
1542 53 0
1543 262 1
1544 349 0
1545 766 1
1546 314 0
1547 350 0
1548 208 0
1549 844 1
1550 124 0
1551 271 0
1552 843 0
1553 43 0
1554 755 1
1555 200 0
1556 590 1
1557 553 1
1558 178 1
1559 779 1
1560 804 1
1561 770 1
1562 769 0
1563 466 1
1564 152 0
1565 311 1
1566 648 1
1567 448 1
1568 14 1
1569 414 1
1570 812 1
1571 419 1
1572 204 1
1573 381 0
1574 125 1
1575 125 1
1576 227 0
1577 383 0
1578 351 0
1579 310 0
1580 495 1
1581 844 1
1582 388 1
1583 122 1
1584 184 1
1585 355 1
1586 366 0
1587 735 1
1588 84 1
1589 168 1
1590 645 0
1591 322 1
1592 372 0
1593 205 1
1594 738 1
1595 475 1
1596 352 1
1597 744 1
1598 164 1
1599 327 0
1600 650 1
1601 528 1
1602 674 0
1603 771 1
1604 748 1
1605 151 0
1606 449 1
1607 602 1
1608 362 1
1609 761 1
1610 506 1
1611 733 1
1612 43 0
1613 783 1
1614 711 0
1615 587 1
1616 194 1
1617 713 1
1618 779 0
1619 842 1
1620 792 1
1621 409 0
1622 650 1
1623 398 0
1624 154 0
1625 512 1
1626 731 1
1627 734 1
1628 210 1
1629 198 1
1630 149 0
1631 618 1
1632 270 1
1633 427 1
1634 304 0
1635 65 1
1636 598 0
1637 641 1
1638 637 1
1639 660 0
1640 535 1
1641 635 1
1642 721 1
1643 377 1
1644 407 0
1645 220 1
1646 546 1
1647 115 1
1648 505 1
1649 201 1
1650 147 1
1651 241 0
1652 740 1
1653 361 0
1654 258 1
1655 536 0
1656 529 1
1657 395 1
1658 29 1
1659 549 1
1660 533 1
1661 209 1
1662 791 0
1663 231 1
1664 51 1
1665 474 1
1666 731 0
1667 160 1
1668 750 1
1669 369 1
1670 727 0
1671 137 0
1672 413 1
1673 27 1
1674 490 1
1675 94 1
1676 562 0
1677 438 1
1678 660 1
1679 170 1
1680 285 1
1681 125 1
1682 513 0
1683 824 1
1684 839 1
1685 640 1
1686 402 1
1687 342 1
1688 526 1
1689 473 1
1690 162 0
1691 375 1
1692 55 1
1693 413 1
1694 666 1
1695 610 1
1696 413 0
1697 272 1
1698 205 0
1699 557 0
1700 625 0
1701 130 1
1702 343 0
1703 211 1
1704 58 0
1705 254 1
1706 469 0
1707 96 1
1708 659 1
1709 424 1
1710 310 1
1711 581 0
1712 106 1
1713 833 0
1714 318 1
1715 572 1
1716 108 0
1717 308 1
1718 360 1
1719 568 1
1720 420 1
1721 703 1
1722 668 0
1723 598 1
1724 525 1
1725 108 0
1726 424 1
1727 742 1
1728 760 1
1729 59 1
1730 486 0
1731 358 1
1732 518 1
1733 293 1
1734 434 0
1735 513 0
1736 20 0
1737 80 1
1738 383 1
1739 319 1
1740 100 0
1741 48 1
1742 333 1
1743 271 1
1744 734 0
1745 508 1
1746 178 1
1747 150 0
1748 781 1
1749 791 1
1750 489 1
1751 405 1
1752 8 1
1753 381 1
1754 411 1
1755 484 1
1756 311 1
1757 252 1
1758 540 1
1759 74 1
1760 70 1
1761 831 1
1762 697 0
1763 128 0
1764 609 1
1765 181 0
1766 559 1
1767 791 1
1768 320 1
1769 175 1
1770 208 1
1771 459 1
1772 408 1
1773 380 1
1774 418 0
1775 559 1
1776 253 1
1777 800 1
1778 707 0
1779 764 0
1780 216 1
1781 782 0
1782 748 1
1783 559 1
1784 265 0
1785 167 1
1786 642 1
1787 209 1
1788 489 0
1789 335 1
1790 228 0
1791 612 0
1792 652 1
1793 584 1
1794 678 1
1795 196 1
1796 630 0
1797 6 0
1798 72 1
1799 814 1
1800 548 1
1801 27 0
1802 792 1
1803 577 0
1804 41 1
1805 526 0
1806 174 0
1807 784 1
1808 39 0
1809 553 1
1810 205 1
1811 764 1
1812 96 0
1813 582 1
1814 552 0
1815 569 1
1816 747 1
1817 627 1
1818 16 1
1819 309 1
1820 452 0
1821 360 1
1822 310 1
1823 668 1
1824 0 1
1825 219 1
1826 339 0
1827 258 0
1828 153 1
1829 635 0
1830 605 1
1831 175 1
1832 137 1
1833 380 1
1834 343 0
1835 276 1
1836 709 1
1837 670 1
1838 116 0
1839 520 1
1840 80 0
1841 354 1
1842 122 1
1843 39 1
1844 637 1
1845 198 1
1846 216 1
1847 115 1
1848 391 1
1849 571 1
1850 336 1
1851 778 1
1852 667 0
1853 400 1
1854 274 1
1855 84 0
1856 28 1
1857 775 1
1858 235 0
1859 491 1
1860 705 0
1861 514 1
1862 278 0
1863 491 1
1864 276 1
1865 620 0
1866 246 1
1867 26 1
1868 302 0
1869 65 1
1870 564 1
1871 83 0
1872 619 1
1873 839 0
1874 41 0
1875 94 1
1876 355 1
1877 36 1
1878 422 1
1879 487 1
1880 773 1
1881 560 0
1882 809 0
1883 301 1
1884 229 1
1885 23 1
1886 547 1
1887 602 0
1888 181 1
1889 389 1
1890 260 0
1891 153 1
1892 308 1
1893 465 0
1894 748 1
1895 646 0
1896 427 1
1897 93 1
1898 128 1
1899 715 1
1900 824 1
1901 335 1
1902 29 1
1903 25 0
1904 683 0
1905 465 1
1906 114 0
1907 742 1
1908 23 1
1909 305 1
1910 527 1
1911 661 0
1912 493 0
1913 526 1
1914 364 1
1915 164 1
1916 316 1
1917 47 1
1918 621 1
1919 588 0
1920 551 1
1921 583 0
1922 8 1
1923 239 1
1924 53 0
1925 835 1
1926 712 1
1927 719 1
1928 618 1
1929 164 1
1930 823 0
1931 506 1
1932 827 1
1933 668 1
1934 722 1
1935 240 1
1936 615 1
1937 274 0
1938 517 1
1939 687 1
1940 274 1
1941 366 1
1942 539 0
1943 529 0
1944 667 1
1945 476 1
1946 205 1
1947 117 0
1948 784 0
1949 1 1
1950 378 1
1951 267 0
1952 281 0
1953 17 1
1954 271 1
1955 584 1
1956 595 1
1957 748 0
1958 404 1
1959 629 1
1960 338 0
1961 81 1
1962 456 1
1963 792 0
1964 199 1
1965 267 1
1966 218 1
1967 819 1
1968 292 1
1969 513 1
1970 725 1
1971 293 0
1972 448 1
1973 791 0
1974 687 0
1975 259 1
1976 14 0
1977 785 1
1978 570 1
1979 79 1
1980 706 1
1981 563 1
1982 66 0
1983 640 1
1984 555 1
1985 74 1
1986 651 1
1987 89 1
1988 624 0
1989 255 0
1990 637 1
1991 705 1
1992 38 1
1993 305 1
1994 587 1
1995 593 1
1996 764 1
1997 617 1
1998 60 1
1999 340 1
2000 779 1
2001 296 1
2002 845 1
2003 17 1
2004 481 1
2005 301 0
2006 2 0
2007 105 0
2008 16 0
2009 712 1
2010 828 1
2011 264 1
2012 830 1
2013 758 0
2014 507 0
2015 754 1
2016 729 1
2017 236 0
2018 651 1
2019 564 1
2020 589 1
2021 555 0
2022 240 1
2023 663 1
2024 255 1
2025 76 1
2026 169 0
2027 195 1
2028 471 0
2029 290 0
2030 420 0
2031 633 0
2032 462 1
2033 243 0
2034 339 0
2035 549 1
2036 42 0
2037 672 1
2038 133 1
2039 603 1
2040 199 1
2041 688 1
2042 269 1
2043 583 0
2044 205 1
2045 22 0
2046 285 1
2047 110 1
2048 741 1
2049 164 1
2050 409 0
2051 344 1
2052 186 1
2053 798 0
2054 688 1
2055 772 1
2056 481 0
2057 471 1
2058 711 1
2059 642 0
2060 264 0
2061 693 1
2062 536 1
2063 449 1
2064 405 1
2065 725 1
2066 511 1
2067 482 0
2068 454 1
2069 233 1
2070 201 1
2071 397 0
2072 833 1
2073 617 0
2074 227 1
2075 765 1
2076 261 1
2077 224 1
2078 662 1
2079 443 1
2080 471 0
2081 218 1
2082 574 0
2083 48 1
2084 316 0
2085 507 1
2086 503 1
2087 416 0
2088 77 1
2089 370 0
2090 630 1
2091 11 1
2092 114 0
2093 24 0
2094 93 1
2095 212 1
2096 820 1
2097 763 1
2098 314 1
2099 759 1
2100 341 1
2101 396 1
2102 508 0
2103 518 1
2104 182 1
2105 138 0
2106 391 1
2107 7 0
2108 417 1
2109 499 0
2110 563 1
2111 291 1
2112 326 1
2113 298 0
2114 266 1
2115 519 0
2116 692 1
2117 668 0
2118 63 1
2119 186 1
2120 442 0
2121 210 1
2122 473 1
2123 524 0
2124 346 0
2125 618 0
2126 38 0
2127 661 0
2128 364 1
2129 221 0
2130 384 1
2131 421 1
2132 839 0
2133 645 0
2134 644 0
2135 332 1
2136 307 0
2137 225 1
2138 825 1
2139 40 1
2140 108 1
2141 448 1
2142 783 0
2143 575 1
2144 436 1
2145 113 1
2146 752 0
2147 266 1
2148 841 1
2149 13 0
2150 79 1
2151 60 1
2152 105 1
2153 415 1
2154 250 0
2155 469 1
2156 329 1
2157 537 0
2158 363 1
2159 628 0
2160 244 1
2161 836 1
2162 493 0
2163 75 0
2164 382 1
2165 339 0
2166 498 1
2167 63 1
2168 749 1
2169 717 1
2170 150 0
2171 542 1
2172 472 1
2173 841 0
2174 495 0
2175 2 1
2176 579 1
2177 71 0
2178 309 0
2179 774 0
2180 331 1
2181 336 1
2182 730 1
2183 585 1
2184 63 1
2185 847 1
2186 41 0
2187 757 1
2188 805 1
2189 532 1
2190 588 1
2191 408 1
2192 589 1
2193 608 1
2194 722 0
2195 742 1
2196 16 0
2197 187 0
2198 663 1
2199 594 1
2200 474 1
2201 187 1
2202 287 1
2203 212 0
2204 63 0
2205 762 1
2206 495 1
2207 155 1
2208 834 0
2209 351 1
2210 513 1
2211 98 0
2212 509 1
2213 492 1
2214 273 1
2215 298 0
2216 832 1
2217 447 1
2218 614 1
2219 580 1
2220 620 1
2221 513 1
2222 1 1
2223 568 1
2224 615 0
2225 760 0
2226 349 1
2227 27 0
2228 360 0
2229 398 1
2230 758 1
2231 598 1
2232 366 1
2233 261 0
2234 73 0
2235 842 1
2236 520 1
2237 145 1
2238 360 1
2239 541 1
2240 817 0
2241 473 1
2242 496 1
2243 393 1
2244 171 0
2245 707 1
2246 672 0
2247 39 1
2248 686 0
2249 354 1
2250 327 1
2251 670 1
2252 9 1
2253 553 1
2254 745 1
2255 529 0
2256 731 1
2257 248 0
2258 686 1
2259 453 1
2260 649 0
2261 155 1
2262 801 1
2263 695 0
2264 560 1
2265 647 0
2266 550 0
2267 102 1
2268 469 1
2269 113 1
2270 85 1
2271 296 1
2272 45 0
2273 445 1
2274 402 1
2275 805 0
2276 426 0
2277 708 0
2278 372 1
2279 234 1
2280 788 0
2281 219 0
2282 535 1
2283 234 1
2284 193 0
2285 554 1
2286 238 1
2287 311 0
2288 611 1
2289 198 1
2290 22 0
2291 368 0
2292 301 1
2293 43 0
2294 815 1
2295 5 0
2296 344 1
2297 430 0
2298 609 0
2299 220 1
2300 260 1
2301 265 1
2302 841 1
2303 813 1
2304 549 1
2305 769 0
2306 352 1
2307 236 1
2308 581 1
2309 574 1
2310 589 1
2311 487 1
2312 19 0
2313 181 0
2314 767 1
2315 615 1
2316 391 0
2317 742 0
2318 672 1
2319 172 1
2320 55 1
2321 161 0
2322 446 1
2323 308 1
2324 740 0
2325 759 0
2326 645 1
2327 663 1
2328 501 1
2329 477 0
2330 461 1
2331 663 0
2332 308 0
2333 453 1
2334 449 0
2335 538 1
2336 751 1
2337 160 1
2338 344 1
2339 561 1
2340 535 0
2341 782 1
2342 56 1
2343 213 1
2344 658 1
2345 193 1
2346 150 0
2347 309 0
2348 598 1
2349 622 1
2350 572 0
2351 767 1
2352 259 1
2353 10 0
2354 580 1
2355 56 1
2356 260 1
2357 663 0
