7883
1 118 1
2 400 0
3 556 1
4 264 1
5 40 1
6 358 0
7 640 0
8 181 1
9 621 1
10 379 1
11 170 1
12 39 1
13 320 0
14 607 0
15 568 1
16 441 1
17 33 1
18 693 1
19 337 1
20 424 1
21 519 1
22 695 1
23 367 1
24 677 1
25 114 1
26 508 1
27 560 1
28 549 1
29 185 1
30 325 1
31 129 0
32 42 0
33 668 1
34 282 1
35 53 1
36 672 1
37 549 0
38 93 1
39 605 1
40 266 1
41 417 1
42 65 0
43 153 1
44 689 0
45 601 1
46 393 1
47 612 1
48 652 1
49 231 0
50 647 1
51 232 1
52 616 1
53 120 1
54 59 1
55 69 1
56 35 1
57 629 1
58 295 1
59 473 0
60 422 1
61 360 1
62 166 1
63 311 1
64 614 1
65 343 0
66 115 0
67 243 1
68 188 1
69 500 1
70 149 1
71 102 0
72 587 1
73 44 1
74 345 0
75 698 1
76 423 1
77 173 1
78 391 0
79 696 0
80 86 1
81 400 1
82 446 1
83 692 1
84 67 1
85 640 1
86 124 0
87 629 1
88 534 0
89 424 0
90 22 0
91 8 1
92 541 1
93 323 0
94 196 1
95 541 1
96 661 1
97 244 1
98 644 1
99 573 1
100 261 0
101 457 1
102 88 1
103 626 1
104 121 0
105 562 1
106 534 1
107 576 1
108 282 1
109 141 0
110 521 0
111 521 0
112 683 0
113 651 1
114 62 0
115 400 0
116 101 1
117 239 1
118 534 1
119 571 1
120 278 1
121 558 1
122 534 0
123 20 1
124 166 0
125 127 0
126 373 1
127 231 0
128 473 1
129 275 0
130 468 1
131 389 1
132 592 1
133 518 0
134 555 1
135 614 1
136 354 1
137 476 1
138 439 0
139 536 1
140 188 1
141 124 1
142 371 1
143 678 1
144 539 0
145 211 1
146 459 1
147 408 0
148 289 1
149 311 0
150 147 1
151 38 0
152 0 1
153 220 0
154 72 1
155 576 0
156 251 1
157 352 0
158 357 0
159 527 1
160 116 1
161 264 0
162 399 0
163 688 0
164 658 0
165 593 1
166 526 0
167 137 0
168 435 0
169 26 1
170 175 1
171 298 0
172 134 1
173 109 1
174 512 0
175 447 1
176 206 1
177 36 1
178 673 1
179 125 0
180 554 1
181 269 1
182 638 1
183 666 1
184 523 1
185 412 1
186 355 1
187 185 0
188 662 1
189 40 1
190 232 1
191 634 0
192 259 1
193 574 0
194 454 1
195 395 0
196 477 1
197 220 1
198 131 1
199 322 0
200 411 1
201 184 1
202 276 0
203 87 1
204 663 1
205 473 0
206 145 1
207 395 1
208 609 1
209 396 1
210 30 1
211 204 0
212 287 1
213 454 1
214 613 1
215 602 1
216 571 1
217 621 0
218 685 1
219 146 1
220 366 0
221 606 1
222 558 0
223 674 1
224 331 1
225 593 1
226 692 1
227 399 0
228 523 1
229 698 1
230 690 1
231 521 1
232 219 0
233 698 1
234 212 0
235 386 0
236 294 0
237 149 1
238 354 0
239 382 1
240 25 0
241 577 1
242 374 0
243 528 1
244 190 1
245 395 1
246 660 1
247 502 1
248 650 0
249 615 1
250 176 1
251 501 1
252 354 1
253 155 0
254 534 0
255 225 1
256 114 0
257 108 1
258 139 0
259 446 1
260 695 1
261 41 1
262 349 1
263 366 0
264 105 1
265 692 1
266 115 1
267 511 0
268 205 1
269 9 1
270 34 1
271 358 1
272 325 1
273 625 1
274 164 1
275 324 1
276 274 1
277 575 1
278 197 1
279 453 1
280 55 1
281 343 1
282 1 1
283 171 0
284 352 1
285 5 1
286 403 1
287 294 1
288 120 0
289 494 0
290 122 1
291 673 1
292 243 1
293 550 1
294 321 1
295 502 1
296 511 1
297 78 0
298 530 0
299 478 1
300 417 0
301 100 0
302 136 0
303 151 1
304 373 1
305 70 0
306 523 1
307 422 1
308 352 1
309 495 1
310 338 1
311 581 1
312 673 1
313 421 0
314 197 0
315 218 1
316 443 1
317 37 1
318 1 0
319 366 1
320 592 1
321 400 1
322 240 1
323 471 0
324 156 1
325 97 1
326 96 1
327 174 1
328 397 1
329 334 0
330 555 1
331 40 0
332 160 1
333 638 1
334 24 0
335 66 1
336 500 0
337 321 1
338 120 0
339 634 1
340 119 1
341 301 1
342 241 0
343 515 0
344 131 0
345 64 1
346 462 1
347 516 0
348 639 1
349 86 1
350 290 1
351 339 0
352 149 0
353 362 1
354 512 1
355 75 1
356 89 1
357 377 1
358 382 1
359 498 1
360 102 0
361 260 0
362 425 1
363 489 0
364 63 1
365 558 0
366 486 1
367 205 0
368 388 1
369 434 1
370 395 0
371 134 1
372 416 1
373 344 1
374 234 1
375 372 1
376 465 1
377 431 1
378 240 1
379 87 1
380 85 1
381 417 0
382 374 1
383 38 1
384 490 0
385 494 0
386 43 1
387 200 0
388 669 1
389 89 1
390 447 1
391 299 1
392 153 0
393 163 1
394 12 1
395 228 1
396 655 0
397 200 0
398 327 1
399 622 1
400 470 0
401 534 1
402 105 1
403 503 1
404 339 0
405 38 1
406 583 0
407 529 1
408 599 0
409 660 1
410 473 0
411 468 1
412 123 1
413 289 0
414 666 1
415 569 1
416 389 1
417 11 1
418 198 1
419 100 1
420 636 0
421 154 0
422 6 0
423 316 1
424 677 0
425 277 1
426 226 1
427 410 0
428 245 1
429 330 0
430 670 1
431 637 0
432 363 1
433 156 1
434 692 0
435 159 1
436 623 1
437 209 1
438 527 1
439 66 1
440 334 1
441 486 1
442 619 0
443 669 1
444 655 1
445 365 1
446 31 1
447 517 1
448 253 1
449 17 1
450 459 1
451 635 1
452 249 1
453 544 0
454 201 0
455 583 1
456 484 0
457 156 1
458 556 1
459 328 1
460 186 1
461 670 1
462 297 0
463 372 1
464 692 0
465 556 1
466 324 1
467 595 1
468 167 1
469 652 1
470 581 1
471 434 0
472 196 1
473 300 0
474 6 0
475 97 0
476 381 0
477 639 0
478 86 1
479 289 1
480 231 1
481 291 1
482 397 1
483 431 0
484 158 1
485 463 1
486 679 0
487 406 1
488 548 0
489 231 1
490 623 0
491 277 1
492 625 1
493 284 1
494 60 1
495 550 0
496 478 1
497 377 1
498 88 0
499 271 0
500 23 1
501 286 0
502 463 0
503 410 0
504 687 1
505 626 1
506 499 1
507 217 1
508 181 1
509 425 0
510 135 1
511 62 1
512 177 0
513 549 1
514 79 1
515 512 0
516 386 1
517 565 1
518 551 0
519 692 1
520 218 0
521 681 0
522 583 1
523 202 0
524 461 0
525 65 0
526 434 1
527 270 1
528 327 0
529 407 0
530 471 1
531 268 1
532 80 0
533 538 0
534 410 0
535 231 0
536 211 0
537 405 1
538 173 0
539 390 0
540 295 1
541 61 1
542 114 1
543 629 1
544 682 1
545 606 1
546 318 1
547 143 0
548 539 1
549 89 1
550 43 1
551 638 1
552 294 1
553 580 1
554 241 1
555 631 1
556 486 0
557 554 1
558 325 0
559 101 1
560 124 1
561 293 1
562 414 1
563 370 1
564 647 1
565 264 1
566 539 0
567 5 0
568 79 1
569 360 0
570 146 1
571 616 1
572 515 1
573 293 1
574 257 1
575 209 1
576 162 1
577 353 0
578 697 0
579 590 1
580 243 0
581 624 0
582 588 1
583 206 1
584 275 0
585 48 0
586 618 1
587 584 1
588 665 1
589 334 0
590 331 0
591 135 0
592 105 1
593 130 0
594 272 1
595 37 1
596 406 1
597 358 1
598 123 1
599 23 1
600 660 1
601 121 0
602 265 1
603 543 0
604 413 0
605 684 1
606 481 0
607 69 0
608 369 0
609 678 0
610 679 1
611 687 0
612 209 1
613 441 1
614 440 1
615 260 1
616 65 1
617 511 1
618 616 1
619 91 1
620 522 1
621 605 1
622 656 1
623 651 1
624 404 1
625 268 1
626 177 1
627 301 1
628 361 1
629 248 0
630 37 0
631 34 1
632 420 0
633 661 1
634 659 1
635 198 1
636 119 0
637 547 0
638 309 0
639 402 1
640 659 0
641 628 0
642 686 1
643 283 1
644 503 1
645 451 0
646 101 0
647 402 0
648 90 1
649 389 1
650 178 0
651 63 1
652 692 1
653 602 1
654 639 1
655 546 1
656 35 0
657 497 1
658 236 0
659 600 0
660 372 1
661 341 1
662 596 1
663 296 1
664 168 1
665 266 0
666 104 1
667 402 1
668 470 0
669 629 1
670 140 1
671 71 1
672 482 0
673 427 1
674 179 1
675 48 1
676 439 1
677 555 1
678 193 1
679 552 0
680 597 1
681 238 0
682 679 0
683 329 1
684 476 1
685 150 1
686 266 1
687 322 0
688 319 1
689 527 0
690 608 1
691 581 1
692 495 1
693 215 1
694 120 1
695 350 1
696 418 0
697 20 0
698 60 1
699 137 1
700 140 1
701 682 1
702 509 1
703 215 1
704 586 0
705 159 0
706 148 0
707 603 0
708 8 1
709 162 1
710 647 0
711 146 0
712 161 1
713 523 1
714 276 0
715 287 1
716 249 1
717 581 1
718 336 0
719 419 1
720 598 1
721 477 1
722 149 0
723 221 1
724 261 0
725 515 1
726 656 1
727 334 1
728 587 0
729 569 0
730 348 1
731 568 1
732 187 0
733 417 1
734 307 1
735 276 0
736 245 0
737 484 1
738 425 1
739 81 0
740 619 0
741 654 1
742 89 0
743 225 1
744 676 0
745 600 1
746 11 1
747 682 1
748 450 0
749 252 1
750 67 1
751 495 1
752 343 1
753 236 1
754 515 0
755 285 1
756 215 1
757 72 1
758 59 1
759 41 1
760 151 1
761 349 1
762 640 1
763 591 1
764 263 1
765 210 0
766 203 1
767 643 1
768 45 1
769 615 1
770 29 1
771 56 1
772 200 1
773 537 1
774 185 1
775 54 1
776 50 1
777 259 1
778 267 1
779 142 0
780 524 0
781 391 1
782 117 1
783 105 1
784 276 0
785 253 1
786 211 1
787 537 1
788 667 1
789 671 1
790 254 1
791 250 1
792 190 1
793 55 0
794 419 1
795 47 0
796 80 1
797 502 1
798 534 0
799 360 0
800 618 1
801 175 1
802 452 0
803 542 1
804 618 1
805 334 0
806 530 1
807 237 0
808 153 0
809 8 1
810 19 1
811 346 1
812 253 0
813 297 0
814 517 0
815 428 1
816 571 1
817 96 0
818 605 1
819 275 0
820 443 0
821 456 0
822 253 1
823 295 0
824 45 1
825 279 1
826 346 0
827 164 1
828 306 1
829 688 1
830 648 1
831 319 1
832 310 0
833 604 1
834 114 1
835 499 0
836 549 1
837 361 1
838 10 0
839 40 0
840 19 1
841 350 1
842 5 1
843 496 0
844 36 1
845 194 0
846 662 1
847 36 0
848 688 1
849 249 1
850 350 1
851 420 1
852 66 1
853 533 0
854 269 1
855 590 0
856 651 1
857 413 1
858 515 1
859 498 0
860 226 0
861 295 0
862 266 1
863 451 1
864 501 1
865 588 0
866 281 1
867 341 1
868 620 1
869 182 1
870 507 1
871 238 0
872 544 1
873 647 0
874 392 1
875 670 1
876 669 0
877 566 1
878 128 1
879 22 1
880 550 0
881 72 0
882 678 1
883 238 1
884 119 0
885 549 1
886 24 0
887 616 1
888 499 0
889 688 0
890 71 1
891 569 0
892 686 1
893 37 1
894 514 1
895 504 0
896 429 1
897 256 0
898 50 1
899 298 0
900 674 1
901 554 1
902 695 1
903 98 0
904 96 0
905 446 1
906 507 0
907 438 1
908 41 1
909 139 1
910 65 1
911 451 0
912 509 0
913 663 1
914 262 1
915 258 1
916 169 1
917 466 0
918 345 1
919 419 0
920 411 1
921 609 1
922 470 1
923 243 1
924 353 1
925 369 1
926 316 1
927 673 1
928 588 0
929 216 0
930 658 1
931 148 0
932 118 0
933 523 0
934 468 1
935 435 1
936 169 0
937 629 1
938 452 1
939 681 1
940 544 1
941 284 1
942 232 0
943 517 1
944 654 0
945 32 0
946 38 0
947 272 1
948 84 1
949 379 1
950 327 1
951 34 1
952 219 0
953 196 0
954 595 1
955 308 0
956 60 1
957 132 0
958 610 1
959 642 0
960 442 1
961 10 1
962 615 1
963 397 1
964 366 0
965 83 1
966 651 1
967 250 1
968 539 0
969 373 1
970 624 1
971 165 1
972 104 1
973 277 1
974 7 0
975 111 0
976 426 1
977 461 1
978 162 1
979 101 0
980 694 0
981 281 0
982 530 1
983 348 1
984 278 1
985 95 0
986 4 0
987 418 1
988 88 1
989 582 1
990 447 0
991 76 1
992 344 1
993 275 1
994 696 0
995 323 1
996 91 1
997 169 1
998 437 0
999 281 1
1000 539 0
1001 449 1
1002 395 0
1003 410 0
1004 395 1
1005 110 1
1006 516 0
1007 546 1
1008 253 1
1009 655 1
1010 28 1
1011 1 1
1012 185 1
1013 500 0
1014 217 0
1015 168 0
1016 687 0
1017 359 1
1018 317 1
1019 397 0
1020 123 0
1021 156 0
1022 452 1
1023 560 0
1024 583 0
1025 15 0
1026 326 0
1027 490 0
1028 187 0
1029 193 1
1030 602 1
1031 691 1
1032 40 0
1033 503 1
1034 652 1
1035 370 1
1036 697 0
1037 246 0
1038 288 1
1039 686 0
1040 384 1
1041 542 0
1042 20 0
1043 282 1
1044 383 1
1045 142 0
1046 596 1
1047 635 1
1048 17 1
1049 294 1
1050 630 0
1051 504 0
1052 250 1
1053 380 0
1054 389 1
1055 469 1
1056 600 0
1057 314 1
1058 405 0
1059 586 0
1060 132 1
1061 364 1
1062 623 1
1063 196 1
1064 500 0
1065 369 0
1066 444 1
1067 589 0
1068 455 1
1069 64 1
1070 398 0
1071 448 1
1072 376 1
1073 449 1
1074 419 1
1075 161 1
1076 595 1
1077 111 1
1078 127 0
1079 219 1
1080 86 0
1081 118 0
1082 522 1
1083 56 0
1084 509 1
1085 653 0
1086 183 0
1087 507 1
1088 225 1
1089 402 1
1090 352 1
1091 27 1
1092 389 1
1093 527 1
1094 204 0
1095 204 0
1096 166 1
1097 351 1
1098 561 1
1099 497 1
1100 57 1
1101 579 1
1102 612 1
1103 331 1
1104 403 0
1105 314 1
1106 127 0
1107 534 1
1108 10 0
1109 93 1
1110 640 1
1111 264 1
1112 609 0
1113 326 0
1114 83 1
1115 372 1
1116 334 1
1117 141 1
1118 398 1
1119 615 0
1120 265 0
1121 387 0
1122 102 1
1123 667 1
1124 116 1
1125 85 1
1126 348 0
1127 393 1
1128 26 1
1129 30 1
1130 132 1
1131 238 1
1132 184 1
1133 244 1
1134 381 1
1135 214 1
1136 150 0
1137 98 0
1138 583 1
1139 123 0
1140 358 0
1141 515 0
1142 88 0
1143 265 0
1144 688 1
1145 212 1
1146 456 0
1147 118 1
1148 360 1
1149 53 1
1150 282 1
1151 448 1
1152 398 1
1153 443 0
1154 143 1
1155 42 1
1156 304 0
1157 267 1
1158 298 1
1159 266 0
1160 586 1
1161 638 0
1162 688 1
1163 513 1
1164 179 1
1165 150 1
1166 363 1
1167 652 0
1168 205 0
1169 105 1
1170 492 1
1171 609 0
1172 235 1
1173 250 1
1174 469 0
1175 580 0
1176 55 1
1177 459 0
1178 336 0
1179 622 1
1180 370 0
1181 37 1
1182 431 0
1183 326 0
1184 375 0
1185 273 1
1186 109 1
1187 26 0
1188 120 1
1189 408 1
1190 322 1
1191 5 1
1192 567 1
1193 650 1
1194 268 1
1195 480 0
1196 406 1
1197 202 0
1198 496 1
1199 63 1
1200 490 0
1201 571 1
1202 50 1
1203 245 1
1204 174 0
1205 289 0
1206 2 0
1207 404 1
1208 60 0
1209 533 1
1210 688 1
1211 26 1
1212 591 1
1213 292 0
1214 287 1
1215 91 1
1216 221 0
1217 678 0
1218 90 1
1219 670 1
1220 166 1
1221 520 1
1222 555 1
1223 497 1
1224 568 0
1225 232 1
1226 176 1
1227 12 1
1228 16 1
1229 215 1
1230 418 1
1231 612 1
1232 29 0
1233 441 0
1234 105 0
1235 143 1
1236 203 1
1237 669 0
1238 177 1
1239 662 1
1240 328 0
1241 134 1
1242 682 0
1243 331 0
1244 210 0
1245 533 0
1246 613 1
1247 100 1
1248 97 1
1249 63 0
1250 14 1
1251 4 1
1252 159 1
1253 265 0
1254 200 1
1255 613 1
1256 183 1
1257 93 0
1258 424 0
1259 625 1
1260 501 1
1261 95 1
1262 664 1
1263 359 0
1264 495 1
1265 24 1
1266 617 0
1267 487 0
1268 460 0
1269 644 1
1270 41 1
1271 19 1
1272 136 0
1273 621 0
1274 67 0
1275 256 1
1276 536 0
1277 44 1
1278 76 0
1279 322 1
1280 584 0
1281 141 1
1282 603 0
1283 111 0
1284 441 1
1285 554 0
1286 144 1
1287 237 1
1288 216 1
1289 371 1
1290 465 1
1291 382 0
1292 508 1
1293 562 1
1294 588 0
1295 216 0
1296 532 1
1297 36 1
1298 46 1
1299 331 0
1300 432 1
1301 499 0
1302 291 0
1303 387 1
1304 655 1
1305 321 1
1306 446 1
1307 483 1
1308 189 1
1309 129 1
1310 533 0
1311 81 1
1312 461 1
1313 333 0
1314 494 1
1315 524 0
1316 382 1
1317 563 1
1318 592 1
1319 11 1
1320 299 0
1321 30 1
1322 95 1
1323 289 1
1324 162 1
1325 591 1
1326 522 0
1327 121 1
1328 321 1
1329 322 1
1330 650 0
1331 103 0
1332 3 1
1333 66 1
1334 677 1
1335 203 1
1336 169 1
1337 552 1
1338 278 1
1339 79 0
1340 91 1
1341 665 0
1342 174 1
1343 429 0
1344 72 0
1345 371 0
1346 200 1
1347 344 1
1348 671 1
1349 328 1
1350 247 1
1351 228 0
1352 525 1
1353 680 1
1354 683 0
1355 74 1
1356 490 0
1357 689 0
1358 356 0
1359 220 1
1360 2 1
1361 440 1
1362 366 1
1363 165 1
1364 255 1
1365 519 0
1366 85 1
1367 219 0
1368 588 1
1369 244 1
1370 20 1
1371 648 1
1372 587 1
1373 235 0
1374 118 1
1375 433 1
1376 347 1
1377 81 1
1378 19 1
1379 112 1
1380 499 1
1381 78 1
1382 210 0
1383 26 1
1384 258 0
1385 672 1
1386 119 1
1387 319 0
1388 548 0
1389 481 1
1390 310 0
1391 545 0
1392 619 0
1393 659 0
1394 632 0
1395 443 0
1396 5 1
1397 547 0
1398 350 1
1399 544 0
1400 602 1
1401 416 0
1402 427 0
1403 30 0
1404 120 1
1405 3 1
1406 257 1
1407 147 0
1408 235 1
1409 574 1
1410 410 0
1411 601 1
1412 600 1
1413 390 1
1414 82 1
1415 618 1
1416 41 1
1417 237 1
1418 601 1
1419 503 1
1420 309 0
1421 212 1
1422 585 1
1423 273 1
1424 226 1
1425 519 0
1426 696 1
1427 582 1
1428 630 1
1429 378 1
1430 496 1
1431 458 1
1432 163 1
1433 65 1
1434 264 0
1435 316 1
1436 605 1
1437 440 1
1438 418 0
1439 371 1
1440 391 1
1441 112 0
1442 373 1
1443 516 0
1444 27 1
1445 77 1
1446 252 1
1447 590 1
1448 532 1
1449 480 1
1450 54 1
1451 429 1
1452 156 1
1453 680 0
1454 642 0
1455 50 1
1456 75 1
1457 482 0
1458 386 1
1459 511 1
1460 255 1
1461 695 1
1462 425 1
1463 224 0
1464 301 1
1465 114 1
1466 561 1
1467 316 1
1468 243 1
1469 352 1
1470 409 0
1471 51 1
1472 94 0
1473 691 1
1474 592 0
1475 182 0
1476 623 0
1477 186 1
1478 523 1
1479 367 1
1480 174 0
1481 11 1
1482 326 1
1483 514 1
1484 383 1
1485 286 1
1486 329 1
1487 566 1
1488 400 1
1489 663 0
1490 123 1
1491 671 0
1492 84 0
1493 625 0
1494 327 1
1495 263 1
1496 76 0
1497 298 1
1498 131 1
1499 31 1
1500 39 0
1501 596 1
1502 413 1
1503 322 1
1504 553 0
1505 638 1
1506 661 1
1507 253 0
1508 528 1
1509 184 0
1510 3 0
1511 188 1
1512 480 1
1513 240 0
1514 587 1
1515 185 1
1516 348 1
1517 525 0
1518 547 0
1519 406 0
1520 663 1
1521 607 1
1522 16 0
1523 431 0
1524 569 1
1525 1 0
1526 122 0
1527 410 1
1528 664 1
1529 44 0
1530 211 1
1531 481 0
1532 542 1
1533 151 1
1534 685 1
1535 550 1
1536 433 0
1537 335 1
1538 149 1
1539 523 1
1540 442 1
1541 351 0
1542 474 0
1543 227 1
1544 2 1
1545 293 1
1546 32 0
1547 73 1
1548 142 0
1549 24 0
1550 312 1
1551 536 1
1552 333 0
1553 26 1
1554 0 0
1555 489 1
1556 135 1
1557 67 1
1558 662 1
1559 578 1
1560 97 1
1561 178 1
1562 236 0
1563 233 1
1564 5 1
1565 265 1
1566 361 1
1567 594 0
1568 35 1
1569 236 0
1570 230 0
1571 236 0
1572 397 1
1573 504 1
1574 129 1
1575 84 1
1576 316 0
1577 584 1
1578 43 1
1579 461 1
1580 604 1
1581 125 0
1582 359 1
1583 490 1
1584 629 1
1585 658 1
1586 511 1
1587 56 0
1588 30 1
1589 328 0
1590 4 0
1591 614 1
1592 204 1
1593 403 1
1594 147 1
1595 284 1
1596 650 1
1597 77 1
1598 418 1
1599 235 0
1600 582 1
1601 38 1
1602 150 1
1603 134 1
1604 414 1
1605 568 1
1606 634 1
1607 269 0
1608 512 0
1609 146 1
1610 367 0
1611 0 1
1612 369 1
1613 159 0
1614 403 1
1615 665 1
1616 578 1
1617 210 1
1618 87 1
1619 667 1
1620 566 1
1621 450 1
1622 549 1
1623 170 0
1624 222 1
1625 310 1
1626 276 0
1627 666 1
1628 616 0
1629 493 1
1630 281 1
1631 136 1
1632 224 1
1633 647 1
1634 221 1
1635 343 1
1636 681 0
1637 589 0
1638 114 0
1639 182 0
1640 606 1
1641 455 1
1642 103 0
1643 359 1
1644 308 1
1645 99 0
1646 144 0
1647 508 1
1648 111 1
1649 209 1
1650 601 1
1651 649 1
1652 646 0
1653 174 1
1654 130 1
1655 156 1
1656 378 0
1657 449 0
1658 564 0
1659 260 0
1660 493 1
1661 522 1
1662 124 1
1663 535 1
1664 318 1
1665 327 0
1666 128 1
1667 563 1
1668 118 0
1669 595 1
1670 624 1
1671 514 0
1672 194 1
1673 544 1
1674 604 1
1675 690 1
1676 224 1
1677 565 1
1678 375 1
1679 343 1
1680 675 1
1681 672 1
1682 250 0
1683 409 1
1684 105 1
1685 376 1
1686 357 1
1687 92 1
1688 215 0
1689 369 0
1690 501 1
1691 48 1
1692 404 0
1693 603 1
1694 544 0
1695 303 1
1696 449 1
1697 625 1
1698 343 0
1699 127 1
1700 170 1
1701 237 0
1702 454 0
1703 139 1
1704 26 0
1705 549 0
1706 629 1
1707 553 0
1708 271 1
1709 644 1
1710 465 0
1711 637 1
1712 55 0
1713 444 0
1714 658 1
1715 606 0
1716 135 0
1717 188 0
1718 5 0
1719 547 1
1720 595 1
1721 318 1
1722 55 1
1723 390 1
1724 389 1
1725 442 1
1726 342 0
1727 599 1
1728 5 1
1729 556 1
1730 675 0
1731 323 1
1732 138 1
1733 688 0
1734 128 1
1735 633 1
1736 464 0
1737 80 1
1738 183 1
1739 146 0
1740 94 1
1741 29 1
1742 29 1
1743 593 0
1744 33 0
1745 228 1
1746 673 0
1747 349 0
1748 352 0
1749 15 1
1750 405 1
1751 34 1
1752 430 0
1753 219 1
1754 572 1
1755 17 1
1756 483 1
1757 163 1
1758 435 1
1759 77 1
1760 267 1
1761 8 1
1762 146 1
1763 582 1
1764 226 1
1765 508 1
1766 76 0
1767 331 0
1768 645 0
1769 180 0
1770 445 0
1771 245 1
1772 3 1
1773 501 1
1774 694 1
1775 437 1
1776 643 1
1777 262 1
1778 332 0
1779 118 1
1780 502 0
1781 249 1
1782 229 0
1783 145 0
1784 190 1
1785 452 1
1786 511 0
1787 624 1
1788 406 1
1789 483 1
1790 535 1
1791 423 1
1792 425 1
1793 570 1
1794 362 1
1795 376 1
1796 146 0
1797 274 0
1798 266 1
1799 309 1
1800 34 1
1801 152 0
1802 290 1
1803 590 1
1804 262 1
1805 629 1
1806 354 0
1807 109 1
1808 569 1
1809 596 1
1810 199 0
1811 398 1
1812 658 1
1813 480 0
1814 152 0
1815 440 1
1816 612 1
1817 262 1
1818 199 0
1819 430 0
1820 57 1
1821 91 1
1822 244 1
1823 250 0
1824 409 0
1825 347 1
1826 180 1
1827 15 1
1828 7 0
1829 593 0
1830 345 1
1831 106 1
1832 457 1
1833 691 1
1834 52 0
1835 179 1
1836 313 1
1837 509 1
1838 0 1
1839 671 0
1840 666 1
1841 548 1
1842 353 0
1843 516 1
1844 589 1
1845 280 1
1846 276 1
1847 253 1
1848 513 1
1849 450 1
1850 667 0
1851 663 1
1852 429 1
1853 368 1
1854 63 1
1855 369 1
1856 419 0
1857 179 0
1858 312 1
1859 194 0
1860 166 1
1861 425 0
1862 619 1
1863 236 1
1864 224 1
1865 59 0
1866 147 1
1867 233 0
1868 496 0
1869 66 0
1870 3 1
1871 590 1
1872 183 1
1873 484 1
1874 525 0
1875 456 1
1876 682 0
1877 194 1
1878 391 0
1879 566 1
1880 646 0
1881 98 1
1882 648 1
1883 430 1
1884 692 1
1885 534 1
1886 461 1
1887 178 1
1888 255 1
1889 200 1
1890 172 0
1891 303 0
1892 598 1
1893 517 0
1894 457 1
1895 666 1
1896 69 1
1897 487 0
1898 625 1
1899 222 1
1900 473 1
1901 145 0
1902 13 1
1903 409 1
1904 287 1
1905 579 1
1906 326 1
1907 144 1
1908 439 0
1909 516 0
1910 105 0
1911 361 1
1912 78 0
1913 421 1
1914 126 0
1915 154 1
1916 231 1
1917 364 1
1918 153 1
1919 43 1
1920 443 1
1921 429 1
1922 336 0
1923 295 0
1924 295 0
1925 503 1
1926 355 1
1927 105 1
1928 73 1
1929 668 1
1930 1 0
1931 328 0
1932 422 0
1933 6 0
1934 56 1
1935 545 0
1936 673 1
1937 99 1
1938 608 1
1939 616 1
1940 266 1
1941 363 1
1942 345 0
1943 586 1
1944 525 1
1945 148 0
1946 208 0
1947 288 0
1948 458 0
1949 266 1
1950 573 1
1951 543 0
1952 147 0
1953 147 0
1954 97 1
1955 19 0
1956 244 1
1957 45 1
1958 610 1
1959 539 0
1960 246 1
1961 22 0
1962 224 1
1963 145 1
1964 363 0
1965 257 1
1966 53 1
1967 74 0
1968 503 1
1969 15 0
1970 515 1
1971 494 1
1972 405 0
1973 180 0
1974 231 1
1975 282 0
1976 238 0
1977 691 1
1978 144 1
1979 205 1
1980 78 0
1981 504 1
1982 95 1
1983 91 0
1984 330 1
1985 500 1
1986 129 1
1987 436 1
1988 593 1
1989 151 0
1990 167 1
1991 362 1
1992 267 1
1993 397 1
1994 250 1
1995 677 1
1996 596 1
1997 447 0
1998 122 1
1999 590 0
2000 404 1
2001 587 1
2002 445 0
2003 597 1
2004 0 1
2005 224 0
2006 241 0
2007 102 0
2008 0 1
2009 678 1
2010 633 1
2011 337 0
2012 199 0
2013 52 1
2014 383 1
2015 63 0
2016 94 1
2017 380 1
2018 34 0
2019 638 1
2020 86 0
2021 202 1
2022 509 1
2023 365 1
2024 334 0
2025 519 1
2026 531 1
2027 557 1
2028 232 1
2029 341 0
2030 312 1
2031 463 1
2032 114 1
2033 5 1
2034 182 0
2035 182 0
2036 567 1
2037 596 1
2038 448 1
2039 646 1
2040 137 1
2041 111 1
2042 613 1
2043 458 0
2044 338 0
2045 62 0
2046 263 1
2047 586 0
2048 429 1
2049 525 0
2050 524 0
2051 409 1
2052 152 1
2053 529 1
2054 99 0
2055 443 0
2056 232 1
2057 663 0
2058 282 0
2059 292 1
2060 53 1
2061 571 1
2062 639 1
2063 694 1
2064 339 1
2065 40 1
2066 59 0
2067 316 1
2068 515 1
2069 571 0
2070 381 0
2071 609 1
2072 628 1
2073 290 1
2074 297 0
2075 133 1
2076 468 1
2077 196 1
2078 452 1
2079 537 0
2080 242 1
2081 486 1
2082 557 1
2083 272 0
2084 478 1
2085 518 1
2086 219 1
2087 533 1
2088 303 0
2089 590 0
2090 238 0
2091 10 0
2092 488 0
2093 644 0
2094 627 1
2095 93 0
2096 590 1
2097 231 0
2098 212 1
2099 352 0
2100 636 0
2101 140 1
2102 131 1
2103 535 1
2104 328 1
2105 324 1
2106 209 1
2107 573 1
2108 71 1
2109 0 0
2110 61 0
2111 628 0
2112 203 0
2113 160 1
2114 652 1
2115 395 0
2116 443 0
2117 505 1
2118 39 0
2119 298 1
2120 526 1
2121 235 1
2122 257 0
2123 265 1
2124 617 1
2125 88 1
2126 358 0
2127 390 1
2128 166 0
2129 37 0
2130 122 0
2131 238 1
2132 497 0
2133 200 1
2134 145 0
2135 434 1
2136 421 1
2137 10 0
2138 539 0
2139 68 1
2140 70 1
2141 195 1
2142 631 1
2143 50 0
2144 195 0
2145 446 1
2146 278 1
2147 643 0
2148 489 1
2149 371 1
2150 173 0
2151 137 0
2152 536 0
2153 562 1
2154 181 1
2155 592 0
2156 545 1
2157 210 0
2158 204 0
2159 335 1
2160 576 1
2161 476 1
2162 527 0
2163 460 1
2164 324 1
2165 11 1
2166 697 1
2167 151 1
2168 55 1
2169 440 1
2170 404 1
2171 18 1
2172 181 1
2173 18 0
2174 488 1
2175 543 1
2176 195 1
2177 50 1
2178 500 1
2179 99 0
2180 631 0
2181 152 1
2182 19 1
2183 465 1
2184 548 1
2185 70 1
2186 528 1
2187 263 0
2188 546 0
2189 624 1
2190 394 1
2191 460 1
2192 548 1
2193 372 0
2194 310 1
2195 475 0
2196 341 1
2197 173 1
2198 462 1
2199 194 0
2200 133 1
2201 552 1
2202 353 1
2203 201 1
2204 157 0
2205 296 1
2206 354 1
2207 671 0
2208 98 1
2209 312 1
2210 574 1
2211 181 0
2212 247 0
2213 336 1
2214 52 1
2215 309 1
2216 96 1
2217 377 0
2218 508 1
2219 409 0
2220 464 1
2221 48 0
2222 293 1
2223 82 0
2224 593 1
2225 559 1
2226 13 1
2227 445 0
2228 155 1
2229 29 0
2230 613 1
2231 153 1
2232 31 1
2233 447 0
2234 169 1
2235 36 0
2236 393 1
2237 283 0
2238 334 1
2239 608 1
2240 290 1
2241 457 1
2242 40 1
2243 323 0
2244 285 1
2245 163 1
2246 221 1
2247 667 1
2248 376 1
2249 321 1
2250 104 0
2251 240 1
2252 443 1
2253 15 0
2254 648 0
2255 536 1
2256 621 1
2257 301 1
2258 27 0
2259 617 0
2260 37 1
2261 271 1
2262 626 1
2263 40 1
2264 415 1
2265 138 1
2266 20 0
2267 76 1
2268 432 1
2269 72 1
2270 244 1
2271 379 0
2272 192 1
2273 118 0
2274 365 0
2275 291 1
2276 575 1
2277 190 0
2278 562 0
2279 564 0
2280 121 1
2281 86 0
2282 611 0
2283 135 1
2284 13 1
2285 255 1
2286 105 1
2287 183 1
2288 375 1
2289 46 1
2290 96 0
2291 443 1
2292 431 0
2293 233 1
2294 393 1
2295 560 0
2296 332 1
2297 186 0
2298 567 1
2299 119 1
2300 517 1
2301 368 1
2302 69 1
2303 449 0
2304 612 1
2305 485 0
2306 364 1
2307 440 1
2308 621 1
2309 378 0
2310 302 1
2311 359 1
2312 644 0
2313 638 1
2314 398 1
2315 623 1
2316 191 1
2317 598 1
2318 602 1
2319 234 1
2320 374 0
2321 284 1
2322 8 1
2323 123 1
2324 457 1
2325 474 1
2326 270 1
2327 683 0
2328 211 1
2329 258 0
2330 439 0
2331 584 0
2332 4 0
2333 650 1
2334 362 1
2335 652 0
2336 435 1
2337 65 1
2338 250 1
2339 603 0
2340 220 1
2341 527 1
2342 44 0
2343 465 0
2344 194 1
2345 623 1
2346 664 1
2347 96 0
2348 522 1
2349 105 0
2350 462 1
2351 680 1
2352 283 0
2353 173 1
2354 464 0
2355 301 1
2356 215 0
2357 234 1
2358 400 1
2359 44 0
2360 482 1
2361 60 0
2362 236 1
2363 645 1
2364 661 1
2365 3 1
2366 568 1
2367 154 0
2368 489 1
2369 445 1
2370 633 1
2371 697 1
2372 635 1
2373 638 0
2374 462 1
2375 690 0
2376 639 1
2377 693 0
2378 665 0
2379 693 1
2380 221 1
2381 583 0
2382 440 1
2383 232 1
2384 124 1
2385 243 0
2386 484 0
2387 666 1
2388 3 1
2389 515 1
2390 349 1
2391 12 1
2392 88 1
2393 225 0
2394 175 0
2395 213 0
2396 446 1
2397 476 1
2398 593 1
2399 176 1
2400 445 0
2401 305 1
2402 190 1
2403 409 1
2404 409 0
2405 659 0
2406 34 1
2407 107 0
2408 436 0
2409 406 1
2410 82 1
2411 68 1
2412 475 1
2413 245 0
2414 312 1
2415 387 1
2416 370 0
2417 518 1
2418 496 0
2419 283 0
2420 684 0
2421 494 1
2422 444 1
2423 599 1
2424 464 1
2425 323 1
2426 456 1
2427 375 1
2428 695 1
2429 602 0
2430 101 1
2431 596 1
2432 44 0
2433 91 1
2434 175 1
2435 47 1
2436 377 1
2437 637 0
2438 202 1
2439 63 1
2440 374 1
2441 513 1
2442 536 0
2443 594 1
2444 98 1
2445 142 1
2446 547 1
2447 429 1
2448 684 1
2449 432 0
2450 654 1
2451 79 0
2452 80 1
2453 213 0
2454 85 1
2455 250 1
2456 192 1
2457 591 1
2458 242 0
2459 562 1
2460 514 1
2461 70 1
2462 503 1
2463 484 0
2464 80 0
2465 637 0
2466 456 1
2467 126 0
2468 264 1
2469 349 1
2470 616 1
2471 109 0
2472 424 0
2473 140 0
2474 247 1
2475 537 0
2476 696 1
2477 184 1
2478 638 0
2479 48 1
2480 415 1
2481 43 1
2482 233 0
2483 239 0
2484 39 1
2485 376 1
2486 19 1
2487 296 0
2488 246 1
2489 170 1
2490 198 0
2491 315 0
2492 146 1
2493 454 0
2494 697 1
2495 563 1
2496 19 1
2497 116 0
2498 305 1
2499 279 1
2500 474 1
2501 61 1
2502 671 0
2503 226 1
2504 323 1
2505 471 1
2506 633 0
2507 6 1
2508 346 0
2509 395 1
2510 264 1
2511 289 1
2512 624 1
2513 66 1
2514 291 1
2515 335 1
2516 531 0
2517 89 1
2518 283 1
2519 252 1
2520 241 0
2521 416 1
2522 570 0
2523 486 1
2524 184 1
2525 93 1
2526 430 1
2527 491 1
2528 546 1
2529 345 0
2530 663 0
2531 204 1
2532 606 0
2533 59 1
2534 368 0
2535 326 1
2536 94 1
2537 316 0
2538 466 0
2539 642 1
2540 44 1
2541 159 1
2542 177 1
2543 360 1
2544 268 1
2545 392 0
2546 217 1
2547 487 0
2548 179 0
2549 315 1
2550 387 1
2551 688 0
2552 444 0
2553 435 1
2554 167 0
2555 392 1
2556 173 0
2557 216 1
2558 33 1
2559 134 1
2560 112 1
2561 293 1
2562 182 1
2563 683 1
2564 157 1
2565 211 1
2566 0 0
2567 314 1
2568 35 1
2569 187 0
2570 658 1
2571 642 0
2572 661 0
2573 242 1
2574 494 0
2575 55 1
2576 432 0
2577 466 1
2578 188 1
2579 507 1
2580 508 1
2581 178 0
2582 448 0
2583 14 1
2584 74 0
2585 444 0
2586 310 1
2587 624 1
2588 535 1
2589 255 0
2590 74 1
2591 696 1
2592 189 1
2593 652 1
2594 673 1
2595 482 1
2596 9 1
2597 52 1
2598 684 1
2599 229 0
2600 496 1
2601 550 0
2602 349 1
2603 139 1
2604 644 0
2605 46 1
2606 235 1
2607 56 0
2608 37 1
2609 562 1
2610 228 0
2611 25 1
2612 536 1
2613 453 1
2614 372 0
2615 339 1
2616 186 1
2617 35 0
2618 197 1
2619 22 1
2620 328 1
2621 619 1
2622 341 0
2623 277 0
2624 444 1
2625 619 0
2626 245 0
2627 440 0
2628 480 1
2629 363 1
2630 407 1
2631 81 0
2632 652 1
2633 660 1
2634 279 0
2635 51 0
2636 510 1
2637 231 1
2638 178 1
2639 289 1
2640 179 0
2641 355 1
2642 143 1
2643 265 1
2644 51 1
2645 307 1
2646 162 1
2647 582 1
2648 265 1
2649 495 0
2650 286 0
2651 212 1
2652 48 1
2653 8 1
2654 481 0
2655 608 1
2656 495 0
2657 144 1
2658 590 1
2659 94 1
2660 339 0
2661 630 1
2662 549 0
2663 376 0
2664 117 1
2665 419 1
2666 477 1
2667 259 1
2668 604 1
2669 282 1
2670 552 1
2671 577 1
2672 685 1
2673 518 0
2674 432 0
2675 278 1
2676 73 1
2677 562 1
2678 11 0
2679 497 1
2680 170 1
2681 290 1
2682 607 0
2683 5 1
2684 346 0
2685 658 1
2686 238 1
2687 308 0
2688 317 1
2689 89 0
2690 269 0
2691 582 1
2692 564 1
2693 495 1
2694 444 1
2695 234 1
2696 499 1
2697 322 1
2698 604 1
2699 679 1
2700 374 1
2701 211 0
2702 234 0
2703 595 1
2704 646 1
2705 133 0
2706 112 1
2707 317 0
2708 690 1
2709 553 0
2710 167 1
2711 580 1
2712 373 0
2713 134 1
2714 290 1
2715 60 1
2716 512 0
2717 336 1
2718 320 0
2719 130 1
2720 675 1
2721 242 1
2722 279 0
2723 295 0
2724 433 1
2725 465 1
2726 696 1
2727 326 1
2728 308 1
2729 179 1
2730 335 0
2731 322 1
2732 270 1
2733 654 1
2734 649 1
2735 617 0
2736 348 0
2737 244 1
2738 479 0
2739 187 0
2740 448 0
2741 343 1
2742 58 1
2743 346 1
2744 661 1
2745 25 1
2746 294 1
2747 674 1
2748 536 1
2749 685 0
2750 245 1
2751 642 1
2752 522 1
2753 52 1
2754 486 1
2755 516 1
2756 421 1
2757 211 1
2758 361 0
2759 605 0
2760 612 1
2761 150 0
2762 507 1
2763 531 1
2764 514 1
2765 590 0
2766 180 0
2767 185 0
2768 10 0
2769 306 1
2770 7 1
2771 262 1
2772 44 1
2773 667 0
2774 90 1
2775 487 0
2776 263 0
2777 199 1
2778 292 1
2779 404 0
2780 78 1
2781 627 1
2782 358 1
2783 490 0
2784 579 1
2785 396 1
2786 210 0
2787 75 0
2788 421 1
2789 418 1
2790 604 0
2791 274 0
2792 373 1
2793 227 1
2794 34 0
2795 532 1
2796 227 1
2797 129 1
2798 103 0
2799 15 0
2800 476 1
2801 100 1
2802 358 1
2803 0 1
2804 676 0
2805 122 1
2806 154 1
2807 508 1
2808 628 1
2809 253 0
2810 668 1
2811 304 0
2812 77 1
2813 72 1
2814 112 0
2815 393 0
2816 257 0
2817 335 1
2818 199 1
2819 696 1
2820 284 1
2821 517 1
2822 503 1
2823 26 1
2824 364 1
2825 624 1
2826 595 1
2827 60 1
2828 421 1
2829 382 0
2830 448 0
2831 182 0
2832 571 0
2833 152 1
2834 384 1
2835 7 0
2836 27 1
2837 637 1
2838 382 1
2839 492 1
2840 244 0
2841 380 1
2842 176 1
2843 342 1
2844 332 1
2845 190 1
2846 332 1
2847 546 1
2848 192 1
2849 263 1
2850 377 1
2851 75 1
2852 326 1
2853 464 0
2854 208 0
2855 285 1
2856 204 1
2857 352 0
2858 166 1
2859 507 0
2860 479 0
2861 340 1
2862 601 0
2863 75 1
2864 416 0
2865 200 1
2866 140 0
2867 29 1
2868 48 1
2869 234 1
2870 281 1
2871 468 1
2872 244 0
2873 396 1
2874 574 1
2875 669 1
2876 661 1
2877 696 1
2878 256 1
2879 187 1
2880 171 1
2881 68 1
2882 422 1
2883 536 1
2884 349 1
2885 257 0
2886 120 0
2887 176 0
2888 376 1
2889 305 0
2890 535 1
2891 136 1
2892 344 1
2893 362 1
2894 195 1
2895 104 0
2896 696 1
2897 677 1
2898 28 1
2899 191 0
2900 344 1
2901 538 1
2902 4 1
2903 587 0
2904 117 1
2905 390 0
2906 698 0
2907 211 0
2908 649 1
2909 5 0
2910 183 0
2911 511 0
2912 511 0
2913 600 0
2914 63 0
2915 676 1
2916 299 1
2917 630 1
2918 61 1
2919 442 1
2920 242 1
2921 121 1
2922 649 1
2923 345 1
2924 435 1
2925 274 1
2926 459 1
2927 101 1
2928 334 1
2929 570 0
2930 553 1
2931 563 0
2932 593 0
2933 686 0
2934 542 0
2935 123 1
2936 551 0
2937 557 1
2938 106 1
2939 630 0
2940 83 1
2941 690 0
2942 520 1
2943 573 1
2944 553 1
2945 540 1
2946 51 1
2947 90 1
2948 657 0
2949 589 1
2950 495 0
2951 117 0
2952 486 1
2953 379 0
2954 407 1
2955 663 1
2956 516 1
2957 562 0
2958 506 1
2959 481 1
2960 639 1
2961 297 1
2962 257 0
2963 396 1
2964 224 1
2965 475 1
2966 528 1
2967 597 0
2968 326 1
2969 666 1
2970 117 1
2971 283 0
2972 345 1
2973 31 0
2974 113 0
2975 43 1
2976 364 1
2977 504 1
2978 259 0
2979 126 1
2980 246 0
2981 263 1
2982 25 0
2983 619 1
2984 197 1
2985 145 0
2986 276 1
2987 478 1
2988 105 1
2989 305 0
2990 81 1
2991 32 1
2992 689 1
2993 127 0
2994 496 1
2995 22 1
2996 384 0
2997 347 1
2998 205 1
2999 520 1
3000 612 1
3001 246 1
3002 394 0
3003 341 0
3004 293 0
3005 478 1
3006 296 1
3007 121 1
3008 576 1
3009 524 1
3010 31 1
3011 645 1
3012 361 1
3013 355 1
3014 319 0
3015 28 0
3016 371 1
3017 650 1
3018 529 1
3019 325 1
3020 469 0
3021 498 0
3022 144 0
3023 112 0
3024 626 1
3025 153 1
3026 483 0
3027 132 1
3028 151 1
3029 470 0
3030 422 0
3031 461 1
3032 73 0
3033 619 1
3034 465 0
3035 256 1
3036 579 1
3037 531 1
3038 662 0
3039 275 1
3040 580 1
3041 306 1
3042 287 1
3043 268 1
3044 456 1
3045 668 0
3046 537 0
3047 503 1
3048 602 0
3049 273 1
3050 668 1
3051 134 0
3052 343 1
3053 103 1
3054 609 1
3055 654 1
3056 336 0
3057 613 1
3058 229 1
3059 592 0
3060 450 1
3061 395 1
3062 521 1
3063 657 1
3064 152 1
3065 94 0
3066 519 1
3067 429 0
3068 423 1
3069 228 1
3070 440 1
3071 582 0
3072 444 0
3073 2 0
3074 437 0
3075 419 0
3076 685 0
3077 6 0
3078 543 0
3079 462 1
3080 425 0
3081 576 0
3082 544 1
3083 168 1
3084 368 1
3085 361 1
3086 110 0
3087 186 1
3088 500 0
3089 289 1
3090 541 1
3091 656 0
3092 354 0
3093 95 0
3094 387 1
3095 653 0
3096 174 1
3097 118 1
3098 366 0
3099 518 1
3100 214 0
3101 144 1
3102 184 1
3103 638 1
3104 278 1
3105 454 0
3106 467 0
3107 407 1
3108 134 0
3109 549 1
3110 589 0
3111 394 1
3112 563 1
3113 543 1
3114 329 0
3115 494 1
3116 301 1
3117 398 1
3118 499 1
3119 472 1
3120 96 0
3121 427 1
3122 397 1
3123 215 1
3124 167 0
3125 113 0
3126 99 1
3127 581 1
3128 550 0
3129 652 1
3130 546 0
3131 254 1
3132 616 0
3133 634 0
3134 49 1
3135 24 1
3136 393 0
3137 238 1
3138 346 1
3139 383 1
3140 49 0
3141 330 0
3142 64 0
3143 340 1
3144 396 1
3145 324 1
3146 271 1
3147 621 1
3148 61 0
3149 604 1
3150 24 1
3151 485 0
3152 368 1
3153 268 1
3154 8 0
3155 288 1
3156 678 0
3157 434 0
3158 590 0
3159 187 0
3160 598 1
3161 290 1
3162 391 0
3163 358 0
3164 298 1
3165 551 1
3166 180 1
3167 270 1
3168 592 0
3169 323 1
3170 491 0
3171 417 1
3172 61 0
3173 272 0
3174 228 0
3175 697 1
3176 500 1
3177 57 1
3178 500 1
3179 633 1
3180 667 0
3181 422 1
3182 124 1
3183 457 0
3184 62 1
3185 606 0
3186 693 0
3187 83 1
3188 476 0
3189 236 1
3190 573 1
3191 122 1
3192 53 1
3193 97 0
3194 125 0
3195 183 0
3196 516 1
3197 2 0
3198 358 0
3199 646 1
3200 540 1
3201 33 1
3202 407 0
3203 348 0
3204 230 0
3205 649 0
3206 578 0
3207 479 0
3208 480 1
3209 244 1
3210 607 0
3211 459 1
3212 94 1
3213 125 1
3214 450 1
3215 632 1
3216 156 1
3217 585 1
3218 312 0
3219 279 1
3220 349 1
3221 647 1
3222 60 1
3223 618 1
3224 533 1
3225 676 0
3226 121 1
3227 624 1
3228 427 0
3229 427 1
3230 582 1
3231 229 1
3232 555 1
3233 362 0
3234 578 0
3235 241 0
3236 629 1
3237 215 1
3238 375 1
3239 61 0
3240 298 0
3241 409 0
3242 234 1
3243 165 1
3244 144 0
3245 599 1
3246 482 0
3247 525 0
3248 473 1
3249 37 0
3250 360 1
3251 340 1
3252 696 1
3253 40 1
3254 220 1
3255 111 0
3256 368 0
3257 696 0
3258 384 1
3259 95 0
3260 284 0
3261 315 1
3262 353 0
3263 635 0
3264 330 0
3265 9 1
3266 480 0
3267 40 1
3268 435 0
3269 608 1
3270 410 1
3271 4 1
3272 299 0
3273 212 0
3274 393 0
3275 272 1
3276 531 1
3277 275 0
3278 259 0
3279 541 0
3280 413 0
3281 568 1
3282 430 1
3283 430 0
3284 448 0
3285 351 1
3286 118 0
3287 469 1
3288 586 1
3289 160 1
3290 290 1
3291 17 1
3292 81 0
3293 537 1
3294 262 1
3295 689 1
3296 460 1
3297 399 0
3298 227 0
3299 587 1
3300 228 1
3301 366 1
3302 125 1
3303 522 0
3304 118 1
3305 280 1
3306 176 1
3307 290 1
3308 349 1
3309 127 0
3310 507 1
3311 118 1
3312 435 1
3313 461 1
3314 407 0
3315 169 1
3316 348 1
3317 42 0
3318 201 0
3319 245 1
3320 79 1
3321 17 0
3322 583 1
3323 42 1
3324 435 1
3325 146 0
3326 46 1
3327 513 1
3328 313 0
3329 203 1
3330 612 0
3331 187 1
3332 667 1
3333 266 1
3334 325 1
3335 478 0
3336 97 1
3337 189 1
3338 104 1
3339 444 0
3340 400 1
3341 313 1
3342 385 1
3343 686 1
3344 390 0
3345 479 1
3346 323 1
3347 566 1
3348 426 1
3349 449 0
3350 403 1
3351 215 0
3352 25 1
3353 12 1
3354 635 1
3355 198 1
3356 577 1
3357 72 0
3358 398 1
3359 22 0
3360 10 0
3361 394 1
3362 697 1
3363 383 1
3364 153 1
3365 236 0
3366 591 1
3367 587 1
3368 386 1
3369 504 1
3370 586 1
3371 419 0
3372 275 1
3373 487 1
3374 81 1
3375 293 1
3376 311 0
3377 653 1
3378 8 1
3379 264 1
3380 2 0
3381 19 0
3382 13 1
3383 41 0
3384 37 1
3385 252 1
3386 79 0
3387 148 0
3388 223 1
3389 558 0
3390 674 1
3391 625 0
3392 370 1
3393 355 0
3394 676 1
3395 540 0
3396 180 1
3397 103 0
3398 225 0
3399 123 1
3400 448 1
3401 646 1
3402 107 1
3403 412 1
3404 490 1
3405 164 1
3406 653 1
3407 511 1
3408 429 1
3409 3 0
3410 316 1
3411 615 0
3412 162 0
3413 449 1
3414 621 1
3415 410 0
3416 8 1
3417 428 1
3418 440 1
3419 204 0
3420 642 0
3421 456 1
3422 218 1
3423 450 1
3424 664 1
3425 583 1
3426 57 1
3427 67 1
3428 48 0
3429 138 0
3430 149 0
3431 570 0
3432 664 0
3433 31 1
3434 200 1
3435 167 1
3436 134 0
3437 270 0
3438 650 1
3439 529 1
3440 235 0
3441 185 1
3442 443 1
3443 42 1
3444 300 0
3445 221 1
3446 487 1
3447 137 1
3448 150 1
3449 617 1
3450 633 1
3451 25 1
3452 467 0
3453 649 1
3454 76 1
3455 93 0
3456 422 1
3457 134 1
3458 61 1
3459 417 0
3460 116 1
3461 570 1
3462 260 1
3463 116 1
3464 634 1
3465 291 1
3466 577 0
3467 395 1
3468 371 1
3469 52 1
3470 583 1
3471 289 0
3472 652 1
3473 232 1
3474 129 1
3475 364 0
3476 118 1
3477 379 1
3478 231 1
3479 548 1
3480 288 1
3481 494 1
3482 216 1
3483 270 1
3484 295 0
3485 564 1
3486 696 0
3487 17 1
3488 336 0
3489 652 1
3490 658 1
3491 12 1
3492 312 1
3493 215 1
3494 645 1
3495 241 1
3496 192 1
3497 629 1
3498 685 1
3499 55 1
3500 281 1
3501 462 0
3502 533 1
3503 217 0
3504 17 0
3505 167 0
3506 18 1
3507 512 1
3508 330 1
3509 405 0
3510 550 1
3511 41 1
3512 212 0
3513 681 1
3514 630 1
3515 11 0
3516 416 0
3517 250 0
3518 241 1
3519 651 1
3520 167 1
3521 464 0
3522 527 0
3523 47 1
3524 534 0
3525 664 1
3526 628 1
3527 187 0
3528 206 1
3529 99 1
3530 665 0
3531 579 1
3532 571 1
3533 633 0
3534 127 0
3535 601 1
3536 234 1
3537 10 1
3538 402 0
3539 221 1
3540 268 1
3541 610 0
3542 421 0
3543 98 0
3544 497 1
3545 66 0
3546 67 1
3547 375 0
3548 305 1
3549 282 1
3550 654 1
3551 486 0
3552 309 0
3553 253 1
3554 313 0
3555 8 0
3556 420 1
3557 309 1
3558 17 0
3559 300 1
3560 134 0
3561 37 1
3562 542 0
3563 370 1
3564 482 1
3565 569 1
3566 366 1
3567 627 1
3568 383 1
3569 687 1
3570 415 1
3571 108 1
3572 614 0
3573 507 1
3574 125 0
3575 206 0
3576 6 1
3577 690 1
3578 415 0
3579 685 1
3580 543 0
3581 636 1
3582 442 0
3583 186 0
3584 505 0
3585 352 1
3586 628 0
3587 586 1
3588 408 0
3589 235 1
3590 33 1
3591 324 1
3592 443 1
3593 347 1
3594 436 0
3595 587 1
3596 419 1
3597 491 1
3598 619 0
3599 518 1
3600 382 1
3601 176 1
3602 163 1
3603 614 0
3604 216 1
3605 635 0
3606 121 1
3607 48 1
3608 564 0
3609 483 1
3610 488 1
3611 111 1
3612 426 1
3613 130 1
3614 111 1
3615 301 1
3616 351 0
3617 563 1
3618 70 0
3619 145 1
3620 628 1
3621 296 1
3622 330 1
3623 603 1
3624 499 0
3625 26 1
3626 289 1
3627 255 0
3628 41 1
3629 592 1
3630 565 1
3631 404 1
3632 431 1
3633 20 1
3634 277 0
3635 548 1
3636 6 1
3637 245 0
3638 19 1
3639 291 0
3640 67 0
3641 565 1
3642 456 1
3643 132 0
3644 38 0
3645 638 1
3646 209 0
3647 109 1
3648 142 1
3649 202 1
3650 53 1
3651 386 1
3652 654 1
3653 156 1
3654 311 1
3655 252 1
3656 295 1
3657 493 0
3658 470 1
3659 538 0
3660 640 1
3661 171 1
3662 350 0
3663 320 1
3664 638 1
3665 443 1
3666 104 0
3667 510 0
3668 291 0
3669 264 0
3670 174 1
3671 510 1
3672 165 1
3673 281 1
3674 690 1
3675 444 1
3676 127 1
3677 311 0
3678 425 1
3679 500 1
3680 684 1
3681 116 1
3682 133 0
3683 379 0
3684 353 1
3685 328 0
3686 689 0
3687 56 1
3688 204 1
3689 321 1
3690 686 0
3691 356 1
3692 441 1
3693 351 1
3694 129 1
3695 291 1
3696 156 0
3697 434 1
3698 323 1
3699 244 0
3700 287 1
3701 263 0
3702 472 1
3703 192 1
3704 187 1
3705 401 1
3706 340 1
3707 48 0
3708 255 0
3709 9 1
3710 310 1
3711 499 1
3712 467 1
3713 286 1
3714 348 0
3715 297 0
3716 392 0
3717 202 1
3718 410 0
3719 371 1
3720 667 1
3721 301 0
3722 360 1
3723 391 1
3724 507 1
3725 301 1
3726 231 0
3727 115 0
3728 565 0
3729 549 1
3730 221 1
3731 609 1
3732 467 1
3733 80 1
3734 265 0
3735 305 1
3736 284 1
3737 542 1
3738 16 1
3739 91 1
3740 394 1
3741 643 1
3742 23 1
3743 384 1
3744 220 1
3745 562 1
3746 142 1
3747 355 1
3748 343 1
3749 318 1
3750 176 1
3751 143 1
3752 61 1
3753 634 1
3754 450 0
3755 132 0
3756 418 0
3757 301 1
3758 593 1
3759 90 0
3760 679 1
3761 314 1
3762 654 0
3763 262 0
3764 165 1
3765 208 1
3766 34 1
3767 331 1
3768 567 0
3769 403 1
3770 293 1
3771 223 0
3772 370 1
3773 443 0
3774 270 1
3775 138 1
3776 17 1
3777 602 1
3778 652 1
3779 500 1
3780 275 1
3781 219 1
3782 119 1
3783 164 1
3784 348 1
3785 66 0
3786 162 0
3787 413 1
3788 573 1
3789 327 0
3790 221 0
3791 623 1
3792 447 1
3793 210 0
3794 450 1
3795 279 1
3796 478 1
3797 324 1
3798 579 1
3799 116 1
3800 586 1
3801 629 0
3802 1 0
3803 112 1
3804 31 1
3805 248 1
3806 434 1
3807 490 1
3808 687 1
3809 342 0
3810 471 1
3811 224 1
3812 421 1
3813 378 1
3814 567 1
3815 289 1
3816 206 1
3817 33 0
3818 92 0
3819 312 1
3820 343 0
3821 604 0
3822 23 1
3823 20 1
3824 156 0
3825 679 1
3826 285 0
3827 636 0
3828 283 1
3829 296 1
3830 340 0
3831 135 1
3832 334 1
3833 285 1
3834 73 1
3835 80 0
3836 218 1
3837 254 1
3838 381 1
3839 482 1
3840 167 0
3841 224 1
3842 197 1
3843 218 0
3844 8 1
3845 162 1
3846 630 1
3847 196 1
3848 226 1
3849 692 1
3850 609 1
3851 246 0
3852 289 1
3853 129 0
3854 305 1
3855 268 0
3856 603 0
3857 683 1
3858 184 1
3859 342 0
3860 247 0
3861 541 0
3862 561 1
3863 672 1
3864 279 0
3865 617 0
3866 499 0
3867 76 0
3868 424 0
3869 289 1
3870 575 0
3871 33 1
3872 580 0
3873 341 1
3874 449 0
3875 258 0
3876 247 0
3877 633 1
3878 596 0
3879 198 0
3880 333 0
3881 594 0
3882 510 1
3883 451 0
3884 635 1
3885 495 1
3886 129 1
3887 52 0
3888 306 1
3889 304 1
3890 136 1
3891 42 0
3892 421 1
3893 23 0
3894 342 1
3895 25 1
3896 97 0
3897 567 1
3898 122 0
3899 602 1
3900 120 1
3901 329 1
3902 686 1
3903 18 1
3904 304 1
3905 338 1
3906 644 1
3907 113 1
3908 115 1
3909 215 0
3910 117 1
3911 193 1
3912 391 1
3913 581 0
3914 140 0
3915 559 0
3916 642 1
3917 268 0
3918 101 0
3919 212 1
3920 368 1
3921 605 1
3922 460 1
3923 209 0
3924 385 0
3925 563 1
3926 196 0
3927 476 0
3928 349 0
3929 389 1
3930 602 1
3931 280 1
3932 439 1
3933 6 0
3934 594 1
3935 477 0
3936 298 1
3937 335 1
3938 162 1
3939 393 1
3940 29 0
3941 109 1
3942 75 0
3943 571 1
3944 475 1
3945 443 1
3946 511 1
3947 454 1
3948 332 1
3949 322 1
3950 437 1
3951 249 1
3952 243 0
3953 553 1
3954 658 1
3955 12 1
3956 264 1
3957 443 0
3958 237 1
3959 522 1
3960 107 1
3961 151 1
3962 50 1
3963 400 1
3964 125 1
3965 368 1
3966 582 1
3967 128 1
3968 32 1
3969 290 1
3970 458 0
3971 439 1
3972 182 1
3973 122 1
3974 258 1
3975 662 1
3976 442 1
3977 514 1
3978 478 1
3979 405 0
3980 697 1
3981 466 0
3982 222 1
3983 465 1
3984 106 1
3985 234 0
3986 587 0
3987 348 1
3988 616 0
3989 20 0
3990 645 0
3991 541 0
3992 556 1
3993 182 1
3994 331 1
3995 240 0
3996 191 1
3997 210 1
3998 361 1
3999 656 0
4000 261 1
4001 322 0
4002 395 1
4003 678 0
4004 200 1
4005 487 0
4006 441 0
4007 535 1
4008 675 1
4009 394 1
4010 364 1
4011 637 0
4012 630 0
4013 258 1
4014 583 1
4015 520 0
4016 407 1
4017 283 0
4018 343 0
4019 644 1
4020 20 1
4021 690 1
4022 521 1
4023 520 0
4024 304 1
4025 335 1
4026 608 0
4027 514 1
4028 180 0
4029 363 0
4030 289 0
4031 668 0
4032 327 1
4033 329 1
4034 44 1
4035 44 1
4036 465 0
4037 56 0
4038 322 1
4039 544 0
4040 80 0
4041 355 0
4042 682 0
4043 289 0
4044 244 0
4045 457 0
4046 366 0
4047 289 1
4048 678 0
4049 423 1
4050 651 1
4051 317 1
4052 33 1
4053 464 1
4054 239 1
4055 512 1
4056 20 1
4057 68 0
4058 568 0
4059 397 1
4060 539 1
4061 405 0
4062 582 1
4063 188 1
4064 143 0
4065 344 1
4066 380 0
4067 42 0
4068 323 1
4069 299 1
4070 347 0
4071 641 0
4072 509 1
4073 600 0
4074 597 1
4075 250 1
4076 454 1
4077 632 1
4078 650 1
4079 187 0
4080 34 1
4081 418 0
4082 252 1
4083 586 1
4084 498 0
4085 198 1
4086 57 0
4087 513 0
4088 380 0
4089 5 1
4090 243 1
4091 474 1
4092 670 1
4093 94 1
4094 59 1
4095 475 1
4096 343 0
4097 266 0
4098 186 0
4099 232 1
4100 99 1
4101 131 1
4102 330 1
4103 482 0
4104 119 1
4105 48 0
4106 503 1
4107 590 0
4108 689 1
4109 626 1
4110 497 0
4111 371 1
4112 128 1
4113 496 1
4114 549 1
4115 528 1
4116 219 1
4117 564 1
4118 363 0
4119 319 1
4120 365 1
4121 376 1
4122 648 1
4123 174 1
4124 482 1
4125 217 1
4126 34 1
4127 181 1
4128 56 0
4129 6 0
4130 466 1
4131 85 1
4132 24 0
4133 294 1
4134 298 1
4135 401 0
4136 510 0
4137 592 1
4138 104 1
4139 628 1
4140 626 0
4141 626 0
4142 36 0
4143 582 1
4144 545 1
4145 228 1
4146 653 1
4147 57 1
4148 493 1
4149 596 1
4150 24 1
4151 515 1
4152 135 0
4153 53 1
4154 234 1
4155 585 0
4156 358 1
4157 581 0
4158 380 1
4159 474 1
4160 584 1
4161 297 0
4162 547 1
4163 517 1
4164 693 1
4165 663 1
4166 471 1
4167 540 0
4168 646 1
4169 376 1
4170 335 1
4171 101 1
4172 534 1
4173 147 1
4174 678 1
4175 201 1
4176 156 1
4177 402 0
4178 142 1
4179 574 1
4180 623 1
4181 613 0
4182 306 1
4183 532 1
4184 579 1
4185 193 1
4186 231 0
4187 439 1
4188 508 0
4189 41 0
4190 268 1
4191 351 1
4192 501 1
4193 187 1
4194 263 0
4195 539 1
4196 360 0
4197 584 1
4198 668 1
4199 450 1
4200 386 1
4201 293 1
4202 240 1
4203 213 0
4204 379 1
4205 66 1
4206 257 1
4207 602 1
4208 459 0
4209 461 0
4210 611 0
4211 441 1
4212 45 1
4213 470 1
4214 502 0
4215 92 0
4216 395 1
4217 336 1
4218 648 0
4219 443 0
4220 564 1
4221 505 1
4222 685 0
4223 410 1
4224 258 1
4225 0 1
4226 233 0
4227 443 1
4228 297 1
4229 292 1
4230 665 1
4231 49 1
4232 300 1
4233 57 1
4234 694 1
4235 107 1
4236 540 0
4237 211 0
4238 81 1
4239 502 0
4240 553 1
4241 509 1
4242 244 0
4243 595 1
4244 227 0
4245 630 1
4246 332 1
4247 314 1
4248 594 1
4249 411 1
4250 401 0
4251 209 0
4252 190 1
4253 70 1
4254 102 1
4255 140 1
4256 376 1
4257 273 0
4258 663 0
4259 451 0
4260 586 1
4261 373 1
4262 591 1
4263 610 0
4264 588 0
4265 136 1
4266 599 1
4267 63 1
4268 526 1
4269 591 0
4270 235 0
4271 344 1
4272 442 0
4273 521 1
4274 316 1
4275 356 1
4276 185 1
4277 182 0
4278 247 0
4279 93 0
4280 645 1
4281 186 1
4282 335 1
4283 395 1
4284 611 1
4285 79 1
4286 80 0
4287 518 1
4288 570 1
4289 458 1
4290 613 0
4291 620 1
4292 375 1
4293 405 0
4294 425 0
4295 518 0
4296 487 1
4297 447 1
4298 13 1
4299 273 0
4300 660 1
4301 301 1
4302 306 1
4303 93 0
4304 460 0
4305 365 0
4306 426 1
4307 232 1
4308 618 0
4309 483 1
4310 196 1
4311 246 1
4312 66 1
4313 566 1
4314 367 0
4315 233 0
4316 23 1
4317 129 1
4318 185 1
4319 508 1
4320 533 1
4321 80 1
4322 220 1
4323 591 1
4324 480 1
4325 243 1
4326 208 1
4327 191 1
4328 14 1
4329 583 1
4330 656 1
4331 469 0
4332 182 1
4333 311 1
4334 350 1
4335 544 1
4336 53 1
4337 673 1
4338 467 1
4339 172 0
4340 1 1
4341 455 1
4342 206 0
4343 13 0
4344 692 1
4345 361 1
4346 244 1
4347 631 0
4348 259 1
4349 95 1
4350 122 1
4351 324 1
4352 95 1
4353 208 1
4354 623 1
4355 341 1
4356 96 0
4357 363 1
4358 33 1
4359 283 1
4360 33 0
4361 677 1
4362 77 1
4363 5 0
4364 611 1
4365 476 1
4366 499 0
4367 438 1
4368 389 1
4369 457 0
4370 556 1
4371 697 1
4372 656 0
4373 16 1
4374 497 1
4375 17 1
4376 473 0
4377 338 0
4378 363 0
4379 646 1
4380 432 1
4381 538 1
4382 284 0
4383 127 1
4384 683 0
4385 47 0
4386 672 0
4387 254 0
4388 635 1
4389 150 1
4390 99 1
4391 25 0
4392 621 0
4393 183 1
4394 695 1
4395 91 1
4396 312 1
4397 660 1
4398 666 0
4399 330 1
4400 660 0
4401 252 1
4402 651 1
4403 94 1
4404 306 0
4405 82 1
4406 641 1
4407 37 1
4408 229 1
4409 378 1
4410 338 1
4411 183 1
4412 629 0
4413 308 1
4414 220 1
4415 78 0
4416 76 0
4417 346 1
4418 366 0
4419 375 1
4420 215 1
4421 137 1
4422 323 1
4423 479 1
4424 383 0
4425 537 0
4426 628 0
4427 204 0
4428 624 1
4429 455 0
4430 210 0
4431 557 0
4432 394 1
4433 74 1
4434 403 1
4435 264 1
4436 437 0
4437 64 1
4438 336 0
4439 373 1
4440 3 1
4441 501 0
4442 463 1
4443 20 0
4444 277 1
4445 64 1
4446 69 1
4447 304 0
4448 584 1
4449 56 1
4450 358 1
4451 666 1
4452 11 0
4453 386 1
4454 105 1
4455 127 1
4456 502 0
4457 269 1
4458 165 1
4459 413 1
4460 295 1
4461 460 1
4462 629 1
4463 129 1
4464 203 0
4465 563 1
4466 494 1
4467 187 0
4468 321 1
4469 383 0
4470 394 1
4471 65 1
4472 668 1
4473 451 1
4474 624 0
4475 577 0
4476 173 0
4477 585 1
4478 163 1
4479 378 1
4480 189 1
4481 458 1
4482 531 1
4483 489 1
4484 280 1
4485 111 0
4486 213 0
4487 630 1
4488 41 0
4489 546 1
4490 77 0
4491 416 1
4492 522 1
4493 584 1
4494 77 1
4495 582 1
4496 35 1
4497 479 1
4498 518 0
4499 479 1
4500 672 0
4501 303 0
4502 526 1
4503 128 1
4504 375 1
4505 293 0
4506 159 1
4507 4 0
4508 72 1
4509 198 1
4510 381 1
4511 174 0
4512 652 1
4513 43 1
4514 453 0
4515 100 1
4516 643 1
4517 371 1
4518 625 1
4519 567 0
4520 235 1
4521 284 0
4522 402 1
4523 606 1
4524 407 1
4525 383 1
4526 644 1
4527 265 1
4528 512 1
4529 599 1
4530 131 1
4531 451 0
4532 392 1
4533 304 1
4534 382 1
4535 379 0
4536 564 0
4537 72 1
4538 482 1
4539 271 1
4540 313 1
4541 38 1
4542 43 1
4543 386 1
4544 370 0
4545 580 1
4546 276 0
4547 336 1
4548 214 1
4549 517 1
4550 344 0
4551 503 1
4552 391 0
4553 6 1
4554 554 0
4555 123 1
4556 462 1
4557 186 0
4558 224 0
4559 120 1
4560 389 1
4561 627 0
4562 562 1
4563 165 1
4564 435 1
4565 662 0
4566 639 0
4567 518 1
4568 343 1
4569 265 1
4570 332 1
4571 126 1
4572 81 1
4573 359 1
4574 415 1
4575 201 0
4576 10 1
4577 530 0
4578 623 0
4579 408 0
4580 666 1
4581 440 1
4582 369 0
4583 698 1
4584 314 0
4585 670 1
4586 653 0
4587 30 1
4588 169 0
4589 570 1
4590 627 0
4591 449 0
4592 431 1
4593 269 1
4594 264 1
4595 244 1
4596 579 0
4597 368 0
4598 474 1
4599 492 1
4600 162 1
4601 494 1
4602 91 1
4603 610 0
4604 672 1
4605 604 1
4606 83 1
4607 68 1
4608 393 1
4609 399 1
4610 544 0
4611 648 1
4612 388 1
4613 204 1
4614 215 0
4615 11 0
4616 220 1
4617 252 0
4618 89 1
4619 331 0
4620 174 0
4621 192 1
4622 121 1
4623 302 1
4624 127 0
4625 232 0
4626 177 1
4627 627 1
4628 29 0
4629 259 1
4630 118 1
4631 380 1
4632 535 1
4633 408 0
4634 326 1
4635 217 0
4636 278 0
4637 288 1
4638 200 1
4639 673 1
4640 124 1
4641 59 1
4642 147 1
4643 625 1
4644 578 1
4645 408 1
4646 215 0
4647 94 0
4648 481 1
4649 205 1
4650 543 1
4651 367 1
4652 133 1
4653 510 1
4654 78 1
4655 419 0
4656 450 1
4657 491 1
4658 695 0
4659 63 1
4660 362 0
4661 330 1
4662 91 0
4663 387 1
4664 457 0
4665 439 0
4666 545 1
4667 183 0
4668 65 0
4669 300 1
4670 8 1
4671 104 0
4672 29 1
4673 346 0
4674 72 0
4675 359 1
4676 640 1
4677 71 1
4678 644 1
4679 364 1
4680 340 1
4681 463 0
4682 213 0
4683 623 0
4684 399 1
4685 409 1
4686 473 1
4687 625 0
4688 168 0
4689 59 1
4690 670 1
4691 205 1
4692 638 1
4693 174 1
4694 24 0
4695 46 0
4696 174 1
4697 80 0
4698 215 1
4699 424 0
4700 457 1
4701 552 0
4702 406 1
4703 493 0
4704 40 1
4705 115 0
4706 31 0
4707 152 1
4708 585 1
4709 313 1
4710 396 1
4711 274 1
4712 628 0
4713 17 1
4714 587 0
4715 289 1
4716 334 1
4717 335 0
4718 380 0
4719 615 1
4720 441 1
4721 431 1
4722 111 1
4723 672 0
4724 669 1
4725 136 1
4726 405 1
4727 695 1
4728 294 1
4729 10 0
4730 683 0
4731 57 1
4732 442 1
4733 588 1
4734 281 1
4735 73 1
4736 66 1
4737 26 0
4738 147 1
4739 632 0
4740 45 0
4741 14 0
4742 479 1
4743 315 1
4744 482 0
4745 485 1
4746 625 1
4747 315 1
4748 464 1
4749 250 0
4750 239 1
4751 529 1
4752 586 1
4753 241 0
4754 314 1
4755 610 0
4756 243 1
4757 339 1
4758 395 1
4759 555 0
4760 510 0
4761 175 1
4762 413 1
4763 93 1
4764 226 1
4765 684 1
4766 425 1
4767 530 0
4768 129 1
4769 106 0
4770 476 1
4771 561 0
4772 172 1
4773 502 1
4774 616 1
4775 47 1
4776 459 1
4777 623 0
4778 243 1
4779 111 0
4780 590 1
4781 694 1
4782 369 1
4783 159 1
4784 597 0
4785 2 1
4786 282 1
4787 154 0
4788 525 1
4789 323 0
4790 303 1
4791 399 1
4792 123 0
4793 466 1
4794 570 1
4795 366 0
4796 433 1
4797 307 1
4798 416 1
4799 361 1
4800 32 1
4801 448 1
4802 687 1
4803 300 1
4804 89 1
4805 485 0
4806 54 1
4807 685 1
4808 268 0
4809 73 1
4810 89 1
4811 359 1
4812 330 1
4813 385 1
4814 663 0
4815 591 0
4816 640 0
4817 70 1
4818 472 0
4819 671 1
4820 283 0
4821 13 1
4822 402 1
4823 44 0
4824 210 1
4825 568 0
4826 87 1
4827 352 0
4828 424 1
4829 224 0
4830 86 1
4831 144 1
4832 215 1
4833 415 0
4834 344 1
4835 308 1
4836 604 1
4837 265 1
4838 80 1
4839 507 1
4840 185 1
4841 590 1
4842 134 1
4843 449 1
4844 282 0
4845 7 1
4846 548 1
4847 384 0
4848 594 0
4849 281 0
4850 246 1
4851 396 1
4852 440 0
4853 458 0
4854 30 1
4855 341 1
4856 401 1
4857 247 0
4858 6 1
4859 624 1
4860 200 1
4861 645 0
4862 312 0
4863 342 1
4864 659 1
4865 206 1
4866 43 0
4867 358 1
4868 95 1
4869 534 1
4870 143 1
4871 100 1
4872 168 1
4873 610 1
4874 574 0
4875 222 0
4876 226 1
4877 583 0
4878 499 0
4879 505 0
4880 380 1
4881 667 0
4882 144 1
4883 438 1
4884 203 1
4885 124 1
4886 209 1
4887 651 1
4888 331 1
4889 81 1
4890 628 0
4891 42 1
4892 3 1
4893 453 1
4894 382 0
4895 492 1
4896 30 0
4897 488 1
4898 76 0
4899 643 1
4900 259 1
4901 156 1
4902 280 1
4903 375 0
4904 201 1
4905 349 1
4906 291 1
4907 44 1
4908 546 1
4909 555 0
4910 515 0
4911 294 1
4912 98 1
4913 250 1
4914 69 0
4915 454 1
4916 250 1
4917 556 0
4918 478 1
4919 672 0
4920 219 1
4921 568 1
4922 243 0
4923 563 1
4924 640 1
4925 550 1
4926 528 1
4927 62 1
4928 216 0
4929 331 1
4930 36 1
4931 372 1
4932 455 1
4933 346 0
4934 462 1
4935 672 1
4936 172 0
4937 481 1
4938 455 1
4939 266 1
4940 524 1
4941 141 1
4942 21 1
4943 40 0
4944 45 1
4945 281 1
4946 686 1
4947 126 1
4948 184 1
4949 665 1
4950 323 0
4951 616 1
4952 481 0
4953 200 1
4954 274 1
4955 392 1
4956 342 0
4957 682 1
4958 267 1
4959 359 0
4960 623 1
4961 623 1
4962 595 0
4963 341 1
4964 53 1
4965 485 1
4966 247 1
4967 161 1
4968 331 0
4969 495 1
4970 129 1
4971 5 1
4972 480 0
4973 365 0
4974 469 0
4975 590 1
4976 196 1
4977 63 0
4978 323 0
4979 401 1
4980 242 1
4981 42 1
4982 348 1
4983 48 0
4984 565 1
4985 585 0
4986 490 0
4987 225 0
4988 338 1
4989 549 0
4990 375 0
4991 32 1
4992 484 1
4993 193 0
4994 31 1
4995 245 0
4996 70 1
4997 293 1
4998 491 1
4999 628 1
5000 415 1
5001 111 0
5002 165 1
5003 8 1
5004 686 1
5005 143 1
5006 528 1
5007 463 1
5008 500 1
5009 182 0
5010 310 0
5011 564 1
5012 244 1
5013 328 0
5014 29 1
5015 152 1
5016 302 1
5017 410 1
5018 588 1
5019 31 1
5020 506 1
5021 696 0
5022 579 1
5023 409 1
5024 176 1
5025 201 0
5026 78 0
5027 396 0
5028 224 1
5029 118 1
5030 42 1
5031 457 1
5032 522 1
5033 570 0
5034 116 1
5035 516 1
5036 306 0
5037 19 1
5038 503 1
5039 326 1
5040 79 0
5041 225 1
5042 123 0
5043 9 0
5044 405 1
5045 130 0
5046 627 1
5047 550 1
5048 56 1
5049 391 1
5050 554 1
5051 555 1
5052 251 1
5053 107 0
5054 62 1
5055 493 1
5056 20 0
5057 298 0
5058 170 0
5059 20 1
5060 664 0
5061 83 0
5062 268 0
5063 102 1
5064 585 1
5065 256 1
5066 460 1
5067 590 1
5068 445 0
5069 525 1
5070 190 1
5071 648 1
5072 567 1
5073 112 1
5074 85 0
5075 143 0
5076 511 1
5077 401 0
5078 390 0
5079 164 1
5080 526 1
5081 476 1
5082 63 1
5083 528 1
5084 124 1
5085 546 1
5086 673 1
5087 283 0
5088 502 1
5089 109 1
5090 57 0
5091 396 1
5092 238 1
5093 179 0
5094 131 1
5095 663 1
5096 293 1
5097 474 1
5098 566 1
5099 395 1
5100 657 1
5101 534 1
5102 496 0
5103 232 0
5104 513 1
5105 645 1
5106 352 0
5107 199 1
5108 669 0
5109 49 1
5110 480 1
5111 288 1
5112 213 0
5113 660 0
5114 595 0
5115 301 1
5116 586 0
5117 473 0
5118 255 1
5119 213 0
5120 106 1
5121 399 0
5122 32 1
5123 109 0
5124 36 0
5125 562 1
5126 631 1
5127 121 1
5128 673 1
5129 455 1
5130 197 1
5131 653 1
5132 424 0
5133 696 1
5134 663 0
5135 508 0
5136 599 0
5137 288 1
5138 566 0
5139 392 1
5140 87 1
5141 649 1
5142 166 1
5143 622 0
5144 382 0
5145 239 1
5146 196 1
5147 193 0
5148 151 1
5149 130 0
5150 630 0
5151 414 0
5152 137 1
5153 691 0
5154 631 0
5155 137 1
5156 399 0
5157 267 0
5158 159 0
5159 464 1
5160 328 1
5161 651 0
5162 427 1
5163 674 1
5164 96 1
5165 223 1
5166 504 0
5167 88 0
5168 401 1
5169 175 1
5170 224 1
5171 581 1
5172 401 0
5173 478 1
5174 98 1
5175 632 1
5176 478 1
5177 481 0
5178 490 1
5179 315 1
5180 93 1
5181 143 0
5182 236 0
5183 298 1
5184 71 1
5185 500 1
5186 87 1
5187 208 1
5188 61 0
5189 109 1
5190 461 1
5191 117 0
5192 157 1
5193 434 1
5194 585 0
5195 64 1
5196 348 0
5197 335 1
5198 198 0
5199 282 1
5200 637 1
5201 324 0
5202 466 0
5203 273 0
5204 50 0
5205 446 1
5206 653 0
5207 40 0
5208 222 1
5209 518 1
5210 55 0
5211 317 0
5212 550 1
5213 48 0
5214 346 1
5215 78 1
5216 413 1
5217 538 1
5218 693 1
5219 696 0
5220 494 1
5221 544 1
5222 537 1
5223 320 1
5224 590 1
5225 397 0
5226 252 0
5227 109 1
5228 656 1
5229 141 1
5230 17 1
5231 587 0
5232 380 1
5233 599 1
5234 539 1
5235 648 1
5236 569 1
5237 542 0
5238 609 1
5239 226 1
5240 532 0
5241 205 0
5242 627 1
5243 177 1
5244 230 1
5245 188 1
5246 67 1
5247 666 0
5248 33 1
5249 122 1
5250 692 0
5251 195 1
5252 325 1
5253 30 1
5254 660 1
5255 24 1
5256 639 1
5257 338 1
5258 303 1
5259 453 1
5260 134 0
5261 70 0
5262 477 1
5263 178 0
5264 603 1
5265 142 1
5266 360 0
5267 688 1
5268 606 0
5269 209 1
5270 505 1
5271 591 1
5272 692 1
5273 543 1
5274 275 1
5275 118 1
5276 0 1
5277 369 0
5278 225 0
5279 48 0
5280 606 1
5281 484 0
5282 58 1
5283 483 0
5284 252 1
5285 63 1
5286 456 1
5287 263 0
5288 173 1
5289 34 1
5290 393 1
5291 616 0
5292 341 1
5293 630 1
5294 592 0
5295 684 1
5296 169 1
5297 297 1
5298 4 1
5299 651 1
5300 534 1
5301 303 0
5302 428 1
5303 500 0
5304 432 1
5305 579 1
5306 687 1
5307 279 0
5308 541 1
5309 186 0
5310 189 1
5311 464 0
5312 171 1
5313 346 1
5314 602 0
5315 191 1
5316 543 1
5317 488 1
5318 120 1
5319 633 1
5320 124 0
5321 438 0
5322 70 1
5323 431 0
5324 229 0
5325 106 1
5326 89 1
5327 537 0
5328 391 1
5329 665 1
5330 241 1
5331 491 1
5332 410 1
5333 117 1
5334 569 1
5335 613 1
5336 323 0
5337 566 1
5338 371 1
5339 65 1
5340 445 0
5341 80 0
5342 500 1
5343 325 0
5344 560 0
5345 17 1
5346 208 1
5347 646 0
5348 319 0
5349 679 1
5350 573 1
5351 643 1
5352 476 1
5353 350 0
5354 567 0
5355 279 1
5356 345 1
5357 377 1
5358 36 0
5359 567 0
5360 55 0
5361 458 0
5362 154 1
5363 641 1
5364 457 0
5365 422 1
5366 46 1
5367 287 1
5368 165 1
5369 201 0
5370 112 0
5371 346 0
5372 599 1
5373 133 0
5374 258 0
5375 292 0
5376 346 1
5377 335 1
5378 444 1
5379 503 1
5380 430 0
5381 63 1
5382 581 1
5383 300 1
5384 48 0
5385 310 0
5386 41 1
5387 377 1
5388 212 0
5389 336 0
5390 271 0
5391 313 0
5392 667 0
5393 647 1
5394 456 1
5395 144 1
5396 438 0
5397 664 0
5398 316 1
5399 597 1
5400 55 1
5401 284 0
5402 396 0
5403 267 1
5404 231 0
5405 138 1
5406 291 0
5407 180 1
5408 159 1
5409 671 1
5410 340 1
5411 333 0
5412 552 1
5413 387 1
5414 551 0
5415 64 1
5416 254 1
5417 4 1
5418 539 1
5419 318 1
5420 633 1
5421 333 1
5422 666 0
5423 484 0
5424 631 0
5425 272 1
5426 102 1
5427 110 1
5428 663 0
5429 582 1
5430 313 1
5431 423 0
5432 524 0
5433 48 1
5434 457 1
5435 195 1
5436 581 1
5437 616 0
5438 102 1
5439 205 1
5440 387 0
5441 535 0
5442 143 0
5443 432 0
5444 203 0
5445 624 1
5446 22 0
5447 144 1
5448 535 0
5449 670 1
5450 318 1
5451 685 0
5452 225 0
5453 279 0
5454 534 1
5455 121 1
5456 491 1
5457 1 0
5458 362 1
5459 44 1
5460 279 1
5461 141 0
5462 76 1
5463 379 1
5464 8 1
5465 435 1
5466 47 1
5467 56 1
5468 83 1
5469 358 1
5470 120 0
5471 599 0
5472 196 0
5473 78 1
5474 563 1
5475 653 1
5476 549 0
5477 675 0
5478 610 1
5479 68 1
5480 464 1
5481 474 1
5482 454 0
5483 542 0
5484 625 1
5485 685 1
5486 440 0
5487 417 0
5488 16 0
5489 254 0
5490 376 1
5491 253 1
5492 63 1
5493 382 0
5494 343 1
5495 122 1
5496 483 0
5497 379 0
5498 186 1
5499 305 0
5500 184 0
5501 388 1
5502 635 0
5503 550 1
5504 361 0
5505 291 0
5506 543 0
5507 494 1
5508 304 1
5509 580 1
5510 615 0
5511 515 0
5512 358 1
5513 396 0
5514 648 0
5515 416 0
5516 53 0
5517 516 0
5518 440 0
5519 629 1
5520 473 1
5521 370 0
5522 295 1
5523 682 1
5524 101 1
5525 307 0
5526 325 1
5527 175 0
5528 319 1
5529 287 1
5530 332 1
5531 630 0
5532 338 1
5533 134 1
5534 345 0
5535 411 0
5536 514 1
5537 424 1
5538 6 0
5539 240 1
5540 500 1
5541 582 1
5542 670 0
5543 339 1
5544 159 1
5545 89 1
5546 161 1
5547 407 1
5548 228 1
5549 110 0
5550 364 0
5551 681 0
5552 363 0
5553 290 1
5554 115 1
5555 465 0
5556 607 1
5557 272 1
5558 166 1
5559 399 0
5560 69 1
5561 576 0
5562 269 1
5563 261 1
5564 585 0
5565 130 1
5566 422 1
5567 659 0
5568 49 1
5569 215 1
5570 539 0
5571 309 0
5572 88 1
5573 86 0
5574 253 1
5575 339 1
5576 34 1
5577 312 1
5578 260 1
5579 559 0
5580 474 1
5581 157 0
5582 561 0
5583 43 1
5584 356 1
5585 304 1
5586 697 0
5587 174 0
5588 255 0
5589 100 1
5590 275 0
5591 120 1
5592 415 1
5593 372 1
5594 66 1
5595 581 1
5596 212 1
5597 268 1
5598 615 0
5599 685 1
5600 100 1
5601 697 1
5602 663 0
5603 415 1
5604 191 1
5605 17 1
5606 485 1
5607 536 0
5608 100 0
5609 406 1
5610 430 0
5611 236 1
5612 557 1
5613 18 1
5614 118 0
5615 504 1
5616 53 1
5617 546 0
5618 434 1
5619 696 1
5620 308 1
5621 153 0
5622 381 0
5623 295 0
5624 657 1
5625 177 0
5626 520 1
5627 561 1
5628 219 1
5629 611 0
5630 342 1
5631 544 1
5632 450 1
5633 173 1
5634 413 1
5635 570 1
5636 642 0
5637 345 0
5638 243 1
5639 335 0
5640 401 1
5641 350 0
5642 456 0
5643 132 0
5644 322 0
5645 302 1
5646 220 0
5647 120 0
5648 68 0
5649 615 1
5650 451 1
5651 33 1
5652 41 1
5653 478 1
5654 307 1
5655 245 0
5656 386 0
5657 462 1
5658 338 0
5659 349 0
5660 397 1
5661 384 1
5662 328 1
5663 119 0
5664 87 1
5665 408 1
5666 52 1
5667 464 1
5668 579 1
5669 606 1
5670 587 1
5671 426 0
5672 278 1
5673 647 0
5674 542 1
5675 107 1
5676 478 1
5677 389 1
5678 527 1
5679 34 1
5680 303 0
5681 683 1
5682 642 1
5683 207 1
5684 451 0
5685 469 0
5686 496 1
5687 144 1
5688 145 1
5689 222 0
5690 619 1
5691 229 1
5692 352 1
5693 265 1
5694 657 1
5695 553 1
5696 500 1
5697 146 0
5698 46 1
5699 255 1
5700 696 1
5701 367 0
5702 451 0
5703 329 0
5704 363 1
5705 114 0
5706 640 1
5707 442 1
5708 492 1
5709 232 1
5710 296 1
5711 470 0
5712 155 0
5713 300 0
5714 29 1
5715 229 1
5716 581 1
5717 509 0
5718 167 1
5719 688 1
5720 449 1
5721 345 0
5722 677 1
5723 214 1
5724 554 1
5725 680 1
5726 534 0
5727 478 1
5728 128 0
5729 649 0
5730 635 0
5731 642 1
5732 64 0
5733 140 1
5734 121 0
5735 293 0
5736 463 1
5737 492 1
5738 485 1
5739 441 1
5740 683 1
5741 22 1
5742 404 0
5743 267 0
5744 109 1
5745 219 1
5746 385 1
5747 552 0
5748 615 1
5749 212 1
5750 352 1
5751 368 1
5752 673 0
5753 557 0
5754 397 1
5755 329 1
5756 252 1
5757 659 1
5758 381 1
5759 19 1
5760 434 0
5761 525 1
5762 631 1
5763 100 1
5764 371 1
5765 344 1
5766 347 1
5767 370 0
5768 403 1
5769 310 1
5770 288 1
5771 243 1
5772 521 1
5773 28 1
5774 419 1
5775 454 0
5776 515 0
5777 504 1
5778 188 1
5779 525 0
5780 676 0
5781 343 1
5782 413 1
5783 176 1
5784 3 0
5785 448 1
5786 656 1
5787 132 0
5788 654 1
5789 213 1
5790 437 1
5791 59 0
5792 7 1
5793 460 0
5794 227 0
5795 513 1
5796 215 1
5797 288 0
5798 402 0
5799 276 1
5800 480 1
5801 226 1
5802 476 1
5803 447 1
5804 49 1
5805 335 1
5806 158 0
5807 28 1
5808 487 0
5809 589 0
5810 533 1
5811 678 1
5812 91 1
5813 437 1
5814 261 0
5815 657 0
5816 269 1
5817 240 0
5818 73 1
5819 7 1
5820 648 1
5821 367 1
5822 267 1
5823 501 1
5824 643 1
5825 529 1
5826 324 0
5827 286 0
5828 306 1
5829 668 1
5830 268 0
5831 370 1
5832 112 0
5833 342 1
5834 598 0
5835 66 1
5836 451 0
5837 413 1
5838 588 0
5839 303 1
5840 365 0
5841 69 1
5842 402 0
5843 165 1
5844 140 1
5845 565 0
5846 292 1
5847 235 1
5848 376 1
5849 349 0
5850 686 1
5851 581 1
5852 379 1
5853 686 1
5854 269 1
5855 330 1
5856 412 0
5857 384 1
5858 514 0
5859 583 0
5860 214 0
5861 123 1
5862 216 0
5863 670 1
5864 465 0
5865 627 1
5866 36 1
5867 649 1
5868 564 1
5869 213 1
5870 686 0
5871 528 0
5872 3 1
5873 45 0
5874 521 0
5875 232 0
5876 137 1
5877 302 1
5878 243 1
5879 6 1
5880 593 0
5881 691 1
5882 672 0
5883 575 0
5884 338 1
5885 202 1
5886 392 1
5887 254 0
5888 473 1
5889 672 1
5890 216 1
5891 91 1
5892 90 1
5893 237 1
5894 667 1
5895 101 1
5896 406 0
5897 252 0
5898 494 1
5899 447 1
5900 676 0
5901 458 0
5902 439 1
5903 295 1
5904 301 1
5905 39 1
5906 232 1
5907 172 0
5908 54 1
5909 414 1
5910 412 0
5911 344 1
5912 139 1
5913 259 1
5914 254 1
5915 67 1
5916 416 0
5917 132 0
5918 298 0
5919 599 1
5920 226 1
5921 417 0
5922 527 1
5923 311 0
5924 289 0
5925 135 1
5926 72 0
5927 580 0
5928 605 0
5929 375 0
5930 606 1
5931 621 1
5932 498 1
5933 9 0
5934 12 1
5935 455 0
5936 535 1
5937 226 1
5938 523 1
5939 6 0
5940 323 1
5941 573 0
5942 150 1
5943 137 1
5944 125 1
5945 674 1
5946 486 0
5947 584 0
5948 410 1
5949 142 0
5950 262 1
5951 190 1
5952 301 1
5953 222 1
5954 14 1
5955 696 0
5956 598 1
5957 263 1
5958 556 1
5959 563 1
5960 443 1
5961 244 0
5962 195 1
5963 275 0
5964 482 0
5965 558 1
5966 315 1
5967 603 1
5968 226 0
5969 31 0
5970 354 1
5971 108 0
5972 130 1
5973 61 1
5974 530 1
5975 668 0
5976 222 1
5977 264 1
5978 102 1
5979 84 1
5980 257 1
5981 160 0
5982 680 0
5983 479 0
5984 419 0
5985 448 1
5986 539 1
5987 86 0
5988 686 0
5989 186 0
5990 301 1
5991 322 1
5992 128 0
5993 231 1
5994 656 1
5995 345 1
5996 17 0
5997 547 0
5998 329 0
5999 435 1
6000 367 0
6001 353 1
6002 499 1
6003 636 1
6004 117 1
6005 534 0
6006 39 1
6007 2 0
6008 274 1
6009 157 1
6010 307 0
6011 676 0
6012 67 1
6013 83 1
6014 381 1
6015 675 1
6016 462 0
6017 486 1
6018 527 1
6019 279 1
6020 78 1
6021 123 0
6022 271 1
6023 43 1
6024 118 0
6025 308 1
6026 461 1
6027 509 1
6028 110 0
6029 684 1
6030 641 0
6031 70 0
6032 49 1
6033 196 1
6034 511 0
6035 281 1
6036 119 0
6037 465 1
6038 60 1
6039 696 1
6040 239 0
6041 133 1
6042 120 0
6043 289 1
6044 66 1
6045 480 1
6046 224 1
6047 641 1
6048 637 1
6049 610 1
6050 373 1
6051 98 0
6052 597 1
6053 643 1
6054 373 1
6055 365 1
6056 475 0
6057 601 1
6058 671 0
6059 584 0
6060 226 0
6061 276 1
6062 674 1
6063 254 1
6064 346 0
6065 122 0
6066 587 0
6067 43 0
6068 85 1
6069 672 1
6070 157 1
6071 130 1
6072 366 0
6073 287 0
6074 454 1
6075 137 1
6076 525 0
6077 660 1
6078 391 1
6079 644 1
6080 140 1
6081 288 0
6082 288 0
6083 513 1
6084 78 1
6085 591 0
6086 583 1
6087 627 1
6088 514 1
6089 349 0
6090 147 1
6091 9 1
6092 429 1
6093 4 0
6094 644 1
6095 618 1
6096 246 0
6097 114 1
6098 527 0
6099 667 0
6100 403 1
6101 370 1
6102 113 1
6103 298 1
6104 44 0
6105 655 1
6106 663 1
6107 393 1
6108 393 1
6109 45 1
6110 576 1
6111 654 0
6112 630 1
6113 417 0
6114 456 1
6115 593 1
6116 475 0
6117 678 1
6118 93 0
6119 275 1
6120 454 1
6121 87 0
6122 425 1
6123 112 0
6124 638 0
6125 688 1
6126 581 0
6127 398 1
6128 242 0
6129 501 1
6130 31 0
6131 390 1
6132 190 1
6133 155 1
6134 176 1
6135 180 1
6136 192 1
6137 349 1
6138 279 1
6139 268 1
6140 378 1
6141 492 1
6142 201 1
6143 62 1
6144 66 1
6145 672 0
6146 18 0
6147 135 1
6148 262 0
6149 23 1
6150 251 1
6151 598 0
6152 1 1
6153 592 1
6154 469 1
6155 257 1
6156 647 1
6157 168 0
6158 1 1
6159 351 0
6160 323 0
6161 395 1
6162 218 1
6163 80 1
6164 579 0
6165 208 1
6166 66 0
6167 106 0
6168 585 0
6169 577 0
6170 618 1
6171 263 1
6172 415 0
6173 474 1
6174 420 1
6175 15 0
6176 680 1
6177 144 1
6178 470 1
6179 669 0
6180 87 1
6181 12 0
6182 286 0
6183 450 0
6184 575 1
6185 287 1
6186 222 1
6187 590 0
6188 41 0
6189 115 1
6190 22 1
6191 35 0
6192 540 0
6193 661 0
6194 634 1
6195 191 1
6196 340 0
6197 405 0
6198 551 1
6199 558 1
6200 243 1
6201 223 1
6202 456 1
6203 163 1
6204 239 1
6205 260 1
6206 637 1
6207 253 1
6208 6 0
6209 548 0
6210 377 1
6211 192 1
6212 474 0
6213 174 0
6214 512 1
6215 284 1
6216 639 1
6217 281 0
6218 382 1
6219 195 1
6220 482 0
6221 172 1
6222 511 1
6223 658 1
6224 170 1
6225 458 0
6226 307 1
6227 95 0
6228 308 1
6229 168 1
6230 63 1
6231 636 1
6232 490 0
6233 399 1
6234 650 1
6235 554 0
6236 111 1
6237 613 0
6238 452 1
6239 669 0
6240 139 1
6241 1 1
6242 138 1
6243 517 1
6244 125 1
6245 327 1
6246 439 0
6247 191 1
6248 12 1
6249 163 0
6250 246 1
6251 626 0
6252 274 1
6253 39 0
6254 172 1
6255 408 0
6256 666 1
6257 47 1
6258 265 1
6259 311 1
6260 551 1
6261 579 1
6262 432 1
6263 281 1
6264 421 1
6265 166 1
6266 691 0
6267 84 0
6268 163 1
6269 52 1
6270 590 1
6271 406 1
6272 629 0
6273 422 1
6274 548 0
6275 585 0
6276 202 1
6277 451 1
6278 296 1
6279 608 0
6280 7 1
6281 445 0
6282 398 0
6283 24 0
6284 641 0
6285 656 1
6286 296 1
6287 620 1
6288 575 0
6289 421 1
6290 606 1
6291 356 1
6292 62 1
6293 273 0
6294 371 1
6295 135 1
6296 486 1
6297 366 0
6298 399 1
6299 506 1
6300 226 1
6301 174 1
6302 115 1
6303 278 0
6304 667 1
6305 645 0
6306 295 0
6307 442 1
6308 640 1
6309 245 0
6310 656 1
6311 449 1
6312 21 1
6313 388 0
6314 37 1
6315 291 1
6316 646 1
6317 315 1
6318 91 0
6319 283 0
6320 581 0
6321 164 1
6322 291 0
6323 65 0
6324 382 0
6325 74 1
6326 450 1
6327 314 1
6328 170 1
6329 422 0
6330 657 0
6331 0 0
6332 11 0
6333 426 1
6334 197 0
6335 391 1
6336 697 0
6337 256 0
6338 223 1
6339 521 1
6340 162 0
6341 475 1
6342 649 1
6343 614 1
6344 552 0
6345 556 1
6346 112 0
6347 174 1
6348 630 0
6349 454 1
6350 140 0
6351 207 1
6352 462 1
6353 657 1
6354 544 0
6355 350 0
6356 605 0
6357 149 1
6358 675 0
6359 205 1
6360 162 1
6361 98 0
6362 148 1
6363 626 1
6364 403 0
6365 207 1
6366 58 0
6367 442 1
6368 637 0
6369 494 1
6370 639 1
6371 19 1
6372 32 0
6373 161 1
6374 691 1
6375 296 1
6376 188 1
6377 187 1
6378 667 1
6379 645 0
6380 496 1
6381 675 1
6382 556 0
6383 364 1
6384 577 1
6385 506 0
6386 534 0
6387 124 0
6388 453 0
6389 334 1
6390 640 1
6391 359 0
6392 554 0
6393 226 0
6394 191 0
6395 654 0
6396 85 0
6397 301 0
6398 337 0
6399 196 0
6400 355 1
6401 492 0
6402 288 1
6403 46 0
6404 661 1
6405 247 1
6406 70 1
6407 262 0
6408 212 1
6409 677 1
6410 191 1
6411 150 0
6412 551 1
6413 677 1
6414 177 0
6415 634 0
6416 408 0
6417 482 1
6418 104 1
6419 269 0
6420 667 0
6421 198 0
6422 182 1
6423 421 1
6424 479 1
6425 557 1
6426 92 0
6427 7 1
6428 219 1
6429 134 0
6430 389 1
6431 459 1
6432 256 0
6433 325 1
6434 529 1
6435 655 1
6436 640 0
6437 294 0
6438 145 1
6439 505 0
6440 646 0
6441 355 1
6442 131 1
6443 213 1
6444 107 1
6445 277 1
6446 176 1
6447 125 0
6448 39 1
6449 93 1
6450 574 1
6451 126 1
6452 433 0
6453 626 1
6454 197 0
6455 492 1
6456 555 0
6457 412 1
6458 270 1
6459 337 0
6460 34 1
6461 633 1
6462 183 0
6463 173 1
6464 268 0
6465 321 1
6466 75 0
6467 417 1
6468 399 0
6469 375 1
6470 306 0
6471 270 0
6472 77 0
6473 378 0
6474 597 1
6475 484 0
6476 162 1
6477 372 1
6478 7 1
6479 97 0
6480 570 1
6481 647 1
6482 397 1
6483 213 1
6484 239 1
6485 452 1
6486 288 0
6487 467 1
6488 693 1
6489 242 1
6490 621 1
6491 54 0
6492 674 0
6493 658 1
6494 31 0
6495 16 1
6496 6 1
6497 78 1
6498 558 1
6499 259 1
6500 182 1
6501 632 1
6502 493 1
6503 136 1
6504 305 1
6505 609 1
6506 635 0
6507 312 1
6508 150 0
6509 352 1
6510 88 0
6511 85 1
6512 562 1
6513 256 0
6514 684 1
6515 279 0
6516 286 0
6517 167 1
6518 371 1
6519 326 1
6520 441 1
6521 205 1
6522 431 1
6523 47 0
6524 79 0
6525 293 1
6526 298 0
6527 20 1
6528 301 0
6529 112 1
6530 550 1
6531 454 1
6532 362 1
6533 205 0
6534 684 0
6535 241 1
6536 298 1
6537 104 1
6538 24 1
6539 371 0
6540 81 1
6541 29 0
6542 103 1
6543 70 0
6544 554 1
6545 690 0
6546 333 1
6547 301 1
6548 127 1
6549 260 1
6550 568 0
6551 538 1
6552 477 1
6553 186 0
6554 552 0
6555 364 1
6556 281 0
6557 542 1
6558 672 1
6559 318 0
6560 554 1
6561 463 1
6562 514 0
6563 413 1
6564 102 1
6565 283 1
6566 475 0
6567 597 1
6568 523 1
6569 515 0
6570 171 1
6571 70 0
6572 104 1
6573 367 0
6574 285 0
6575 136 1
6576 525 0
6577 557 1
6578 195 1
6579 512 1
6580 246 1
6581 28 1
6582 677 1
6583 36 0
6584 239 0
6585 638 1
6586 261 1
6587 622 1
6588 381 1
6589 673 1
6590 276 0
6591 566 0
6592 239 1
6593 673 1
6594 697 1
6595 492 0
6596 342 1
6597 496 1
6598 676 1
6599 582 0
6600 613 1
6601 386 0
6602 289 0
6603 72 1
6604 129 0
6605 398 1
6606 385 1
6607 267 1
6608 690 1
6609 589 1
6610 258 0
6611 692 1
6612 433 1
6613 451 0
6614 82 1
6615 385 1
6616 385 1
6617 401 1
6618 140 0
6619 406 0
6620 278 1
6621 205 1
6622 599 0
6623 119 1
6624 244 0
6625 568 1
6626 621 0
6627 162 1
6628 581 1
6629 295 1
6630 478 0
6631 189 1
6632 512 1
6633 599 0
6634 124 1
6635 223 1
6636 170 1
6637 126 1
6638 430 1
6639 649 1
6640 14 1
6641 236 1
6642 610 0
6643 50 1
6644 314 0
6645 215 1
6646 555 1
6647 17 1
6648 56 1
6649 322 0
6650 211 1
6651 571 0
6652 33 1
6653 211 1
6654 3 1
6655 668 1
6656 439 1
6657 411 0
6658 604 1
6659 602 1
6660 336 1
6661 301 0
6662 283 1
6663 320 1
6664 694 1
6665 278 0
6666 247 0
6667 118 0
6668 379 1
6669 274 1
6670 249 1
6671 629 1
6672 677 1
6673 570 1
6674 562 1
6675 561 1
6676 122 1
6677 380 0
6678 12 1
6679 274 0
6680 403 1
6681 442 0
6682 463 1
6683 461 0
6684 178 0
6685 55 0
6686 508 1
6687 647 0
6688 315 1
6689 600 1
6690 292 0
6691 606 1
6692 626 1
6693 350 1
6694 519 0
6695 404 1
6696 238 0
6697 404 1
6698 467 0
6699 374 0
6700 432 1
6701 603 1
6702 174 1
6703 259 1
6704 370 1
6705 197 1
6706 152 0
6707 138 1
6708 151 1
6709 476 1
6710 643 1
6711 424 1
6712 88 0
6713 184 0
6714 525 0
6715 260 0
6716 48 1
6717 31 0
6718 17 0
6719 241 1
6720 209 1
6721 111 1
6722 301 1
6723 429 1
6724 267 1
6725 653 1
6726 147 1
6727 623 1
6728 508 1
6729 549 1
6730 426 1
6731 123 0
6732 275 1
6733 226 1
6734 203 1
6735 440 1
6736 664 1
6737 63 0
6738 559 1
6739 250 1
6740 457 1
6741 98 0
6742 583 1
6743 369 0
6744 590 1
6745 256 0
6746 330 1
6747 322 1
6748 293 0
6749 657 0
6750 305 1
6751 668 1
6752 9 1
6753 67 0
6754 54 1
6755 226 1
6756 52 0
6757 176 1
6758 576 0
6759 87 1
6760 295 1
6761 315 1
6762 482 0
6763 520 0
6764 245 0
6765 574 1
6766 407 1
6767 351 0
6768 335 1
6769 515 1
6770 25 1
6771 431 1
6772 125 0
6773 471 1
6774 684 0
6775 229 1
6776 431 1
6777 195 0
6778 241 0
6779 292 0
6780 24 0
6781 97 1
6782 698 1
6783 607 1
6784 626 1
6785 25 1
6786 453 1
6787 258 1
6788 124 0
6789 569 1
6790 118 1
6791 378 0
6792 174 0
6793 523 1
6794 119 1
6795 662 1
6796 271 1
6797 334 0
6798 39 1
6799 605 1
6800 653 0
6801 376 0
6802 376 1
6803 45 0
6804 423 1
6805 369 1
6806 245 0
6807 150 0
6808 621 1
6809 594 0
6810 79 1
6811 172 0
6812 377 1
6813 152 0
6814 507 1
6815 141 0
6816 448 1
6817 627 1
6818 211 0
6819 155 1
6820 119 1
6821 6 1
6822 572 1
6823 542 0
6824 589 0
6825 523 1
6826 284 1
6827 550 1
6828 33 1
6829 607 0
6830 61 0
6831 62 1
6832 325 0
6833 393 1
6834 194 1
6835 471 1
6836 603 1
6837 436 1
6838 164 1
6839 31 1
6840 6 1
6841 253 1
6842 82 1
6843 482 0
6844 107 0
6845 186 1
6846 428 1
6847 666 1
6848 698 0
6849 121 1
6850 211 0
6851 265 0
6852 130 0
6853 122 0
6854 269 1
6855 108 1
6856 468 1
6857 97 1
6858 695 1
6859 665 0
6860 259 1
6861 260 1
6862 161 1
6863 273 0
6864 589 1
6865 582 1
6866 47 1
6867 674 1
6868 138 0
6869 2 1
6870 11 1
6871 213 0
6872 2 1
6873 330 1
6874 179 1
6875 559 1
6876 437 1
6877 656 0
6878 578 0
6879 517 0
6880 384 1
6881 328 1
6882 536 1
6883 609 1
6884 630 1
6885 383 0
6886 252 0
6887 650 1
6888 666 1
6889 481 1
6890 566 0
6891 584 1
6892 692 1
6893 662 0
6894 531 1
6895 569 1
6896 640 0
6897 648 1
6898 31 1
6899 453 0
6900 230 0
6901 363 1
6902 263 1
6903 267 1
6904 355 1
6905 605 1
6906 151 0
6907 57 0
6908 93 1
6909 474 0
6910 30 1
6911 142 1
6912 301 0
6913 678 1
6914 408 1
6915 283 1
6916 328 1
6917 652 1
6918 22 0
6919 581 0
6920 29 1
6921 130 1
6922 508 0
6923 83 1
6924 665 0
6925 57 0
6926 660 1
6927 426 1
6928 49 1
6929 354 1
6930 367 1
6931 397 1
6932 115 1
6933 117 1
6934 101 1
6935 274 0
6936 17 0
6937 540 1
6938 350 0
6939 416 0
6940 241 1
6941 541 1
6942 431 1
6943 224 1
6944 203 1
6945 467 0
6946 275 1
6947 96 0
6948 46 1
6949 287 1
6950 671 1
6951 507 1
6952 495 0
6953 503 1
6954 31 0
6955 691 0
6956 223 1
6957 234 0
6958 561 1
6959 664 1
6960 325 0
6961 166 1
6962 598 1
6963 521 1
6964 236 0
6965 551 1
6966 201 0
6967 656 1
6968 466 0
6969 602 1
6970 210 0
6971 59 1
6972 189 1
6973 617 1
6974 510 0
6975 117 1
6976 315 0
6977 267 1
6978 306 1
6979 149 1
6980 657 1
6981 280 0
6982 120 1
6983 616 1
6984 227 0
6985 144 1
6986 644 1
6987 171 0
6988 27 0
6989 186 0
6990 201 0
6991 433 1
6992 346 1
6993 491 0
6994 549 1
6995 495 1
6996 171 0
6997 655 1
6998 543 1
6999 408 1
7000 622 0
7001 39 0
7002 515 0
7003 232 0
7004 529 0
7005 370 1
7006 10 1
7007 79 0
7008 564 1
7009 539 1
7010 41 1
7011 680 1
7012 172 0
7013 34 1
7014 40 1
7015 546 1
7016 283 0
7017 519 1
7018 327 0
7019 402 0
7020 229 1
7021 647 0
7022 406 1
7023 126 1
7024 356 1
7025 215 0
7026 62 1
7027 140 1
7028 593 1
7029 9 0
7030 146 0
7031 585 0
7032 202 1
7033 59 1
7034 686 1
7035 445 1
7036 64 1
7037 214 1
7038 650 0
7039 501 1
7040 67 1
7041 235 1
7042 673 1
7043 122 1
7044 79 0
7045 489 1
7046 675 1
7047 185 1
7048 310 0
7049 237 1
7050 465 1
7051 272 1
7052 378 1
7053 60 1
7054 358 1
7055 396 1
7056 110 1
7057 84 0
7058 67 1
7059 639 0
7060 96 0
7061 601 1
7062 335 0
7063 251 1
7064 91 1
7065 473 1
7066 3 1
7067 615 0
7068 533 1
7069 469 1
7070 69 0
7071 147 1
7072 88 0
7073 22 0
7074 666 0
7075 531 1
7076 391 1
7077 366 1
7078 280 1
7079 203 0
7080 166 1
7081 457 0
7082 252 0
7083 80 1
7084 110 1
7085 508 0
7086 476 0
7087 587 1
7088 417 0
7089 249 1
7090 101 1
7091 208 0
7092 46 0
7093 279 1
7094 251 1
7095 228 0
7096 218 1
7097 587 0
7098 348 1
7099 87 1
7100 49 1
7101 167 0
7102 312 0
7103 149 1
7104 194 0
7105 644 1
7106 10 1
7107 547 0
7108 257 1
7109 142 0
7110 139 1
7111 228 1
7112 344 1
7113 357 0
7114 314 0
7115 211 1
7116 101 1
7117 647 1
7118 663 1
7119 672 0
7120 26 1
7121 442 1
7122 301 1
7123 81 1
7124 646 1
7125 369 1
7126 352 1
7127 202 1
7128 243 0
7129 449 0
7130 65 1
7131 451 1
7132 570 0
7133 109 1
7134 27 1
7135 452 0
7136 230 1
7137 78 1
7138 16 1
7139 392 0
7140 611 0
7141 508 1
7142 189 1
7143 20 0
7144 102 1
7145 520 0
7146 661 1
7147 92 1
7148 203 1
7149 596 0
7150 512 1
7151 43 1
7152 305 0
7153 106 0
7154 509 1
7155 514 0
7156 319 1
7157 444 1
7158 95 0
7159 0 1
7160 693 1
7161 123 0
7162 553 1
7163 18 0
7164 645 1
7165 46 1
7166 25 1
7167 32 1
7168 439 1
7169 181 1
7170 395 1
7171 200 0
7172 80 0
7173 53 0
7174 169 1
7175 131 1
7176 334 1
7177 578 1
7178 698 1
7179 4 1
7180 42 0
7181 162 1
7182 598 0
7183 626 1
7184 92 1
7185 118 0
7186 335 0
7187 33 1
7188 252 1
7189 349 1
7190 599 1
7191 343 1
7192 264 1
7193 181 0
7194 349 1
7195 666 1
7196 693 1
7197 218 1
7198 83 0
7199 690 0
7200 254 1
7201 423 1
7202 415 0
7203 64 1
7204 302 1
7205 618 1
7206 423 0
7207 665 1
7208 244 1
7209 10 0
7210 561 0
7211 45 1
7212 336 0
7213 208 1
7214 637 1
7215 354 1
7216 296 1
7217 541 1
7218 294 0
7219 210 0
7220 79 1
7221 100 1
7222 152 1
7223 21 1
7224 443 1
7225 520 1
7226 238 1
7227 620 0
7228 587 0
7229 283 0
7230 88 1
7231 477 0
7232 475 1
7233 627 1
7234 685 1
7235 196 1
7236 27 0
7237 98 1
7238 122 0
7239 106 1
7240 610 0
7241 400 0
7242 251 1
7243 13 1
7244 211 1
7245 194 1
7246 692 1
7247 214 1
7248 522 1
7249 297 0
7250 510 0
7251 103 1
7252 549 0
7253 476 1
7254 310 1
7255 67 1
7256 268 0
7257 129 1
7258 549 1
7259 188 0
7260 667 0
7261 589 1
7262 114 1
7263 659 0
7264 476 0
7265 204 1
7266 282 1
7267 584 1
7268 498 0
7269 334 1
7270 473 0
7271 330 1
7272 628 0
7273 91 1
7274 132 0
7275 298 1
7276 420 0
7277 291 1
7278 523 0
7279 460 1
7280 40 1
7281 118 1
7282 33 1
7283 683 0
7284 593 1
7285 640 1
7286 250 1
7287 409 1
7288 489 1
7289 646 1
7290 309 1
7291 252 1
7292 663 1
7293 553 1
7294 325 0
7295 547 1
7296 510 1
7297 217 0
7298 427 1
7299 604 1
7300 50 1
7301 218 1
7302 346 1
7303 239 1
7304 657 1
7305 288 0
7306 660 1
7307 285 1
7308 613 0
7309 172 0
7310 684 1
7311 364 0
7312 444 1
7313 568 0
7314 543 0
7315 493 1
7316 548 0
7317 653 1
7318 169 1
7319 90 0
7320 379 1
7321 382 1
7322 448 1
7323 25 1
7324 338 1
7325 591 1
7326 676 1
7327 348 1
7328 597 1
7329 594 1
7330 220 1
7331 565 1
7332 160 1
7333 23 1
7334 242 1
7335 216 1
7336 251 0
7337 21 1
7338 98 0
7339 122 1
7340 4 1
7341 289 0
7342 500 1
7343 403 1
7344 384 1
7345 370 1
7346 447 0
7347 432 1
7348 285 0
7349 696 1
7350 327 1
7351 678 1
7352 572 1
7353 109 0
7354 505 0
7355 636 1
7356 5 1
7357 21 1
7358 622 1
7359 433 1
7360 482 1
7361 200 0
7362 340 1
7363 597 1
7364 147 0
7365 682 0
7366 97 0
7367 113 0
7368 421 1
7369 170 0
7370 212 0
7371 267 1
7372 92 0
7373 252 1
7374 242 1
7375 81 1
7376 91 1
7377 15 1
7378 443 1
7379 117 0
7380 267 0
7381 125 1
7382 521 1
7383 564 1
7384 689 1
7385 230 1
7386 601 1
7387 649 1
7388 315 0
7389 697 1
7390 647 1
7391 342 0
7392 590 0
7393 231 1
7394 500 1
7395 455 1
7396 208 1
7397 192 0
7398 348 0
7399 33 1
7400 550 1
7401 299 1
7402 290 1
7403 435 1
7404 211 0
7405 693 1
7406 512 0
7407 428 1
7408 224 1
7409 268 1
7410 538 1
7411 82 1
7412 363 0
7413 307 1
7414 560 1
7415 109 1
7416 134 1
7417 623 1
7418 188 1
7419 90 1
7420 93 1
7421 317 1
7422 180 0
7423 69 1
7424 465 1
7425 189 1
7426 120 1
7427 352 1
7428 76 1
7429 25 0
7430 60 0
7431 109 0
7432 73 0
7433 379 0
7434 622 1
7435 648 1
7436 313 1
7437 381 1
7438 72 1
7439 427 1
7440 547 1
7441 372 0
7442 419 1
7443 452 1
7444 444 0
7445 192 0
7446 371 1
7447 229 1
7448 564 1
7449 464 1
7450 608 1
7451 33 1
7452 439 0
7453 245 1
7454 625 1
7455 579 1
7456 349 1
7457 442 1
7458 37 1
7459 324 1
7460 662 1
7461 516 1
7462 348 1
7463 309 0
7464 185 0
7465 230 0
7466 18 1
7467 545 1
7468 437 1
7469 498 0
7470 293 1
7471 367 1
7472 391 1
7473 242 1
7474 65 1
7475 440 0
7476 613 0
7477 592 1
7478 532 1
7479 5 0
7480 505 1
7481 570 1
7482 28 0
7483 40 1
7484 37 1
7485 588 0
7486 677 1
7487 34 1
7488 596 1
7489 327 1
7490 602 0
7491 220 1
7492 84 0
7493 537 1
7494 544 1
7495 394 0
7496 536 1
7497 633 1
7498 212 0
7499 90 1
7500 272 1
7501 569 1
7502 236 1
7503 378 1
7504 409 1
7505 554 1
7506 533 1
7507 587 1
7508 646 1
7509 66 1
7510 27 0
7511 600 1
7512 256 1
7513 658 1
7514 39 1
7515 8 1
7516 258 1
7517 92 1
7518 11 0
7519 387 1
7520 7 1
7521 492 1
7522 76 0
7523 689 1
7524 565 1
7525 273 1
7526 275 0
7527 216 0
7528 10 0
7529 290 0
7530 453 0
7531 590 1
7532 405 1
7533 267 1
7534 682 1
7535 595 0
7536 656 1
7537 291 1
7538 528 0
7539 515 1
7540 96 1
7541 46 0
7542 264 1
7543 662 1
7544 666 1
7545 83 1
7546 81 1
7547 422 1
7548 186 1
7549 432 1
7550 174 0
7551 390 1
7552 476 1
7553 623 1
7554 492 1
7555 458 1
7556 528 1
7557 489 0
7558 526 1
7559 357 1
7560 7 0
7561 204 1
7562 644 0
7563 105 1
7564 146 1
7565 530 1
7566 397 1
7567 211 0
7568 203 1
7569 239 0
7570 104 1
7571 114 0
7572 491 0
7573 485 1
7574 358 1
7575 572 1
7576 343 1
7577 683 1
7578 233 1
7579 178 0
7580 158 1
7581 229 0
7582 460 0
7583 488 1
7584 105 0
7585 419 1
7586 485 0
7587 372 1
7588 439 1
7589 355 1
7590 61 1
7591 692 1
7592 64 1
7593 451 0
7594 297 1
7595 435 0
7596 169 1
7597 70 1
7598 165 0
7599 354 0
7600 346 1
7601 10 0
7602 608 1
7603 168 1
7604 300 1
7605 205 1
7606 282 1
7607 54 1
7608 635 1
7609 403 1
7610 664 1
7611 447 1
7612 564 1
7613 54 0
7614 135 0
7615 301 1
7616 12 1
7617 143 1
7618 453 0
7619 29 1
7620 366 1
7621 403 1
7622 193 0
7623 284 1
7624 492 0
7625 121 0
7626 587 1
7627 581 0
7628 145 1
7629 482 1
7630 344 1
7631 63 1
7632 156 1
7633 37 1
7634 277 0
7635 652 0
7636 531 1
7637 352 1
7638 115 0
7639 383 1
7640 155 0
7641 125 1
7642 602 0
7643 495 0
7644 642 0
7645 557 1
7646 123 1
7647 403 1
7648 586 1
7649 647 1
7650 37 0
7651 338 1
7652 487 1
7653 123 1
7654 627 1
7655 40 1
7656 540 1
7657 356 1
7658 402 1
7659 21 1
7660 191 1
7661 392 0
7662 259 1
7663 123 1
7664 67 0
7665 311 1
7666 431 0
7667 203 0
7668 170 0
7669 351 1
7670 134 1
7671 640 1
7672 316 0
7673 178 1
7674 680 1
7675 125 1
7676 537 0
7677 16 0
7678 373 0
7679 244 1
7680 668 1
7681 303 0
7682 264 1
7683 378 1
7684 363 1
7685 292 1
7686 181 1
7687 2 1
7688 61 0
7689 276 1
7690 139 1
7691 672 1
7692 678 1
7693 75 0
7694 586 1
7695 551 1
7696 634 0
7697 245 1
7698 421 0
7699 393 1
7700 184 0
7701 582 1
7702 449 1
7703 622 0
7704 524 0
7705 541 0
7706 360 0
7707 170 0
7708 263 1
7709 450 1
7710 325 0
7711 465 1
7712 216 1
7713 689 0
7714 166 1
7715 23 1
7716 599 1
7717 246 0
7718 250 1
7719 619 1
7720 597 1
7721 497 1
7722 505 1
7723 127 0
7724 672 1
7725 449 1
7726 409 1
7727 89 1
7728 456 1
7729 564 0
7730 692 1
7731 503 0
7732 253 1
7733 472 1
7734 677 0
7735 566 1
7736 383 0
7737 593 1
7738 92 1
7739 18 1
7740 129 0
7741 364 1
7742 671 0
7743 224 1
7744 62 1
7745 581 1
7746 437 0
7747 179 1
7748 194 1
7749 254 0
7750 104 0
7751 506 0
7752 16 1
7753 436 1
7754 651 0
7755 402 1
7756 681 1
7757 607 1
7758 279 1
7759 612 0
7760 452 1
7761 627 0
7762 638 1
7763 639 1
7764 517 1
7765 64 0
7766 545 1
7767 639 1
7768 272 1
7769 199 1
7770 361 1
7771 64 1
7772 199 1
7773 57 1
7774 334 1
7775 350 0
7776 223 1
7777 36 1
7778 144 1
7779 54 0
7780 629 1
7781 114 0
7782 689 1
7783 566 0
7784 660 1
7785 245 0
7786 198 1
7787 425 1
7788 510 1
7789 634 1
7790 682 0
7791 691 1
7792 323 1
7793 128 0
7794 464 1
7795 660 1
7796 530 1
7797 400 0
7798 130 0
7799 541 1
7800 563 0
7801 642 0
7802 625 1
7803 218 1
7804 611 1
7805 113 0
7806 668 0
7807 560 0
7808 363 1
7809 291 0
7810 631 1
7811 53 1
7812 327 1
7813 513 1
7814 250 1
7815 307 1
7816 672 1
7817 634 1
7818 150 0
7819 95 0
7820 536 1
7821 415 1
7822 73 0
7823 557 1
7824 496 1
7825 324 0
7826 630 1
7827 420 1
7828 360 1
7829 475 1
7830 349 0
7831 484 0
7832 564 1
7833 679 1
7834 103 1
7835 535 1
7836 43 0
7837 204 1
7838 58 1
7839 312 1
7840 670 1
7841 512 1
7842 543 1
7843 391 1
7844 227 1
7845 573 1
7846 480 1
7847 428 1
7848 308 1
7849 589 1
7850 244 1
7851 110 1
7852 207 1
7853 163 1
7854 136 1
7855 350 0
7856 641 0
7857 11 0
7858 156 1
7859 448 1
7860 328 1
7861 490 1
7862 440 1
7863 684 1
7864 388 0
7865 689 0
7866 60 0
7867 208 1
7868 643 1
7869 63 1
7870 605 0
7871 418 1
7872 106 1
7873 562 1
7874 590 1
7875 177 1
7876 393 0
7877 88 1
7878 417 0
7879 412 1
7880 637 1
7881 27 1
7882 261 1
7883 25 1
