7639
1 136 1
2 115 0
3 85 1
4 42 1
5 121 1
6 127 1
7 109 1
8 76 1
9 126 1
10 136 0
11 68 0
12 129 1
13 80 0
14 73 1
15 85 1
16 102 0
17 108 1
18 117 1
19 106 0
20 142 1
21 123 1
22 119 0
23 37 1
24 74 1
25 120 1
26 76 1
27 80 1
28 123 1
29 20 1
30 31 0
31 75 1
32 27 1
33 5 1
34 129 0
35 107 0
36 45 0
37 45 1
38 117 0
39 14 1
40 50 1
41 108 0
42 128 1
43 84 0
44 101 0
45 49 1
46 60 1
47 18 0
48 112 1
49 36 1
50 89 1
51 70 0
52 28 1
53 51 0
54 2 0
55 42 1
56 56 1
57 80 0
58 91 1
59 89 0
60 119 1
61 129 0
62 67 1
63 71 1
64 125 1
65 127 0
66 106 1
67 3 0
68 65 0
69 83 1
70 74 1
71 21 0
72 29 0
73 119 0
74 18 1
75 65 1
76 99 0
77 23 1
78 145 1
79 51 1
80 5 1
81 88 0
82 128 0
83 50 1
84 100 0
85 64 1
86 64 0
87 56 1
88 141 1
89 115 1
90 136 0
91 101 1
92 28 1
93 107 1
94 121 0
95 145 0
96 37 0
97 43 1
98 128 1
99 111 1
100 129 1
101 4 0
102 13 0
103 38 1
104 40 1
105 118 0
106 138 1
107 117 1
108 96 0
109 93 1
110 83 1
111 149 1
112 125 0
113 90 1
114 89 0
115 136 1
116 32 1
117 14 0
118 57 1
119 4 1
120 11 1
121 78 1
122 93 1
123 68 0
124 22 0
125 10 0
126 1 1
127 30 1
128 5 0
129 86 1
130 126 1
131 65 1
132 16 0
133 8 1
134 87 1
135 74 0
136 36 0
137 149 0
138 100 1
139 71 1
140 131 1
141 130 1
142 44 1
143 63 0
144 131 0
145 46 1
146 123 0
147 18 0
148 145 1
149 116 0
150 90 1
151 134 0
152 42 1
153 7 0
154 6 0
155 18 1
156 62 1
157 22 1
158 9 0
159 110 1
160 137 0
161 51 0
162 72 0
163 55 1
164 49 1
165 104 0
166 61 1
167 17 1
168 78 0
169 50 1
170 58 1
171 124 1
172 119 0
173 31 1
174 134 0
175 72 1
176 50 1
177 135 0
178 49 1
179 92 0
180 113 1
181 140 1
182 140 0
183 81 1
184 136 1
185 55 1
186 4 0
187 119 0
188 26 1
189 55 0
190 142 0
191 34 0
192 55 0
193 67 1
194 13 1
195 104 1
196 9 1
197 52 1
198 56 1
199 121 1
200 18 0
201 139 1
202 108 0
203 48 1
204 108 0
205 98 1
206 133 0
207 98 1
208 54 1
209 96 1
210 129 1
211 96 1
212 47 1
213 40 1
214 133 1
215 47 1
216 142 1
217 75 0
218 46 0
219 38 0
220 129 1
221 60 1
222 21 0
223 104 1
224 127 1
225 98 1
226 2 1
227 147 0
228 43 0
229 2 1
230 3 1
231 131 1
232 138 0
233 101 1
234 134 0
235 92 1
236 27 0
237 29 1
238 114 0
239 79 0
240 85 1
241 100 0
242 71 1
243 39 1
244 88 0
245 95 0
246 144 1
247 40 1
248 140 1
249 69 1
250 32 0
251 42 0
252 117 1
253 11 1
254 9 1
255 75 1
256 117 1
257 84 1
258 76 1
259 107 1
260 68 0
261 8 1
262 136 1
263 96 1
264 144 1
265 2 0
266 79 1
267 40 1
268 70 0
269 30 1
270 43 1
271 127 0
272 136 1
273 55 1
274 140 1
275 129 0
276 19 1
277 74 0
278 41 0
279 33 0
280 88 1
281 16 1
282 34 1
283 117 1
284 10 0
285 137 0
286 109 1
287 18 0
288 33 1
289 8 1
290 137 0
291 133 0
292 78 0
293 64 1
294 129 0
295 109 0
296 88 1
297 138 1
298 83 0
299 31 0
300 108 1
301 49 1
302 139 1
303 13 1
304 94 0
305 97 1
306 112 1
307 140 1
308 91 1
309 15 1
310 107 1
311 41 1
312 1 1
313 121 1
314 140 1
315 80 1
316 125 1
317 16 0
318 52 0
319 39 1
320 4 1
321 130 0
322 21 0
323 12 1
324 129 1
325 85 0
326 54 1
327 33 1
328 109 1
329 94 1
330 111 1
331 100 1
332 10 1
333 5 0
334 99 1
335 111 0
336 134 0
337 75 1
338 114 0
339 118 1
340 68 1
341 82 1
342 82 1
343 80 0
344 74 1
345 43 1
346 3 0
347 24 1
348 63 0
349 77 0
350 125 0
351 69 0
352 32 1
353 17 1
354 35 1
355 141 0
356 143 1
357 128 1
358 91 1
359 18 1
360 36 1
361 5 1
362 8 0
363 54 0
364 111 1
365 135 0
366 123 1
367 1 1
368 100 0
369 53 0
370 56 1
371 89 0
372 20 0
373 26 1
374 27 0
375 81 1
376 60 1
377 5 1
378 18 1
379 42 1
380 46 0
381 21 1
382 134 0
383 77 0
384 40 1
385 122 0
386 130 1
387 47 1
388 30 0
389 14 1
390 72 1
391 74 1
392 135 1
393 4 1
394 93 0
395 36 1
396 28 1
397 62 1
398 33 0
399 148 0
400 74 1
401 72 0
402 135 1
403 107 0
404 147 0
405 26 1
406 118 1
407 103 1
408 83 1
409 9 1
410 56 1
411 120 1
412 108 1
413 148 1
414 126 1
415 65 0
416 71 1
417 59 0
418 60 1
419 124 0
420 39 1
421 28 0
422 3 1
423 64 1
424 89 1
425 67 1
426 73 0
427 131 0
428 122 0
429 75 0
430 79 0
431 4 1
432 81 0
433 57 1
434 131 0
435 3 0
436 83 0
437 131 0
438 65 1
439 75 0
440 22 0
441 51 1
442 82 1
443 81 1
444 115 1
445 8 0
446 49 0
447 97 0
448 76 0
449 77 0
450 87 1
451 32 1
452 66 0
453 10 0
454 111 1
455 136 1
456 130 0
457 33 1
458 76 1
459 70 0
460 75 0
461 139 1
462 90 1
463 60 1
464 143 1
465 28 1
466 21 1
467 55 1
468 125 1
469 70 1
470 53 1
471 122 1
472 100 0
473 147 1
474 126 0
475 121 1
476 99 1
477 78 1
478 98 0
479 10 1
480 27 1
481 126 1
482 52 0
483 137 0
484 149 0
485 16 1
486 67 1
487 85 0
488 98 0
489 45 1
490 5 1
491 28 0
492 28 1
493 143 0
494 147 0
495 22 1
496 145 0
497 125 1
498 133 0
499 127 1
500 71 1
501 34 1
502 34 1
503 59 0
504 57 0
505 11 1
506 22 1
507 16 1
508 100 1
509 32 1
510 117 1
511 23 1
512 6 0
513 114 1
514 13 1
515 122 1
516 137 1
517 28 1
518 80 0
519 56 1
520 41 0
521 102 1
522 61 1
523 67 1
524 83 0
525 62 0
526 56 1
527 117 1
528 39 1
529 104 1
530 75 1
531 91 1
532 38 1
533 136 1
534 56 0
535 60 1
536 64 1
537 114 1
538 86 1
539 39 1
540 85 0
541 121 1
542 90 0
543 59 1
544 73 0
545 135 0
546 45 1
547 113 1
548 98 1
549 5 1
550 43 0
551 56 1
552 33 0
553 136 1
554 58 0
555 40 1
556 81 0
557 140 0
558 100 1
559 104 1
560 64 1
561 74 1
562 69 1
563 94 1
564 38 1
565 126 0
566 119 1
567 143 0
568 106 1
569 75 0
570 11 1
571 112 0
572 29 1
573 68 1
574 2 0
575 107 1
576 66 1
577 77 1
578 22 0
579 107 1
580 75 1
581 147 1
582 18 1
583 53 1
584 74 0
585 93 0
586 48 1
587 80 1
588 59 1
589 10 1
590 124 1
591 30 0
592 102 0
593 130 0
594 83 0
595 40 1
596 73 0
597 7 0
598 81 1
599 20 1
600 90 0
601 91 1
602 70 1
603 117 0
604 71 1
605 93 0
606 49 0
607 138 1
608 36 1
609 132 1
610 10 1
611 30 0
612 113 1
613 129 0
614 149 0
615 101 1
616 14 1
617 130 0
618 115 1
619 115 1
620 81 0
621 134 1
622 137 0
623 87 1
624 143 0
625 142 1
626 144 0
627 139 1
628 13 0
629 53 1
630 19 0
631 4 0
632 99 0
633 19 1
634 35 1
635 3 0
636 50 0
637 52 1
638 12 0
639 60 1
640 110 0
641 61 1
642 29 0
643 16 1
644 71 0
645 55 1
646 29 1
647 78 1
648 147 1
649 95 0
650 37 0
651 51 1
652 86 1
653 26 1
654 144 1
655 6 1
656 92 0
657 14 1
658 20 1
659 66 0
660 54 1
661 137 0
662 134 1
663 62 1
664 117 1
665 65 1
666 8 1
667 45 0
668 122 1
669 95 1
670 59 0
671 26 1
672 71 0
673 25 0
674 122 1
675 39 1
676 16 0
677 12 1
678 46 0
679 33 1
680 36 0
681 70 1
682 118 0
683 41 1
684 89 1
685 63 1
686 140 1
687 52 1
688 31 1
689 107 1
690 71 0
691 83 1
692 75 1
693 140 1
694 72 1
695 134 1
696 25 1
697 2 1
698 72 0
699 89 1
700 83 0
701 61 0
702 92 1
703 89 0
704 94 1
705 30 0
706 94 1
707 57 1
708 110 0
709 42 1
710 26 0
711 140 1
712 35 1
713 148 0
714 141 1
715 20 1
716 90 1
717 101 1
718 0 0
719 59 1
720 40 1
721 63 1
722 104 1
723 56 0
724 123 1
725 149 0
726 80 1
727 4 1
728 86 1
729 125 0
730 141 1
731 7 0
732 31 1
733 69 0
734 103 0
735 27 1
736 119 1
737 31 1
738 68 1
739 39 1
740 88 1
741 144 0
742 80 1
743 36 1
744 52 1
745 48 1
746 110 1
747 79 1
748 66 1
749 75 1
750 28 1
751 66 1
752 148 1
753 122 1
754 86 1
755 9 0
756 50 1
757 147 0
758 53 0
759 101 1
760 148 0
761 4 1
762 106 0
763 3 1
764 134 1
765 147 1
766 83 0
767 10 1
768 114 1
769 147 0
770 47 1
771 29 1
772 113 1
773 84 1
774 14 0
775 75 0
776 86 1
777 76 1
778 66 0
779 19 1
780 59 1
781 115 0
782 33 0
783 126 0
784 63 1
785 100 0
786 136 0
787 63 1
788 58 1
789 116 1
790 32 1
791 40 1
792 76 0
793 115 0
794 149 0
795 146 1
796 53 1
797 103 1
798 42 1
799 84 1
800 60 0
801 19 0
802 65 0
803 146 1
804 132 1
805 1 0
806 11 1
807 87 1
808 111 1
809 131 1
810 88 1
811 70 0
812 43 1
813 78 0
814 58 1
815 92 0
816 46 0
817 66 0
818 50 1
819 137 1
820 32 1
821 0 0
822 133 0
823 130 1
824 93 1
825 54 0
826 94 0
827 23 1
828 51 1
829 73 1
830 15 0
831 31 1
832 133 1
833 127 1
834 114 1
835 19 1
836 57 1
837 91 1
838 61 0
839 37 1
840 136 1
841 89 1
842 20 1
843 121 0
844 18 1
845 134 1
846 14 0
847 147 1
848 67 1
849 135 1
850 140 1
851 132 1
852 129 1
853 140 1
854 47 1
855 149 1
856 72 1
857 68 1
858 5 1
859 66 0
860 136 1
861 10 1
862 20 1
863 4 0
864 33 1
865 21 1
866 47 1
867 77 1
868 128 1
869 20 1
870 48 1
871 13 0
872 10 1
873 116 1
874 23 1
875 142 0
876 135 1
877 113 0
878 62 1
879 145 1
880 10 1
881 126 1
882 123 1
883 37 1
884 23 0
885 81 1
886 129 1
887 94 1
888 130 0
889 109 1
890 47 1
891 116 0
892 59 1
893 142 1
894 1 0
895 21 1
896 108 1
897 22 0
898 5 1
899 40 1
900 71 1
901 53 0
902 20 1
903 92 1
904 12 1
905 107 1
906 108 1
907 144 1
908 8 0
909 40 1
910 26 0
911 73 1
912 65 0
913 21 1
914 109 1
915 0 1
916 136 1
917 133 1
918 6 1
919 110 1
920 81 0
921 78 1
922 146 1
923 108 1
924 110 0
925 15 1
926 67 0
927 76 1
928 138 1
929 105 1
930 112 0
931 82 0
932 61 1
933 7 1
934 147 1
935 138 0
936 139 1
937 20 1
938 92 1
939 42 0
940 133 1
941 143 1
942 100 1
943 85 1
944 120 1
945 140 0
946 47 1
947 83 1
948 144 0
949 130 1
950 63 1
951 70 0
952 138 1
953 142 1
954 22 1
955 35 0
956 144 1
957 108 1
958 52 1
959 84 1
960 37 0
961 7 1
962 102 1
963 148 1
964 36 1
965 140 0
966 51 1
967 106 1
968 104 0
969 22 1
970 132 0
971 138 1
972 137 1
973 70 1
974 94 0
975 114 0
976 132 1
977 119 0
978 15 1
979 134 1
980 49 1
981 104 1
982 86 1
983 42 1
984 8 1
985 23 1
986 121 1
987 19 0
988 10 0
989 102 1
990 147 1
991 139 1
992 89 0
993 17 1
994 75 0
995 11 0
996 28 1
997 127 1
998 26 0
999 11 0
1000 83 0
1001 77 1
1002 149 1
1003 116 1
1004 89 0
1005 17 1
1006 36 1
1007 117 1
1008 16 0
1009 85 0
1010 37 1
1011 19 1
1012 62 1
1013 134 1
1014 67 1
1015 24 1
1016 81 0
1017 8 1
1018 101 1
1019 142 1
1020 147 0
1021 126 1
1022 119 0
1023 113 1
1024 31 1
1025 30 1
1026 47 1
1027 88 1
1028 46 0
1029 1 1
1030 119 1
1031 16 1
1032 82 1
1033 32 0
1034 52 0
1035 73 1
1036 40 0
1037 135 1
1038 96 0
1039 47 1
1040 102 0
1041 149 1
1042 128 1
1043 63 1
1044 113 1
1045 40 1
1046 44 1
1047 86 1
1048 134 1
1049 9 0
1050 0 1
1051 39 1
1052 85 0
1053 50 0
1054 26 0
1055 112 0
1056 78 1
1057 29 0
1058 3 1
1059 34 1
1060 111 0
1061 55 1
1062 86 1
1063 34 1
1064 65 1
1065 60 1
1066 132 1
1067 7 1
1068 26 1
1069 1 1
1070 110 1
1071 82 1
1072 127 0
1073 146 0
1074 8 0
1075 104 0
1076 7 1
1077 27 0
1078 1 1
1079 117 1
1080 110 1
1081 85 1
1082 81 1
1083 62 1
1084 53 1
1085 62 1
1086 78 0
1087 51 0
1088 60 1
1089 141 1
1090 31 1
1091 90 1
1092 104 0
1093 86 0
1094 132 0
1095 126 1
1096 133 1
1097 87 1
1098 57 1
1099 74 1
1100 114 1
1101 123 0
1102 84 0
1103 1 1
1104 25 1
1105 116 0
1106 139 1
1107 147 1
1108 76 1
1109 3 1
1110 40 1
1111 105 0
1112 48 0
1113 140 1
1114 146 1
1115 117 1
1116 4 0
1117 108 1
1118 68 1
1119 135 0
1120 55 1
1121 51 1
1122 60 0
1123 91 1
1124 35 0
1125 148 1
1126 81 1
1127 0 0
1128 101 1
1129 84 0
1130 60 1
1131 64 1
1132 43 1
1133 55 0
1134 33 1
1135 106 1
1136 96 1
1137 86 1
1138 10 1
1139 96 0
1140 25 1
1141 74 1
1142 100 1
1143 85 1
1144 19 1
1145 5 1
1146 24 1
1147 46 1
1148 144 1
1149 80 0
1150 96 1
1151 70 0
1152 95 1
1153 2 1
1154 86 0
1155 105 1
1156 94 0
1157 21 0
1158 7 1
1159 50 0
1160 79 1
1161 8 1
1162 79 1
1163 72 1
1164 110 1
1165 54 0
1166 90 1
1167 52 0
1168 85 0
1169 96 1
1170 54 1
1171 87 1
1172 133 1
1173 148 0
1174 19 0
1175 121 1
1176 58 0
1177 6 0
1178 138 1
1179 112 1
1180 133 0
1181 109 1
1182 95 1
1183 11 1
1184 72 1
1185 57 1
1186 61 0
1187 80 1
1188 57 0
1189 87 1
1190 28 1
1191 128 1
1192 141 1
1193 125 1
1194 115 0
1195 33 1
1196 58 1
1197 73 0
1198 10 1
1199 39 1
1200 94 1
1201 112 1
1202 143 0
1203 50 0
1204 120 1
1205 28 0
1206 149 1
1207 137 0
1208 141 0
1209 74 0
1210 4 0
1211 8 0
1212 54 1
1213 19 1
1214 68 1
1215 49 1
1216 56 0
1217 18 1
1218 105 0
1219 1 1
1220 61 1
1221 28 0
1222 36 1
1223 5 1
1224 133 1
1225 139 1
1226 89 1
1227 3 1
1228 130 0
1229 11 1
1230 34 0
1231 114 1
1232 26 1
1233 42 0
1234 57 1
1235 11 1
1236 125 1
1237 81 1
1238 60 1
1239 44 1
1240 67 0
1241 83 1
1242 82 1
1243 103 1
1244 63 1
1245 14 0
1246 130 1
1247 91 0
1248 64 0
1249 138 0
1250 131 0
1251 142 1
1252 45 0
1253 124 1
1254 113 1
1255 52 1
1256 6 0
1257 141 1
1258 124 1
1259 106 1
1260 111 0
1261 38 1
1262 52 1
1263 98 1
1264 66 0
1265 42 1
1266 92 1
1267 109 0
1268 61 1
1269 146 1
1270 56 0
1271 106 0
1272 85 1
1273 54 1
1274 94 1
1275 52 0
1276 32 1
1277 101 1
1278 121 1
1279 4 0
1280 89 1
1281 39 0
1282 132 1
1283 72 1
1284 36 0
1285 119 1
1286 18 1
1287 57 1
1288 75 1
1289 65 0
1290 75 0
1291 127 0
1292 109 0
1293 145 1
1294 81 1
1295 72 0
1296 46 0
1297 6 0
1298 64 0
1299 124 1
1300 48 1
1301 94 1
1302 72 1
1303 72 1
1304 67 1
1305 69 0
1306 59 1
1307 54 1
1308 78 1
1309 105 1
1310 50 0
1311 81 1
1312 92 1
1313 27 1
1314 68 0
1315 8 1
1316 148 0
1317 137 1
1318 7 1
1319 119 1
1320 53 1
1321 21 1
1322 38 0
1323 136 1
1324 126 1
1325 27 1
1326 72 1
1327 76 1
1328 99 0
1329 73 1
1330 8 0
1331 88 1
1332 87 1
1333 30 1
1334 89 1
1335 122 1
1336 142 1
1337 6 1
1338 122 0
1339 49 1
1340 136 1
1341 26 1
1342 87 1
1343 126 1
1344 108 1
1345 8 0
1346 131 0
1347 128 1
1348 74 1
1349 64 0
1350 112 0
1351 6 1
1352 135 1
1353 134 1
1354 110 1
1355 107 1
1356 64 1
1357 5 1
1358 137 1
1359 142 0
1360 83 1
1361 68 0
1362 96 1
1363 87 1
1364 9 0
1365 87 1
1366 142 1
1367 75 1
1368 60 1
1369 136 1
1370 47 0
1371 117 1
1372 128 1
1373 67 0
1374 58 1
1375 16 1
1376 59 0
1377 9 1
1378 85 1
1379 130 1
1380 52 1
1381 66 1
1382 63 1
1383 74 1
1384 6 1
1385 144 1
1386 56 1
1387 67 0
1388 89 0
1389 52 1
1390 43 0
1391 92 1
1392 55 0
1393 113 0
1394 2 0
1395 137 1
1396 11 1
1397 1 1
1398 98 1
1399 100 1
1400 89 1
1401 59 1
1402 61 1
1403 30 1
1404 12 1
1405 102 1
1406 53 1
1407 111 1
1408 100 0
1409 52 1
1410 71 1
1411 7 0
1412 48 1
1413 111 1
1414 37 0
1415 54 1
1416 11 1
1417 24 1
1418 142 1
1419 26 1
1420 39 0
1421 14 1
1422 75 1
1423 102 0
1424 4 1
1425 30 0
1426 96 1
1427 60 1
1428 0 1
1429 42 1
1430 88 1
1431 119 1
1432 112 1
1433 125 1
1434 48 1
1435 10 0
1436 32 1
1437 29 0
1438 52 0
1439 86 0
1440 37 1
1441 34 1
1442 109 0
1443 30 1
1444 69 1
1445 101 1
1446 123 0
1447 8 1
1448 64 1
1449 39 1
1450 36 0
1451 3 1
1452 126 1
1453 77 0
1454 117 1
1455 137 1
1456 33 0
1457 92 0
1458 17 0
1459 55 0
1460 0 1
1461 47 0
1462 77 1
1463 59 1
1464 142 0
1465 57 0
1466 102 0
1467 97 1
1468 144 1
1469 61 1
1470 142 1
1471 18 0
1472 121 1
1473 121 1
1474 37 0
1475 80 1
1476 86 0
1477 63 0
1478 136 0
1479 109 0
1480 24 1
1481 59 0
1482 77 0
1483 10 1
1484 134 1
1485 85 1
1486 74 0
1487 8 1
1488 115 0
1489 138 0
1490 111 0
1491 92 1
1492 0 0
1493 112 0
1494 81 1
1495 17 1
1496 88 0
1497 37 1
1498 134 1
1499 40 1
1500 72 0
1501 101 0
1502 32 1
1503 94 1
1504 142 1
1505 53 1
1506 52 1
1507 52 0
1508 105 1
1509 91 0
1510 138 0
1511 44 0
1512 138 1
1513 45 1
1514 134 1
1515 44 1
1516 15 1
1517 105 1
1518 106 0
1519 97 0
1520 33 0
1521 103 1
1522 100 1
1523 92 0
1524 71 1
1525 91 1
1526 95 1
1527 89 0
1528 73 1
1529 107 0
1530 76 1
1531 115 0
1532 50 1
1533 40 1
1534 22 1
1535 58 1
1536 40 1
1537 95 0
1538 68 1
1539 97 1
1540 25 0
1541 3 1
1542 129 0
1543 8 1
1544 83 1
1545 110 1
1546 20 0
1547 100 1
1548 100 1
1549 30 1
1550 30 0
1551 131 1
1552 99 1
1553 113 1
1554 69 1
1555 12 1
1556 54 1
1557 19 1
1558 62 0
1559 137 0
1560 46 1
1561 4 0
1562 29 1
1563 38 0
1564 146 1
1565 55 1
1566 58 1
1567 0 0
1568 68 0
1569 128 0
1570 128 1
1571 35 1
1572 58 0
1573 117 1
1574 135 0
1575 69 0
1576 7 0
1577 149 1
1578 79 0
1579 68 1
1580 7 1
1581 56 1
1582 62 1
1583 124 1
1584 26 1
1585 19 0
1586 46 1
1587 89 1
1588 12 0
1589 28 1
1590 115 1
1591 80 1
1592 72 1
1593 61 1
1594 18 1
1595 83 0
1596 56 1
1597 44 0
1598 52 1
1599 1 1
1600 126 1
1601 134 1
1602 30 0
1603 29 1
1604 84 1
1605 91 1
1606 109 0
1607 74 1
1608 2 0
1609 137 1
1610 16 1
1611 51 1
1612 111 1
1613 93 1
1614 67 1
1615 143 1
1616 122 0
1617 117 0
1618 57 1
1619 148 1
1620 8 1
1621 93 1
1622 12 1
1623 50 0
1624 54 1
1625 40 0
1626 9 1
1627 96 1
1628 88 0
1629 88 1
1630 89 0
1631 100 1
1632 14 1
1633 17 1
1634 116 1
1635 115 0
1636 6 1
1637 91 1
1638 75 1
1639 38 1
1640 81 1
1641 101 1
1642 19 1
1643 113 0
1644 41 0
1645 66 1
1646 36 0
1647 145 0
1648 135 1
1649 23 1
1650 79 1
1651 127 1
1652 46 1
1653 57 1
1654 112 0
1655 54 1
1656 75 0
1657 35 1
1658 105 1
1659 5 1
1660 103 0
1661 81 1
1662 139 1
1663 91 1
1664 141 0
1665 30 1
1666 5 1
1667 110 0
1668 76 1
1669 127 1
1670 15 1
1671 133 0
1672 89 1
1673 139 0
1674 70 1
1675 144 0
1676 20 0
1677 64 1
1678 54 1
1679 88 0
1680 21 0
1681 69 1
1682 127 0
1683 130 0
1684 99 1
1685 46 1
1686 138 0
1687 8 1
1688 2 1
1689 75 0
1690 96 1
1691 147 1
1692 47 1
1693 27 1
1694 118 1
1695 48 1
1696 137 1
1697 16 1
1698 49 0
1699 121 1
1700 5 1
1701 66 1
1702 1 0
1703 25 1
1704 26 1
1705 30 0
1706 125 1
1707 88 1
1708 43 0
1709 26 0
1710 36 0
1711 1 1
1712 94 0
1713 39 1
1714 118 0
1715 96 1
1716 132 1
1717 20 0
1718 140 0
1719 142 1
1720 100 1
1721 93 0
1722 4 1
1723 0 1
1724 101 0
1725 58 1
1726 54 1
1727 62 1
1728 32 1
1729 97 1
1730 66 1
1731 26 0
1732 108 1
1733 37 1
1734 98 0
1735 69 0
1736 104 0
1737 26 0
1738 147 1
1739 5 1
1740 58 1
1741 86 1
1742 77 0
1743 65 1
1744 54 1
1745 12 1
1746 10 1
1747 70 1
1748 91 1
1749 21 1
1750 39 0
1751 139 1
1752 4 1
1753 3 1
1754 47 0
1755 2 0
1756 123 1
1757 22 1
1758 42 1
1759 62 1
1760 54 1
1761 119 1
1762 119 1
1763 84 0
1764 49 1
1765 1 1
1766 97 1
1767 133 0
1768 12 0
1769 57 0
1770 46 1
1771 119 1
1772 102 1
1773 24 1
1774 130 0
1775 143 1
1776 115 1
1777 52 1
1778 53 1
1779 46 0
1780 46 0
1781 144 0
1782 142 0
1783 49 0
1784 67 1
1785 17 0
1786 22 0
1787 87 1
1788 127 1
1789 21 1
1790 100 1
1791 96 1
1792 80 1
1793 0 1
1794 38 0
1795 40 0
1796 146 1
1797 130 1
1798 116 0
1799 96 1
1800 142 1
1801 101 1
1802 2 0
1803 41 1
1804 103 1
1805 140 1
1806 30 1
1807 22 1
1808 137 0
1809 47 0
1810 121 0
1811 110 1
1812 76 0
1813 60 1
1814 74 0
1815 29 1
1816 75 1
1817 133 1
1818 70 1
1819 109 0
1820 138 0
1821 130 1
1822 88 1
1823 82 0
1824 76 1
1825 101 0
1826 21 0
1827 120 1
1828 7 1
1829 41 1
1830 141 1
1831 103 1
1832 103 1
1833 46 1
1834 13 1
1835 2 0
1836 7 1
1837 26 1
1838 36 1
1839 20 1
1840 42 1
1841 62 0
1842 38 1
1843 63 0
1844 115 1
1845 82 0
1846 78 0
1847 127 1
1848 75 1
1849 9 0
1850 28 1
1851 96 0
1852 45 0
1853 32 1
1854 132 1
1855 96 1
1856 128 0
1857 89 0
1858 93 1
1859 17 1
1860 61 1
1861 20 0
1862 88 0
1863 125 1
1864 20 0
1865 56 0
1866 48 1
1867 38 0
1868 124 1
1869 129 1
1870 78 1
1871 131 1
1872 135 1
1873 79 1
1874 27 1
1875 90 1
1876 97 1
1877 32 0
1878 10 1
1879 101 0
1880 43 1
1881 86 0
1882 9 1
1883 139 0
1884 149 0
1885 141 1
1886 95 1
1887 88 1
1888 147 1
1889 113 0
1890 16 0
1891 15 1
1892 118 0
1893 103 1
1894 106 1
1895 114 1
1896 15 1
1897 97 1
1898 76 1
1899 111 1
1900 8 1
1901 55 1
1902 127 1
1903 85 1
1904 11 1
1905 51 0
1906 56 0
1907 42 1
1908 67 0
1909 3 0
1910 3 0
1911 127 1
1912 69 0
1913 94 1
1914 114 1
1915 124 1
1916 60 1
1917 127 0
1918 75 0
1919 64 1
1920 65 1
1921 15 1
1922 84 1
1923 145 1
1924 7 0
1925 77 1
1926 70 0
1927 81 1
1928 82 1
1929 38 0
1930 133 0
1931 70 0
1932 41 0
1933 132 1
1934 116 1
1935 104 0
1936 13 0
1937 54 0
1938 131 1
1939 1 1
1940 2 0
1941 102 1
1942 87 1
1943 115 0
1944 111 0
1945 118 1
1946 67 1
1947 39 1
1948 92 0
1949 29 1
1950 120 1
1951 141 1
1952 57 0
1953 87 1
1954 49 1
1955 130 1
1956 121 1
1957 78 1
1958 70 1
1959 131 1
1960 0 1
1961 79 0
1962 92 1
1963 130 0
1964 93 1
1965 47 0
1966 44 1
1967 53 0
1968 38 0
1969 93 1
1970 131 1
1971 41 1
1972 12 1
1973 63 0
1974 117 1
1975 15 0
1976 46 0
1977 139 1
1978 114 0
1979 127 0
1980 30 1
1981 75 0
1982 116 1
1983 130 0
1984 21 0
1985 92 1
1986 3 1
1987 7 0
1988 56 0
1989 97 1
1990 17 1
1991 95 0
1992 108 1
1993 103 1
1994 7 1
1995 83 1
1996 8 1
1997 117 1
1998 92 1
1999 128 1
2000 125 0
2001 122 1
2002 7 0
2003 45 0
2004 3 1
2005 41 1
2006 58 0
2007 135 0
2008 24 0
2009 42 1
2010 72 1
2011 22 0
2012 88 1
2013 106 0
2014 41 1
2015 0 1
2016 109 1
2017 98 1
2018 55 0
2019 134 0
2020 89 1
2021 79 1
2022 116 1
2023 65 1
2024 55 0
2025 126 1
2026 135 0
2027 11 1
2028 145 1
2029 110 0
2030 6 0
2031 7 0
2032 36 0
2033 35 0
2034 53 1
2035 149 1
2036 0 1
2037 140 1
2038 97 0
2039 61 1
2040 65 1
2041 84 1
2042 43 1
2043 77 1
2044 17 0
2045 74 0
2046 101 0
2047 40 1
2048 141 1
2049 78 1
2050 101 1
2051 88 1
2052 110 0
2053 22 1
2054 36 1
2055 14 1
2056 127 0
2057 105 0
2058 147 0
2059 58 0
2060 122 0
2061 37 0
2062 18 1
2063 61 1
2064 9 1
2065 7 1
2066 119 1
2067 16 1
2068 128 1
2069 91 0
2070 75 1
2071 69 0
2072 7 1
2073 125 0
2074 57 0
2075 19 0
2076 69 1
2077 4 1
2078 140 1
2079 51 1
2080 107 1
2081 12 1
2082 56 1
2083 110 0
2084 118 0
2085 101 1
2086 111 1
2087 50 0
2088 45 1
2089 26 0
2090 112 0
2091 85 0
2092 56 0
2093 20 1
2094 57 1
2095 0 1
2096 32 1
2097 45 1
2098 92 1
2099 25 1
2100 63 1
2101 110 0
2102 50 1
2103 46 0
2104 88 1
2105 54 1
2106 71 1
2107 81 1
2108 131 1
2109 129 0
2110 127 1
2111 7 1
2112 44 1
2113 52 1
2114 64 0
2115 53 1
2116 8 0
2117 106 0
2118 75 1
2119 10 1
2120 28 0
2121 64 1
2122 53 1
2123 130 0
2124 104 1
2125 28 1
2126 88 1
2127 45 1
2128 94 0
2129 73 1
2130 128 0
2131 37 0
2132 41 0
2133 149 0
2134 100 0
2135 32 0
2136 73 1
2137 79 1
2138 47 0
2139 116 1
2140 70 1
2141 36 0
2142 133 0
2143 95 1
2144 132 1
2145 137 1
2146 98 0
2147 52 1
2148 123 0
2149 59 1
2150 113 1
2151 104 1
2152 143 1
2153 19 1
2154 46 1
2155 145 0
2156 83 1
2157 27 0
2158 15 1
2159 98 1
2160 42 0
2161 62 1
2162 65 1
2163 31 1
2164 120 1
2165 65 1
2166 136 1
2167 73 1
2168 7 1
2169 71 1
2170 32 1
2171 72 1
2172 52 0
2173 39 1
2174 71 1
2175 18 0
2176 27 0
2177 5 1
2178 149 1
2179 84 1
2180 133 1
2181 104 1
2182 124 1
2183 99 0
2184 23 0
2185 139 1
2186 93 1
2187 125 1
2188 63 1
2189 114 1
2190 106 0
2191 52 0
2192 17 1
2193 30 1
2194 100 0
2195 136 0
2196 68 1
2197 53 1
2198 21 1
2199 128 1
2200 28 1
2201 105 1
2202 29 1
2203 18 1
2204 49 1
2205 32 0
2206 69 0
2207 41 1
2208 44 1
2209 57 1
2210 139 0
2211 130 0
2212 37 1
2213 54 1
2214 139 1
2215 108 0
2216 0 1
2217 41 1
2218 46 1
2219 76 1
2220 146 1
2221 3 1
2222 95 1
2223 106 0
2224 17 0
2225 88 0
2226 109 1
2227 19 1
2228 56 0
2229 8 1
2230 106 1
2231 18 1
2232 82 0
2233 141 1
2234 73 1
2235 126 1
2236 78 1
2237 37 1
2238 76 0
2239 65 0
2240 59 1
2241 55 0
2242 124 1
2243 119 1
2244 147 1
2245 31 1
2246 146 0
2247 13 0
2248 10 1
2249 108 1
2250 125 1
2251 108 1
2252 65 1
2253 129 0
2254 93 1
2255 137 0
2256 99 1
2257 124 1
2258 18 1
2259 59 1
2260 25 1
2261 73 1
2262 41 0
2263 1 1
2264 46 1
2265 141 1
2266 44 1
2267 28 1
2268 147 0
2269 3 1
2270 103 1
2271 46 0
2272 39 1
2273 133 1
2274 68 1
2275 27 1
2276 86 1
2277 16 0
2278 142 0
2279 132 0
2280 28 1
2281 65 1
2282 125 1
2283 84 1
2284 55 1
2285 114 1
2286 84 1
2287 15 0
2288 135 1
2289 82 1
2290 144 1
2291 146 1
2292 113 1
2293 11 0
2294 81 0
2295 149 1
2296 20 1
2297 84 1
2298 111 1
2299 20 1
2300 112 0
2301 77 0
2302 99 0
2303 71 1
2304 45 1
2305 137 1
2306 16 1
2307 74 0
2308 99 0
2309 90 1
2310 131 0
2311 41 1
2312 107 1
2313 101 1
2314 47 1
2315 137 0
2316 59 1
2317 10 1
2318 110 0
2319 144 1
2320 137 1
2321 149 0
2322 68 1
2323 138 1
2324 112 0
2325 99 1
2326 69 1
2327 101 1
2328 19 1
2329 147 1
2330 127 1
2331 29 1
2332 100 1
2333 149 0
2334 23 1
2335 118 1
2336 27 1
2337 20 0
2338 46 1
2339 15 0
2340 139 1
2341 56 0
2342 8 1
2343 39 1
2344 14 1
2345 47 1
2346 124 1
2347 81 1
2348 18 1
2349 36 1
2350 126 1
2351 5 1
2352 127 0
2353 2 1
2354 86 1
2355 136 1
2356 86 1
2357 87 1
2358 4 1
2359 23 1
2360 116 0
2361 63 1
2362 101 1
2363 66 0
2364 28 0
2365 114 0
2366 61 0
2367 61 0
2368 99 1
2369 16 1
2370 132 1
2371 64 1
2372 149 1
2373 65 0
2374 30 1
2375 126 1
2376 15 1
2377 87 0
2378 137 1
2379 39 0
2380 8 0
2381 73 1
2382 77 1
2383 115 0
2384 1 1
2385 15 0
2386 88 1
2387 6 1
2388 132 1
2389 44 1
2390 115 0
2391 9 0
2392 112 0
2393 51 1
2394 1 1
2395 18 1
2396 146 1
2397 86 1
2398 29 1
2399 53 1
2400 136 0
2401 65 1
2402 49 1
2403 115 1
2404 46 0
2405 44 0
2406 31 1
2407 95 1
2408 103 1
2409 145 1
2410 139 1
2411 68 0
2412 58 1
2413 110 1
2414 9 1
2415 117 1
2416 133 1
2417 122 0
2418 7 1
2419 115 1
2420 0 1
2421 116 0
2422 114 1
2423 128 1
2424 110 1
2425 74 1
2426 39 1
2427 84 0
2428 101 1
2429 35 1
2430 11 1
2431 8 1
2432 140 0
2433 130 1
2434 121 1
2435 50 1
2436 59 0
2437 106 1
2438 31 1
2439 45 1
2440 110 1
2441 90 1
2442 65 0
2443 0 1
2444 74 0
2445 127 0
2446 142 1
2447 33 0
2448 18 1
2449 129 1
2450 63 0
2451 64 1
2452 149 1
2453 99 0
2454 7 0
2455 22 1
2456 15 1
2457 117 0
2458 143 1
2459 97 1
2460 55 1
2461 55 1
2462 14 0
2463 82 1
2464 56 1
2465 28 1
2466 45 0
2467 45 1
2468 15 0
2469 127 1
2470 139 0
2471 139 1
2472 67 0
2473 86 0
2474 28 1
2475 30 1
2476 114 1
2477 85 1
2478 77 0
2479 114 0
2480 130 0
2481 109 1
2482 137 0
2483 122 0
2484 51 0
2485 76 1
2486 1 0
2487 98 1
2488 126 1
2489 83 1
2490 21 1
2491 42 1
2492 101 0
2493 67 0
2494 46 1
2495 116 0
2496 76 0
2497 104 1
2498 131 1
2499 117 1
2500 78 1
2501 28 0
2502 11 1
2503 4 1
2504 62 0
2505 96 1
2506 102 1
2507 75 0
2508 70 1
2509 134 1
2510 24 1
2511 46 0
2512 129 0
2513 66 0
2514 129 0
2515 98 1
2516 129 1
2517 38 1
2518 4 1
2519 30 0
2520 31 1
2521 5 0
2522 69 1
2523 90 1
2524 73 0
2525 9 1
2526 31 1
2527 2 1
2528 9 0
2529 75 1
2530 57 1
2531 45 0
2532 51 1
2533 131 1
2534 80 1
2535 23 1
2536 91 1
2537 148 0
2538 109 1
2539 105 1
2540 116 0
2541 84 0
2542 123 1
2543 60 1
2544 109 0
2545 23 1
2546 61 1
2547 7 1
2548 8 1
2549 18 1
2550 51 1
2551 103 1
2552 24 0
2553 9 1
2554 143 1
2555 68 1
2556 32 1
2557 9 0
2558 141 1
2559 92 1
2560 106 0
2561 71 1
2562 137 0
2563 32 1
2564 118 1
2565 85 1
2566 45 1
2567 17 1
2568 41 1
2569 106 0
2570 43 1
2571 45 1
2572 79 1
2573 35 1
2574 77 1
2575 124 1
2576 144 1
2577 103 1
2578 77 1
2579 30 0
2580 139 1
2581 70 1
2582 55 1
2583 59 1
2584 17 1
2585 84 0
2586 91 1
2587 90 0
2588 40 1
2589 96 1
2590 5 1
2591 105 1
2592 18 0
2593 34 1
2594 148 1
2595 95 1
2596 81 1
2597 127 0
2598 6 0
2599 88 0
2600 103 1
2601 37 1
2602 7 1
2603 19 1
2604 104 0
2605 67 0
2606 88 0
2607 11 0
2608 133 0
2609 7 1
2610 63 1
2611 22 0
2612 20 1
2613 84 1
2614 87 1
2615 3 0
2616 96 1
2617 38 0
2618 71 1
2619 1 1
2620 127 1
2621 88 1
2622 143 1
2623 28 0
2624 99 0
2625 10 0
2626 92 1
2627 59 1
2628 135 0
2629 93 0
2630 68 1
2631 66 1
2632 91 0
2633 21 0
2634 18 0
2635 141 1
2636 45 1
2637 15 1
2638 82 1
2639 118 0
2640 131 1
2641 148 0
2642 17 1
2643 139 1
2644 6 0
2645 127 1
2646 81 1
2647 141 1
2648 103 1
2649 87 1
2650 139 0
2651 71 1
2652 60 1
2653 26 1
2654 31 1
2655 128 0
2656 129 1
2657 39 1
2658 86 1
2659 52 0
2660 111 1
2661 69 1
2662 27 1
2663 19 1
2664 27 0
2665 56 0
2666 138 1
2667 4 1
2668 115 0
2669 93 1
2670 30 1
2671 61 1
2672 100 0
2673 59 1
2674 129 1
2675 83 1
2676 94 1
2677 139 1
2678 68 0
2679 56 1
2680 68 1
2681 65 0
2682 43 1
2683 8 1
2684 1 1
2685 109 0
2686 127 1
2687 146 1
2688 74 1
2689 119 1
2690 68 1
2691 99 1
2692 60 0
2693 36 1
2694 51 1
2695 126 1
2696 61 1
2697 130 0
2698 13 0
2699 67 0
2700 44 1
2701 1 1
2702 0 1
2703 52 1
2704 52 1
2705 31 1
2706 28 0
2707 86 1
2708 120 1
2709 67 1
2710 20 0
2711 43 1
2712 40 1
2713 140 1
2714 116 1
2715 120 1
2716 38 1
2717 135 0
2718 20 0
2719 16 1
2720 12 1
2721 146 0
2722 27 0
2723 31 1
2724 10 0
2725 123 0
2726 96 0
2727 65 1
2728 143 1
2729 92 1
2730 68 0
2731 73 1
2732 138 0
2733 99 1
2734 49 0
2735 35 1
2736 12 1
2737 4 1
2738 68 1
2739 43 1
2740 88 1
2741 10 0
2742 136 0
2743 73 1
2744 34 0
2745 43 0
2746 129 1
2747 110 1
2748 77 1
2749 28 1
2750 77 1
2751 90 1
2752 48 1
2753 31 1
2754 84 1
2755 45 1
2756 142 1
2757 109 1
2758 34 0
2759 62 1
2760 99 1
2761 72 0
2762 123 1
2763 0 1
2764 46 1
2765 131 1
2766 45 1
2767 116 1
2768 22 1
2769 60 1
2770 124 1
2771 31 0
2772 116 0
2773 49 0
2774 126 1
2775 22 0
2776 20 1
2777 10 1
2778 28 0
2779 50 0
2780 90 1
2781 3 0
2782 4 0
2783 130 1
2784 18 0
2785 36 1
2786 3 0
2787 63 1
2788 64 0
2789 73 0
2790 79 1
2791 70 1
2792 91 0
2793 98 1
2794 142 0
2795 148 1
2796 29 1
2797 21 0
2798 22 1
2799 15 1
2800 146 0
2801 85 1
2802 124 1
2803 72 1
2804 64 0
2805 131 1
2806 142 1
2807 46 1
2808 85 1
2809 7 1
2810 143 1
2811 61 0
2812 59 1
2813 63 1
2814 37 1
2815 24 1
2816 83 1
2817 137 1
2818 10 1
2819 96 1
2820 107 1
2821 22 1
2822 134 0
2823 137 1
2824 64 1
2825 48 1
2826 52 1
2827 132 0
2828 145 1
2829 94 0
2830 25 1
2831 20 1
2832 79 1
2833 68 0
2834 120 1
2835 118 0
2836 45 1
2837 79 1
2838 112 0
2839 0 1
2840 61 0
2841 83 0
2842 59 0
2843 126 1
2844 65 1
2845 40 1
2846 92 1
2847 3 1
2848 69 1
2849 116 1
2850 137 0
2851 18 1
2852 128 0
2853 113 1
2854 67 1
2855 18 1
2856 63 0
2857 46 0
2858 121 1
2859 78 1
2860 47 1
2861 82 1
2862 82 1
2863 114 1
2864 59 0
2865 92 1
2866 68 0
2867 131 0
2868 12 1
2869 90 1
2870 110 1
2871 12 1
2872 13 1
2873 48 1
2874 34 1
2875 126 0
2876 49 1
2877 123 1
2878 97 1
2879 34 1
2880 123 0
2881 53 0
2882 41 0
2883 41 1
2884 82 1
2885 35 1
2886 141 1
2887 20 0
2888 7 0
2889 41 1
2890 148 1
2891 25 1
2892 29 0
2893 29 1
2894 93 1
2895 35 1
2896 144 1
2897 107 1
2898 76 0
2899 89 1
2900 83 0
2901 103 0
2902 73 1
2903 32 1
2904 93 1
2905 75 1
2906 143 1
2907 94 0
2908 106 1
2909 104 0
2910 141 0
2911 115 1
2912 130 1
2913 21 1
2914 24 1
2915 19 0
2916 38 0
2917 135 1
2918 148 0
2919 145 0
2920 143 1
2921 40 1
2922 28 1
2923 114 1
2924 9 1
2925 85 1
2926 57 0
2927 137 1
2928 76 1
2929 48 1
2930 73 0
2931 11 1
2932 92 1
2933 125 0
2934 65 1
2935 39 0
2936 47 1
2937 98 1
2938 115 1
2939 111 1
2940 32 1
2941 27 0
2942 148 1
2943 81 1
2944 127 1
2945 30 0
2946 0 1
2947 63 1
2948 141 1
2949 40 1
2950 15 1
2951 18 1
2952 60 1
2953 40 0
2954 80 0
2955 51 0
2956 48 1
2957 103 1
2958 47 1
2959 127 1
2960 117 0
2961 126 0
2962 101 0
2963 15 1
2964 32 1
2965 103 1
2966 36 1
2967 12 0
2968 41 1
2969 75 1
2970 105 0
2971 37 0
2972 9 0
2973 4 1
2974 77 1
2975 133 1
2976 40 1
2977 117 1
2978 52 0
2979 90 0
2980 141 1
2981 86 0
2982 67 0
2983 25 0
2984 104 0
2985 34 0
2986 30 1
2987 115 1
2988 114 0
2989 149 0
2990 54 1
2991 41 1
2992 92 1
2993 40 1
2994 94 0
2995 85 1
2996 75 1
2997 14 1
2998 73 1
2999 55 1
3000 93 0
3001 138 1
3002 10 1
3003 65 1
3004 26 0
3005 121 1
3006 47 1
3007 25 0
3008 72 0
3009 140 1
3010 97 1
3011 3 1
3012 148 0
3013 67 1
3014 10 1
3015 52 1
3016 113 0
3017 128 0
3018 46 0
3019 52 1
3020 10 1
3021 3 0
3022 87 1
3023 1 1
3024 47 1
3025 129 1
3026 66 0
3027 120 0
3028 103 1
3029 89 1
3030 113 0
3031 20 1
3032 31 1
3033 4 1
3034 147 1
3035 52 1
3036 132 0
3037 117 1
3038 89 1
3039 131 1
3040 109 1
3041 84 1
3042 47 1
3043 43 1
3044 144 0
3045 68 1
3046 123 1
3047 86 1
3048 41 1
3049 36 1
3050 146 0
3051 98 1
3052 97 1
3053 100 1
3054 33 1
3055 126 1
3056 93 0
3057 121 1
3058 16 1
3059 43 0
3060 48 0
3061 20 1
3062 101 0
3063 129 0
3064 98 1
3065 31 0
3066 57 1
3067 27 1
3068 96 1
3069 144 1
3070 110 0
3071 75 1
3072 30 1
3073 44 1
3074 14 1
3075 11 1
3076 100 1
3077 135 0
3078 39 1
3079 96 1
3080 32 0
3081 36 0
3082 61 1
3083 48 1
3084 92 0
3085 91 0
3086 65 1
3087 105 0
3088 17 1
3089 97 1
3090 40 1
3091 146 1
3092 42 0
3093 146 0
3094 51 1
3095 23 1
3096 24 1
3097 127 1
3098 24 1
3099 146 0
3100 121 1
3101 18 1
3102 58 0
3103 86 1
3104 77 1
3105 10 0
3106 44 1
3107 62 1
3108 92 1
3109 69 1
3110 52 0
3111 31 1
3112 53 1
3113 117 0
3114 86 1
3115 95 0
3116 4 1
3117 146 1
3118 139 1
3119 139 1
3120 18 1
3121 85 1
3122 109 1
3123 50 0
3124 107 1
3125 149 1
3126 114 1
3127 41 0
3128 91 1
3129 49 1
3130 75 0
3131 137 1
3132 10 1
3133 142 0
3134 19 1
3135 117 0
3136 84 0
3137 1 1
3138 4 1
3139 50 1
3140 73 0
3141 75 1
3142 34 0
3143 106 0
3144 78 1
3145 54 0
3146 52 0
3147 135 0
3148 76 1
3149 61 1
3150 63 1
3151 35 1
3152 86 1
3153 145 1
3154 140 1
3155 6 0
3156 147 1
3157 2 1
3158 2 0
3159 58 1
3160 16 1
3161 38 1
3162 4 1
3163 130 0
3164 52 1
3165 32 1
3166 75 1
3167 15 1
3168 7 1
3169 56 0
3170 56 0
3171 15 1
3172 46 1
3173 38 0
3174 126 1
3175 82 1
3176 110 0
3177 15 1
3178 143 0
3179 51 0
3180 43 0
3181 11 1
3182 1 0
3183 85 1
3184 89 1
3185 12 1
3186 54 0
3187 2 0
3188 44 1
3189 50 1
3190 90 1
3191 20 0
3192 5 1
3193 67 0
3194 83 1
3195 96 1
3196 51 0
3197 50 0
3198 88 1
3199 67 1
3200 126 1
3201 126 1
3202 8 1
3203 84 1
3204 122 1
3205 28 0
3206 71 1
3207 113 0
3208 135 1
3209 28 0
3210 148 1
3211 0 1
3212 37 1
3213 56 1
3214 87 0
3215 107 0
3216 105 1
3217 48 1
3218 114 0
3219 69 1
3220 19 1
3221 149 1
3222 99 1
3223 120 1
3224 44 1
3225 55 1
3226 25 1
3227 45 1
3228 7 1
3229 142 0
3230 30 1
3231 112 1
3232 84 0
3233 53 0
3234 44 0
3235 37 0
3236 23 1
3237 107 1
3238 102 1
3239 109 1
3240 76 1
3241 142 0
3242 24 1
3243 66 0
3244 93 1
3245 80 1
3246 59 1
3247 63 0
3248 104 1
3249 94 1
3250 141 1
3251 16 1
3252 69 1
3253 91 1
3254 103 1
3255 69 1
3256 116 1
3257 84 1
3258 0 1
3259 74 0
3260 110 1
3261 21 0
3262 98 0
3263 65 1
3264 51 1
3265 102 0
3266 42 1
3267 10 1
3268 144 0
3269 86 0
3270 53 1
3271 28 1
3272 20 0
3273 62 1
3274 15 1
3275 68 1
3276 42 1
3277 47 1
3278 76 1
3279 94 1
3280 23 0
3281 25 0
3282 67 1
3283 130 1
3284 91 1
3285 60 1
3286 25 1
3287 67 1
3288 103 1
3289 19 1
3290 116 0
3291 47 1
3292 132 0
3293 51 1
3294 10 1
3295 140 1
3296 94 0
3297 0 1
3298 5 0
3299 125 0
3300 0 1
3301 144 0
3302 26 1
3303 24 1
3304 40 0
3305 103 0
3306 86 1
3307 119 0
3308 49 1
3309 28 0
3310 15 1
3311 145 1
3312 138 1
3313 122 1
3314 80 0
3315 142 1
3316 87 1
3317 60 0
3318 99 0
3319 47 1
3320 31 0
3321 2 1
3322 106 1
3323 87 1
3324 141 0
3325 65 1
3326 88 0
3327 117 1
3328 109 1
3329 23 1
3330 42 0
3331 22 1
3332 106 1
3333 146 1
3334 70 1
3335 52 1
3336 148 1
3337 120 1
3338 26 1
3339 12 1
3340 22 0
3341 76 1
3342 40 0
3343 140 1
3344 138 1
3345 143 1
3346 134 0
3347 11 0
3348 0 1
3349 2 0
3350 4 1
3351 125 1
3352 109 0
3353 9 1
3354 2 0
3355 54 0
3356 1 1
3357 141 0
3358 128 1
3359 145 1
3360 100 1
3361 148 1
3362 55 1
3363 128 1
3364 120 1
3365 80 1
3366 87 1
3367 29 1
3368 53 0
3369 135 0
3370 112 1
3371 35 0
3372 125 0
3373 109 0
3374 60 1
3375 122 1
3376 92 0
3377 146 1
3378 83 1
3379 105 0
3380 8 1
3381 28 1
3382 46 1
3383 44 1
3384 148 1
3385 57 0
3386 121 0
3387 28 1
3388 73 1
3389 102 0
3390 143 1
3391 46 1
3392 97 1
3393 37 1
3394 121 0
3395 84 0
3396 132 1
3397 127 0
3398 123 0
3399 30 1
3400 4 0
3401 37 1
3402 134 1
3403 124 1
3404 7 1
3405 92 1
3406 53 1
3407 40 0
3408 135 0
3409 30 1
3410 121 1
3411 138 0
3412 30 0
3413 86 0
3414 90 1
3415 80 0
3416 8 1
3417 122 0
3418 38 0
3419 3 1
3420 75 0
3421 0 1
3422 38 1
3423 30 1
3424 19 0
3425 31 1
3426 129 0
3427 100 0
3428 36 0
3429 66 1
3430 107 0
3431 123 0
3432 67 1
3433 61 1
3434 146 1
3435 53 1
3436 62 1
3437 102 1
3438 47 1
3439 25 0
3440 148 1
3441 62 1
3442 128 1
3443 39 0
3444 102 1
3445 95 0
3446 55 1
3447 77 1
3448 117 0
3449 32 0
3450 105 1
3451 88 1
3452 92 0
3453 19 1
3454 127 0
3455 9 1
3456 2 1
3457 5 1
3458 136 0
3459 99 0
3460 104 1
3461 102 0
3462 14 0
3463 86 1
3464 121 0
3465 147 0
3466 7 1
3467 47 1
3468 80 0
3469 94 1
3470 64 1
3471 85 1
3472 76 1
3473 1 1
3474 36 1
3475 7 0
3476 46 1
3477 52 0
3478 144 1
3479 146 1
3480 60 0
3481 146 0
3482 33 1
3483 120 1
3484 64 0
3485 72 1
3486 69 1
3487 98 1
3488 51 0
3489 64 0
3490 4 1
3491 78 1
3492 135 1
3493 65 0
3494 72 1
3495 148 1
3496 60 1
3497 101 0
3498 142 1
3499 10 1
3500 89 1
3501 36 1
3502 44 1
3503 10 0
3504 89 1
3505 86 1
3506 48 1
3507 98 1
3508 99 0
3509 66 0
3510 28 0
3511 56 1
3512 110 1
3513 84 0
3514 33 0
3515 62 1
3516 131 1
3517 85 0
3518 88 0
3519 24 1
3520 71 0
3521 23 1
3522 26 1
3523 56 0
3524 36 1
3525 49 1
3526 88 1
3527 106 1
3528 14 1
3529 105 1
3530 89 0
3531 72 1
3532 121 1
3533 96 0
3534 4 1
3535 139 1
3536 132 1
3537 97 1
3538 87 0
3539 134 1
3540 79 0
3541 43 0
3542 40 0
3543 20 1
3544 92 1
3545 102 1
3546 97 1
3547 3 1
3548 83 1
3549 30 0
3550 24 1
3551 117 0
3552 135 0
3553 16 1
3554 22 1
3555 149 1
3556 138 1
3557 21 0
3558 41 0
3559 135 0
3560 68 0
3561 118 1
3562 14 0
3563 136 1
3564 26 0
3565 41 0
3566 87 1
3567 57 0
3568 125 1
3569 144 1
3570 28 1
3571 0 1
3572 35 0
3573 96 0
3574 62 1
3575 14 1
3576 72 1
3577 48 0
3578 58 1
3579 40 0
3580 102 1
3581 135 1
3582 142 0
3583 111 1
3584 70 1
3585 16 0
3586 52 1
3587 16 0
3588 90 1
3589 118 0
3590 96 0
3591 36 0
3592 68 1
3593 59 1
3594 73 1
3595 113 0
3596 83 0
3597 65 1
3598 43 1
3599 95 0
3600 34 1
3601 113 0
3602 31 1
3603 128 1
3604 45 1
3605 26 1
3606 130 0
3607 114 1
3608 3 1
3609 129 1
3610 77 1
3611 3 1
3612 93 1
3613 40 1
3614 147 1
3615 1 1
3616 0 1
3617 71 1
3618 145 1
3619 106 0
3620 145 1
3621 137 0
3622 51 0
3623 30 1
3624 79 1
3625 32 1
3626 4 1
3627 120 0
3628 104 0
3629 136 0
3630 49 0
3631 86 0
3632 56 1
3633 86 0
3634 109 1
3635 47 1
3636 129 0
3637 86 0
3638 37 1
3639 39 1
3640 28 0
3641 76 1
3642 108 1
3643 84 0
3644 110 1
3645 20 1
3646 65 1
3647 64 1
3648 16 1
3649 127 1
3650 146 1
3651 35 1
3652 12 0
3653 111 1
3654 140 1
3655 120 1
3656 124 1
3657 4 0
3658 146 1
3659 1 1
3660 16 1
3661 69 0
3662 29 1
3663 104 1
3664 35 0
3665 74 1
3666 8 1
3667 111 1
3668 132 0
3669 123 1
3670 27 1
3671 42 1
3672 42 1
3673 38 0
3674 90 0
3675 144 1
3676 112 1
3677 89 1
3678 98 1
3679 89 0
3680 27 0
3681 119 1
3682 76 0
3683 109 1
3684 107 1
3685 31 1
3686 77 0
3687 89 1
3688 75 0
3689 60 1
3690 68 0
3691 23 1
3692 72 1
3693 126 1
3694 57 1
3695 108 1
3696 33 1
3697 23 1
3698 14 0
3699 70 1
3700 116 1
3701 59 0
3702 130 1
3703 117 1
3704 28 1
3705 122 0
3706 37 1
3707 81 1
3708 9 1
3709 84 1
3710 76 1
3711 1 1
3712 74 1
3713 121 0
3714 6 1
3715 111 1
3716 149 0
3717 22 0
3718 71 1
3719 86 0
3720 121 1
3721 97 1
3722 105 0
3723 118 1
3724 39 1
3725 31 1
3726 147 1
3727 127 0
3728 109 1
3729 114 0
3730 146 0
3731 42 1
3732 50 1
3733 125 1
3734 7 1
3735 122 1
3736 74 1
3737 137 1
3738 52 0
3739 46 0
3740 112 1
3741 58 1
3742 11 1
3743 135 1
3744 88 1
3745 40 0
3746 130 1
3747 79 1
3748 100 0
3749 54 1
3750 122 1
3751 86 0
3752 148 0
3753 127 1
3754 81 1
3755 45 0
3756 100 0
3757 55 0
3758 92 0
3759 36 1
3760 94 1
3761 68 1
3762 60 1
3763 7 1
3764 6 0
3765 118 1
3766 139 0
3767 76 1
3768 30 1
3769 91 1
3770 77 0
3771 109 0
3772 43 1
3773 146 1
3774 9 1
3775 120 0
3776 11 1
3777 80 0
3778 88 1
3779 134 1
3780 50 1
3781 27 0
3782 110 1
3783 131 1
3784 60 1
3785 57 1
3786 12 0
3787 119 0
3788 135 1
3789 93 1
3790 50 1
3791 149 1
3792 3 1
3793 132 1
3794 120 1
3795 141 0
3796 22 1
3797 66 0
3798 24 1
3799 26 0
3800 22 1
3801 26 1
3802 1 0
3803 142 1
3804 13 1
3805 32 1
3806 50 1
3807 124 1
3808 117 1
3809 99 0
3810 27 1
3811 62 1
3812 109 1
3813 84 1
3814 78 0
3815 22 1
3816 95 1
3817 36 0
3818 95 1
3819 135 1
3820 67 1
3821 73 1
3822 56 0
3823 125 0
3824 108 0
3825 13 1
3826 15 0
3827 138 1
3828 106 0
3829 113 1
3830 85 0
3831 36 1
3832 85 0
3833 30 1
3834 55 0
3835 41 1
3836 137 1
3837 44 1
3838 12 1
3839 119 0
3840 146 0
3841 59 1
3842 110 1
3843 89 0
3844 23 1
3845 3 1
3846 90 1
3847 139 0
3848 67 0
3849 56 0
3850 87 1
3851 147 1
3852 115 1
3853 72 1
3854 113 1
3855 52 1
3856 75 0
3857 74 1
3858 61 1
3859 57 0
3860 118 1
3861 43 1
3862 54 1
3863 135 1
3864 6 1
3865 146 1
3866 94 1
3867 121 1
3868 139 1
3869 88 1
3870 38 1
3871 114 1
3872 4 0
3873 104 1
3874 104 1
3875 0 1
3876 25 1
3877 84 1
3878 29 1
3879 51 1
3880 66 0
3881 30 0
3882 93 1
3883 121 1
3884 149 1
3885 87 1
3886 102 0
3887 106 1
3888 45 0
3889 73 1
3890 25 1
3891 78 1
3892 70 1
3893 32 1
3894 36 1
3895 37 1
3896 85 0
3897 66 1
3898 122 1
3899 65 1
3900 51 0
3901 113 1
3902 8 1
3903 63 1
3904 31 1
3905 59 0
3906 14 1
3907 113 0
3908 103 1
3909 86 1
3910 33 1
3911 46 1
3912 94 0
3913 101 1
3914 104 1
3915 43 1
3916 123 0
3917 112 0
3918 128 0
3919 41 1
3920 116 1
3921 20 1
3922 139 1
3923 116 1
3924 31 1
3925 134 1
3926 79 1
3927 137 0
3928 46 1
3929 95 1
3930 59 0
3931 58 1
3932 145 0
3933 66 1
3934 0 1
3935 36 1
3936 109 0
3937 50 1
3938 144 0
3939 144 0
3940 23 1
3941 43 0
3942 114 1
3943 79 0
3944 22 1
3945 62 0
3946 13 1
3947 16 0
3948 95 0
3949 34 1
3950 143 1
3951 15 1
3952 81 1
3953 4 1
3954 133 1
3955 54 1
3956 81 0
3957 11 1
3958 30 0
3959 9 1
3960 17 1
3961 88 1
3962 146 0
3963 91 1
3964 140 1
3965 140 0
3966 0 1
3967 137 0
3968 122 1
3969 110 1
3970 41 0
3971 67 1
3972 65 0
3973 122 1
3974 123 1
3975 50 1
3976 106 1
3977 73 0
3978 46 1
3979 96 0
3980 94 0
3981 19 1
3982 144 1
3983 129 0
3984 49 0
3985 78 1
3986 5 1
3987 18 1
3988 28 1
3989 68 0
3990 24 0
3991 142 0
3992 61 1
3993 83 1
3994 34 1
3995 144 1
3996 17 1
3997 72 1
3998 124 1
3999 134 1
4000 42 1
4001 121 1
4002 110 1
4003 72 0
4004 83 1
4005 139 0
4006 63 1
4007 88 0
4008 54 0
4009 37 1
4010 4 1
4011 67 1
4012 51 1
4013 39 0
4014 145 0
4015 4 0
4016 86 1
4017 91 1
4018 16 0
4019 86 0
4020 107 1
4021 57 1
4022 11 1
4023 100 0
4024 121 1
4025 56 0
4026 122 0
4027 4 1
4028 66 1
4029 102 0
4030 67 1
4031 53 1
4032 81 0
4033 101 1
4034 59 1
4035 98 1
4036 66 0
4037 89 0
4038 106 1
4039 97 1
4040 32 1
4041 7 0
4042 28 1
4043 133 0
4044 55 1
4045 58 1
4046 93 0
4047 79 1
4048 105 1
4049 75 0
4050 21 1
4051 83 0
4052 81 1
4053 119 1
4054 68 0
4055 17 1
4056 122 0
4057 59 0
4058 88 0
4059 148 0
4060 29 0
4061 69 1
4062 18 0
4063 2 1
4064 80 0
4065 92 1
4066 101 1
4067 90 1
4068 53 1
4069 122 1
4070 29 0
4071 26 1
4072 65 0
4073 54 1
4074 30 1
4075 100 1
4076 109 1
4077 38 0
4078 17 0
4079 106 0
4080 118 1
4081 100 1
4082 27 1
4083 55 0
4084 3 1
4085 6 1
4086 120 0
4087 33 0
4088 20 1
4089 143 1
4090 42 1
4091 63 1
4092 67 0
4093 82 1
4094 44 1
4095 136 0
4096 139 0
4097 35 1
4098 30 1
4099 52 1
4100 72 0
4101 65 1
4102 45 1
4103 32 0
4104 140 1
4105 69 1
4106 74 0
4107 86 0
4108 38 1
4109 128 0
4110 110 1
4111 146 1
4112 104 0
4113 70 0
4114 75 1
4115 69 0
4116 135 1
4117 144 1
4118 36 1
4119 49 0
4120 104 0
4121 112 1
4122 54 1
4123 72 1
4124 119 1
4125 76 1
4126 67 1
4127 133 1
4128 5 0
4129 57 1
4130 130 1
4131 130 1
4132 12 0
4133 99 1
4134 1 0
4135 128 1
4136 18 0
4137 88 1
4138 92 1
4139 67 1
4140 14 1
4141 95 1
4142 66 1
4143 57 1
4144 86 1
4145 54 1
4146 143 1
4147 135 0
4148 61 0
4149 107 1
4150 36 1
4151 122 1
4152 129 1
4153 80 1
4154 24 1
4155 87 0
4156 43 1
4157 74 1
4158 65 0
4159 36 1
4160 149 1
4161 21 1
4162 28 1
4163 148 1
4164 96 1
4165 54 0
4166 144 0
4167 42 1
4168 40 1
4169 97 1
4170 74 1
4171 56 1
4172 21 1
4173 30 1
4174 15 1
4175 42 1
4176 60 0
4177 6 1
4178 76 1
4179 79 1
4180 116 1
4181 109 0
4182 15 1
4183 136 0
4184 27 1
4185 73 1
4186 72 1
4187 121 1
4188 13 1
4189 134 1
4190 22 0
4191 42 1
4192 45 1
4193 124 1
4194 59 0
4195 98 1
4196 141 0
4197 137 1
4198 14 0
4199 114 0
4200 11 0
4201 44 0
4202 18 1
4203 78 0
4204 121 1
4205 111 1
4206 44 1
4207 128 1
4208 57 1
4209 14 1
4210 110 1
4211 45 0
4212 27 1
4213 11 1
4214 109 0
4215 134 1
4216 65 0
4217 105 0
4218 96 1
4219 68 1
4220 51 1
4221 112 0
4222 136 1
4223 86 1
4224 147 0
4225 63 0
4226 17 1
4227 59 1
4228 42 0
4229 85 1
4230 98 1
4231 76 1
4232 0 1
4233 51 1
4234 19 1
4235 65 1
4236 51 1
4237 67 1
4238 72 0
4239 133 1
4240 58 1
4241 26 0
4242 4 1
4243 22 1
4244 110 1
4245 54 0
4246 131 1
4247 26 1
4248 63 1
4249 129 1
4250 98 1
4251 107 1
4252 25 1
4253 37 1
4254 132 1
4255 68 0
4256 67 0
4257 18 1
4258 135 1
4259 124 0
4260 49 1
4261 10 0
4262 60 1
4263 115 1
4264 15 0
4265 10 1
4266 92 0
4267 15 0
4268 97 0
4269 117 1
4270 124 1
4271 74 1
4272 85 1
4273 119 1
4274 34 1
4275 119 1
4276 23 1
4277 68 1
4278 67 1
4279 108 0
4280 30 1
4281 0 0
4282 41 1
4283 44 0
4284 119 0
4285 73 1
4286 2 1
4287 89 1
4288 141 1
4289 59 1
4290 1 0
4291 11 1
4292 60 1
4293 9 1
4294 14 0
4295 14 0
4296 40 0
4297 69 1
4298 133 1
4299 75 1
4300 27 1
4301 97 1
4302 48 1
4303 18 0
4304 94 0
4305 65 1
4306 60 1
4307 73 1
4308 57 1
4309 51 1
4310 4 1
4311 18 1
4312 33 0
4313 80 1
4314 103 0
4315 20 0
4316 56 0
4317 114 1
4318 56 1
4319 145 0
4320 14 0
4321 50 1
4322 91 1
4323 96 1
4324 108 1
4325 24 1
4326 115 1
4327 59 0
4328 32 1
4329 67 0
4330 98 0
4331 70 1
4332 107 0
4333 110 0
4334 68 0
4335 67 0
4336 119 1
4337 58 1
4338 143 1
4339 13 1
4340 106 1
4341 116 0
4342 80 1
4343 121 1
4344 20 0
4345 52 0
4346 28 1
4347 124 1
4348 58 1
4349 149 1
4350 143 1
4351 111 1
4352 86 0
4353 127 1
4354 128 1
4355 83 1
4356 27 1
4357 57 1
4358 81 0
4359 25 1
4360 21 1
4361 71 1
4362 50 0
4363 35 1
4364 83 0
4365 137 1
4366 55 1
4367 90 0
4368 125 1
4369 70 1
4370 109 0
4371 142 1
4372 8 0
4373 49 1
4374 32 1
4375 41 1
4376 53 1
4377 5 0
4378 111 0
4379 16 1
4380 81 0
4381 22 1
4382 56 1
4383 127 0
4384 134 1
4385 89 1
4386 57 1
4387 35 1
4388 32 1
4389 57 1
4390 60 1
4391 73 1
4392 15 0
4393 21 1
4394 125 1
4395 73 1
4396 144 1
4397 42 1
4398 12 1
4399 36 1
4400 72 0
4401 45 0
4402 108 1
4403 97 1
4404 66 0
4405 10 0
4406 5 0
4407 43 1
4408 115 0
4409 48 1
4410 107 1
4411 48 1
4412 119 0
4413 107 1
4414 115 1
4415 30 0
4416 73 0
4417 70 1
4418 57 0
4419 126 1
4420 74 1
4421 53 0
4422 23 1
4423 53 1
4424 17 0
4425 33 1
4426 73 1
4427 129 1
4428 126 0
4429 23 1
4430 33 1
4431 32 1
4432 31 0
4433 92 0
4434 73 1
4435 114 1
4436 107 0
4437 82 1
4438 69 1
4439 73 1
4440 87 1
4441 15 1
4442 91 0
4443 104 1
4444 34 1
4445 61 1
4446 135 1
4447 76 1
4448 149 0
4449 8 1
4450 139 1
4451 24 0
4452 146 1
4453 128 0
4454 144 1
4455 106 1
4456 61 1
4457 143 1
4458 18 1
4459 23 1
4460 127 1
4461 22 1
4462 80 1
4463 129 0
4464 71 1
4465 107 0
4466 116 1
4467 58 0
4468 42 1
4469 80 1
4470 43 0
4471 20 0
4472 59 0
4473 112 0
4474 111 1
4475 130 1
4476 122 1
4477 51 1
4478 55 1
4479 87 1
4480 24 1
4481 89 0
4482 129 1
4483 102 1
4484 139 1
4485 111 0
4486 120 1
4487 90 0
4488 47 0
4489 9 1
4490 89 1
4491 149 0
4492 96 1
4493 17 1
4494 35 0
4495 30 1
4496 50 1
4497 101 1
4498 20 1
4499 5 1
4500 138 0
4501 93 0
4502 52 0
4503 92 1
4504 39 1
4505 62 0
4506 45 1
4507 40 1
4508 66 1
4509 45 1
4510 63 0
4511 114 1
4512 97 0
4513 97 1
4514 21 0
4515 28 1
4516 121 1
4517 71 0
4518 10 0
4519 24 1
4520 70 0
4521 80 1
4522 51 1
4523 9 1
4524 80 1
4525 23 1
4526 83 0
4527 61 1
4528 53 0
4529 50 0
4530 110 1
4531 37 1
4532 56 1
4533 58 0
4534 76 1
4535 70 1
4536 72 0
4537 66 0
4538 23 1
4539 142 1
4540 31 0
4541 50 0
4542 55 1
4543 47 0
4544 73 0
4545 136 0
4546 33 1
4547 69 1
4548 85 1
4549 58 1
4550 113 1
4551 14 0
4552 31 0
4553 60 1
4554 5 1
4555 111 1
4556 120 1
4557 105 0
4558 77 1
4559 87 0
4560 2 0
4561 87 1
4562 148 0
4563 27 0
4564 36 1
4565 101 1
4566 18 1
4567 86 1
4568 46 1
4569 58 1
4570 101 1
4571 42 0
4572 84 1
4573 50 0
4574 52 0
4575 12 0
4576 112 1
4577 44 1
4578 8 0
4579 147 1
4580 12 0
4581 44 1
4582 117 1
4583 35 1
4584 29 0
4585 19 1
4586 113 0
4587 57 1
4588 13 0
4589 111 0
4590 48 1
4591 74 1
4592 125 0
4593 74 0
4594 45 1
4595 79 1
4596 72 1
4597 140 0
4598 6 0
4599 105 1
4600 21 1
4601 119 1
4602 88 0
4603 136 1
4604 87 0
4605 121 1
4606 122 1
4607 47 1
4608 117 1
4609 132 1
4610 94 1
4611 24 1
4612 139 1
4613 108 0
4614 92 1
4615 134 1
4616 142 0
4617 51 0
4618 83 1
4619 136 0
4620 36 0
4621 57 1
4622 55 0
4623 8 1
4624 127 1
4625 139 0
4626 105 1
4627 141 1
4628 80 1
4629 142 0
4630 19 1
4631 89 0
4632 34 0
4633 45 0
4634 80 1
4635 40 0
4636 140 0
4637 27 1
4638 104 1
4639 22 0
4640 79 1
4641 107 1
4642 129 1
4643 82 1
4644 2 1
4645 87 1
4646 5 1
4647 136 0
4648 121 1
4649 58 0
4650 63 1
4651 121 1
4652 46 1
4653 105 1
4654 87 1
4655 35 0
4656 93 1
4657 56 1
4658 143 1
4659 138 0
4660 17 0
4661 120 1
4662 4 1
4663 15 1
4664 40 0
4665 130 1
4666 74 0
4667 111 1
4668 101 0
4669 126 1
4670 95 1
4671 8 0
4672 56 1
4673 118 1
4674 6 1
4675 149 0
4676 136 1
4677 149 1
4678 128 0
4679 70 1
4680 94 1
4681 76 1
4682 3 0
4683 92 1
4684 57 0
4685 148 1
4686 131 1
4687 145 1
4688 24 1
4689 140 0
4690 76 0
4691 106 1
4692 11 1
4693 105 0
4694 126 0
4695 112 1
4696 129 1
4697 140 1
4698 29 0
4699 40 1
4700 52 1
4701 141 0
4702 148 1
4703 25 0
4704 106 0
4705 52 1
4706 109 0
4707 146 1
4708 120 1
4709 64 1
4710 30 1
4711 16 1
4712 19 1
4713 95 0
4714 140 0
4715 37 0
4716 127 1
4717 29 0
4718 119 1
4719 147 1
4720 24 1
4721 107 1
4722 12 1
4723 6 0
4724 9 1
4725 130 1
4726 51 1
4727 2 1
4728 54 1
4729 22 1
4730 134 0
4731 138 1
4732 88 1
4733 138 1
4734 26 1
4735 34 1
4736 87 1
4737 86 0
4738 48 0
4739 35 1
4740 117 1
4741 149 0
4742 11 0
4743 141 1
4744 53 1
4745 11 0
4746 73 0
4747 51 1
4748 68 1
4749 22 0
4750 77 1
4751 100 1
4752 1 0
4753 67 1
4754 83 1
4755 61 1
4756 117 1
4757 120 1
4758 17 0
4759 147 0
4760 27 1
4761 10 0
4762 59 0
4763 117 1
4764 4 0
4765 27 1
4766 149 1
4767 50 0
4768 117 0
4769 4 1
4770 122 1
4771 54 1
4772 28 1
4773 22 1
4774 91 0
4775 116 1
4776 132 0
4777 23 1
4778 90 1
4779 123 1
4780 32 1
4781 130 1
4782 81 0
4783 84 0
4784 147 1
4785 53 1
4786 3 0
4787 13 0
4788 87 0
4789 77 1
4790 60 0
4791 48 0
4792 72 0
4793 136 1
4794 114 0
4795 9 0
4796 64 0
4797 79 1
4798 71 0
4799 148 0
4800 101 1
4801 142 1
4802 114 0
4803 39 0
4804 92 1
4805 131 0
4806 114 0
4807 97 1
4808 55 0
4809 100 1
4810 146 1
4811 119 1
4812 0 1
4813 10 0
4814 114 1
4815 42 0
4816 112 1
4817 124 1
4818 91 1
4819 29 1
4820 136 1
4821 139 1
4822 144 1
4823 38 1
4824 123 0
4825 22 1
4826 0 1
4827 82 1
4828 91 1
4829 26 1
4830 101 1
4831 75 1
4832 56 1
4833 94 0
4834 17 1
4835 134 0
4836 88 0
4837 103 0
4838 14 1
4839 33 0
4840 83 1
4841 107 1
4842 98 1
4843 38 0
4844 132 1
4845 49 1
4846 86 1
4847 3 1
4848 75 1
4849 41 1
4850 24 1
4851 147 0
4852 50 1
4853 44 0
4854 45 1
4855 104 1
4856 86 0
4857 16 1
4858 3 0
4859 126 1
4860 20 0
4861 75 1
4862 51 1
4863 0 1
4864 77 0
4865 23 0
4866 118 1
4867 64 0
4868 23 0
4869 135 0
4870 140 1
4871 1 1
4872 105 1
4873 13 0
4874 124 1
4875 48 0
4876 118 0
4877 55 1
4878 52 1
4879 100 1
4880 149 1
4881 82 1
4882 45 1
4883 39 0
4884 59 1
4885 91 1
4886 68 1
4887 81 1
4888 64 0
4889 33 1
4890 136 0
4891 138 1
4892 108 0
4893 78 0
4894 1 1
4895 42 1
4896 105 0
4897 119 0
4898 127 0
4899 121 1
4900 136 0
4901 138 1
4902 10 1
4903 129 1
4904 66 1
4905 16 1
4906 147 1
4907 110 0
4908 99 0
4909 69 1
4910 20 1
4911 102 0
4912 92 1
4913 28 1
4914 33 1
4915 106 1
4916 67 1
4917 28 1
4918 118 1
4919 54 0
4920 72 0
4921 40 1
4922 126 1
4923 128 0
4924 91 1
4925 79 1
4926 114 0
4927 41 1
4928 108 1
4929 28 1
4930 120 0
4931 114 0
4932 32 1
4933 16 1
4934 0 1
4935 138 1
4936 43 1
4937 148 0
4938 29 1
4939 50 1
4940 128 0
4941 87 0
4942 114 1
4943 103 1
4944 99 1
4945 17 1
4946 17 1
4947 60 1
4948 124 1
4949 56 1
4950 50 0
4951 52 0
4952 73 1
4953 119 1
4954 79 1
4955 26 0
4956 102 1
4957 52 1
4958 144 1
4959 92 0
4960 38 1
4961 65 1
4962 91 1
4963 110 0
4964 104 1
4965 143 0
4966 61 1
4967 104 0
4968 148 1
4969 138 1
4970 93 1
4971 134 1
4972 81 1
4973 14 1
4974 145 1
4975 71 0
4976 118 0
4977 42 0
4978 65 1
4979 26 0
4980 71 1
4981 30 1
4982 18 1
4983 18 1
4984 58 0
4985 93 1
4986 124 1
4987 0 1
4988 68 1
4989 33 1
4990 75 1
4991 149 1
4992 142 0
4993 4 0
4994 97 1
4995 32 1
4996 55 0
4997 53 1
4998 47 1
4999 142 1
5000 130 0
5001 60 1
5002 117 0
5003 62 1
5004 29 0
5005 2 1
5006 102 0
5007 49 1
5008 95 1
5009 107 1
5010 37 1
5011 15 0
5012 103 1
5013 67 1
5014 41 1
5015 59 1
5016 47 1
5017 80 0
5018 36 1
5019 4 0
5020 140 1
5021 123 0
5022 60 1
5023 142 1
5024 29 1
5025 54 0
5026 42 1
5027 60 1
5028 137 1
5029 100 0
5030 141 0
5031 4 1
5032 135 1
5033 6 1
5034 128 0
5035 138 0
5036 69 0
5037 16 1
5038 35 0
5039 89 1
5040 61 1
5041 84 1
5042 114 1
5043 0 0
5044 75 1
5045 31 1
5046 12 1
5047 58 0
5048 119 0
5049 70 1
5050 128 0
5051 21 1
5052 71 1
5053 131 1
5054 149 0
5055 124 1
5056 17 1
5057 13 1
5058 104 1
5059 134 0
5060 16 1
5061 50 0
5062 103 1
5063 129 1
5064 75 1
5065 124 0
5066 61 1
5067 107 0
5068 136 1
5069 42 1
5070 112 1
5071 45 0
5072 126 0
5073 64 1
5074 124 1
5075 11 0
5076 115 0
5077 122 1
5078 72 1
5079 95 1
5080 52 0
5081 5 1
5082 117 1
5083 147 0
5084 4 1
5085 141 0
5086 55 1
5087 49 1
5088 49 0
5089 13 1
5090 63 1
5091 117 1
5092 40 0
5093 149 1
5094 92 1
5095 63 1
5096 65 1
5097 9 1
5098 134 1
5099 38 0
5100 45 1
5101 6 1
5102 19 0
5103 85 1
5104 18 1
5105 45 0
5106 76 1
5107 64 1
5108 3 0
5109 130 1
5110 111 1
5111 141 1
5112 66 0
5113 111 0
5114 58 1
5115 91 1
5116 34 0
5117 59 1
5118 3 1
5119 24 1
5120 46 1
5121 57 1
5122 134 0
5123 43 0
5124 138 0
5125 37 1
5126 22 1
5127 28 1
5128 133 1
5129 41 0
5130 92 0
5131 47 0
5132 133 1
5133 81 1
5134 3 0
5135 112 1
5136 77 0
5137 126 1
5138 95 1
5139 2 0
5140 96 1
5141 85 1
5142 22 0
5143 10 1
5144 4 0
5145 98 1
5146 139 1
5147 124 1
5148 4 1
5149 10 1
5150 63 0
5151 108 0
5152 149 1
5153 103 1
5154 7 1
5155 80 0
5156 99 1
5157 123 0
5158 129 0
5159 80 0
5160 139 1
5161 132 0
5162 76 1
5163 2 0
5164 117 1
5165 139 1
5166 90 0
5167 73 0
5168 137 1
5169 85 1
5170 86 1
5171 149 0
5172 32 1
5173 13 0
5174 59 0
5175 47 1
5176 25 0
5177 79 1
5178 91 0
5179 84 1
5180 147 1
5181 140 1
5182 125 1
5183 130 1
5184 44 1
5185 8 1
5186 81 0
5187 22 0
5188 31 0
5189 79 0
5190 32 1
5191 42 1
5192 58 1
5193 14 1
5194 105 1
5195 109 0
5196 126 0
5197 143 0
5198 117 0
5199 18 1
5200 91 1
5201 96 0
5202 34 0
5203 90 0
5204 56 1
5205 110 0
5206 47 1
5207 1 1
5208 78 0
5209 59 0
5210 16 0
5211 38 1
5212 73 0
5213 48 1
5214 109 1
5215 6 1
5216 92 1
5217 124 0
5218 24 0
5219 48 1
5220 83 1
5221 25 0
5222 63 0
5223 41 0
5224 95 0
5225 76 1
5226 21 0
5227 58 0
5228 2 1
5229 141 0
5230 74 1
5231 11 1
5232 53 1
5233 149 1
5234 50 1
5235 60 0
5236 107 0
5237 68 1
5238 15 1
5239 115 0
5240 112 0
5241 25 1
5242 12 0
5243 84 1
5244 143 0
5245 125 1
5246 124 1
5247 90 1
5248 24 0
5249 104 1
5250 38 1
5251 63 1
5252 55 1
5253 120 0
5254 45 1
5255 36 1
5256 81 0
5257 95 1
5258 99 1
5259 108 0
5260 104 1
5261 16 1
5262 24 1
5263 7 1
5264 45 0
5265 76 0
5266 132 1
5267 130 1
5268 24 1
5269 113 0
5270 88 1
5271 129 1
5272 113 1
5273 15 1
5274 5 1
5275 10 0
5276 12 0
5277 141 0
5278 132 1
5279 39 1
5280 63 1
5281 64 1
5282 7 0
5283 135 1
5284 99 0
5285 3 1
5286 0 1
5287 11 0
5288 62 0
5289 31 1
5290 6 1
5291 130 0
5292 68 1
5293 9 0
5294 73 1
5295 84 0
5296 13 1
5297 84 1
5298 148 1
5299 6 1
5300 123 1
5301 141 0
5302 95 1
5303 41 1
5304 132 0
5305 126 1
5306 114 0
5307 111 0
5308 31 1
5309 90 1
5310 18 1
5311 143 0
5312 75 1
5313 7 1
5314 101 1
5315 125 0
5316 75 1
5317 2 1
5318 72 1
5319 132 0
5320 115 1
5321 147 0
5322 19 1
5323 119 1
5324 79 1
5325 109 1
5326 83 0
5327 84 0
5328 133 0
5329 134 1
5330 58 1
5331 113 0
5332 29 0
5333 108 1
5334 8 1
5335 58 1
5336 2 0
5337 8 1
5338 14 1
5339 26 1
5340 88 1
5341 146 1
5342 41 0
5343 82 1
5344 125 0
5345 11 1
5346 130 1
5347 121 0
5348 142 1
5349 13 1
5350 123 1
5351 79 1
5352 29 0
5353 101 1
5354 18 0
5355 39 0
5356 66 1
5357 29 1
5358 69 1
5359 33 1
5360 133 1
5361 32 1
5362 124 0
5363 77 1
5364 88 0
5365 71 1
5366 64 1
5367 140 1
5368 93 1
5369 39 1
5370 22 1
5371 67 1
5372 68 1
5373 97 1
5374 111 0
5375 136 0
5376 130 1
5377 11 1
5378 27 1
5379 122 1
5380 82 1
5381 78 1
5382 50 1
5383 90 1
5384 114 1
5385 7 0
5386 11 0
5387 29 1
5388 74 1
5389 21 0
5390 61 1
5391 31 1
5392 31 1
5393 47 0
5394 33 1
5395 75 1
5396 18 1
5397 112 0
5398 25 1
5399 114 1
5400 37 1
5401 80 1
5402 99 0
5403 30 1
5404 39 1
5405 12 1
5406 12 0
5407 96 1
5408 39 0
5409 101 0
5410 118 1
5411 90 0
5412 81 0
5413 60 1
5414 110 1
5415 148 1
5416 101 1
5417 46 1
5418 89 1
5419 27 1
5420 81 0
5421 33 0
5422 36 1
5423 136 0
5424 130 1
5425 50 1
5426 15 1
5427 38 1
5428 147 1
5429 6 1
5430 25 1
5431 105 1
5432 134 0
5433 78 1
5434 31 1
5435 6 0
5436 98 1
5437 55 1
5438 123 1
5439 112 0
5440 30 1
5441 103 1
5442 107 1
5443 147 0
5444 44 1
5445 63 1
5446 112 1
5447 0 1
5448 124 1
5449 124 1
5450 138 0
5451 118 1
5452 72 1
5453 123 1
5454 117 1
5455 103 1
5456 149 0
5457 49 1
5458 2 1
5459 62 0
5460 102 0
5461 69 0
5462 97 1
5463 64 1
5464 50 1
5465 129 1
5466 71 0
5467 26 1
5468 74 0
5469 142 1
5470 84 1
5471 143 1
5472 106 1
5473 93 0
5474 140 1
5475 56 1
5476 84 1
5477 60 1
5478 97 0
5479 5 0
5480 116 1
5481 87 1
5482 133 1
5483 134 0
5484 67 1
5485 1 0
5486 26 0
5487 39 0
5488 88 0
5489 44 0
5490 91 1
5491 73 0
5492 30 1
5493 109 1
5494 61 1
5495 26 0
5496 0 0
5497 19 0
5498 30 0
5499 92 0
5500 85 1
5501 1 1
5502 41 0
5503 100 1
5504 127 0
5505 12 1
5506 147 1
5507 146 1
5508 121 0
5509 4 0
5510 75 1
5511 14 1
5512 97 1
5513 12 0
5514 90 0
5515 29 0
5516 2 0
5517 90 0
5518 122 1
5519 29 0
5520 35 0
5521 70 0
5522 28 1
5523 13 1
5524 125 1
5525 136 1
5526 1 1
5527 79 0
5528 34 1
5529 29 1
5530 149 1
5531 51 1
5532 140 0
5533 149 0
5534 84 1
5535 114 0
5536 121 0
5537 7 1
5538 54 1
5539 51 0
5540 89 1
5541 33 0
5542 37 1
5543 90 0
5544 105 1
5545 98 1
5546 80 1
5547 8 1
5548 96 1
5549 86 1
5550 139 1
5551 6 1
5552 39 1
5553 110 0
5554 34 1
5555 129 1
5556 100 1
5557 116 1
5558 79 1
5559 111 1
5560 78 1
5561 93 1
5562 14 1
5563 132 0
5564 63 0
5565 94 1
5566 20 1
5567 65 1
5568 16 1
5569 107 1
5570 140 1
5571 75 1
5572 52 1
5573 32 1
5574 52 0
5575 120 1
5576 7 0
5577 93 1
5578 119 1
5579 85 1
5580 45 1
5581 40 1
5582 84 1
5583 79 0
5584 137 1
5585 52 0
5586 76 1
5587 120 0
5588 123 1
5589 64 0
5590 47 1
5591 12 0
5592 52 1
5593 30 0
5594 135 0
5595 8 0
5596 2 0
5597 148 1
5598 108 1
5599 37 1
5600 16 1
5601 124 1
5602 21 1
5603 124 1
5604 50 0
5605 26 0
5606 125 0
5607 107 0
5608 46 0
5609 100 0
5610 109 0
5611 113 1
5612 59 1
5613 48 1
5614 40 1
5615 66 1
5616 128 1
5617 51 1
5618 89 1
5619 99 1
5620 116 1
5621 42 1
5622 66 1
5623 118 1
5624 90 1
5625 45 1
5626 79 1
5627 63 0
5628 120 0
5629 110 0
5630 0 1
5631 73 0
5632 120 0
5633 83 0
5634 104 1
5635 3 1
5636 111 1
5637 63 0
5638 96 0
5639 41 1
5640 53 1
5641 41 1
5642 147 1
5643 24 1
5644 118 0
5645 134 0
5646 115 0
5647 51 1
5648 83 1
5649 99 0
5650 22 0
5651 9 1
5652 50 0
5653 115 1
5654 109 1
5655 137 0
5656 47 0
5657 48 0
5658 35 0
5659 64 1
5660 10 0
5661 75 0
5662 7 1
5663 113 0
5664 117 1
5665 30 1
5666 67 1
5667 26 1
5668 66 0
5669 15 1
5670 50 1
5671 90 0
5672 83 1
5673 44 1
5674 14 1
5675 23 0
5676 58 0
5677 53 1
5678 128 1
5679 58 0
5680 33 1
5681 137 1
5682 81 1
5683 21 1
5684 109 0
5685 127 0
5686 91 0
5687 9 1
5688 10 1
5689 45 1
5690 64 0
5691 49 1
5692 70 0
5693 142 1
5694 21 1
5695 97 1
5696 92 1
5697 56 1
5698 52 1
5699 27 1
5700 15 0
5701 73 0
5702 124 0
5703 86 1
5704 90 1
5705 60 0
5706 4 0
5707 82 1
5708 114 1
5709 76 1
5710 131 0
5711 143 0
5712 11 1
5713 51 1
5714 80 1
5715 127 1
5716 83 1
5717 59 1
5718 86 1
5719 145 0
5720 80 0
5721 84 1
5722 68 1
5723 61 1
5724 44 0
5725 122 1
5726 12 0
5727 1 1
5728 119 1
5729 40 1
5730 131 0
5731 99 1
5732 73 1
5733 128 0
5734 55 0
5735 89 1
5736 82 1
5737 123 0
5738 143 0
5739 84 1
5740 74 0
5741 115 1
5742 74 1
5743 63 0
5744 70 0
5745 144 0
5746 127 1
5747 123 1
5748 102 1
5749 113 1
5750 127 1
5751 98 1
5752 127 1
5753 59 1
5754 7 1
5755 59 1
5756 102 1
5757 122 0
5758 42 0
5759 121 1
5760 146 0
5761 21 1
5762 112 0
5763 76 1
5764 95 1
5765 26 0
5766 143 1
5767 34 1
5768 97 1
5769 142 1
5770 42 0
5771 141 1
5772 128 1
5773 73 0
5774 5 1
5775 88 0
5776 62 0
5777 27 0
5778 5 0
5779 141 0
5780 97 0
5781 127 1
5782 44 1
5783 113 1
5784 60 1
5785 148 1
5786 59 1
5787 96 0
5788 57 0
5789 111 1
5790 116 1
5791 116 1
5792 112 1
5793 7 0
5794 50 1
5795 21 1
5796 119 0
5797 42 1
5798 63 1
5799 57 0
5800 12 1
5801 127 1
5802 149 1
5803 12 1
5804 145 1
5805 20 1
5806 74 0
5807 145 1
5808 31 0
5809 55 1
5810 104 1
5811 33 1
5812 127 1
5813 41 1
5814 132 1
5815 117 1
5816 56 0
5817 21 1
5818 70 1
5819 13 0
5820 6 1
5821 130 0
5822 72 1
5823 18 0
5824 82 0
5825 139 1
5826 51 1
5827 64 1
5828 0 1
5829 23 0
5830 106 0
5831 82 1
5832 85 1
5833 21 1
5834 136 0
5835 24 1
5836 22 0
5837 26 1
5838 84 1
5839 99 1
5840 71 1
5841 6 1
5842 66 0
5843 105 1
5844 131 1
5845 55 1
5846 22 1
5847 106 1
5848 142 0
5849 67 0
5850 116 0
5851 74 1
5852 148 0
5853 134 0
5854 98 1
5855 0 1
5856 28 1
5857 96 1
5858 31 1
5859 115 1
5860 82 1
5861 54 0
5862 60 0
5863 16 0
5864 39 1
5865 135 1
5866 24 1
5867 97 1
5868 114 0
5869 6 1
5870 119 1
5871 36 1
5872 117 1
5873 144 1
5874 137 1
5875 115 0
5876 83 1
5877 128 0
5878 81 0
5879 0 1
5880 77 1
5881 28 1
5882 96 0
5883 26 0
5884 11 1
5885 25 1
5886 143 1
5887 29 1
5888 95 0
5889 63 1
5890 138 1
5891 106 1
5892 99 1
5893 117 1
5894 79 1
5895 104 0
5896 4 1
5897 63 1
5898 62 0
5899 63 1
5900 76 1
5901 53 1
5902 103 1
5903 82 1
5904 112 1
5905 33 0
5906 127 1
5907 22 1
5908 126 1
5909 60 0
5910 61 1
5911 17 0
5912 49 1
5913 121 1
5914 71 1
5915 34 1
5916 77 1
5917 120 1
5918 124 0
5919 131 1
5920 100 1
5921 36 1
5922 107 1
5923 56 1
5924 55 1
5925 42 0
5926 33 0
5927 136 1
5928 41 1
5929 96 1
5930 96 0
5931 12 1
5932 120 0
5933 105 1
5934 87 1
5935 134 1
5936 106 0
5937 16 1
5938 34 1
5939 102 1
5940 143 1
5941 9 1
5942 105 0
5943 11 1
5944 5 0
5945 62 1
5946 141 1
5947 26 1
5948 11 1
5949 10 0
5950 22 1
5951 37 1
5952 67 0
5953 147 1
5954 80 0
5955 144 1
5956 145 1
5957 2 0
5958 52 0
5959 50 1
5960 23 1
5961 61 0
5962 141 1
5963 80 1
5964 23 1
5965 3 1
5966 84 1
5967 129 1
5968 49 1
5969 109 1
5970 75 1
5971 105 1
5972 10 1
5973 124 1
5974 74 1
5975 119 1
5976 90 0
5977 66 1
5978 72 1
5979 39 1
5980 86 1
5981 43 1
5982 89 1
5983 29 0
5984 50 1
5985 118 1
5986 92 0
5987 149 1
5988 134 0
5989 66 1
5990 49 1
5991 58 1
5992 20 0
5993 78 1
5994 23 1
5995 90 0
5996 113 1
5997 85 0
5998 110 1
5999 93 1
6000 4 0
6001 38 1
6002 88 1
6003 3 0
6004 63 1
6005 33 1
6006 60 0
6007 56 1
6008 118 1
6009 127 0
6010 55 1
6011 4 1
6012 4 1
6013 26 1
6014 105 0
6015 27 1
6016 135 1
6017 108 1
6018 56 1
6019 48 1
6020 84 1
6021 36 1
6022 22 0
6023 28 1
6024 31 0
6025 35 1
6026 26 1
6027 59 0
6028 128 1
6029 99 1
6030 107 1
6031 94 0
6032 145 1
6033 67 1
6034 67 1
6035 125 1
6036 98 1
6037 99 0
6038 6 0
6039 66 1
6040 35 0
6041 25 0
6042 42 1
6043 46 1
6044 72 1
6045 57 0
6046 128 1
6047 23 0
6048 106 1
6049 130 1
6050 10 1
6051 128 1
6052 117 1
6053 34 1
6054 55 1
6055 62 1
6056 103 1
6057 7 1
6058 74 0
6059 119 1
6060 4 1
6061 78 1
6062 131 1
6063 8 0
6064 49 1
6065 65 1
6066 146 1
6067 70 0
6068 121 1
6069 138 1
6070 106 1
6071 70 1
6072 39 1
6073 8 1
6074 34 0
6075 65 0
6076 9 1
6077 72 1
6078 49 1
6079 131 1
6080 23 0
6081 60 0
6082 90 0
6083 132 0
6084 39 1
6085 42 0
6086 124 1
6087 9 0
6088 145 1
6089 82 0
6090 99 1
6091 21 1
6092 42 1
6093 1 1
6094 128 1
6095 144 1
6096 81 0
6097 21 1
6098 41 1
6099 37 1
6100 130 1
6101 127 1
6102 95 1
6103 73 1
6104 56 1
6105 73 0
6106 54 1
6107 15 1
6108 141 1
6109 90 1
6110 51 1
6111 24 1
6112 93 0
6113 108 0
6114 3 1
6115 116 1
6116 127 1
6117 141 1
6118 132 1
6119 116 1
6120 121 1
6121 147 0
6122 35 0
6123 121 1
6124 134 0
6125 49 1
6126 101 1
6127 122 1
6128 20 1
6129 81 1
6130 127 0
6131 60 1
6132 43 1
6133 131 1
6134 17 0
6135 18 1
6136 39 1
6137 13 0
6138 81 1
6139 4 0
6140 0 1
6141 54 1
6142 126 0
6143 2 1
6144 60 1
6145 72 1
6146 84 0
6147 45 0
6148 85 1
6149 56 1
6150 26 0
6151 142 1
6152 142 1
6153 43 1
6154 94 1
6155 92 1
6156 2 1
6157 0 1
6158 127 0
6159 78 0
6160 137 0
6161 128 0
6162 35 1
6163 101 0
6164 3 0
6165 79 1
6166 36 0
6167 148 1
6168 129 0
6169 4 1
6170 42 1
6171 122 1
6172 145 1
6173 126 0
6174 78 1
6175 63 1
6176 107 1
6177 90 0
6178 116 0
6179 120 0
6180 3 1
6181 51 0
6182 121 0
6183 120 0
6184 44 0
6185 128 0
6186 24 1
6187 32 0
6188 26 1
6189 97 1
6190 115 1
6191 71 0
6192 51 1
6193 19 0
6194 106 1
6195 38 1
6196 91 1
6197 51 1
6198 41 1
6199 117 1
6200 99 1
6201 22 1
6202 0 0
6203 97 1
6204 17 0
6205 131 1
6206 106 0
6207 61 1
6208 117 1
6209 128 1
6210 122 1
6211 84 1
6212 9 1
6213 27 0
6214 110 1
6215 38 0
6216 45 1
6217 137 1
6218 70 0
6219 72 1
6220 83 1
6221 76 1
6222 61 1
6223 1 1
6224 119 0
6225 101 0
6226 100 1
6227 56 1
6228 125 0
6229 114 1
6230 33 1
6231 99 0
6232 115 1
6233 123 1
6234 26 1
6235 77 1
6236 54 1
6237 103 0
6238 140 1
6239 45 0
6240 37 1
6241 103 0
6242 135 0
6243 103 1
6244 47 1
6245 0 1
6246 70 1
6247 8 1
6248 87 1
6249 25 0
6250 132 1
6251 125 1
6252 7 1
6253 105 1
6254 136 0
6255 60 0
6256 48 1
6257 17 1
6258 127 1
6259 98 1
6260 38 0
6261 105 1
6262 99 0
6263 98 0
6264 49 1
6265 103 1
6266 127 1
6267 21 1
6268 58 0
6269 85 0
6270 80 1
6271 22 0
6272 113 0
6273 116 0
6274 62 1
6275 114 1
6276 64 1
6277 13 1
6278 137 0
6279 101 1
6280 136 1
6281 22 1
6282 35 0
6283 51 1
6284 26 1
6285 92 0
6286 86 1
6287 137 0
6288 107 0
6289 139 1
6290 69 0
6291 23 0
6292 29 0
6293 48 0
6294 50 1
6295 6 1
6296 105 1
6297 6 1
6298 78 0
6299 38 1
6300 148 1
6301 60 0
6302 100 1
6303 35 0
6304 52 1
6305 129 1
6306 133 0
6307 58 0
6308 91 0
6309 80 1
6310 59 1
6311 131 1
6312 69 1
6313 109 1
6314 97 1
6315 3 0
6316 133 1
6317 81 1
6318 13 1
6319 43 0
6320 146 1
6321 89 1
6322 129 1
6323 44 1
6324 58 1
6325 113 1
6326 15 1
6327 35 1
6328 134 1
6329 134 0
6330 96 1
6331 78 1
6332 104 1
6333 117 1
6334 131 1
6335 85 1
6336 136 1
6337 106 1
6338 127 1
6339 35 0
6340 27 1
6341 55 1
6342 145 0
6343 29 1
6344 39 1
6345 112 1
6346 106 0
6347 18 0
6348 3 1
6349 79 1
6350 47 1
6351 111 1
6352 144 1
6353 51 1
6354 22 0
6355 110 1
6356 137 0
6357 143 1
6358 60 0
6359 13 1
6360 141 1
6361 38 1
6362 67 1
6363 59 1
6364 94 1
6365 54 1
6366 55 0
6367 130 1
6368 37 1
6369 26 1
6370 72 1
6371 10 0
6372 107 1
6373 146 1
6374 130 1
6375 71 1
6376 89 0
6377 22 1
6378 16 1
6379 129 1
6380 70 0
6381 57 1
6382 55 0
6383 31 1
6384 22 1
6385 53 1
6386 96 1
6387 109 1
6388 21 1
6389 25 0
6390 121 1
6391 77 1
6392 107 1
6393 22 0
6394 83 0
6395 39 0
6396 139 1
6397 82 1
6398 139 1
6399 91 0
6400 73 1
6401 60 1
6402 12 1
6403 79 1
6404 79 1
6405 139 0
6406 4 1
6407 13 1
6408 119 1
6409 137 0
6410 89 1
6411 9 1
6412 128 1
6413 77 1
6414 9 1
6415 31 0
6416 66 1
6417 56 1
6418 65 1
6419 14 0
6420 43 1
6421 96 1
6422 23 1
6423 112 0
6424 47 0
6425 149 1
6426 80 0
6427 19 1
6428 54 1
6429 26 1
6430 17 1
6431 48 1
6432 103 1
6433 64 0
6434 43 0
6435 64 1
6436 133 1
6437 87 0
6438 22 1
6439 4 1
6440 52 1
6441 10 1
6442 116 0
6443 93 1
6444 80 0
6445 136 0
6446 131 1
6447 83 0
6448 93 1
6449 102 1
6450 127 1
6451 27 1
6452 79 0
6453 122 0
6454 119 0
6455 27 1
6456 84 0
6457 55 1
6458 21 1
6459 70 1
6460 73 0
6461 3 1
6462 144 1
6463 41 1
6464 37 1
6465 126 0
6466 114 0
6467 78 0
6468 21 1
6469 0 1
6470 78 0
6471 63 0
6472 20 0
6473 114 0
6474 123 1
6475 97 0
6476 144 0
6477 3 1
6478 88 1
6479 127 1
6480 141 1
6481 41 1
6482 10 1
6483 102 1
6484 71 1
6485 125 1
6486 33 1
6487 116 1
6488 12 1
6489 146 1
6490 69 1
6491 84 1
6492 95 1
6493 103 1
6494 85 1
6495 112 1
6496 87 1
6497 84 0
6498 24 1
6499 82 0
6500 140 1
6501 101 1
6502 49 0
6503 76 1
6504 101 1
6505 99 1
6506 68 0
6507 84 0
6508 75 1
6509 1 1
6510 73 0
6511 88 1
6512 19 1
6513 61 0
6514 111 1
6515 93 0
6516 4 1
6517 26 1
6518 65 1
6519 68 1
6520 129 0
6521 37 1
6522 104 0
6523 14 0
6524 16 1
6525 92 0
6526 31 1
6527 53 1
6528 7 1
6529 145 0
6530 61 1
6531 70 1
6532 86 1
6533 124 1
6534 3 0
6535 70 0
6536 112 1
6537 29 0
6538 33 1
6539 50 0
6540 111 1
6541 92 0
6542 127 1
6543 94 1
6544 11 1
6545 102 1
6546 132 1
6547 91 1
6548 73 1
6549 122 1
6550 10 1
6551 58 0
6552 51 0
6553 45 1
6554 84 1
6555 88 1
6556 41 1
6557 89 0
6558 78 0
6559 54 1
6560 77 1
6561 64 0
6562 133 1
6563 29 1
6564 123 1
6565 34 0
6566 43 0
6567 60 1
6568 133 1
6569 134 1
6570 102 1
6571 67 1
6572 5 1
6573 64 1
6574 144 1
6575 76 1
6576 27 1
6577 32 1
6578 48 0
6579 119 1
6580 63 1
6581 109 1
6582 50 0
6583 6 1
6584 26 1
6585 56 1
6586 114 0
6587 76 0
6588 84 1
6589 106 1
6590 108 1
6591 104 0
6592 74 0
6593 49 1
6594 49 1
6595 99 1
6596 126 1
6597 121 1
6598 130 0
6599 15 0
6600 19 1
6601 89 1
6602 148 1
6603 6 0
6604 57 1
6605 116 0
6606 46 1
6607 105 1
6608 57 1
6609 145 0
6610 75 0
6611 23 1
6612 55 1
6613 130 0
6614 76 0
6615 145 1
6616 118 1
6617 131 1
6618 53 0
6619 4 0
6620 53 1
6621 28 0
6622 92 0
6623 122 1
6624 40 1
6625 112 0
6626 114 0
6627 120 1
6628 32 0
6629 106 1
6630 148 0
6631 105 1
6632 140 0
6633 38 1
6634 28 0
6635 4 1
6636 116 1
6637 135 0
6638 67 1
6639 64 0
6640 29 1
6641 26 0
6642 64 0
6643 116 1
6644 98 1
6645 8 1
6646 75 1
6647 17 0
6648 5 1
6649 109 1
6650 103 1
6651 121 0
6652 99 1
6653 82 1
6654 18 0
6655 26 0
6656 127 1
6657 144 1
6658 49 0
6659 92 1
6660 84 0
6661 100 1
6662 19 1
6663 29 0
6664 127 1
6665 11 0
6666 55 1
6667 52 1
6668 142 0
6669 73 0
6670 84 0
6671 110 1
6672 53 1
6673 6 0
6674 19 1
6675 54 1
6676 101 0
6677 119 0
6678 24 1
6679 46 1
6680 91 1
6681 133 1
6682 145 1
6683 53 1
6684 25 1
6685 49 1
6686 127 1
6687 74 1
6688 120 0
6689 36 1
6690 28 1
6691 144 1
6692 95 1
6693 2 1
6694 15 0
6695 74 0
6696 61 1
6697 5 1
6698 47 1
6699 95 1
6700 87 1
6701 84 0
6702 108 1
6703 148 0
6704 88 1
6705 119 1
6706 26 0
6707 51 0
6708 31 0
6709 44 1
6710 4 0
6711 55 0
6712 130 1
6713 121 1
6714 21 1
6715 53 1
6716 15 1
6717 76 1
6718 146 1
6719 103 1
6720 62 1
6721 6 1
6722 139 1
6723 66 1
6724 12 0
6725 119 0
6726 33 1
6727 134 0
6728 85 0
6729 144 0
6730 126 1
6731 117 0
6732 35 1
6733 16 1
6734 71 1
6735 71 0
6736 145 0
6737 78 1
6738 88 0
6739 58 1
6740 58 0
6741 71 0
6742 52 1
6743 6 1
6744 116 0
6745 145 0
6746 48 1
6747 136 1
6748 110 1
6749 69 1
6750 128 0
6751 119 0
6752 21 1
6753 10 0
6754 93 1
6755 112 1
6756 148 1
6757 47 1
6758 141 1
6759 141 1
6760 106 1
6761 102 0
6762 53 1
6763 94 1
6764 44 0
6765 46 0
6766 56 0
6767 48 1
6768 17 1
6769 89 1
6770 133 1
6771 14 1
6772 38 1
6773 135 1
6774 18 1
6775 91 1
6776 14 0
6777 135 1
6778 85 1
6779 82 1
6780 144 0
6781 106 0
6782 149 1
6783 82 0
6784 17 0
6785 127 1
6786 78 0
6787 33 0
6788 7 0
6789 2 1
6790 46 1
6791 6 1
6792 39 1
6793 82 1
6794 122 0
6795 59 1
6796 148 0
6797 121 0
6798 72 1
6799 14 1
6800 80 1
6801 43 0
6802 139 1
6803 78 1
6804 48 1
6805 126 1
6806 77 1
6807 108 1
6808 123 0
6809 45 1
6810 61 1
6811 67 0
6812 74 1
6813 110 1
6814 45 0
6815 39 1
6816 70 0
6817 87 1
6818 112 1
6819 107 0
6820 149 0
6821 6 1
6822 65 1
6823 146 1
6824 109 1
6825 139 1
6826 2 0
6827 133 1
6828 147 1
6829 124 1
6830 67 1
6831 122 1
6832 49 0
6833 0 1
6834 128 0
6835 21 1
6836 93 0
6837 7 0
6838 44 0
6839 1 1
6840 51 1
6841 76 1
6842 100 1
6843 32 1
6844 2 1
6845 42 1
6846 26 1
6847 63 1
6848 29 1
6849 139 1
6850 22 0
6851 88 1
6852 142 1
6853 26 1
6854 104 0
6855 144 1
6856 123 0
6857 112 1
6858 32 1
6859 20 0
6860 7 1
6861 110 1
6862 32 0
6863 12 0
6864 88 1
6865 120 1
6866 116 0
6867 29 1
6868 9 1
6869 47 1
6870 38 1
6871 21 0
6872 14 0
6873 84 0
6874 134 0
6875 34 0
6876 23 1
6877 77 1
6878 71 1
6879 70 1
6880 45 0
6881 73 1
6882 104 0
6883 120 1
6884 60 1
6885 77 1
6886 111 0
6887 11 1
6888 36 1
6889 73 1
6890 56 0
6891 11 0
6892 5 1
6893 89 1
6894 132 1
6895 137 0
6896 4 0
6897 39 1
6898 64 1
6899 72 1
6900 131 0
6901 27 1
6902 149 1
6903 120 1
6904 88 1
6905 107 1
6906 106 1
6907 126 0
6908 12 0
6909 141 1
6910 126 1
6911 22 0
6912 142 0
6913 141 1
6914 24 1
6915 37 1
6916 16 0
6917 1 1
6918 58 1
6919 5 1
6920 119 0
6921 43 1
6922 133 1
6923 140 1
6924 38 0
6925 42 0
6926 63 0
6927 99 1
6928 79 1
6929 66 1
6930 55 1
6931 109 1
6932 70 1
6933 138 1
6934 134 0
6935 79 0
6936 8 1
6937 81 1
6938 95 0
6939 143 1
6940 7 1
6941 49 0
6942 53 1
6943 80 1
6944 140 1
6945 137 0
6946 53 0
6947 18 1
6948 109 0
6949 56 1
6950 104 1
6951 99 1
6952 9 0
6953 110 1
6954 55 1
6955 139 1
6956 40 1
6957 87 1
6958 141 1
6959 127 1
6960 19 1
6961 79 1
6962 61 1
6963 98 1
6964 59 1
6965 68 1
6966 42 0
6967 80 1
6968 1 1
6969 110 0
6970 45 1
6971 125 1
6972 93 1
6973 80 1
6974 33 1
6975 66 1
6976 21 1
6977 27 0
6978 48 1
6979 110 0
6980 84 1
6981 22 0
6982 0 0
6983 133 1
6984 44 1
6985 12 1
6986 95 1
6987 24 1
6988 102 0
6989 123 1
6990 63 0
6991 142 1
6992 139 1
6993 122 1
6994 99 0
6995 144 1
6996 12 1
6997 16 1
6998 21 0
6999 66 1
7000 145 1
7001 57 1
7002 20 1
7003 31 1
7004 88 0
7005 115 1
7006 49 1
7007 139 1
7008 81 0
7009 128 1
7010 95 1
7011 17 0
7012 94 1
7013 22 0
7014 85 0
7015 135 1
7016 22 1
7017 27 0
7018 27 0
7019 120 1
7020 16 0
7021 71 1
7022 94 1
7023 6 1
7024 125 0
7025 107 0
7026 62 1
7027 80 0
7028 113 1
7029 75 1
7030 92 1
7031 135 1
7032 58 1
7033 59 0
7034 122 1
7035 4 0
7036 16 0
7037 7 1
7038 38 0
7039 90 0
7040 103 1
7041 136 1
7042 127 1
7043 125 1
7044 70 1
7045 144 1
7046 117 1
7047 29 1
7048 43 0
7049 12 1
7050 72 0
7051 107 0
7052 93 1
7053 3 1
7054 31 0
7055 99 1
7056 44 1
7057 51 1
7058 106 1
7059 117 0
7060 30 0
7061 91 1
7062 143 1
7063 23 0
7064 13 0
7065 104 0
7066 105 1
7067 75 1
7068 26 1
7069 133 1
7070 75 1
7071 93 1
7072 25 1
7073 94 1
7074 72 1
7075 60 1
7076 22 0
7077 3 0
7078 76 1
7079 104 1
7080 16 1
7081 76 1
7082 21 1
7083 71 1
7084 35 1
7085 7 1
7086 92 1
7087 131 1
7088 147 0
7089 0 1
7090 38 1
7091 127 1
7092 115 1
7093 30 1
7094 110 0
7095 33 0
7096 146 1
7097 98 0
7098 117 0
7099 117 0
7100 127 1
7101 14 0
7102 30 1
7103 140 0
7104 122 0
7105 149 0
7106 103 1
7107 25 1
7108 8 1
7109 64 1
7110 91 1
7111 96 1
7112 62 1
7113 6 0
7114 116 1
7115 136 0
7116 53 1
7117 116 0
7118 48 1
7119 12 1
7120 149 1
7121 37 0
7122 40 0
7123 27 1
7124 19 0
7125 18 1
7126 142 0
7127 1 1
7128 60 1
7129 38 1
7130 86 0
7131 22 0
7132 78 1
7133 124 1
7134 147 1
7135 101 1
7136 50 0
7137 105 0
7138 103 1
7139 140 1
7140 125 0
7141 37 1
7142 24 0
7143 125 0
7144 99 1
7145 13 1
7146 91 1
7147 128 1
7148 77 0
7149 47 1
7150 140 1
7151 25 1
7152 92 0
7153 34 1
7154 14 0
7155 70 1
7156 136 0
7157 60 0
7158 101 1
7159 48 1
7160 3 1
7161 39 1
7162 52 1
7163 15 0
7164 21 0
7165 7 1
7166 16 1
7167 104 1
7168 64 1
7169 55 0
7170 116 1
7171 119 0
7172 38 1
7173 14 1
7174 19 0
7175 143 1
7176 79 1
7177 71 0
7178 101 0
7179 64 1
7180 51 0
7181 87 1
7182 58 1
7183 77 1
7184 134 0
7185 103 1
7186 11 0
7187 105 1
7188 108 1
7189 142 0
7190 137 0
7191 103 1
7192 69 1
7193 1 0
7194 13 1
7195 96 1
7196 90 1
7197 86 1
7198 29 1
7199 75 0
7200 146 1
7201 69 1
7202 106 1
7203 10 0
7204 98 1
7205 93 0
7206 39 1
7207 53 1
7208 25 1
7209 82 1
7210 21 1
7211 57 0
7212 114 0
7213 64 1
7214 58 0
7215 111 0
7216 23 1
7217 16 1
7218 9 1
7219 96 1
7220 133 1
7221 43 1
7222 41 0
7223 33 1
7224 53 1
7225 7 0
7226 46 1
7227 140 1
7228 11 1
7229 10 1
7230 148 1
7231 78 0
7232 106 0
7233 54 1
7234 76 0
7235 124 1
7236 144 1
7237 134 1
7238 68 0
7239 4 1
7240 88 0
7241 97 1
7242 29 0
7243 1 1
7244 97 1
7245 11 0
7246 86 1
7247 19 1
7248 87 0
7249 111 1
7250 126 1
7251 124 1
7252 57 0
7253 110 0
7254 133 1
7255 148 1
7256 79 1
7257 9 1
7258 138 1
7259 50 0
7260 73 1
7261 82 1
7262 105 0
7263 104 1
7264 77 1
7265 9 1
7266 54 1
7267 128 0
7268 99 1
7269 139 1
7270 104 1
7271 3 0
7272 37 0
7273 43 0
7274 75 1
7275 64 1
7276 108 1
7277 60 0
7278 1 1
7279 112 0
7280 133 1
7281 34 1
7282 60 0
7283 50 1
7284 2 0
7285 91 0
7286 79 1
7287 139 1
7288 60 0
7289 148 0
7290 27 1
7291 36 1
7292 111 0
7293 55 1
7294 13 0
7295 145 0
7296 42 0
7297 85 1
7298 145 1
7299 13 0
7300 77 1
7301 5 1
7302 100 0
7303 77 1
7304 78 1
7305 48 1
7306 39 0
7307 96 1
7308 82 1
7309 67 0
7310 72 1
7311 46 1
7312 45 1
7313 118 0
7314 72 0
7315 37 1
7316 137 1
7317 110 1
7318 88 1
7319 51 0
7320 112 1
7321 127 0
7322 85 1
7323 106 1
7324 128 1
7325 120 1
7326 40 1
7327 66 0
7328 102 1
7329 126 1
7330 67 0
7331 76 1
7332 10 1
7333 95 0
7334 125 0
7335 69 0
7336 50 1
7337 42 0
7338 23 0
7339 107 1
7340 127 0
7341 103 1
7342 146 0
7343 103 0
7344 105 1
7345 25 1
7346 48 1
7347 30 1
7348 39 1
7349 111 0
7350 75 0
7351 3 1
7352 32 1
7353 13 1
7354 148 1
7355 108 0
7356 2 1
7357 45 1
7358 34 1
7359 148 1
7360 32 0
7361 17 0
7362 124 1
7363 93 0
7364 126 1
7365 79 1
7366 91 1
7367 131 1
7368 82 1
7369 80 1
7370 68 1
7371 108 1
7372 53 1
7373 120 0
7374 53 1
7375 30 1
7376 142 1
7377 120 0
7378 146 0
7379 84 1
7380 72 0
7381 128 1
7382 50 0
7383 39 1
7384 5 0
7385 17 0
7386 112 1
7387 46 1
7388 30 1
7389 109 1
7390 89 1
7391 123 1
7392 89 1
7393 3 1
7394 59 1
7395 110 1
7396 55 0
7397 99 1
7398 99 1
7399 42 0
7400 61 0
7401 131 1
7402 86 1
7403 45 1
7404 148 0
7405 102 0
7406 143 1
7407 71 1
7408 71 1
7409 70 1
7410 64 0
7411 118 1
7412 72 1
7413 127 1
7414 107 1
7415 79 0
7416 131 1
7417 146 1
7418 140 1
7419 138 0
7420 45 0
7421 29 1
7422 120 1
7423 75 0
7424 129 1
7425 126 1
7426 129 0
7427 13 1
7428 64 1
7429 124 0
7430 114 1
7431 145 1
7432 16 1
7433 118 1
7434 85 1
7435 0 1
7436 1 0
7437 123 1
7438 84 1
7439 64 1
7440 148 1
7441 9 1
7442 38 1
7443 29 1
7444 117 0
7445 78 1
7446 11 1
7447 79 1
7448 117 0
7449 137 0
7450 56 1
7451 84 1
7452 121 1
7453 80 1
7454 61 1
7455 21 1
7456 139 1
7457 37 0
7458 7 1
7459 84 1
7460 77 1
7461 108 0
7462 138 1
7463 18 0
7464 137 1
7465 59 0
7466 45 1
7467 2 1
7468 5 1
7469 123 1
7470 128 1
7471 28 0
7472 130 1
7473 47 1
7474 86 1
7475 14 0
7476 46 0
7477 4 1
7478 61 1
7479 41 0
7480 79 1
7481 45 1
7482 145 0
7483 94 1
7484 31 1
7485 21 1
7486 17 1
7487 82 0
7488 17 0
7489 36 0
7490 65 0
7491 19 1
7492 126 0
7493 99 1
7494 97 0
7495 40 0
7496 44 0
7497 105 1
7498 35 1
7499 144 0
7500 71 1
7501 83 0
7502 65 1
7503 39 0
7504 46 1
7505 140 1
7506 80 0
7507 26 1
7508 136 1
7509 147 0
7510 69 1
7511 63 1
7512 25 1
7513 55 0
7514 120 1
7515 134 1
7516 117 0
7517 32 1
7518 134 1
7519 69 1
7520 49 1
7521 96 1
7522 22 0
7523 89 0
7524 52 1
7525 45 1
7526 77 0
7527 39 1
7528 127 0
7529 20 1
7530 45 1
7531 41 0
7532 123 1
7533 0 1
7534 46 0
7535 91 1
7536 83 1
7537 30 1
7538 114 1
7539 68 1
7540 9 1
7541 91 1
7542 72 1
7543 143 0
7544 126 1
7545 101 0
7546 69 1
7547 41 1
7548 117 0
7549 51 0
7550 12 0
7551 12 0
7552 134 1
7553 5 0
7554 63 0
7555 68 1
7556 36 1
7557 60 1
7558 94 0
7559 15 1
7560 67 1
7561 99 0
7562 11 1
7563 81 1
7564 83 0
7565 44 1
7566 28 1
7567 145 1
7568 98 1
7569 65 0
7570 125 0
7571 135 0
7572 149 1
7573 74 0
7574 100 1
7575 119 1
7576 10 0
7577 56 1
7578 110 1
7579 103 1
7580 23 0
7581 40 1
7582 106 1
7583 17 1
7584 87 1
7585 20 1
7586 20 1
7587 126 0
7588 52 1
7589 67 1
7590 94 1
7591 71 1
7592 58 0
7593 79 0
7594 18 1
7595 15 1
7596 82 1
7597 46 1
7598 45 1
7599 48 1
7600 100 1
7601 97 1
7602 74 0
7603 93 1
7604 78 0
7605 82 0
7606 99 1
7607 132 1
7608 86 1
7609 130 1
7610 145 0
7611 99 0
7612 6 1
7613 123 0
7614 12 1
7615 34 0
7616 141 1
7617 134 0
7618 9 1
7619 146 1
7620 141 1
7621 115 1
7622 37 1
7623 104 1
7624 60 1
7625 31 1
7626 35 1
7627 140 0
7628 79 0
7629 92 1
7630 134 1
7631 54 0
7632 63 0
7633 145 1
7634 70 1
7635 16 1
7636 123 1
7637 106 1
7638 79 0
7639 35 1
