5658
1 134 1
2 563 1
3 335 1
4 476 0
5 669 0
6 379 1
7 59 0
8 422 0
9 274 0
10 520 0
11 552 1
12 61 1
13 538 0
14 371 1
15 383 1
16 474 1
17 50 1
18 615 1
19 24 1
20 394 0
21 541 1
22 535 1
23 153 1
24 276 1
25 658 0
26 534 1
27 276 0
28 241 1
29 546 1
30 497 1
31 397 1
32 71 1
33 617 0
34 481 1
35 385 1
36 279 1
37 257 1
38 135 0
39 380 0
40 134 0
41 152 1
42 170 1
43 224 1
44 203 0
45 671 0
46 324 0
47 632 0
48 124 0
49 378 0
50 499 1
51 426 1
52 298 0
53 553 1
54 390 0
55 476 1
56 228 1
57 152 1
58 17 0
59 105 1
60 459 1
61 217 1
62 453 1
63 475 0
64 19 0
65 127 1
66 560 0
67 593 1
68 197 1
69 587 0
70 0 1
71 71 0
72 653 1
73 611 1
74 248 1
75 539 0
76 453 1
77 435 1
78 213 1
79 427 1
80 371 1
81 400 1
82 68 1
83 398 1
84 60 1
85 148 1
86 658 0
87 624 1
88 427 1
89 253 0
90 224 1
91 679 1
92 156 1
93 527 1
94 297 1
95 603 1
96 133 1
97 209 1
98 604 1
99 115 1
100 553 1
101 372 1
102 131 1
103 106 1
104 152 0
105 530 1
106 448 0
107 685 1
108 596 1
109 623 1
110 103 1
111 171 0
112 149 1
113 422 0
114 283 1
115 26 0
116 98 0
117 320 0
118 339 1
119 84 0
120 83 1
121 164 1
122 95 1
123 96 0
124 334 0
125 546 0
126 217 1
127 658 1
128 393 0
129 64 1
130 226 1
131 473 0
132 472 1
133 538 1
134 517 0
135 264 1
136 196 1
137 91 1
138 238 1
139 631 0
140 555 1
141 658 1
142 502 0
143 435 1
144 333 0
145 532 1
146 237 0
147 532 1
148 407 0
149 482 1
150 652 1
151 132 0
152 486 0
153 99 1
154 396 1
155 258 0
156 180 1
157 684 0
158 169 1
159 186 1
160 579 0
161 357 0
162 332 1
163 135 1
164 567 1
165 272 1
166 675 1
167 339 0
168 260 0
169 494 0
170 466 1
171 568 1
172 629 1
173 625 1
174 644 1
175 596 0
176 490 1
177 313 1
178 99 0
179 522 1
180 25 1
181 158 1
182 142 0
183 469 0
184 232 1
185 19 1
186 324 0
187 641 1
188 464 1
189 359 1
190 14 1
191 604 1
192 517 1
193 287 1
194 661 1
195 242 1
196 211 1
197 346 1
198 194 0
199 405 0
200 52 1
201 85 0
202 660 1
203 290 0
204 616 0
205 152 1
206 565 1
207 432 0
208 634 0
209 306 1
210 137 1
211 254 1
212 597 1
213 350 1
214 41 0
215 177 1
216 476 1
217 117 1
218 636 0
219 180 0
220 17 0
221 492 1
222 49 1
223 272 1
224 251 1
225 588 1
226 86 1
227 385 0
228 67 1
229 98 1
230 99 1
231 185 1
232 186 0
233 655 1
234 6 0
235 348 0
236 127 1
237 589 1
238 372 0
239 157 1
240 399 1
241 660 0
242 211 1
243 129 0
244 388 1
245 371 0
246 152 0
247 358 0
248 492 1
249 121 1
250 120 0
251 506 1
252 605 1
253 73 0
254 565 1
255 561 1
256 287 1
257 410 0
258 186 0
259 73 1
260 416 1
261 22 0
262 634 1
263 554 0
264 2 1
265 584 1
266 105 1
267 354 0
268 106 0
269 648 1
270 305 1
271 243 0
272 686 1
273 35 1
274 490 0
275 407 0
276 537 1
277 82 0
278 441 1
279 569 1
280 272 0
281 550 0
282 164 0
283 49 0
284 292 1
285 237 1
286 163 1
287 486 0
288 79 0
289 346 1
290 277 1
291 435 1
292 478 0
293 258 1
294 113 1
295 659 1
296 590 1
297 412 1
298 385 1
299 321 0
300 102 1
301 235 0
302 671 1
303 427 1
304 538 0
305 279 1
306 134 0
307 590 1
308 527 1
309 475 1
310 285 1
311 675 1
312 615 1
313 237 0
314 492 1
315 638 0
316 413 1
317 172 1
318 538 0
319 107 1
320 668 1
321 164 0
322 397 1
323 358 0
324 211 1
325 525 0
326 240 1
327 331 1
328 207 1
329 464 0
330 423 0
331 254 0
332 232 0
333 529 0
334 321 0
335 119 1
336 318 1
337 47 1
338 686 0
339 264 0
340 534 0
341 354 1
342 262 0
343 590 1
344 550 0
345 129 0
346 77 1
347 82 1
348 105 1
349 393 1
350 207 1
351 23 1
352 444 1
353 201 0
354 459 1
355 299 0
356 551 1
357 40 1
358 299 0
359 242 1
360 292 1
361 431 0
362 50 1
363 680 1
364 85 0
365 229 0
366 193 1
367 115 1
368 658 1
369 39 1
370 430 1
371 47 1
372 640 1
373 66 0
374 365 1
375 397 1
376 664 1
377 675 0
378 302 1
379 518 1
380 684 0
381 665 1
382 648 0
383 475 0
384 408 1
385 8 0
386 150 1
387 91 1
388 478 0
389 2 0
390 450 1
391 108 0
392 523 1
393 436 1
394 59 0
395 174 1
396 310 0
397 582 1
398 227 1
399 536 0
400 180 1
401 434 0
402 583 1
403 81 0
404 667 1
405 512 0
406 130 1
407 503 1
408 365 1
409 439 1
410 166 0
411 464 1
412 396 1
413 394 0
414 24 1
415 571 1
416 83 1
417 519 1
418 138 1
419 0 1
420 331 1
421 194 1
422 93 0
423 410 0
424 261 0
425 179 1
426 71 0
427 551 1
428 650 1
429 51 1
430 483 1
431 510 1
432 235 1
433 545 1
434 589 0
435 475 1
436 17 1
437 677 1
438 327 0
439 217 1
440 210 1
441 663 1
442 0 1
443 45 0
444 79 1
445 268 0
446 367 1
447 89 0
448 432 1
449 273 1
450 139 1
451 550 1
452 26 0
453 604 1
454 587 1
455 254 0
456 178 1
457 375 1
458 388 1
459 124 0
460 501 1
461 679 1
462 482 0
463 80 0
464 363 1
465 544 1
466 397 0
467 643 1
468 593 1
469 90 1
470 341 1
471 250 1
472 206 1
473 345 1
474 678 1
475 23 0
476 157 1
477 320 0
478 430 1
479 162 1
480 401 1
481 592 1
482 408 0
483 535 1
484 67 1
485 454 1
486 265 1
487 239 1
488 626 1
489 379 1
490 685 1
491 68 1
492 64 0
493 105 0
494 437 0
495 584 1
496 269 0
497 597 0
498 331 1
499 639 1
500 29 1
501 118 1
502 70 1
503 415 0
504 573 1
505 609 0
506 156 1
507 36 1
508 362 1
509 346 1
510 393 1
511 597 1
512 26 1
513 636 0
514 599 1
515 68 1
516 641 1
517 220 1
518 528 0
519 368 1
520 53 0
521 632 1
522 263 1
523 413 1
524 107 1
525 32 1
526 650 1
527 459 1
528 433 1
529 682 1
530 643 1
531 269 1
532 234 1
533 268 1
534 436 1
535 472 1
536 222 0
537 682 0
538 382 1
539 71 0
540 463 1
541 637 0
542 382 0
543 45 1
544 465 1
545 455 0
546 87 1
547 665 0
548 174 1
549 379 1
550 529 1
551 396 1
552 565 1
553 198 0
554 430 1
555 396 1
556 357 1
557 262 1
558 66 1
559 162 1
560 348 0
561 600 1
562 303 1
563 404 0
564 470 0
565 384 1
566 243 1
567 359 0
568 132 1
569 363 0
570 459 0
571 64 1
572 65 0
573 164 1
574 634 1
575 647 1
576 240 1
577 377 0
578 432 0
579 317 1
580 173 1
581 157 0
582 442 0
583 169 1
584 370 0
585 433 0
586 588 0
587 606 1
588 471 1
589 80 0
590 392 1
591 360 1
592 582 1
593 472 1
594 127 1
595 172 1
596 451 1
597 13 1
598 495 1
599 76 0
600 362 0
601 319 1
602 654 1
603 563 1
604 655 1
605 503 1
606 667 1
607 640 0
608 210 0
609 520 1
610 510 1
611 286 0
612 671 1
613 463 1
614 129 1
615 303 1
616 8 1
617 402 1
618 507 1
619 59 1
620 553 1
621 482 0
622 35 0
623 391 1
624 507 1
625 582 0
626 564 1
627 251 1
628 463 0
629 673 0
630 213 1
631 44 1
632 559 0
633 531 1
634 19 1
635 501 1
636 98 0
637 402 1
638 378 0
639 378 0
640 664 0
641 175 1
642 437 0
643 384 0
644 101 0
645 117 0
646 643 1
647 520 1
648 591 1
649 541 0
650 251 1
651 143 1
652 650 1
653 130 1
654 298 1
655 186 1
656 76 1
657 112 1
658 436 1
659 374 1
660 162 0
661 149 0
662 636 0
663 632 1
664 329 1
665 109 0
666 488 0
667 225 1
668 446 1
669 439 1
670 511 1
671 316 1
672 635 1
673 61 1
674 572 0
675 553 1
676 222 0
677 500 1
678 668 0
679 357 1
680 226 1
681 538 1
682 368 0
683 125 0
684 79 1
685 503 1
686 150 1
687 138 0
688 207 1
689 465 0
690 283 0
691 475 1
692 681 1
693 324 1
694 380 1
695 282 1
696 109 1
697 632 1
698 544 0
699 235 1
700 283 1
701 173 0
702 182 0
703 515 1
704 160 1
705 130 1
706 270 0
707 245 1
708 540 1
709 572 0
710 548 1
711 150 1
712 283 1
713 430 1
714 149 0
715 410 1
716 28 0
717 161 1
718 192 0
719 249 1
720 264 0
721 91 1
722 632 1
723 446 1
724 203 1
725 365 1
726 482 1
727 16 1
728 594 0
729 553 1
730 71 1
731 119 1
732 155 1
733 295 1
734 253 1
735 347 1
736 571 1
737 13 0
738 408 1
739 647 1
740 438 1
741 658 1
742 488 1
743 646 1
744 80 0
745 434 0
746 82 1
747 235 1
748 482 1
749 233 1
750 34 1
751 214 1
752 316 1
753 80 0
754 334 0
755 295 0
756 364 1
757 301 1
758 587 1
759 543 1
760 66 1
761 450 1
762 490 1
763 35 1
764 176 1
765 317 1
766 497 0
767 128 0
768 54 0
769 161 1
770 585 1
771 457 0
772 17 1
773 58 1
774 314 1
775 567 1
776 538 0
777 514 1
778 664 1
779 609 1
780 465 1
781 11 1
782 65 1
783 48 1
784 333 0
785 156 1
786 298 1
787 123 1
788 332 1
789 232 0
790 94 1
791 324 1
792 426 1
793 269 1
794 683 0
795 538 0
796 77 1
797 383 1
798 674 0
799 262 0
800 274 1
801 533 1
802 679 1
803 200 1
804 486 1
805 267 0
806 177 0
807 509 1
808 37 1
809 653 0
810 616 0
811 140 0
812 349 0
813 148 1
814 252 1
815 302 1
816 140 0
817 58 1
818 436 0
819 103 1
820 324 1
821 110 0
822 257 1
823 416 1
824 5 1
825 326 0
826 516 1
827 627 1
828 639 0
829 513 0
830 145 1
831 25 1
832 595 1
833 401 1
834 326 1
835 561 1
836 171 1
837 111 1
838 587 1
839 371 0
840 204 1
841 175 1
842 460 0
843 547 1
844 186 1
845 598 0
846 484 1
847 265 1
848 3 0
849 31 1
850 130 1
851 276 1
852 561 1
853 378 1
854 563 0
855 349 1
856 54 1
857 96 0
858 623 1
859 574 1
860 664 1
861 436 0
862 404 0
863 484 0
864 327 1
865 385 1
866 69 0
867 391 1
868 8 1
869 386 1
870 126 0
871 635 0
872 220 0
873 344 1
874 335 1
875 260 1
876 363 1
877 67 0
878 358 1
879 135 1
880 28 1
881 88 0
882 477 1
883 23 1
884 209 0
885 353 1
886 105 1
887 164 1
888 328 1
889 465 0
890 35 1
891 270 1
892 31 0
893 462 1
894 185 0
895 371 1
896 414 1
897 294 0
898 235 1
899 322 1
900 23 0
901 75 1
902 272 0
903 102 1
904 44 1
905 559 0
906 590 0
907 126 1
908 110 1
909 658 1
910 146 1
911 157 1
912 433 0
913 61 0
914 65 1
915 72 0
916 354 1
917 553 0
918 372 1
919 522 1
920 519 1
921 496 0
922 166 0
923 2 1
924 170 1
925 573 1
926 635 1
927 174 1
928 478 1
929 9 1
930 602 0
931 616 1
932 565 1
933 543 0
934 81 1
935 314 0
936 67 1
937 670 1
938 40 1
939 158 1
940 277 1
941 511 0
942 70 0
943 253 1
944 216 1
945 388 1
946 679 1
947 47 1
948 430 0
949 102 1
950 599 1
951 424 0
952 522 1
953 196 0
954 374 1
955 421 1
956 46 1
957 524 1
958 226 0
959 312 1
960 335 1
961 221 0
962 314 1
963 180 1
964 490 0
965 216 1
966 683 1
967 364 1
968 342 1
969 40 1
970 226 1
971 312 1
972 353 1
973 388 0
974 222 1
975 670 0
976 362 1
977 533 1
978 455 1
979 28 0
980 291 1
981 642 1
982 532 1
983 452 1
984 190 1
985 535 1
986 265 1
987 337 0
988 644 1
989 494 0
990 387 0
991 385 1
992 327 1
993 33 1
994 255 1
995 671 0
996 642 1
997 481 1
998 256 0
999 305 1
1000 49 1
1001 511 1
1002 295 1
1003 228 0
1004 535 1
1005 79 1
1006 158 1
1007 631 0
1008 342 0
1009 211 1
1010 373 1
1011 439 0
1012 132 1
1013 110 1
1014 125 0
1015 482 1
1016 215 0
1017 472 1
1018 115 1
1019 410 0
1020 31 1
1021 196 0
1022 249 0
1023 659 1
1024 99 1
1025 484 1
1026 25 0
1027 96 1
1028 468 1
1029 529 1
1030 269 1
1031 416 1
1032 614 0
1033 642 0
1034 550 0
1035 3 0
1036 486 1
1037 419 1
1038 322 0
1039 287 1
1040 558 0
1041 189 0
1042 320 1
1043 37 1
1044 475 1
1045 342 0
1046 186 1
1047 524 1
1048 608 0
1049 153 0
1050 476 0
1051 347 1
1052 339 1
1053 322 0
1054 118 1
1055 378 1
1056 342 1
1057 219 0
1058 149 1
1059 58 1
1060 119 1
1061 313 0
1062 456 1
1063 66 0
1064 613 0
1065 142 1
1066 8 1
1067 323 1
1068 216 1
1069 657 1
1070 552 1
1071 658 1
1072 563 0
1073 516 1
1074 430 1
1075 282 1
1076 623 1
1077 503 1
1078 57 0
1079 63 0
1080 420 1
1081 367 1
1082 679 1
1083 424 0
1084 297 0
1085 190 1
1086 388 0
1087 367 1
1088 334 1
1089 273 1
1090 65 0
1091 274 1
1092 462 0
1093 376 1
1094 642 0
1095 486 1
1096 293 0
1097 451 1
1098 505 1
1099 140 1
1100 228 0
1101 275 1
1102 474 1
1103 529 1
1104 133 0
1105 534 1
1106 317 0
1107 535 0
1108 546 1
1109 595 0
1110 312 0
1111 171 0
1112 192 1
1113 538 1
1114 106 0
1115 459 1
1116 304 1
1117 248 0
1118 672 1
1119 547 1
1120 187 0
1121 651 1
1122 162 1
1123 579 0
1124 371 1
1125 504 0
1126 513 1
1127 248 1
1128 595 0
1129 26 1
1130 408 1
1131 668 1
1132 179 0
1133 451 0
1134 653 0
1135 616 1
1136 0 1
1137 640 0
1138 374 1
1139 166 1
1140 667 1
1141 36 1
1142 306 1
1143 509 1
1144 367 1
1145 547 0
1146 316 0
1147 448 1
1148 404 1
1149 306 1
1150 506 0
1151 506 1
1152 461 0
1153 652 0
1154 638 1
1155 189 0
1156 448 1
1157 405 0
1158 159 1
1159 264 1
1160 57 0
1161 262 1
1162 635 1
1163 516 1
1164 218 1
1165 16 0
1166 16 1
1167 526 0
1168 277 1
1169 610 0
1170 268 1
1171 141 0
1172 673 1
1173 80 0
1174 69 1
1175 655 1
1176 452 1
1177 484 1
1178 236 1
1179 398 1
1180 95 0
1181 475 0
1182 233 0
1183 237 1
1184 436 0
1185 369 0
1186 607 1
1187 30 1
1188 353 1
1189 385 0
1190 102 1
1191 532 0
1192 565 1
1193 601 1
1194 289 1
1195 553 1
1196 22 1
1197 143 1
1198 286 1
1199 397 1
1200 188 0
1201 388 0
1202 237 0
1203 12 1
1204 528 1
1205 660 0
1206 45 1
1207 145 1
1208 145 1
1209 20 1
1210 354 0
1211 114 0
1212 210 0
1213 615 1
1214 286 0
1215 179 1
1216 50 1
1217 582 0
1218 633 1
1219 525 1
1220 623 0
1221 400 1
1222 314 1
1223 575 0
1224 235 0
1225 525 1
1226 129 1
1227 261 1
1228 544 1
1229 131 1
1230 496 0
1231 266 1
1232 174 0
1233 482 1
1234 387 0
1235 577 1
1236 465 1
1237 639 1
1238 466 1
1239 182 1
1240 81 0
1241 251 1
1242 306 1
1243 533 1
1244 685 1
1245 642 1
1246 272 1
1247 1 1
1248 364 1
1249 566 0
1250 99 1
1251 34 0
1252 377 0
1253 288 1
1254 495 0
1255 506 0
1256 474 1
1257 83 0
1258 230 0
1259 240 1
1260 241 0
1261 370 0
1262 398 1
1263 272 1
1264 150 1
1265 122 1
1266 238 1
1267 111 0
1268 125 1
1269 420 0
1270 166 1
1271 156 1
1272 643 1
1273 382 1
1274 504 1
1275 398 1
1276 464 1
1277 555 0
1278 99 1
1279 232 0
1280 273 1
1281 483 1
1282 158 0
1283 88 1
1284 290 1
1285 551 1
1286 394 1
1287 57 0
1288 595 1
1289 183 0
1290 357 1
1291 117 1
1292 309 1
1293 291 1
1294 107 0
1295 642 1
1296 190 1
1297 188 0
1298 328 1
1299 280 1
1300 432 1
1301 34 0
1302 500 1
1303 136 1
1304 515 1
1305 467 1
1306 197 0
1307 302 1
1308 552 0
1309 547 1
1310 430 1
1311 687 0
1312 234 1
1313 617 0
1314 112 1
1315 140 1
1316 2 0
1317 667 0
1318 603 1
1319 557 1
1320 67 0
1321 599 1
1322 216 1
1323 402 0
1324 120 0
1325 387 1
1326 58 0
1327 466 1
1328 223 1
1329 503 1
1330 254 1
1331 176 1
1332 467 1
1333 54 0
1334 255 1
1335 108 1
1336 244 1
1337 234 0
1338 570 1
1339 189 1
1340 546 0
1341 200 0
1342 611 1
1343 546 1
1344 22 1
1345 466 1
1346 317 1
1347 164 1
1348 446 1
1349 126 0
1350 126 0
1351 336 1
1352 239 1
1353 142 0
1354 504 0
1355 459 1
1356 204 1
1357 279 1
1358 285 1
1359 258 1
1360 147 1
1361 216 0
1362 678 0
1363 545 0
1364 583 1
1365 99 1
1366 202 0
1367 391 1
1368 302 1
1369 210 0
1370 161 0
1371 481 1
1372 288 1
1373 477 1
1374 194 1
1375 178 0
1376 83 1
1377 101 0
1378 71 1
1379 494 1
1380 614 1
1381 676 1
1382 677 1
1383 218 1
1384 210 1
1385 410 1
1386 58 1
1387 385 1
1388 595 1
1389 568 0
1390 221 1
1391 426 0
1392 101 1
1393 9 0
1394 470 1
1395 475 1
1396 409 1
1397 173 0
1398 492 0
1399 338 0
1400 115 0
1401 33 1
1402 583 0
1403 520 1
1404 240 0
1405 576 1
1406 107 0
1407 61 1
1408 138 1
1409 364 1
1410 223 1
1411 317 0
1412 600 1
1413 327 0
1414 177 0
1415 402 1
1416 357 1
1417 114 1
1418 502 1
1419 38 1
1420 683 0
1421 500 1
1422 577 0
1423 646 0
1424 616 1
1425 284 1
1426 122 0
1427 432 1
1428 388 0
1429 86 1
1430 368 0
1431 155 1
1432 572 0
1433 273 1
1434 216 1
1435 88 1
1436 574 0
1437 313 1
1438 110 0
1439 474 1
1440 241 0
1441 526 0
1442 657 0
1443 46 1
1444 325 1
1445 219 1
1446 605 0
1447 378 1
1448 644 1
1449 187 1
1450 610 1
1451 367 1
1452 512 1
1453 607 1
1454 247 1
1455 309 0
1456 113 1
1457 148 0
1458 65 1
1459 423 1
1460 312 0
1461 379 1
1462 329 1
1463 31 1
1464 16 1
1465 441 1
1466 478 1
1467 435 0
1468 448 1
1469 221 0
1470 44 0
1471 144 1
1472 325 1
1473 223 1
1474 471 0
1475 412 1
1476 250 0
1477 661 1
1478 156 1
1479 161 1
1480 206 0
1481 447 1
1482 35 1
1483 284 1
1484 532 1
1485 139 0
1486 332 0
1487 366 1
1488 223 1
1489 344 1
1490 533 0
1491 438 0
1492 156 0
1493 322 1
1494 399 1
1495 133 1
1496 398 1
1497 587 1
1498 422 0
1499 212 1
1500 672 1
1501 475 1
1502 618 1
1503 622 0
1504 392 0
1505 497 1
1506 682 1
1507 668 1
1508 643 1
1509 111 1
1510 434 1
1511 608 1
1512 120 1
1513 561 0
1514 322 1
1515 104 1
1516 421 1
1517 271 1
1518 46 1
1519 153 0
1520 131 0
1521 323 1
1522 194 1
1523 260 1
1524 253 0
1525 503 0
1526 599 1
1527 127 0
1528 563 0
1529 221 1
1530 406 0
1531 505 1
1532 554 0
1533 138 0
1534 630 1
1535 334 1
1536 590 1
1537 183 1
1538 608 0
1539 581 0
1540 111 1
1541 157 0
1542 117 1
1543 38 1
1544 605 1
1545 190 1
1546 234 1
1547 462 1
1548 80 1
1549 684 1
1550 540 1
1551 79 1
1552 299 1
1553 187 1
1554 3 1
1555 24 0
1556 462 1
1557 121 1
1558 450 1
1559 219 0
1560 68 1
1561 2 0
1562 49 1
1563 50 0
1564 24 0
1565 135 0
1566 24 0
1567 656 0
1568 462 1
1569 526 1
1570 220 1
1571 563 1
1572 380 1
1573 221 1
1574 493 1
1575 493 0
1576 147 1
1577 511 1
1578 607 0
1579 662 0
1580 255 1
1581 492 0
1582 660 1
1583 250 0
1584 248 1
1585 547 1
1586 622 0
1587 111 1
1588 68 1
1589 440 1
1590 69 1
1591 82 1
1592 388 0
1593 61 1
1594 114 1
1595 571 1
1596 128 0
1597 632 0
1598 468 0
1599 183 1
1600 602 0
1601 144 1
1602 450 1
1603 499 1
1604 572 0
1605 39 1
1606 481 1
1607 506 1
1608 362 0
1609 473 1
1610 250 0
1611 477 1
1612 379 0
1613 127 1
1614 599 1
1615 523 1
1616 674 1
1617 9 1
1618 555 0
1619 250 1
1620 56 1
1621 41 1
1622 58 1
1623 366 1
1624 74 0
1625 528 0
1626 155 1
1627 686 1
1628 386 0
1629 678 1
1630 421 1
1631 458 1
1632 478 0
1633 139 1
1634 624 1
1635 433 1
1636 326 1
1637 529 1
1638 333 0
1639 436 0
1640 7 1
1641 379 1
1642 593 0
1643 345 1
1644 487 1
1645 572 1
1646 498 1
1647 611 1
1648 457 1
1649 281 1
1650 99 1
1651 33 0
1652 500 0
1653 105 1
1654 418 1
1655 536 1
1656 465 1
1657 235 1
1658 253 0
1659 645 1
1660 565 1
1661 257 0
1662 519 1
1663 311 0
1664 579 1
1665 666 1
1666 267 1
1667 400 0
1668 574 0
1669 209 0
1670 7 1
1671 377 0
1672 621 0
1673 139 1
1674 154 1
1675 222 1
1676 610 0
1677 54 1
1678 308 0
1679 26 1
1680 605 0
1681 173 0
1682 17 0
1683 600 1
1684 39 1
1685 192 0
1686 178 1
1687 502 0
1688 478 1
1689 281 1
1690 34 1
1691 311 0
1692 631 1
1693 45 1
1694 378 1
1695 98 0
1696 413 1
1697 480 1
1698 493 0
1699 317 1
1700 161 1
1701 562 0
1702 375 1
1703 435 0
1704 314 1
1705 94 1
1706 517 1
1707 304 0
1708 67 1
1709 360 1
1710 406 1
1711 53 0
1712 378 0
1713 209 0
1714 222 1
1715 12 0
1716 332 1
1717 372 1
1718 600 1
1719 504 1
1720 132 1
1721 559 1
1722 300 1
1723 70 1
1724 509 1
1725 124 0
1726 184 0
1727 6 1
1728 8 0
1729 43 0
1730 38 1
1731 262 0
1732 278 0
1733 21 1
1734 386 1
1735 401 1
1736 84 1
1737 128 1
1738 431 1
1739 63 1
1740 260 1
1741 480 0
1742 349 0
1743 303 0
1744 686 1
1745 236 1
1746 386 0
1747 54 0
1748 77 1
1749 151 0
1750 249 1
1751 629 1
1752 472 1
1753 365 1
1754 587 0
1755 116 1
1756 263 0
1757 588 1
1758 380 1
1759 618 1
1760 534 1
1761 63 1
1762 297 1
1763 544 0
1764 529 1
1765 485 0
1766 207 1
1767 71 0
1768 128 1
1769 191 0
1770 512 1
1771 171 1
1772 200 1
1773 684 0
1774 610 0
1775 607 1
1776 77 0
1777 672 1
1778 435 1
1779 396 0
1780 520 1
1781 350 0
1782 604 1
1783 15 0
1784 153 1
1785 55 1
1786 146 1
1787 49 0
1788 297 1
1789 575 0
1790 308 0
1791 660 0
1792 460 1
1793 72 1
1794 134 1
1795 468 1
1796 310 1
1797 342 1
1798 536 1
1799 254 0
1800 196 1
1801 651 1
1802 184 1
1803 337 1
1804 41 1
1805 350 1
1806 14 1
1807 384 1
1808 615 0
1809 665 1
1810 573 0
1811 28 0
1812 560 1
1813 406 0
1814 24 1
1815 393 1
1816 267 1
1817 211 1
1818 16 1
1819 581 1
1820 420 0
1821 56 1
1822 214 0
1823 204 1
1824 544 0
1825 203 1
1826 611 1
1827 610 1
1828 233 1
1829 539 1
1830 285 1
1831 463 1
1832 249 1
1833 652 1
1834 183 1
1835 308 1
1836 437 1
1837 670 1
1838 452 1
1839 104 0
1840 352 1
1841 386 1
1842 170 1
1843 407 1
1844 285 0
1845 646 1
1846 152 0
1847 419 0
1848 391 0
1849 651 1
1850 240 0
1851 122 1
1852 283 1
1853 288 0
1854 626 0
1855 4 0
1856 684 1
1857 567 1
1858 347 1
1859 555 1
1860 529 1
1861 146 0
1862 230 1
1863 379 1
1864 260 1
1865 492 1
1866 262 0
1867 474 1
1868 30 0
1869 577 1
1870 452 1
1871 259 1
1872 619 0
1873 247 1
1874 409 1
1875 206 0
1876 275 1
1877 228 0
1878 566 0
1879 87 1
1880 597 1
1881 272 1
1882 505 1
1883 13 1
1884 117 0
1885 151 1
1886 131 1
1887 314 1
1888 533 0
1889 325 1
1890 324 1
1891 153 0
1892 180 1
1893 401 0
1894 636 0
1895 182 0
1896 363 0
1897 349 1
1898 160 1
1899 11 0
1900 248 1
1901 495 0
1902 221 1
1903 89 0
1904 683 0
1905 657 1
1906 242 1
1907 566 1
1908 487 1
1909 481 1
1910 63 1
1911 277 1
1912 77 1
1913 254 1
1914 284 1
1915 164 1
1916 76 1
1917 559 1
1918 429 1
1919 12 1
1920 359 1
1921 391 1
1922 440 1
1923 335 1
1924 533 1
1925 323 1
1926 88 1
1927 671 1
1928 522 0
1929 52 1
1930 151 0
1931 298 0
1932 187 0
1933 172 1
1934 450 1
1935 0 0
1936 167 0
1937 370 0
1938 645 1
1939 495 1
1940 130 0
1941 382 1
1942 27 1
1943 33 1
1944 251 1
1945 316 1
1946 637 0
1947 277 1
1948 416 1
1949 49 0
1950 282 0
1951 635 0
1952 425 0
1953 1 1
1954 319 0
1955 168 1
1956 611 0
1957 652 0
1958 212 1
1959 149 1
1960 66 0
1961 161 0
1962 376 1
1963 136 0
1964 183 1
1965 267 0
1966 570 0
1967 547 0
1968 516 1
1969 673 1
1970 5 0
1971 245 1
1972 336 1
1973 215 1
1974 191 1
1975 659 1
1976 478 1
1977 257 0
1978 218 1
1979 255 0
1980 226 0
1981 163 1
1982 386 1
1983 400 1
1984 219 0
1985 362 0
1986 171 1
1987 489 1
1988 112 1
1989 367 1
1990 29 1
1991 545 1
1992 118 1
1993 321 1
1994 491 1
1995 33 1
1996 60 1
1997 457 1
1998 204 1
1999 660 1
2000 539 0
2001 280 1
2002 237 1
2003 177 1
2004 81 1
2005 637 1
2006 178 0
2007 265 0
2008 592 1
2009 616 1
2010 124 0
2011 408 1
2012 142 1
2013 278 1
2014 331 1
2015 402 1
2016 569 1
2017 188 1
2018 59 1
2019 452 0
2020 205 0
2021 251 0
2022 192 1
2023 327 1
2024 63 1
2025 476 1
2026 553 1
2027 355 1
2028 7 1
2029 674 1
2030 180 1
2031 505 0
2032 366 1
2033 163 1
2034 355 1
2035 565 1
2036 314 1
2037 256 1
2038 629 0
2039 587 1
2040 487 1
2041 176 0
2042 205 1
2043 343 0
2044 461 0
2045 550 1
2046 13 1
2047 350 0
2048 357 1
2049 116 0
2050 73 1
2051 232 1
2052 106 0
2053 190 0
2054 32 1
2055 36 1
2056 97 0
2057 167 1
2058 39 1
2059 514 1
2060 488 1
2061 453 0
2062 40 1
2063 193 1
2064 261 0
2065 405 1
2066 639 1
2067 18 1
2068 422 1
2069 89 0
2070 281 0
2071 269 1
2072 321 1
2073 329 1
2074 259 1
2075 173 0
2076 181 1
2077 208 1
2078 374 1
2079 603 1
2080 359 1
2081 618 1
2082 606 1
2083 352 1
2084 492 1
2085 443 0
2086 551 1
2087 448 0
2088 461 0
2089 194 0
2090 582 1
2091 75 1
2092 290 0
2093 632 1
2094 333 1
2095 596 0
2096 516 1
2097 299 0
2098 122 0
2099 423 1
2100 37 1
2101 332 1
2102 540 1
2103 422 0
2104 518 1
2105 666 1
2106 279 1
2107 487 0
2108 673 1
2109 531 0
2110 275 1
2111 307 1
2112 614 1
2113 522 1
2114 202 1
2115 295 1
2116 420 1
2117 124 1
2118 367 1
2119 218 0
2120 458 0
2121 610 0
2122 249 0
2123 268 0
2124 474 1
2125 538 0
2126 550 1
2127 149 1
2128 396 0
2129 509 1
2130 224 1
2131 485 1
2132 391 1
2133 213 1
2134 452 1
2135 604 1
2136 627 0
2137 273 0
2138 233 1
2139 408 1
2140 300 1
2141 64 1
2142 399 0
2143 623 1
2144 180 0
2145 353 0
2146 544 0
2147 346 1
2148 57 1
2149 301 0
2150 639 0
2151 380 0
2152 41 0
2153 399 1
2154 490 1
2155 277 1
2156 361 0
2157 601 1
2158 203 1
2159 164 1
2160 628 0
2161 84 0
2162 653 1
2163 379 1
2164 286 1
2165 515 1
2166 194 1
2167 111 1
2168 157 1
2169 157 0
2170 614 1
2171 398 0
2172 72 1
2173 681 1
2174 159 1
2175 642 1
2176 659 1
2177 231 1
2178 453 1
2179 630 1
2180 235 0
2181 624 0
2182 650 1
2183 665 0
2184 207 1
2185 63 1
2186 201 1
2187 405 1
2188 421 1
2189 196 0
2190 540 1
2191 664 1
2192 173 1
2193 432 1
2194 450 1
2195 678 0
2196 128 1
2197 427 1
2198 311 1
2199 194 0
2200 170 0
2201 283 1
2202 31 1
2203 292 1
2204 383 1
2205 330 0
2206 623 1
2207 395 1
2208 162 1
2209 31 0
2210 497 1
2211 258 0
2212 285 1
2213 12 1
2214 385 1
2215 58 0
2216 464 0
2217 575 1
2218 678 0
2219 244 1
2220 652 1
2221 257 1
2222 529 1
2223 680 1
2224 439 1
2225 600 0
2226 381 1
2227 171 0
2228 152 1
2229 558 0
2230 390 0
2231 390 1
2232 606 1
2233 293 1
2234 441 1
2235 618 1
2236 72 1
2237 641 0
2238 488 1
2239 253 1
2240 305 1
2241 473 0
2242 672 1
2243 649 1
2244 139 1
2245 659 1
2246 96 0
2247 679 1
2248 286 0
2249 258 1
2250 471 1
2251 430 0
2252 377 1
2253 105 0
2254 313 0
2255 65 1
2256 171 1
2257 600 0
2258 142 1
2259 277 0
2260 377 1
2261 107 1
2262 257 1
2263 135 1
2264 368 0
2265 215 1
2266 582 1
2267 678 1
2268 677 1
2269 97 1
2270 101 1
2271 216 1
2272 333 1
2273 61 1
2274 674 1
2275 53 1
2276 570 1
2277 484 1
2278 244 1
2279 666 1
2280 660 1
2281 395 0
2282 487 1
2283 474 0
2284 465 1
2285 426 0
2286 366 0
2287 135 1
2288 67 0
2289 134 1
2290 518 0
2291 416 0
2292 685 0
2293 523 0
2294 479 1
2295 485 1
2296 344 1
2297 654 1
2298 561 0
2299 268 0
2300 644 1
2301 553 1
2302 633 1
2303 669 1
2304 181 0
2305 65 1
2306 640 1
2307 396 0
2308 677 1
2309 510 1
2310 381 1
2311 567 1
2312 483 1
2313 165 1
2314 623 1
2315 343 0
2316 423 0
2317 198 0
2318 192 1
2319 28 0
2320 631 0
2321 369 1
2322 558 1
2323 164 1
2324 292 1
2325 663 1
2326 629 1
2327 343 1
2328 37 0
2329 429 0
2330 237 1
2331 535 0
2332 628 1
2333 325 0
2334 561 0
2335 154 1
2336 95 0
2337 32 0
2338 232 1
2339 161 0
2340 519 0
2341 494 1
2342 328 0
2343 181 1
2344 642 0
2345 321 1
2346 678 0
2347 501 1
2348 550 1
2349 398 0
2350 140 0
2351 223 0
2352 19 1
2353 538 1
2354 100 1
2355 72 1
2356 132 1
2357 375 0
2358 12 1
2359 473 1
2360 462 1
2361 495 1
2362 259 1
2363 30 1
2364 430 1
2365 528 0
2366 277 1
2367 455 1
2368 303 1
2369 532 1
2370 652 0
2371 318 1
2372 467 1
2373 205 0
2374 210 0
2375 430 1
2376 417 1
2377 437 1
2378 529 1
2379 93 1
2380 544 1
2381 491 1
2382 669 1
2383 63 1
2384 547 1
2385 671 1
2386 496 1
2387 592 1
2388 642 1
2389 50 0
2390 85 0
2391 149 1
2392 366 0
2393 475 1
2394 13 0
2395 128 1
2396 150 0
2397 324 1
2398 173 1
2399 399 0
2400 278 0
2401 191 1
2402 331 1
2403 345 0
2404 542 1
2405 450 1
2406 189 1
2407 425 1
2408 481 1
2409 411 0
2410 429 1
2411 348 1
2412 454 1
2413 358 1
2414 355 1
2415 659 1
2416 99 1
2417 368 0
2418 595 0
2419 363 0
2420 70 1
2421 36 0
2422 372 1
2423 110 1
2424 322 1
2425 308 1
2426 21 0
2427 642 1
2428 625 1
2429 415 1
2430 365 1
2431 574 0
2432 534 0
2433 190 1
2434 617 1
2435 202 0
2436 663 1
2437 242 1
2438 683 1
2439 497 1
2440 522 1
2441 380 0
2442 69 1
2443 668 1
2444 278 0
2445 299 1
2446 78 1
2447 403 1
2448 88 1
2449 365 1
2450 443 1
2451 0 0
2452 101 1
2453 61 1
2454 243 0
2455 414 1
2456 323 0
2457 621 1
2458 73 1
2459 399 1
2460 645 1
2461 643 1
2462 180 0
2463 296 0
2464 248 1
2465 606 1
2466 525 1
2467 405 1
2468 497 1
2469 371 1
2470 337 0
2471 129 1
2472 189 1
2473 366 1
2474 648 1
2475 262 1
2476 408 1
2477 625 0
2478 225 1
2479 152 1
2480 542 0
2481 109 0
2482 325 1
2483 654 1
2484 629 0
2485 522 1
2486 83 1
2487 588 1
2488 10 1
2489 519 1
2490 327 1
2491 560 0
2492 647 1
2493 619 0
2494 378 1
2495 642 0
2496 490 1
2497 260 1
2498 225 0
2499 597 0
2500 212 1
2501 430 1
2502 43 1
2503 200 1
2504 244 1
2505 8 0
2506 460 0
2507 251 0
2508 362 1
2509 252 0
2510 266 0
2511 622 1
2512 253 1
2513 532 0
2514 69 0
2515 630 0
2516 521 1
2517 224 1
2518 350 1
2519 266 1
2520 103 1
2521 109 1
2522 139 1
2523 632 1
2524 543 0
2525 203 1
2526 35 1
2527 174 1
2528 315 1
2529 63 1
2530 445 1
2531 665 0
2532 25 1
2533 139 1
2534 610 1
2535 617 0
2536 663 0
2537 238 0
2538 399 1
2539 601 1
2540 362 1
2541 360 1
2542 237 1
2543 334 1
2544 537 0
2545 585 1
2546 51 1
2547 557 0
2548 396 0
2549 452 0
2550 61 1
2551 681 0
2552 404 1
2553 471 1
2554 397 0
2555 18 1
2556 484 0
2557 117 1
2558 561 1
2559 570 1
2560 496 0
2561 1 1
2562 325 1
2563 272 0
2564 214 0
2565 353 1
2566 401 1
2567 631 1
2568 225 0
2569 570 1
2570 447 1
2571 341 1
2572 615 1
2573 261 0
2574 205 0
2575 194 0
2576 258 1
2577 209 1
2578 49 1
2579 266 0
2580 501 1
2581 170 1
2582 613 1
2583 317 0
2584 177 1
2585 68 0
2586 435 1
2587 164 0
2588 500 0
2589 482 1
2590 217 0
2591 15 1
2592 520 1
2593 20 0
2594 2 0
2595 129 1
2596 553 1
2597 15 1
2598 62 0
2599 260 1
2600 179 1
2601 159 1
2602 369 1
2603 273 1
2604 62 0
2605 535 1
2606 392 1
2607 403 1
2608 423 1
2609 91 0
2610 5 1
2611 578 1
2612 168 1
2613 332 1
2614 573 1
2615 453 1
2616 568 1
2617 662 1
2618 585 1
2619 431 1
2620 299 1
2621 222 1
2622 477 1
2623 548 1
2624 345 1
2625 286 1
2626 156 1
2627 557 1
2628 65 1
2629 539 1
2630 442 1
2631 686 1
2632 213 1
2633 221 1
2634 540 0
2635 53 1
2636 227 0
2637 139 1
2638 550 1
2639 212 1
2640 287 1
2641 542 0
2642 307 1
2643 63 0
2644 598 1
2645 659 1
2646 555 1
2647 323 1
2648 615 1
2649 527 0
2650 493 0
2651 603 1
2652 504 1
2653 32 0
2654 389 1
2655 558 1
2656 375 1
2657 415 1
2658 472 1
2659 16 1
2660 393 0
2661 383 1
2662 629 1
2663 325 1
2664 547 0
2665 320 1
2666 40 0
2667 368 1
2668 625 1
2669 559 0
2670 276 1
2671 651 0
2672 490 1
2673 295 1
2674 169 1
2675 641 1
2676 282 0
2677 455 1
2678 674 1
2679 76 1
2680 240 0
2681 181 0
2682 615 1
2683 474 1
2684 597 0
2685 175 1
2686 71 1
2687 134 1
2688 500 0
2689 467 1
2690 388 1
2691 529 0
2692 388 1
2693 542 1
2694 373 1
2695 556 1
2696 647 1
2697 190 0
2698 247 0
2699 423 1
2700 306 1
2701 327 1
2702 32 0
2703 234 1
2704 202 1
2705 163 1
2706 418 1
2707 556 0
2708 636 0
2709 493 1
2710 326 1
2711 583 0
2712 396 1
2713 156 1
2714 46 1
2715 448 0
2716 474 0
2717 25 1
2718 196 1
2719 0 1
2720 256 0
2721 284 0
2722 167 1
2723 441 1
2724 548 1
2725 421 1
2726 592 0
2727 455 1
2728 385 1
2729 592 1
2730 488 0
2731 79 0
2732 424 1
2733 77 0
2734 347 1
2735 315 0
2736 240 1
2737 238 1
2738 48 0
2739 155 1
2740 222 1
2741 430 1
2742 188 0
2743 75 0
2744 458 0
2745 301 1
2746 667 1
2747 180 1
2748 133 1
2749 672 1
2750 671 1
2751 44 1
2752 194 0
2753 279 1
2754 258 1
2755 151 1
2756 658 0
2757 255 1
2758 428 1
2759 28 1
2760 645 0
2761 104 1
2762 357 1
2763 324 1
2764 526 0
2765 267 1
2766 591 1
2767 382 1
2768 226 0
2769 340 1
2770 56 1
2771 613 0
2772 370 1
2773 169 1
2774 494 1
2775 292 1
2776 510 0
2777 20 1
2778 328 1
2779 302 1
2780 300 1
2781 661 1
2782 528 1
2783 636 1
2784 664 0
2785 200 1
2786 413 1
2787 43 1
2788 626 1
2789 189 1
2790 41 0
2791 180 1
2792 525 0
2793 362 0
2794 192 1
2795 316 1
2796 545 0
2797 679 1
2798 292 0
2799 437 1
2800 212 1
2801 637 1
2802 394 1
2803 16 1
2804 188 1
2805 413 0
2806 334 1
2807 76 1
2808 89 0
2809 321 1
2810 415 1
2811 421 1
2812 575 1
2813 291 0
2814 335 0
2815 96 0
2816 661 0
2817 469 0
2818 374 1
2819 12 1
2820 339 0
2821 88 0
2822 650 1
2823 141 0
2824 604 0
2825 668 1
2826 60 1
2827 252 0
2828 109 1
2829 462 1
2830 231 0
2831 288 1
2832 605 0
2833 220 0
2834 204 1
2835 150 1
2836 641 1
2837 177 1
2838 52 1
2839 302 1
2840 93 1
2841 299 1
2842 331 1
2843 436 0
2844 391 1
2845 180 1
2846 418 1
2847 123 1
2848 539 1
2849 258 1
2850 223 0
2851 246 1
2852 296 0
2853 427 1
2854 391 1
2855 652 0
2856 659 0
2857 622 1
2858 111 1
2859 390 0
2860 565 0
2861 422 1
2862 0 1
2863 614 0
2864 537 1
2865 242 0
2866 242 0
2867 585 0
2868 208 0
2869 182 1
2870 14 1
2871 380 0
2872 393 1
2873 624 1
2874 668 1
2875 304 1
2876 193 1
2877 489 1
2878 567 0
2879 380 0
2880 585 1
2881 489 1
2882 407 0
2883 661 0
2884 6 1
2885 175 0
2886 637 1
2887 678 1
2888 517 1
2889 495 1
2890 236 0
2891 3 1
2892 133 1
2893 623 0
2894 541 0
2895 77 1
2896 234 1
2897 577 0
2898 248 1
2899 569 0
2900 1 1
2901 611 1
2902 259 1
2903 276 1
2904 175 1
2905 569 0
2906 531 0
2907 138 0
2908 10 1
2909 662 1
2910 373 1
2911 301 0
2912 266 1
2913 561 1
2914 36 0
2915 65 0
2916 482 1
2917 659 1
2918 238 1
2919 125 1
2920 667 0
2921 458 1
2922 212 1
2923 472 1
2924 317 0
2925 421 1
2926 497 0
2927 611 1
2928 208 1
2929 574 0
2930 223 1
2931 265 1
2932 276 0
2933 407 1
2934 131 0
2935 561 0
2936 171 0
2937 270 1
2938 575 1
2939 253 0
2940 148 0
2941 543 1
2942 356 1
2943 17 0
2944 247 0
2945 440 1
2946 526 1
2947 135 1
2948 237 1
2949 262 0
2950 19 0
2951 128 0
2952 114 0
2953 222 0
2954 100 0
2955 541 1
2956 462 1
2957 541 0
2958 159 1
2959 327 0
2960 445 1
2961 524 0
2962 433 1
2963 383 1
2964 498 1
2965 335 1
2966 428 0
2967 356 0
2968 157 0
2969 527 1
2970 13 1
2971 489 0
2972 73 1
2973 590 1
2974 549 1
2975 287 1
2976 644 1
2977 575 0
2978 432 0
2979 4 1
2980 211 1
2981 56 1
2982 451 1
2983 141 0
2984 286 1
2985 162 1
2986 344 1
2987 423 1
2988 642 1
2989 299 1
2990 538 0
2991 107 1
2992 22 1
2993 180 1
2994 248 0
2995 329 0
2996 171 1
2997 58 0
2998 93 1
2999 527 1
3000 163 1
3001 326 0
3002 652 1
3003 573 0
3004 370 1
3005 407 0
3006 83 0
3007 27 1
3008 156 1
3009 192 1
3010 39 0
3011 511 1
3012 554 0
3013 481 0
3014 64 1
3015 322 1
3016 657 1
3017 382 1
3018 358 1
3019 524 1
3020 100 0
3021 261 1
3022 405 0
3023 273 1
3024 479 0
3025 261 1
3026 298 0
3027 24 1
3028 637 1
3029 107 0
3030 121 1
3031 224 1
3032 389 0
3033 8 1
3034 171 1
3035 436 1
3036 424 1
3037 103 1
3038 617 0
3039 351 1
3040 153 1
3041 222 1
3042 681 0
3043 599 1
3044 400 1
3045 628 0
3046 447 1
3047 260 0
3048 67 1
3049 192 1
3050 112 1
3051 158 1
3052 621 1
3053 326 1
3054 637 0
3055 254 1
3056 249 1
3057 537 1
3058 370 1
3059 521 1
3060 114 0
3061 252 1
3062 273 1
3063 5 0
3064 428 1
3065 579 0
3066 121 0
3067 373 0
3068 646 1
3069 588 0
3070 336 1
3071 681 0
3072 630 1
3073 140 0
3074 274 1
3075 379 1
3076 82 1
3077 597 1
3078 103 0
3079 344 1
3080 448 0
3081 368 1
3082 269 0
3083 608 0
3084 400 0
3085 119 1
3086 311 0
3087 633 0
3088 627 1
3089 551 1
3090 42 1
3091 250 1
3092 522 1
3093 464 1
3094 59 1
3095 453 1
3096 340 0
3097 373 0
3098 522 1
3099 486 1
3100 451 1
3101 282 1
3102 14 0
3103 312 0
3104 297 1
3105 504 0
3106 66 1
3107 448 1
3108 210 1
3109 173 0
3110 680 1
3111 73 1
3112 407 1
3113 239 1
3114 388 1
3115 123 1
3116 626 0
3117 562 1
3118 281 1
3119 595 0
3120 10 1
3121 565 0
3122 461 0
3123 312 1
3124 197 1
3125 237 1
3126 72 1
3127 507 1
3128 405 0
3129 17 1
3130 79 0
3131 593 0
3132 194 0
3133 658 0
3134 637 1
3135 13 0
3136 272 1
3137 371 0
3138 200 1
3139 14 1
3140 129 0
3141 571 1
3142 546 0
3143 328 0
3144 432 1
3145 16 1
3146 134 1
3147 177 1
3148 36 1
3149 115 0
3150 9 1
3151 281 1
3152 338 1
3153 311 1
3154 296 1
3155 232 1
3156 225 1
3157 274 1
3158 490 0
3159 682 1
3160 596 1
3161 42 0
3162 620 0
3163 370 0
3164 14 1
3165 274 0
3166 245 0
3167 641 1
3168 169 1
3169 418 1
3170 590 0
3171 187 1
3172 414 1
3173 194 1
3174 376 1
3175 434 0
3176 534 1
3177 311 1
3178 7 0
3179 67 1
3180 111 0
3181 45 1
3182 209 0
3183 237 1
3184 599 0
3185 476 1
3186 618 0
3187 612 1
3188 436 1
3189 208 1
3190 290 1
3191 42 1
3192 79 0
3193 251 1
3194 683 1
3195 444 1
3196 659 1
3197 448 0
3198 472 1
3199 191 1
3200 652 0
3201 180 1
3202 290 1
3203 222 0
3204 206 0
3205 148 0
3206 369 1
3207 633 0
3208 191 1
3209 518 0
3210 514 1
3211 278 1
3212 61 0
3213 650 0
3214 371 0
3215 213 1
3216 469 1
3217 214 1
3218 146 1
3219 447 1
3220 515 1
3221 161 1
3222 81 1
3223 628 0
3224 638 1
3225 107 1
3226 381 0
3227 245 0
3228 71 1
3229 272 1
3230 346 0
3231 74 1
3232 526 1
3233 183 1
3234 372 1
3235 673 1
3236 521 1
3237 379 1
3238 236 1
3239 523 1
3240 90 0
3241 634 1
3242 312 1
3243 562 0
3244 383 0
3245 122 0
3246 279 0
3247 153 0
3248 132 0
3249 438 1
3250 615 1
3251 0 1
3252 217 0
3253 347 1
3254 347 0
3255 287 0
3256 460 0
3257 204 1
3258 72 0
3259 116 0
3260 560 0
3261 481 1
3262 82 0
3263 605 1
3264 283 0
3265 366 1
3266 426 1
3267 642 1
3268 394 1
3269 392 1
3270 131 0
3271 138 1
3272 208 1
3273 324 1
3274 69 1
3275 32 1
3276 326 1
3277 429 0
3278 108 1
3279 270 1
3280 349 0
3281 233 1
3282 651 1
3283 26 1
3284 473 1
3285 58 0
3286 393 1
3287 157 1
3288 187 1
3289 177 1
3290 234 1
3291 181 1
3292 20 1
3293 617 1
3294 252 1
3295 504 0
3296 484 1
3297 336 1
3298 221 1
3299 453 0
3300 76 0
3301 260 1
3302 356 0
3303 366 1
3304 210 0
3305 431 1
3306 50 0
3307 301 1
3308 519 0
3309 534 1
3310 429 0
3311 333 1
3312 384 0
3313 674 1
3314 328 1
3315 260 0
3316 247 1
3317 170 0
3318 585 1
3319 443 1
3320 41 1
3321 184 1
3322 96 0
3323 497 1
3324 27 1
3325 11 1
3326 678 1
3327 683 1
3328 663 0
3329 275 1
3330 52 1
3331 356 0
3332 352 1
3333 552 0
3334 24 1
3335 678 1
3336 478 0
3337 492 0
3338 660 1
3339 150 1
3340 644 1
3341 104 0
3342 154 1
3343 304 1
3344 400 1
3345 417 0
3346 412 1
3347 65 0
3348 260 1
3349 646 1
3350 220 1
3351 333 1
3352 123 0
3353 233 0
3354 438 1
3355 430 1
3356 193 0
3357 661 0
3358 618 1
3359 461 1
3360 154 1
3361 96 0
3362 611 1
3363 626 1
3364 74 1
3365 452 1
3366 181 1
3367 641 0
3368 571 1
3369 383 0
3370 218 1
3371 13 0
3372 645 0
3373 55 1
3374 600 1
3375 554 1
3376 18 0
3377 280 1
3378 107 1
3379 461 1
3380 452 0
3381 476 1
3382 308 1
3383 586 0
3384 264 0
3385 161 1
3386 55 0
3387 190 1
3388 145 0
3389 236 1
3390 409 0
3391 460 0
3392 401 0
3393 353 1
3394 255 1
3395 2 1
3396 336 0
3397 301 0
3398 203 1
3399 484 1
3400 464 0
3401 247 1
3402 116 1
3403 180 0
3404 667 1
3405 654 1
3406 167 0
3407 112 0
3408 463 1
3409 388 1
3410 239 0
3411 386 0
3412 164 0
3413 516 1
3414 182 0
3415 132 1
3416 254 1
3417 126 0
3418 448 0
3419 615 1
3420 371 1
3421 112 1
3422 304 1
3423 66 1
3424 337 0
3425 445 0
3426 141 0
3427 96 0
3428 478 1
3429 322 1
3430 221 1
3431 267 0
3432 129 1
3433 141 0
3434 684 1
3435 653 0
3436 298 1
3437 554 1
3438 285 1
3439 329 1
3440 372 1
3441 142 0
3442 566 1
3443 467 1
3444 500 0
3445 313 1
3446 539 1
3447 157 0
3448 269 1
3449 542 1
3450 15 1
3451 282 0
3452 568 1
3453 563 1
3454 65 1
3455 83 1
3456 626 1
3457 599 1
3458 112 0
3459 157 1
3460 464 1
3461 630 1
3462 10 1
3463 280 1
3464 381 1
3465 193 1
3466 625 0
3467 5 0
3468 608 0
3469 302 0
3470 68 1
3471 71 1
3472 258 1
3473 495 1
3474 8 0
3475 615 1
3476 82 1
3477 436 0
3478 288 1
3479 356 0
3480 146 1
3481 362 0
3482 321 1
3483 572 0
3484 232 1
3485 562 1
3486 219 1
3487 644 1
3488 599 0
3489 480 0
3490 400 1
3491 392 1
3492 261 0
3493 559 1
3494 152 1
3495 180 1
3496 408 1
3497 29 0
3498 206 1
3499 266 1
3500 83 1
3501 52 1
3502 70 1
3503 412 1
3504 91 1
3505 238 0
3506 260 1
3507 270 1
3508 67 1
3509 32 0
3510 352 0
3511 166 0
3512 402 0
3513 450 0
3514 93 1
3515 8 0
3516 153 0
3517 463 1
3518 388 0
3519 542 0
3520 39 1
3521 619 0
3522 370 1
3523 470 1
3524 678 1
3525 305 1
3526 362 1
3527 398 1
3528 314 1
3529 669 1
3530 173 1
3531 232 1
3532 369 1
3533 550 0
3534 530 0
3535 197 1
3536 144 1
3537 517 1
3538 313 1
3539 264 1
3540 97 1
3541 277 1
3542 0 1
3543 520 1
3544 484 1
3545 34 1
3546 475 1
3547 631 1
3548 609 0
3549 562 0
3550 194 0
3551 317 0
3552 183 1
3553 166 0
3554 430 1
3555 95 0
3556 296 1
3557 635 1
3558 359 1
3559 259 1
3560 616 1
3561 108 1
3562 208 1
3563 208 0
3564 530 1
3565 213 0
3566 489 0
3567 375 1
3568 325 1
3569 480 0
3570 268 0
3571 242 1
3572 259 1
3573 508 0
3574 656 1
3575 70 0
3576 22 1
3577 636 1
3578 214 1
3579 680 0
3580 574 0
3581 93 0
3582 384 1
3583 359 0
3584 306 0
3585 424 1
3586 22 1
3587 98 1
3588 504 1
3589 196 1
3590 334 1
3591 18 1
3592 428 0
3593 571 1
3594 107 1
3595 347 0
3596 417 1
3597 369 1
3598 557 0
3599 471 0
3600 528 0
3601 397 1
3602 523 0
3603 128 1
3604 397 1
3605 460 1
3606 238 1
3607 384 0
3608 77 1
3609 605 1
3610 127 0
3611 513 1
3612 353 0
3613 642 0
3614 571 0
3615 45 1
3616 282 0
3617 257 1
3618 585 1
3619 440 1
3620 21 1
3621 323 1
3622 323 1
3623 558 0
3624 271 1
3625 232 0
3626 388 0
3627 238 0
3628 252 1
3629 612 0
3630 267 1
3631 530 1
3632 396 0
3633 298 0
3634 133 1
3635 573 1
3636 247 1
3637 46 0
3638 563 0
3639 267 1
3640 40 1
3641 528 1
3642 558 0
3643 466 0
3644 608 1
3645 578 0
3646 681 1
3647 368 1
3648 168 1
3649 667 1
3650 12 1
3651 441 0
3652 56 1
3653 127 1
3654 52 1
3655 62 0
3656 542 1
3657 504 1
3658 318 0
3659 167 1
3660 306 1
3661 409 0
3662 125 1
3663 336 0
3664 403 1
3665 244 1
3666 516 0
3667 659 1
3668 132 1
3669 153 1
3670 477 0
3671 612 0
3672 454 1
3673 40 1
3674 8 0
3675 322 1
3676 600 1
3677 261 1
3678 468 0
3679 667 1
3680 561 1
3681 583 1
3682 204 1
3683 611 0
3684 637 1
3685 521 1
3686 627 0
3687 53 0
3688 171 0
3689 126 0
3690 636 0
3691 141 0
3692 476 0
3693 570 1
3694 647 1
3695 424 0
3696 69 1
3697 559 1
3698 506 1
3699 258 1
3700 206 1
3701 177 1
3702 522 1
3703 523 1
3704 660 0
3705 520 1
3706 395 1
3707 453 1
3708 23 0
3709 424 1
3710 180 1
3711 503 1
3712 464 1
3713 171 1
3714 168 1
3715 385 0
3716 153 0
3717 152 1
3718 441 1
3719 328 1
3720 621 1
3721 669 0
3722 469 1
3723 512 0
3724 65 1
3725 475 1
3726 57 1
3727 143 1
3728 313 0
3729 100 1
3730 376 0
3731 152 0
3732 344 1
3733 517 1
3734 275 0
3735 158 1
3736 302 0
3737 537 0
3738 558 0
3739 224 0
3740 594 1
3741 182 0
3742 637 1
3743 469 1
3744 624 1
3745 40 0
3746 352 1
3747 153 0
3748 480 0
3749 442 1
3750 460 0
3751 276 1
3752 388 0
3753 493 0
3754 135 1
3755 531 0
3756 40 0
3757 341 1
3758 334 1
3759 236 1
3760 676 1
3761 566 1
3762 116 1
3763 685 1
3764 686 1
3765 664 1
3766 687 0
3767 180 1
3768 26 1
3769 295 1
3770 15 1
3771 187 1
3772 147 1
3773 366 0
3774 635 1
3775 48 1
3776 527 1
3777 612 1
3778 294 1
3779 200 1
3780 8 1
3781 47 1
3782 412 1
3783 379 0
3784 550 1
3785 585 1
3786 108 0
3787 605 0
3788 597 1
3789 385 1
3790 534 1
3791 127 1
3792 7 1
3793 328 1
3794 644 1
3795 579 0
3796 0 1
3797 292 1
3798 502 1
3799 500 1
3800 306 0
3801 226 1
3802 129 1
3803 318 0
3804 75 0
3805 230 1
3806 96 1
3807 294 0
3808 41 1
3809 389 1
3810 447 1
3811 634 1
3812 219 0
3813 508 1
3814 558 1
3815 382 1
3816 365 0
3817 238 1
3818 399 1
3819 181 0
3820 555 1
3821 43 0
3822 402 1
3823 51 1
3824 256 1
3825 89 1
3826 33 1
3827 446 0
3828 610 1
3829 605 1
3830 235 1
3831 304 1
3832 555 1
3833 56 0
3834 395 1
3835 389 1
3836 633 1
3837 210 1
3838 82 1
3839 439 1
3840 350 1
3841 337 1
3842 212 0
3843 619 0
3844 11 0
3845 263 1
3846 484 1
3847 159 1
3848 407 1
3849 618 0
3850 101 0
3851 25 1
3852 401 1
3853 378 1
3854 145 1
3855 118 1
3856 305 0
3857 174 1
3858 199 0
3859 637 0
3860 290 0
3861 457 1
3862 76 1
3863 85 1
3864 128 1
3865 246 1
3866 320 1
3867 259 1
3868 491 0
3869 164 1
3870 62 1
3871 92 1
3872 386 0
3873 182 1
3874 20 1
3875 108 1
3876 327 1
3877 380 0
3878 477 1
3879 199 0
3880 466 1
3881 482 1
3882 365 1
3883 467 1
3884 675 0
3885 453 1
3886 562 0
3887 402 0
3888 109 1
3889 493 1
3890 11 1
3891 72 1
3892 462 1
3893 390 0
3894 214 1
3895 505 1
3896 331 1
3897 74 1
3898 2 1
3899 161 0
3900 469 1
3901 23 1
3902 456 1
3903 587 1
3904 657 0
3905 327 0
3906 290 1
3907 639 0
3908 147 0
3909 652 1
3910 227 1
3911 338 1
3912 418 0
3913 551 1
3914 250 0
3915 41 1
3916 623 0
3917 358 0
3918 138 0
3919 589 1
3920 634 1
3921 72 0
3922 275 1
3923 636 0
3924 13 0
3925 432 1
3926 31 1
3927 95 0
3928 144 0
3929 501 1
3930 655 1
3931 74 1
3932 607 1
3933 630 0
3934 674 0
3935 502 1
3936 407 1
3937 152 0
3938 582 1
3939 400 0
3940 685 1
3941 131 1
3942 212 0
3943 461 0
3944 522 0
3945 398 1
3946 129 1
3947 40 0
3948 201 0
3949 442 1
3950 497 1
3951 103 1
3952 127 0
3953 194 1
3954 3 1
3955 600 1
3956 35 0
3957 365 0
3958 606 1
3959 587 0
3960 61 0
3961 226 1
3962 66 0
3963 575 1
3964 232 1
3965 438 1
3966 570 0
3967 593 1
3968 444 1
3969 14 0
3970 341 0
3971 433 1
3972 641 0
3973 608 1
3974 233 1
3975 648 1
3976 454 1
3977 133 1
3978 436 1
3979 436 0
3980 334 1
3981 21 0
3982 376 0
3983 209 1
3984 361 1
3985 212 0
3986 485 1
3987 376 1
3988 52 1
3989 646 1
3990 452 1
3991 580 1
3992 89 0
3993 51 1
3994 30 1
3995 506 0
3996 321 1
3997 580 0
3998 438 1
3999 462 1
4000 660 1
4001 447 1
4002 280 0
4003 192 1
4004 415 1
4005 617 1
4006 53 0
4007 398 0
4008 168 1
4009 653 0
4010 232 0
4011 563 0
4012 631 0
4013 195 0
4014 541 1
4015 478 1
4016 644 0
4017 603 1
4018 20 1
4019 216 0
4020 241 1
4021 615 1
4022 639 1
4023 422 1
4024 71 0
4025 654 0
4026 154 1
4027 490 1
4028 280 1
4029 128 1
4030 655 0
4031 631 1
4032 155 1
4033 495 1
4034 301 0
4035 258 1
4036 152 1
4037 485 0
4038 496 1
4039 207 1
4040 238 0
4041 167 0
4042 350 0
4043 475 1
4044 655 1
4045 412 1
4046 169 1
4047 529 1
4048 213 1
4049 483 1
4050 343 0
4051 17 0
4052 575 1
4053 583 0
4054 354 1
4055 599 0
4056 612 1
4057 281 0
4058 384 1
4059 554 0
4060 319 1
4061 269 1
4062 634 0
4063 444 0
4064 94 1
4065 658 1
4066 293 1
4067 580 1
4068 121 1
4069 212 1
4070 227 0
4071 364 0
4072 537 0
4073 74 1
4074 362 1
4075 568 1
4076 219 1
4077 114 0
4078 259 1
4079 644 1
4080 110 0
4081 438 1
4082 585 0
4083 567 1
4084 455 1
4085 478 1
4086 198 1
4087 145 0
4088 448 1
4089 265 0
4090 496 1
4091 99 1
4092 279 0
4093 176 0
4094 420 1
4095 188 0
4096 395 1
4097 229 1
4098 606 1
4099 296 1
4100 184 1
4101 367 1
4102 225 0
4103 414 0
4104 28 1
4105 91 1
4106 122 1
4107 200 1
4108 388 1
4109 588 1
4110 158 0
4111 298 0
4112 364 0
4113 142 1
4114 619 1
4115 303 0
4116 509 0
4117 482 1
4118 478 1
4119 15 0
4120 536 1
4121 680 0
4122 280 1
4123 20 1
4124 217 1
4125 436 1
4126 345 0
4127 225 0
4128 221 0
4129 639 0
4130 102 0
4131 604 1
4132 572 1
4133 641 1
4134 607 1
4135 518 1
4136 410 0
4137 410 0
4138 686 1
4139 319 0
4140 334 1
4141 575 0
4142 114 1
4143 685 1
4144 464 1
4145 136 1
4146 539 0
4147 473 0
4148 99 1
4149 435 0
4150 378 1
4151 458 1
4152 71 1
4153 86 1
4154 594 0
4155 269 0
4156 121 1
4157 216 1
4158 253 1
4159 202 0
4160 499 1
4161 579 1
4162 40 1
4163 86 0
4164 422 0
4165 494 0
4166 82 1
4167 532 1
4168 428 0
4169 559 1
4170 320 1
4171 558 1
4172 281 1
4173 660 0
4174 637 0
4175 548 0
4176 162 1
4177 110 0
4178 436 1
4179 677 1
4180 350 1
4181 267 0
4182 379 1
4183 234 0
4184 379 0
4185 437 1
4186 230 0
4187 101 1
4188 43 1
4189 342 1
4190 232 1
4191 440 1
4192 627 0
4193 580 0
4194 379 0
4195 530 0
4196 349 0
4197 475 1
4198 206 0
4199 496 1
4200 111 1
4201 244 1
4202 554 1
4203 500 1
4204 403 1
4205 237 0
4206 342 1
4207 678 1
4208 171 1
4209 640 1
4210 436 1
4211 241 0
4212 225 0
4213 475 1
4214 33 1
4215 664 1
4216 177 1
4217 133 0
4218 214 1
4219 624 1
4220 85 1
4221 212 0
4222 146 1
4223 356 1
4224 69 1
4225 517 1
4226 87 1
4227 603 0
4228 434 1
4229 55 0
4230 322 0
4231 596 1
4232 588 0
4233 527 1
4234 659 0
4235 379 1
4236 285 1
4237 131 1
4238 90 1
4239 397 0
4240 92 0
4241 664 0
4242 296 0
4243 140 0
4244 266 1
4245 142 1
4246 211 1
4247 384 0
4248 427 0
4249 561 0
4250 334 0
4251 439 1
4252 139 1
4253 363 0
4254 354 1
4255 36 0
4256 299 1
4257 274 1
4258 577 1
4259 270 1
4260 257 1
4261 376 1
4262 110 0
4263 563 1
4264 631 0
4265 232 0
4266 672 1
4267 545 1
4268 539 1
4269 1 0
4270 628 1
4271 636 1
4272 35 1
4273 467 0
4274 284 1
4275 63 0
4276 109 0
4277 306 1
4278 159 0
4279 404 0
4280 266 1
4281 364 1
4282 605 1
4283 358 0
4284 89 0
4285 293 0
4286 382 0
4287 253 1
4288 111 1
4289 677 0
4290 81 1
4291 585 1
4292 140 1
4293 57 0
4294 32 1
4295 386 0
4296 394 1
4297 197 1
4298 267 1
4299 399 1
4300 563 1
4301 33 0
4302 582 1
4303 322 1
4304 318 0
4305 401 1
4306 348 0
4307 573 1
4308 149 1
4309 83 1
4310 388 0
4311 128 1
4312 515 0
4313 390 1
4314 529 0
4315 98 0
4316 442 0
4317 646 0
4318 66 1
4319 343 1
4320 576 1
4321 80 1
4322 339 1
4323 372 1
4324 244 0
4325 654 1
4326 573 1
4327 375 0
4328 68 1
4329 143 1
4330 162 1
4331 298 1
4332 21 1
4333 254 1
4334 184 0
4335 121 1
4336 637 1
4337 644 0
4338 503 1
4339 73 1
4340 80 0
4341 340 0
4342 134 1
4343 13 1
4344 424 1
4345 96 0
4346 46 1
4347 504 1
4348 298 0
4349 155 1
4350 651 1
4351 203 1
4352 126 1
4353 185 1
4354 472 1
4355 337 1
4356 297 0
4357 165 1
4358 337 0
4359 619 1
4360 319 0
4361 661 0
4362 422 1
4363 433 0
4364 531 1
4365 163 1
4366 161 1
4367 54 0
4368 159 1
4369 228 1
4370 145 1
4371 480 0
4372 540 0
4373 171 1
4374 120 0
4375 263 0
4376 465 0
4377 453 1
4378 9 1
4379 216 1
4380 419 1
4381 682 0
4382 42 1
4383 179 1
4384 272 1
4385 129 0
4386 605 0
4387 157 1
4388 214 1
4389 295 1
4390 78 1
4391 71 1
4392 91 0
4393 39 0
4394 355 0
4395 289 1
4396 618 0
4397 666 1
4398 316 1
4399 158 1
4400 196 1
4401 303 1
4402 544 0
4403 219 1
4404 436 1
4405 390 1
4406 33 0
4407 353 0
4408 281 0
4409 560 0
4410 279 1
4411 370 0
4412 93 1
4413 167 1
4414 137 1
4415 646 1
4416 597 1
4417 96 1
4418 369 1
4419 508 1
4420 478 0
4421 615 1
4422 655 0
4423 619 1
4424 305 1
4425 181 1
4426 653 1
4427 443 1
4428 196 0
4429 467 1
4430 231 1
4431 316 0
4432 335 1
4433 578 0
4434 23 1
4435 470 1
4436 257 0
4437 644 0
4438 663 0
4439 457 1
4440 379 1
4441 161 1
4442 151 1
4443 50 1
4444 510 1
4445 329 1
4446 239 0
4447 530 1
4448 353 1
4449 240 0
4450 467 0
4451 174 1
4452 52 0
4453 596 1
4454 354 1
4455 292 0
4456 653 0
4457 37 1
4458 18 1
4459 447 0
4460 253 1
4461 230 0
4462 382 1
4463 379 1
4464 477 1
4465 409 1
4466 274 1
4467 628 1
4468 10 1
4469 2 0
4470 199 1
4471 58 1
4472 395 1
4473 600 0
4474 183 1
4475 254 1
4476 96 1
4477 241 0
4478 541 0
4479 511 1
4480 184 1
4481 235 1
4482 111 1
4483 96 0
4484 9 1
4485 135 0
4486 40 1
4487 356 1
4488 625 1
4489 497 1
4490 275 1
4491 205 1
4492 532 1
4493 499 0
4494 363 1
4495 364 1
4496 202 0
4497 653 1
4498 424 1
4499 419 0
4500 496 1
4501 289 0
4502 44 0
4503 268 1
4504 209 1
4505 86 1
4506 125 1
4507 168 1
4508 34 1
4509 3 1
4510 637 0
4511 240 1
4512 615 1
4513 449 0
4514 603 1
4515 432 0
4516 383 0
4517 243 1
4518 310 1
4519 56 0
4520 574 1
4521 652 0
4522 83 0
4523 317 0
4524 448 0
4525 499 1
4526 671 0
4527 533 0
4528 257 1
4529 598 1
4530 474 1
4531 567 1
4532 8 1
4533 580 1
4534 618 1
4535 134 1
4536 428 0
4537 500 0
4538 567 1
4539 276 0
4540 97 1
4541 20 0
4542 475 0
4543 327 0
4544 143 1
4545 200 1
4546 213 1
4547 83 1
4548 185 0
4549 188 1
4550 261 1
4551 252 1
4552 69 0
4553 160 0
4554 193 1
4555 259 0
4556 172 1
4557 355 1
4558 129 1
4559 675 1
4560 568 1
4561 539 0
4562 602 0
4563 651 1
4564 246 1
4565 535 1
4566 458 1
4567 156 0
4568 164 0
4569 460 1
4570 401 0
4571 632 0
4572 648 0
4573 516 1
4574 630 0
4575 362 0
4576 338 0
4577 588 0
4578 484 1
4579 335 0
4580 334 0
4581 550 0
4582 619 1
4583 617 0
4584 671 0
4585 437 1
4586 421 0
4587 589 0
4588 665 1
4589 119 0
4590 216 1
4591 414 1
4592 343 1
4593 102 1
4594 497 0
4595 517 1
4596 268 0
4597 584 0
4598 46 0
4599 631 0
4600 551 1
4601 397 1
4602 410 1
4603 650 1
4604 11 0
4605 291 0
4606 210 0
4607 429 1
4608 315 1
4609 340 1
4610 616 1
4611 252 0
4612 533 1
4613 44 0
4614 310 1
4615 592 1
4616 352 1
4617 441 1
4618 583 1
4619 446 1
4620 132 1
4621 469 0
4622 403 1
4623 544 0
4624 389 1
4625 139 1
4626 15 1
4627 163 0
4628 188 0
4629 88 1
4630 515 0
4631 655 1
4632 278 0
4633 237 0
4634 460 0
4635 416 1
4636 46 1
4637 583 0
4638 56 0
4639 464 1
4640 285 0
4641 59 1
4642 291 1
4643 144 0
4644 414 0
4645 609 1
4646 209 1
4647 404 1
4648 281 0
4649 308 1
4650 637 1
4651 629 0
4652 234 1
4653 77 1
4654 613 1
4655 31 0
4656 441 1
4657 142 0
4658 649 1
4659 156 1
4660 503 0
4661 600 0
4662 302 1
4663 495 1
4664 606 1
4665 620 1
4666 488 0
4667 535 1
4668 399 1
4669 644 1
4670 113 1
4671 518 1
4672 414 0
4673 232 1
4674 242 1
4675 47 0
4676 450 1
4677 65 1
4678 612 1
4679 632 0
4680 308 0
4681 382 1
4682 439 0
4683 126 1
4684 137 1
4685 106 1
4686 405 1
4687 101 1
4688 580 1
4689 156 1
4690 354 0
4691 528 0
4692 499 0
4693 517 1
4694 98 0
4695 250 0
4696 675 1
4697 162 1
4698 157 0
4699 560 1
4700 18 1
4701 193 1
4702 586 0
4703 539 1
4704 260 1
4705 612 1
4706 195 1
4707 378 0
4708 678 0
4709 414 0
4710 318 0
4711 494 1
4712 593 1
4713 27 1
4714 592 0
4715 5 1
4716 549 1
4717 329 0
4718 477 1
4719 237 1
4720 172 0
4721 663 1
4722 598 1
4723 22 0
4724 545 1
4725 324 0
4726 397 1
4727 464 0
4728 434 1
4729 14 1
4730 38 1
4731 596 0
4732 218 1
4733 682 1
4734 402 1
4735 392 1
4736 41 0
4737 590 0
4738 16 1
4739 523 1
4740 345 1
4741 385 0
4742 289 0
4743 5 1
4744 637 0
4745 21 0
4746 39 1
4747 223 1
4748 502 1
4749 248 0
4750 97 1
4751 88 1
4752 303 0
4753 73 1
4754 587 1
4755 177 1
4756 67 1
4757 634 1
4758 21 0
4759 375 1
4760 307 1
4761 294 1
4762 661 1
4763 235 1
4764 384 0
4765 677 1
4766 419 0
4767 604 1
4768 51 0
4769 338 1
4770 234 1
4771 178 1
4772 38 1
4773 642 1
4774 61 0
4775 30 1
4776 22 0
4777 11 1
4778 490 1
4779 455 1
4780 378 1
4781 652 0
4782 505 0
4783 480 1
4784 557 0
4785 491 0
4786 645 1
4787 389 1
4788 91 1
4789 55 1
4790 304 0
4791 168 0
4792 58 1
4793 658 1
4794 74 1
4795 383 0
4796 166 0
4797 209 1
4798 563 1
4799 524 0
4800 131 0
4801 520 1
4802 294 1
4803 421 0
4804 212 1
4805 185 0
4806 546 1
4807 491 0
4808 517 1
4809 112 0
4810 182 1
4811 339 1
4812 490 1
4813 316 1
4814 198 1
4815 446 0
4816 128 1
4817 402 1
4818 147 0
4819 455 1
4820 244 0
4821 171 1
4822 290 0
4823 354 1
4824 419 0
4825 6 1
4826 610 1
4827 598 1
4828 541 0
4829 74 0
4830 379 1
4831 365 0
4832 94 0
4833 226 0
4834 199 1
4835 584 1
4836 618 1
4837 545 1
4838 26 0
4839 675 1
4840 661 1
4841 359 1
4842 674 1
4843 292 1
4844 496 0
4845 563 1
4846 182 1
4847 327 1
4848 655 1
4849 165 1
4850 530 0
4851 257 0
4852 464 1
4853 680 1
4854 309 1
4855 584 1
4856 644 1
4857 162 1
4858 173 1
4859 118 1
4860 468 1
4861 489 1
4862 569 1
4863 574 0
4864 329 0
4865 687 0
4866 448 0
4867 632 1
4868 19 0
4869 363 1
4870 588 1
4871 595 1
4872 499 1
4873 135 0
4874 172 1
4875 638 1
4876 230 1
4877 587 1
4878 568 1
4879 632 1
4880 173 0
4881 382 1
4882 535 1
4883 495 1
4884 247 0
4885 179 1
4886 414 1
4887 677 1
4888 140 0
4889 545 0
4890 26 1
4891 250 1
4892 584 1
4893 352 0
4894 271 0
4895 322 1
4896 223 1
4897 379 1
4898 663 0
4899 273 1
4900 340 0
4901 18 0
4902 170 0
4903 627 0
4904 468 1
4905 272 0
4906 629 0
4907 46 1
4908 319 0
4909 285 0
4910 678 1
4911 348 1
4912 256 0
4913 620 1
4914 209 1
4915 454 1
4916 289 0
4917 600 0
4918 464 1
4919 418 1
4920 672 1
4921 34 0
4922 172 1
4923 434 0
4924 127 0
4925 43 1
4926 624 1
4927 315 0
4928 62 1
4929 72 1
4930 100 1
4931 116 0
4932 294 0
4933 496 0
4934 568 1
4935 298 0
4936 565 0
4937 110 1
4938 413 1
4939 526 1
4940 560 0
4941 289 0
4942 256 0
4943 673 1
4944 499 1
4945 573 0
4946 231 1
4947 284 0
4948 30 0
4949 228 0
4950 656 1
4951 94 1
4952 171 0
4953 215 0
4954 397 1
4955 420 0
4956 606 1
4957 414 0
4958 274 0
4959 476 1
4960 104 0
4961 333 1
4962 363 1
4963 492 1
4964 358 0
4965 287 0
4966 559 1
4967 492 1
4968 234 0
4969 274 0
4970 73 1
4971 212 1
4972 11 1
4973 502 1
4974 321 1
4975 19 1
4976 300 1
4977 56 0
4978 265 1
4979 16 1
4980 229 1
4981 582 1
4982 668 0
4983 478 1
4984 406 0
4985 157 1
4986 54 0
4987 454 0
4988 292 0
4989 687 1
4990 543 1
4991 687 0
4992 18 0
4993 466 0
4994 253 1
4995 204 0
4996 417 1
4997 231 0
4998 485 1
4999 260 0
5000 422 1
5001 666 0
5002 83 0
5003 190 0
5004 685 1
5005 638 0
5006 544 0
5007 343 1
5008 341 0
5009 143 1
5010 587 1
5011 373 1
5012 93 1
5013 361 1
5014 273 0
5015 77 1
5016 687 1
5017 468 1
5018 120 1
5019 442 1
5020 496 0
5021 641 1
5022 678 0
5023 212 1
5024 401 1
5025 558 0
5026 686 1
5027 264 1
5028 159 0
5029 654 1
5030 543 1
5031 424 1
5032 419 0
5033 608 0
5034 510 1
5035 304 1
5036 403 1
5037 656 1
5038 201 0
5039 21 1
5040 519 1
5041 198 1
5042 470 1
5043 256 0
5044 383 1
5045 21 0
5046 602 1
5047 76 1
5048 649 1
5049 520 1
5050 8 0
5051 87 1
5052 41 0
5053 101 1
5054 219 1
5055 140 1
5056 685 0
5057 567 1
5058 448 1
5059 56 0
5060 6 1
5061 366 0
5062 171 1
5063 237 1
5064 87 1
5065 588 0
5066 189 1
5067 139 1
5068 26 1
5069 456 1
5070 346 1
5071 295 1
5072 582 1
5073 106 1
5074 646 1
5075 133 0
5076 575 1
5077 556 1
5078 590 0
5079 175 0
5080 510 1
5081 69 0
5082 399 0
5083 577 1
5084 432 1
5085 319 1
5086 253 0
5087 417 1
5088 85 0
5089 137 1
5090 333 1
5091 679 1
5092 66 0
5093 615 1
5094 300 1
5095 629 1
5096 513 0
5097 469 1
5098 202 1
5099 298 1
5100 15 1
5101 372 1
5102 527 1
5103 399 0
5104 624 1
5105 639 0
5106 102 1
5107 474 1
5108 137 1
5109 472 0
5110 487 0
5111 207 0
5112 408 1
5113 185 1
5114 682 1
5115 205 0
5116 44 1
5117 597 1
5118 679 1
5119 144 1
5120 140 1
5121 181 0
5122 374 1
5123 395 1
5124 352 0
5125 245 1
5126 578 0
5127 112 0
5128 425 1
5129 557 1
5130 76 1
5131 77 1
5132 301 0
5133 339 1
5134 631 1
5135 204 1
5136 227 0
5137 310 0
5138 337 1
5139 408 0
5140 534 0
5141 489 1
5142 402 0
5143 18 1
5144 546 0
5145 206 0
5146 635 1
5147 390 1
5148 606 1
5149 188 0
5150 173 1
5151 280 0
5152 411 1
5153 649 1
5154 257 0
5155 398 0
5156 319 0
5157 175 0
5158 113 1
5159 156 1
5160 65 1
5161 242 1
5162 294 0
5163 596 1
5164 659 0
5165 409 1
5166 474 0
5167 193 1
5168 577 0
5169 593 1
5170 508 0
5171 585 1
5172 504 1
5173 493 1
5174 249 1
5175 237 1
5176 661 1
5177 663 0
5178 409 1
5179 128 1
5180 317 1
5181 172 0
5182 523 1
5183 284 0
5184 504 1
5185 206 0
5186 493 1
5187 96 0
5188 511 1
5189 223 1
5190 200 1
5191 36 1
5192 588 1
5193 72 0
5194 231 1
5195 337 1
5196 34 0
5197 635 0
5198 171 0
5199 266 1
5200 69 1
5201 296 1
5202 576 1
5203 168 0
5204 630 0
5205 456 1
5206 499 1
5207 635 0
5208 488 0
5209 5 0
5210 556 0
5211 228 1
5212 149 1
5213 444 1
5214 391 1
5215 292 0
5216 494 1
5217 670 1
5218 276 0
5219 414 0
5220 541 1
5221 681 0
5222 323 0
5223 49 1
5224 297 1
5225 490 0
5226 45 1
5227 52 1
5228 526 1
5229 147 0
5230 166 1
5231 1 1
5232 323 1
5233 675 1
5234 134 1
5235 466 1
5236 231 1
5237 324 0
5238 49 0
5239 661 0
5240 76 1
5241 495 0
5242 126 1
5243 636 0
5244 339 1
5245 193 0
5246 182 0
5247 110 0
5248 514 1
5249 416 0
5250 146 1
5251 267 1
5252 639 1
5253 228 1
5254 261 1
5255 666 0
5256 649 1
5257 443 0
5258 317 0
5259 52 1
5260 486 1
5261 106 1
5262 424 1
5263 133 0
5264 313 1
5265 194 0
5266 376 0
5267 484 1
5268 14 1
5269 647 1
5270 562 1
5271 261 1
5272 59 0
5273 259 1
5274 55 0
5275 664 1
5276 542 0
5277 505 0
5278 298 1
5279 513 1
5280 483 1
5281 366 0
5282 129 0
5283 147 1
5284 171 0
5285 67 0
5286 380 1
5287 553 1
5288 664 0
5289 447 1
5290 68 0
5291 556 1
5292 506 1
5293 185 0
5294 307 1
5295 360 0
5296 29 0
5297 610 0
5298 186 1
5299 286 1
5300 161 0
5301 35 1
5302 665 1
5303 277 1
5304 8 1
5305 320 0
5306 460 1
5307 671 1
5308 545 1
5309 28 0
5310 178 0
5311 603 1
5312 75 1
5313 351 0
5314 579 1
5315 603 1
5316 639 1
5317 578 1
5318 522 1
5319 554 0
5320 203 0
5321 591 1
5322 359 1
5323 575 1
5324 55 1
5325 365 1
5326 303 1
5327 426 1
5328 101 1
5329 288 1
5330 22 1
5331 29 1
5332 137 1
5333 574 1
5334 86 1
5335 150 0
5336 610 1
5337 250 0
5338 628 1
5339 482 0
5340 388 1
5341 214 0
5342 423 0
5343 30 1
5344 25 1
5345 165 1
5346 506 1
5347 5 1
5348 450 1
5349 263 0
5350 315 0
5351 123 1
5352 115 1
5353 503 0
5354 494 0
5355 387 1
5356 440 0
5357 533 1
5358 537 0
5359 347 1
5360 179 0
5361 594 0
5362 4 1
5363 625 1
5364 122 0
5365 287 0
5366 262 1
5367 658 0
5368 415 1
5369 81 0
5370 66 0
5371 415 0
5372 366 0
5373 329 1
5374 473 1
5375 74 1
5376 486 1
5377 633 1
5378 211 1
5379 592 1
5380 420 1
5381 418 1
5382 234 1
5383 372 0
5384 158 1
5385 519 0
5386 217 1
5387 27 1
5388 156 1
5389 95 0
5390 329 1
5391 241 1
5392 469 1
5393 265 0
5394 405 1
5395 661 1
5396 346 0
5397 132 1
5398 75 0
5399 190 0
5400 589 1
5401 442 0
5402 605 0
5403 350 1
5404 121 1
5405 686 1
5406 598 0
5407 562 1
5408 409 1
5409 371 1
5410 294 0
5411 600 1
5412 383 1
5413 164 1
5414 180 1
5415 340 0
5416 361 0
5417 200 0
5418 211 1
5419 335 0
5420 291 1
5421 79 1
5422 556 0
5423 580 1
5424 414 1
5425 52 1
5426 255 0
5427 644 1
5428 681 1
5429 392 0
5430 123 0
5431 255 1
5432 474 0
5433 410 0
5434 301 1
5435 314 1
5436 374 1
5437 105 0
5438 331 1
5439 168 1
5440 596 0
5441 413 1
5442 169 1
5443 433 0
5444 474 0
5445 337 1
5446 166 1
5447 378 1
5448 344 1
5449 622 1
5450 142 1
5451 550 1
5452 290 1
5453 407 1
5454 301 1
5455 663 1
5456 443 1
5457 5 0
5458 54 1
5459 88 1
5460 224 1
5461 421 0
5462 313 1
5463 680 0
5464 548 1
5465 263 1
5466 511 0
5467 166 0
5468 76 1
5469 30 1
5470 460 0
5471 571 1
5472 378 1
5473 477 1
5474 662 1
5475 608 0
5476 286 0
5477 238 1
5478 101 1
5479 217 1
5480 140 1
5481 299 1
5482 253 1
5483 60 0
5484 335 1
5485 355 1
5486 80 0
5487 307 1
5488 462 0
5489 186 1
5490 645 1
5491 283 1
5492 432 1
5493 491 1
5494 47 1
5495 142 1
5496 148 0
5497 135 0
5498 202 0
5499 378 0
5500 271 1
5501 293 1
5502 267 1
5503 442 1
5504 681 1
5505 462 1
5506 383 1
5507 530 0
5508 227 0
5509 660 1
5510 673 1
5511 446 1
5512 539 1
5513 518 1
5514 426 1
5515 575 1
5516 238 0
5517 344 0
5518 428 0
5519 179 0
5520 39 0
5521 20 1
5522 346 0
5523 533 0
5524 179 1
5525 144 0
5526 603 1
5527 281 1
5528 484 1
5529 491 0
5530 303 0
5531 567 1
5532 206 1
5533 343 1
5534 658 1
5535 16 1
5536 123 1
5537 63 1
5538 570 1
5539 3 1
5540 61 1
5541 209 0
5542 49 1
5543 78 0
5544 249 1
5545 404 1
5546 596 1
5547 54 1
5548 492 0
5549 398 0
5550 215 0
5551 104 0
5552 435 1
5553 120 0
5554 76 1
5555 11 1
5556 606 0
5557 450 1
5558 7 1
5559 149 0
5560 58 1
5561 105 0
5562 134 1
5563 418 1
5564 541 1
5565 384 0
5566 190 1
5567 55 1
5568 304 1
5569 239 1
5570 282 1
5571 165 1
5572 454 1
5573 152 1
5574 440 0
5575 14 1
5576 151 0
5577 449 1
5578 263 1
5579 207 1
5580 643 1
5581 170 1
5582 376 0
5583 67 1
5584 33 1
5585 20 1
5586 540 1
5587 164 1
5588 97 1
5589 64 1
5590 265 0
5591 668 0
5592 182 0
5593 686 0
5594 593 1
5595 546 1
5596 430 1
5597 342 1
5598 238 0
5599 111 1
5600 364 1
5601 234 1
5602 301 0
5603 172 0
5604 10 0
5605 568 1
5606 651 1
5607 677 1
5608 626 0
5609 238 1
5610 513 1
5611 39 0
5612 461 1
5613 374 1
5614 104 1
5615 266 0
5616 600 0
5617 333 0
5618 195 1
5619 597 0
5620 390 0
5621 466 1
5622 674 1
5623 498 0
5624 426 1
5625 103 0
5626 481 1
5627 155 0
5628 524 1
5629 250 0
5630 310 1
5631 41 1
5632 666 1
5633 421 0
5634 176 1
5635 363 1
5636 103 1
5637 567 0
5638 244 0
5639 349 0
5640 409 1
5641 219 0
5642 243 0
5643 106 1
5644 552 1
5645 340 0
5646 169 1
5647 381 1
5648 403 1
5649 305 1
5650 76 1
5651 105 1
5652 458 1
5653 253 1
5654 681 0
5655 669 1
5656 351 1
5657 254 0
5658 223 1
