5831
1 406 1
2 340 1
3 175 1
4 42 1
5 21 1
6 472 1
7 529 0
8 301 0
9 196 1
10 171 1
11 363 0
12 29 1
13 515 1
14 333 1
15 40 0
16 442 0
17 313 1
18 67 1
19 451 1
20 307 0
21 358 1
22 44 1
23 242 1
24 169 1
25 295 1
26 501 1
27 30 0
28 458 1
29 410 1
30 111 1
31 325 1
32 332 1
33 190 0
34 554 1
35 492 0
36 525 1
37 495 1
38 27 0
39 334 0
40 30 1
41 513 0
42 143 1
43 489 1
44 516 0
45 254 1
46 220 0
47 43 0
48 72 1
49 371 1
50 294 0
51 335 1
52 3 1
53 251 1
54 422 0
55 202 0
56 61 1
57 410 0
58 121 1
59 224 1
60 104 0
61 119 1
62 477 1
63 296 0
64 380 1
65 22 0
66 376 0
67 348 1
68 50 1
69 393 0
70 39 1
71 351 0
72 174 0
73 289 1
74 523 1
75 360 1
76 419 0
77 363 1
78 60 1
79 291 0
80 180 1
81 543 1
82 98 1
83 355 1
84 345 0
85 39 0
86 199 1
87 476 1
88 6 1
89 95 1
90 141 1
91 11 1
92 353 1
93 302 1
94 461 1
95 290 0
96 342 0
97 53 1
98 13 1
99 16 1
100 19 1
101 169 0
102 438 1
103 18 0
104 265 1
105 393 0
106 553 1
107 377 1
108 206 1
109 183 0
110 143 0
111 164 1
112 160 1
113 345 1
114 44 0
115 516 1
116 402 0
117 274 0
118 177 1
119 139 1
120 391 1
121 268 1
122 363 1
123 148 0
124 187 0
125 100 1
126 231 1
127 235 1
128 465 1
129 541 0
130 361 1
131 0 1
132 31 1
133 458 1
134 552 1
135 79 0
136 556 1
137 184 1
138 420 1
139 351 1
140 91 0
141 365 1
142 134 1
143 133 0
144 51 0
145 536 0
146 28 1
147 38 1
148 230 0
149 261 1
150 520 1
151 14 1
152 122 1
153 292 1
154 516 1
155 13 0
156 522 0
157 357 1
158 414 0
159 110 1
160 27 1
161 296 0
162 37 0
163 100 1
164 249 1
165 469 1
166 136 1
167 142 1
168 93 1
169 220 1
170 498 0
171 79 1
172 39 1
173 531 1
174 354 1
175 337 0
176 150 1
177 430 0
178 379 0
179 447 1
180 318 0
181 260 1
182 245 1
183 131 1
184 256 1
185 375 1
186 4 1
187 64 1
188 326 0
189 480 0
190 107 0
191 489 1
192 305 1
193 437 1
194 303 0
195 174 1
196 89 0
197 502 1
198 256 1
199 101 0
200 413 1
201 129 1
202 358 1
203 453 1
204 223 0
205 218 1
206 48 1
207 8 0
208 489 1
209 456 1
210 184 1
211 276 0
212 492 1
213 35 1
214 283 0
215 122 0
216 32 0
217 540 1
218 436 1
219 493 1
220 224 0
221 410 0
222 281 1
223 44 1
224 282 1
225 418 1
226 557 1
227 167 0
228 343 1
229 102 1
230 323 0
231 176 1
232 468 1
233 156 0
234 564 1
235 427 0
236 222 1
237 479 1
238 109 1
239 129 1
240 450 1
241 285 1
242 111 1
243 354 1
244 73 1
245 500 1
246 109 1
247 170 0
248 240 0
249 344 1
250 402 1
251 447 1
252 462 0
253 556 1
254 304 0
255 390 0
256 102 0
257 59 0
258 546 1
259 87 1
260 298 0
261 443 0
262 111 1
263 411 0
264 359 1
265 17 1
266 389 1
267 240 1
268 245 1
269 285 1
270 343 1
271 157 0
272 196 1
273 70 1
274 50 0
275 224 0
276 164 1
277 174 0
278 126 1
279 53 0
280 203 1
281 101 0
282 519 0
283 307 1
284 0 1
285 167 0
286 114 1
287 208 1
288 518 1
289 488 1
290 427 0
291 343 0
292 233 0
293 294 1
294 529 1
295 264 1
296 403 0
297 188 1
298 133 1
299 541 1
300 498 0
301 469 0
302 444 0
303 358 0
304 374 1
305 392 1
306 412 1
307 255 0
308 106 0
309 415 1
310 317 0
311 231 0
312 471 0
313 496 1
314 325 0
315 165 1
316 35 1
317 306 0
318 157 1
319 304 0
320 364 1
321 195 0
322 286 1
323 267 1
324 419 1
325 455 0
326 224 0
327 318 0
328 524 0
329 154 1
330 141 1
331 535 1
332 365 0
333 75 1
334 359 1
335 481 1
336 494 0
337 345 0
338 554 1
339 43 0
340 148 1
341 7 1
342 47 1
343 495 1
344 559 1
345 283 0
346 388 0
347 304 1
348 513 1
349 147 1
350 185 1
351 449 0
352 167 0
353 322 1
354 260 0
355 556 1
356 283 1
357 208 1
358 316 1
359 328 0
360 206 1
361 430 0
362 283 0
363 219 0
364 541 1
365 530 1
366 413 0
367 261 1
368 70 0
369 163 0
370 376 1
371 174 0
372 145 0
373 416 1
374 512 1
375 191 0
376 210 0
377 175 0
378 218 1
379 152 1
380 171 0
381 341 0
382 524 0
383 27 0
384 55 0
385 352 0
386 330 1
387 517 1
388 335 1
389 364 1
390 532 1
391 419 1
392 30 0
393 89 0
394 408 1
395 436 1
396 343 0
397 27 1
398 233 1
399 323 0
400 229 1
401 147 0
402 55 1
403 462 0
404 452 1
405 91 1
406 243 1
407 23 1
408 533 1
409 514 0
410 346 1
411 375 1
412 8 0
413 418 1
414 441 1
415 530 0
416 271 0
417 84 0
418 195 1
419 144 1
420 234 0
421 493 1
422 173 1
423 169 1
424 64 0
425 502 0
426 488 1
427 526 1
428 142 1
429 165 1
430 539 0
431 99 0
432 226 1
433 7 0
434 156 1
435 488 0
436 378 1
437 286 1
438 360 1
439 120 1
440 2 1
441 261 0
442 362 1
443 406 1
444 20 1
445 498 0
446 129 1
447 232 0
448 216 1
449 197 1
450 382 1
451 182 0
452 521 1
453 175 1
454 351 1
455 176 1
456 345 1
457 263 1
458 71 0
459 65 0
460 95 0
461 79 1
462 30 1
463 0 1
464 543 1
465 38 1
466 301 1
467 540 1
468 115 1
469 10 0
470 438 1
471 247 0
472 35 1
473 352 1
474 26 0
475 191 1
476 399 0
477 338 1
478 8 1
479 95 1
480 527 1
481 331 0
482 337 1
483 522 1
484 449 1
485 346 1
486 137 1
487 540 0
488 523 0
489 280 1
490 155 1
491 98 1
492 168 1
493 418 1
494 202 0
495 147 1
496 65 0
497 420 1
498 203 1
499 282 1
500 336 0
501 409 0
502 84 1
503 74 1
504 122 0
505 11 1
506 252 1
507 266 0
508 530 1
509 7 0
510 52 0
511 323 0
512 51 0
513 504 0
514 548 1
515 342 1
516 277 1
517 213 0
518 555 1
519 396 1
520 76 0
521 382 1
522 501 1
523 167 0
524 188 1
525 52 0
526 321 1
527 342 1
528 539 1
529 54 1
530 495 1
531 261 1
532 3 1
533 561 1
534 196 1
535 90 1
536 219 1
537 19 1
538 541 0
539 49 0
540 345 0
541 396 0
542 470 0
543 449 0
544 448 1
545 385 1
546 320 1
547 13 0
548 548 1
549 300 0
550 393 0
551 436 1
552 283 0
553 196 1
554 53 1
555 415 1
556 331 1
557 475 1
558 420 1
559 99 1
560 299 1
561 109 1
562 559 0
563 369 0
564 123 1
565 141 0
566 479 1
567 548 0
568 461 1
569 440 0
570 401 1
571 332 1
572 529 0
573 388 1
574 37 1
575 107 1
576 391 1
577 382 1
578 322 1
579 347 0
580 275 1
581 372 1
582 493 0
583 363 1
584 519 1
585 323 1
586 513 1
587 515 0
588 324 1
589 280 1
590 244 1
591 125 1
592 22 0
593 440 1
594 113 1
595 200 1
596 138 1
597 562 0
598 356 0
599 440 1
600 25 1
601 101 1
602 280 1
603 442 0
604 381 0
605 393 0
606 529 0
607 123 1
608 446 1
609 307 1
610 205 1
611 375 1
612 508 1
613 394 1
614 159 1
615 36 1
616 459 0
617 150 0
618 180 0
619 205 0
620 161 1
621 49 0
622 537 0
623 97 0
624 163 1
625 412 1
626 339 1
627 139 1
628 13 1
629 8 1
630 229 0
631 349 0
632 174 0
633 289 1
634 510 1
635 343 1
636 505 0
637 217 1
638 557 1
639 330 1
640 145 0
641 516 0
642 384 1
643 186 0
644 51 1
645 5 0
646 224 1
647 388 1
648 272 1
649 180 0
650 27 1
651 316 1
652 351 1
653 436 1
654 274 1
655 491 1
656 362 1
657 324 1
658 525 0
659 6 1
660 124 0
661 277 0
662 349 1
663 182 0
664 197 0
665 265 1
666 313 1
667 175 0
668 542 0
669 435 0
670 239 1
671 91 1
672 231 0
673 210 1
674 352 0
675 179 1
676 211 1
677 252 1
678 541 1
679 43 1
680 216 0
681 390 1
682 318 1
683 56 0
684 39 1
685 523 1
686 280 1
687 307 0
688 456 1
689 122 1
690 161 1
691 148 1
692 185 1
693 360 1
694 262 0
695 334 1
696 140 1
697 442 0
698 152 1
699 164 1
700 418 1
701 461 0
702 172 0
703 64 1
704 149 0
705 300 0
706 479 1
707 102 1
708 275 0
709 252 1
710 286 1
711 450 0
712 165 1
713 303 1
714 246 1
715 500 1
716 25 0
717 216 1
718 20 1
719 254 1
720 450 0
721 463 1
722 429 1
723 456 1
724 448 0
725 104 0
726 150 0
727 14 1
728 301 1
729 60 1
730 211 1
731 57 1
732 376 1
733 419 1
734 538 1
735 557 0
736 89 1
737 216 1
738 433 1
739 84 0
740 243 1
741 469 1
742 170 1
743 136 1
744 227 1
745 438 1
746 175 1
747 94 1
748 196 1
749 375 1
750 48 0
751 21 1
752 243 0
753 82 1
754 336 0
755 419 0
756 355 0
757 392 1
758 233 1
759 416 1
760 143 1
761 309 1
762 211 1
763 298 1
764 344 1
765 562 0
766 468 1
767 530 0
768 239 0
769 257 0
770 207 0
771 9 0
772 418 1
773 499 1
774 349 0
775 530 1
776 66 1
777 231 1
778 106 1
779 104 1
780 64 1
781 270 0
782 103 1
783 106 1
784 268 1
785 345 1
786 451 1
787 448 1
788 183 1
789 391 1
790 167 1
791 445 1
792 51 1
793 495 0
794 59 0
795 26 0
796 128 0
797 83 1
798 517 1
799 9 0
800 530 1
801 114 1
802 135 1
803 156 1
804 372 1
805 271 1
806 316 1
807 192 0
808 246 1
809 516 0
810 148 1
811 420 1
812 258 1
813 508 1
814 113 1
815 422 1
816 306 0
817 486 1
818 510 1
819 187 0
820 37 1
821 275 1
822 28 1
823 155 1
824 8 1
825 14 0
826 59 0
827 433 1
828 366 1
829 528 1
830 320 1
831 541 1
832 333 0
833 487 1
834 524 1
835 14 0
836 552 1
837 341 1
838 176 0
839 282 1
840 21 0
841 334 1
842 150 0
843 391 1
844 563 1
845 414 1
846 159 1
847 372 1
848 272 1
849 190 1
850 395 1
851 212 1
852 479 1
853 390 1
854 477 0
855 259 0
856 387 1
857 563 0
858 215 1
859 481 1
860 171 1
861 515 1
862 140 1
863 234 1
864 43 1
865 71 1
866 57 1
867 232 1
868 263 1
869 45 0
870 148 0
871 93 1
872 325 1
873 501 0
874 473 1
875 172 1
876 175 0
877 393 0
878 437 1
879 155 0
880 480 1
881 331 1
882 493 1
883 492 1
884 48 0
885 351 1
886 269 1
887 159 1
888 520 0
889 554 0
890 497 1
891 491 0
892 269 0
893 407 1
894 366 0
895 41 1
896 208 1
897 237 1
898 355 0
899 305 0
900 121 1
901 18 0
902 520 1
903 412 0
904 257 1
905 322 1
906 548 1
907 289 1
908 543 1
909 385 0
910 121 1
911 53 1
912 210 1
913 451 1
914 439 0
915 395 0
916 266 1
917 378 1
918 11 1
919 115 1
920 46 1
921 458 1
922 96 0
923 273 0
924 305 0
925 420 0
926 497 1
927 176 1
928 183 0
929 135 0
930 237 0
931 37 1
932 371 1
933 152 1
934 52 1
935 78 1
936 124 0
937 120 1
938 137 1
939 287 1
940 463 1
941 288 0
942 35 1
943 530 1
944 510 1
945 260 0
946 57 0
947 113 1
948 124 1
949 230 1
950 508 0
951 275 1
952 263 0
953 272 1
954 207 1
955 270 1
956 129 0
957 493 1
958 442 0
959 374 1
960 542 1
961 562 0
962 352 0
963 448 0
964 351 1
965 80 0
966 406 1
967 346 1
968 169 0
969 497 0
970 47 1
971 458 1
972 187 0
973 340 1
974 264 0
975 444 0
976 212 1
977 269 1
978 535 1
979 459 0
980 249 1
981 34 1
982 321 0
983 187 1
984 433 1
985 278 0
986 321 1
987 84 0
988 550 1
989 557 1
990 2 1
991 484 1
992 304 1
993 197 1
994 340 1
995 6 0
996 58 0
997 107 0
998 421 1
999 281 1
1000 413 1
1001 197 1
1002 149 0
1003 96 1
1004 134 0
1005 377 0
1006 516 0
1007 342 1
1008 476 1
1009 505 1
1010 57 1
1011 259 1
1012 552 0
1013 479 1
1014 87 1
1015 124 1
1016 181 1
1017 88 1
1018 31 1
1019 457 0
1020 257 0
1021 301 1
1022 549 1
1023 448 0
1024 36 1
1025 130 1
1026 327 0
1027 193 1
1028 191 1
1029 141 0
1030 294 1
1031 206 1
1032 7 1
1033 232 1
1034 472 0
1035 203 0
1036 370 0
1037 365 1
1038 1 1
1039 242 1
1040 57 0
1041 114 1
1042 198 1
1043 118 1
1044 398 1
1045 95 1
1046 509 0
1047 21 1
1048 24 1
1049 554 1
1050 355 1
1051 79 0
1052 115 0
1053 515 1
1054 121 0
1055 137 0
1056 558 0
1057 554 1
1058 543 0
1059 564 0
1060 351 1
1061 480 0
1062 381 1
1063 239 1
1064 175 1
1065 320 1
1066 397 1
1067 117 1
1068 271 1
1069 56 0
1070 245 1
1071 562 1
1072 437 1
1073 421 1
1074 78 1
1075 204 1
1076 507 1
1077 152 0
1078 56 1
1079 147 1
1080 30 1
1081 180 1
1082 286 1
1083 367 1
1084 358 1
1085 377 1
1086 43 0
1087 276 1
1088 345 1
1089 316 0
1090 536 1
1091 280 1
1092 74 1
1093 221 1
1094 242 0
1095 346 1
1096 263 1
1097 127 1
1098 252 1
1099 534 1
1100 344 0
1101 83 1
1102 139 1
1103 296 1
1104 475 1
1105 336 0
1106 559 1
1107 352 0
1108 476 0
1109 183 0
1110 370 0
1111 410 1
1112 468 0
1113 45 1
1114 451 0
1115 192 0
1116 344 1
1117 38 1
1118 53 1
1119 395 1
1120 365 1
1121 401 0
1122 210 1
1123 411 0
1124 190 0
1125 258 0
1126 536 1
1127 55 0
1128 61 1
1129 29 0
1130 90 1
1131 154 1
1132 488 1
1133 345 1
1134 518 1
1135 496 0
1136 326 1
1137 96 1
1138 505 1
1139 76 1
1140 530 0
1141 109 1
1142 430 1
1143 375 0
1144 249 1
1145 415 1
1146 44 1
1147 201 0
1148 189 1
1149 500 1
1150 141 0
1151 445 1
1152 190 1
1153 422 1
1154 476 0
1155 245 1
1156 259 1
1157 361 1
1158 512 0
1159 35 0
1160 559 1
1161 528 1
1162 439 0
1163 562 0
1164 130 0
1165 189 1
1166 355 1
1167 157 0
1168 30 1
1169 96 0
1170 504 1
1171 367 1
1172 123 1
1173 308 0
1174 319 0
1175 251 1
1176 213 1
1177 336 1
1178 363 0
1179 142 1
1180 258 1
1181 184 1
1182 385 0
1183 21 1
1184 332 1
1185 332 0
1186 451 1
1187 455 0
1188 282 0
1189 72 1
1190 533 0
1191 333 1
1192 521 0
1193 260 0
1194 430 1
1195 233 1
1196 153 0
1197 163 1
1198 170 1
1199 364 0
1200 294 1
1201 202 0
1202 258 0
1203 190 0
1204 290 1
1205 3 1
1206 4 1
1207 432 1
1208 441 1
1209 264 0
1210 514 1
1211 413 1
1212 334 0
1213 59 0
1214 188 1
1215 434 1
1216 546 1
1217 98 0
1218 155 1
1219 206 1
1220 526 1
1221 123 1
1222 546 1
1223 475 1
1224 93 1
1225 139 0
1226 99 0
1227 128 1
1228 555 1
1229 356 0
1230 29 0
1231 89 1
1232 281 0
1233 242 0
1234 452 1
1235 301 1
1236 85 1
1237 371 1
1238 390 0
1239 464 1
1240 447 1
1241 518 0
1242 17 1
1243 398 0
1244 253 0
1245 179 0
1246 400 1
1247 286 1
1248 439 0
1249 553 1
1250 396 1
1251 167 1
1252 125 1
1253 524 1
1254 238 1
1255 427 1
1256 446 0
1257 86 1
1258 454 1
1259 456 1
1260 101 0
1261 418 0
1262 322 1
1263 53 0
1264 86 1
1265 507 0
1266 307 1
1267 384 0
1268 66 1
1269 376 1
1270 186 1
1271 416 1
1272 45 0
1273 524 1
1274 414 1
1275 62 1
1276 477 1
1277 436 1
1278 46 1
1279 414 1
1280 514 0
1281 34 1
1282 457 1
1283 117 1
1284 181 1
1285 254 1
1286 158 1
1287 427 0
1288 35 1
1289 130 1
1290 220 1
1291 392 0
1292 99 0
1293 350 1
1294 171 0
1295 262 1
1296 556 0
1297 361 1
1298 134 1
1299 399 1
1300 398 1
1301 109 0
1302 187 1
1303 187 1
1304 342 1
1305 99 1
1306 494 1
1307 114 1
1308 173 0
1309 150 1
1310 100 1
1311 456 1
1312 127 0
1313 532 1
1314 158 1
1315 3 1
1316 448 1
1317 532 0
1318 77 0
1319 284 0
1320 448 1
1321 401 1
1322 293 1
1323 381 1
1324 416 1
1325 237 1
1326 362 1
1327 26 0
1328 374 1
1329 178 1
1330 353 1
1331 508 0
1332 287 1
1333 290 1
1334 49 1
1335 202 0
1336 377 1
1337 301 0
1338 547 0
1339 564 0
1340 76 1
1341 341 1
1342 357 1
1343 356 1
1344 353 0
1345 118 1
1346 151 0
1347 353 0
1348 529 1
1349 229 0
1350 72 0
1351 511 1
1352 455 1
1353 554 1
1354 350 1
1355 262 1
1356 209 1
1357 300 0
1358 397 1
1359 152 0
1360 53 0
1361 303 1
1362 331 1
1363 62 0
1364 154 1
1365 302 1
1366 142 1
1367 110 1
1368 480 0
1369 461 0
1370 72 1
1371 127 0
1372 188 1
1373 267 1
1374 503 0
1375 191 1
1376 124 1
1377 179 1
1378 5 1
1379 170 1
1380 517 0
1381 386 1
1382 148 0
1383 119 1
1384 16 0
1385 329 0
1386 166 0
1387 362 1
1388 294 1
1389 367 0
1390 483 1
1391 207 1
1392 480 0
1393 473 1
1394 47 1
1395 72 0
1396 551 1
1397 86 1
1398 383 0
1399 190 1
1400 204 1
1401 479 1
1402 386 1
1403 160 1
1404 332 0
1405 332 1
1406 513 1
1407 276 1
1408 345 1
1409 332 0
1410 256 1
1411 392 1
1412 283 1
1413 361 1
1414 102 0
1415 484 1
1416 481 1
1417 104 1
1418 102 1
1419 401 1
1420 219 1
1421 104 0
1422 135 0
1423 22 1
1424 549 1
1425 300 1
1426 186 1
1427 475 0
1428 25 1
1429 562 1
1430 233 0
1431 419 1
1432 307 0
1433 435 1
1434 223 1
1435 270 1
1436 432 1
1437 44 1
1438 182 1
1439 466 0
1440 412 0
1441 399 1
1442 314 0
1443 495 1
1444 564 1
1445 451 1
1446 393 1
1447 373 1
1448 264 0
1449 544 1
1450 506 1
1451 348 1
1452 51 1
1453 367 1
1454 442 1
1455 392 1
1456 463 1
1457 307 1
1458 527 1
1459 535 1
1460 150 1
1461 177 1
1462 162 1
1463 114 1
1464 212 1
1465 332 0
1466 327 0
1467 527 0
1468 499 1
1469 31 1
1470 17 1
1471 93 1
1472 76 1
1473 111 1
1474 57 0
1475 540 0
1476 496 1
1477 178 0
1478 121 0
1479 504 1
1480 369 1
1481 479 1
1482 387 0
1483 495 1
1484 189 1
1485 125 1
1486 369 1
1487 98 1
1488 45 1
1489 468 1
1490 276 0
1491 302 1
1492 15 1
1493 292 1
1494 191 0
1495 462 1
1496 503 1
1497 112 1
1498 244 1
1499 65 0
1500 552 1
1501 51 0
1502 392 1
1503 229 0
1504 352 1
1505 533 0
1506 2 0
1507 262 1
1508 170 0
1509 146 1
1510 213 1
1511 349 0
1512 403 0
1513 460 1
1514 479 0
1515 499 1
1516 135 1
1517 250 1
1518 136 1
1519 392 1
1520 38 1
1521 543 1
1522 50 0
1523 42 1
1524 221 1
1525 16 0
1526 215 1
1527 4 1
1528 238 0
1529 127 1
1530 401 0
1531 55 0
1532 40 1
1533 490 1
1534 212 0
1535 83 1
1536 105 1
1537 275 0
1538 293 0
1539 367 1
1540 490 1
1541 368 1
1542 169 0
1543 178 1
1544 248 1
1545 560 1
1546 360 0
1547 55 0
1548 340 1
1549 560 1
1550 290 1
1551 221 0
1552 139 1
1553 543 1
1554 234 1
1555 357 1
1556 149 0
1557 284 0
1558 517 1
1559 152 1
1560 196 1
1561 284 0
1562 174 1
1563 383 1
1564 311 1
1565 485 1
1566 448 0
1567 425 0
1568 58 0
1569 438 1
1570 168 1
1571 435 1
1572 383 1
1573 62 0
1574 45 1
1575 519 1
1576 347 1
1577 224 1
1578 4 1
1579 463 0
1580 412 1
1581 336 1
1582 517 1
1583 309 1
1584 11 0
1585 294 0
1586 396 0
1587 489 0
1588 312 1
1589 533 1
1590 185 1
1591 25 1
1592 152 1
1593 481 1
1594 283 0
1595 448 1
1596 181 0
1597 409 1
1598 392 0
1599 136 0
1600 311 1
1601 9 1
1602 15 0
1603 349 1
1604 469 1
1605 111 1
1606 224 0
1607 49 0
1608 377 1
1609 517 1
1610 336 0
1611 201 1
1612 46 1
1613 78 0
1614 182 1
1615 268 1
1616 57 1
1617 62 1
1618 187 0
1619 383 1
1620 148 0
1621 173 1
1622 57 1
1623 175 1
1624 179 1
1625 505 0
1626 519 1
1627 451 0
1628 178 1
1629 423 1
1630 164 1
1631 280 0
1632 389 1
1633 277 1
1634 181 0
1635 95 0
1636 16 1
1637 136 1
1638 490 0
1639 483 1
1640 431 0
1641 46 1
1642 564 1
1643 378 1
1644 446 0
1645 521 1
1646 356 0
1647 250 1
1648 5 0
1649 183 1
1650 49 0
1651 507 1
1652 546 0
1653 122 0
1654 382 1
1655 559 0
1656 455 1
1657 60 0
1658 530 1
1659 50 1
1660 103 1
1661 441 1
1662 234 1
1663 66 0
1664 81 1
1665 410 1
1666 520 0
1667 180 1
1668 431 1
1669 392 1
1670 335 1
1671 488 1
1672 419 1
1673 99 1
1674 415 1
1675 214 0
1676 140 1
1677 404 0
1678 209 1
1679 33 1
1680 146 1
1681 404 1
1682 232 0
1683 30 0
1684 314 0
1685 331 1
1686 243 0
1687 293 1
1688 222 0
1689 465 1
1690 526 0
1691 17 0
1692 197 0
1693 467 1
1694 318 1
1695 123 1
1696 372 1
1697 1 1
1698 539 0
1699 121 0
1700 445 1
1701 356 1
1702 126 0
1703 205 0
1704 461 1
1705 405 0
1706 205 1
1707 523 1
1708 263 1
1709 236 1
1710 346 0
1711 481 1
1712 314 0
1713 184 1
1714 498 1
1715 561 1
1716 177 1
1717 495 1
1718 430 1
1719 62 0
1720 225 1
1721 168 1
1722 309 1
1723 260 0
1724 536 0
1725 23 1
1726 274 1
1727 462 1
1728 407 0
1729 297 0
1730 371 1
1731 146 1
1732 73 1
1733 262 0
1734 188 1
1735 249 1
1736 219 1
1737 271 1
1738 527 1
1739 535 1
1740 438 1
1741 251 1
1742 482 0
1743 155 0
1744 214 1
1745 92 1
1746 165 0
1747 560 1
1748 291 1
1749 161 1
1750 9 1
1751 319 1
1752 254 1
1753 183 0
1754 532 1
1755 142 0
1756 138 1
1757 537 1
1758 527 0
1759 372 0
1760 564 0
1761 189 1
1762 114 0
1763 394 0
1764 434 1
1765 311 1
1766 392 1
1767 98 0
1768 67 0
1769 282 1
1770 426 0
1771 424 1
1772 237 1
1773 39 1
1774 515 1
1775 368 1
1776 295 1
1777 97 1
1778 168 1
1779 241 1
1780 466 0
1781 464 1
1782 37 1
1783 359 1
1784 262 0
1785 122 0
1786 477 0
1787 107 1
1788 377 0
1789 341 0
1790 550 1
1791 261 0
1792 120 1
1793 125 1
1794 278 1
1795 310 1
1796 346 0
1797 465 1
1798 191 1
1799 471 1
1800 312 1
1801 561 0
1802 2 1
1803 366 0
1804 233 1
1805 135 0
1806 270 1
1807 492 1
1808 182 1
1809 97 0
1810 411 1
1811 75 1
1812 36 0
1813 560 1
1814 219 1
1815 99 1
1816 480 1
1817 183 0
1818 190 1
1819 289 1
1820 118 1
1821 70 1
1822 248 1
1823 197 1
1824 41 1
1825 326 1
1826 121 1
1827 65 1
1828 352 0
1829 376 0
1830 511 1
1831 523 1
1832 563 1
1833 336 0
1834 118 0
1835 32 0
1836 477 1
1837 36 0
1838 91 0
1839 25 1
1840 512 0
1841 12 1
1842 163 0
1843 218 0
1844 130 1
1845 507 0
1846 498 0
1847 487 1
1848 25 1
1849 104 1
1850 318 0
1851 356 0
1852 230 1
1853 382 1
1854 52 1
1855 446 1
1856 178 0
1857 69 1
1858 528 1
1859 277 1
1860 301 0
1861 145 1
1862 103 1
1863 150 0
1864 325 0
1865 256 1
1866 383 0
1867 293 0
1868 439 0
1869 354 0
1870 503 1
1871 491 1
1872 120 0
1873 434 1
1874 267 0
1875 160 0
1876 357 1
1877 222 1
1878 365 1
1879 16 1
1880 53 0
1881 181 1
1882 319 1
1883 469 1
1884 4 0
1885 111 1
1886 485 1
1887 43 0
1888 17 0
1889 108 1
1890 51 1
1891 280 1
1892 558 1
1893 288 1
1894 301 1
1895 469 1
1896 560 1
1897 202 0
1898 551 1
1899 491 0
1900 348 1
1901 490 0
1902 67 1
1903 300 1
1904 446 0
1905 361 1
1906 96 1
1907 332 0
1908 562 0
1909 448 0
1910 343 1
1911 72 1
1912 429 1
1913 79 1
1914 364 1
1915 399 0
1916 35 0
1917 407 1
1918 285 0
1919 179 0
1920 535 0
1921 90 1
1922 44 0
1923 155 1
1924 462 0
1925 332 0
1926 375 1
1927 6 1
1928 97 1
1929 83 0
1930 83 1
1931 35 1
1932 241 0
1933 212 1
1934 561 1
1935 119 1
1936 368 1
1937 24 1
1938 51 1
1939 446 0
1940 202 1
1941 172 1
1942 37 0
1943 245 0
1944 256 0
1945 23 1
1946 237 1
1947 449 0
1948 477 1
1949 424 0
1950 480 1
1951 431 1
1952 172 1
1953 107 1
1954 54 1
1955 155 1
1956 186 1
1957 253 1
1958 490 1
1959 351 1
1960 245 0
1961 504 1
1962 417 1
1963 380 1
1964 468 1
1965 222 1
1966 209 1
1967 78 0
1968 528 1
1969 23 0
1970 166 0
1971 266 0
1972 482 1
1973 3 1
1974 437 1
1975 15 1
1976 156 0
1977 19 1
1978 334 0
1979 322 1
1980 65 1
1981 40 1
1982 61 1
1983 75 0
1984 296 0
1985 42 0
1986 253 1
1987 242 1
1988 246 0
1989 12 1
1990 27 0
1991 220 0
1992 538 0
1993 183 1
1994 57 1
1995 528 1
1996 478 0
1997 372 1
1998 107 1
1999 563 1
2000 530 1
2001 277 0
2002 332 1
2003 380 1
2004 183 0
2005 116 1
2006 403 1
2007 385 1
2008 559 1
2009 102 0
2010 502 0
2011 157 0
2012 53 1
2013 381 1
2014 396 0
2015 540 1
2016 404 1
2017 563 1
2018 190 0
2019 169 1
2020 189 1
2021 19 1
2022 41 0
2023 395 1
2024 400 0
2025 71 1
2026 555 1
2027 171 1
2028 170 0
2029 180 1
2030 351 0
2031 347 0
2032 391 0
2033 345 1
2034 143 0
2035 389 1
2036 220 1
2037 360 1
2038 232 1
2039 281 1
2040 115 0
2041 389 1
2042 558 0
2043 132 1
2044 532 0
2045 164 1
2046 451 1
2047 500 1
2048 276 1
2049 293 1
2050 206 1
2051 178 0
2052 510 1
2053 107 1
2054 156 0
2055 229 1
2056 152 1
2057 360 0
2058 32 0
2059 308 1
2060 232 1
2061 317 1
2062 403 0
2063 396 1
2064 509 0
2065 517 0
2066 234 0
2067 561 0
2068 88 0
2069 341 0
2070 475 1
2071 499 1
2072 42 0
2073 200 1
2074 222 0
2075 74 1
2076 409 1
2077 564 1
2078 55 1
2079 346 1
2080 512 1
2081 142 1
2082 421 0
2083 345 0
2084 233 1
2085 181 0
2086 111 0
2087 190 0
2088 410 0
2089 221 1
2090 327 0
2091 505 1
2092 106 0
2093 410 1
2094 327 0
2095 145 0
2096 482 1
2097 440 1
2098 417 1
2099 275 1
2100 318 0
2101 205 1
2102 0 1
2103 11 1
2104 213 1
2105 454 1
2106 511 1
2107 146 1
2108 326 0
2109 199 1
2110 167 0
2111 347 1
2112 59 0
2113 407 1
2114 419 1
2115 538 0
2116 558 0
2117 21 0
2118 0 1
2119 380 0
2120 248 1
2121 189 1
2122 98 1
2123 240 1
2124 304 1
2125 498 1
2126 218 1
2127 540 1
2128 479 1
2129 173 1
2130 483 1
2131 497 0
2132 316 1
2133 454 1
2134 535 1
2135 522 1
2136 538 1
2137 414 0
2138 467 0
2139 481 0
2140 520 1
2141 96 1
2142 113 0
2143 435 0
2144 437 0
2145 352 0
2146 173 1
2147 252 1
2148 223 1
2149 224 0
2150 403 0
2151 404 0
2152 313 1
2153 424 1
2154 326 1
2155 405 1
2156 173 1
2157 447 1
2158 0 1
2159 298 1
2160 352 1
2161 212 0
2162 355 1
2163 441 1
2164 25 0
2165 190 0
2166 266 1
2167 223 0
2168 267 0
2169 221 0
2170 407 0
2171 302 0
2172 547 0
2173 279 0
2174 501 1
2175 403 0
2176 82 1
2177 240 0
2178 499 1
2179 434 0
2180 193 1
2181 379 0
2182 74 1
2183 474 0
2184 113 1
2185 354 0
2186 168 1
2187 520 0
2188 268 0
2189 124 1
2190 231 1
2191 477 1
2192 562 1
2193 170 0
2194 245 1
2195 456 0
2196 83 1
2197 333 1
2198 301 0
2199 483 1
2200 348 1
2201 345 1
2202 364 1
2203 93 1
2204 519 0
2205 257 1
2206 164 0
2207 491 0
2208 314 0
2209 77 0
2210 119 1
2211 425 1
2212 232 1
2213 344 0
2214 419 1
2215 358 1
2216 535 1
2217 146 0
2218 431 1
2219 386 1
2220 441 1
2221 563 0
2222 240 0
2223 186 1
2224 12 1
2225 533 1
2226 224 0
2227 319 1
2228 6 1
2229 408 0
2230 361 1
2231 48 1
2232 332 1
2233 76 0
2234 418 1
2235 11 1
2236 533 1
2237 327 0
2238 491 1
2239 190 1
2240 204 1
2241 55 0
2242 544 1
2243 304 1
2244 472 1
2245 396 0
2246 341 1
2247 18 1
2248 65 0
2249 298 0
2250 550 1
2251 198 1
2252 320 1
2253 154 1
2254 458 1
2255 177 1
2256 494 0
2257 509 1
2258 33 1
2259 444 1
2260 380 1
2261 193 1
2262 146 0
2263 256 1
2264 291 1
2265 106 1
2266 299 1
2267 213 1
2268 257 0
2269 293 1
2270 138 0
2271 231 1
2272 114 0
2273 518 0
2274 408 0
2275 72 1
2276 91 1
2277 371 1
2278 462 1
2279 432 0
2280 43 0
2281 440 1
2282 270 1
2283 389 0
2284 440 1
2285 104 0
2286 564 0
2287 65 1
2288 495 0
2289 252 0
2290 399 1
2291 561 1
2292 18 1
2293 146 1
2294 421 1
2295 79 0
2296 545 1
2297 234 1
2298 26 1
2299 205 0
2300 152 1
2301 472 1
2302 64 0
2303 256 1
2304 540 1
2305 332 1
2306 261 1
2307 284 1
2308 114 1
2309 170 1
2310 436 1
2311 426 1
2312 187 1
2313 86 0
2314 147 1
2315 107 1
2316 19 1
2317 435 0
2318 535 0
2319 69 0
2320 62 1
2321 304 1
2322 148 1
2323 13 0
2324 437 1
2325 224 0
2326 424 1
2327 136 0
2328 174 0
2329 252 1
2330 497 1
2331 39 1
2332 365 1
2333 19 1
2334 28 1
2335 273 0
2336 482 0
2337 390 0
2338 11 0
2339 320 1
2340 14 1
2341 176 1
2342 58 1
2343 469 1
2344 519 1
2345 537 0
2346 499 1
2347 396 0
2348 478 1
2349 61 1
2350 496 1
2351 15 1
2352 322 1
2353 472 1
2354 236 1
2355 201 1
2356 191 1
2357 107 1
2358 109 1
2359 473 0
2360 151 0
2361 508 1
2362 441 0
2363 376 1
2364 173 1
2365 279 1
2366 191 0
2367 511 1
2368 119 1
2369 266 1
2370 72 1
2371 24 1
2372 264 1
2373 505 0
2374 135 1
2375 421 1
2376 270 1
2377 372 1
2378 122 0
2379 484 0
2380 48 1
2381 393 1
2382 477 1
2383 165 1
2384 176 0
2385 370 1
2386 318 1
2387 496 1
2388 517 0
2389 374 1
2390 270 0
2391 374 1
2392 22 1
2393 106 0
2394 356 0
2395 433 0
2396 216 1
2397 56 1
2398 19 0
2399 143 1
2400 71 1
2401 435 1
2402 334 1
2403 390 1
2404 231 1
2405 374 1
2406 431 1
2407 460 0
2408 348 1
2409 25 0
2410 19 0
2411 528 1
2412 138 1
2413 355 0
2414 224 0
2415 352 1
2416 438 1
2417 112 1
2418 17 1
2419 485 1
2420 130 1
2421 176 1
2422 469 1
2423 433 0
2424 65 1
2425 384 1
2426 344 0
2427 319 1
2428 351 1
2429 75 0
2430 26 0
2431 298 1
2432 70 1
2433 90 1
2434 341 0
2435 335 0
2436 289 1
2437 451 1
2438 1 0
2439 430 1
2440 205 0
2441 150 1
2442 15 1
2443 460 1
2444 554 1
2445 377 1
2446 382 0
2447 463 0
2448 513 1
2449 539 1
2450 548 1
2451 179 1
2452 239 1
2453 449 0
2454 377 1
2455 307 1
2456 555 0
2457 2 1
2458 338 0
2459 372 1
2460 425 1
2461 335 0
2462 279 1
2463 122 1
2464 206 1
2465 493 0
2466 390 0
2467 445 0
2468 165 0
2469 297 1
2470 79 1
2471 559 0
2472 482 0
2473 76 1
2474 443 1
2475 10 1
2476 44 1
2477 530 1
2478 7 1
2479 534 0
2480 175 1
2481 379 1
2482 562 0
2483 57 1
2484 16 0
2485 131 1
2486 386 0
2487 158 0
2488 106 1
2489 543 1
2490 101 1
2491 272 1
2492 326 0
2493 452 1
2494 316 1
2495 531 1
2496 311 1
2497 484 1
2498 31 1
2499 462 1
2500 323 0
2501 128 0
2502 146 0
2503 424 1
2504 512 1
2505 221 1
2506 382 0
2507 170 1
2508 150 0
2509 469 0
2510 479 1
2511 386 1
2512 199 1
2513 526 1
2514 274 1
2515 263 1
2516 444 0
2517 168 1
2518 104 0
2519 270 0
2520 421 0
2521 75 1
2522 404 1
2523 375 1
2524 303 1
2525 449 1
2526 126 1
2527 427 1
2528 559 1
2529 540 1
2530 232 1
2531 300 1
2532 56 0
2533 121 1
2534 480 0
2535 203 1
2536 301 1
2537 3 1
2538 524 0
2539 115 1
2540 76 1
2541 464 1
2542 253 1
2543 520 1
2544 134 1
2545 508 1
2546 161 1
2547 462 1
2548 123 1
2549 378 0
2550 401 0
2551 368 0
2552 279 0
2553 254 1
2554 168 1
2555 493 1
2556 352 1
2557 439 1
2558 146 0
2559 272 1
2560 316 1
2561 66 1
2562 442 1
2563 122 1
2564 538 0
2565 40 1
2566 500 1
2567 487 1
2568 206 1
2569 446 0
2570 538 1
2571 45 1
2572 194 1
2573 350 1
2574 297 1
2575 39 0
2576 264 0
2577 518 0
2578 52 0
2579 135 0
2580 559 0
2581 375 0
2582 10 1
2583 129 1
2584 467 1
2585 9 0
2586 376 1
2587 185 0
2588 515 1
2589 321 1
2590 20 1
2591 280 1
2592 458 1
2593 419 1
2594 293 1
2595 520 1
2596 156 1
2597 202 1
2598 56 0
2599 358 1
2600 333 1
2601 382 1
2602 397 0
2603 134 0
2604 539 1
2605 22 1
2606 243 1
2607 271 1
2608 528 0
2609 67 0
2610 98 1
2611 537 0
2612 345 1
2613 404 0
2614 497 1
2615 343 1
2616 556 1
2617 393 0
2618 156 1
2619 171 1
2620 402 0
2621 108 0
2622 488 0
2623 193 1
2624 489 1
2625 135 1
2626 267 0
2627 269 0
2628 265 0
2629 433 0
2630 298 1
2631 446 1
2632 356 1
2633 106 1
2634 213 1
2635 61 1
2636 455 0
2637 115 0
2638 542 1
2639 248 1
2640 561 1
2641 473 1
2642 467 1
2643 294 0
2644 271 0
2645 357 0
2646 366 0
2647 286 1
2648 498 0
2649 97 1
2650 89 0
2651 181 0
2652 320 1
2653 341 1
2654 31 1
2655 183 0
2656 384 0
2657 274 0
2658 261 1
2659 447 0
2660 166 1
2661 529 1
2662 462 1
2663 109 1
2664 62 1
2665 526 1
2666 348 0
2667 114 0
2668 430 0
2669 393 1
2670 455 1
2671 481 0
2672 95 1
2673 554 1
2674 194 1
2675 308 1
2676 94 1
2677 304 1
2678 498 1
2679 371 1
2680 38 1
2681 130 1
2682 458 1
2683 483 1
2684 126 1
2685 204 1
2686 307 0
2687 276 0
2688 294 1
2689 169 1
2690 128 1
2691 269 1
2692 160 1
2693 206 0
2694 406 0
2695 81 0
2696 321 1
2697 250 1
2698 448 1
2699 522 0
2700 464 0
2701 11 0
2702 265 1
2703 27 1
2704 552 1
2705 476 1
2706 93 0
2707 321 0
2708 180 1
2709 347 1
2710 525 0
2711 458 1
2712 60 1
2713 480 0
2714 296 1
2715 510 1
2716 18 0
2717 385 1
2718 235 1
2719 271 1
2720 27 1
2721 321 0
2722 362 0
2723 366 0
2724 25 1
2725 548 0
2726 561 1
2727 250 1
2728 3 0
2729 557 0
2730 23 1
2731 478 1
2732 443 0
2733 309 1
2734 129 0
2735 320 0
2736 197 0
2737 269 0
2738 138 1
2739 513 0
2740 203 0
2741 140 1
2742 356 1
2743 248 1
2744 549 1
2745 78 1
2746 169 0
2747 40 1
2748 282 0
2749 153 1
2750 357 1
2751 560 1
2752 533 1
2753 541 1
2754 319 0
2755 270 1
2756 412 1
2757 149 1
2758 229 1
2759 547 1
2760 64 1
2761 212 0
2762 43 1
2763 265 1
2764 21 1
2765 156 1
2766 310 1
2767 361 0
2768 392 1
2769 385 1
2770 254 0
2771 96 0
2772 486 0
2773 289 1
2774 61 0
2775 347 1
2776 315 0
2777 335 1
2778 238 1
2779 95 0
2780 445 1
2781 58 1
2782 394 0
2783 460 1
2784 183 1
2785 361 1
2786 348 1
2787 523 1
2788 114 1
2789 403 1
2790 494 0
2791 285 0
2792 171 1
2793 13 0
2794 82 1
2795 88 0
2796 359 1
2797 136 0
2798 557 0
2799 395 0
2800 296 0
2801 40 0
2802 59 0
2803 332 1
2804 229 0
2805 341 0
2806 347 0
2807 386 0
2808 100 1
2809 347 1
2810 508 0
2811 136 1
2812 9 1
2813 468 1
2814 287 0
2815 169 1
2816 473 0
2817 82 1
2818 200 1
2819 141 1
2820 12 1
2821 7 1
2822 519 1
2823 297 1
2824 229 0
2825 228 0
2826 507 0
2827 467 1
2828 55 1
2829 509 1
2830 95 1
2831 345 0
2832 324 0
2833 528 1
2834 270 1
2835 373 0
2836 5 1
2837 69 1
2838 202 1
2839 5 1
2840 446 1
2841 38 1
2842 24 1
2843 331 1
2844 295 0
2845 405 1
2846 382 1
2847 378 0
2848 49 0
2849 76 1
2850 437 1
2851 28 1
2852 258 1
2853 393 0
2854 457 1
2855 318 1
2856 58 1
2857 146 1
2858 281 0
2859 153 1
2860 172 0
2861 387 1
2862 172 1
2863 114 1
2864 534 1
2865 532 1
2866 68 1
2867 276 1
2868 77 1
2869 205 0
2870 495 1
2871 292 1
2872 298 1
2873 63 1
2874 334 0
2875 11 1
2876 194 1
2877 488 1
2878 17 1
2879 14 0
2880 213 1
2881 393 1
2882 526 1
2883 26 0
2884 192 0
2885 0 1
2886 181 0
2887 95 1
2888 157 1
2889 486 0
2890 358 1
2891 425 1
2892 314 1
2893 354 1
2894 363 1
2895 310 1
2896 334 0
2897 292 0
2898 226 1
2899 334 1
2900 533 1
2901 533 1
2902 53 0
2903 47 0
2904 213 1
2905 120 1
2906 458 1
2907 544 1
2908 306 1
2909 524 1
2910 121 0
2911 115 1
2912 400 1
2913 186 1
2914 144 0
2915 464 1
2916 273 0
2917 245 1
2918 488 1
2919 520 1
2920 253 0
2921 120 0
2922 33 0
2923 339 0
2924 424 1
2925 435 1
2926 2 1
2927 437 1
2928 376 1
2929 448 0
2930 563 1
2931 51 1
2932 207 1
2933 25 1
2934 15 0
2935 244 1
2936 32 1
2937 408 1
2938 455 0
2939 396 0
2940 472 1
2941 287 1
2942 243 1
2943 296 0
2944 202 0
2945 550 0
2946 510 1
2947 463 0
2948 316 0
2949 260 1
2950 445 1
2951 28 1
2952 295 1
2953 535 1
2954 45 0
2955 491 1
2956 68 1
2957 418 1
2958 357 1
2959 342 0
2960 312 1
2961 186 1
2962 356 1
2963 395 0
2964 557 0
2965 423 0
2966 21 1
2967 342 1
2968 306 1
2969 485 1
2970 105 1
2971 287 1
2972 44 0
2973 469 0
2974 282 1
2975 388 1
2976 0 0
2977 272 0
2978 87 1
2979 440 0
2980 176 0
2981 501 1
2982 177 1
2983 505 1
2984 9 1
2985 254 1
2986 255 0
2987 280 1
2988 109 1
2989 129 0
2990 414 1
2991 406 1
2992 527 1
2993 190 0
2994 199 0
2995 105 0
2996 355 1
2997 564 0
2998 303 1
2999 435 1
3000 348 1
3001 418 0
3002 100 0
3003 330 0
3004 301 1
3005 21 1
3006 412 0
3007 0 1
3008 532 1
3009 400 0
3010 247 0
3011 533 1
3012 538 0
3013 562 1
3014 455 1
3015 7 1
3016 548 1
3017 268 1
3018 551 0
3019 277 0
3020 485 1
3021 438 1
3022 152 1
3023 126 1
3024 47 0
3025 269 1
3026 466 1
3027 315 1
3028 188 1
3029 134 1
3030 163 0
3031 300 0
3032 1 0
3033 214 1
3034 22 1
3035 267 1
3036 217 1
3037 267 0
3038 554 1
3039 481 1
3040 354 0
3041 314 0
3042 407 1
3043 113 0
3044 369 0
3045 93 1
3046 388 1
3047 106 1
3048 381 1
3049 361 1
3050 246 1
3051 338 0
3052 187 1
3053 260 0
3054 433 0
3055 196 0
3056 353 1
3057 461 1
3058 1 1
3059 218 0
3060 248 1
3061 330 1
3062 131 0
3063 444 1
3064 183 1
3065 351 1
3066 287 1
3067 312 0
3068 156 1
3069 69 0
3070 175 0
3071 230 1
3072 210 1
3073 159 0
3074 119 1
3075 1 1
3076 115 1
3077 430 1
3078 194 1
3079 186 1
3080 542 1
3081 226 1
3082 81 1
3083 158 1
3084 537 1
3085 246 1
3086 485 0
3087 110 1
3088 22 0
3089 327 1
3090 65 0
3091 501 1
3092 87 0
3093 411 1
3094 96 1
3095 78 0
3096 554 0
3097 322 1
3098 269 0
3099 301 1
3100 136 1
3101 388 1
3102 443 0
3103 171 1
3104 187 1
3105 35 1
3106 254 1
3107 417 1
3108 322 1
3109 49 1
3110 287 1
3111 476 0
3112 423 1
3113 332 1
3114 141 0
3115 360 0
3116 34 1
3117 326 0
3118 109 1
3119 379 1
3120 423 1
3121 540 1
3122 369 0
3123 445 1
3124 82 0
3125 529 1
3126 49 1
3127 66 1
3128 101 1
3129 19 1
3130 450 1
3131 512 1
3132 555 1
3133 397 1
3134 189 0
3135 387 1
3136 44 0
3137 151 1
3138 174 1
3139 525 0
3140 518 1
3141 45 1
3142 349 0
3143 466 0
3144 493 1
3145 119 1
3146 292 1
3147 290 0
3148 331 1
3149 381 0
3150 318 1
3151 560 1
3152 541 1
3153 195 0
3154 170 0
3155 391 0
3156 72 0
3157 117 1
3158 532 1
3159 298 0
3160 496 1
3161 258 1
3162 484 1
3163 505 1
3164 97 1
3165 182 1
3166 500 1
3167 205 0
3168 317 1
3169 46 1
3170 556 1
3171 30 1
3172 301 0
3173 468 0
3174 166 1
3175 147 1
3176 45 0
3177 305 1
3178 388 1
3179 191 1
3180 543 1
3181 336 1
3182 551 1
3183 375 1
3184 369 1
3185 202 1
3186 294 1
3187 407 1
3188 379 0
3189 290 1
3190 495 1
3191 55 1
3192 270 1
3193 497 1
3194 33 0
3195 6 0
3196 496 0
3197 475 1
3198 303 1
3199 197 1
3200 141 0
3201 451 1
3202 58 1
3203 449 1
3204 22 1
3205 403 0
3206 31 1
3207 493 1
3208 245 1
3209 378 1
3210 548 1
3211 275 1
3212 147 1
3213 381 0
3214 462 1
3215 542 0
3216 405 0
3217 458 1
3218 149 1
3219 329 1
3220 509 0
3221 124 0
3222 44 1
3223 260 0
3224 469 1
3225 560 0
3226 450 1
3227 350 1
3228 447 0
3229 467 0
3230 165 1
3231 367 1
3232 299 1
3233 453 1
3234 29 1
3235 47 1
3236 368 1
3237 497 0
3238 207 1
3239 129 1
3240 266 0
3241 547 0
3242 379 0
3243 176 1
3244 483 1
3245 25 0
3246 514 0
3247 73 1
3248 79 1
3249 124 1
3250 171 0
3251 66 0
3252 334 1
3253 371 1
3254 183 1
3255 79 1
3256 51 1
3257 19 0
3258 385 1
3259 119 1
3260 265 1
3261 371 0
3262 528 1
3263 455 1
3264 406 0
3265 142 0
3266 177 0
3267 535 1
3268 199 1
3269 471 1
3270 268 1
3271 258 1
3272 30 1
3273 177 1
3274 465 1
3275 138 1
3276 432 0
3277 372 1
3278 381 1
3279 429 1
3280 268 1
3281 210 0
3282 207 1
3283 375 0
3284 506 1
3285 215 1
3286 250 1
3287 522 1
3288 178 1
3289 114 0
3290 431 0
3291 227 1
3292 182 1
3293 121 0
3294 280 1
3295 205 1
3296 549 1
3297 420 1
3298 15 1
3299 25 1
3300 495 1
3301 159 1
3302 141 0
3303 444 0
3304 250 1
3305 373 1
3306 231 0
3307 399 0
3308 54 1
3309 403 1
3310 505 1
3311 310 0
3312 443 1
3313 117 0
3314 380 1
3315 407 0
3316 367 1
3317 475 1
3318 109 1
3319 247 1
3320 341 1
3321 452 0
3322 76 0
3323 412 1
3324 241 0
3325 465 1
3326 278 0
3327 107 1
3328 369 0
3329 33 1
3330 342 0
3331 487 1
3332 426 0
3333 81 1
3334 180 1
3335 307 1
3336 368 1
3337 520 1
3338 481 1
3339 2 1
3340 52 0
3341 331 1
3342 105 1
3343 470 1
3344 73 1
3345 78 1
3346 364 1
3347 561 0
3348 390 1
3349 172 0
3350 389 1
3351 510 1
3352 109 1
3353 64 1
3354 267 0
3355 174 0
3356 526 1
3357 61 1
3358 363 0
3359 525 1
3360 455 1
3361 288 0
3362 30 1
3363 463 1
3364 345 1
3365 410 0
3366 542 0
3367 354 1
3368 248 0
3369 95 1
3370 477 1
3371 255 1
3372 195 1
3373 489 1
3374 275 1
3375 422 1
3376 487 0
3377 411 0
3378 413 1
3379 365 1
3380 373 1
3381 363 1
3382 551 1
3383 429 0
3384 563 1
3385 177 1
3386 221 1
3387 333 1
3388 168 1
3389 402 1
3390 133 1
3391 36 1
3392 397 0
3393 557 1
3394 176 1
3395 439 1
3396 552 1
3397 327 1
3398 373 1
3399 200 0
3400 134 1
3401 267 1
3402 229 1
3403 199 0
3404 277 1
3405 267 0
3406 288 1
3407 450 1
3408 170 0
3409 365 1
3410 226 1
3411 323 1
3412 460 1
3413 171 0
3414 260 1
3415 60 1
3416 168 1
3417 177 1
3418 338 1
3419 213 1
3420 405 0
3421 445 1
3422 203 0
3423 240 1
3424 199 1
3425 146 0
3426 264 1
3427 50 1
3428 546 0
3429 421 1
3430 12 1
3431 63 1
3432 227 0
3433 561 1
3434 36 0
3435 43 1
3436 117 1
3437 562 1
3438 237 1
3439 120 1
3440 263 1
3441 272 1
3442 163 1
3443 114 1
3444 537 0
3445 370 1
3446 435 1
3447 157 1
3448 92 0
3449 82 0
3450 355 0
3451 563 0
3452 32 1
3453 219 1
3454 217 1
3455 124 1
3456 32 1
3457 435 1
3458 146 0
3459 324 1
3460 504 0
3461 87 0
3462 554 1
3463 456 1
3464 381 0
3465 202 1
3466 82 0
3467 62 1
3468 180 0
3469 359 1
3470 39 1
3471 305 1
3472 306 0
3473 251 0
3474 151 1
3475 547 0
3476 131 0
3477 457 0
3478 289 0
3479 186 1
3480 305 0
3481 261 1
3482 8 1
3483 485 1
3484 24 0
3485 12 1
3486 189 0
3487 128 1
3488 476 1
3489 359 1
3490 374 0
3491 153 1
3492 395 1
3493 45 0
3494 377 0
3495 218 1
3496 30 0
3497 496 1
3498 222 0
3499 210 1
3500 114 1
3501 311 1
3502 524 1
3503 210 1
3504 229 1
3505 491 0
3506 338 0
3507 528 0
3508 109 0
3509 281 0
3510 223 1
3511 31 1
3512 405 1
3513 284 1
3514 363 0
3515 302 1
3516 136 1
3517 200 0
3518 463 0
3519 524 1
3520 406 0
3521 158 1
3522 521 0
3523 341 0
3524 121 0
3525 544 0
3526 548 1
3527 16 0
3528 529 1
3529 435 1
3530 214 1
3531 232 0
3532 196 1
3533 446 1
3534 269 0
3535 214 1
3536 282 0
3537 282 1
3538 477 1
3539 304 0
3540 99 0
3541 353 1
3542 285 0
3543 455 1
3544 97 1
3545 12 1
3546 482 1
3547 88 1
3548 103 0
3549 200 1
3550 359 1
3551 467 1
3552 205 0
3553 316 0
3554 227 0
3555 134 0
3556 323 1
3557 401 1
3558 291 0
3559 285 1
3560 43 1
3561 118 1
3562 534 1
3563 66 1
3564 161 0
3565 421 1
3566 107 1
3567 32 1
3568 500 1
3569 429 1
3570 388 0
3571 480 1
3572 485 0
3573 181 1
3574 42 1
3575 19 1
3576 192 0
3577 38 0
3578 328 0
3579 210 0
3580 362 1
3581 445 0
3582 382 1
3583 216 1
3584 245 1
3585 471 0
3586 62 0
3587 206 1
3588 130 1
3589 178 1
3590 281 0
3591 251 1
3592 318 1
3593 54 1
3594 378 0
3595 563 1
3596 323 0
3597 80 1
3598 348 0
3599 450 1
3600 369 0
3601 88 1
3602 171 1
3603 398 1
3604 100 1
3605 466 0
3606 200 1
3607 274 0
3608 418 1
3609 19 1
3610 12 1
3611 398 0
3612 453 1
3613 460 1
3614 202 1
3615 256 1
3616 130 1
3617 421 1
3618 65 1
3619 21 1
3620 265 0
3621 532 1
3622 51 1
3623 395 1
3624 554 1
3625 127 1
3626 424 1
3627 320 1
3628 439 1
3629 541 1
3630 554 0
3631 66 1
3632 561 0
3633 396 1
3634 169 0
3635 212 1
3636 324 1
3637 311 0
3638 412 1
3639 264 0
3640 548 1
3641 386 1
3642 353 1
3643 139 0
3644 350 1
3645 280 0
3646 325 1
3647 434 1
3648 261 1
3649 367 1
3650 101 1
3651 285 0
3652 177 1
3653 221 0
3654 165 0
3655 410 1
3656 304 0
3657 539 1
3658 366 0
3659 296 0
3660 206 0
3661 474 0
3662 349 1
3663 279 1
3664 35 0
3665 469 0
3666 88 0
3667 546 1
3668 212 1
3669 283 1
3670 107 1
3671 517 0
3672 352 1
3673 488 1
3674 25 0
3675 304 1
3676 222 1
3677 189 1
3678 548 0
3679 44 1
3680 542 0
3681 139 1
3682 121 0
3683 324 0
3684 307 1
3685 146 0
3686 162 1
3687 244 0
3688 10 1
3689 95 0
3690 378 0
3691 258 1
3692 32 0
3693 26 1
3694 342 0
3695 18 0
3696 3 1
3697 378 0
3698 254 0
3699 450 0
3700 171 1
3701 394 0
3702 115 1
3703 267 0
3704 233 0
3705 152 1
3706 182 0
3707 66 1
3708 284 1
3709 214 0
3710 146 0
3711 381 1
3712 374 0
3713 266 1
3714 331 0
3715 51 0
3716 159 1
3717 247 1
3718 511 1
3719 391 1
3720 296 0
3721 217 1
3722 380 1
3723 128 1
3724 359 0
3725 161 1
3726 2 1
3727 82 1
3728 164 1
3729 424 1
3730 476 1
3731 417 1
3732 340 0
3733 345 0
3734 32 1
3735 457 0
3736 134 1
3737 242 0
3738 377 1
3739 41 1
3740 132 0
3741 113 1
3742 171 0
3743 495 0
3744 528 1
3745 250 1
3746 250 1
3747 509 0
3748 185 0
3749 304 1
3750 437 1
3751 546 1
3752 298 0
3753 512 1
3754 21 0
3755 275 1
3756 190 0
3757 280 1
3758 2 1
3759 116 1
3760 549 1
3761 388 1
3762 460 1
3763 252 1
3764 41 0
3765 298 1
3766 179 1
3767 476 1
3768 495 1
3769 16 1
3770 412 1
3771 89 1
3772 98 0
3773 376 1
3774 564 0
3775 50 1
3776 286 1
3777 210 1
3778 198 0
3779 254 1
3780 445 1
3781 137 1
3782 250 0
3783 521 0
3784 465 0
3785 117 1
3786 247 1
3787 334 1
3788 560 1
3789 438 0
3790 65 1
3791 534 1
3792 353 1
3793 532 0
3794 60 1
3795 211 1
3796 192 1
3797 541 1
3798 389 1
3799 51 1
3800 462 1
3801 21 0
3802 366 0
3803 482 1
3804 493 1
3805 347 1
3806 270 1
3807 344 1
3808 472 0
3809 29 1
3810 517 1
3811 457 1
3812 24 0
3813 14 1
3814 358 1
3815 122 0
3816 225 1
3817 391 0
3818 490 0
3819 380 1
3820 82 1
3821 403 0
3822 456 1
3823 395 0
3824 478 1
3825 323 1
3826 100 1
3827 558 1
3828 76 0
3829 513 0
3830 65 1
3831 116 0
3832 205 1
3833 310 1
3834 235 0
3835 541 0
3836 272 1
3837 89 1
3838 562 0
3839 519 1
3840 336 1
3841 324 1
3842 485 1
3843 544 1
3844 318 1
3845 423 1
3846 555 1
3847 109 1
3848 467 1
3849 326 1
3850 537 0
3851 447 1
3852 110 1
3853 392 1
3854 448 0
3855 2 1
3856 50 1
3857 74 1
3858 71 1
3859 517 0
3860 538 1
3861 208 1
3862 334 1
3863 150 1
3864 156 1
3865 366 1
3866 199 0
3867 356 1
3868 204 1
3869 408 0
3870 513 0
3871 299 1
3872 164 1
3873 519 1
3874 419 1
3875 60 1
3876 265 1
3877 339 1
3878 4 0
3879 271 1
3880 386 0
3881 280 0
3882 313 0
3883 321 0
3884 239 1
3885 32 0
3886 2 1
3887 171 1
3888 125 0
3889 393 0
3890 15 1
3891 348 1
3892 140 1
3893 307 0
3894 31 0
3895 297 0
3896 70 1
3897 421 0
3898 77 1
3899 320 0
3900 326 1
3901 488 1
3902 103 1
3903 478 0
3904 211 1
3905 184 1
3906 179 1
3907 483 1
3908 73 1
3909 456 1
3910 223 0
3911 506 1
3912 194 1
3913 96 1
3914 524 1
3915 563 1
3916 188 1
3917 32 1
3918 8 1
3919 496 1
3920 236 1
3921 430 0
3922 74 1
3923 161 1
3924 1 0
3925 244 0
3926 234 1
3927 502 0
3928 541 1
3929 110 0
3930 434 1
3931 213 0
3932 30 0
3933 341 1
3934 175 0
3935 251 1
3936 379 1
3937 245 0
3938 449 1
3939 19 1
3940 443 1
3941 93 1
3942 434 0
3943 524 0
3944 57 1
3945 337 0
3946 178 1
3947 541 1
3948 215 1
3949 239 1
3950 8 1
3951 220 1
3952 26 1
3953 259 1
3954 298 1
3955 344 1
3956 526 0
3957 281 1
3958 460 1
3959 224 1
3960 302 1
3961 428 1
3962 531 1
3963 116 1
3964 140 0
3965 555 1
3966 265 0
3967 527 1
3968 102 1
3969 185 1
3970 491 1
3971 562 1
3972 385 1
3973 267 1
3974 503 1
3975 225 1
3976 481 1
3977 148 0
3978 476 1
3979 56 1
3980 39 0
3981 199 0
3982 249 1
3983 14 0
3984 374 1
3985 163 1
3986 155 1
3987 173 0
3988 423 1
3989 248 1
3990 359 1
3991 37 1
3992 546 1
3993 158 0
3994 434 1
3995 509 1
3996 252 1
3997 212 0
3998 289 1
3999 264 1
4000 417 0
4001 376 1
4002 15 1
4003 532 1
4004 408 1
4005 234 1
4006 108 1
4007 478 1
4008 434 0
4009 532 0
4010 269 1
4011 212 1
4012 31 1
4013 434 1
4014 70 1
4015 404 0
4016 561 1
4017 471 1
4018 191 0
4019 441 1
4020 72 0
4021 237 0
4022 366 0
4023 255 0
4024 206 1
4025 531 1
4026 117 1
4027 409 0
4028 21 0
4029 462 1
4030 412 0
4031 563 1
4032 516 1
4033 411 1
4034 334 0
4035 168 1
4036 381 1
4037 14 1
4038 541 0
4039 402 1
4040 467 0
4041 77 1
4042 538 0
4043 153 1
4044 200 1
4045 78 0
4046 343 0
4047 439 0
4048 545 1
4049 420 1
4050 556 1
4051 148 0
4052 421 1
4053 539 0
4054 408 1
4055 7 1
4056 172 1
4057 314 0
4058 563 0
4059 133 1
4060 509 1
4061 229 1
4062 288 1
4063 557 0
4064 380 1
4065 2 1
4066 436 1
4067 170 0
4068 288 1
4069 117 0
4070 514 0
4071 426 0
4072 200 0
4073 259 0
4074 70 1
4075 380 1
4076 39 0
4077 278 0
4078 147 1
4079 6 1
4080 118 1
4081 325 0
4082 142 1
4083 265 1
4084 68 1
4085 546 1
4086 490 0
4087 138 1
4088 10 0
4089 308 1
4090 217 0
4091 78 0
4092 152 1
4093 2 1
4094 54 1
4095 246 0
4096 9 0
4097 145 0
4098 495 0
4099 2 1
4100 212 1
4101 15 1
4102 375 0
4103 247 0
4104 535 1
4105 449 1
4106 99 1
4107 436 1
4108 303 1
4109 543 1
4110 440 1
4111 521 1
4112 224 1
4113 20 0
4114 495 0
4115 144 0
4116 555 0
4117 264 0
4118 296 1
4119 169 1
4120 494 1
4121 447 0
4122 564 0
4123 272 1
4124 184 1
4125 86 1
4126 467 0
4127 493 0
4128 135 0
4129 272 1
4130 520 0
4131 200 1
4132 2 1
4133 294 1
4134 411 1
4135 558 1
4136 508 1
4137 353 1
4138 177 1
4139 237 0
4140 294 1
4141 405 1
4142 366 1
4143 307 1
4144 266 1
4145 559 0
4146 423 1
4147 150 1
4148 86 1
4149 152 1
4150 326 1
4151 257 0
4152 4 1
4153 195 0
4154 89 0
4155 527 1
4156 183 1
4157 564 1
4158 120 1
4159 461 1
4160 314 1
4161 26 1
4162 78 0
4163 33 0
4164 31 0
4165 89 0
4166 314 1
4167 37 1
4168 375 1
4169 492 1
4170 84 1
4171 266 1
4172 241 1
4173 235 1
4174 0 1
4175 167 0
4176 15 1
4177 486 0
4178 346 0
4179 249 1
4180 116 1
4181 154 1
4182 95 1
4183 176 1
4184 417 1
4185 353 0
4186 542 1
4187 196 0
4188 313 1
4189 564 1
4190 547 1
4191 62 0
4192 345 1
4193 74 1
4194 479 0
4195 488 1
4196 81 0
4197 462 0
4198 254 0
4199 74 0
4200 161 0
4201 34 1
4202 483 0
4203 348 1
4204 81 1
4205 536 1
4206 499 0
4207 53 0
4208 557 1
4209 389 0
4210 435 1
4211 495 1
4212 367 1
4213 121 1
4214 449 0
4215 154 1
4216 50 0
4217 175 1
4218 411 1
4219 183 1
4220 291 1
4221 547 0
4222 171 1
4223 496 0
4224 147 0
4225 63 1
4226 52 0
4227 534 1
4228 377 1
4229 475 0
4230 278 1
4231 291 0
4232 245 1
4233 281 1
4234 409 0
4235 10 1
4236 46 0
4237 352 1
4238 12 1
4239 373 1
4240 23 0
4241 176 1
4242 429 0
4243 487 0
4244 220 1
4245 479 1
4246 446 1
4247 246 1
4248 98 0
4249 209 1
4250 418 1
4251 62 1
4252 195 1
4253 117 1
4254 117 1
4255 358 1
4256 362 0
4257 208 1
4258 100 1
4259 444 0
4260 519 1
4261 230 1
4262 555 1
4263 510 1
4264 430 0
4265 15 0
4266 357 1
4267 175 0
4268 477 1
4269 187 1
4270 209 0
4271 154 1
4272 500 1
4273 209 1
4274 484 0
4275 339 0
4276 438 1
4277 258 0
4278 472 1
4279 508 1
4280 350 1
4281 40 1
4282 21 0
4283 114 1
4284 499 1
4285 503 1
4286 267 0
4287 134 0
4288 446 1
4289 229 1
4290 431 1
4291 231 1
4292 0 1
4293 159 1
4294 119 1
4295 229 0
4296 45 1
4297 39 1
4298 468 0
4299 540 0
4300 447 1
4301 537 1
4302 563 0
4303 343 0
4304 449 1
4305 245 1
4306 560 1
4307 38 1
4308 392 1
4309 451 1
4310 284 1
4311 408 0
4312 368 1
4313 380 1
4314 28 1
4315 100 1
4316 261 1
4317 44 0
4318 171 1
4319 140 1
4320 379 0
4321 355 1
4322 281 1
4323 361 1
4324 18 0
4325 39 1
4326 355 1
4327 59 1
4328 322 0
4329 422 1
4330 213 1
4331 245 1
4332 22 1
4333 170 1
4334 103 1
4335 242 1
4336 114 1
4337 283 0
4338 418 1
4339 488 0
4340 311 1
4341 166 1
4342 410 0
4343 251 1
4344 75 0
4345 502 0
4346 58 1
4347 199 0
4348 463 0
4349 274 1
4350 98 0
4351 476 1
4352 541 1
4353 27 0
4354 258 1
4355 258 1
4356 477 1
4357 97 1
4358 61 1
4359 475 1
4360 441 0
4361 426 1
4362 30 1
4363 15 0
4364 413 1
4365 487 1
4366 225 1
4367 150 1
4368 5 1
4369 30 0
4370 119 1
4371 252 1
4372 133 0
4373 339 1
4374 117 1
4375 331 1
4376 88 1
4377 485 0
4378 236 0
4379 31 1
4380 201 0
4381 22 1
4382 336 1
4383 62 0
4384 334 1
4385 24 0
4386 357 1
4387 470 1
4388 52 1
4389 112 1
4390 485 0
4391 148 1
4392 55 0
4393 111 0
4394 545 1
4395 368 0
4396 79 0
4397 42 1
4398 547 1
4399 176 0
4400 172 1
4401 190 1
4402 468 1
4403 447 0
4404 331 1
4405 110 1
4406 430 1
4407 243 1
4408 310 1
4409 203 1
4410 472 1
4411 463 0
4412 389 1
4413 387 1
4414 20 1
4415 115 1
4416 183 1
4417 150 1
4418 392 0
4419 26 0
4420 19 0
4421 393 0
4422 378 1
4423 353 0
4424 402 0
4425 398 1
4426 563 1
4427 289 1
4428 221 1
4429 193 0
4430 93 1
4431 427 1
4432 41 1
4433 347 0
4434 28 1
4435 19 1
4436 502 0
4437 472 1
4438 469 1
4439 423 1
4440 252 1
4441 35 1
4442 546 1
4443 64 1
4444 419 1
4445 436 1
4446 550 1
4447 216 1
4448 294 0
4449 453 1
4450 364 1
4451 354 1
4452 296 1
4453 43 1
4454 514 1
4455 491 1
4456 151 1
4457 443 1
4458 278 0
4459 318 1
4460 192 0
4461 72 1
4462 480 0
4463 204 1
4464 271 1
4465 517 0
4466 541 0
4467 363 1
4468 552 1
4469 465 1
4470 293 1
4471 130 1
4472 344 1
4473 552 0
4474 516 0
4475 190 1
4476 487 0
4477 321 1
4478 535 1
4479 32 1
4480 29 1
4481 304 1
4482 274 0
4483 277 0
4484 494 1
4485 191 0
4486 560 1
4487 85 1
4488 322 1
4489 389 0
4490 369 1
4491 409 0
4492 261 1
4493 122 0
4494 110 1
4495 465 0
4496 130 0
4497 136 1
4498 300 1
4499 85 1
4500 18 1
4501 443 1
4502 17 0
4503 337 1
4504 19 1
4505 32 0
4506 160 1
4507 115 1
4508 26 1
4509 80 1
4510 383 0
4511 259 1
4512 177 1
4513 337 1
4514 236 1
4515 133 1
4516 126 1
4517 251 0
4518 515 0
4519 474 0
4520 170 1
4521 350 1
4522 376 1
4523 179 1
4524 130 1
4525 523 1
4526 223 1
4527 446 1
4528 48 1
4529 305 1
4530 75 1
4531 522 1
4532 426 1
4533 328 1
4534 216 1
4535 330 1
4536 172 1
4537 136 0
4538 8 1
4539 377 1
4540 1 0
4541 70 1
4542 545 1
4543 52 1
4544 153 0
4545 296 1
4546 208 1
4547 414 1
4548 445 0
4549 438 0
4550 408 0
4551 459 1
4552 311 0
4553 555 0
4554 345 1
4555 441 1
4556 130 1
4557 555 1
4558 447 0
4559 122 0
4560 392 0
4561 257 1
4562 98 0
4563 97 0
4564 276 1
4565 51 1
4566 158 0
4567 126 1
4568 541 1
4569 208 0
4570 476 1
4571 87 0
4572 24 0
4573 135 0
4574 112 1
4575 507 1
4576 102 1
4577 524 1
4578 298 1
4579 162 0
4580 2 0
4581 129 1
4582 152 0
4583 50 1
4584 364 0
4585 434 1
4586 343 1
4587 292 1
4588 18 1
4589 266 1
4590 103 0
4591 54 1
4592 400 1
4593 389 0
4594 45 0
4595 134 1
4596 192 0
4597 200 1
4598 511 1
4599 465 1
4600 501 1
4601 4 1
4602 283 1
4603 66 1
4604 142 1
4605 416 1
4606 532 1
4607 442 1
4608 467 1
4609 492 1
4610 244 1
4611 544 0
4612 309 1
4613 208 0
4614 422 1
4615 549 0
4616 427 1
4617 56 1
4618 268 0
4619 431 0
4620 446 1
4621 82 1
4622 180 1
4623 208 1
4624 217 0
4625 14 0
4626 190 1
4627 326 1
4628 165 1
4629 182 1
4630 54 0
4631 364 0
4632 139 1
4633 45 1
4634 535 1
4635 245 1
4636 195 1
4637 257 1
4638 279 1
4639 442 1
4640 29 1
4641 377 1
4642 434 1
4643 137 0
4644 92 0
4645 32 1
4646 470 0
4647 46 1
4648 236 0
4649 443 0
4650 3 1
4651 41 0
4652 451 1
4653 550 1
4654 192 0
4655 80 1
4656 303 1
4657 416 1
4658 23 0
4659 183 1
4660 292 0
4661 245 1
4662 39 1
4663 225 1
4664 375 1
4665 465 0
4666 219 1
4667 561 1
4668 241 0
4669 246 1
4670 400 1
4671 73 1
4672 211 0
4673 288 1
4674 461 1
4675 334 1
4676 106 0
4677 369 0
4678 298 0
4679 405 0
4680 109 0
4681 471 1
4682 248 1
4683 417 1
4684 432 1
4685 333 0
4686 416 1
4687 390 1
4688 314 0
4689 290 0
4690 561 1
4691 391 0
4692 66 0
4693 240 0
4694 201 1
4695 457 0
4696 379 1
4697 65 1
4698 249 0
4699 535 1
4700 7 0
4701 376 1
4702 128 1
4703 470 1
4704 291 1
4705 87 0
4706 239 1
4707 381 1
4708 85 1
4709 89 0
4710 130 1
4711 31 1
4712 329 1
4713 555 0
4714 5 0
4715 122 1
4716 247 0
4717 419 1
4718 119 1
4719 252 1
4720 504 1
4721 132 1
4722 237 0
4723 476 1
4724 554 1
4725 35 1
4726 531 0
4727 47 0
4728 154 1
4729 302 0
4730 554 0
4731 163 1
4732 358 1
4733 38 0
4734 326 1
4735 314 1
4736 57 1
4737 436 1
4738 378 1
4739 35 1
4740 332 1
4741 479 0
4742 136 1
4743 21 1
4744 548 1
4745 441 1
4746 183 1
4747 201 0
4748 48 1
4749 437 1
4750 522 1
4751 60 0
4752 51 0
4753 292 1
4754 263 1
4755 216 1
4756 397 0
4757 320 0
4758 77 1
4759 242 1
4760 92 0
4761 25 0
4762 149 1
4763 227 1
4764 459 1
4765 557 0
4766 269 1
4767 415 0
4768 532 1
4769 169 0
4770 462 1
4771 244 1
4772 508 1
4773 247 1
4774 326 0
4775 81 1
4776 27 1
4777 113 0
4778 325 0
4779 358 1
4780 432 1
4781 55 1
4782 386 0
4783 449 1
4784 47 1
4785 3 0
4786 438 1
4787 223 1
4788 232 1
4789 402 1
4790 370 1
4791 403 1
4792 17 1
4793 1 1
4794 284 1
4795 554 1
4796 129 0
4797 279 0
4798 506 1
4799 288 0
4800 216 1
4801 482 1
4802 524 0
4803 464 0
4804 37 1
4805 176 1
4806 204 1
4807 232 0
4808 515 1
4809 555 1
4810 11 1
4811 369 1
4812 15 0
4813 75 0
4814 239 1
4815 502 1
4816 82 1
4817 529 1
4818 551 0
4819 224 1
4820 141 0
4821 414 1
4822 399 1
4823 558 0
4824 298 1
4825 2 1
4826 520 1
4827 442 1
4828 446 1
4829 476 1
4830 316 0
4831 560 1
4832 251 1
4833 424 1
4834 372 1
4835 244 0
4836 468 1
4837 293 0
4838 159 1
4839 78 1
4840 253 1
4841 202 0
4842 443 1
4843 163 0
4844 32 1
4845 429 0
4846 471 1
4847 158 1
4848 375 0
4849 386 0
4850 84 0
4851 122 0
4852 150 1
4853 289 1
4854 120 1
4855 194 1
4856 431 1
4857 1 1
4858 468 1
4859 61 0
4860 230 1
4861 260 1
4862 341 0
4863 285 1
4864 427 0
4865 318 0
4866 163 1
4867 499 1
4868 283 1
4869 50 1
4870 10 1
4871 196 1
4872 60 1
4873 178 1
4874 354 1
4875 448 1
4876 148 0
4877 140 0
4878 562 1
4879 60 1
4880 524 1
4881 372 1
4882 245 0
4883 429 1
4884 514 1
4885 351 1
4886 143 1
4887 386 1
4888 164 1
4889 158 1
4890 231 1
4891 523 0
4892 178 1
4893 288 0
4894 516 0
4895 27 1
4896 145 1
4897 34 1
4898 117 1
4899 346 1
4900 361 0
4901 18 0
4902 90 1
4903 134 1
4904 396 1
4905 201 1
4906 327 0
4907 425 0
4908 249 1
4909 99 0
4910 480 1
4911 112 0
4912 502 0
4913 443 0
4914 28 0
4915 121 1
4916 332 1
4917 313 0
4918 528 1
4919 104 1
4920 167 1
4921 405 1
4922 456 1
4923 418 1
4924 406 0
4925 334 1
4926 64 1
4927 366 1
4928 3 1
4929 48 1
4930 460 0
4931 404 0
4932 292 1
4933 76 0
4934 35 1
4935 33 0
4936 478 1
4937 108 1
4938 139 1
4939 495 1
4940 463 1
4941 277 1
4942 129 1
4943 513 0
4944 314 0
4945 147 1
4946 157 1
4947 420 1
4948 139 1
4949 116 1
4950 105 0
4951 352 0
4952 23 0
4953 364 1
4954 414 0
4955 126 1
4956 542 1
4957 267 1
4958 474 0
4959 222 1
4960 203 1
4961 425 1
4962 356 1
4963 220 1
4964 204 1
4965 88 1
4966 486 1
4967 304 1
4968 328 1
4969 98 0
4970 398 0
4971 489 1
4972 46 1
4973 474 0
4974 390 1
4975 171 0
4976 493 0
4977 372 0
4978 295 1
4979 206 0
4980 356 1
4981 220 1
4982 153 1
4983 213 1
4984 63 1
4985 93 1
4986 519 1
4987 255 0
4988 193 0
4989 513 0
4990 280 0
4991 39 0
4992 142 1
4993 484 1
4994 432 1
4995 357 0
4996 395 1
4997 493 0
4998 537 1
4999 457 0
5000 445 0
5001 480 1
5002 552 1
5003 392 0
5004 319 0
5005 192 1
5006 452 0
5007 234 1
5008 70 0
5009 452 0
5010 262 1
5011 145 1
5012 248 0
5013 67 0
5014 206 1
5015 239 1
5016 502 0
5017 470 0
5018 301 1
5019 89 1
5020 65 0
5021 73 1
5022 505 1
5023 532 1
5024 444 0
5025 489 1
5026 82 0
5027 225 0
5028 142 1
5029 535 1
5030 236 1
5031 419 1
5032 340 0
5033 81 1
5034 48 0
5035 123 0
5036 444 0
5037 51 1
5038 495 1
5039 379 0
5040 421 1
5041 499 1
5042 364 1
5043 260 0
5044 435 1
5045 281 1
5046 432 0
5047 263 0
5048 459 1
5049 275 1
5050 508 1
5051 41 1
5052 21 1
5053 191 0
5054 94 1
5055 309 1
5056 292 1
5057 453 1
5058 394 0
5059 24 0
5060 371 1
5061 355 1
5062 433 1
5063 429 0
5064 390 1
5065 254 0
5066 521 1
5067 132 1
5068 371 1
5069 477 1
5070 312 1
5071 415 1
5072 456 0
5073 114 1
5074 444 1
5075 541 0
5076 435 1
5077 472 1
5078 377 1
5079 50 1
5080 467 1
5081 520 1
5082 27 1
5083 392 0
5084 394 1
5085 291 1
5086 525 0
5087 164 0
5088 429 1
5089 128 1
5090 408 1
5091 542 0
5092 420 1
5093 9 1
5094 212 1
5095 418 0
5096 355 0
5097 529 1
5098 444 1
5099 208 1
5100 95 1
5101 406 1
5102 59 0
5103 455 0
5104 283 1
5105 215 0
5106 106 0
5107 389 0
5108 68 1
5109 185 1
5110 441 1
5111 386 0
5112 396 1
5113 41 1
5114 133 1
5115 541 1
5116 159 1
5117 259 1
5118 388 1
5119 134 0
5120 151 0
5121 217 1
5122 534 1
5123 203 0
5124 423 0
5125 302 1
5126 412 1
5127 523 0
5128 458 1
5129 511 1
5130 232 0
5131 247 1
5132 298 1
5133 36 1
5134 83 0
5135 212 0
5136 512 1
5137 476 1
5138 455 1
5139 502 0
5140 496 1
5141 40 1
5142 347 1
5143 5 1
5144 554 1
5145 258 1
5146 424 1
5147 39 1
5148 439 0
5149 270 0
5150 238 1
5151 183 1
5152 324 0
5153 93 0
5154 202 1
5155 520 0
5156 254 0
5157 468 1
5158 559 0
5159 260 1
5160 409 1
5161 197 1
5162 451 1
5163 417 1
5164 297 1
5165 274 0
5166 25 1
5167 148 1
5168 537 1
5169 555 1
5170 256 0
5171 299 1
5172 507 1
5173 523 1
5174 94 1
5175 477 1
5176 165 1
5177 199 0
5178 331 0
5179 369 0
5180 167 0
5181 25 0
5182 520 0
5183 525 0
5184 399 1
5185 93 1
5186 461 0
5187 12 1
5188 21 1
5189 324 1
5190 182 0
5191 47 1
5192 338 1
5193 374 1
5194 290 0
5195 159 0
5196 241 1
5197 68 0
5198 342 1
5199 108 0
5200 536 0
5201 251 1
5202 29 1
5203 255 1
5204 226 0
5205 150 0
5206 242 1
5207 166 1
5208 428 0
5209 104 1
5210 146 0
5211 38 1
5212 433 1
5213 3 0
5214 119 1
5215 371 0
5216 312 0
5217 514 0
5218 304 1
5219 368 1
5220 218 1
5221 350 1
5222 143 1
5223 461 1
5224 485 1
5225 151 0
5226 256 0
5227 438 0
5228 272 0
5229 311 1
5230 544 1
5231 481 0
5232 158 1
5233 44 1
5234 70 1
5235 420 1
5236 357 1
5237 168 1
5238 150 1
5239 490 0
5240 57 0
5241 120 0
5242 242 1
5243 414 1
5244 418 1
5245 340 0
5246 269 1
5247 100 1
5248 114 1
5249 324 0
5250 548 0
5251 448 0
5252 370 1
5253 260 0
5254 100 1
5255 1 0
5256 246 0
5257 455 0
5258 99 1
5259 438 1
5260 464 1
5261 326 1
5262 454 0
5263 22 1
5264 5 0
5265 171 1
5266 502 1
5267 320 0
5268 99 1
5269 238 0
5270 193 1
5271 349 1
5272 353 1
5273 355 1
5274 535 1
5275 380 1
5276 427 1
5277 21 0
5278 2 1
5279 304 0
5280 373 1
5281 544 1
5282 522 1
5283 45 1
5284 299 0
5285 248 1
5286 515 1
5287 351 0
5288 247 1
5289 166 0
5290 346 1
5291 70 1
5292 123 1
5293 509 0
5294 118 0
5295 109 1
5296 158 1
5297 229 0
5298 373 0
5299 156 1
5300 543 0
5301 11 1
5302 420 1
5303 216 1
5304 487 0
5305 311 1
5306 364 1
5307 461 1
5308 456 1
5309 25 1
5310 88 0
5311 493 0
5312 215 1
5313 347 0
5314 416 0
5315 115 1
5316 335 1
5317 307 0
5318 472 0
5319 277 1
5320 340 1
5321 82 0
5322 389 0
5323 39 1
5324 384 1
5325 274 0
5326 198 1
5327 139 1
5328 343 1
5329 429 1
5330 408 0
5331 8 1
5332 89 0
5333 353 1
5334 273 1
5335 383 0
5336 72 0
5337 173 1
5338 444 1
5339 161 1
5340 268 1
5341 156 1
5342 56 1
5343 307 1
5344 200 1
5345 21 0
5346 135 0
5347 206 0
5348 337 1
5349 213 1
5350 43 0
5351 79 0
5352 489 0
5353 561 1
5354 448 1
5355 59 0
5356 11 0
5357 44 1
5358 494 0
5359 458 1
5360 508 0
5361 157 1
5362 494 0
5363 287 1
5364 333 1
5365 296 1
5366 524 1
5367 475 1
5368 38 1
5369 244 1
5370 47 1
5371 72 1
5372 503 0
5373 117 0
5374 461 1
5375 546 0
5376 475 1
5377 466 0
5378 477 1
5379 97 1
5380 117 1
5381 48 1
5382 180 0
5383 525 1
5384 414 1
5385 132 1
5386 491 1
5387 504 1
5388 314 1
5389 281 0
5390 51 1
5391 41 1
5392 376 1
5393 357 1
5394 123 1
5395 525 1
5396 268 1
5397 317 0
5398 515 1
5399 94 1
5400 457 1
5401 245 1
5402 424 1
5403 240 0
5404 224 0
5405 367 1
5406 202 1
5407 221 1
5408 334 0
5409 301 0
5410 453 1
5411 125 1
5412 261 0
5413 15 1
5414 130 1
5415 3 0
5416 321 0
5417 406 1
5418 424 0
5419 337 0
5420 21 0
5421 343 0
5422 531 1
5423 236 1
5424 555 1
5425 185 1
5426 225 1
5427 18 1
5428 172 1
5429 116 0
5430 135 1
5431 325 0
5432 359 1
5433 63 0
5434 231 1
5435 286 1
5436 523 1
5437 475 0
5438 48 1
5439 217 0
5440 110 0
5441 473 1
5442 132 1
5443 232 1
5444 509 1
5445 43 1
5446 452 0
5447 520 1
5448 519 1
5449 449 0
5450 403 0
5451 438 0
5452 227 1
5453 278 1
5454 487 1
5455 298 1
5456 324 0
5457 344 1
5458 117 1
5459 197 0
5460 352 0
5461 124 1
5462 27 1
5463 479 0
5464 90 1
5465 159 1
5466 526 1
5467 281 0
5468 364 0
5469 447 1
5470 489 1
5471 303 0
5472 371 1
5473 133 0
5474 85 1
5475 541 1
5476 554 1
5477 105 0
5478 172 0
5479 555 0
5480 366 1
5481 182 0
5482 173 1
5483 499 1
5484 442 1
5485 251 1
5486 546 1
5487 34 1
5488 63 1
5489 259 0
5490 481 0
5491 13 1
5492 320 1
5493 479 0
5494 121 1
5495 181 1
5496 45 1
5497 234 1
5498 245 1
5499 182 0
5500 535 0
5501 481 1
5502 406 1
5503 280 1
5504 102 1
5505 37 1
5506 202 0
5507 481 0
5508 161 1
5509 449 1
5510 275 1
5511 189 0
5512 412 1
5513 522 1
5514 20 0
5515 199 0
5516 557 1
5517 490 0
5518 57 1
5519 279 1
5520 180 0
5521 170 1
5522 358 1
5523 323 0
5524 465 1
5525 221 1
5526 256 0
5527 479 1
5528 269 0
5529 179 1
5530 559 1
5531 271 1
5532 485 1
5533 369 1
5534 394 1
5535 129 0
5536 391 0
5537 367 1
5538 369 0
5539 131 0
5540 324 1
5541 428 1
5542 197 0
5543 110 1
5544 205 1
5545 183 1
5546 95 1
5547 178 1
5548 71 0
5549 551 1
5550 49 1
5551 451 0
5552 399 1
5553 60 1
5554 379 1
5555 449 0
5556 535 0
5557 146 1
5558 74 0
5559 61 1
5560 538 1
5561 463 1
5562 119 0
5563 77 0
5564 43 0
5565 74 0
5566 170 0
5567 525 1
5568 206 1
5569 192 0
5570 195 0
5571 150 0
5572 372 0
5573 317 1
5574 537 1
5575 145 1
5576 42 1
5577 563 0
5578 104 0
5579 335 0
5580 130 0
5581 225 1
5582 354 1
5583 289 0
5584 182 1
5585 7 1
5586 541 1
5587 535 0
5588 438 1
5589 214 1
5590 92 1
5591 332 1
5592 387 0
5593 280 1
5594 390 1
5595 58 0
5596 437 1
5597 248 1
5598 453 1
5599 222 1
5600 446 0
5601 439 1
5602 371 1
5603 199 1
5604 115 1
5605 66 1
5606 200 1
5607 327 1
5608 156 0
5609 505 0
5610 69 1
5611 493 1
5612 274 1
5613 168 0
5614 150 0
5615 216 1
5616 38 0
5617 446 0
5618 484 1
5619 74 0
5620 486 0
5621 227 0
5622 531 0
5623 143 1
5624 15 0
5625 95 0
5626 74 0
5627 18 0
5628 200 1
5629 495 0
5630 560 1
5631 358 0
5632 230 0
5633 428 1
5634 304 0
5635 168 1
5636 61 1
5637 338 1
5638 376 0
5639 141 1
5640 548 1
5641 461 1
5642 252 0
5643 399 1
5644 93 1
5645 214 1
5646 460 0
5647 106 0
5648 238 0
5649 259 1
5650 447 1
5651 194 1
5652 250 1
5653 520 1
5654 424 0
5655 437 0
5656 317 1
5657 458 1
5658 240 0
5659 449 1
5660 40 1
5661 405 0
5662 97 1
5663 53 1
5664 457 1
5665 305 1
5666 167 1
5667 276 1
5668 451 1
5669 470 1
5670 320 1
5671 145 1
5672 103 0
5673 69 0
5674 314 1
5675 103 1
5676 43 1
5677 283 1
5678 448 0
5679 468 1
5680 68 1
5681 107 1
5682 126 1
5683 71 1
5684 34 0
5685 307 1
5686 311 1
5687 419 1
5688 475 1
5689 185 1
5690 434 1
5691 14 1
5692 225 1
5693 37 1
5694 61 0
5695 432 1
5696 132 0
5697 356 1
5698 342 1
5699 247 1
5700 395 1
5701 158 1
5702 434 0
5703 541 0
5704 485 1
5705 560 0
5706 434 1
5707 252 0
5708 299 0
5709 186 1
5710 206 1
5711 473 0
5712 21 1
5713 16 1
5714 110 1
5715 167 1
5716 253 1
5717 59 1
5718 321 0
5719 450 0
5720 180 1
5721 24 1
5722 448 0
5723 136 1
5724 549 0
5725 527 1
5726 377 1
5727 521 1
5728 119 1
5729 180 1
5730 236 1
5731 154 1
5732 83 1
5733 23 1
5734 240 1
5735 74 1
5736 347 1
5737 463 0
5738 358 1
5739 404 0
5740 349 1
5741 525 1
5742 229 0
5743 543 1
5744 445 1
5745 4 0
5746 482 0
5747 18 0
5748 372 0
5749 398 0
5750 507 0
5751 453 1
5752 562 1
5753 519 1
5754 377 1
5755 124 1
5756 152 0
5757 307 0
5758 557 1
5759 156 1
5760 421 1
5761 531 0
5762 312 1
5763 331 1
5764 25 0
5765 151 0
5766 63 1
5767 249 0
5768 382 0
5769 407 1
5770 547 0
5771 341 1
5772 43 0
5773 508 0
5774 345 0
5775 458 0
5776 252 1
5777 532 1
5778 400 1
5779 111 1
5780 447 1
5781 377 1
5782 294 1
5783 563 0
5784 250 0
5785 298 1
5786 364 1
5787 366 0
5788 142 1
5789 436 1
5790 401 1
5791 116 1
5792 172 0
5793 72 0
5794 365 0
5795 416 0
5796 429 1
5797 177 1
5798 283 0
5799 262 0
5800 7 1
5801 192 1
5802 54 1
5803 207 1
5804 295 1
5805 110 0
5806 399 0
5807 195 1
5808 301 0
5809 5 1
5810 434 0
5811 333 1
5812 77 1
5813 441 1
5814 112 1
5815 312 0
5816 126 0
5817 476 1
5818 490 0
5819 368 0
5820 196 1
5821 335 1
5822 132 0
5823 28 1
5824 217 1
5825 519 0
5826 446 0
5827 369 1
5828 225 1
5829 303 1
5830 376 1
5831 442 0
