1700
1 605 0
2 87 1
3 211 1
4 529 1
5 228 0
6 852 1
7 529 1
8 807 1
9 856 1
10 580 0
11 496 0
12 148 1
13 812 1
14 0 1
15 12 1
16 849 0
17 839 1
18 555 0
19 712 0
20 365 1
21 740 0
22 73 1
23 564 1
24 280 0
25 329 1
26 799 0
27 648 0
28 855 0
29 881 1
30 607 1
31 87 1
32 600 1
33 168 0
34 409 1
35 14 0
36 761 0
37 678 0
38 710 1
39 401 1
40 438 1
41 791 0
42 243 1
43 617 1
44 421 1
45 385 1
46 570 0
47 6 1
48 85 1
49 101 1
50 652 1
51 210 1
52 467 1
53 680 0
54 817 1
55 196 1
56 752 1
57 13 0
58 859 1
59 779 1
60 307 1
61 84 1
62 323 0
63 734 0
64 773 1
65 754 0
66 801 1
67 614 0
68 285 1
69 220 1
70 151 1
71 789 1
72 748 0
73 585 0
74 776 1
75 409 1
76 50 1
77 901 1
78 180 1
79 632 0
80 245 0
81 812 1
82 783 1
83 90 1
84 496 0
85 856 1
86 325 1
87 893 0
88 223 0
89 201 1
90 364 0
91 769 1
92 700 1
93 638 1
94 827 1
95 13 1
96 835 1
97 806 0
98 26 0
99 208 1
100 550 1
101 512 0
102 231 1
103 380 1
104 659 1
105 140 1
106 789 1
107 377 1
108 101 1
109 803 0
110 464 0
111 688 0
112 327 1
113 693 1
114 165 1
115 473 0
116 653 1
117 23 1
118 420 0
119 25 1
120 583 0
121 789 0
122 417 1
123 383 0
124 614 1
125 791 0
126 434 0
127 153 1
128 748 0
129 55 1
130 434 0
131 61 1
132 199 0
133 658 1
134 86 1
135 132 1
136 191 0
137 473 0
138 520 1
139 470 1
140 475 0
141 645 1
142 515 1
143 357 1
144 734 1
145 609 1
146 283 1
147 688 0
148 352 1
149 446 1
150 461 1
151 704 1
152 588 1
153 603 1
154 721 1
155 676 0
156 767 0
157 538 1
158 298 1
159 321 1
160 651 1
161 886 0
162 287 0
163 104 0
164 695 1
165 675 1
166 217 0
167 240 1
168 586 0
169 600 0
170 604 1
171 25 1
172 119 1
173 429 1
174 802 1
175 135 1
176 113 1
177 821 1
178 625 1
179 383 0
180 818 1
181 909 1
182 466 0
183 526 1
184 679 0
185 792 0
186 178 1
187 430 1
188 470 0
189 311 1
190 699 1
191 247 1
192 154 1
193 556 1
194 679 1
195 531 0
196 683 1
197 53 1
198 365 1
199 635 1
200 139 0
201 760 1
202 677 1
203 869 0
204 227 1
205 194 0
206 59 0
207 426 1
208 853 1
209 589 1
210 608 1
211 551 0
212 82 1
213 873 1
214 274 1
215 834 1
216 711 1
217 73 1
218 305 1
219 310 0
220 555 1
221 146 1
222 289 1
223 424 1
224 240 1
225 451 0
226 565 1
227 572 0
228 696 1
229 183 1
230 729 1
231 69 0
232 133 1
233 857 1
234 682 1
235 315 0
236 103 1
237 537 1
238 630 1
239 222 1
240 406 0
241 151 1
242 764 0
243 51 0
244 854 1
245 206 0
246 596 0
247 798 1
248 270 1
249 511 1
250 343 0
251 876 1
252 884 1
253 183 1
254 150 1
255 817 1
256 167 1
257 871 1
258 377 0
259 167 0
260 501 1
261 336 1
262 501 0
263 258 1
264 565 1
265 155 1
266 28 0
267 41 1
268 220 0
269 859 0
270 883 1
271 523 0
272 673 1
273 11 1
274 93 0
275 714 0
276 149 1
277 377 1
278 213 1
279 764 1
280 748 0
281 373 0
282 637 0
283 122 1
284 893 0
285 824 1
286 687 0
287 602 1
288 772 1
289 589 1
290 134 1
291 802 1
292 128 0
293 277 0
294 246 1
295 717 1
296 648 0
297 204 0
298 847 1
299 829 1
300 247 1
301 127 0
302 119 0
303 473 0
304 28 1
305 188 1
306 140 0
307 700 1
308 855 1
309 460 1
310 706 0
311 529 0
312 699 1
313 414 0
314 910 1
315 808 1
316 672 0
317 270 0
318 604 0
319 115 0
320 491 1
321 138 1
322 891 1
323 750 1
324 502 1
325 369 0
326 820 0
327 83 1
328 317 1
329 841 1
330 427 1
331 817 0
332 614 0
333 577 1
334 516 1
335 283 1
336 592 1
337 578 1
338 603 1
339 497 1
340 313 0
341 746 0
342 197 0
343 174 0
344 13 1
345 174 1
346 440 1
347 883 0
348 764 0
349 452 1
350 584 1
351 62 1
352 500 0
353 181 1
354 654 0
355 640 0
356 231 0
357 533 1
358 648 1
359 285 0
360 408 0
361 699 1
362 136 1
363 82 1
364 564 1
365 612 1
366 866 1
367 101 1
368 657 1
369 901 0
370 304 1
371 457 1
372 449 1
373 306 0
374 129 1
375 445 1
376 648 1
377 729 0
378 248 0
379 117 0
380 285 0
381 648 0
382 747 0
383 39 1
384 120 1
385 237 0
386 258 1
387 302 0
388 116 1
389 237 1
390 797 1
391 379 0
392 512 1
393 4 1
394 606 1
395 6 1
396 448 1
397 476 1
398 89 0
399 120 1
400 142 0
401 888 1
402 648 1
403 451 1
404 485 1
405 606 1
406 713 1
407 248 0
408 527 1
409 418 0
410 628 1
411 711 1
412 18 0
413 703 1
414 389 0
415 317 0
416 778 1
417 529 1
418 170 1
419 623 0
420 100 1
421 369 1
422 647 0
423 724 1
424 870 1
425 83 1
426 253 1
427 95 1
428 414 0
429 633 0
430 307 0
431 274 0
432 841 0
433 690 1
434 215 1
435 353 1
436 63 1
437 725 1
438 683 1
439 317 1
440 114 1
441 572 1
442 538 1
443 236 0
444 151 0
445 695 1
446 252 1
447 887 0
448 862 1
449 792 1
450 411 1
451 79 1
452 554 1
453 529 1
454 686 1
455 58 1
456 590 0
457 765 1
458 238 1
459 766 1
460 557 1
461 192 1
462 608 1
463 590 0
464 178 1
465 323 1
466 302 1
467 661 1
468 549 1
469 273 0
470 469 1
471 468 1
472 813 0
473 619 1
474 264 0
475 785 1
476 621 1
477 63 0
478 488 1
479 475 1
480 467 0
481 853 0
482 797 1
483 716 1
484 226 1
485 103 0
486 6 1
487 843 1
488 491 1
489 50 1
490 876 0
491 9 1
492 244 1
493 904 1
494 69 0
495 85 1
496 863 1
497 649 0
498 227 1
499 528 1
500 786 1
501 237 1
502 546 1
503 45 1
504 571 1
505 479 0
506 273 1
507 211 1
508 158 1
509 189 1
510 270 1
511 106 0
512 809 1
513 569 0
514 553 0
515 579 0
516 161 1
517 819 0
518 583 1
519 177 1
520 48 1
521 123 0
522 742 1
523 435 1
524 137 1
525 724 1
526 242 1
527 227 0
528 273 1
529 520 1
530 326 0
531 852 1
532 603 1
533 538 1
534 713 1
535 116 0
536 58 0
537 679 1
538 172 1
539 133 1
540 425 1
541 59 1
542 121 0
543 658 0
544 427 1
545 817 0
546 54 1
547 584 1
548 862 1
549 529 0
550 269 1
551 112 1
552 483 1
553 472 0
554 846 1
555 307 1
556 149 1
557 878 1
558 653 1
559 261 1
560 894 1
561 266 1
562 270 0
563 37 0
564 404 1
565 483 1
566 809 0
567 598 1
568 731 1
569 633 1
570 616 0
571 624 0
572 650 1
573 633 1
574 306 1
575 159 0
576 659 1
577 580 1
578 872 0
579 748 1
580 781 1
581 889 1
582 259 0
583 1 1
584 333 1
585 343 1
586 261 0
587 147 0
588 901 0
589 900 1
590 360 0
591 840 1
592 170 0
593 635 1
594 724 1
595 347 1
596 136 1
597 871 1
598 246 1
599 72 1
600 849 1
601 618 1
602 725 0
603 453 1
604 888 1
605 355 1
606 188 1
607 700 0
608 392 1
609 341 1
610 494 0
611 143 1
612 358 1
613 623 0
614 318 1
615 526 1
616 453 0
617 710 0
618 341 1
619 325 1
620 546 1
621 910 0
622 563 0
623 691 1
624 467 0
625 249 0
626 153 0
627 24 1
628 92 1
629 458 1
630 685 1
631 10 0
632 561 0
633 748 1
634 569 1
635 564 1
636 695 1
637 537 1
638 606 1
639 391 1
640 692 0
641 467 1
642 630 0
643 43 1
644 482 1
645 222 1
646 173 1
647 81 1
648 549 1
649 69 0
650 590 0
651 666 1
652 286 1
653 64 0
654 863 1
655 398 1
656 692 1
657 177 1
658 700 1
659 477 0
660 319 1
661 126 0
662 528 1
663 316 1
664 634 0
665 627 1
666 362 1
667 284 1
668 18 1
669 884 1
670 146 0
671 213 1
672 580 1
673 593 1
674 864 1
675 492 0
676 455 0
677 108 1
678 423 0
679 492 1
680 407 0
681 714 0
682 846 1
683 761 0
684 690 0
685 686 1
686 449 1
687 107 1
688 632 1
689 85 1
690 203 1
691 202 1
692 539 1
693 74 1
694 78 0
695 197 1
696 119 1
697 343 0
698 342 1
699 769 1
700 272 0
701 300 1
702 533 0
703 437 1
704 452 0
705 184 1
706 442 1
707 0 1
708 39 0
709 375 1
710 239 0
711 602 1
712 170 1
713 9 0
714 737 1
715 887 1
716 412 1
717 416 1
718 282 0
719 544 0
720 61 0
721 75 1
722 457 1
723 828 1
724 659 1
725 868 1
726 463 0
727 853 1
728 191 1
729 489 1
730 72 0
731 877 1
732 339 1
733 117 1
734 833 1
735 698 1
736 732 1
737 742 0
738 701 0
739 117 1
740 295 1
741 33 0
742 888 0
743 735 1
744 180 1
745 694 1
746 375 1
747 334 1
748 386 1
749 679 1
750 455 1
751 547 1
752 838 0
753 808 1
754 380 1
755 420 0
756 89 0
757 120 1
758 682 1
759 743 0
760 765 0
761 54 1
762 529 1
763 288 1
764 183 0
765 822 0
766 777 1
767 4 1
768 433 1
769 421 0
770 171 1
771 175 0
772 891 1
773 178 1
774 748 1
775 210 0
776 790 1
777 430 0
778 908 1
779 10 1
780 117 1
781 162 1
782 887 0
783 31 1
784 577 1
785 566 1
786 234 0
787 859 1
788 380 0
789 877 0
790 136 1
791 418 1
792 39 0
793 21 0
794 252 0
795 724 0
796 207 1
797 607 1
798 651 0
799 593 1
800 32 1
801 662 0
802 332 0
803 481 1
804 80 1
805 528 1
806 476 1
807 740 0
808 480 1
809 805 1
810 135 1
811 444 1
812 191 1
813 526 0
814 377 1
815 502 0
816 456 1
817 18 1
818 715 1
819 844 1
820 799 0
821 608 1
822 93 1
823 879 1
824 795 1
825 394 0
826 331 0
827 362 1
828 323 1
829 454 1
830 439 0
831 706 0
832 150 0
833 370 0
834 821 0
835 346 1
836 362 1
837 416 0
838 78 1
839 372 1
840 754 0
841 237 0
842 291 0
843 41 1
844 174 1
845 0 1
846 138 1
847 852 0
848 117 1
849 751 1
850 868 0
851 334 1
852 739 1
853 118 1
854 478 0
855 377 1
856 853 1
857 93 1
858 811 0
859 191 0
860 884 1
861 284 1
862 495 1
863 251 0
864 790 1
865 894 0
866 533 0
867 7 1
868 410 1
869 775 1
870 212 0
871 807 0
872 199 0
873 643 0
874 378 1
875 681 1
876 369 1
877 59 0
878 534 0
879 820 1
880 657 1
881 102 0
882 717 1
883 237 0
884 489 1
885 702 0
886 597 0
887 199 1
888 185 0
889 493 0
890 363 1
891 511 1
892 827 0
893 283 1
894 478 1
895 461 0
896 593 1
897 100 1
898 270 1
899 468 1
900 36 0
901 146 1
902 455 1
903 773 1
904 785 1
905 800 1
906 217 0
907 313 1
908 821 0
909 837 1
910 132 1
911 867 1
912 802 0
913 723 1
914 902 0
915 263 1
916 136 0
917 4 1
918 353 1
919 828 0
920 730 0
921 465 0
922 57 0
923 423 0
924 717 1
925 357 1
926 589 0
927 262 1
928 878 1
929 896 1
930 862 0
931 494 1
932 1 0
933 22 1
934 216 1
935 836 0
936 254 0
937 326 1
938 765 1
939 533 0
940 39 1
941 107 1
942 801 1
943 452 1
944 40 1
945 324 1
946 28 0
947 333 0
948 257 0
949 892 1
950 145 1
951 509 0
952 804 1
953 308 0
954 270 1
955 573 1
956 164 1
957 281 0
958 647 0
959 165 0
960 767 1
961 22 1
962 906 1
963 423 1
964 561 0
965 69 1
966 819 1
967 703 1
968 99 1
969 714 0
970 30 1
971 530 1
972 399 0
973 248 1
974 231 0
975 166 1
976 247 0
977 227 1
978 140 1
979 91 1
980 651 0
981 93 0
982 81 1
983 615 1
984 896 1
985 401 1
986 794 0
987 464 0
988 175 1
989 15 1
990 470 1
991 749 0
992 623 0
993 556 0
994 715 0
995 404 1
996 151 1
997 358 1
998 383 1
999 264 0
1000 480 1
1001 638 0
1002 282 1
1003 242 0
1004 248 1
1005 208 1
1006 692 1
1007 778 0
1008 365 1
1009 107 1
1010 413 1
1011 221 1
1012 98 1
1013 394 1
1014 895 1
1015 192 1
1016 666 1
1017 424 1
1018 366 0
1019 749 1
1020 521 1
1021 421 0
1022 600 1
1023 304 1
1024 308 0
1025 731 1
1026 266 0
1027 883 0
1028 621 1
1029 442 1
1030 367 1
1031 413 1
1032 152 1
1033 413 1
1034 848 1
1035 221 1
1036 149 1
1037 104 1
1038 527 1
1039 147 1
1040 418 0
1041 242 1
1042 10 1
1043 646 1
1044 177 1
1045 580 1
1046 409 1
1047 263 1
1048 264 1
1049 168 0
1050 780 1
1051 256 1
1052 628 0
1053 768 1
1054 113 0
1055 676 0
1056 227 1
1057 558 0
1058 730 1
1059 465 1
1060 68 0
1061 392 1
1062 726 1
1063 382 1
1064 19 1
1065 788 1
1066 791 1
1067 160 0
1068 748 1
1069 96 0
1070 531 1
1071 735 1
1072 123 1
1073 338 1
1074 273 0
1075 702 1
1076 281 1
1077 162 0
1078 839 1
1079 683 1
1080 34 0
1081 343 1
1082 291 1
1083 677 1
1084 776 0
1085 333 1
1086 888 1
1087 243 1
1088 137 0
1089 552 1
1090 70 1
1091 95 1
1092 526 1
1093 45 1
1094 398 1
1095 910 1
1096 632 1
1097 601 1
1098 190 0
1099 395 1
1100 483 0
1101 451 0
1102 482 1
1103 816 0
1104 872 1
1105 374 1
1106 143 0
1107 637 1
1108 70 0
1109 721 1
1110 755 1
1111 498 0
1112 4 1
1113 743 1
1114 153 0
1115 503 1
1116 552 1
1117 695 0
1118 334 1
1119 86 1
1120 654 0
1121 580 1
1122 273 1
1123 152 1
1124 333 1
1125 408 0
1126 535 0
1127 907 0
1128 693 1
1129 733 0
1130 817 0
1131 423 1
1132 622 1
1133 836 0
1134 150 0
1135 594 0
1136 69 0
1137 287 1
1138 167 1
1139 282 1
1140 657 1
1141 274 1
1142 29 0
1143 820 0
1144 607 0
1145 509 1
1146 564 1
1147 315 0
1148 483 0
1149 574 1
1150 760 1
1151 124 0
1152 774 0
1153 768 1
1154 194 0
1155 128 0
1156 172 0
1157 729 1
1158 17 1
1159 521 1
1160 877 1
1161 481 1
1162 649 1
1163 148 0
1164 634 1
1165 451 1
1166 322 1
1167 909 1
1168 584 0
1169 725 0
1170 248 0
1171 316 1
1172 599 1
1173 220 1
1174 370 1
1175 838 0
1176 458 1
1177 464 1
1178 802 0
1179 671 1
1180 678 1
1181 606 1
1182 384 0
1183 529 1
1184 311 1
1185 686 1
1186 540 1
1187 578 0
1188 734 0
1189 188 1
1190 882 0
1191 126 1
1192 120 1
1193 879 1
1194 546 0
1195 135 1
1196 448 1
1197 656 0
1198 286 0
1199 740 0
1200 872 1
1201 501 1
1202 861 1
1203 730 0
1204 55 1
1205 220 0
1206 630 0
1207 710 1
1208 26 0
1209 359 0
1210 4 1
1211 482 1
1212 833 1
1213 881 0
1214 756 1
1215 149 0
1216 568 1
1217 308 1
1218 161 1
1219 545 1
1220 896 1
1221 751 1
1222 201 1
1223 52 1
1224 168 1
1225 650 1
1226 249 0
1227 221 0
1228 702 1
1229 887 1
1230 498 1
1231 609 0
1232 373 1
1233 17 0
1234 896 1
1235 348 1
1236 671 1
1237 840 1
1238 589 0
1239 39 1
1240 646 1
1241 273 0
1242 253 0
1243 663 1
1244 283 0
1245 847 1
1246 363 1
1247 281 1
1248 148 1
1249 360 1
1250 458 1
1251 358 0
1252 748 1
1253 31 1
1254 776 1
1255 528 1
1256 357 1
1257 93 1
1258 639 1
1259 253 1
1260 739 0
1261 137 0
1262 331 0
1263 17 1
1264 313 1
1265 210 1
1266 26 0
1267 588 1
1268 452 1
1269 545 1
1270 287 1
1271 171 0
1272 306 1
1273 599 0
1274 364 0
1275 555 1
1276 384 1
1277 892 1
1278 453 0
1279 791 1
1280 883 0
1281 224 0
1282 1 0
1283 117 0
1284 118 1
1285 113 1
1286 167 1
1287 393 0
1288 803 1
1289 762 1
1290 530 0
1291 703 1
1292 441 0
1293 315 0
1294 279 0
1295 347 0
1296 286 0
1297 758 1
1298 70 0
1299 84 1
1300 880 0
1301 847 0
1302 737 1
1303 864 1
1304 8 1
1305 229 0
1306 719 1
1307 139 0
1308 302 1
1309 84 1
1310 651 1
1311 175 1
1312 599 0
1313 568 0
1314 241 1
1315 200 1
1316 194 1
1317 855 0
1318 721 0
1319 903 0
1320 464 0
1321 865 1
1322 750 1
1323 372 0
1324 549 0
1325 65 1
1326 484 1
1327 823 0
1328 518 0
1329 185 1
1330 477 1
1331 567 1
1332 777 0
1333 288 1
1334 6 1
1335 2 1
1336 99 1
1337 85 1
1338 305 1
1339 334 1
1340 257 1
1341 486 1
1342 894 1
1343 258 1
1344 222 1
1345 858 1
1346 829 0
1347 310 1
1348 369 0
1349 625 1
1350 476 1
1351 846 1
1352 182 1
1353 513 0
1354 76 1
1355 684 0
1356 844 1
1357 164 0
1358 0 0
1359 15 1
1360 209 1
1361 773 1
1362 476 1
1363 420 1
1364 368 1
1365 565 1
1366 359 1
1367 508 1
1368 118 1
1369 371 1
1370 555 0
1371 528 0
1372 657 1
1373 2 0
1374 712 1
1375 478 0
1376 890 0
1377 645 1
1378 110 1
1379 898 0
1380 797 1
1381 412 1
1382 396 1
1383 130 0
1384 629 1
1385 709 1
1386 900 0
1387 105 1
1388 869 1
1389 647 0
1390 124 0
1391 277 0
1392 809 1
1393 409 0
1394 674 0
1395 741 1
1396 38 1
1397 149 1
1398 507 1
1399 292 1
1400 377 0
1401 752 1
1402 267 1
1403 102 1
1404 307 1
1405 493 1
1406 307 1
1407 131 0
1408 379 1
1409 721 1
1410 281 0
1411 703 1
1412 392 1
1413 351 0
1414 728 0
1415 721 1
1416 584 0
1417 815 1
1418 763 0
1419 673 0
1420 99 0
1421 188 0
1422 369 1
1423 865 1
1424 457 0
1425 234 1
1426 570 1
1427 401 0
1428 476 0
1429 293 0
1430 335 1
1431 86 0
1432 9 0
1433 456 1
1434 908 1
1435 274 0
1436 728 0
1437 502 1
1438 125 1
1439 531 1
1440 474 1
1441 664 1
1442 390 1
1443 439 1
1444 503 1
1445 757 0
1446 433 1
1447 189 1
1448 834 1
1449 303 1
1450 206 0
1451 524 1
1452 383 0
1453 463 0
1454 168 1
1455 434 1
1456 193 1
1457 373 0
1458 595 1
1459 135 0
1460 232 1
1461 622 1
1462 825 1
1463 197 0
1464 142 0
1465 265 1
1466 675 1
1467 372 1
1468 247 1
1469 253 0
1470 516 1
1471 401 1
1472 217 0
1473 889 1
1474 273 0
1475 850 1
1476 350 1
1477 514 1
1478 58 0
1479 610 0
1480 808 0
1481 803 1
1482 754 1
1483 318 1
1484 696 0
1485 760 1
1486 856 1
1487 862 0
1488 367 0
1489 572 0
1490 552 1
1491 489 1
1492 670 1
1493 509 0
1494 400 1
1495 272 0
1496 173 1
1497 468 0
1498 682 0
1499 614 0
1500 43 1
1501 620 1
1502 310 1
1503 405 1
1504 756 1
1505 662 0
1506 831 1
1507 642 1
1508 841 1
1509 662 0
1510 703 1
1511 882 0
1512 695 0
1513 489 1
1514 165 1
1515 530 1
1516 253 0
1517 451 0
1518 812 1
1519 584 1
1520 265 0
1521 397 1
1522 173 1
1523 373 0
1524 622 0
1525 433 1
1526 655 1
1527 887 1
1528 695 1
1529 248 1
1530 509 1
1531 159 1
1532 362 1
1533 668 1
1534 810 1
1535 517 1
1536 20 1
1537 858 0
1538 385 0
1539 550 1
1540 42 1
1541 108 1
1542 75 0
1543 734 1
1544 401 1
1545 720 0
1546 194 1
1547 761 0
1548 176 1
1549 416 1
1550 203 1
1551 747 0
1552 25 0
1553 671 0
1554 613 1
1555 357 1
1556 892 1
1557 39 1
1558 147 0
1559 169 1
1560 189 1
1561 547 0
1562 709 1
1563 282 1
1564 258 1
1565 557 1
1566 63 1
1567 29 1
1568 686 0
1569 95 0
1570 608 1
1571 640 1
1572 261 1
1573 899 1
1574 797 1
1575 553 1
1576 645 0
1577 712 0
1578 840 1
1579 672 1
1580 124 1
1581 246 1
1582 55 0
1583 529 1
1584 827 1
1585 472 1
1586 673 1
1587 457 0
1588 225 0
1589 28 1
1590 200 0
1591 440 1
1592 113 1
1593 632 0
1594 578 0
1595 81 1
1596 308 0
1597 486 1
1598 454 1
1599 448 1
1600 579 1
1601 237 0
1602 720 1
1603 619 0
1604 737 0
1605 399 1
1606 826 0
1607 215 0
1608 423 0
1609 579 1
1610 583 1
1611 643 1
1612 330 0
1613 598 0
1614 830 0
1615 497 1
1616 908 1
1617 182 0
1618 369 0
1619 348 1
1620 135 0
1621 476 1
1622 18 0
1623 332 1
1624 881 1
1625 382 0
1626 3 1
1627 130 0
1628 586 1
1629 715 0
1630 462 1
1631 346 0
1632 634 1
1633 773 1
1634 673 0
1635 542 0
1636 300 1
1637 858 0
1638 798 1
1639 610 0
1640 534 1
1641 664 0
1642 195 1
1643 214 1
1644 209 0
1645 883 0
1646 575 0
1647 727 1
1648 189 0
1649 644 1
1650 142 1
1651 102 0
1652 382 1
1653 357 0
1654 583 1
1655 634 0
1656 391 0
1657 86 1
1658 525 1
1659 53 0
1660 574 0
1661 92 0
1662 597 0
1663 790 1
1664 752 0
1665 335 1
1666 142 0
1667 23 1
1668 487 1
1669 391 1
1670 691 1
1671 619 0
1672 756 1
1673 355 1
1674 350 1
1675 701 1
1676 31 0
1677 505 1
1678 45 1
1679 101 1
1680 250 1
1681 377 1
1682 875 1
1683 260 1
1684 124 1
1685 208 1
1686 765 0
1687 583 0
1688 219 1
1689 577 0
1690 33 1
1691 836 1
1692 504 0
1693 35 1
1694 157 1
1695 689 0
1696 828 1
1697 800 0
1698 810 0
1699 840 0
1700 143 0
