4752
1 331 1
2 490 0
3 220 1
4 237 1
5 31 1
6 202 1
7 349 0
8 76 1
9 351 1
10 496 1
11 263 1
12 114 1
13 80 1
14 133 1
15 85 1
16 252 1
17 528 1
18 192 1
19 121 1
20 67 1
21 183 1
22 269 1
23 82 0
24 449 1
25 75 1
26 181 1
27 230 1
28 198 1
29 545 1
30 136 1
31 210 0
32 492 1
33 125 1
34 429 0
35 107 1
36 0 1
37 315 1
38 372 1
39 164 1
40 380 1
41 258 1
42 128 0
43 354 1
44 296 1
45 154 1
46 420 1
47 318 1
48 97 1
49 36 1
50 239 0
51 70 1
52 538 1
53 6 1
54 332 1
55 222 1
56 11 0
57 215 1
58 466 1
59 14 0
60 359 1
61 189 1
62 82 1
63 131 1
64 500 1
65 307 1
66 466 1
67 528 1
68 260 1
69 353 0
70 254 0
71 246 0
72 554 1
73 509 1
74 528 1
75 170 1
76 189 1
77 158 1
78 415 1
79 51 1
80 5 1
81 43 1
82 233 1
83 470 0
84 100 1
85 79 1
86 394 1
87 116 1
88 336 1
89 355 0
90 91 1
91 191 0
92 433 1
93 152 1
94 136 1
95 100 1
96 7 1
97 163 1
98 263 1
99 231 0
100 399 1
101 214 1
102 133 1
103 128 1
104 505 1
105 328 1
106 3 0
107 477 1
108 366 1
109 228 0
110 278 0
111 194 1
112 20 1
113 75 1
114 539 1
115 196 1
116 167 1
117 119 1
118 342 1
119 319 1
120 281 1
121 438 0
122 108 1
123 218 1
124 487 1
125 475 1
126 271 1
127 45 0
128 20 1
129 176 0
130 531 0
131 440 1
132 331 0
133 548 0
134 357 0
135 464 1
136 456 0
137 419 1
138 205 0
139 536 0
140 26 0
141 400 1
142 119 1
143 138 1
144 11 0
145 196 1
146 183 0
147 183 0
148 190 1
149 131 0
150 540 0
151 179 0
152 387 1
153 502 0
154 231 0
155 228 1
156 437 1
157 52 0
158 519 0
159 245 1
160 2 0
161 66 1
162 72 1
163 250 1
164 529 1
165 359 1
166 421 1
167 452 0
168 183 1
169 395 1
170 433 1
171 169 0
172 194 1
173 421 1
174 464 1
175 237 0
176 50 1
177 150 1
178 154 0
179 437 1
180 278 0
181 140 1
182 380 0
183 501 0
184 541 0
185 475 1
186 514 1
187 284 0
188 311 0
189 415 0
190 262 1
191 184 0
192 505 1
193 487 1
194 283 0
195 284 1
196 159 0
197 202 1
198 11 0
199 46 0
200 543 1
201 469 0
202 108 1
203 153 1
204 348 1
205 188 0
206 163 0
207 473 1
208 204 0
209 321 1
210 324 1
211 546 0
212 527 1
213 520 1
214 343 1
215 32 0
216 82 1
217 330 1
218 196 1
219 158 1
220 549 0
221 150 1
222 216 1
223 374 0
224 22 1
225 458 0
226 242 1
227 327 1
228 88 1
229 197 1
230 408 1
231 311 1
232 228 1
233 281 0
234 119 1
235 467 1
236 282 0
237 374 0
238 234 1
239 469 1
240 385 1
241 100 1
242 266 0
243 339 1
244 268 1
245 335 1
246 264 0
247 160 0
248 335 1
249 414 1
250 377 1
251 117 1
252 492 0
253 101 1
254 234 0
255 480 0
256 387 0
257 189 0
258 1 0
259 2 1
260 8 1
261 443 1
262 31 1
263 261 0
264 39 1
265 317 0
266 499 1
267 70 1
268 475 1
269 105 0
270 238 1
271 322 0
272 211 0
273 325 0
274 35 1
275 534 1
276 214 0
277 419 1
278 71 1
279 108 0
280 298 0
281 76 1
282 409 1
283 177 0
284 370 1
285 32 1
286 469 0
287 228 1
288 468 0
289 338 1
290 377 1
291 43 1
292 288 0
293 334 1
294 84 1
295 19 1
296 418 1
297 123 0
298 293 1
299 151 1
300 183 0
301 214 1
302 139 0
303 223 1
304 544 0
305 52 0
306 427 1
307 455 0
308 106 1
309 120 1
310 227 1
311 71 0
312 286 0
313 466 1
314 95 0
315 185 0
316 350 1
317 376 1
318 442 1
319 39 0
320 154 1
321 295 0
322 291 0
323 342 1
324 534 1
325 85 1
326 99 1
327 348 0
328 454 1
329 514 1
330 426 1
331 325 1
332 145 1
333 260 1
334 294 0
335 516 1
336 494 1
337 75 1
338 504 1
339 73 1
340 428 1
341 187 1
342 367 1
343 410 0
344 344 1
345 313 1
346 63 1
347 489 0
348 333 1
349 242 1
350 545 0
351 69 1
352 512 1
353 212 0
354 110 1
355 441 1
356 548 1
357 8 0
358 106 1
359 123 1
360 336 1
361 215 1
362 68 1
363 54 0
364 396 1
365 525 1
366 48 1
367 421 0
368 235 0
369 518 0
370 416 1
371 329 1
372 530 1
373 266 1
374 252 0
375 81 1
376 375 0
377 485 1
378 498 1
379 342 0
380 436 1
381 276 1
382 404 1
383 542 0
384 220 0
385 482 0
386 460 0
387 542 1
388 90 1
389 14 1
390 192 1
391 479 0
392 495 0
393 4 1
394 498 1
395 276 1
396 208 1
397 362 0
398 243 0
399 193 1
400 404 1
401 42 0
402 480 1
403 242 0
404 387 0
405 461 1
406 403 0
407 88 1
408 293 1
409 279 0
410 491 1
411 165 0
412 153 0
413 253 0
414 426 1
415 305 1
416 116 1
417 134 1
418 480 0
419 109 1
420 129 1
421 388 0
422 453 0
423 424 1
424 14 1
425 532 1
426 253 0
427 146 0
428 167 1
429 300 1
430 394 0
431 469 0
432 501 1
433 552 0
434 476 1
435 288 0
436 173 0
437 131 0
438 95 0
439 315 0
440 202 0
441 111 1
442 487 1
443 411 1
444 205 0
445 293 0
446 259 0
447 52 1
448 256 1
449 182 0
450 207 1
451 332 1
452 141 1
453 505 1
454 516 1
455 346 1
456 55 1
457 168 1
458 316 0
459 190 0
460 285 1
461 64 1
462 135 1
463 300 0
464 218 1
465 118 1
466 501 1
467 355 1
468 410 0
469 325 1
470 68 1
471 32 0
472 175 0
473 162 1
474 381 1
475 511 1
476 384 0
477 153 0
478 188 1
479 460 1
480 432 1
481 381 0
482 22 1
483 467 0
484 539 1
485 301 1
486 457 0
487 175 1
488 83 0
489 15 1
490 290 1
491 73 1
492 43 0
493 83 1
494 177 1
495 187 0
496 115 0
497 485 0
498 298 0
499 67 1
500 131 1
501 334 1
502 199 0
503 164 0
504 447 1
505 296 0
506 202 0
507 301 1
508 145 1
509 77 1
510 477 1
511 428 1
512 381 0
513 279 1
514 253 0
515 407 1
516 212 1
517 523 1
518 245 1
519 191 0
520 311 1
521 372 1
522 406 0
523 307 0
524 53 1
525 422 1
526 146 1
527 117 1
528 204 0
529 149 1
530 240 1
531 391 0
532 293 1
533 361 1
534 491 0
535 225 0
536 34 1
537 309 0
538 266 1
539 489 0
540 550 1
541 346 1
542 150 1
543 269 1
544 358 1
545 360 1
546 525 0
547 548 1
548 53 1
549 350 1
550 403 1
551 341 0
552 168 1
553 376 0
554 313 1
555 250 1
556 216 1
557 50 0
558 505 1
559 269 1
560 184 1
561 404 0
562 324 0
563 469 1
564 248 1
565 471 1
566 389 0
567 83 1
568 406 0
569 540 1
570 371 1
571 22 1
572 329 0
573 503 0
574 392 1
575 137 1
576 396 0
577 227 0
578 487 1
579 92 1
580 510 1
581 432 0
582 318 1
583 503 1
584 524 1
585 438 1
586 273 1
587 425 1
588 29 0
589 430 1
590 139 1
591 495 0
592 102 1
593 250 1
594 413 0
595 370 1
596 403 1
597 262 1
598 261 1
599 440 1
600 195 1
601 16 1
602 280 1
603 12 1
604 311 1
605 228 1
606 4 1
607 483 0
608 441 0
609 297 0
610 70 1
611 165 0
612 413 1
613 189 1
614 134 0
615 401 0
616 449 1
617 295 1
618 355 1
619 535 1
620 351 0
621 59 1
622 482 1
623 12 1
624 218 1
625 112 1
626 474 1
627 259 1
628 253 1
629 503 1
630 19 1
631 214 1
632 264 1
633 139 1
634 365 0
635 228 0
636 485 1
637 67 1
638 327 1
639 225 0
640 440 1
641 331 1
642 164 1
643 241 0
644 536 1
645 250 1
646 89 0
647 18 1
648 522 1
649 470 1
650 382 1
651 546 0
652 431 1
653 221 0
654 189 1
655 246 1
656 332 0
657 539 0
658 110 1
659 411 1
660 519 0
661 197 0
662 119 0
663 407 1
664 477 0
665 470 1
666 518 1
667 165 1
668 17 1
669 95 1
670 329 1
671 386 1
672 416 0
673 100 1
674 92 0
675 219 1
676 166 0
677 162 1
678 181 1
679 423 0
680 441 0
681 460 1
682 298 1
683 296 0
684 509 1
685 123 1
686 230 1
687 442 1
688 376 0
689 167 1
690 551 1
691 23 1
692 300 0
693 500 1
694 252 1
695 29 1
696 205 0
697 542 1
698 57 0
699 419 1
700 173 0
701 346 1
702 497 1
703 44 1
704 274 1
705 285 1
706 94 1
707 537 1
708 545 1
709 372 1
710 401 1
711 380 1
712 440 0
713 103 1
714 201 1
715 5 1
716 510 1
717 326 1
718 135 1
719 269 1
720 130 1
721 228 1
722 359 1
723 116 1
724 243 1
725 89 1
726 440 0
727 244 1
728 386 1
729 320 1
730 366 0
731 7 1
732 226 1
733 324 1
734 253 1
735 267 0
736 89 1
737 106 1
738 308 1
739 294 1
740 208 0
741 189 1
742 350 0
743 471 1
744 277 1
745 318 1
746 110 0
747 514 1
748 156 1
749 195 1
750 373 1
751 291 1
752 508 1
753 407 1
754 116 1
755 309 0
756 530 1
757 522 1
758 428 1
759 56 1
760 223 1
761 394 1
762 196 1
763 168 1
764 134 1
765 312 1
766 323 1
767 415 0
768 549 1
769 537 1
770 467 0
771 539 1
772 338 1
773 369 0
774 494 1
775 465 1
776 296 1
777 46 1
778 156 1
779 394 1
780 74 1
781 295 0
782 303 1
783 171 1
784 528 1
785 460 1
786 46 1
787 483 1
788 448 1
789 41 1
790 167 1
791 100 0
792 361 1
793 505 1
794 464 0
795 356 1
796 548 1
797 433 0
798 357 1
799 39 0
800 360 1
801 319 1
802 440 1
803 236 1
804 42 1
805 271 1
806 386 1
807 222 1
808 66 1
809 206 0
810 13 1
811 10 0
812 208 0
813 303 1
814 43 0
815 392 1
816 286 1
817 306 1
818 5 0
819 2 0
820 422 0
821 360 1
822 193 1
823 445 0
824 303 1
825 234 0
826 259 1
827 323 1
828 186 1
829 478 0
830 465 1
831 181 1
832 73 1
833 472 1
834 24 0
835 229 1
836 297 1
837 196 0
838 166 1
839 247 0
840 286 1
841 284 1
842 275 1
843 511 0
844 228 1
845 239 1
846 299 0
847 387 1
848 457 1
849 0 1
850 275 1
851 477 1
852 369 0
853 5 0
854 257 0
855 554 1
856 282 0
857 83 1
858 440 0
859 516 0
860 526 0
861 355 1
862 170 1
863 244 1
864 543 0
865 51 1
866 527 1
867 437 0
868 143 1
869 425 1
870 243 1
871 493 1
872 205 1
873 26 0
874 113 0
875 307 1
876 240 0
877 458 0
878 347 1
879 535 0
880 445 1
881 201 0
882 108 1
883 307 0
884 23 1
885 201 0
886 99 1
887 289 1
888 265 1
889 499 1
890 407 1
891 11 1
892 464 0
893 52 1
894 166 1
895 141 0
896 168 0
897 22 1
898 530 1
899 130 1
900 56 0
901 368 1
902 20 0
903 512 0
904 522 1
905 212 1
906 258 1
907 519 1
908 293 0
909 475 0
910 101 1
911 13 0
912 5 1
913 96 0
914 469 1
915 30 1
916 106 0
917 178 1
918 51 0
919 515 1
920 141 0
921 393 1
922 551 1
923 63 1
924 425 1
925 195 0
926 202 0
927 346 1
928 348 1
929 240 1
930 217 1
931 337 1
932 166 1
933 502 0
934 252 1
935 288 1
936 184 1
937 290 0
938 32 0
939 522 1
940 493 1
941 533 0
942 475 0
943 400 1
944 315 1
945 80 0
946 407 0
947 353 1
948 534 0
949 340 1
950 363 1
951 70 0
952 303 0
953 277 1
954 262 1
955 290 1
956 459 1
957 393 1
958 142 1
959 144 1
960 427 1
961 487 1
962 192 1
963 403 1
964 186 0
965 455 1
966 366 1
967 91 0
968 434 0
969 502 1
970 57 1
971 498 1
972 2 1
973 340 1
974 124 0
975 99 1
976 207 1
977 329 0
978 420 1
979 119 0
980 469 0
981 149 0
982 41 1
983 447 1
984 53 1
985 218 1
986 76 0
987 124 0
988 550 0
989 327 1
990 447 0
991 169 1
992 509 0
993 47 1
994 120 1
995 26 0
996 238 0
997 367 0
998 416 1
999 356 1
1000 98 1
1001 77 0
1002 284 1
1003 356 1
1004 164 1
1005 452 0
1006 51 0
1007 207 0
1008 61 0
1009 535 1
1010 472 1
1011 319 0
1012 182 1
1013 539 0
1014 442 0
1015 9 1
1016 411 1
1017 263 0
1018 341 0
1019 472 0
1020 297 1
1021 6 1
1022 539 1
1023 458 1
1024 16 0
1025 330 1
1026 497 1
1027 193 0
1028 226 0
1029 271 1
1030 14 0
1031 151 1
1032 472 1
1033 62 1
1034 532 1
1035 208 0
1036 505 1
1037 120 1
1038 531 1
1039 32 0
1040 12 0
1041 29 1
1042 458 1
1043 183 1
1044 503 0
1045 295 1
1046 284 0
1047 491 1
1048 359 1
1049 459 0
1050 135 1
1051 159 0
1052 430 0
1053 20 1
1054 356 1
1055 502 0
1056 468 1
1057 374 0
1058 303 1
1059 49 0
1060 6 1
1061 370 1
1062 341 1
1063 544 1
1064 410 1
1065 30 1
1066 162 1
1067 127 1
1068 521 0
1069 496 0
1070 305 1
1071 187 1
1072 472 1
1073 86 0
1074 113 1
1075 74 0
1076 532 0
1077 462 1
1078 196 1
1079 12 1
1080 500 0
1081 145 0
1082 336 0
1083 197 1
1084 473 1
1085 122 0
1086 78 1
1087 441 1
1088 420 1
1089 321 0
1090 211 1
1091 150 1
1092 284 1
1093 56 0
1094 57 1
1095 81 0
1096 163 0
1097 162 1
1098 552 1
1099 299 1
1100 549 1
1101 138 1
1102 279 0
1103 121 0
1104 100 0
1105 176 1
1106 334 1
1107 552 1
1108 436 0
1109 93 0
1110 175 1
1111 45 1
1112 3 1
1113 335 1
1114 116 0
1115 522 0
1116 49 0
1117 288 0
1118 233 1
1119 525 1
1120 400 1
1121 141 0
1122 525 0
1123 346 1
1124 245 1
1125 448 1
1126 216 1
1127 255 1
1128 251 1
1129 219 0
1130 270 1
1131 79 1
1132 343 1
1133 145 1
1134 273 0
1135 406 0
1136 366 0
1137 401 0
1138 235 1
1139 291 1
1140 130 1
1141 449 0
1142 175 1
1143 10 0
1144 289 1
1145 395 1
1146 519 0
1147 376 1
1148 339 1
1149 380 0
1150 186 0
1151 280 1
1152 275 0
1153 437 0
1154 371 0
1155 540 0
1156 409 1
1157 396 1
1158 82 0
1159 5 1
1160 184 1
1161 428 1
1162 424 0
1163 507 1
1164 320 1
1165 369 1
1166 60 0
1167 52 0
1168 325 1
1169 396 1
1170 159 1
1171 192 1
1172 313 0
1173 148 0
1174 544 1
1175 316 1
1176 103 1
1177 426 1
1178 543 1
1179 232 1
1180 208 1
1181 364 0
1182 245 1
1183 101 1
1184 507 0
1185 312 1
1186 376 0
1187 230 1
1188 87 0
1189 27 1
1190 28 0
1191 353 1
1192 81 0
1193 155 1
1194 100 0
1195 483 1
1196 538 1
1197 73 1
1198 310 1
1199 399 0
1200 169 1
1201 427 0
1202 158 1
1203 125 0
1204 480 1
1205 373 1
1206 44 0
1207 137 0
1208 396 0
1209 299 1
1210 229 1
1211 353 1
1212 69 1
1213 544 1
1214 98 1
1215 139 1
1216 41 1
1217 258 0
1218 165 1
1219 496 1
1220 136 0
1221 148 1
1222 486 1
1223 410 1
1224 178 1
1225 424 0
1226 434 1
1227 168 1
1228 145 0
1229 431 1
1230 94 1
1231 9 0
1232 131 1
1233 387 1
1234 252 1
1235 491 1
1236 140 1
1237 66 0
1238 525 0
1239 554 1
1240 127 0
1241 53 1
1242 142 0
1243 58 1
1244 483 1
1245 29 1
1246 55 0
1247 211 0
1248 409 1
1249 483 0
1250 476 0
1251 547 1
1252 105 0
1253 289 0
1254 83 0
1255 277 1
1256 261 1
1257 321 1
1258 49 1
1259 241 1
1260 366 1
1261 53 1
1262 412 1
1263 53 1
1264 411 1
1265 477 0
1266 2 1
1267 499 1
1268 76 0
1269 236 1
1270 71 0
1271 421 1
1272 340 1
1273 234 1
1274 64 1
1275 472 1
1276 242 1
1277 401 1
1278 286 0
1279 469 1
1280 539 1
1281 24 1
1282 357 0
1283 147 0
1284 306 1
1285 89 1
1286 393 1
1287 207 1
1288 195 0
1289 65 1
1290 465 1
1291 187 0
1292 4 1
1293 355 0
1294 36 1
1295 537 1
1296 106 0
1297 111 0
1298 79 1
1299 394 1
1300 138 1
1301 259 1
1302 492 0
1303 207 1
1304 457 0
1305 444 1
1306 359 1
1307 69 0
1308 213 1
1309 255 1
1310 140 1
1311 321 1
1312 347 1
1313 207 1
1314 188 1
1315 308 0
1316 28 1
1317 407 0
1318 532 1
1319 149 0
1320 488 1
1321 351 0
1322 218 1
1323 256 1
1324 291 1
1325 177 1
1326 297 1
1327 226 1
1328 429 0
1329 13 1
1330 533 0
1331 493 1
1332 387 0
1333 75 1
1334 509 1
1335 347 1
1336 367 1
1337 231 0
1338 62 0
1339 514 1
1340 496 1
1341 281 1
1342 132 1
1343 381 1
1344 438 0
1345 173 1
1346 161 1
1347 23 0
1348 509 0
1349 409 0
1350 427 1
1351 351 1
1352 450 1
1353 269 0
1354 65 1
1355 362 1
1356 469 0
1357 245 0
1358 92 0
1359 157 0
1360 518 0
1361 548 1
1362 441 0
1363 222 0
1364 219 1
1365 357 0
1366 382 0
1367 330 0
1368 285 1
1369 286 0
1370 377 1
1371 357 0
1372 233 1
1373 442 0
1374 223 1
1375 406 0
1376 374 1
1377 414 1
1378 520 1
1379 205 0
1380 262 1
1381 276 0
1382 213 0
1383 419 0
1384 201 1
1385 294 0
1386 296 0
1387 367 0
1388 299 1
1389 352 1
1390 298 0
1391 257 1
1392 100 0
1393 533 0
1394 302 0
1395 302 0
1396 191 0
1397 151 0
1398 128 1
1399 400 0
1400 269 1
1401 404 1
1402 391 0
1403 540 1
1404 522 1
1405 207 1
1406 38 1
1407 486 1
1408 130 1
1409 307 1
1410 146 1
1411 442 0
1412 183 1
1413 291 0
1414 157 1
1415 189 1
1416 431 1
1417 489 0
1418 307 1
1419 506 1
1420 309 1
1421 89 0
1422 120 1
1423 537 0
1424 34 1
1425 180 1
1426 396 0
1427 15 0
1428 210 0
1429 387 1
1430 43 1
1431 344 0
1432 112 1
1433 290 1
1434 198 1
1435 190 1
1436 452 1
1437 299 1
1438 352 0
1439 371 1
1440 67 1
1441 64 1
1442 169 1
1443 540 0
1444 489 1
1445 296 1
1446 498 1
1447 503 0
1448 364 0
1449 474 1
1450 531 0
1451 63 0
1452 441 1
1453 497 1
1454 192 1
1455 122 1
1456 363 1
1457 272 1
1458 317 0
1459 460 1
1460 180 1
1461 332 1
1462 287 0
1463 179 1
1464 67 0
1465 207 0
1466 312 0
1467 472 1
1468 129 1
1469 541 1
1470 277 1
1471 78 0
1472 346 0
1473 166 1
1474 157 0
1475 515 0
1476 326 1
1477 513 1
1478 121 0
1479 259 1
1480 339 1
1481 284 1
1482 182 0
1483 400 1
1484 164 1
1485 130 1
1486 44 1
1487 128 1
1488 55 1
1489 48 1
1490 471 1
1491 47 0
1492 405 1
1493 352 0
1494 246 1
1495 212 0
1496 523 0
1497 232 1
1498 194 1
1499 10 0
1500 12 1
1501 401 1
1502 452 0
1503 499 1
1504 322 1
1505 218 1
1506 52 1
1507 532 1
1508 375 1
1509 481 1
1510 438 0
1511 149 1
1512 183 1
1513 105 1
1514 59 1
1515 284 0
1516 360 0
1517 180 0
1518 106 1
1519 262 0
1520 168 1
1521 163 1
1522 295 1
1523 227 0
1524 521 0
1525 181 1
1526 395 1
1527 359 1
1528 313 0
1529 452 1
1530 181 1
1531 445 0
1532 365 1
1533 295 0
1534 247 1
1535 448 0
1536 535 1
1537 185 0
1538 248 1
1539 442 1
1540 115 1
1541 168 0
1542 504 0
1543 83 0
1544 38 1
1545 80 1
1546 215 1
1547 205 0
1548 145 0
1549 45 1
1550 0 1
1551 356 1
1552 549 1
1553 308 0
1554 504 1
1555 57 1
1556 369 0
1557 124 1
1558 302 1
1559 77 1
1560 241 1
1561 4 1
1562 284 1
1563 533 1
1564 206 1
1565 370 0
1566 13 1
1567 240 0
1568 263 0
1569 353 0
1570 293 1
1571 380 1
1572 133 0
1573 477 1
1574 210 1
1575 324 0
1576 262 1
1577 404 1
1578 34 1
1579 473 1
1580 457 1
1581 551 1
1582 512 1
1583 529 1
1584 386 1
1585 484 1
1586 286 0
1587 284 1
1588 312 1
1589 403 1
1590 310 1
1591 470 0
1592 552 0
1593 61 1
1594 198 0
1595 428 0
1596 371 0
1597 119 1
1598 262 1
1599 46 0
1600 21 0
1601 269 0
1602 390 1
1603 224 0
1604 309 1
1605 166 0
1606 349 0
1607 134 0
1608 452 1
1609 482 1
1610 226 0
1611 351 1
1612 276 0
1613 423 1
1614 112 0
1615 128 1
1616 47 0
1617 492 1
1618 552 1
1619 133 0
1620 338 1
1621 423 1
1622 432 0
1623 530 0
1624 249 1
1625 25 1
1626 309 1
1627 66 1
1628 343 0
1629 118 1
1630 509 1
1631 85 1
1632 194 0
1633 542 0
1634 236 1
1635 550 0
1636 471 0
1637 151 1
1638 420 1
1639 278 0
1640 81 0
1641 86 1
1642 124 1
1643 473 0
1644 191 1
1645 471 0
1646 336 1
1647 250 0
1648 75 1
1649 218 1
1650 409 1
1651 382 1
1652 76 1
1653 222 1
1654 157 1
1655 159 1
1656 300 1
1657 125 1
1658 450 1
1659 440 0
1660 133 0
1661 336 1
1662 409 1
1663 496 0
1664 321 1
1665 345 0
1666 425 1
1667 50 0
1668 151 1
1669 547 1
1670 270 1
1671 43 0
1672 449 0
1673 544 0
1674 265 1
1675 534 1
1676 335 1
1677 364 1
1678 399 1
1679 223 1
1680 516 0
1681 444 0
1682 187 1
1683 385 1
1684 264 1
1685 196 1
1686 528 0
1687 98 1
1688 512 1
1689 315 0
1690 66 1
1691 117 1
1692 107 1
1693 87 1
1694 283 1
1695 168 1
1696 377 1
1697 76 0
1698 49 0
1699 451 1
1700 335 1
1701 396 0
1702 436 1
1703 280 1
1704 131 1
1705 165 0
1706 440 1
1707 43 1
1708 313 1
1709 551 0
1710 546 0
1711 286 1
1712 274 1
1713 429 1
1714 373 1
1715 186 1
1716 522 0
1717 515 0
1718 20 1
1719 397 1
1720 385 1
1721 453 0
1722 394 1
1723 315 1
1724 176 0
1725 193 1
1726 24 0
1727 32 1
1728 392 1
1729 172 1
1730 336 1
1731 416 1
1732 438 1
1733 307 1
1734 218 1
1735 159 0
1736 209 0
1737 371 0
1738 102 0
1739 200 0
1740 43 1
1741 446 1
1742 422 0
1743 470 1
1744 489 1
1745 522 0
1746 550 1
1747 70 1
1748 361 1
1749 441 1
1750 24 0
1751 124 0
1752 154 1
1753 333 1
1754 227 1
1755 32 1
1756 423 1
1757 442 1
1758 507 1
1759 47 1
1760 549 1
1761 209 0
1762 554 0
1763 474 1
1764 154 1
1765 436 1
1766 457 1
1767 463 0
1768 102 0
1769 417 1
1770 271 1
1771 149 1
1772 477 1
1773 534 0
1774 445 1
1775 368 0
1776 145 1
1777 532 0
1778 353 0
1779 1 1
1780 361 0
1781 234 1
1782 547 1
1783 424 1
1784 487 0
1785 527 1
1786 337 1
1787 447 0
1788 157 1
1789 186 1
1790 505 0
1791 36 0
1792 125 0
1793 240 0
1794 518 1
1795 535 1
1796 176 1
1797 85 1
1798 461 1
1799 366 0
1800 397 1
1801 146 1
1802 512 0
1803 491 0
1804 13 0
1805 215 0
1806 225 1
1807 112 1
1808 317 1
1809 377 1
1810 91 1
1811 50 1
1812 121 1
1813 540 1
1814 194 0
1815 524 1
1816 240 0
1817 268 0
1818 205 1
1819 364 1
1820 378 1
1821 235 0
1822 328 0
1823 502 1
1824 196 0
1825 371 1
1826 231 1
1827 105 1
1828 157 1
1829 431 0
1830 546 1
1831 493 1
1832 13 1
1833 481 1
1834 463 1
1835 542 1
1836 367 1
1837 491 1
1838 66 0
1839 230 1
1840 312 1
1841 47 0
1842 68 1
1843 393 0
1844 295 1
1845 127 1
1846 168 1
1847 67 0
1848 375 1
1849 504 1
1850 283 1
1851 171 1
1852 210 0
1853 287 0
1854 42 1
1855 36 0
1856 113 1
1857 344 0
1858 288 1
1859 512 1
1860 1 0
1861 470 0
1862 253 1
1863 455 1
1864 530 0
1865 461 1
1866 393 1
1867 458 0
1868 184 0
1869 429 1
1870 258 1
1871 26 1
1872 45 1
1873 154 1
1874 102 1
1875 465 0
1876 247 0
1877 377 1
1878 415 1
1879 71 1
1880 178 1
1881 251 1
1882 54 0
1883 169 1
1884 449 1
1885 516 0
1886 5 0
1887 73 1
1888 462 0
1889 488 1
1890 391 0
1891 165 1
1892 328 0
1893 133 0
1894 316 1
1895 129 1
1896 285 1
1897 112 1
1898 31 1
1899 126 1
1900 428 1
1901 130 0
1902 127 1
1903 535 1
1904 431 0
1905 96 1
1906 416 1
1907 402 1
1908 352 1
1909 378 0
1910 288 0
1911 157 1
1912 384 0
1913 409 1
1914 99 1
1915 394 1
1916 120 1
1917 457 1
1918 225 1
1919 334 1
1920 455 0
1921 420 1
1922 189 1
1923 505 1
1924 352 1
1925 152 1
1926 385 0
1927 156 1
1928 127 1
1929 128 0
1930 43 1
1931 250 1
1932 491 0
1933 462 1
1934 191 0
1935 314 1
1936 118 0
1937 459 1
1938 551 1
1939 346 1
1940 287 1
1941 537 1
1942 357 0
1943 385 0
1944 201 1
1945 208 0
1946 532 1
1947 459 1
1948 212 1
1949 179 1
1950 105 1
1951 546 1
1952 222 1
1953 132 1
1954 409 1
1955 115 1
1956 526 1
1957 363 0
1958 340 1
1959 311 1
1960 255 0
1961 334 0
1962 527 1
1963 250 1
1964 153 1
1965 137 1
1966 419 1
1967 83 0
1968 128 0
1969 408 1
1970 191 1
1971 176 0
1972 222 0
1973 543 0
1974 282 0
1975 45 1
1976 316 0
1977 319 1
1978 114 1
1979 22 0
1980 495 1
1981 75 0
1982 341 1
1983 550 1
1984 426 1
1985 452 1
1986 528 0
1987 277 0
1988 161 1
1989 202 1
1990 62 1
1991 530 1
1992 123 1
1993 163 1
1994 412 1
1995 53 1
1996 398 1
1997 312 0
1998 392 0
1999 98 1
2000 260 1
2001 482 0
2002 172 1
2003 480 1
2004 18 1
2005 326 0
2006 478 0
2007 510 1
2008 144 0
2009 387 0
2010 357 0
2011 457 1
2012 118 1
2013 436 1
2014 71 0
2015 375 0
2016 79 1
2017 113 1
2018 55 1
2019 134 0
2020 269 0
2021 154 1
2022 311 1
2023 290 0
2024 280 1
2025 6 0
2026 60 0
2027 386 1
2028 280 1
2029 290 1
2030 351 1
2031 232 0
2032 516 1
2033 230 1
2034 488 0
2035 89 1
2036 375 1
2037 395 1
2038 457 0
2039 136 0
2040 305 1
2041 369 1
2042 208 1
2043 92 1
2044 17 1
2045 284 1
2046 41 1
2047 295 0
2048 411 0
2049 18 0
2050 491 1
2051 43 0
2052 455 1
2053 547 1
2054 66 1
2055 89 0
2056 427 1
2057 285 1
2058 207 0
2059 13 1
2060 257 1
2061 37 1
2062 363 1
2063 301 1
2064 459 1
2065 112 1
2066 479 1
2067 256 0
2068 143 1
2069 286 1
2070 480 1
2071 129 1
2072 382 1
2073 485 1
2074 237 0
2075 259 1
2076 294 1
2077 289 1
2078 230 0
2079 426 0
2080 407 1
2081 27 1
2082 191 1
2083 260 1
2084 28 1
2085 41 0
2086 471 0
2087 410 0
2088 30 1
2089 386 1
2090 337 1
2091 310 0
2092 491 0
2093 230 0
2094 132 1
2095 405 0
2096 137 0
2097 420 1
2098 212 1
2099 160 0
2100 273 1
2101 350 1
2102 425 1
2103 541 1
2104 43 1
2105 324 1
2106 11 1
2107 456 0
2108 176 1
2109 219 0
2110 337 1
2111 397 0
2112 554 1
2113 352 1
2114 544 1
2115 53 0
2116 263 1
2117 1 1
2118 105 1
2119 190 0
2120 463 0
2121 529 1
2122 38 1
2123 475 1
2124 164 1
2125 73 0
2126 208 1
2127 525 1
2128 334 1
2129 523 1
2130 383 1
2131 82 0
2132 476 0
2133 329 0
2134 175 0
2135 227 1
2136 478 0
2137 4 1
2138 182 0
2139 281 1
2140 115 1
2141 396 1
2142 373 1
2143 80 1
2144 237 0
2145 527 0
2146 173 0
2147 262 0
2148 243 0
2149 224 0
2150 53 1
2151 554 1
2152 203 0
2153 94 0
2154 31 1
2155 280 1
2156 278 0
2157 522 0
2158 540 0
2159 353 0
2160 147 1
2161 392 1
2162 485 1
2163 466 0
2164 240 1
2165 140 1
2166 136 1
2167 373 1
2168 247 1
2169 221 1
2170 392 1
2171 477 1
2172 172 0
2173 369 1
2174 491 1
2175 483 1
2176 42 0
2177 455 1
2178 524 0
2179 249 1
2180 103 1
2181 554 1
2182 79 1
2183 24 1
2184 338 1
2185 154 1
2186 348 1
2187 395 0
2188 18 1
2189 174 1
2190 481 0
2191 142 0
2192 527 1
2193 45 0
2194 10 1
2195 151 1
2196 233 0
2197 353 0
2198 21 1
2199 188 1
2200 223 1
2201 135 1
2202 419 0
2203 33 0
2204 289 1
2205 497 1
2206 414 1
2207 236 0
2208 179 1
2209 432 1
2210 124 1
2211 355 0
2212 232 1
2213 219 1
2214 79 1
2215 213 1
2216 195 1
2217 371 1
2218 376 0
2219 46 1
2220 161 0
2221 378 1
2222 125 0
2223 511 0
2224 392 1
2225 43 1
2226 469 0
2227 424 1
2228 101 1
2229 503 0
2230 496 1
2231 33 0
2232 7 1
2233 351 1
2234 358 1
2235 546 1
2236 438 1
2237 37 1
2238 481 0
2239 365 0
2240 434 1
2241 385 1
2242 304 1
2243 44 1
2244 342 1
2245 136 1
2246 206 1
2247 523 0
2248 70 1
2249 93 1
2250 215 1
2251 498 0
2252 455 0
2253 159 0
2254 78 1
2255 197 1
2256 429 0
2257 409 0
2258 333 1
2259 134 1
2260 550 0
2261 508 1
2262 491 1
2263 466 1
2264 346 0
2265 36 0
2266 89 0
2267 208 1
2268 12 0
2269 423 1
2270 388 0
2271 151 0
2272 249 1
2273 43 0
2274 8 0
2275 252 1
2276 551 0
2277 256 1
2278 232 1
2279 42 0
2280 223 0
2281 185 0
2282 110 1
2283 354 1
2284 310 0
2285 264 1
2286 444 1
2287 510 1
2288 525 0
2289 217 0
2290 279 1
2291 536 1
2292 173 1
2293 311 1
2294 456 1
2295 29 1
2296 485 0
2297 489 1
2298 156 0
2299 215 1
2300 112 1
2301 107 1
2302 444 0
2303 191 0
2304 165 1
2305 392 1
2306 376 1
2307 269 1
2308 159 0
2309 0 0
2310 431 0
2311 236 0
2312 347 1
2313 506 0
2314 512 1
2315 467 1
2316 194 0
2317 175 0
2318 185 0
2319 549 1
2320 272 1
2321 344 1
2322 308 0
2323 243 0
2324 187 1
2325 24 1
2326 324 0
2327 26 1
2328 484 0
2329 117 0
2330 247 1
2331 59 0
2332 100 1
2333 74 1
2334 98 1
2335 133 0
2336 507 1
2337 65 1
2338 136 1
2339 225 1
2340 49 1
2341 491 1
2342 8 1
2343 39 0
2344 44 1
2345 482 1
2346 289 1
2347 231 0
2348 273 1
2349 171 1
2350 426 1
2351 290 1
2352 382 1
2353 137 1
2354 161 0
2355 391 1
2356 161 1
2357 132 1
2358 394 0
2359 158 0
2360 431 1
2361 228 0
2362 176 0
2363 51 1
2364 313 1
2365 369 1
2366 76 1
2367 61 0
2368 9 1
2369 526 1
2370 57 1
2371 484 1
2372 239 1
2373 440 0
2374 285 0
2375 66 0
2376 285 0
2377 327 1
2378 302 1
2379 459 1
2380 98 0
2381 298 1
2382 482 1
2383 235 1
2384 106 1
2385 210 1
2386 118 0
2387 486 0
2388 252 1
2389 539 1
2390 520 1
2391 144 0
2392 397 1
2393 261 1
2394 346 0
2395 258 0
2396 491 1
2397 221 0
2398 464 1
2399 458 1
2400 211 0
2401 230 0
2402 304 1
2403 235 0
2404 31 0
2405 539 1
2406 271 0
2407 350 0
2408 148 0
2409 310 0
2410 274 1
2411 488 0
2412 118 1
2413 125 1
2414 159 0
2415 42 0
2416 193 1
2417 197 1
2418 487 1
2419 550 1
2420 150 1
2421 11 1
2422 159 1
2423 83 1
2424 470 1
2425 299 1
2426 459 1
2427 399 1
2428 491 0
2429 50 0
2430 101 0
2431 518 0
2432 470 1
2433 340 0
2434 91 1
2435 365 1
2436 419 1
2437 211 1
2438 286 0
2439 435 1
2440 185 1
2441 390 0
2442 515 0
2443 165 1
2444 359 1
2445 547 1
2446 412 1
2447 303 0
2448 168 1
2449 174 0
2450 528 1
2451 49 0
2452 464 1
2453 519 1
2454 52 1
2455 397 1
2456 75 1
2457 327 1
2458 68 0
2459 487 1
2460 205 1
2461 385 1
2462 539 0
2463 442 1
2464 326 1
2465 13 0
2466 150 1
2467 240 0
2468 375 0
2469 307 1
2470 49 1
2471 109 1
2472 487 0
2473 161 1
2474 478 0
2475 480 0
2476 174 0
2477 295 1
2478 497 1
2479 414 0
2480 295 1
2481 169 1
2482 542 1
2483 2 1
2484 111 1
2485 286 1
2486 511 0
2487 338 1
2488 381 1
2489 548 1
2490 141 1
2491 537 1
2492 281 1
2493 22 1
2494 511 1
2495 41 1
2496 361 1
2497 194 1
2498 116 1
2499 207 1
2500 3 1
2501 493 1
2502 386 0
2503 4 1
2504 272 1
2505 66 1
2506 522 1
2507 330 0
2508 430 1
2509 524 1
2510 234 1
2511 136 0
2512 324 0
2513 441 1
2514 24 1
2515 218 0
2516 84 0
2517 38 0
2518 484 1
2519 180 0
2520 91 1
2521 215 1
2522 399 0
2523 360 1
2524 343 1
2525 159 1
2526 496 0
2527 167 1
2528 174 1
2529 255 0
2530 252 1
2531 225 1
2532 126 1
2533 356 1
2534 410 0
2535 308 0
2536 331 1
2537 58 1
2538 514 1
2539 0 1
2540 296 1
2541 429 1
2542 3 1
2543 0 0
2544 199 1
2545 428 1
2546 226 1
2547 337 0
2548 518 1
2549 408 0
2550 171 1
2551 373 1
2552 234 1
2553 279 1
2554 398 1
2555 548 1
2556 542 0
2557 429 1
2558 516 0
2559 272 1
2560 181 1
2561 161 0
2562 347 1
2563 257 1
2564 133 1
2565 130 0
2566 375 1
2567 407 0
2568 431 0
2569 301 0
2570 463 1
2571 465 1
2572 214 1
2573 545 1
2574 317 1
2575 439 1
2576 459 1
2577 403 0
2578 92 1
2579 60 0
2580 319 1
2581 130 1
2582 190 1
2583 299 1
2584 167 0
2585 444 0
2586 391 0
2587 75 1
2588 295 0
2589 381 0
2590 380 0
2591 105 1
2592 363 1
2593 34 1
2594 163 1
2595 230 0
2596 336 1
2597 172 1
2598 396 0
2599 193 1
2600 13 0
2601 187 0
2602 37 1
2603 4 1
2604 329 1
2605 442 1
2606 148 1
2607 491 1
2608 553 0
2609 517 0
2610 168 0
2611 142 1
2612 50 1
2613 24 1
2614 282 1
2615 3 1
2616 351 1
2617 248 1
2618 506 1
2619 166 1
2620 187 1
2621 538 0
2622 98 1
2623 448 1
2624 549 0
2625 310 1
2626 152 1
2627 164 1
2628 315 1
2629 198 1
2630 458 0
2631 441 1
2632 496 1
2633 141 1
2634 543 1
2635 276 1
2636 465 0
2637 60 1
2638 232 0
2639 208 1
2640 416 1
2641 493 0
2642 17 0
2643 319 0
2644 396 1
2645 427 1
2646 216 1
2647 51 1
2648 553 1
2649 102 1
2650 49 0
2651 266 1
2652 135 0
2653 71 1
2654 331 1
2655 143 1
2656 399 1
2657 309 0
2658 236 1
2659 247 0
2660 36 0
2661 429 0
2662 537 1
2663 514 1
2664 222 0
2665 71 0
2666 543 1
2667 334 1
2668 160 0
2669 543 1
2670 285 1
2671 181 0
2672 265 0
2673 44 1
2674 9 1
2675 128 1
2676 514 0
2677 454 0
2678 83 1
2679 26 1
2680 23 1
2681 125 0
2682 538 0
2683 188 1
2684 361 1
2685 184 1
2686 412 0
2687 326 1
2688 404 0
2689 224 1
2690 158 1
2691 9 1
2692 510 0
2693 111 1
2694 426 0
2695 396 1
2696 391 1
2697 10 1
2698 478 1
2699 67 1
2700 479 1
2701 481 1
2702 165 1
2703 7 1
2704 67 0
2705 481 1
2706 133 1
2707 446 1
2708 450 0
2709 127 0
2710 245 1
2711 268 0
2712 40 0
2713 5 1
2714 26 1
2715 300 0
2716 428 0
2717 390 1
2718 530 0
2719 106 1
2720 177 0
2721 371 0
2722 522 1
2723 451 1
2724 370 1
2725 288 0
2726 96 0
2727 245 0
2728 383 0
2729 152 1
2730 428 1
2731 463 1
2732 228 1
2733 444 1
2734 244 1
2735 350 1
2736 27 1
2737 229 1
2738 533 0
2739 13 0
2740 253 1
2741 460 1
2742 406 1
2743 538 0
2744 454 1
2745 193 0
2746 84 1
2747 125 0
2748 452 1
2749 13 0
2750 62 0
2751 60 1
2752 78 0
2753 136 1
2754 519 0
2755 405 0
2756 502 1
2757 64 1
2758 514 1
2759 137 0
2760 234 1
2761 237 1
2762 483 1
2763 180 1
2764 481 1
2765 71 1
2766 105 1
2767 131 0
2768 22 0
2769 240 1
2770 469 1
2771 256 0
2772 506 1
2773 319 1
2774 471 1
2775 427 1
2776 335 1
2777 70 0
2778 523 1
2779 245 1
2780 495 1
2781 543 1
2782 499 0
2783 280 0
2784 438 1
2785 6 0
2786 213 1
2787 318 1
2788 184 1
2789 178 0
2790 139 0
2791 355 0
2792 211 1
2793 338 1
2794 172 1
2795 178 0
2796 344 0
2797 261 0
2798 337 1
2799 360 0
2800 56 1
2801 70 1
2802 229 1
2803 537 1
2804 19 1
2805 11 0
2806 262 0
2807 181 1
2808 340 1
2809 202 1
2810 548 1
2811 121 1
2812 44 1
2813 228 1
2814 472 1
2815 99 0
2816 503 0
2817 347 0
2818 55 0
2819 36 1
2820 542 0
2821 337 0
2822 14 1
2823 272 1
2824 484 1
2825 363 1
2826 352 1
2827 312 1
2828 415 1
2829 274 1
2830 70 1
2831 410 1
2832 544 0
2833 248 1
2834 30 0
2835 223 1
2836 435 0
2837 319 0
2838 22 1
2839 300 0
2840 511 1
2841 428 0
2842 89 1
2843 201 1
2844 275 1
2845 385 1
2846 347 1
2847 468 1
2848 444 1
2849 536 0
2850 497 1
2851 543 1
2852 263 1
2853 323 1
2854 397 1
2855 288 0
2856 228 1
2857 211 1
2858 451 1
2859 318 1
2860 437 1
2861 67 0
2862 442 1
2863 114 0
2864 194 1
2865 302 0
2866 353 0
2867 11 1
2868 147 0
2869 450 1
2870 455 1
2871 447 0
2872 448 0
2873 498 0
2874 64 1
2875 66 1
2876 514 1
2877 228 1
2878 217 1
2879 229 1
2880 543 1
2881 548 0
2882 371 1
2883 506 0
2884 442 1
2885 5 1
2886 81 1
2887 20 1
2888 52 1
2889 371 0
2890 328 0
2891 115 1
2892 119 1
2893 134 1
2894 288 1
2895 245 1
2896 444 1
2897 62 1
2898 346 1
2899 224 0
2900 518 1
2901 73 1
2902 178 0
2903 122 0
2904 108 1
2905 450 1
2906 428 1
2907 274 0
2908 511 0
2909 434 1
2910 321 1
2911 520 0
2912 415 1
2913 471 0
2914 144 1
2915 544 1
2916 473 0
2917 255 0
2918 208 0
2919 430 1
2920 368 1
2921 355 1
2922 493 1
2923 339 0
2924 534 1
2925 190 1
2926 342 1
2927 512 1
2928 286 1
2929 513 1
2930 118 1
2931 86 1
2932 62 0
2933 185 1
2934 215 1
2935 189 0
2936 542 0
2937 323 1
2938 115 1
2939 426 0
2940 377 0
2941 447 0
2942 268 0
2943 471 1
2944 382 0
2945 30 1
2946 480 1
2947 33 0
2948 6 0
2949 415 1
2950 435 1
2951 303 0
2952 90 1
2953 400 0
2954 230 1
2955 351 1
2956 333 0
2957 268 1
2958 197 0
2959 202 1
2960 162 0
2961 21 1
2962 401 0
2963 180 0
2964 377 1
2965 178 0
2966 141 1
2967 177 1
2968 101 1
2969 540 0
2970 345 1
2971 487 1
2972 129 0
2973 274 1
2974 437 1
2975 403 1
2976 205 0
2977 237 1
2978 532 0
2979 60 1
2980 6 1
2981 161 1
2982 217 0
2983 430 1
2984 464 1
2985 199 1
2986 300 1
2987 430 0
2988 384 1
2989 254 1
2990 174 1
2991 416 0
2992 527 1
2993 535 0
2994 64 0
2995 460 0
2996 330 0
2997 269 0
2998 508 1
2999 415 1
3000 108 1
3001 168 0
3002 190 1
3003 335 0
3004 296 0
3005 391 0
3006 137 1
3007 295 1
3008 402 0
3009 215 1
3010 367 1
3011 33 0
3012 238 0
3013 187 1
3014 550 1
3015 157 0
3016 158 0
3017 8 1
3018 421 1
3019 472 1
3020 430 0
3021 78 1
3022 57 0
3023 226 1
3024 197 1
3025 474 1
3026 6 0
3027 255 0
3028 358 1
3029 539 1
3030 38 1
3031 5 0
3032 466 1
3033 94 0
3034 462 1
3035 547 0
3036 372 1
3037 402 0
3038 44 1
3039 386 0
3040 514 1
3041 354 1
3042 362 0
3043 313 0
3044 549 0
3045 68 1
3046 438 0
3047 281 0
3048 191 1
3049 231 1
3050 386 0
3051 488 1
3052 397 1
3053 130 1
3054 408 1
3055 231 1
3056 318 1
3057 436 0
3058 136 0
3059 343 1
3060 543 0
3061 215 1
3062 536 1
3063 324 1
3064 368 0
3065 271 0
3066 327 1
3067 507 1
3068 36 1
3069 159 0
3070 95 1
3071 360 1
3072 420 1
3073 539 1
3074 539 0
3075 236 1
3076 235 1
3077 450 1
3078 444 1
3079 441 1
3080 272 1
3081 6 1
3082 466 0
3083 318 1
3084 92 1
3085 496 1
3086 365 1
3087 45 1
3088 92 1
3089 337 0
3090 460 0
3091 101 0
3092 522 1
3093 461 0
3094 321 1
3095 218 1
3096 54 0
3097 187 1
3098 234 1
3099 521 1
3100 481 1
3101 513 1
3102 313 1
3103 71 0
3104 137 1
3105 535 1
3106 479 0
3107 287 0
3108 182 1
3109 354 1
3110 37 0
3111 91 0
3112 293 0
3113 162 1
3114 281 1
3115 350 0
3116 139 1
3117 551 1
3118 364 1
3119 304 0
3120 528 1
3121 40 1
3122 469 1
3123 395 1
3124 17 0
3125 149 1
3126 264 0
3127 251 1
3128 16 0
3129 79 1
3130 90 1
3131 2 1
3132 235 1
3133 127 0
3134 169 0
3135 42 1
3136 264 0
3137 91 0
3138 514 1
3139 380 1
3140 178 0
3141 135 0
3142 319 1
3143 496 1
3144 348 1
3145 129 0
3146 502 1
3147 165 0
3148 181 0
3149 226 1
3150 273 1
3151 545 1
3152 506 1
3153 265 0
3154 65 1
3155 546 0
3156 117 1
3157 182 0
3158 62 1
3159 268 0
3160 196 1
3161 398 1
3162 529 0
3163 325 0
3164 352 1
3165 107 0
3166 420 0
3167 105 0
3168 232 1
3169 386 1
3170 461 1
3171 90 1
3172 1 0
3173 8 1
3174 396 0
3175 22 1
3176 170 0
3177 285 1
3178 428 1
3179 456 0
3180 208 1
3181 296 0
3182 106 0
3183 550 1
3184 269 1
3185 237 1
3186 204 1
3187 302 1
3188 44 1
3189 320 1
3190 135 1
3191 80 1
3192 260 1
3193 502 1
3194 473 1
3195 411 1
3196 411 0
3197 305 1
3198 103 0
3199 457 1
3200 126 1
3201 96 0
3202 518 1
3203 84 1
3204 257 0
3205 553 1
3206 296 1
3207 143 0
3208 495 0
3209 238 0
3210 493 1
3211 90 0
3212 352 1
3213 416 1
3214 192 1
3215 377 1
3216 510 1
3217 198 1
3218 369 1
3219 534 1
3220 184 0
3221 464 0
3222 159 1
3223 30 0
3224 194 0
3225 10 1
3226 415 0
3227 30 0
3228 547 1
3229 217 1
3230 315 1
3231 52 0
3232 9 1
3233 293 1
3234 29 1
3235 502 1
3236 353 1
3237 242 1
3238 12 1
3239 109 1
3240 541 1
3241 442 0
3242 324 1
3243 111 1
3244 468 1
3245 50 1
3246 419 1
3247 48 0
3248 404 1
3249 304 1
3250 111 1
3251 196 1
3252 159 1
3253 526 1
3254 208 1
3255 429 0
3256 251 1
3257 144 1
3258 285 0
3259 389 1
3260 80 1
3261 531 1
3262 38 1
3263 425 0
3264 366 1
3265 372 0
3266 477 1
3267 490 0
3268 504 0
3269 356 1
3270 38 0
3271 403 1
3272 95 1
3273 362 1
3274 300 1
3275 128 1
3276 132 1
3277 377 0
3278 181 0
3279 109 1
3280 473 0
3281 70 1
3282 547 1
3283 25 0
3284 16 1
3285 150 1
3286 160 0
3287 397 0
3288 43 1
3289 184 1
3290 401 1
3291 272 1
3292 522 1
3293 201 0
3294 445 1
3295 245 1
3296 289 1
3297 255 1
3298 425 1
3299 275 1
3300 210 1
3301 549 1
3302 476 1
3303 174 1
3304 40 0
3305 463 1
3306 221 1
3307 524 0
3308 379 1
3309 388 0
3310 480 1
3311 130 0
3312 498 1
3313 497 1
3314 215 1
3315 307 1
3316 192 1
3317 345 1
3318 189 0
3319 182 1
3320 376 1
3321 272 0
3322 376 0
3323 282 1
3324 411 1
3325 470 0
3326 298 1
3327 552 0
3328 484 1
3329 158 1
3330 312 0
3331 67 1
3332 316 1
3333 116 1
3334 430 0
3335 337 1
3336 493 1
3337 345 0
3338 296 1
3339 12 0
3340 187 0
3341 541 1
3342 25 1
3343 275 0
3344 78 0
3345 203 1
3346 449 1
3347 341 1
3348 180 1
3349 317 1
3350 304 0
3351 410 0
3352 154 1
3353 54 1
3354 272 1
3355 99 0
3356 46 1
3357 546 0
3358 173 0
3359 130 1
3360 250 1
3361 88 1
3362 100 0
3363 458 1
3364 435 1
3365 440 1
3366 372 0
3367 479 1
3368 548 1
3369 525 1
3370 97 1
3371 275 0
3372 260 1
3373 319 1
3374 30 1
3375 182 1
3376 227 1
3377 476 1
3378 248 1
3379 105 1
3380 98 0
3381 313 0
3382 391 1
3383 494 1
3384 268 1
3385 147 1
3386 31 1
3387 58 1
3388 238 1
3389 222 1
3390 323 1
3391 46 1
3392 172 0
3393 427 0
3394 451 1
3395 549 0
3396 72 1
3397 517 1
3398 93 1
3399 345 1
3400 469 1
3401 277 1
3402 464 1
3403 289 1
3404 262 0
3405 467 1
3406 413 0
3407 130 0
3408 30 0
3409 450 0
3410 31 1
3411 528 1
3412 300 0
3413 116 1
3414 495 1
3415 305 1
3416 503 1
3417 407 0
3418 518 1
3419 108 0
3420 150 1
3421 360 0
3422 83 0
3423 90 1
3424 544 0
3425 91 0
3426 534 0
3427 280 0
3428 51 1
3429 171 1
3430 407 0
3431 453 1
3432 52 1
3433 316 1
3434 551 0
3435 293 1
3436 497 0
3437 207 0
3438 137 0
3439 190 1
3440 388 0
3441 302 1
3442 398 1
3443 144 0
3444 477 1
3445 545 1
3446 340 1
3447 182 1
3448 297 1
3449 512 1
3450 420 1
3451 493 1
3452 452 1
3453 439 1
3454 547 0
3455 264 0
3456 407 1
3457 245 0
3458 91 1
3459 249 1
3460 254 0
3461 447 1
3462 179 0
3463 536 0
3464 121 1
3465 267 1
3466 292 0
3467 452 1
3468 455 1
3469 379 1
3470 514 1
3471 325 0
3472 151 1
3473 166 0
3474 456 1
3475 412 1
3476 151 0
3477 247 1
3478 534 1
3479 356 1
3480 270 0
3481 191 0
3482 378 0
3483 300 0
3484 529 1
3485 222 0
3486 264 1
3487 353 0
3488 111 1
3489 259 0
3490 484 0
3491 168 0
3492 525 0
3493 515 1
3494 192 1
3495 103 1
3496 540 1
3497 521 1
3498 487 1
3499 190 1
3500 494 1
3501 396 1
3502 509 1
3503 220 1
3504 314 0
3505 131 1
3506 93 1
3507 428 1
3508 264 0
3509 66 1
3510 253 1
3511 416 0
3512 515 1
3513 99 1
3514 198 1
3515 407 1
3516 251 0
3517 445 1
3518 43 1
3519 324 0
3520 86 1
3521 98 1
3522 251 0
3523 296 0
3524 411 1
3525 469 1
3526 28 0
3527 451 1
3528 209 0
3529 540 0
3530 389 1
3531 42 1
3532 241 0
3533 291 1
3534 94 1
3535 139 0
3536 12 0
3537 412 1
3538 312 1
3539 224 1
3540 64 1
3541 433 0
3542 520 0
3543 185 1
3544 377 0
3545 27 0
3546 112 1
3547 348 0
3548 53 1
3549 135 0
3550 249 1
3551 432 1
3552 60 1
3553 526 1
3554 547 1
3555 89 1
3556 438 0
3557 201 1
3558 296 1
3559 75 1
3560 53 0
3561 433 0
3562 224 0
3563 16 1
3564 416 1
3565 26 0
3566 477 0
3567 372 1
3568 245 1
3569 354 1
3570 88 1
3571 345 1
3572 410 1
3573 426 1
3574 377 1
3575 374 1
3576 102 1
3577 93 1
3578 28 1
3579 205 0
3580 312 1
3581 0 1
3582 187 1
3583 216 1
3584 265 1
3585 166 0
3586 7 1
3587 376 1
3588 0 1
3589 118 1
3590 246 1
3591 306 1
3592 293 1
3593 224 1
3594 58 1
3595 263 1
3596 158 1
3597 50 1
3598 133 1
3599 275 1
3600 334 1
3601 248 1
3602 451 1
3603 308 0
3604 420 1
3605 326 1
3606 415 0
3607 9 0
3608 78 1
3609 24 1
3610 212 0
3611 3 1
3612 48 1
3613 265 0
3614 372 0
3615 76 1
3616 480 1
3617 41 1
3618 445 1
3619 376 1
3620 220 1
3621 527 1
3622 381 0
3623 390 1
3624 319 1
3625 92 1
3626 199 0
3627 450 0
3628 149 1
3629 481 0
3630 199 0
3631 221 0
3632 431 0
3633 101 1
3634 109 1
3635 182 1
3636 174 1
3637 11 0
3638 187 0
3639 9 1
3640 313 0
3641 31 0
3642 198 0
3643 309 1
3644 140 1
3645 470 1
3646 395 1
3647 64 0
3648 451 1
3649 142 1
3650 191 0
3651 440 1
3652 27 1
3653 471 1
3654 350 1
3655 270 1
3656 79 0
3657 169 1
3658 281 1
3659 226 1
3660 316 1
3661 309 0
3662 329 0
3663 479 1
3664 35 1
3665 284 0
3666 443 1
3667 141 0
3668 117 1
3669 183 0
3670 87 1
3671 72 1
3672 252 1
3673 548 1
3674 270 1
3675 399 1
3676 412 0
3677 239 1
3678 23 1
3679 464 0
3680 282 0
3681 389 1
3682 466 0
3683 139 0
3684 137 0
3685 496 1
3686 272 1
3687 494 0
3688 360 0
3689 0 1
3690 203 0
3691 158 1
3692 102 0
3693 351 1
3694 57 0
3695 288 1
3696 3 1
3697 8 0
3698 254 1
3699 550 0
3700 521 1
3701 164 1
3702 55 1
3703 312 0
3704 88 1
3705 542 1
3706 262 1
3707 456 0
3708 39 1
3709 39 1
3710 61 0
3711 436 1
3712 554 0
3713 31 1
3714 36 1
3715 141 0
3716 119 0
3717 397 1
3718 461 0
3719 86 1
3720 16 1
3721 337 0
3722 270 1
3723 88 1
3724 39 1
3725 406 0
3726 507 0
3727 217 1
3728 229 0
3729 309 1
3730 431 1
3731 372 1
3732 305 1
3733 170 1
3734 472 1
3735 257 1
3736 434 1
3737 212 0
3738 382 0
3739 511 1
3740 532 1
3741 523 1
3742 146 1
3743 540 1
3744 538 1
3745 190 1
3746 295 1
3747 409 0
3748 325 0
3749 309 0
3750 437 1
3751 176 0
3752 103 1
3753 517 1
3754 186 1
3755 405 1
3756 280 0
3757 145 1
3758 107 1
3759 351 0
3760 529 0
3761 53 1
3762 45 1
3763 367 1
3764 36 1
3765 58 0
3766 184 1
3767 286 1
3768 120 1
3769 271 1
3770 167 1
3771 19 0
3772 43 1
3773 476 1
3774 399 0
3775 345 1
3776 311 1
3777 140 1
3778 358 1
3779 224 0
3780 125 1
3781 417 1
3782 65 1
3783 146 0
3784 450 1
3785 42 1
3786 87 0
3787 59 0
3788 330 0
3789 333 1
3790 305 0
3791 44 0
3792 18 0
3793 417 1
3794 240 1
3795 321 0
3796 472 1
3797 276 0
3798 384 1
3799 221 1
3800 337 1
3801 446 1
3802 376 1
3803 52 1
3804 538 0
3805 377 1
3806 5 1
3807 349 1
3808 207 0
3809 504 1
3810 402 1
3811 362 1
3812 454 1
3813 354 0
3814 3 1
3815 112 0
3816 335 1
3817 261 0
3818 5 0
3819 360 1
3820 247 1
3821 328 1
3822 206 1
3823 380 0
3824 438 1
3825 358 1
3826 45 1
3827 153 0
3828 301 1
3829 383 1
3830 25 1
3831 141 1
3832 550 1
3833 15 1
3834 265 0
3835 41 1
3836 107 1
3837 314 1
3838 492 1
3839 224 0
3840 521 1
3841 209 0
3842 245 0
3843 59 1
3844 368 1
3845 348 1
3846 435 1
3847 199 1
3848 442 1
3849 431 1
3850 87 0
3851 162 1
3852 340 1
3853 57 1
3854 113 1
3855 202 1
3856 360 0
3857 194 1
3858 271 0
3859 147 1
3860 193 0
3861 478 1
3862 534 0
3863 0 0
3864 441 1
3865 71 1
3866 454 1
3867 271 1
3868 259 1
3869 13 1
3870 158 1
3871 504 1
3872 124 0
3873 119 1
3874 449 1
3875 480 1
3876 310 0
3877 264 1
3878 74 1
3879 156 1
3880 246 1
3881 540 1
3882 513 1
3883 436 1
3884 134 1
3885 87 1
3886 162 1
3887 361 0
3888 285 1
3889 178 1
3890 295 1
3891 423 0
3892 55 0
3893 392 0
3894 501 0
3895 142 0
3896 325 1
3897 441 0
3898 437 1
3899 50 1
3900 321 0
3901 413 1
3902 278 1
3903 318 1
3904 196 0
3905 344 1
3906 149 1
3907 143 1
3908 448 1
3909 386 1
3910 78 1
3911 136 1
3912 154 1
3913 236 0
3914 449 0
3915 208 1
3916 528 1
3917 247 0
3918 338 1
3919 416 0
3920 56 0
3921 20 1
3922 469 1
3923 461 0
3924 196 1
3925 254 1
3926 319 1
3927 227 1
3928 466 1
3929 110 1
3930 299 1
3931 73 1
3932 385 1
3933 21 1
3934 435 0
3935 201 1
3936 139 1
3937 245 1
3938 489 0
3939 519 0
3940 548 0
3941 508 1
3942 159 1
3943 334 0
3944 142 0
3945 482 1
3946 208 1
3947 211 0
3948 425 0
3949 259 1
3950 218 1
3951 345 1
3952 231 1
3953 514 0
3954 238 1
3955 399 1
3956 246 1
3957 41 1
3958 30 1
3959 24 1
3960 317 1
3961 163 1
3962 56 1
3963 61 1
3964 155 1
3965 335 1
3966 330 1
3967 227 0
3968 212 0
3969 275 1
3970 161 1
3971 232 0
3972 20 1
3973 362 1
3974 198 0
3975 275 1
3976 391 1
3977 538 1
3978 361 1
3979 426 0
3980 469 1
3981 334 1
3982 384 1
3983 354 0
3984 244 0
3985 93 0
3986 245 1
3987 363 1
3988 148 1
3989 368 1
3990 54 1
3991 307 0
3992 76 1
3993 338 1
3994 439 1
3995 399 1
3996 467 1
3997 42 1
3998 289 1
3999 494 1
4000 522 0
4001 541 0
4002 410 1
4003 27 1
4004 68 0
4005 349 1
4006 33 0
4007 13 0
4008 549 0
4009 97 1
4010 109 1
4011 232 1
4012 276 0
4013 474 1
4014 220 0
4015 94 1
4016 446 1
4017 1 0
4018 481 1
4019 356 0
4020 527 1
4021 117 1
4022 356 0
4023 220 0
4024 31 1
4025 281 1
4026 362 1
4027 319 1
4028 336 0
4029 147 1
4030 97 0
4031 293 1
4032 321 1
4033 341 1
4034 374 1
4035 293 1
4036 396 1
4037 404 1
4038 91 1
4039 97 0
4040 542 0
4041 367 1
4042 388 1
4043 538 0
4044 370 0
4045 223 0
4046 423 1
4047 4 1
4048 255 1
4049 540 1
4050 36 0
4051 473 1
4052 186 1
4053 179 1
4054 548 1
4055 452 1
4056 152 0
4057 434 1
4058 448 1
4059 208 1
4060 44 1
4061 279 1
4062 393 1
4063 257 1
4064 125 0
4065 272 1
4066 521 0
4067 90 1
4068 113 1
4069 482 1
4070 44 0
4071 191 1
4072 140 1
4073 234 0
4074 540 0
4075 400 1
4076 319 0
4077 98 0
4078 407 1
4079 406 1
4080 43 0
4081 190 0
4082 417 0
4083 265 1
4084 48 0
4085 186 1
4086 120 0
4087 288 1
4088 500 1
4089 398 1
4090 462 1
4091 63 1
4092 472 1
4093 487 0
4094 14 1
4095 406 1
4096 514 0
4097 170 0
4098 375 1
4099 457 1
4100 177 1
4101 515 0
4102 15 1
4103 107 1
4104 320 0
4105 549 0
4106 299 1
4107 506 0
4108 323 1
4109 38 1
4110 275 1
4111 446 1
4112 539 1
4113 160 0
4114 45 1
4115 279 0
4116 255 1
4117 69 1
4118 36 1
4119 334 0
4120 179 1
4121 82 1
4122 489 1
4123 192 0
4124 524 1
4125 91 1
4126 172 1
4127 28 1
4128 95 0
4129 12 1
4130 355 0
4131 415 1
4132 27 0
4133 429 1
4134 106 0
4135 473 1
4136 33 1
4137 313 0
4138 137 0
4139 277 0
4140 284 0
4141 455 1
4142 351 1
4143 162 1
4144 221 1
4145 84 0
4146 518 0
4147 180 1
4148 481 1
4149 107 0
4150 366 0
4151 422 0
4152 129 1
4153 470 1
4154 234 1
4155 477 1
4156 58 0
4157 524 1
4158 410 1
4159 456 0
4160 359 0
4161 201 1
4162 538 1
4163 313 1
4164 36 1
4165 549 1
4166 549 1
4167 402 1
4168 145 0
4169 442 1
4170 59 1
4171 446 1
4172 291 0
4173 75 1
4174 45 1
4175 327 1
4176 15 1
4177 171 0
4178 511 0
4179 514 1
4180 506 0
4181 499 0
4182 525 1
4183 121 1
4184 162 0
4185 43 0
4186 477 1
4187 391 1
4188 403 1
4189 464 1
4190 547 1
4191 297 1
4192 315 0
4193 109 1
4194 554 1
4195 368 0
4196 126 1
4197 452 1
4198 209 0
4199 264 0
4200 131 1
4201 89 1
4202 243 0
4203 318 1
4204 496 0
4205 36 1
4206 14 1
4207 548 1
4208 402 1
4209 149 0
4210 275 1
4211 405 0
4212 432 1
4213 551 1
4214 424 0
4215 509 1
4216 65 0
4217 105 0
4218 21 1
4219 503 1
4220 201 1
4221 502 1
4222 421 1
4223 41 1
4224 147 1
4225 168 1
4226 257 1
4227 269 0
4228 372 0
4229 220 1
4230 23 1
4231 346 1
4232 270 0
4233 501 1
4234 424 1
4235 305 1
4236 486 0
4237 337 1
4238 297 1
4239 118 1
4240 118 1
4241 311 1
4242 304 1
4243 7 0
4244 395 0
4245 519 1
4246 506 1
4247 56 1
4248 258 1
4249 9 0
4250 503 0
4251 302 1
4252 115 1
4253 232 0
4254 12 1
4255 353 1
4256 82 0
4257 3 0
4258 240 1
4259 109 0
4260 289 0
4261 100 0
4262 435 1
4263 10 1
4264 210 1
4265 370 0
4266 437 1
4267 90 0
4268 307 0
4269 462 1
4270 169 1
4271 554 1
4272 475 1
4273 239 0
4274 64 0
4275 344 1
4276 473 1
4277 143 1
4278 97 1
4279 543 0
4280 225 1
4281 15 1
4282 26 0
4283 209 0
4284 479 1
4285 253 0
4286 482 0
4287 449 1
4288 306 1
4289 59 0
4290 481 1
4291 221 1
4292 345 1
4293 249 1
4294 14 1
4295 299 1
4296 145 1
4297 399 1
4298 523 1
4299 105 0
4300 222 1
4301 37 1
4302 108 1
4303 48 1
4304 64 1
4305 230 0
4306 60 0
4307 493 1
4308 312 1
4309 396 1
4310 529 1
4311 63 0
4312 3 0
4313 395 1
4314 13 1
4315 470 1
4316 356 1
4317 489 1
4318 491 1
4319 325 0
4320 194 0
4321 95 0
4322 1 1
4323 156 0
4324 273 1
4325 189 1
4326 190 1
4327 419 1
4328 212 1
4329 217 1
4330 308 1
4331 10 0
4332 137 0
4333 20 1
4334 533 0
4335 127 1
4336 449 1
4337 478 1
4338 308 1
4339 313 0
4340 181 0
4341 326 1
4342 200 1
4343 61 1
4344 50 1
4345 187 1
4346 463 1
4347 469 1
4348 193 0
4349 119 1
4350 383 0
4351 396 1
4352 521 1
4353 277 1
4354 503 1
4355 353 0
4356 537 0
4357 552 0
4358 471 1
4359 145 0
4360 441 1
4361 326 1
4362 530 1
4363 395 1
4364 278 1
4365 392 0
4366 310 0
4367 435 1
4368 155 1
4369 550 1
4370 244 0
4371 337 1
4372 23 1
4373 514 1
4374 497 1
4375 461 0
4376 488 1
4377 230 1
4378 21 1
4379 181 0
4380 186 1
4381 457 0
4382 356 1
4383 217 1
4384 44 0
4385 164 1
4386 162 1
4387 65 1
4388 332 1
4389 177 0
4390 180 1
4391 208 0
4392 420 0
4393 126 1
4394 110 1
4395 238 1
4396 429 1
4397 237 0
4398 27 1
4399 291 1
4400 267 0
4401 465 1
4402 453 1
4403 112 1
4404 51 1
4405 55 1
4406 425 1
4407 448 1
4408 250 1
4409 228 0
4410 482 1
4411 153 1
4412 104 1
4413 137 1
4414 445 0
4415 255 1
4416 433 0
4417 85 0
4418 192 1
4419 111 1
4420 539 1
4421 23 1
4422 533 1
4423 248 1
4424 92 1
4425 138 1
4426 388 0
4427 429 1
4428 231 1
4429 68 0
4430 543 0
4431 332 1
4432 541 1
4433 302 1
4434 163 1
4435 474 1
4436 77 1
4437 157 1
4438 519 0
4439 388 1
4440 327 0
4441 180 1
4442 316 0
4443 149 0
4444 169 1
4445 166 1
4446 90 0
4447 76 1
4448 464 0
4449 308 1
4450 289 0
4451 324 1
4452 326 1
4453 473 1
4454 384 1
4455 451 1
4456 331 0
4457 368 0
4458 183 0
4459 188 1
4460 232 1
4461 7 1
4462 350 1
4463 399 0
4464 11 1
4465 437 1
4466 536 1
4467 163 1
4468 237 1
4469 95 0
4470 493 0
4471 275 1
4472 119 1
4473 517 0
4474 51 1
4475 100 0
4476 2 1
4477 51 0
4478 295 1
4479 162 1
4480 204 1
4481 104 0
4482 354 1
4483 492 1
4484 454 0
4485 156 0
4486 75 1
4487 210 1
4488 17 1
4489 549 0
4490 374 0
4491 404 0
4492 306 1
4493 227 1
4494 455 0
4495 405 1
4496 485 0
4497 341 1
4498 275 1
4499 425 1
4500 363 0
4501 63 0
4502 7 1
4503 182 1
4504 549 0
4505 197 1
4506 375 1
4507 190 0
4508 51 0
4509 225 1
4510 303 0
4511 159 0
4512 82 1
4513 67 1
4514 276 1
4515 28 1
4516 16 0
4517 71 0
4518 520 0
4519 99 1
4520 535 1
4521 380 1
4522 396 1
4523 534 0
4524 485 1
4525 503 1
4526 383 1
4527 16 0
4528 53 1
4529 320 0
4530 20 1
4531 517 1
4532 41 0
4533 163 0
4534 391 0
4535 70 1
4536 57 1
4537 276 1
4538 518 1
4539 397 1
4540 511 1
4541 230 1
4542 505 1
4543 302 1
4544 433 0
4545 436 0
4546 18 1
4547 39 1
4548 535 0
4549 118 1
4550 518 1
4551 344 1
4552 136 0
4553 525 0
4554 320 0
4555 96 1
4556 210 1
4557 165 1
4558 122 1
4559 267 1
4560 32 0
4561 507 0
4562 43 0
4563 162 1
4564 246 0
4565 551 1
4566 18 1
4567 281 1
4568 406 1
4569 358 1
4570 116 1
4571 552 1
4572 279 1
4573 35 1
4574 127 1
4575 402 1
4576 502 1
4577 314 1
4578 398 0
4579 117 1
4580 357 0
4581 299 0
4582 507 1
4583 80 0
4584 329 1
4585 79 1
4586 338 1
4587 372 0
4588 343 0
4589 516 1
4590 258 1
4591 179 1
4592 215 1
4593 299 1
4594 15 0
4595 199 1
4596 27 1
4597 245 1
4598 21 1
4599 390 1
4600 261 1
4601 344 1
4602 43 0
4603 211 1
4604 117 1
4605 406 0
4606 32 1
4607 77 0
4608 72 1
4609 357 1
4610 289 0
4611 9 0
4612 49 1
4613 348 1
4614 77 0
4615 524 1
4616 202 1
4617 486 1
4618 23 1
4619 181 0
4620 366 0
4621 12 0
4622 115 1
4623 143 0
4624 517 1
4625 379 1
4626 0 1
4627 66 1
4628 140 0
4629 172 1
4630 199 1
4631 104 1
4632 4 1
4633 195 0
4634 230 0
4635 220 1
4636 410 0
4637 492 1
4638 374 0
4639 262 0
4640 79 1
4641 137 0
4642 24 0
4643 232 1
4644 167 1
4645 537 1
4646 95 1
4647 316 0
4648 226 0
4649 178 1
4650 333 1
4651 46 1
4652 76 1
4653 315 1
4654 117 1
4655 335 0
4656 213 1
4657 431 1
4658 173 1
4659 3 0
4660 62 1
4661 255 1
4662 124 1
4663 360 0
4664 25 1
4665 355 0
4666 434 1
4667 96 1
4668 386 0
4669 6 1
4670 485 0
4671 248 1
4672 311 1
4673 538 0
4674 336 1
4675 374 0
4676 76 1
4677 104 0
4678 143 1
4679 100 1
4680 49 1
4681 76 1
4682 303 1
4683 542 1
4684 132 1
4685 238 0
4686 386 0
4687 310 1
4688 159 1
4689 125 1
4690 436 1
4691 391 1
4692 71 1
4693 210 1
4694 6 1
4695 487 1
4696 264 0
4697 35 0
4698 284 0
4699 250 0
4700 67 1
4701 531 1
4702 523 1
4703 145 1
4704 181 0
4705 67 1
4706 319 0
4707 71 1
4708 0 1
4709 154 1
4710 90 0
4711 61 0
4712 199 1
4713 470 0
4714 170 1
4715 397 1
4716 202 1
4717 239 1
4718 209 0
4719 297 1
4720 204 1
4721 452 1
4722 372 1
4723 411 0
4724 354 1
4725 430 0
4726 201 1
4727 347 1
4728 84 1
4729 382 1
4730 479 1
4731 543 1
4732 43 0
4733 348 1
4734 161 1
4735 139 0
4736 507 1
4737 386 0
4738 108 1
4739 245 1
4740 357 1
4741 404 0
4742 56 0
4743 456 1
4744 8 0
4745 446 1
4746 508 1
4747 111 1
4748 158 0
4749 352 1
4750 47 1
4751 235 1
4752 76 1
