7087
1 34 1
2 331 0
3 263 1
4 66 0
5 161 0
6 83 0
7 17 1
8 428 0
9 270 1
10 102 0
11 236 1
12 103 1
13 308 1
14 393 0
15 133 0
16 328 0
17 280 1
18 431 1
19 306 0
20 130 0
21 121 0
22 37 1
23 409 1
24 418 0
25 114 1
26 68 0
27 274 1
28 131 1
29 298 1
30 271 0
31 179 1
32 141 0
33 411 0
34 121 0
35 221 1
36 371 1
37 75 1
38 91 1
39 26 0
40 316 0
41 216 1
42 102 1
43 132 0
44 191 1
45 333 1
46 404 0
47 180 0
48 124 0
49 270 1
50 3 1
51 142 0
52 444 1
53 359 1
54 312 0
55 230 1
56 170 1
57 130 1
58 55 1
59 115 1
60 235 1
61 319 0
62 113 1
63 337 0
64 243 1
65 127 1
66 284 1
67 231 1
68 63 1
69 415 1
70 128 1
71 121 1
72 211 1
73 181 1
74 90 1
75 89 1
76 321 1
77 151 1
78 59 0
79 315 0
80 247 1
81 126 1
82 288 0
83 412 1
84 100 1
85 336 1
86 168 1
87 102 0
88 319 1
89 221 1
90 156 1
91 345 1
92 328 0
93 97 0
94 103 1
95 233 1
96 397 1
97 35 1
98 326 1
99 155 1
100 393 1
101 230 0
102 67 0
103 58 1
104 226 1
105 406 1
106 200 1
107 45 1
108 366 0
109 35 0
110 97 0
111 431 1
112 237 0
113 332 0
114 65 0
115 142 0
116 132 0
117 138 1
118 349 1
119 196 1
120 87 0
121 110 0
122 13 1
123 392 1
124 332 1
125 426 1
126 271 1
127 76 1
128 17 0
129 258 1
130 48 0
131 117 1
132 382 1
133 448 1
134 63 1
135 426 1
136 364 1
137 13 0
138 268 1
139 333 1
140 409 0
141 148 1
142 310 1
143 341 1
144 175 1
145 444 0
146 117 1
147 438 0
148 427 0
149 350 1
150 190 0
151 250 1
152 396 0
153 49 1
154 280 1
155 384 1
156 260 1
157 30 0
158 299 0
159 50 1
160 89 0
161 307 0
162 208 1
163 317 1
164 325 1
165 278 1
166 69 0
167 187 0
168 436 0
169 282 1
170 230 1
171 66 1
172 317 0
173 213 0
174 44 1
175 242 1
176 334 0
177 375 0
178 23 0
179 296 1
180 19 1
181 440 0
182 288 0
183 163 1
184 16 1
185 101 1
186 264 1
187 347 1
188 264 0
189 349 0
190 366 1
191 18 1
192 293 1
193 361 1
194 237 1
195 240 1
196 383 1
197 378 1
198 2 1
199 57 0
200 106 0
201 299 1
202 360 1
203 70 1
204 290 1
205 84 1
206 129 1
207 52 0
208 72 1
209 348 1
210 223 1
211 142 0
212 387 0
213 396 0
214 147 1
215 441 0
216 222 1
217 199 1
218 46 1
219 358 1
220 265 1
221 146 1
222 121 1
223 426 1
224 221 1
225 114 1
226 22 1
227 169 1
228 319 1
229 340 0
230 171 0
231 329 1
232 182 1
233 161 0
234 408 1
235 142 0
236 79 1
237 219 1
238 96 1
239 5 1
240 79 1
241 338 0
242 375 0
243 87 0
244 224 1
245 313 1
246 328 1
247 398 1
248 358 0
249 315 0
250 196 1
251 134 1
252 355 1
253 53 1
254 151 1
255 345 0
256 177 1
257 366 1
258 342 0
259 399 1
260 0 0
261 80 1
262 84 1
263 414 0
264 190 1
265 326 1
266 305 1
267 272 0
268 424 1
269 230 1
270 417 0
271 415 0
272 444 1
273 333 1
274 388 1
275 13 1
276 139 1
277 326 0
278 215 1
279 241 1
280 130 1
281 402 0
282 180 0
283 215 1
284 118 1
285 331 0
286 207 0
287 282 1
288 257 1
289 64 1
290 7 1
291 151 0
292 238 0
293 404 0
294 335 0
295 11 1
296 366 0
297 20 1
298 205 0
299 303 1
300 324 1
301 435 1
302 109 0
303 267 1
304 26 1
305 129 1
306 18 0
307 214 1
308 367 1
309 353 1
310 417 1
311 287 1
312 353 1
313 23 1
314 186 0
315 0 1
316 113 0
317 126 0
318 338 1
319 165 1
320 334 1
321 432 1
322 185 1
323 252 1
324 417 0
325 373 0
326 88 1
327 277 1
328 119 0
329 152 1
330 237 1
331 392 1
332 232 1
333 183 0
334 63 0
335 53 1
336 252 1
337 393 0
338 250 1
339 74 1
340 402 1
341 162 0
342 226 0
343 50 0
344 350 1
345 227 1
346 423 0
347 56 1
348 289 1
349 311 1
350 163 1
351 359 1
352 426 1
353 429 1
354 91 1
355 3 0
356 103 0
357 102 1
358 181 1
359 250 1
360 422 0
361 271 0
362 248 1
363 128 1
364 143 0
365 7 0
366 413 1
367 333 1
368 236 1
369 175 1
370 384 1
371 363 1
372 378 0
373 392 0
374 193 0
375 243 1
376 272 1
377 121 0
378 418 0
379 176 1
380 332 0
381 21 1
382 126 1
383 245 1
384 200 1
385 266 1
386 210 1
387 189 1
388 212 0
389 266 0
390 376 1
391 172 0
392 175 1
393 320 1
394 153 0
395 274 0
396 290 0
397 350 1
398 259 1
399 354 1
400 168 0
401 162 1
402 401 1
403 85 1
404 85 1
405 170 1
406 436 0
407 227 1
408 213 1
409 323 0
410 162 1
411 4 1
412 78 1
413 444 1
414 102 1
415 339 1
416 113 1
417 259 0
418 4 0
419 246 1
420 271 0
421 126 1
422 335 1
423 12 1
424 443 0
425 67 1
426 85 1
427 175 0
428 2 1
429 77 1
430 111 0
431 18 1
432 69 1
433 281 1
434 197 0
435 231 0
436 61 0
437 327 1
438 287 1
439 63 1
440 252 1
441 453 0
442 236 1
443 111 1
444 399 1
445 444 1
446 181 0
447 311 0
448 282 1
449 393 0
450 237 0
451 100 1
452 134 1
453 272 1
454 343 1
455 236 1
456 42 1
457 85 1
458 46 1
459 126 1
460 453 1
461 75 0
462 116 1
463 38 1
464 97 1
465 30 1
466 207 1
467 243 0
468 133 1
469 306 0
470 427 0
471 190 0
472 418 0
473 323 1
474 116 0
475 29 0
476 171 0
477 322 0
478 66 1
479 296 1
480 367 1
481 108 1
482 66 0
483 1 1
484 443 1
485 252 1
486 1 1
487 423 0
488 328 1
489 427 1
490 381 0
491 132 1
492 136 0
493 381 0
494 391 1
495 434 1
496 155 1
497 451 0
498 45 1
499 455 1
500 335 0
501 442 1
502 268 1
503 333 1
504 339 1
505 193 1
506 334 1
507 356 1
508 390 0
509 316 1
510 109 1
511 199 1
512 444 1
513 96 1
514 221 0
515 62 0
516 377 0
517 46 0
518 64 1
519 360 1
520 223 1
521 242 0
522 31 0
523 179 0
524 31 1
525 354 0
526 364 0
527 15 0
528 357 1
529 416 0
530 239 1
531 287 0
532 136 1
533 380 1
534 254 1
535 214 1
536 446 0
537 186 0
538 208 0
539 17 1
540 13 1
541 413 1
542 44 1
543 371 1
544 117 1
545 131 1
546 419 1
547 91 1
548 328 0
549 365 0
550 329 0
551 212 1
552 189 1
553 372 1
554 408 1
555 212 1
556 371 1
557 442 1
558 138 1
559 426 1
560 228 1
561 188 0
562 95 1
563 320 1
564 326 1
565 158 1
566 417 1
567 125 1
568 346 1
569 155 0
570 73 1
571 328 1
572 111 1
573 12 1
574 210 1
575 115 0
576 148 0
577 203 1
578 192 1
579 277 0
580 361 0
581 359 1
582 382 1
583 113 0
584 134 1
585 177 1
586 246 1
587 228 0
588 393 1
589 216 1
590 288 0
591 160 1
592 244 1
593 290 1
594 39 0
595 140 0
596 121 1
597 331 0
598 103 0
599 384 1
600 288 1
601 445 0
602 184 0
603 9 1
604 31 0
605 299 1
606 167 1
607 332 0
608 434 1
609 34 1
610 342 0
611 450 1
612 251 0
613 119 1
614 343 1
615 167 0
616 182 1
617 284 1
618 403 1
619 61 1
620 163 1
621 330 1
622 431 1
623 353 1
624 403 1
625 422 1
626 138 1
627 327 1
628 347 1
629 319 1
630 67 1
631 440 0
632 217 1
633 191 1
634 169 1
635 173 1
636 258 1
637 274 0
638 284 1
639 180 1
640 132 1
641 93 1
642 169 1
643 270 1
644 443 0
645 291 1
646 229 0
647 370 1
648 149 1
649 185 0
650 425 1
651 227 1
652 404 1
653 32 0
654 246 1
655 36 1
656 424 1
657 260 0
658 126 0
659 228 0
660 272 0
661 233 0
662 402 0
663 32 1
664 317 0
665 445 1
666 152 1
667 119 1
668 292 0
669 363 0
670 397 0
671 70 1
672 105 1
673 75 1
674 436 1
675 445 1
676 432 1
677 328 1
678 434 1
679 45 1
680 188 1
681 154 0
682 282 1
683 15 1
684 1 0
685 299 1
686 354 1
687 338 1
688 275 0
689 301 1
690 293 1
691 81 1
692 85 1
693 220 1
694 346 0
695 354 1
696 333 0
697 416 0
698 358 1
699 375 0
700 387 1
701 333 1
702 128 1
703 353 1
704 204 1
705 234 1
706 60 0
707 375 1
708 300 0
709 240 1
710 14 1
711 264 1
712 255 1
713 114 1
714 265 1
715 90 0
716 248 1
717 87 0
718 248 1
719 357 0
720 246 0
721 101 0
722 24 1
723 28 0
724 225 1
725 89 1
726 16 1
727 196 1
728 186 1
729 3 1
730 375 0
731 289 0
732 127 1
733 153 1
734 427 1
735 403 0
736 219 1
737 99 0
738 168 1
739 143 0
740 430 1
741 242 1
742 162 0
743 294 1
744 324 1
745 410 1
746 0 1
747 17 1
748 194 0
749 79 1
750 256 1
751 414 0
752 140 0
753 294 0
754 216 1
755 277 1
756 212 1
757 245 0
758 75 1
759 333 0
760 446 1
761 284 1
762 102 0
763 151 1
764 48 1
765 71 1
766 289 1
767 322 0
768 150 1
769 279 1
770 173 1
771 165 0
772 227 1
773 404 1
774 102 1
775 311 1
776 140 0
777 148 0
778 16 1
779 149 1
780 105 0
781 403 1
782 315 1
783 400 1
784 37 0
785 408 1
786 422 1
787 239 0
788 102 1
789 36 1
790 6 1
791 364 1
792 96 1
793 457 0
794 421 0
795 244 0
796 403 0
797 39 1
798 68 1
799 268 0
800 306 0
801 383 1
802 367 1
803 4 1
804 384 0
805 285 0
806 33 1
807 147 1
808 313 0
809 275 0
810 328 1
811 378 0
812 319 1
813 76 1
814 10 1
815 68 1
816 104 1
817 162 0
818 260 0
819 59 1
820 310 1
821 186 1
822 145 1
823 14 1
824 89 0
825 276 1
826 452 1
827 233 1
828 191 1
829 243 1
830 229 1
831 127 1
832 407 1
833 415 1
834 66 1
835 5 0
836 429 1
837 295 1
838 135 0
839 151 1
840 208 1
841 219 0
842 234 1
843 93 0
844 372 1
845 236 1
846 258 0
847 53 1
848 263 1
849 27 0
850 60 1
851 316 0
852 293 0
853 182 1
854 39 0
855 263 1
856 370 1
857 60 0
858 87 0
859 148 1
860 66 0
861 212 1
862 358 1
863 176 1
864 309 1
865 69 1
866 271 1
867 45 1
868 114 0
869 144 1
870 170 1
871 11 1
872 8 0
873 264 0
874 259 0
875 164 1
876 373 1
877 259 1
878 218 1
879 13 1
880 216 0
881 84 0
882 77 0
883 203 0
884 391 1
885 413 1
886 331 0
887 220 0
888 106 1
889 45 0
890 49 1
891 300 1
892 197 1
893 306 0
894 147 1
895 95 1
896 12 1
897 2 1
898 377 0
899 384 1
900 163 1
901 23 1
902 374 0
903 410 1
904 338 0
905 455 0
906 276 1
907 386 1
908 42 0
909 6 1
910 130 1
911 129 0
912 383 1
913 301 1
914 405 1
915 188 1
916 176 0
917 181 1
918 66 0
919 182 1
920 199 1
921 334 1
922 120 0
923 66 1
924 72 1
925 353 0
926 277 1
927 414 0
928 224 1
929 81 1
930 94 1
931 350 1
932 57 1
933 397 0
934 309 1
935 104 1
936 369 0
937 102 0
938 310 0
939 228 1
940 343 1
941 195 0
942 216 1
943 399 1
944 18 1
945 222 0
946 325 0
947 417 0
948 290 1
949 116 1
950 121 0
951 192 1
952 268 0
953 132 1
954 72 0
955 79 1
956 60 1
957 154 1
958 36 1
959 292 0
960 185 0
961 201 0
962 240 0
963 46 1
964 160 0
965 248 1
966 451 1
967 382 0
968 344 1
969 416 0
970 416 1
971 18 0
972 345 0
973 294 1
974 336 1
975 12 0
976 220 0
977 151 1
978 441 0
979 142 1
980 427 1
981 34 1
982 406 1
983 258 1
984 14 1
985 353 1
986 253 1
987 25 1
988 120 1
989 132 1
990 25 1
991 97 0
992 391 1
993 315 1
994 445 1
995 161 1
996 424 1
997 411 1
998 154 1
999 309 1
1000 427 1
1001 175 1
1002 185 1
1003 430 1
1004 97 1
1005 339 0
1006 282 0
1007 401 0
1008 260 1
1009 233 1
1010 291 1
1011 271 1
1012 132 1
1013 240 1
1014 11 1
1015 30 0
1016 329 1
1017 270 1
1018 441 0
1019 396 1
1020 415 0
1021 202 1
1022 323 1
1023 65 1
1024 13 0
1025 440 1
1026 269 1
1027 172 1
1028 20 1
1029 297 1
1030 79 0
1031 46 1
1032 144 1
1033 40 1
1034 136 0
1035 207 0
1036 358 0
1037 367 1
1038 164 1
1039 383 1
1040 342 1
1041 91 1
1042 162 1
1043 165 1
1044 285 1
1045 248 0
1046 400 1
1047 382 1
1048 188 0
1049 213 1
1050 46 1
1051 27 1
1052 439 1
1053 170 1
1054 404 0
1055 390 0
1056 38 1
1057 17 0
1058 355 1
1059 450 1
1060 255 1
1061 191 1
1062 146 1
1063 318 0
1064 149 1
1065 268 0
1066 138 1
1067 175 1
1068 266 0
1069 299 1
1070 52 1
1071 76 1
1072 289 0
1073 324 0
1074 344 1
1075 14 1
1076 133 0
1077 373 1
1078 321 1
1079 223 1
1080 408 0
1081 275 0
1082 397 0
1083 242 1
1084 373 1
1085 452 0
1086 348 1
1087 57 0
1088 232 1
1089 435 1
1090 307 0
1091 294 1
1092 196 1
1093 330 1
1094 52 0
1095 140 0
1096 163 0
1097 125 1
1098 443 0
1099 342 1
1100 26 1
1101 325 1
1102 16 1
1103 131 1
1104 373 1
1105 402 0
1106 133 1
1107 239 1
1108 24 1
1109 457 0
1110 242 0
1111 147 1
1112 200 1
1113 84 1
1114 250 1
1115 119 0
1116 372 1
1117 262 1
1118 436 1
1119 213 1
1120 111 1
1121 149 1
1122 430 1
1123 183 1
1124 77 0
1125 140 1
1126 425 1
1127 300 1
1128 171 1
1129 352 1
1130 454 1
1131 342 0
1132 33 1
1133 333 0
1134 115 0
1135 396 0
1136 314 1
1137 80 0
1138 86 1
1139 350 1
1140 23 1
1141 92 0
1142 354 1
1143 157 1
1144 387 0
1145 133 0
1146 132 1
1147 328 0
1148 198 1
1149 210 1
1150 360 1
1151 150 0
1152 269 1
1153 112 1
1154 70 1
1155 129 0
1156 70 0
1157 151 1
1158 191 0
1159 102 1
1160 427 1
1161 80 1
1162 321 0
1163 300 1
1164 222 0
1165 442 0
1166 234 1
1167 408 1
1168 433 0
1169 12 0
1170 100 0
1171 207 0
1172 397 1
1173 206 1
1174 277 1
1175 319 1
1176 154 1
1177 416 1
1178 418 0
1179 112 1
1180 345 1
1181 375 0
1182 299 0
1183 201 1
1184 32 1
1185 421 1
1186 389 1
1187 372 1
1188 139 1
1189 35 0
1190 4 1
1191 272 1
1192 363 1
1193 209 1
1194 65 1
1195 117 1
1196 28 1
1197 107 0
1198 4 1
1199 245 1
1200 98 0
1201 204 1
1202 413 0
1203 358 0
1204 238 0
1205 86 1
1206 357 1
1207 435 1
1208 131 1
1209 196 1
1210 118 1
1211 216 1
1212 416 1
1213 83 1
1214 208 1
1215 33 1
1216 112 1
1217 336 1
1218 389 0
1219 195 1
1220 273 1
1221 22 1
1222 182 1
1223 45 0
1224 287 1
1225 153 1
1226 131 1
1227 161 1
1228 268 0
1229 119 1
1230 182 0
1231 360 1
1232 0 1
1233 396 1
1234 119 1
1235 169 1
1236 449 1
1237 141 1
1238 292 1
1239 130 1
1240 3 0
1241 103 1
1242 228 1
1243 291 1
1244 119 0
1245 92 1
1246 174 1
1247 173 0
1248 300 1
1249 106 0
1250 313 1
1251 388 1
1252 111 1
1253 122 0
1254 325 1
1255 102 1
1256 146 1
1257 73 1
1258 46 1
1259 24 1
1260 351 1
1261 44 0
1262 178 0
1263 242 1
1264 396 0
1265 50 1
1266 268 1
1267 167 1
1268 119 1
1269 360 1
1270 152 1
1271 348 0
1272 243 1
1273 250 1
1274 362 1
1275 66 1
1276 424 1
1277 391 0
1278 361 1
1279 232 1
1280 133 1
1281 161 1
1282 296 1
1283 358 1
1284 228 1
1285 435 1
1286 298 1
1287 255 1
1288 323 0
1289 407 0
1290 389 1
1291 59 0
1292 159 1
1293 109 0
1294 235 0
1295 430 1
1296 166 1
1297 380 1
1298 72 0
1299 454 1
1300 116 1
1301 256 1
1302 334 1
1303 74 0
1304 169 1
1305 3 0
1306 107 0
1307 66 0
1308 122 1
1309 431 1
1310 60 1
1311 301 1
1312 146 1
1313 265 1
1314 80 1
1315 94 1
1316 270 1
1317 221 1
1318 439 0
1319 379 1
1320 421 1
1321 319 1
1322 54 0
1323 438 1
1324 104 1
1325 109 1
1326 424 1
1327 0 1
1328 211 0
1329 365 1
1330 104 1
1331 98 0
1332 387 1
1333 130 1
1334 225 1
1335 128 0
1336 44 1
1337 292 1
1338 410 0
1339 309 1
1340 260 0
1341 254 1
1342 405 1
1343 374 1
1344 96 1
1345 60 1
1346 283 1
1347 218 1
1348 54 1
1349 156 1
1350 10 1
1351 10 1
1352 343 0
1353 152 1
1354 186 1
1355 385 0
1356 32 1
1357 215 1
1358 11 0
1359 206 1
1360 447 0
1361 410 1
1362 424 1
1363 95 1
1364 129 0
1365 335 1
1366 146 0
1367 193 1
1368 258 0
1369 360 1
1370 417 1
1371 433 1
1372 44 1
1373 39 1
1374 390 0
1375 232 1
1376 53 1
1377 261 1
1378 423 0
1379 108 1
1380 218 0
1381 234 1
1382 365 1
1383 430 1
1384 384 1
1385 152 1
1386 196 1
1387 369 1
1388 419 1
1389 330 1
1390 195 1
1391 340 0
1392 323 1
1393 369 1
1394 110 1
1395 417 0
1396 5 1
1397 269 1
1398 198 1
1399 112 1
1400 183 0
1401 43 1
1402 35 1
1403 162 1
1404 396 0
1405 416 0
1406 173 1
1407 449 1
1408 52 0
1409 394 1
1410 415 1
1411 33 1
1412 158 1
1413 401 1
1414 153 1
1415 90 0
1416 421 1
1417 292 0
1418 122 0
1419 62 1
1420 65 0
1421 262 0
1422 353 1
1423 310 1
1424 224 1
1425 144 1
1426 176 1
1427 178 1
1428 90 1
1429 266 1
1430 278 1
1431 191 1
1432 66 1
1433 307 0
1434 22 1
1435 282 1
1436 424 0
1437 325 0
1438 374 1
1439 334 1
1440 457 0
1441 356 0
1442 267 1
1443 86 0
1444 265 1
1445 211 1
1446 319 0
1447 360 1
1448 428 1
1449 115 1
1450 154 0
1451 147 1
1452 60 0
1453 15 0
1454 259 0
1455 151 1
1456 405 1
1457 44 0
1458 159 1
1459 181 1
1460 94 0
1461 119 1
1462 337 1
1463 341 0
1464 298 1
1465 367 0
1466 6 1
1467 115 0
1468 104 0
1469 111 1
1470 90 1
1471 198 1
1472 345 0
1473 319 1
1474 441 0
1475 114 0
1476 12 0
1477 67 1
1478 322 1
1479 267 1
1480 16 1
1481 191 1
1482 233 0
1483 158 1
1484 46 1
1485 277 1
1486 142 1
1487 276 0
1488 293 0
1489 144 1
1490 249 1
1491 388 1
1492 102 1
1493 186 1
1494 15 1
1495 163 1
1496 172 0
1497 123 1
1498 236 1
1499 352 1
1500 160 1
1501 63 1
1502 256 1
1503 366 1
1504 54 0
1505 403 0
1506 344 1
1507 140 1
1508 399 0
1509 447 1
1510 356 1
1511 22 1
1512 116 0
1513 85 1
1514 70 1
1515 244 0
1516 219 1
1517 109 1
1518 190 0
1519 143 0
1520 103 1
1521 123 0
1522 32 0
1523 46 1
1524 165 1
1525 387 0
1526 255 0
1527 201 1
1528 199 1
1529 299 1
1530 368 1
1531 43 0
1532 428 0
1533 180 1
1534 204 1
1535 14 1
1536 446 1
1537 365 0
1538 434 0
1539 27 1
1540 57 1
1541 273 1
1542 435 1
1543 294 0
1544 405 1
1545 446 0
1546 256 1
1547 444 0
1548 252 1
1549 454 1
1550 66 0
1551 373 0
1552 147 0
1553 109 1
1554 303 1
1555 366 0
1556 162 1
1557 283 1
1558 266 0
1559 349 0
1560 290 1
1561 70 1
1562 13 0
1563 348 0
1564 256 1
1565 331 1
1566 388 1
1567 412 1
1568 138 0
1569 268 0
1570 268 1
1571 411 1
1572 392 1
1573 145 1
1574 391 1
1575 23 0
1576 443 1
1577 345 0
1578 183 1
1579 298 1
1580 155 0
1581 372 1
1582 452 0
1583 196 1
1584 34 0
1585 149 0
1586 250 1
1587 309 0
1588 374 1
1589 452 0
1590 101 1
1591 106 0
1592 144 0
1593 119 1
1594 262 1
1595 411 1
1596 198 1
1597 112 1
1598 296 1
1599 359 1
1600 416 1
1601 208 0
1602 222 1
1603 427 0
1604 124 1
1605 21 1
1606 49 1
1607 346 1
1608 154 1
1609 131 0
1610 0 1
1611 19 0
1612 443 1
1613 425 0
1614 49 1
1615 187 1
1616 22 0
1617 249 1
1618 99 1
1619 450 1
1620 250 1
1621 25 0
1622 174 1
1623 68 1
1624 412 1
1625 388 1
1626 317 1
1627 220 1
1628 114 1
1629 194 1
1630 125 1
1631 204 1
1632 388 1
1633 1 1
1634 248 0
1635 287 1
1636 40 0
1637 339 1
1638 225 1
1639 186 1
1640 183 1
1641 167 0
1642 65 0
1643 379 1
1644 185 1
1645 410 0
1646 74 1
1647 67 1
1648 185 0
1649 67 0
1650 95 1
1651 49 1
1652 208 1
1653 417 1
1654 372 0
1655 222 0
1656 295 0
1657 173 1
1658 353 1
1659 149 0
1660 245 0
1661 1 0
1662 291 1
1663 357 0
1664 171 0
1665 62 1
1666 355 1
1667 12 0
1668 42 0
1669 149 0
1670 151 1
1671 87 1
1672 337 0
1673 417 1
1674 390 1
1675 380 0
1676 278 1
1677 72 1
1678 26 0
1679 198 1
1680 429 1
1681 73 1
1682 373 1
1683 8 0
1684 91 1
1685 440 1
1686 70 1
1687 298 0
1688 398 1
1689 249 1
1690 434 1
1691 83 1
1692 129 1
1693 399 1
1694 160 1
1695 386 0
1696 435 0
1697 0 0
1698 121 1
1699 375 0
1700 199 1
1701 64 1
1702 37 1
1703 287 1
1704 230 0
1705 376 0
1706 319 1
1707 2 0
1708 225 1
1709 180 1
1710 152 1
1711 59 0
1712 144 0
1713 55 0
1714 136 1
1715 88 0
1716 398 1
1717 182 1
1718 92 0
1719 56 0
1720 158 1
1721 139 1
1722 44 0
1723 44 1
1724 153 1
1725 196 1
1726 400 1
1727 10 1
1728 384 0
1729 421 0
1730 106 0
1731 432 0
1732 238 0
1733 125 1
1734 270 1
1735 263 1
1736 190 1
1737 24 1
1738 153 1
1739 45 0
1740 394 1
1741 154 1
1742 107 1
1743 33 1
1744 298 0
1745 130 0
1746 116 1
1747 26 0
1748 363 1
1749 295 0
1750 367 1
1751 179 0
1752 78 0
1753 367 1
1754 373 1
1755 114 1
1756 229 1
1757 256 1
1758 44 1
1759 404 1
1760 354 1
1761 323 0
1762 283 0
1763 400 1
1764 77 1
1765 397 1
1766 371 0
1767 119 1
1768 424 0
1769 291 0
1770 16 1
1771 259 1
1772 284 1
1773 192 0
1774 380 1
1775 247 0
1776 283 1
1777 356 0
1778 37 0
1779 330 1
1780 146 0
1781 168 1
1782 456 0
1783 119 1
1784 383 1
1785 371 1
1786 2 1
1787 255 1
1788 229 1
1789 191 1
1790 162 1
1791 38 0
1792 160 1
1793 96 1
1794 270 1
1795 380 1
1796 272 1
1797 52 0
1798 446 1
1799 302 1
1800 226 1
1801 381 1
1802 422 1
1803 91 1
1804 235 1
1805 380 1
1806 330 1
1807 420 1
1808 389 0
1809 297 0
1810 61 1
1811 160 1
1812 378 1
1813 214 1
1814 452 1
1815 347 0
1816 343 1
1817 25 1
1818 24 1
1819 77 0
1820 432 1
1821 234 1
1822 452 1
1823 404 1
1824 288 1
1825 127 1
1826 73 1
1827 294 1
1828 143 1
1829 393 0
1830 177 1
1831 427 1
1832 129 0
1833 404 0
1834 145 1
1835 24 0
1836 57 1
1837 68 1
1838 30 0
1839 434 0
1840 326 1
1841 244 0
1842 34 1
1843 427 0
1844 165 1
1845 384 1
1846 222 1
1847 15 1
1848 415 1
1849 115 1
1850 442 0
1851 324 0
1852 431 0
1853 126 1
1854 440 0
1855 356 0
1856 274 1
1857 251 0
1858 257 1
1859 97 1
1860 193 1
1861 408 0
1862 444 1
1863 377 1
1864 384 1
1865 114 0
1866 208 1
1867 20 1
1868 372 1
1869 253 1
1870 318 1
1871 205 0
1872 327 1
1873 87 0
1874 287 1
1875 158 1
1876 241 0
1877 48 0
1878 108 1
1879 205 1
1880 35 0
1881 48 1
1882 299 1
1883 35 0
1884 283 1
1885 143 1
1886 15 0
1887 346 1
1888 415 1
1889 79 1
1890 194 1
1891 301 1
1892 414 0
1893 273 1
1894 350 0
1895 168 0
1896 407 1
1897 273 1
1898 318 1
1899 71 1
1900 206 0
1901 321 1
1902 139 1
1903 139 1
1904 185 0
1905 375 1
1906 66 1
1907 390 1
1908 177 0
1909 87 1
1910 293 0
1911 65 1
1912 47 1
1913 66 1
1914 256 1
1915 86 0
1916 386 0
1917 259 1
1918 193 0
1919 198 1
1920 227 1
1921 333 0
1922 368 1
1923 315 1
1924 81 0
1925 191 1
1926 268 1
1927 193 1
1928 204 1
1929 258 1
1930 431 0
1931 40 1
1932 293 1
1933 2 1
1934 342 0
1935 440 1
1936 317 0
1937 438 1
1938 191 1
1939 349 1
1940 308 1
1941 256 0
1942 407 1
1943 11 1
1944 285 1
1945 190 1
1946 189 1
1947 193 1
1948 174 0
1949 121 1
1950 430 0
1951 203 0
1952 29 1
1953 161 1
1954 89 1
1955 102 0
1956 203 1
1957 126 1
1958 418 1
1959 341 1
1960 16 1
1961 113 0
1962 372 1
1963 298 1
1964 111 0
1965 215 1
1966 98 0
1967 17 1
1968 212 1
1969 415 1
1970 265 1
1971 275 0
1972 62 0
1973 197 1
1974 149 0
1975 301 0
1976 188 1
1977 439 1
1978 296 0
1979 259 1
1980 274 1
1981 101 0
1982 12 1
1983 110 1
1984 331 1
1985 68 0
1986 229 1
1987 183 1
1988 354 1
1989 313 1
1990 37 0
1991 279 1
1992 146 1
1993 361 1
1994 149 0
1995 1 1
1996 214 1
1997 439 0
1998 290 1
1999 450 0
2000 227 1
2001 404 0
2002 13 0
2003 323 1
2004 119 1
2005 23 1
2006 402 1
2007 415 1
2008 172 0
2009 142 1
2010 58 1
2011 354 1
2012 314 1
2013 74 1
2014 37 1
2015 412 0
2016 195 1
2017 330 1
2018 97 1
2019 186 1
2020 441 1
2021 373 1
2022 122 1
2023 51 1
2024 225 1
2025 226 1
2026 371 1
2027 165 1
2028 103 1
2029 18 1
2030 374 0
2031 15 0
2032 398 0
2033 387 1
2034 151 0
2035 253 0
2036 394 0
2037 62 1
2038 109 0
2039 421 0
2040 341 1
2041 228 1
2042 415 1
2043 91 1
2044 243 0
2045 200 0
2046 149 1
2047 304 1
2048 171 0
2049 126 1
2050 451 1
2051 32 1
2052 158 1
2053 56 0
2054 242 1
2055 212 0
2056 311 1
2057 447 0
2058 443 1
2059 328 0
2060 224 1
2061 387 0
2062 354 1
2063 5 1
2064 111 0
2065 457 0
2066 87 0
2067 102 0
2068 194 1
2069 123 1
2070 245 0
2071 171 1
2072 385 0
2073 401 1
2074 241 1
2075 141 1
2076 377 0
2077 414 0
2078 406 1
2079 409 1
2080 127 0
2081 198 1
2082 16 1
2083 70 1
2084 34 1
2085 223 1
2086 139 1
2087 446 1
2088 97 0
2089 14 1
2090 238 1
2091 413 1
2092 294 1
2093 6 1
2094 365 1
2095 370 1
2096 400 0
2097 317 0
2098 444 1
2099 203 1
2100 225 0
2101 402 0
2102 398 1
2103 8 1
2104 356 0
2105 20 0
2106 245 0
2107 293 1
2108 379 0
2109 393 1
2110 325 1
2111 389 1
2112 450 1
2113 294 1
2114 280 0
2115 101 0
2116 76 0
2117 22 0
2118 11 0
2119 156 0
2120 120 1
2121 46 1
2122 151 1
2123 24 1
2124 284 0
2125 428 1
2126 264 1
2127 29 1
2128 252 1
2129 303 1
2130 430 0
2131 155 1
2132 25 0
2133 133 1
2134 276 0
2135 438 1
2136 7 1
2137 305 0
2138 435 1
2139 300 1
2140 322 1
2141 22 1
2142 239 0
2143 453 0
2144 442 0
2145 141 1
2146 312 1
2147 74 1
2148 85 1
2149 441 1
2150 73 1
2151 334 1
2152 59 0
2153 341 1
2154 120 0
2155 365 1
2156 63 1
2157 147 1
2158 15 1
2159 404 0
2160 16 0
2161 24 0
2162 453 1
2163 241 0
2164 374 0
2165 51 1
2166 256 1
2167 137 1
2168 177 1
2169 385 0
2170 272 1
2171 316 1
2172 290 1
2173 283 0
2174 147 1
2175 372 1
2176 385 1
2177 67 1
2178 105 1
2179 70 1
2180 177 0
2181 44 1
2182 118 1
2183 291 1
2184 237 1
2185 203 1
2186 155 0
2187 455 0
2188 101 1
2189 326 1
2190 120 1
2191 22 1
2192 247 0
2193 38 0
2194 42 1
2195 374 0
2196 298 1
2197 195 1
2198 177 1
2199 322 0
2200 348 1
2201 109 0
2202 129 0
2203 66 0
2204 455 1
2205 90 1
2206 243 0
2207 199 0
2208 236 0
2209 453 1
2210 413 1
2211 74 1
2212 365 1
2213 280 1
2214 365 0
2215 142 0
2216 212 1
2217 335 1
2218 392 1
2219 182 1
2220 404 1
2221 83 1
2222 419 1
2223 290 1
2224 95 1
2225 86 1
2226 231 0
2227 373 1
2228 40 1
2229 290 1
2230 340 1
2231 272 1
2232 260 0
2233 79 1
2234 161 1
2235 160 1
2236 110 0
2237 331 1
2238 102 0
2239 303 1
2240 25 1
2241 317 1
2242 126 1
2243 5 1
2244 427 1
2245 183 1
2246 304 1
2247 13 1
2248 180 0
2249 334 0
2250 389 1
2251 60 0
2252 281 0
2253 147 1
2254 165 1
2255 157 1
2256 415 1
2257 56 0
2258 282 0
2259 319 0
2260 425 1
2261 171 0
2262 75 1
2263 411 1
2264 346 1
2265 241 1
2266 324 1
2267 386 1
2268 269 1
2269 107 0
2270 101 1
2271 234 1
2272 383 0
2273 245 1
2274 420 1
2275 69 0
2276 218 1
2277 234 1
2278 36 1
2279 158 1
2280 50 1
2281 303 1
2282 277 1
2283 98 1
2284 375 0
2285 98 1
2286 114 0
2287 145 1
2288 233 0
2289 280 1
2290 106 1
2291 124 1
2292 167 1
2293 227 1
2294 121 1
2295 229 1
2296 362 1
2297 122 0
2298 373 1
2299 304 1
2300 70 1
2301 343 1
2302 345 1
2303 257 0
2304 31 0
2305 315 0
2306 6 1
2307 72 0
2308 407 1
2309 20 1
2310 261 0
2311 275 1
2312 391 1
2313 415 1
2314 195 1
2315 173 1
2316 273 1
2317 60 0
2318 156 1
2319 314 1
2320 431 1
2321 393 1
2322 220 0
2323 254 0
2324 374 1
2325 273 1
2326 99 1
2327 445 0
2328 65 0
2329 373 1
2330 273 1
2331 135 0
2332 180 0
2333 317 1
2334 89 1
2335 100 1
2336 379 0
2337 144 0
2338 144 0
2339 345 1
2340 249 0
2341 306 1
2342 286 1
2343 449 1
2344 306 1
2345 221 1
2346 62 0
2347 245 1
2348 128 1
2349 154 0
2350 312 1
2351 347 1
2352 391 1
2353 410 0
2354 8 0
2355 206 1
2356 68 1
2357 215 0
2358 416 1
2359 281 1
2360 180 1
2361 421 0
2362 11 1
2363 60 1
2364 380 1
2365 424 1
2366 79 1
2367 45 1
2368 415 0
2369 158 1
2370 328 1
2371 290 1
2372 29 1
2373 327 0
2374 288 0
2375 320 1
2376 297 0
2377 253 1
2378 101 1
2379 57 1
2380 104 0
2381 293 0
2382 405 1
2383 299 1
2384 403 1
2385 395 0
2386 432 1
2387 280 1
2388 308 0
2389 58 0
2390 369 0
2391 149 1
2392 238 1
2393 127 1
2394 291 1
2395 398 1
2396 242 1
2397 224 1
2398 181 1
2399 161 0
2400 132 0
2401 433 0
2402 359 0
2403 177 1
2404 440 1
2405 348 1
2406 157 1
2407 169 0
2408 51 1
2409 311 1
2410 57 1
2411 348 1
2412 94 1
2413 64 0
2414 247 1
2415 401 1
2416 357 1
2417 62 1
2418 209 1
2419 43 1
2420 52 1
2421 118 1
2422 6 1
2423 214 1
2424 160 0
2425 434 0
2426 353 1
2427 58 1
2428 49 1
2429 265 1
2430 415 1
2431 252 1
2432 196 1
2433 182 1
2434 131 1
2435 138 1
2436 227 1
2437 2 1
2438 153 1
2439 359 1
2440 318 1
2441 72 1
2442 269 1
2443 238 1
2444 354 1
2445 157 0
2446 322 1
2447 235 1
2448 300 0
2449 7 1
2450 253 0
2451 224 1
2452 11 0
2453 323 1
2454 19 1
2455 20 1
2456 135 1
2457 93 0
2458 325 1
2459 265 1
2460 411 1
2461 109 1
2462 442 1
2463 370 1
2464 372 1
2465 360 1
2466 133 1
2467 257 0
2468 387 0
2469 343 0
2470 347 1
2471 285 1
2472 67 0
2473 430 1
2474 320 1
2475 190 1
2476 304 1
2477 159 1
2478 221 1
2479 182 0
2480 24 1
2481 405 0
2482 245 1
2483 336 1
2484 361 1
2485 156 1
2486 161 1
2487 310 0
2488 430 1
2489 231 1
2490 129 1
2491 176 1
2492 297 0
2493 331 1
2494 440 0
2495 264 0
2496 174 0
2497 198 1
2498 449 1
2499 169 0
2500 332 1
2501 214 1
2502 343 0
2503 366 0
2504 382 1
2505 218 0
2506 136 0
2507 131 1
2508 340 1
2509 70 0
2510 60 1
2511 364 1
2512 155 1
2513 230 0
2514 215 1
2515 110 1
2516 301 0
2517 158 1
2518 424 1
2519 78 0
2520 239 1
2521 45 1
2522 301 1
2523 386 1
2524 181 1
2525 83 0
2526 435 1
2527 86 0
2528 161 0
2529 347 1
2530 327 1
2531 7 1
2532 357 1
2533 425 1
2534 300 1
2535 247 0
2536 409 0
2537 34 1
2538 11 1
2539 47 1
2540 28 1
2541 44 1
2542 187 0
2543 172 0
2544 57 1
2545 301 0
2546 95 1
2547 165 1
2548 118 1
2549 318 0
2550 211 1
2551 77 0
2552 10 1
2553 59 0
2554 141 0
2555 248 0
2556 304 1
2557 209 1
2558 457 0
2559 450 1
2560 18 0
2561 51 1
2562 211 0
2563 142 1
2564 382 1
2565 291 0
2566 177 1
2567 399 1
2568 55 1
2569 244 0
2570 141 1
2571 399 0
2572 361 1
2573 89 1
2574 141 1
2575 26 0
2576 408 1
2577 307 0
2578 361 1
2579 68 0
2580 61 1
2581 64 1
2582 303 1
2583 37 0
2584 41 1
2585 164 1
2586 349 1
2587 238 0
2588 358 1
2589 256 1
2590 443 0
2591 269 1
2592 394 1
2593 132 0
2594 178 1
2595 193 1
2596 135 1
2597 89 1
2598 298 0
2599 440 0
2600 441 1
2601 131 1
2602 353 1
2603 195 1
2604 240 1
2605 329 0
2606 310 1
2607 195 0
2608 293 1
2609 155 1
2610 137 0
2611 288 1
2612 182 1
2613 320 1
2614 79 0
2615 429 1
2616 24 0
2617 4 0
2618 49 1
2619 173 1
2620 261 1
2621 124 0
2622 219 0
2623 4 1
2624 257 0
2625 102 1
2626 118 1
2627 243 1
2628 377 1
2629 391 0
2630 442 0
2631 128 1
2632 75 0
2633 421 1
2634 434 0
2635 23 1
2636 249 1
2637 419 0
2638 44 0
2639 132 1
2640 159 1
2641 306 1
2642 269 1
2643 187 0
2644 266 1
2645 221 0
2646 59 1
2647 293 1
2648 93 1
2649 293 1
2650 3 0
2651 375 1
2652 40 1
2653 330 1
2654 335 0
2655 454 0
2656 341 0
2657 381 1
2658 428 1
2659 376 0
2660 231 1
2661 63 1
2662 99 1
2663 35 1
2664 223 1
2665 330 1
2666 254 1
2667 88 1
2668 159 1
2669 413 1
2670 66 0
2671 107 1
2672 288 1
2673 137 0
2674 141 1
2675 105 0
2676 262 1
2677 307 1
2678 168 1
2679 164 1
2680 280 1
2681 227 0
2682 351 0
2683 406 1
2684 309 0
2685 157 1
2686 381 1
2687 394 1
2688 362 1
2689 113 0
2690 162 0
2691 29 1
2692 30 1
2693 362 1
2694 289 1
2695 166 0
2696 207 0
2697 256 1
2698 285 0
2699 221 1
2700 176 1
2701 123 1
2702 252 0
2703 378 0
2704 132 1
2705 237 0
2706 320 1
2707 328 1
2708 178 1
2709 91 1
2710 370 0
2711 155 1
2712 262 1
2713 288 1
2714 226 0
2715 260 0
2716 40 1
2717 111 1
2718 18 1
2719 26 0
2720 132 1
2721 54 1
2722 71 1
2723 379 1
2724 226 1
2725 327 0
2726 338 0
2727 325 0
2728 45 0
2729 266 1
2730 276 1
2731 283 0
2732 62 1
2733 219 1
2734 35 0
2735 299 1
2736 50 1
2737 196 1
2738 346 1
2739 15 0
2740 198 0
2741 286 1
2742 434 0
2743 255 1
2744 344 0
2745 361 0
2746 165 1
2747 54 1
2748 157 1
2749 342 1
2750 95 1
2751 394 1
2752 146 0
2753 301 1
2754 318 0
2755 149 1
2756 234 0
2757 171 0
2758 166 1
2759 300 0
2760 65 0
2761 248 1
2762 423 1
2763 68 1
2764 186 1
2765 383 1
2766 203 1
2767 4 1
2768 96 1
2769 384 1
2770 198 1
2771 49 0
2772 122 0
2773 253 1
2774 256 1
2775 408 0
2776 366 1
2777 196 1
2778 76 1
2779 98 1
2780 250 1
2781 155 0
2782 376 0
2783 378 1
2784 40 0
2785 6 1
2786 25 1
2787 281 0
2788 378 1
2789 45 0
2790 273 1
2791 108 1
2792 227 1
2793 156 1
2794 144 1
2795 176 1
2796 277 1
2797 457 1
2798 66 1
2799 279 1
2800 292 0
2801 379 1
2802 442 1
2803 74 1
2804 346 1
2805 115 0
2806 148 1
2807 410 1
2808 137 1
2809 289 0
2810 363 1
2811 251 0
2812 373 1
2813 23 1
2814 237 1
2815 122 1
2816 197 0
2817 457 0
2818 280 1
2819 86 0
2820 227 1
2821 398 1
2822 68 1
2823 361 1
2824 2 1
2825 62 1
2826 234 1
2827 124 1
2828 173 0
2829 164 0
2830 25 1
2831 92 1
2832 331 1
2833 438 0
2834 200 1
2835 390 0
2836 335 1
2837 379 1
2838 258 1
2839 184 1
2840 17 1
2841 167 1
2842 135 1
2843 434 1
2844 49 1
2845 328 1
2846 4 0
2847 365 1
2848 55 1
2849 132 1
2850 445 1
2851 258 0
2852 430 1
2853 301 1
2854 39 1
2855 66 0
2856 307 0
2857 376 1
2858 135 1
2859 326 1
2860 103 1
2861 328 1
2862 194 0
2863 52 1
2864 157 1
2865 80 1
2866 284 0
2867 43 1
2868 128 1
2869 96 1
2870 406 1
2871 292 1
2872 5 1
2873 274 1
2874 172 0
2875 394 1
2876 407 1
2877 417 1
2878 109 0
2879 426 0
2880 265 1
2881 411 0
2882 455 0
2883 415 0
2884 408 0
2885 327 0
2886 249 1
2887 222 1
2888 405 1
2889 429 0
2890 248 1
2891 429 1
2892 239 1
2893 341 1
2894 45 1
2895 191 1
2896 426 1
2897 401 1
2898 208 1
2899 91 1
2900 21 1
2901 91 1
2902 155 1
2903 134 1
2904 385 0
2905 289 0
2906 47 1
2907 442 1
2908 294 1
2909 246 1
2910 245 1
2911 191 1
2912 158 1
2913 179 1
2914 102 1
2915 135 1
2916 298 1
2917 3 1
2918 116 0
2919 165 0
2920 277 0
2921 322 0
2922 360 1
2923 222 1
2924 207 1
2925 111 0
2926 447 1
2927 209 1
2928 46 1
2929 124 1
2930 269 1
2931 339 1
2932 62 0
2933 139 1
2934 55 1
2935 325 1
2936 403 1
2937 234 1
2938 71 1
2939 77 1
2940 42 1
2941 307 1
2942 66 0
2943 247 0
2944 57 0
2945 362 1
2946 240 1
2947 11 1
2948 195 1
2949 126 1
2950 99 1
2951 160 1
2952 216 0
2953 384 1
2954 426 1
2955 141 0
2956 192 0
2957 75 0
2958 117 1
2959 15 1
2960 303 1
2961 76 1
2962 197 0
2963 457 0
2964 306 1
2965 253 0
2966 152 1
2967 26 1
2968 417 1
2969 265 1
2970 447 1
2971 5 1
2972 7 1
2973 50 0
2974 437 0
2975 333 0
2976 18 1
2977 437 1
2978 74 1
2979 252 0
2980 171 1
2981 396 0
2982 37 1
2983 267 1
2984 442 0
2985 450 0
2986 90 1
2987 189 1
2988 112 0
2989 257 1
2990 372 0
2991 443 0
2992 84 1
2993 216 1
2994 10 1
2995 183 0
2996 91 1
2997 80 1
2998 153 0
2999 193 1
3000 31 0
3001 144 1
3002 182 0
3003 253 1
3004 182 1
3005 455 0
3006 185 0
3007 29 1
3008 438 1
3009 72 1
3010 289 0
3011 205 1
3012 410 1
3013 85 1
3014 242 0
3015 310 1
3016 39 1
3017 428 1
3018 364 1
3019 126 1
3020 310 0
3021 185 0
3022 139 0
3023 375 1
3024 69 1
3025 177 1
3026 244 1
3027 348 1
3028 277 1
3029 369 0
3030 321 0
3031 402 1
3032 217 1
3033 192 1
3034 207 1
3035 246 1
3036 18 0
3037 131 0
3038 289 1
3039 311 0
3040 37 1
3041 326 0
3042 23 1
3043 87 1
3044 226 1
3045 430 1
3046 219 0
3047 26 1
3048 357 0
3049 170 1
3050 78 0
3051 200 1
3052 457 0
3053 288 1
3054 379 1
3055 256 0
3056 205 1
3057 307 0
3058 374 1
3059 105 1
3060 426 0
3061 266 0
3062 27 1
3063 233 1
3064 86 1
3065 33 1
3066 429 1
3067 329 1
3068 140 0
3069 326 1
3070 334 0
3071 87 0
3072 248 0
3073 310 1
3074 398 1
3075 375 1
3076 68 1
3077 129 1
3078 51 0
3079 56 1
3080 342 1
3081 370 0
3082 391 1
3083 352 1
3084 434 0
3085 203 1
3086 379 1
3087 391 1
3088 295 1
3089 403 1
3090 268 1
3091 178 1
3092 80 1
3093 42 1
3094 281 1
3095 337 0
3096 256 1
3097 89 1
3098 66 1
3099 298 1
3100 239 0
3101 352 0
3102 402 1
3103 398 1
3104 139 1
3105 52 1
3106 240 1
3107 354 1
3108 148 1
3109 27 1
3110 70 0
3111 205 1
3112 189 1
3113 127 1
3114 312 1
3115 331 0
3116 78 0
3117 288 1
3118 87 0
3119 263 1
3120 148 1
3121 209 1
3122 155 1
3123 284 0
3124 77 1
3125 343 1
3126 252 1
3127 85 0
3128 419 0
3129 307 1
3130 247 1
3131 401 1
3132 440 1
3133 348 1
3134 69 0
3135 329 1
3136 78 1
3137 181 0
3138 254 1
3139 148 0
3140 353 1
3141 89 0
3142 192 0
3143 164 1
3144 454 1
3145 2 0
3146 228 1
3147 145 1
3148 210 1
3149 279 0
3150 257 1
3151 73 1
3152 332 1
3153 179 1
3154 296 0
3155 70 1
3156 395 1
3157 372 1
3158 402 0
3159 316 0
3160 126 1
3161 252 1
3162 264 1
3163 106 1
3164 8 0
3165 398 1
3166 179 1
3167 177 0
3168 303 0
3169 250 1
3170 226 1
3171 401 1
3172 56 1
3173 360 1
3174 394 0
3175 8 1
3176 112 0
3177 27 1
3178 199 1
3179 37 1
3180 163 1
3181 15 1
3182 449 1
3183 7 1
3184 125 1
3185 80 1
3186 120 1
3187 124 0
3188 338 1
3189 210 0
3190 312 1
3191 440 1
3192 55 1
3193 377 0
3194 177 1
3195 38 1
3196 391 1
3197 294 0
3198 314 1
3199 321 1
3200 100 0
3201 400 1
3202 0 1
3203 6 0
3204 160 1
3205 224 1
3206 45 0
3207 439 1
3208 249 0
3209 422 1
3210 314 0
3211 378 0
3212 125 1
3213 240 1
3214 91 0
3215 31 0
3216 81 1
3217 22 1
3218 74 0
3219 455 0
3220 279 1
3221 249 1
3222 37 1
3223 34 1
3224 164 1
3225 289 1
3226 35 0
3227 335 1
3228 457 1
3229 210 1
3230 290 0
3231 350 1
3232 248 1
3233 63 1
3234 434 1
3235 133 0
3236 349 1
3237 189 1
3238 222 1
3239 249 1
3240 222 1
3241 16 0
3242 358 1
3243 452 1
3244 79 1
3245 58 1
3246 21 1
3247 351 1
3248 356 1
3249 168 1
3250 51 1
3251 198 1
3252 259 1
3253 397 1
3254 187 0
3255 443 1
3256 302 1
3257 276 0
3258 386 1
3259 136 1
3260 50 0
3261 445 1
3262 178 0
3263 375 1
3264 295 0
3265 442 0
3266 420 1
3267 356 1
3268 146 1
3269 312 1
3270 59 1
3271 318 1
3272 366 1
3273 140 0
3274 441 1
3275 370 1
3276 46 0
3277 139 1
3278 272 1
3279 334 0
3280 175 0
3281 99 1
3282 77 1
3283 426 0
3284 361 1
3285 132 1
3286 187 1
3287 359 0
3288 163 0
3289 457 0
3290 318 1
3291 247 1
3292 338 1
3293 165 1
3294 52 1
3295 330 0
3296 394 1
3297 398 0
3298 37 0
3299 271 1
3300 256 1
3301 396 1
3302 430 0
3303 148 1
3304 338 1
3305 383 0
3306 128 1
3307 173 1
3308 169 0
3309 194 1
3310 379 1
3311 25 0
3312 106 1
3313 330 1
3314 400 1
3315 118 1
3316 157 1
3317 252 0
3318 387 1
3319 333 1
3320 125 1
3321 110 1
3322 42 1
3323 295 1
3324 163 1
3325 433 0
3326 166 0
3327 401 0
3328 1 1
3329 25 1
3330 60 1
3331 176 1
3332 268 1
3333 382 0
3334 406 1
3335 110 1
3336 126 0
3337 360 1
3338 46 1
3339 414 1
3340 228 1
3341 328 1
3342 424 1
3343 276 1
3344 188 0
3345 437 1
3346 56 1
3347 9 1
3348 160 1
3349 166 1
3350 258 0
3351 249 1
3352 39 1
3353 129 0
3354 348 0
3355 328 0
3356 51 1
3357 157 1
3358 80 0
3359 53 1
3360 346 1
3361 60 0
3362 221 1
3363 336 0
3364 70 1
3365 100 0
3366 355 1
3367 289 1
3368 77 1
3369 89 1
3370 80 0
3371 155 1
3372 227 1
3373 217 1
3374 322 1
3375 152 1
3376 302 1
3377 188 1
3378 349 0
3379 23 0
3380 146 1
3381 290 1
3382 84 0
3383 14 1
3384 116 1
3385 163 0
3386 97 1
3387 396 1
3388 241 1
3389 208 1
3390 1 0
3391 350 1
3392 149 1
3393 437 0
3394 215 0
3395 2 0
3396 194 1
3397 439 1
3398 23 1
3399 16 0
3400 166 1
3401 405 1
3402 108 1
3403 164 1
3404 109 1
3405 30 1
3406 309 0
3407 24 1
3408 71 0
3409 40 0
3410 39 1
3411 224 0
3412 402 1
3413 122 1
3414 268 0
3415 176 1
3416 386 1
3417 274 1
3418 110 0
3419 453 1
3420 387 1
3421 398 0
3422 16 1
3423 272 1
3424 1 0
3425 407 1
3426 423 0
3427 376 1
3428 412 1
3429 370 0
3430 247 1
3431 233 0
3432 279 1
3433 279 0
3434 98 1
3435 185 1
3436 334 0
3437 300 1
3438 157 1
3439 13 0
3440 38 1
3441 300 1
3442 170 0
3443 405 1
3444 294 1
3445 415 1
3446 15 0
3447 293 1
3448 307 1
3449 294 0
3450 423 1
3451 10 0
3452 214 1
3453 225 1
3454 35 1
3455 139 1
3456 234 0
3457 111 0
3458 234 1
3459 139 0
3460 444 0
3461 222 0
3462 320 0
3463 364 0
3464 239 1
3465 151 1
3466 289 1
3467 113 1
3468 82 0
3469 60 1
3470 186 0
3471 225 1
3472 214 1
3473 435 1
3474 428 0
3475 163 0
3476 246 1
3477 450 1
3478 86 0
3479 346 1
3480 166 1
3481 140 0
3482 269 0
3483 110 1
3484 202 1
3485 44 1
3486 403 1
3487 386 1
3488 215 1
3489 252 1
3490 90 1
3491 142 1
3492 411 1
3493 55 1
3494 100 0
3495 400 1
3496 84 1
3497 297 0
3498 404 1
3499 314 1
3500 187 0
3501 80 1
3502 238 1
3503 394 0
3504 15 1
3505 216 1
3506 180 0
3507 52 1
3508 103 0
3509 208 0
3510 118 1
3511 46 0
3512 266 1
3513 132 1
3514 361 1
3515 396 1
3516 415 0
3517 291 0
3518 128 1
3519 226 1
3520 449 0
3521 283 1
3522 376 1
3523 340 1
3524 18 0
3525 259 0
3526 274 1
3527 406 1
3528 224 0
3529 363 0
3530 137 0
3531 252 1
3532 421 0
3533 290 0
3534 346 0
3535 269 0
3536 76 1
3537 85 0
3538 39 1
3539 16 0
3540 125 0
3541 295 1
3542 156 1
3543 92 1
3544 358 1
3545 50 1
3546 367 0
3547 165 1
3548 421 1
3549 456 0
3550 124 1
3551 257 1
3552 429 1
3553 196 1
3554 378 0
3555 135 1
3556 98 0
3557 21 1
3558 215 1
3559 211 0
3560 144 0
3561 220 1
3562 140 0
3563 418 1
3564 452 0
3565 57 1
3566 259 0
3567 319 1
3568 233 1
3569 240 0
3570 338 1
3571 232 1
3572 347 1
3573 266 1
3574 366 0
3575 288 0
3576 316 0
3577 140 0
3578 46 0
3579 204 0
3580 92 0
3581 159 1
3582 152 1
3583 123 0
3584 146 1
3585 114 1
3586 348 0
3587 38 1
3588 176 1
3589 410 1
3590 358 0
3591 172 1
3592 358 1
3593 283 1
3594 23 1
3595 21 0
3596 325 0
3597 9 1
3598 235 0
3599 439 0
3600 72 1
3601 441 0
3602 19 1
3603 268 0
3604 393 1
3605 314 1
3606 36 1
3607 120 0
3608 443 1
3609 409 1
3610 43 0
3611 157 1
3612 187 1
3613 456 1
3614 333 1
3615 379 1
3616 110 1
3617 435 1
3618 417 1
3619 392 1
3620 7 1
3621 257 1
3622 379 0
3623 82 1
3624 391 1
3625 406 0
3626 40 0
3627 412 0
3628 272 1
3629 226 1
3630 425 1
3631 162 1
3632 120 0
3633 308 0
3634 419 0
3635 43 1
3636 101 0
3637 114 1
3638 253 0
3639 455 1
3640 264 1
3641 230 1
3642 52 1
3643 142 1
3644 172 1
3645 116 1
3646 161 1
3647 318 1
3648 452 1
3649 429 1
3650 20 1
3651 451 0
3652 382 1
3653 213 0
3654 338 1
3655 432 1
3656 190 1
3657 58 1
3658 424 1
3659 211 1
3660 214 0
3661 345 1
3662 181 1
3663 232 1
3664 407 1
3665 166 1
3666 252 0
3667 159 1
3668 300 1
3669 389 1
3670 193 1
3671 358 1
3672 144 1
3673 236 1
3674 228 0
3675 248 0
3676 350 1
3677 393 1
3678 374 0
3679 283 1
3680 405 1
3681 361 0
3682 218 1
3683 411 0
3684 45 0
3685 241 1
3686 281 1
3687 231 1
3688 169 0
3689 112 0
3690 32 1
3691 415 1
3692 106 1
3693 66 1
3694 93 0
3695 414 1
3696 409 0
3697 275 1
3698 24 1
3699 264 1
3700 146 0
3701 375 0
3702 258 0
3703 5 0
3704 192 1
3705 400 0
3706 89 1
3707 217 1
3708 283 1
3709 286 1
3710 242 1
3711 417 1
3712 170 1
3713 397 1
3714 4 1
3715 297 1
3716 353 1
3717 222 1
3718 397 1
3719 156 1
3720 413 0
3721 389 0
3722 31 0
3723 240 1
3724 41 1
3725 233 0
3726 345 1
3727 53 1
3728 3 0
3729 320 0
3730 298 0
3731 226 1
3732 442 1
3733 347 0
3734 285 1
3735 88 0
3736 212 1
3737 285 0
3738 236 1
3739 134 0
3740 204 1
3741 104 1
3742 135 0
3743 217 1
3744 218 0
3745 214 0
3746 308 0
3747 251 1
3748 40 1
3749 250 1
3750 288 1
3751 108 1
3752 392 0
3753 319 1
3754 37 1
3755 25 1
3756 362 1
3757 367 1
3758 354 0
3759 246 1
3760 274 0
3761 240 0
3762 18 0
3763 451 0
3764 242 0
3765 384 1
3766 157 0
3767 148 0
3768 4 0
3769 297 0
3770 5 0
3771 351 1
3772 61 1
3773 52 1
3774 455 1
3775 140 1
3776 335 1
3777 430 1
3778 448 1
3779 446 1
3780 242 1
3781 373 1
3782 16 1
3783 101 0
3784 108 0
3785 131 1
3786 330 0
3787 91 0
3788 353 1
3789 383 0
3790 18 1
3791 197 0
3792 21 1
3793 248 1
3794 202 0
3795 313 1
3796 218 0
3797 30 1
3798 326 1
3799 290 0
3800 106 0
3801 158 1
3802 21 1
3803 404 1
3804 427 1
3805 300 1
3806 428 1
3807 340 0
3808 311 0
3809 71 1
3810 435 0
3811 110 1
3812 155 1
3813 6 0
3814 306 0
3815 68 1
3816 293 1
3817 424 1
3818 51 1
3819 265 1
3820 309 0
3821 41 0
3822 250 1
3823 339 1
3824 122 0
3825 193 1
3826 337 0
3827 362 1
3828 20 0
3829 159 1
3830 241 1
3831 314 1
3832 29 0
3833 426 1
3834 261 0
3835 135 1
3836 409 0
3837 2 1
3838 100 1
3839 339 1
3840 328 1
3841 389 0
3842 412 1
3843 309 1
3844 239 1
3845 335 0
3846 272 0
3847 99 1
3848 83 1
3849 382 0
3850 335 1
3851 33 0
3852 271 1
3853 98 0
3854 411 1
3855 204 0
3856 87 1
3857 98 0
3858 5 0
3859 85 1
3860 452 1
3861 267 1
3862 222 1
3863 143 1
3864 44 1
3865 226 0
3866 196 1
3867 275 1
3868 363 0
3869 414 1
3870 420 1
3871 174 1
3872 330 0
3873 160 1
3874 256 1
3875 122 1
3876 275 1
3877 126 1
3878 365 0
3879 345 1
3880 406 1
3881 364 0
3882 407 1
3883 187 1
3884 165 1
3885 205 1
3886 338 0
3887 246 1
3888 263 1
3889 121 1
3890 261 0
3891 414 1
3892 242 0
3893 152 0
3894 420 0
3895 135 0
3896 221 1
3897 122 0
3898 258 1
3899 93 1
3900 63 1
3901 161 1
3902 288 1
3903 221 1
3904 389 0
3905 257 1
3906 196 1
3907 373 1
3908 363 1
3909 164 0
3910 175 1
3911 304 1
3912 376 1
3913 177 1
3914 346 1
3915 243 1
3916 179 1
3917 420 1
3918 388 0
3919 205 1
3920 136 1
3921 122 0
3922 251 1
3923 346 0
3924 139 1
3925 58 0
3926 387 1
3927 321 1
3928 366 1
3929 125 0
3930 379 1
3931 240 1
3932 315 0
3933 144 1
3934 454 1
3935 142 1
3936 387 1
3937 74 1
3938 370 1
3939 404 1
3940 83 0
3941 433 0
3942 436 0
3943 385 1
3944 372 1
3945 174 0
3946 421 1
3947 428 1
3948 227 1
3949 100 0
3950 73 1
3951 423 1
3952 117 0
3953 250 0
3954 35 0
3955 148 1
3956 269 0
3957 165 0
3958 454 1
3959 201 0
3960 179 1
3961 272 1
3962 400 0
3963 455 1
3964 424 1
3965 2 0
3966 408 0
3967 75 1
3968 40 0
3969 164 1
3970 97 0
3971 263 1
3972 45 1
3973 224 0
3974 131 0
3975 444 1
3976 378 1
3977 29 1
3978 110 1
3979 66 0
3980 192 0
3981 115 0
3982 70 0
3983 277 1
3984 91 0
3985 288 1
3986 329 1
3987 166 0
3988 132 1
3989 450 1
3990 392 1
3991 116 0
3992 305 1
3993 175 1
3994 240 1
3995 34 1
3996 343 1
3997 116 1
3998 408 1
3999 168 1
4000 410 0
4001 333 1
4002 126 1
4003 266 0
4004 41 1
4005 63 1
4006 305 1
4007 288 1
4008 428 1
4009 179 0
4010 314 1
4011 185 1
4012 7 1
4013 257 1
4014 305 1
4015 68 1
4016 424 1
4017 183 1
4018 18 0
4019 384 1
4020 317 0
4021 35 0
4022 237 1
4023 386 1
4024 397 1
4025 452 0
4026 388 1
4027 98 1
4028 90 1
4029 388 1
4030 323 1
4031 263 1
4032 399 1
4033 415 1
4034 13 1
4035 52 1
4036 398 1
4037 71 0
4038 22 1
4039 453 0
4040 208 1
4041 283 1
4042 202 1
4043 145 1
4044 279 1
4045 264 0
4046 107 1
4047 43 0
4048 57 0
4049 75 0
4050 409 0
4051 435 0
4052 249 1
4053 137 0
4054 150 1
4055 267 0
4056 156 1
4057 107 0
4058 50 1
4059 228 1
4060 361 1
4061 83 0
4062 104 0
4063 160 0
4064 160 1
4065 300 1
4066 363 0
4067 36 1
4068 427 1
4069 2 1
4070 341 1
4071 88 1
4072 395 0
4073 432 1
4074 24 0
4075 384 1
4076 237 1
4077 40 0
4078 135 1
4079 146 1
4080 436 1
4081 440 0
4082 333 1
4083 105 0
4084 227 1
4085 32 0
4086 444 0
4087 149 0
4088 350 1
4089 437 0
4090 360 1
4091 369 1
4092 441 0
4093 90 1
4094 186 0
4095 24 1
4096 259 1
4097 115 0
4098 60 1
4099 48 1
4100 396 1
4101 397 0
4102 269 1
4103 374 0
4104 280 1
4105 145 1
4106 328 1
4107 356 0
4108 76 1
4109 6 1
4110 260 1
4111 2 0
4112 72 0
4113 264 0
4114 405 0
4115 453 1
4116 3 1
4117 336 1
4118 90 1
4119 43 1
4120 182 1
4121 130 1
4122 312 0
4123 398 0
4124 51 1
4125 226 1
4126 11 1
4127 441 1
4128 379 0
4129 249 1
4130 170 1
4131 246 1
4132 212 1
4133 55 0
4134 377 1
4135 250 0
4136 320 0
4137 222 1
4138 18 1
4139 139 1
4140 176 0
4141 449 1
4142 136 1
4143 339 0
4144 290 0
4145 418 0
4146 409 0
4147 243 1
4148 365 1
4149 43 1
4150 6 1
4151 454 1
4152 283 1
4153 110 1
4154 448 1
4155 439 1
4156 191 1
4157 422 0
4158 15 1
4159 28 1
4160 11 1
4161 375 1
4162 230 1
4163 126 1
4164 102 0
4165 456 1
4166 72 0
4167 78 0
4168 280 1
4169 233 1
4170 48 1
4171 46 1
4172 255 1
4173 176 0
4174 349 1
4175 186 1
4176 228 1
4177 322 0
4178 366 0
4179 171 0
4180 262 0
4181 187 1
4182 265 1
4183 266 1
4184 31 0
4185 425 0
4186 324 0
4187 353 0
4188 59 0
4189 2 0
4190 344 1
4191 310 1
4192 361 0
4193 182 1
4194 267 1
4195 348 1
4196 133 0
4197 407 0
4198 412 1
4199 62 1
4200 325 1
4201 98 0
4202 44 1
4203 346 1
4204 133 0
4205 87 1
4206 148 0
4207 168 1
4208 215 0
4209 388 1
4210 314 0
4211 131 1
4212 1 1
4213 423 0
4214 363 1
4215 432 0
4216 91 1
4217 455 0
4218 100 1
4219 306 1
4220 303 1
4221 286 1
4222 400 1
4223 78 0
4224 415 1
4225 217 0
4226 355 1
4227 261 1
4228 4 1
4229 311 1
4230 288 1
4231 208 1
4232 392 1
4233 125 1
4234 159 0
4235 301 1
4236 401 0
4237 31 1
4238 194 1
4239 77 0
4240 186 0
4241 422 1
4242 184 0
4243 16 1
4244 62 1
4245 200 1
4246 223 1
4247 340 1
4248 189 1
4249 225 0
4250 14 1
4251 421 0
4252 265 1
4253 301 0
4254 172 0
4255 186 1
4256 215 1
4257 18 1
4258 445 1
4259 232 0
4260 395 0
4261 44 1
4262 416 1
4263 385 1
4264 425 1
4265 106 1
4266 288 0
4267 431 0
4268 133 0
4269 131 1
4270 228 1
4271 274 1
4272 79 0
4273 29 1
4274 360 0
4275 183 1
4276 269 1
4277 68 1
4278 187 1
4279 408 1
4280 182 1
4281 204 0
4282 195 0
4283 176 1
4284 27 1
4285 277 1
4286 236 1
4287 309 0
4288 419 1
4289 415 1
4290 141 1
4291 195 1
4292 402 1
4293 213 1
4294 292 1
4295 354 1
4296 288 0
4297 63 0
4298 345 0
4299 455 1
4300 123 1
4301 203 1
4302 402 1
4303 250 0
4304 392 1
4305 227 1
4306 416 0
4307 95 1
4308 261 1
4309 101 1
4310 82 0
4311 146 1
4312 165 1
4313 6 1
4314 25 0
4315 0 0
4316 312 1
4317 118 1
4318 292 1
4319 163 1
4320 186 1
4321 370 1
4322 423 0
4323 80 0
4324 350 1
4325 390 1
4326 213 1
4327 379 0
4328 322 1
4329 7 1
4330 456 1
4331 106 0
4332 245 1
4333 110 1
4334 168 0
4335 341 1
4336 273 1
4337 74 1
4338 295 1
4339 75 1
4340 404 1
4341 196 0
4342 86 1
4343 113 0
4344 146 1
4345 366 0
4346 162 0
4347 456 0
4348 272 1
4349 29 0
4350 449 1
4351 371 1
4352 200 1
4353 113 0
4354 210 0
4355 259 1
4356 195 1
4357 349 0
4358 217 1
4359 301 0
4360 193 1
4361 51 1
4362 224 1
4363 305 0
4364 225 0
4365 55 1
4366 315 1
4367 56 0
4368 59 0
4369 94 1
4370 391 1
4371 36 1
4372 420 1
4373 21 1
4374 0 1
4375 85 1
4376 107 1
4377 125 1
4378 253 1
4379 438 0
4380 409 0
4381 270 0
4382 72 1
4383 323 1
4384 106 1
4385 11 1
4386 415 0
4387 237 0
4388 8 1
4389 133 1
4390 156 0
4391 271 1
4392 423 1
4393 205 1
4394 13 1
4395 273 1
4396 288 1
4397 230 0
4398 22 1
4399 102 0
4400 156 1
4401 237 0
4402 194 0
4403 67 0
4404 308 1
4405 280 1
4406 453 0
4407 337 0
4408 99 1
4409 212 0
4410 371 0
4411 110 0
4412 147 1
4413 173 1
4414 79 1
4415 332 1
4416 457 1
4417 384 0
4418 161 1
4419 6 0
4420 228 0
4421 85 1
4422 447 1
4423 251 1
4424 151 0
4425 269 0
4426 33 0
4427 301 1
4428 330 1
4429 349 0
4430 359 1
4431 222 1
4432 369 1
4433 162 1
4434 209 0
4435 118 1
4436 31 0
4437 304 1
4438 237 0
4439 177 0
4440 103 1
4441 63 1
4442 403 0
4443 350 1
4444 448 1
4445 261 1
4446 75 1
4447 284 0
4448 241 1
4449 94 0
4450 191 0
4451 40 1
4452 60 1
4453 276 1
4454 18 1
4455 296 0
4456 19 0
4457 291 1
4458 300 1
4459 307 1
4460 1 1
4461 216 0
4462 170 0
4463 63 0
4464 99 1
4465 15 1
4466 14 1
4467 88 0
4468 10 0
4469 406 1
4470 429 0
4471 184 1
4472 179 0
4473 56 0
4474 201 0
4475 312 1
4476 50 1
4477 279 0
4478 181 1
4479 243 1
4480 144 1
4481 147 1
4482 381 1
4483 232 1
4484 211 1
4485 455 1
4486 0 1
4487 240 1
4488 233 1
4489 235 1
4490 235 0
4491 213 0
4492 228 1
4493 83 0
4494 445 1
4495 266 1
4496 160 1
4497 323 1
4498 226 0
4499 85 0
4500 312 1
4501 195 0
4502 332 1
4503 102 0
4504 341 0
4505 152 1
4506 37 0
4507 404 1
4508 10 1
4509 251 0
4510 389 0
4511 196 0
4512 49 0
4513 243 0
4514 193 1
4515 288 1
4516 445 0
4517 427 0
4518 104 1
4519 2 0
4520 20 1
4521 140 1
4522 97 0
4523 357 0
4524 150 0
4525 173 1
4526 277 0
4527 241 1
4528 431 1
4529 178 0
4530 354 1
4531 281 0
4532 136 1
4533 270 1
4534 390 1
4535 296 1
4536 4 1
4537 78 1
4538 99 0
4539 242 1
4540 161 1
4541 398 1
4542 361 1
4543 341 1
4544 275 1
4545 110 0
4546 173 1
4547 123 1
4548 251 1
4549 126 1
4550 243 1
4551 238 1
4552 435 1
4553 382 1
4554 293 0
4555 393 1
4556 158 0
4557 45 1
4558 125 0
4559 5 1
4560 24 1
4561 149 0
4562 82 1
4563 83 1
4564 242 1
4565 161 1
4566 242 0
4567 308 1
4568 258 1
4569 364 1
4570 433 0
4571 158 1
4572 210 1
4573 262 1
4574 166 1
4575 278 1
4576 416 1
4577 456 1
4578 276 0
4579 441 0
4580 392 0
4581 88 0
4582 121 1
4583 7 1
4584 205 1
4585 83 1
4586 213 1
4587 415 1
4588 55 1
4589 335 1
4590 96 1
4591 22 1
4592 159 0
4593 162 0
4594 203 1
4595 71 0
4596 324 0
4597 348 1
4598 132 1
4599 401 1
4600 303 1
4601 127 0
4602 302 0
4603 92 0
4604 371 1
4605 189 1
4606 158 0
4607 97 1
4608 299 1
4609 328 1
4610 438 0
4611 250 1
4612 169 1
4613 326 0
4614 72 1
4615 248 1
4616 364 1
4617 43 1
4618 69 1
4619 176 0
4620 138 1
4621 25 1
4622 153 1
4623 190 0
4624 415 0
4625 107 0
4626 37 1
4627 277 1
4628 74 1
4629 84 1
4630 59 1
4631 131 1
4632 318 1
4633 241 1
4634 344 1
4635 404 1
4636 326 0
4637 355 1
4638 128 0
4639 84 0
4640 183 0
4641 91 1
4642 159 1
4643 36 1
4644 124 1
4645 23 1
4646 63 1
4647 216 1
4648 397 1
4649 344 1
4650 417 1
4651 375 1
4652 262 1
4653 409 1
4654 395 1
4655 85 0
4656 295 1
4657 442 1
4658 121 0
4659 332 0
4660 209 1
4661 38 1
4662 86 1
4663 263 1
4664 288 0
4665 376 1
4666 16 1
4667 143 1
4668 109 1
4669 312 0
4670 163 0
4671 234 1
4672 150 0
4673 100 1
4674 306 1
4675 127 0
4676 398 0
4677 397 1
4678 454 0
4679 120 1
4680 454 1
4681 142 0
4682 333 0
4683 358 1
4684 447 0
4685 132 1
4686 185 1
4687 221 1
4688 194 1
4689 184 1
4690 398 0
4691 134 1
4692 53 1
4693 399 0
4694 378 0
4695 402 0
4696 135 1
4697 420 0
4698 439 0
4699 62 1
4700 108 1
4701 157 1
4702 170 1
4703 239 1
4704 344 1
4705 406 1
4706 345 1
4707 198 0
4708 258 1
4709 58 0
4710 236 1
4711 94 0
4712 157 1
4713 449 0
4714 410 0
4715 143 0
4716 315 0
4717 421 1
4718 289 0
4719 391 1
4720 236 1
4721 1 1
4722 32 0
4723 98 1
4724 407 1
4725 44 1
4726 227 1
4727 166 0
4728 228 1
4729 100 1
4730 244 1
4731 274 1
4732 86 0
4733 162 1
4734 50 1
4735 126 0
4736 11 1
4737 444 1
4738 394 0
4739 401 0
4740 309 1
4741 105 1
4742 125 0
4743 39 1
4744 39 1
4745 109 0
4746 383 1
4747 419 1
4748 196 0
4749 454 0
4750 253 1
4751 144 1
4752 317 1
4753 375 1
4754 283 1
4755 207 1
4756 305 1
4757 246 1
4758 195 0
4759 393 1
4760 1 1
4761 94 0
4762 3 1
4763 39 0
4764 214 1
4765 57 0
4766 225 0
4767 342 1
4768 399 0
4769 406 1
4770 154 1
4771 426 1
4772 44 0
4773 42 1
4774 111 1
4775 16 0
4776 90 0
4777 107 0
4778 200 0
4779 361 0
4780 216 1
4781 34 1
4782 229 1
4783 102 1
4784 177 1
4785 5 0
4786 205 1
4787 401 0
4788 257 1
4789 31 0
4790 64 1
4791 56 0
4792 192 1
4793 282 1
4794 344 1
4795 383 1
4796 214 0
4797 119 1
4798 369 0
4799 224 1
4800 271 0
4801 30 1
4802 272 0
4803 303 1
4804 450 0
4805 15 1
4806 450 0
4807 245 0
4808 303 1
4809 152 0
4810 322 1
4811 359 0
4812 70 0
4813 132 0
4814 276 1
4815 104 1
4816 162 0
4817 176 1
4818 141 0
4819 81 0
4820 0 1
4821 257 0
4822 236 1
4823 210 0
4824 181 0
4825 338 1
4826 16 0
4827 158 1
4828 293 0
4829 136 1
4830 189 0
4831 269 1
4832 442 1
4833 396 1
4834 77 0
4835 326 0
4836 184 0
4837 69 1
4838 238 1
4839 77 1
4840 251 1
4841 7 1
4842 230 1
4843 422 1
4844 456 0
4845 245 0
4846 408 1
4847 183 0
4848 77 1
4849 93 0
4850 208 1
4851 265 1
4852 120 1
4853 354 1
4854 223 1
4855 354 0
4856 456 0
4857 352 1
4858 103 1
4859 328 1
4860 450 0
4861 391 0
4862 205 1
4863 368 0
4864 271 1
4865 47 0
4866 456 0
4867 414 1
4868 223 0
4869 53 1
4870 352 0
4871 73 1
4872 379 1
4873 155 1
4874 318 0
4875 194 0
4876 208 1
4877 321 0
4878 244 1
4879 306 1
4880 269 0
4881 80 1
4882 241 1
4883 421 0
4884 415 0
4885 63 0
4886 34 1
4887 271 1
4888 172 1
4889 13 1
4890 28 0
4891 412 1
4892 370 1
4893 260 1
4894 83 1
4895 248 0
4896 71 1
4897 163 1
4898 9 1
4899 353 1
4900 210 1
4901 310 1
4902 196 1
4903 233 0
4904 126 1
4905 436 1
4906 31 1
4907 0 1
4908 241 1
4909 167 1
4910 436 1
4911 220 1
4912 388 0
4913 396 1
4914 119 1
4915 364 1
4916 351 1
4917 184 1
4918 408 0
4919 34 1
4920 240 0
4921 298 0
4922 436 1
4923 282 1
4924 135 1
4925 121 0
4926 18 0
4927 231 1
4928 368 1
4929 380 1
4930 36 0
4931 426 1
4932 112 1
4933 52 1
4934 112 0
4935 206 0
4936 133 1
4937 268 0
4938 345 0
4939 400 0
4940 152 0
4941 237 0
4942 14 1
4943 187 0
4944 213 1
4945 21 0
4946 429 1
4947 246 1
4948 142 0
4949 248 1
4950 420 1
4951 250 1
4952 43 0
4953 309 0
4954 187 1
4955 20 1
4956 382 1
4957 86 1
4958 302 1
4959 388 1
4960 416 0
4961 341 1
4962 399 1
4963 114 1
4964 4 0
4965 405 1
4966 359 0
4967 164 1
4968 292 1
4969 366 0
4970 267 0
4971 360 1
4972 253 1
4973 164 0
4974 329 0
4975 189 0
4976 80 1
4977 284 0
4978 269 0
4979 138 1
4980 337 1
4981 342 0
4982 350 1
4983 216 0
4984 64 1
4985 205 1
4986 120 1
4987 132 0
4988 164 1
4989 47 1
4990 1 0
4991 357 1
4992 342 0
4993 136 1
4994 159 1
4995 38 1
4996 3 0
4997 311 1
4998 429 1
4999 114 0
5000 228 0
5001 434 1
5002 37 1
5003 298 0
5004 15 1
5005 272 1
5006 158 0
5007 131 1
5008 389 0
5009 265 1
5010 151 0
5011 197 1
5012 259 1
5013 83 0
5014 153 1
5015 333 1
5016 93 1
5017 340 1
5018 62 1
5019 400 1
5020 102 0
5021 161 1
5022 420 1
5023 372 1
5024 169 1
5025 86 1
5026 92 1
5027 50 1
5028 333 1
5029 192 1
5030 399 0
5031 20 0
5032 21 0
5033 232 1
5034 116 0
5035 194 1
5036 423 1
5037 90 1
5038 223 1
5039 347 0
5040 251 1
5041 322 1
5042 292 1
5043 270 1
5044 115 1
5045 229 0
5046 106 0
5047 158 1
5048 151 1
5049 244 1
5050 142 1
5051 97 0
5052 369 0
5053 103 1
5054 259 1
5055 136 0
5056 35 0
5057 395 0
5058 406 1
5059 70 1
5060 246 0
5061 188 1
5062 125 1
5063 89 1
5064 313 1
5065 154 1
5066 381 0
5067 207 1
5068 48 1
5069 36 1
5070 370 1
5071 359 1
5072 206 1
5073 342 1
5074 80 1
5075 251 1
5076 287 1
5077 288 1
5078 362 1
5079 299 1
5080 286 1
5081 283 1
5082 281 1
5083 77 0
5084 410 1
5085 213 0
5086 285 1
5087 337 0
5088 21 0
5089 221 1
5090 209 0
5091 37 0
5092 64 0
5093 27 1
5094 278 1
5095 253 1
5096 355 0
5097 349 0
5098 178 1
5099 84 1
5100 81 0
5101 28 1
5102 21 1
5103 9 1
5104 128 0
5105 211 1
5106 312 1
5107 444 1
5108 149 1
5109 378 0
5110 407 0
5111 109 1
5112 320 1
5113 59 0
5114 2 0
5115 205 1
5116 84 0
5117 93 1
5118 141 0
5119 182 0
5120 400 1
5121 217 1
5122 218 1
5123 241 1
5124 284 1
5125 405 1
5126 404 1
5127 114 0
5128 125 1
5129 341 1
5130 384 0
5131 245 0
5132 357 0
5133 149 1
5134 17 0
5135 378 1
5136 301 1
5137 282 1
5138 409 0
5139 38 0
5140 262 1
5141 45 0
5142 110 1
5143 84 1
5144 366 1
5145 396 0
5146 125 1
5147 336 1
5148 98 0
5149 98 0
5150 393 0
5151 108 0
5152 259 1
5153 331 1
5154 33 1
5155 22 1
5156 423 1
5157 79 0
5158 227 0
5159 378 1
5160 199 0
5161 4 1
5162 76 1
5163 382 1
5164 437 1
5165 323 0
5166 110 1
5167 185 0
5168 433 1
5169 155 0
5170 38 0
5171 337 1
5172 246 0
5173 181 1
5174 189 0
5175 185 0
5176 453 1
5177 289 1
5178 141 0
5179 280 1
5180 271 0
5181 68 1
5182 187 1
5183 360 1
5184 380 1
5185 204 0
5186 235 1
5187 66 0
5188 75 0
5189 107 1
5190 384 1
5191 230 1
5192 58 1
5193 94 0
5194 309 1
5195 353 1
5196 130 1
5197 113 1
5198 285 1
5199 90 0
5200 107 1
5201 236 1
5202 378 1
5203 434 1
5204 126 0
5205 328 0
5206 409 0
5207 75 0
5208 230 0
5209 277 1
5210 120 0
5211 238 1
5212 205 1
5213 178 1
5214 435 0
5215 308 1
5216 104 0
5217 2 0
5218 456 0
5219 122 1
5220 61 1
5221 279 1
5222 127 0
5223 91 1
5224 101 1
5225 14 1
5226 117 1
5227 82 1
5228 248 1
5229 457 1
5230 104 1
5231 309 1
5232 3 1
5233 335 1
5234 290 0
5235 160 1
5236 25 1
5237 432 0
5238 371 1
5239 119 0
5240 10 0
5241 303 1
5242 30 1
5243 94 1
5244 255 1
5245 45 0
5246 434 1
5247 212 1
5248 242 1
5249 438 0
5250 122 0
5251 69 1
5252 191 0
5253 368 0
5254 177 0
5255 220 0
5256 231 1
5257 383 0
5258 61 1
5259 82 0
5260 112 1
5261 320 1
5262 92 0
5263 101 0
5264 163 1
5265 18 0
5266 324 1
5267 8 0
5268 166 0
5269 263 1
5270 440 1
5271 107 0
5272 125 1
5273 51 0
5274 85 1
5275 146 1
5276 330 1
5277 353 0
5278 82 1
5279 367 0
5280 145 1
5281 140 1
5282 49 0
5283 103 1
5284 135 1
5285 135 1
5286 426 0
5287 399 1
5288 376 0
5289 381 0
5290 228 0
5291 268 0
5292 78 0
5293 133 1
5294 227 1
5295 50 0
5296 427 1
5297 418 1
5298 408 0
5299 302 0
5300 41 0
5301 305 1
5302 289 0
5303 171 1
5304 306 1
5305 244 0
5306 164 0
5307 245 0
5308 285 1
5309 48 1
5310 420 0
5311 3 0
5312 323 1
5313 19 1
5314 95 1
5315 427 1
5316 335 1
5317 214 1
5318 130 1
5319 442 1
5320 21 0
5321 123 1
5322 351 1
5323 73 1
5324 289 1
5325 301 0
5326 219 1
5327 252 1
5328 335 0
5329 392 1
5330 202 0
5331 177 1
5332 245 0
5333 314 1
5334 318 1
5335 388 1
5336 136 1
5337 136 0
5338 422 0
5339 276 1
5340 364 1
5341 116 0
5342 33 0
5343 244 1
5344 249 1
5345 375 1
5346 150 0
5347 141 0
5348 62 1
5349 347 0
5350 363 1
5351 331 1
5352 365 0
5353 139 0
5354 286 1
5355 159 1
5356 144 1
5357 351 1
5358 253 1
5359 121 0
5360 385 0
5361 106 0
5362 202 0
5363 83 1
5364 346 1
5365 255 1
5366 284 1
5367 360 1
5368 239 1
5369 97 0
5370 66 0
5371 259 1
5372 142 1
5373 421 1
5374 325 1
5375 50 0
5376 192 1
5377 397 1
5378 47 1
5379 234 0
5380 30 1
5381 220 0
5382 262 1
5383 48 1
5384 232 0
5385 145 1
5386 11 1
5387 119 1
5388 134 1
5389 159 0
5390 235 0
5391 287 1
5392 9 0
5393 397 1
5394 283 0
5395 25 1
5396 274 1
5397 170 1
5398 435 0
5399 156 1
5400 7 1
5401 118 1
5402 283 0
5403 206 1
5404 387 1
5405 28 1
5406 184 1
5407 202 1
5408 151 1
5409 249 1
5410 384 1
5411 324 1
5412 95 1
5413 380 0
5414 356 0
5415 316 0
5416 449 1
5417 382 1
5418 247 1
5419 301 1
5420 105 1
5421 409 1
5422 254 1
5423 24 1
5424 398 1
5425 416 1
5426 123 1
5427 134 1
5428 387 1
5429 358 0
5430 169 1
5431 191 1
5432 226 1
5433 10 0
5434 313 0
5435 260 1
5436 250 1
5437 249 1
5438 433 0
5439 28 1
5440 122 1
5441 273 0
5442 337 1
5443 107 1
5444 74 1
5445 95 0
5446 292 1
5447 14 1
5448 12 0
5449 144 0
5450 404 1
5451 286 1
5452 192 1
5453 277 0
5454 385 1
5455 151 1
5456 325 0
5457 397 0
5458 442 1
5459 14 0
5460 88 0
5461 369 0
5462 5 1
5463 18 1
5464 442 0
5465 377 1
5466 143 1
5467 160 1
5468 350 1
5469 112 1
5470 284 1
5471 395 1
5472 298 1
5473 391 1
5474 414 1
5475 374 1
5476 124 0
5477 2 1
5478 245 0
5479 181 0
5480 250 1
5481 193 0
5482 339 1
5483 338 1
5484 401 1
5485 85 0
5486 324 1
5487 447 0
5488 390 1
5489 56 1
5490 395 1
5491 425 0
5492 326 0
5493 225 1
5494 57 0
5495 376 1
5496 82 1
5497 311 0
5498 74 1
5499 228 1
5500 253 0
5501 279 1
5502 403 1
5503 386 1
5504 259 1
5505 292 1
5506 449 1
5507 292 1
5508 263 1
5509 430 0
5510 109 1
5511 238 1
5512 69 1
5513 222 0
5514 318 1
5515 229 0
5516 374 0
5517 300 0
5518 352 1
5519 299 1
5520 213 1
5521 384 0
5522 426 1
5523 131 1
5524 345 1
5525 162 0
5526 61 0
5527 255 1
5528 34 0
5529 341 0
5530 79 1
5531 41 0
5532 196 1
5533 383 1
5534 146 0
5535 278 1
5536 391 1
5537 207 1
5538 32 1
5539 167 1
5540 17 1
5541 441 1
5542 271 0
5543 242 1
5544 291 1
5545 234 0
5546 272 1
5547 400 1
5548 228 0
5549 136 1
5550 159 1
5551 378 1
5552 229 0
5553 452 0
5554 8 1
5555 283 1
5556 66 0
5557 138 1
5558 115 1
5559 219 1
5560 82 1
5561 387 0
5562 340 1
5563 400 1
5564 265 0
5565 94 0
5566 68 0
5567 93 0
5568 176 1
5569 169 0
5570 316 1
5571 243 0
5572 328 1
5573 330 1
5574 372 0
5575 2 0
5576 155 0
5577 419 1
5578 329 0
5579 215 1
5580 15 1
5581 172 1
5582 392 0
5583 449 1
5584 455 0
5585 328 1
5586 222 1
5587 272 0
5588 105 0
5589 146 0
5590 269 0
5591 118 0
5592 148 0
5593 72 0
5594 51 0
5595 224 1
5596 242 0
5597 184 1
5598 272 1
5599 287 1
5600 370 1
5601 158 1
5602 339 0
5603 262 0
5604 184 0
5605 108 1
5606 133 0
5607 31 1
5608 340 1
5609 334 0
5610 35 1
5611 33 0
5612 73 1
5613 454 1
5614 394 1
5615 224 1
5616 50 1
5617 17 1
5618 423 1
5619 445 1
5620 264 0
5621 214 0
5622 356 1
5623 220 1
5624 416 1
5625 205 0
5626 231 0
5627 305 1
5628 456 1
5629 260 1
5630 194 1
5631 343 0
5632 444 1
5633 245 1
5634 250 1
5635 169 1
5636 395 0
5637 29 1
5638 204 1
5639 107 1
5640 413 1
5641 225 1
5642 127 1
5643 68 0
5644 408 1
5645 162 1
5646 423 1
5647 457 0
5648 441 1
5649 429 1
5650 120 1
5651 323 0
5652 100 0
5653 419 1
5654 245 1
5655 77 0
5656 449 1
5657 422 1
5658 409 0
5659 278 0
5660 428 1
5661 113 1
5662 63 1
5663 379 0
5664 1 0
5665 314 1
5666 67 0
5667 214 1
5668 142 1
5669 47 1
5670 278 1
5671 164 0
5672 3 1
5673 422 0
5674 228 1
5675 347 1
5676 258 1
5677 169 0
5678 150 1
5679 402 0
5680 51 1
5681 307 1
5682 47 0
5683 353 0
5684 307 1
5685 187 1
5686 101 0
5687 431 1
5688 90 0
5689 93 1
5690 214 1
5691 59 1
5692 20 0
5693 404 1
5694 353 1
5695 389 1
5696 216 1
5697 98 1
5698 370 1
5699 97 0
5700 427 1
5701 381 1
5702 212 0
5703 244 1
5704 360 1
5705 196 1
5706 388 0
5707 200 1
5708 60 1
5709 188 1
5710 139 1
5711 427 0
5712 393 1
5713 229 0
5714 128 1
5715 101 1
5716 153 0
5717 271 0
5718 446 1
5719 277 0
5720 4 1
5721 42 0
5722 306 1
5723 377 1
5724 456 1
5725 390 0
5726 228 0
5727 69 1
5728 37 1
5729 78 1
5730 167 1
5731 331 1
5732 305 1
5733 330 0
5734 235 1
5735 219 0
5736 200 1
5737 209 1
5738 113 0
5739 448 1
5740 270 0
5741 283 1
5742 316 0
5743 271 1
5744 226 1
5745 94 1
5746 173 1
5747 359 1
5748 112 0
5749 349 1
5750 415 1
5751 198 0
5752 405 1
5753 205 1
5754 111 0
5755 205 1
5756 152 1
5757 32 0
5758 416 0
5759 397 1
5760 298 1
5761 223 0
5762 36 0
5763 68 0
5764 355 0
5765 106 1
5766 103 1
5767 46 1
5768 287 0
5769 144 1
5770 58 1
5771 391 1
5772 414 1
5773 255 1
5774 371 1
5775 168 1
5776 262 1
5777 259 1
5778 91 1
5779 23 1
5780 355 0
5781 369 1
5782 10 0
5783 85 1
5784 278 1
5785 272 1
5786 155 1
5787 88 1
5788 239 0
5789 61 1
5790 114 1
5791 398 1
5792 230 1
5793 285 1
5794 136 1
5795 377 1
5796 47 0
5797 102 1
5798 281 0
5799 389 1
5800 450 0
5801 13 1
5802 19 0
5803 294 0
5804 21 1
5805 444 1
5806 160 1
5807 155 1
5808 159 1
5809 287 0
5810 358 1
5811 397 1
5812 71 1
5813 73 0
5814 262 1
5815 63 0
5816 242 1
5817 13 0
5818 212 1
5819 95 1
5820 204 1
5821 436 0
5822 42 1
5823 330 1
5824 184 1
5825 107 1
5826 399 0
5827 100 0
5828 122 0
5829 433 1
5830 212 1
5831 250 0
5832 115 0
5833 325 1
5834 112 1
5835 170 1
5836 112 1
5837 290 1
5838 350 1
5839 389 1
5840 389 0
5841 228 0
5842 154 1
5843 411 1
5844 113 1
5845 305 1
5846 2 1
5847 424 0
5848 394 0
5849 55 1
5850 322 0
5851 432 1
5852 408 0
5853 164 1
5854 36 1
5855 410 0
5856 236 0
5857 366 1
5858 119 1
5859 277 1
5860 282 1
5861 168 0
5862 256 1
5863 12 0
5864 1 1
5865 309 0
5866 292 1
5867 367 1
5868 158 1
5869 118 0
5870 237 1
5871 230 0
5872 319 0
5873 440 0
5874 67 0
5875 281 1
5876 451 1
5877 244 1
5878 159 1
5879 52 1
5880 323 1
5881 60 1
5882 220 1
5883 434 0
5884 111 1
5885 149 0
5886 233 1
5887 397 1
5888 93 0
5889 143 1
5890 282 1
5891 120 0
5892 449 1
5893 101 1
5894 163 1
5895 378 1
5896 90 0
5897 255 1
5898 18 1
5899 265 1
5900 394 0
5901 19 1
5902 403 1
5903 298 1
5904 440 0
5905 233 0
5906 17 1
5907 82 1
5908 294 0
5909 226 1
5910 405 0
5911 97 0
5912 161 0
5913 417 1
5914 159 1
5915 308 1
5916 249 0
5917 300 1
5918 354 1
5919 267 0
5920 158 1
5921 142 0
5922 5 1
5923 218 1
5924 53 1
5925 334 0
5926 167 0
5927 106 0
5928 359 1
5929 84 0
5930 358 0
5931 190 1
5932 296 0
5933 377 0
5934 207 1
5935 138 1
5936 330 1
5937 116 1
5938 116 1
5939 246 1
5940 389 1
5941 237 0
5942 129 0
5943 3 1
5944 443 0
5945 158 0
5946 57 1
5947 68 1
5948 449 1
5949 156 0
5950 242 1
5951 139 1
5952 151 0
5953 61 1
5954 200 1
5955 46 1
5956 5 0
5957 264 1
5958 204 1
5959 232 1
5960 389 1
5961 109 1
5962 349 0
5963 410 1
5964 233 1
5965 115 0
5966 402 0
5967 201 1
5968 121 0
5969 7 1
5970 111 1
5971 29 0
5972 372 0
5973 318 1
5974 170 0
5975 307 0
5976 92 0
5977 158 1
5978 204 0
5979 393 0
5980 218 1
5981 31 0
5982 407 1
5983 361 1
5984 70 0
5985 392 1
5986 422 1
5987 365 1
5988 324 1
5989 30 1
5990 351 0
5991 172 1
5992 364 0
5993 72 1
5994 17 0
5995 124 0
5996 125 1
5997 9 1
5998 456 0
5999 179 1
6000 314 0
6001 284 0
6002 144 1
6003 225 1
6004 451 0
6005 81 1
6006 204 1
6007 398 1
6008 160 0
6009 289 0
6010 87 1
6011 448 1
6012 178 1
6013 356 1
6014 403 1
6015 279 0
6016 259 1
6017 114 0
6018 364 1
6019 448 1
6020 172 1
6021 312 0
6022 324 1
6023 96 1
6024 333 0
6025 239 1
6026 408 1
6027 243 1
6028 228 1
6029 373 0
6030 253 1
6031 8 1
6032 367 0
6033 33 0
6034 39 1
6035 241 0
6036 128 1
6037 197 0
6038 382 0
6039 90 1
6040 255 1
6041 253 1
6042 134 1
6043 402 0
6044 214 1
6045 145 1
6046 156 0
6047 97 1
6048 310 0
6049 408 1
6050 222 1
6051 170 1
6052 287 1
6053 414 1
6054 203 1
6055 44 0
6056 409 0
6057 307 1
6058 370 0
6059 57 1
6060 180 0
6061 170 1
6062 423 1
6063 436 1
6064 43 1
6065 235 1
6066 154 1
6067 192 1
6068 315 1
6069 228 0
6070 228 0
6071 128 1
6072 145 1
6073 332 1
6074 264 0
6075 253 1
6076 235 0
6077 356 1
6078 301 1
6079 53 1
6080 331 1
6081 186 1
6082 236 0
6083 10 1
6084 137 0
6085 222 1
6086 120 1
6087 155 1
6088 397 1
6089 392 0
6090 29 1
6091 257 1
6092 186 1
6093 41 1
6094 100 0
6095 442 0
6096 417 1
6097 1 1
6098 193 1
6099 357 0
6100 352 1
6101 271 0
6102 49 0
6103 349 1
6104 32 0
6105 259 1
6106 46 0
6107 359 0
6108 281 1
6109 296 1
6110 71 1
6111 390 1
6112 61 0
6113 294 1
6114 13 1
6115 160 1
6116 349 1
6117 415 1
6118 434 1
6119 454 1
6120 165 0
6121 137 1
6122 347 1
6123 443 0
6124 50 1
6125 129 1
6126 173 1
6127 220 0
6128 28 1
6129 65 0
6130 283 0
6131 442 1
6132 233 1
6133 183 1
6134 281 1
6135 286 1
6136 11 1
6137 199 1
6138 39 1
6139 106 1
6140 76 0
6141 278 1
6142 296 1
6143 128 0
6144 164 1
6145 400 1
6146 28 1
6147 199 1
6148 359 1
6149 48 1
6150 138 1
6151 204 1
6152 334 0
6153 85 1
6154 198 1
6155 72 1
6156 2 1
6157 134 1
6158 1 1
6159 232 1
6160 31 1
6161 190 1
6162 135 0
6163 355 1
6164 381 0
6165 321 1
6166 348 0
6167 246 0
6168 47 1
6169 174 1
6170 132 1
6171 130 1
6172 173 1
6173 42 1
6174 136 1
6175 375 1
6176 25 1
6177 294 0
6178 72 1
6179 300 1
6180 205 1
6181 91 1
6182 231 0
6183 354 1
6184 278 1
6185 134 0
6186 384 1
6187 120 1
6188 138 0
6189 343 1
6190 13 1
6191 17 1
6192 367 0
6193 267 1
6194 80 0
6195 10 0
6196 307 1
6197 415 0
6198 15 0
6199 427 1
6200 449 1
6201 246 0
6202 436 1
6203 85 1
6204 139 0
6205 391 0
6206 264 1
6207 293 1
6208 297 1
6209 222 0
6210 246 1
6211 238 1
6212 369 0
6213 209 1
6214 116 1
6215 254 1
6216 351 0
6217 93 0
6218 20 1
6219 446 1
6220 217 1
6221 414 1
6222 399 0
6223 265 1
6224 385 1
6225 157 0
6226 330 1
6227 302 1
6228 201 1
6229 236 0
6230 301 1
6231 35 0
6232 109 1
6233 65 1
6234 408 1
6235 357 0
6236 44 1
6237 259 1
6238 104 1
6239 257 0
6240 163 0
6241 239 1
6242 419 0
6243 379 0
6244 205 1
6245 90 1
6246 190 0
6247 242 0
6248 287 1
6249 39 1
6250 430 1
6251 439 1
6252 285 0
6253 69 1
6254 374 1
6255 30 1
6256 316 0
6257 217 1
6258 421 1
6259 50 0
6260 296 1
6261 217 0
6262 299 0
6263 396 0
6264 377 1
6265 433 1
6266 407 1
6267 433 1
6268 230 1
6269 233 0
6270 438 1
6271 294 1
6272 143 1
6273 184 0
6274 226 0
6275 274 1
6276 408 0
6277 161 0
6278 103 1
6279 411 0
6280 110 0
6281 440 1
6282 377 0
6283 361 1
6284 104 1
6285 364 1
6286 10 0
6287 415 1
6288 321 1
6289 259 0
6290 409 0
6291 189 0
6292 211 1
6293 184 1
6294 26 1
6295 404 1
6296 99 1
6297 298 1
6298 446 0
6299 236 1
6300 406 0
6301 176 1
6302 444 1
6303 145 0
6304 308 1
6305 431 1
6306 123 1
6307 228 1
6308 89 1
6309 224 1
6310 159 0
6311 319 1
6312 167 1
6313 345 1
6314 395 1
6315 281 1
6316 367 1
6317 335 0
6318 167 1
6319 237 0
6320 70 0
6321 311 1
6322 441 1
6323 104 0
6324 104 0
6325 221 1
6326 109 1
6327 99 0
6328 276 1
6329 8 0
6330 178 1
6331 132 1
6332 324 0
6333 51 0
6334 133 0
6335 85 1
6336 108 1
6337 396 1
6338 89 0
6339 163 0
6340 405 1
6341 33 1
6342 43 0
6343 367 1
6344 187 1
6345 108 1
6346 276 1
6347 62 1
6348 317 0
6349 209 0
6350 435 1
6351 195 1
6352 302 0
6353 211 1
6354 244 1
6355 194 1
6356 335 1
6357 281 1
6358 428 1
6359 273 1
6360 177 1
6361 132 1
6362 197 1
6363 171 1
6364 342 0
6365 48 1
6366 251 1
6367 16 1
6368 445 0
6369 130 1
6370 212 1
6371 456 1
6372 163 0
6373 78 1
6374 80 1
6375 359 1
6376 343 1
6377 320 0
6378 228 0
6379 173 0
6380 414 0
6381 43 1
6382 109 1
6383 405 0
6384 354 0
6385 361 0
6386 436 0
6387 267 1
6388 249 1
6389 343 1
6390 341 1
6391 197 1
6392 311 1
6393 378 0
6394 127 0
6395 263 0
6396 383 0
6397 358 1
6398 9 0
6399 199 1
6400 417 1
6401 82 0
6402 72 1
6403 181 1
6404 305 1
6405 261 0
6406 378 1
6407 449 0
6408 127 1
6409 347 1
6410 39 1
6411 405 1
6412 102 1
6413 67 1
6414 221 0
6415 51 1
6416 404 1
6417 186 1
6418 93 0
6419 374 1
6420 43 1
6421 162 1
6422 245 1
6423 262 1
6424 99 1
6425 237 1
6426 372 1
6427 171 1
6428 100 0
6429 128 1
6430 81 1
6431 78 1
6432 381 0
6433 80 1
6434 241 0
6435 448 1
6436 207 1
6437 315 1
6438 340 0
6439 10 0
6440 306 0
6441 188 1
6442 42 1
6443 271 1
6444 208 0
6445 40 1
6446 189 1
6447 351 0
6448 451 0
6449 128 1
6450 3 1
6451 129 1
6452 305 1
6453 306 0
6454 175 1
6455 271 1
6456 174 0
6457 277 0
6458 429 1
6459 358 0
6460 101 1
6461 79 1
6462 94 1
6463 437 0
6464 13 0
6465 356 0
6466 294 0
6467 294 0
6468 49 1
6469 430 0
6470 34 1
6471 281 1
6472 314 1
6473 0 0
6474 293 1
6475 75 1
6476 334 1
6477 261 1
6478 160 1
6479 91 1
6480 415 1
6481 223 1
6482 52 1
6483 2 0
6484 235 0
6485 393 1
6486 253 1
6487 88 1
6488 418 0
6489 428 0
6490 57 1
6491 224 0
6492 233 1
6493 395 0
6494 335 1
6495 176 0
6496 53 1
6497 120 1
6498 34 0
6499 274 0
6500 98 1
6501 183 1
6502 35 1
6503 2 1
6504 427 1
6505 283 0
6506 52 0
6507 418 0
6508 145 1
6509 289 1
6510 453 0
6511 316 0
6512 441 0
6513 221 1
6514 135 0
6515 355 0
6516 314 1
6517 160 0
6518 419 1
6519 412 1
6520 203 1
6521 415 1
6522 322 1
6523 150 1
6524 376 0
6525 66 1
6526 23 1
6527 29 1
6528 429 0
6529 57 1
6530 355 0
6531 340 1
6532 102 1
6533 204 0
6534 273 0
6535 28 1
6536 430 0
6537 273 0
6538 429 1
6539 372 1
6540 439 1
6541 328 0
6542 431 0
6543 44 1
6544 183 1
6545 50 0
6546 124 0
6547 359 1
6548 43 1
6549 324 0
6550 298 1
6551 334 1
6552 371 1
6553 209 1
6554 182 1
6555 300 0
6556 171 1
6557 201 1
6558 104 0
6559 122 1
6560 415 1
6561 402 1
6562 173 0
6563 341 1
6564 443 1
6565 108 1
6566 101 1
6567 164 0
6568 201 0
6569 426 1
6570 72 1
6571 157 1
6572 15 1
6573 422 1
6574 214 0
6575 442 0
6576 293 1
6577 286 1
6578 266 0
6579 259 1
6580 377 1
6581 145 1
6582 420 0
6583 104 1
6584 258 1
6585 158 0
6586 374 1
6587 184 1
6588 284 1
6589 86 0
6590 234 0
6591 280 0
6592 32 0
6593 113 0
6594 279 1
6595 161 1
6596 350 1
6597 253 1
6598 192 1
6599 87 1
6600 5 0
6601 391 1
6602 170 1
6603 346 0
6604 299 0
6605 106 0
6606 78 0
6607 213 1
6608 37 0
6609 443 1
6610 275 1
6611 125 0
6612 29 1
6613 56 1
6614 346 1
6615 281 0
6616 422 1
6617 307 1
6618 399 1
6619 200 1
6620 237 1
6621 350 1
6622 268 1
6623 2 0
6624 8 1
6625 266 0
6626 168 1
6627 60 1
6628 346 1
6629 452 0
6630 294 1
6631 161 1
6632 100 1
6633 4 0
6634 274 0
6635 282 1
6636 120 0
6637 437 1
6638 313 1
6639 338 0
6640 37 1
6641 214 0
6642 114 1
6643 12 1
6644 392 0
6645 304 0
6646 315 1
6647 97 0
6648 87 1
6649 457 0
6650 407 1
6651 59 1
6652 65 0
6653 68 0
6654 88 1
6655 276 1
6656 163 1
6657 398 0
6658 307 1
6659 348 1
6660 450 1
6661 114 1
6662 271 1
6663 333 1
6664 381 1
6665 329 1
6666 223 1
6667 434 1
6668 4 1
6669 243 0
6670 60 0
6671 252 0
6672 127 1
6673 78 1
6674 213 1
6675 286 1
6676 197 1
6677 157 1
6678 188 0
6679 402 0
6680 433 0
6681 17 1
6682 273 1
6683 63 0
6684 139 1
6685 403 1
6686 401 1
6687 0 1
6688 34 0
6689 82 0
6690 46 1
6691 28 1
6692 311 1
6693 288 1
6694 253 0
6695 220 1
6696 117 1
6697 3 1
6698 299 1
6699 243 0
6700 407 1
6701 214 1
6702 454 1
6703 456 1
6704 292 0
6705 311 0
6706 24 1
6707 193 1
6708 135 1
6709 444 0
6710 290 1
6711 193 1
6712 54 1
6713 339 1
6714 297 1
6715 401 1
6716 381 1
6717 174 1
6718 372 1
6719 441 1
6720 320 1
6721 156 1
6722 243 1
6723 324 1
6724 406 1
6725 343 1
6726 127 1
6727 222 0
6728 275 1
6729 144 0
6730 296 0
6731 395 0
6732 245 1
6733 172 0
6734 351 1
6735 435 1
6736 59 1
6737 202 1
6738 92 1
6739 258 0
6740 446 0
6741 347 0
6742 222 0
6743 330 0
6744 284 0
6745 187 0
6746 104 0
6747 376 0
6748 304 1
6749 119 0
6750 348 1
6751 21 0
6752 297 1
6753 286 1
6754 325 1
6755 6 0
6756 264 1
6757 39 1
6758 41 0
6759 135 1
6760 420 1
6761 24 1
6762 57 0
6763 60 1
6764 100 1
6765 102 1
6766 310 1
6767 432 1
6768 415 1
6769 115 1
6770 449 1
6771 172 1
6772 84 1
6773 351 1
6774 158 1
6775 61 0
6776 384 1
6777 289 0
6778 95 1
6779 346 1
6780 104 1
6781 254 0
6782 215 1
6783 174 1
6784 99 1
6785 455 1
6786 54 0
6787 379 1
6788 449 1
6789 366 1
6790 334 1
6791 372 1
6792 89 1
6793 312 1
6794 128 1
6795 449 1
6796 292 1
6797 257 1
6798 50 0
6799 222 0
6800 364 1
6801 307 1
6802 33 1
6803 166 1
6804 110 0
6805 242 0
6806 79 0
6807 314 1
6808 359 1
6809 421 1
6810 13 0
6811 363 1
6812 268 1
6813 390 1
6814 203 1
6815 77 1
6816 442 0
6817 137 1
6818 222 0
6819 75 1
6820 413 1
6821 352 1
6822 15 0
6823 270 1
6824 445 1
6825 47 1
6826 290 0
6827 341 1
6828 149 0
6829 452 1
6830 427 1
6831 72 0
6832 65 1
6833 38 1
6834 90 1
6835 161 0
6836 7 0
6837 147 0
6838 298 0
6839 7 1
6840 295 1
6841 320 0
6842 42 1
6843 262 1
6844 18 1
6845 120 1
6846 430 0
6847 43 1
6848 13 0
6849 359 0
6850 196 0
6851 216 0
6852 186 1
6853 260 1
6854 424 0
6855 380 1
6856 391 1
6857 424 1
6858 22 1
6859 166 1
6860 129 0
6861 130 1
6862 90 0
6863 174 1
6864 256 0
6865 240 0
6866 206 0
6867 265 0
6868 5 1
6869 453 0
6870 404 1
6871 267 1
6872 194 1
6873 312 1
6874 106 1
6875 324 0
6876 409 1
6877 371 1
6878 205 0
6879 212 0
6880 231 0
6881 65 0
6882 94 1
6883 372 1
6884 432 0
6885 71 1
6886 319 1
6887 291 1
6888 182 0
6889 305 1
6890 268 1
6891 65 1
6892 203 1
6893 329 0
6894 134 1
6895 445 0
6896 146 1
6897 345 0
6898 416 1
6899 340 1
6900 237 1
6901 379 1
6902 325 0
6903 188 1
6904 426 0
6905 371 0
6906 276 1
6907 32 0
6908 26 0
6909 39 1
6910 20 1
6911 68 0
6912 146 1
6913 441 1
6914 282 0
6915 139 1
6916 344 0
6917 195 0
6918 342 1
6919 329 1
6920 29 1
6921 123 1
6922 255 1
6923 394 1
6924 126 1
6925 18 0
6926 69 0
6927 381 0
6928 109 1
6929 388 1
6930 263 1
6931 453 0
6932 164 0
6933 394 1
6934 150 0
6935 427 1
6936 84 1
6937 61 0
6938 315 1
6939 265 0
6940 41 1
6941 163 1
6942 437 0
6943 394 0
6944 26 0
6945 55 1
6946 3 1
6947 14 0
6948 275 1
6949 284 1
6950 284 0
6951 181 1
6952 379 1
6953 352 1
6954 307 1
6955 253 1
6956 18 1
6957 69 1
6958 113 1
6959 119 0
6960 431 0
6961 5 1
6962 225 1
6963 178 0
6964 39 0
6965 78 0
6966 292 1
6967 302 1
6968 111 1
6969 60 1
6970 389 1
6971 411 1
6972 341 1
6973 438 0
6974 95 1
6975 136 0
6976 273 0
6977 79 1
6978 230 0
6979 186 1
6980 330 1
6981 168 1
6982 134 1
6983 447 0
6984 242 1
6985 274 0
6986 397 1
6987 122 1
6988 284 1
6989 277 0
6990 235 1
6991 58 1
6992 165 0
6993 160 1
6994 5 1
6995 206 1
6996 186 1
6997 144 1
6998 421 1
6999 142 0
7000 217 1
7001 413 1
7002 254 1
7003 13 0
7004 214 0
7005 105 1
7006 347 0
7007 77 1
7008 369 0
7009 26 1
7010 159 1
7011 319 1
7012 218 1
7013 242 0
7014 173 1
7015 455 1
7016 444 1
7017 191 1
7018 65 1
7019 390 1
7020 104 1
7021 339 0
7022 234 1
7023 82 1
7024 263 0
7025 95 0
7026 410 1
7027 344 1
7028 31 1
7029 419 0
7030 88 1
7031 239 1
7032 438 0
7033 349 1
7034 210 0
7035 392 1
7036 352 1
7037 375 1
7038 266 1
7039 342 0
7040 177 0
7041 70 0
7042 5 1
7043 367 1
7044 118 0
7045 342 1
7046 389 1
7047 315 0
7048 129 1
7049 448 1
7050 98 1
7051 263 1
7052 199 1
7053 189 1
7054 215 0
7055 147 0
7056 88 1
7057 97 1
7058 242 0
7059 231 0
7060 402 1
7061 143 0
7062 273 1
7063 245 0
7064 275 1
7065 318 1
7066 195 1
7067 399 0
7068 304 1
7069 11 0
7070 239 0
7071 29 1
7072 21 1
7073 30 0
7074 166 1
7075 200 1
7076 376 0
7077 21 1
7078 412 1
7079 170 1
7080 112 1
7081 178 0
7082 187 1
7083 277 1
7084 319 0
7085 129 1
7086 58 0
7087 3 1
