1265
1 448 1
2 247 1
3 429 1
4 374 1
5 279 1
6 451 1
7 153 1
8 440 1
9 224 0
10 404 1
11 334 1
12 267 1
13 130 0
14 81 0
15 235 1
16 106 1
17 266 1
18 237 0
19 238 1
20 112 1
21 229 1
22 47 1
23 355 0
24 200 1
25 106 1
26 122 1
27 104 0
28 295 1
29 202 1
30 55 1
31 111 1
32 165 1
33 405 0
34 301 0
35 425 1
36 279 0
37 389 1
38 449 1
39 226 1
40 258 1
41 372 0
42 186 1
43 476 1
44 417 1
45 85 1
46 160 1
47 340 1
48 464 0
49 140 1
50 323 1
51 298 1
52 154 0
53 157 1
54 366 1
55 370 0
56 312 0
57 232 1
58 447 1
59 391 1
60 431 0
61 271 1
62 85 1
63 329 0
64 291 1
65 433 1
66 152 1
67 151 1
68 169 0
69 321 0
70 104 1
71 387 1
72 185 0
73 327 1
74 78 0
75 247 1
76 423 1
77 219 1
78 63 1
79 175 1
80 429 1
81 198 0
82 90 1
83 300 1
84 70 1
85 206 0
86 248 1
87 296 1
88 147 1
89 293 1
90 92 1
91 147 1
92 470 1
93 141 1
94 143 0
95 411 1
96 447 1
97 89 1
98 370 1
99 25 1
100 239 1
101 320 1
102 53 0
103 148 1
104 174 1
105 316 1
106 394 1
107 377 1
108 58 1
109 149 0
110 357 1
111 187 1
112 103 0
113 276 1
114 77 1
115 326 0
116 424 1
117 32 1
118 381 1
119 90 1
120 35 0
121 234 1
122 97 1
123 44 0
124 358 0
125 64 1
126 459 1
127 454 1
128 417 1
129 154 1
130 444 0
131 39 0
132 60 1
133 280 1
134 143 1
135 226 1
136 4 1
137 313 1
138 300 0
139 441 1
140 257 1
141 124 0
142 168 1
143 213 0
144 353 0
145 308 1
146 75 0
147 416 0
148 309 0
149 284 1
150 294 0
151 42 0
152 14 1
153 105 0
154 126 0
155 202 0
156 280 1
157 328 1
158 427 0
159 446 0
160 137 0
161 33 1
162 36 1
163 239 0
164 79 0
165 210 0
166 77 1
167 377 1
168 204 1
169 296 1
170 442 1
171 420 1
172 53 1
173 105 1
174 40 1
175 194 0
176 56 1
177 97 1
178 273 0
179 144 1
180 87 1
181 432 0
182 202 1
183 145 0
184 226 1
185 443 1
186 352 1
187 325 1
188 178 1
189 297 1
190 26 1
191 102 1
192 131 0
193 359 1
194 425 1
195 462 1
196 269 0
197 382 1
198 160 1
199 107 0
200 198 1
201 283 1
202 164 0
203 184 0
204 82 0
205 450 0
206 201 1
207 82 0
208 458 0
209 148 0
210 357 1
211 146 0
212 255 0
213 326 0
214 101 1
215 29 0
216 396 0
217 77 1
218 148 1
219 314 1
220 449 1
221 230 1
222 67 1
223 394 0
224 165 1
225 344 0
226 380 0
227 377 0
228 63 0
229 94 1
230 71 1
231 353 0
232 142 1
233 145 0
234 104 1
235 228 1
236 451 1
237 137 1
238 182 0
239 457 1
240 301 0
241 98 1
242 335 1
243 67 1
244 112 0
245 453 1
246 470 1
247 62 0
248 356 0
249 131 1
250 372 1
251 426 1
252 229 1
253 93 1
254 29 1
255 465 0
256 395 0
257 240 1
258 450 1
259 63 1
260 176 0
261 452 1
262 442 1
263 8 1
264 134 1
265 8 0
266 205 1
267 264 0
268 410 1
269 74 1
270 135 0
271 181 1
272 220 1
273 379 0
274 142 1
275 461 1
276 371 0
277 376 0
278 67 1
279 361 1
280 230 1
281 120 0
282 216 0
283 99 1
284 448 1
285 477 1
286 309 1
287 48 1
288 199 0
289 244 1
290 97 1
291 365 1
292 74 1
293 32 1
294 353 1
295 233 0
296 176 0
297 248 1
298 443 0
299 431 0
300 116 1
301 225 0
302 207 1
303 477 1
304 112 1
305 453 1
306 360 1
307 384 0
308 15 0
309 171 0
310 223 1
311 181 1
312 463 0
313 203 0
314 372 0
315 70 1
316 477 0
317 436 0
318 164 1
319 319 0
320 90 1
321 192 0
322 47 0
323 2 0
324 405 0
325 137 1
326 284 0
327 255 1
328 159 1
329 110 1
330 27 0
331 248 1
332 72 0
333 123 1
334 53 1
335 219 1
336 148 1
337 189 1
338 216 1
339 258 1
340 254 0
341 0 0
342 420 0
343 36 1
344 126 1
345 339 1
346 217 0
347 364 0
348 205 1
349 49 0
350 157 1
351 291 1
352 386 1
353 207 0
354 83 0
355 451 1
356 273 1
357 104 1
358 413 1
359 22 1
360 176 1
361 105 0
362 360 1
363 206 1
364 185 0
365 51 1
366 413 0
367 61 1
368 50 1
369 151 1
370 440 0
371 471 0
372 282 1
373 156 0
374 421 1
375 169 1
376 430 1
377 219 1
378 450 0
379 106 0
380 276 1
381 391 1
382 206 1
383 239 1
384 242 1
385 96 0
386 406 1
387 145 1
388 370 1
389 134 1
390 370 0
391 322 0
392 467 1
393 46 1
394 379 1
395 304 1
396 200 1
397 96 1
398 81 1
399 368 0
400 138 1
401 234 1
402 443 0
403 461 0
404 93 1
405 60 0
406 126 1
407 13 1
408 153 0
409 261 0
410 396 1
411 122 1
412 378 0
413 230 1
414 444 1
415 305 1
416 475 1
417 61 1
418 330 1
419 4 0
420 345 0
421 114 0
422 153 1
423 476 0
424 187 0
425 251 1
426 237 1
427 407 1
428 298 0
429 303 1
430 169 1
431 442 0
432 81 1
433 129 0
434 253 0
435 247 0
436 381 0
437 3 1
438 195 0
439 69 0
440 446 1
441 193 1
442 400 1
443 233 1
444 171 1
445 80 0
446 373 1
447 213 0
448 70 1
449 279 1
450 181 0
451 334 1
452 300 0
453 326 1
454 45 0
455 400 1
456 422 1
457 109 1
458 312 0
459 454 0
460 291 0
461 53 0
462 100 1
463 54 1
464 315 1
465 384 1
466 271 1
467 471 1
468 283 0
469 112 1
470 421 1
471 48 1
472 224 1
473 415 1
474 96 0
475 249 0
476 337 1
477 280 1
478 274 1
479 20 1
480 373 1
481 20 0
482 56 1
483 261 0
484 39 1
485 374 1
486 297 1
487 347 0
488 470 0
489 103 1
490 271 1
491 182 1
492 360 0
493 89 1
494 25 1
495 158 1
496 403 1
497 271 1
498 81 1
499 27 0
500 133 0
501 102 1
502 52 1
503 181 0
504 329 1
505 23 1
506 342 0
507 252 1
508 80 1
509 454 0
510 341 1
511 209 0
512 202 1
513 138 1
514 241 1
515 404 1
516 273 0
517 218 1
518 368 1
519 76 1
520 205 1
521 48 1
522 195 1
523 183 1
524 55 1
525 270 1
526 0 1
527 75 1
528 373 1
529 192 1
530 85 1
531 401 1
532 38 1
533 390 0
534 62 0
535 38 1
536 456 1
537 226 1
538 278 1
539 155 0
540 459 1
541 435 1
542 134 1
543 257 0
544 431 1
545 55 1
546 459 0
547 103 1
548 304 0
549 315 0
550 187 1
551 46 0
552 331 1
553 46 1
554 278 1
555 170 1
556 39 1
557 314 0
558 160 1
559 92 0
560 66 1
561 336 1
562 311 0
563 250 0
564 160 1
565 394 1
566 331 0
567 403 1
568 420 1
569 205 0
570 247 1
571 370 0
572 209 1
573 350 1
574 300 0
575 373 0
576 2 0
577 119 1
578 82 0
579 341 0
580 347 1
581 185 1
582 404 1
583 459 0
584 450 0
585 457 1
586 452 1
587 212 1
588 261 1
589 442 0
590 416 0
591 156 0
592 458 1
593 144 1
594 57 1
595 378 1
596 449 1
597 17 0
598 381 0
599 134 1
600 368 1
601 95 0
602 168 1
603 231 1
604 97 1
605 219 1
606 423 0
607 160 1
608 64 0
609 62 1
610 202 0
611 232 1
612 233 1
613 439 1
614 431 0
615 195 0
616 392 1
617 370 1
618 303 1
619 217 1
620 393 1
621 142 0
622 225 0
623 155 1
624 313 1
625 410 1
626 364 0
627 395 1
628 303 1
629 439 1
630 157 1
631 284 0
632 153 0
633 337 1
634 189 1
635 85 1
636 110 1
637 334 1
638 236 1
639 146 0
640 412 0
641 293 1
642 133 0
643 308 1
644 273 1
645 215 1
646 317 0
647 392 1
648 87 1
649 155 1
650 219 1
651 87 1
652 468 0
653 370 1
654 138 1
655 4 0
656 6 1
657 262 1
658 214 0
659 282 0
660 252 1
661 331 1
662 408 0
663 84 1
664 387 0
665 477 1
666 186 1
667 347 1
668 214 1
669 109 1
670 461 0
671 316 0
672 117 1
673 313 0
674 376 0
675 415 0
676 26 0
677 426 1
678 404 1
679 157 0
680 162 1
681 148 0
682 428 1
683 231 0
684 441 1
685 113 1
686 160 1
687 120 1
688 235 1
689 21 1
690 257 0
691 469 1
692 411 1
693 424 1
694 156 1
695 172 1
696 445 1
697 188 0
698 44 0
699 155 0
700 467 0
701 137 1
702 220 1
703 317 1
704 398 1
705 296 1
706 2 1
707 351 1
708 410 1
709 456 0
710 292 0
711 406 1
712 361 1
713 66 1
714 427 1
715 118 1
716 12 0
717 455 1
718 404 1
719 395 0
720 44 0
721 391 1
722 206 0
723 166 1
724 453 0
725 411 1
726 186 1
727 416 1
728 346 0
729 181 0
730 409 0
731 307 0
732 445 0
733 67 1
734 469 1
735 401 1
736 381 0
737 267 0
738 176 0
739 431 1
740 284 1
741 308 1
742 410 1
743 246 1
744 434 1
745 464 0
746 138 0
747 199 1
748 284 0
749 183 1
750 434 1
751 18 0
752 312 1
753 152 1
754 424 0
755 345 0
756 470 1
757 113 1
758 127 0
759 93 0
760 198 1
761 44 0
762 78 0
763 149 1
764 216 0
765 51 1
766 145 1
767 32 1
768 244 1
769 467 1
770 475 1
771 311 0
772 399 1
773 466 0
774 196 0
775 21 0
776 344 0
777 144 0
778 16 1
779 197 1
780 331 1
781 111 1
782 207 1
783 162 1
784 219 1
785 348 1
786 82 1
787 279 1
788 312 0
789 52 1
790 348 1
791 316 1
792 30 1
793 49 1
794 165 1
795 168 1
796 201 0
797 201 1
798 314 1
799 382 0
800 112 1
801 161 1
802 139 1
803 198 0
804 414 1
805 373 1
806 399 1
807 389 1
808 83 1
809 181 1
810 390 1
811 450 0
812 41 0
813 44 1
814 428 1
815 116 1
816 200 1
817 440 1
818 314 1
819 19 1
820 8 1
821 424 0
822 15 1
823 358 0
824 185 0
825 346 1
826 6 0
827 211 1
828 199 0
829 403 1
830 387 1
831 101 1
832 393 1
833 339 1
834 114 1
835 369 1
836 163 0
837 235 0
838 63 1
839 461 1
840 66 1
841 53 0
842 60 0
843 305 1
844 410 1
845 298 1
846 162 1
847 135 0
848 353 1
849 197 1
850 60 1
851 2 1
852 295 1
853 108 1
854 59 0
855 19 1
856 310 1
857 88 1
858 227 1
859 336 1
860 330 1
861 368 1
862 446 1
863 166 0
864 205 1
865 17 1
866 159 1
867 85 1
868 440 1
869 224 1
870 174 1
871 37 1
872 22 0
873 84 1
874 225 1
875 298 1
876 283 1
877 459 1
878 398 1
879 279 0
880 218 1
881 466 0
882 205 0
883 243 0
884 451 1
885 79 1
886 417 1
887 338 1
888 132 0
889 101 0
890 255 0
891 324 0
892 1 1
893 202 0
894 343 0
895 415 0
896 190 1
897 350 0
898 367 0
899 160 1
900 473 0
901 377 1
902 246 1
903 80 1
904 72 0
905 147 1
906 472 1
907 94 1
908 372 1
909 100 1
910 6 1
911 27 1
912 37 1
913 5 0
914 383 1
915 450 1
916 294 0
917 19 1
918 0 1
919 330 1
920 171 0
921 400 1
922 66 1
923 344 1
924 18 1
925 199 0
926 79 1
927 112 1
928 16 0
929 227 1
930 172 0
931 190 1
932 255 1
933 235 1
934 383 1
935 34 1
936 455 0
937 426 0
938 340 0
939 188 1
940 333 0
941 273 1
942 26 1
943 235 0
944 392 0
945 332 1
946 367 1
947 259 1
948 328 1
949 290 1
950 177 1
951 310 0
952 170 1
953 88 1
954 440 0
955 97 1
956 370 0
957 414 0
958 168 1
959 144 1
960 45 0
961 353 1
962 412 1
963 448 1
964 224 1
965 202 1
966 475 1
967 446 1
968 182 1
969 384 0
970 332 1
971 36 0
972 79 1
973 142 1
974 34 1
975 36 1
976 470 0
977 199 0
978 413 0
979 78 1
980 319 1
981 450 1
982 20 1
983 190 1
984 474 1
985 421 0
986 99 1
987 259 1
988 136 1
989 316 1
990 395 1
991 435 1
992 447 0
993 203 0
994 325 0
995 137 1
996 268 1
997 189 0
998 50 1
999 87 1
1000 475 0
1001 81 1
1002 377 1
1003 164 1
1004 449 0
1005 391 1
1006 60 1
1007 459 0
1008 210 1
1009 7 1
1010 171 1
1011 113 0
1012 254 0
1013 140 1
1014 387 0
1015 56 1
1016 441 1
1017 370 0
1018 185 1
1019 82 0
1020 427 0
1021 44 1
1022 233 0
1023 407 1
1024 99 1
1025 390 0
1026 265 1
1027 122 0
1028 328 1
1029 235 1
1030 195 1
1031 328 1
1032 320 1
1033 204 1
1034 462 0
1035 183 1
1036 356 1
1037 127 1
1038 142 0
1039 261 0
1040 362 1
1041 401 1
1042 200 0
1043 81 1
1044 197 1
1045 472 0
1046 20 0
1047 440 0
1048 250 1
1049 367 1
1050 50 1
1051 57 1
1052 189 1
1053 40 1
1054 426 1
1055 462 0
1056 182 1
1057 165 0
1058 321 0
1059 322 1
1060 453 1
1061 29 0
1062 52 1
1063 42 1
1064 49 0
1065 426 0
1066 78 0
1067 211 0
1068 374 1
1069 305 1
1070 444 1
1071 338 1
1072 381 0
1073 236 1
1074 162 1
1075 340 0
1076 103 0
1077 317 1
1078 361 1
1079 347 0
1080 364 0
1081 399 0
1082 191 1
1083 416 0
1084 91 0
1085 116 1
1086 238 0
1087 205 1
1088 370 0
1089 257 0
1090 411 0
1091 376 0
1092 10 0
1093 82 1
1094 464 0
1095 194 1
1096 431 0
1097 21 1
1098 433 0
1099 416 0
1100 386 0
1101 103 1
1102 398 0
1103 473 0
1104 161 1
1105 52 1
1106 77 0
1107 315 1
1108 350 1
1109 349 1
1110 56 0
1111 99 1
1112 256 0
1113 338 1
1114 448 1
1115 441 1
1116 220 0
1117 394 0
1118 264 1
1119 137 0
1120 53 1
1121 225 1
1122 324 0
1123 107 1
1124 167 1
1125 422 1
1126 119 1
1127 416 1
1128 55 1
1129 108 1
1130 148 1
1131 456 0
1132 321 1
1133 215 1
1134 467 0
1135 238 0
1136 432 1
1137 62 1
1138 416 1
1139 364 1
1140 333 1
1141 218 1
1142 58 1
1143 349 0
1144 323 1
1145 213 1
1146 418 1
1147 68 1
1148 270 1
1149 74 1
1150 48 1
1151 192 1
1152 3 1
1153 170 1
1154 130 0
1155 415 0
1156 70 1
1157 327 0
1158 19 1
1159 132 1
1160 67 0
1161 42 0
1162 427 0
1163 452 1
1164 284 1
1165 368 0
1166 66 0
1167 224 1
1168 227 0
1169 380 0
1170 156 0
1171 233 1
1172 179 1
1173 246 1
1174 171 1
1175 431 0
1176 136 1
1177 136 1
1178 474 0
1179 10 0
1180 343 1
1181 25 0
1182 351 1
1183 185 1
1184 240 1
1185 53 0
1186 111 0
1187 36 1
1188 259 1
1189 195 1
1190 366 1
1191 80 1
1192 33 0
1193 293 1
1194 33 1
1195 201 0
1196 94 1
1197 13 1
1198 72 0
1199 141 1
1200 470 1
1201 416 1
1202 187 0
1203 394 1
1204 256 1
1205 104 1
1206 149 1
1207 353 1
1208 401 1
1209 102 1
1210 362 0
1211 222 0
1212 420 1
1213 313 1
1214 140 1
1215 33 1
1216 354 0
1217 236 0
1218 129 0
1219 215 1
1220 337 0
1221 420 1
1222 26 1
1223 81 0
1224 59 0
1225 457 1
1226 193 1
1227 289 1
1228 142 1
1229 39 1
1230 468 1
1231 122 0
1232 412 0
1233 114 0
1234 107 0
1235 339 0
1236 355 1
1237 159 1
1238 172 0
1239 404 1
1240 129 1
1241 359 0
1242 290 0
1243 347 1
1244 185 0
1245 422 0
1246 350 1
1247 227 1
1248 314 1
1249 348 0
1250 83 0
1251 94 1
1252 87 0
1253 416 1
1254 383 1
1255 198 0
1256 138 0
1257 247 0
1258 434 1
1259 274 0
1260 209 0
1261 24 1
1262 174 0
1263 366 1
1264 4 1
1265 322 1
