265
1 202 0
2 241 1
3 493 1
4 222 0
5 73 0
6 583 1
7 25 1
8 304 0
9 504 0
10 418 1
11 278 1
12 543 1
13 446 0
14 559 1
15 193 1
16 570 1
17 54 1
18 429 1
19 472 1
20 112 1
21 567 0
22 77 1
23 565 0
24 200 1
25 408 0
26 514 1
27 224 1
28 303 1
29 584 1
30 163 1
31 243 0
32 555 0
33 143 1
34 453 1
35 233 1
36 603 0
37 477 1
38 609 0
39 278 0
40 92 1
41 252 1
42 590 1
43 36 1
44 137 1
45 127 0
46 162 1
47 24 1
48 502 1
49 300 1
50 617 1
51 346 0
52 550 1
53 273 1
54 464 0
55 174 0
56 62 1
57 152 1
58 511 1
59 143 0
60 191 1
61 165 1
62 475 1
63 287 0
64 191 1
65 139 0
66 562 1
67 9 1
68 299 0
69 251 1
70 50 1
71 309 0
72 461 1
73 599 0
74 258 1
75 611 0
76 3 0
77 245 1
78 181 0
79 279 0
80 335 1
81 172 1
82 512 1
83 608 0
84 298 0
85 172 1
86 502 1
87 68 0
88 159 1
89 307 1
90 400 1
91 83 1
92 292 0
93 323 1
94 469 1
95 229 1
96 403 1
97 301 0
98 416 1
99 99 1
100 141 0
101 52 1
102 361 0
103 596 1
104 4 0
105 154 1
106 420 0
107 249 1
108 174 0
109 177 1
110 557 1
111 47 0
112 23 1
113 474 1
114 473 0
115 370 0
116 62 1
117 248 0
118 603 0
119 160 1
120 347 1
121 228 1
122 159 0
123 470 1
124 40 1
125 586 0
126 43 1
127 156 1
128 197 1
129 566 0
130 420 0
131 275 1
132 574 1
133 122 0
134 585 1
135 158 1
136 204 1
137 71 1
138 472 1
139 305 1
140 179 1
141 100 1
142 122 1
143 123 1
144 269 1
145 598 0
146 615 1
147 162 1
148 613 1
149 122 1
150 174 0
151 110 1
152 48 1
153 349 1
154 558 0
155 24 0
156 536 0
157 568 0
158 381 1
159 194 0
160 371 1
161 555 0
162 264 1
163 157 1
164 217 1
165 56 1
166 559 1
167 377 1
168 408 1
169 344 1
170 598 1
171 76 1
172 101 0
173 391 0
174 326 0
175 348 1
176 368 0
177 57 1
178 445 0
179 500 1
180 101 0
181 44 0
182 164 0
183 483 0
184 364 1
185 529 1
186 412 1
187 77 1
188 14 1
189 211 1
190 436 1
191 28 0
192 61 0
193 427 1
194 133 1
195 158 1
196 81 1
197 502 0
198 458 1
199 427 1
200 186 0
201 157 1
202 552 1
203 102 1
204 84 0
205 122 1
206 481 0
207 542 0
208 462 0
209 264 1
210 495 1
211 438 1
212 233 1
213 430 1
214 73 0
215 503 1
216 412 1
217 465 0
218 502 1
219 128 0
220 489 0
221 324 1
222 9 1
223 110 1
224 433 0
225 284 1
226 404 1
227 495 0
228 427 0
229 92 1
230 381 0
231 593 1
232 246 1
233 581 0
234 224 0
235 326 0
236 567 1
237 281 1
238 114 1
239 265 1
240 373 0
241 466 1
242 35 0
243 405 1
244 484 0
245 179 1
246 84 1
247 256 1
248 38 1
249 69 1
250 536 1
251 192 1
252 261 1
253 53 0
254 81 1
255 531 1
256 249 0
257 222 1
258 556 1
259 581 0
260 116 1
261 278 1
262 358 0
263 138 0
264 588 1
265 266 1
