6588
1 136 1
2 304 1
3 436 0
4 36 1
5 178 0
6 517 1
7 490 1
8 727 1
9 426 0
10 622 0
11 785 1
12 486 1
13 614 1
14 871 0
15 322 1
16 396 0
17 183 1
18 417 1
19 667 1
20 919 0
21 609 1
22 929 0
23 421 1
24 764 1
25 591 1
26 484 0
27 629 0
28 888 0
29 932 1
30 490 1
31 27 1
32 780 1
33 893 1
34 483 1
35 23 0
36 432 0
37 279 0
38 105 1
39 458 1
40 854 1
41 282 1
42 800 1
43 96 1
44 875 1
45 301 0
46 417 1
47 39 1
48 778 1
49 768 1
50 866 1
51 691 1
52 730 1
53 447 1
54 44 1
55 663 1
56 914 1
57 23 0
58 577 1
59 842 0
60 215 0
61 258 1
62 778 0
63 203 0
64 536 0
65 844 1
66 721 0
67 141 1
68 293 0
69 659 0
70 800 1
71 888 0
72 56 1
73 869 1
74 684 1
75 806 1
76 642 1
77 491 1
78 667 0
79 69 1
80 38 0
81 394 1
82 236 1
83 584 1
84 430 1
85 172 1
86 7 0
87 731 1
88 345 0
89 349 1
90 166 0
91 302 1
92 592 1
93 254 1
94 208 1
95 598 1
96 304 1
97 313 1
98 833 0
99 723 1
100 861 1
101 280 1
102 676 1
103 584 1
104 52 1
105 424 0
106 462 1
107 918 1
108 240 0
109 102 0
110 563 0
111 2 1
112 65 1
113 714 1
114 518 1
115 535 0
116 707 1
117 35 1
118 786 0
119 778 0
120 860 1
121 363 0
122 648 1
123 164 1
124 241 1
125 58 0
126 619 1
127 45 1
128 614 1
129 542 1
130 570 0
131 299 0
132 265 1
133 101 1
134 261 0
135 611 1
136 801 1
137 230 0
138 43 1
139 125 1
140 314 0
141 742 0
142 482 0
143 924 1
144 614 0
145 16 1
146 330 1
147 249 1
148 889 1
149 368 1
150 882 1
151 644 0
152 87 1
153 919 1
154 576 1
155 69 0
156 881 1
157 544 1
158 666 0
159 833 1
160 722 0
161 837 1
162 471 1
163 22 1
164 742 0
165 884 1
166 436 1
167 161 0
168 429 0
169 893 1
170 499 0
171 616 1
172 494 0
173 184 0
174 416 1
175 813 0
176 587 0
177 912 1
178 763 0
179 206 0
180 44 1
181 917 1
182 644 1
183 309 1
184 532 0
185 799 0
186 538 0
187 785 1
188 710 0
189 565 0
190 121 0
191 52 0
192 469 1
193 487 1
194 271 0
195 524 1
196 156 1
197 448 1
198 893 1
199 595 1
200 681 1
201 244 0
202 597 0
203 39 0
204 132 0
205 806 1
206 703 1
207 269 1
208 543 1
209 777 1
210 756 1
211 783 1
212 530 1
213 433 0
214 124 1
215 635 1
216 796 1
217 744 1
218 628 0
219 140 1
220 108 1
221 321 0
222 525 1
223 356 0
224 652 1
225 257 0
226 221 1
227 108 0
228 406 1
229 308 0
230 876 0
231 641 0
232 543 1
233 158 0
234 542 0
235 653 0
236 897 0
237 767 1
238 870 1
239 865 1
240 43 0
241 718 0
242 296 0
243 669 1
244 673 1
245 539 0
246 642 0
247 661 1
248 593 0
249 144 1
250 770 1
251 159 1
252 144 1
253 878 1
254 423 0
255 324 1
256 66 0
257 384 1
258 241 0
259 371 0
260 752 1
261 251 1
262 118 1
263 366 1
264 105 1
265 566 1
266 28 1
267 916 1
268 25 0
269 840 1
270 391 0
271 220 1
272 232 0
273 712 0
274 32 1
275 108 0
276 367 1
277 551 0
278 230 1
279 849 1
280 148 1
281 517 0
282 514 1
283 3 1
284 82 0
285 293 1
286 34 0
287 237 0
288 78 0
289 740 0
290 752 0
291 547 1
292 513 0
293 325 0
294 735 1
295 385 1
296 31 1
297 714 1
298 122 0
299 391 1
300 519 0
301 331 1
302 157 1
303 820 0
304 823 0
305 931 0
306 781 1
307 482 0
308 16 0
309 63 1
310 356 1
311 356 1
312 70 0
313 238 1
314 746 1
315 50 0
316 620 1
317 886 0
318 841 1
319 666 1
320 706 1
321 94 1
322 516 0
323 807 1
324 690 1
325 4 1
326 39 0
327 153 1
328 736 1
329 541 0
330 327 1
331 535 0
332 865 0
333 98 0
334 567 1
335 225 1
336 734 1
337 786 1
338 549 1
339 850 1
340 836 0
341 73 1
342 868 1
343 638 1
344 857 1
345 874 1
346 144 0
347 852 1
348 270 0
349 851 0
350 434 1
351 483 0
352 116 0
353 206 1
354 302 1
355 624 1
356 284 0
357 734 1
358 577 0
359 543 0
360 924 0
361 59 0
362 266 0
363 213 1
364 582 1
365 93 1
366 513 1
367 559 1
368 565 1
369 14 1
370 542 1
371 140 1
372 56 1
373 698 1
374 33 0
375 441 1
376 99 1
377 746 1
378 132 0
379 555 1
380 49 1
381 105 0
382 878 1
383 845 1
384 496 1
385 98 1
386 805 1
387 584 1
388 765 1
389 215 1
390 897 1
391 128 0
392 462 0
393 667 1
394 207 1
395 30 1
396 244 0
397 473 1
398 105 0
399 352 0
400 551 1
401 360 0
402 927 1
403 5 1
404 600 1
405 863 0
406 529 1
407 280 0
408 587 0
409 306 0
410 890 1
411 357 1
412 363 0
413 43 1
414 522 1
415 137 0
416 152 1
417 803 0
418 747 0
419 559 1
420 681 0
421 631 1
422 201 1
423 574 1
424 926 1
425 889 1
426 523 1
427 737 1
428 797 1
429 75 1
430 481 0
431 418 0
432 15 1
433 780 0
434 749 1
435 483 1
436 548 1
437 80 0
438 746 1
439 258 1
440 256 1
441 342 0
442 181 1
443 39 1
444 232 1
445 323 0
446 913 1
447 67 1
448 97 1
449 65 1
450 906 1
451 650 0
452 36 1
453 925 1
454 105 1
455 589 0
456 118 0
457 447 1
458 37 1
459 583 0
460 840 0
461 637 1
462 714 1
463 123 1
464 272 1
465 31 0
466 42 1
467 73 1
468 131 0
469 862 0
470 902 0
471 251 0
472 409 0
473 39 1
474 144 1
475 370 0
476 834 0
477 525 0
478 431 1
479 733 1
480 489 1
481 255 1
482 751 1
483 611 1
484 47 1
485 772 1
486 364 0
487 103 1
488 95 1
489 288 1
490 656 1
491 877 1
492 385 1
493 239 0
494 771 1
495 826 1
496 109 1
497 512 1
498 715 1
499 463 0
500 383 1
501 778 0
502 46 1
503 242 1
504 915 1
505 620 1
506 841 1
507 262 0
508 340 1
509 68 0
510 780 1
511 158 1
512 348 1
513 123 1
514 514 0
515 893 1
516 542 1
517 19 1
518 926 1
519 383 0
520 791 1
521 267 1
522 874 1
523 298 1
524 338 0
525 698 0
526 914 0
527 381 1
528 834 1
529 113 1
530 744 0
531 619 1
532 119 1
533 595 1
534 899 1
535 327 1
536 355 1
537 762 0
538 431 0
539 231 1
540 733 1
541 607 1
542 507 1
543 2 0
544 214 0
545 129 0
546 429 0
547 32 1
548 107 1
549 899 1
550 325 0
551 137 1
552 195 1
553 631 1
554 919 0
555 115 1
556 165 1
557 392 1
558 778 1
559 386 1
560 511 1
561 671 0
562 918 0
563 208 1
564 50 1
565 405 1
566 707 0
567 362 1
568 163 1
569 834 1
570 815 1
571 175 1
572 392 0
573 26 1
574 29 1
575 536 0
576 234 0
577 200 1
578 283 1
579 551 0
580 822 1
581 600 0
582 219 0
583 458 0
584 329 0
585 771 0
586 615 0
587 845 0
588 233 1
589 550 1
590 589 0
591 456 1
592 666 1
593 349 0
594 371 1
595 241 1
596 577 0
597 163 1
598 525 1
599 485 1
600 633 1
601 133 1
602 922 1
603 42 0
604 569 0
605 138 0
606 52 0
607 702 1
608 558 1
609 627 0
610 325 1
611 843 1
612 431 1
613 72 0
614 347 0
615 530 1
616 533 0
617 16 1
618 361 0
619 397 1
620 543 1
621 809 0
622 437 0
623 621 1
624 350 0
625 58 1
626 837 1
627 298 1
628 280 1
629 11 1
630 580 1
631 328 1
632 858 0
633 355 1
634 641 0
635 870 1
636 248 1
637 154 1
638 45 1
639 747 1
640 743 1
641 724 1
642 80 0
643 289 1
644 113 1
645 55 1
646 149 1
647 180 0
648 33 0
649 14 0
650 595 1
651 579 1
652 698 1
653 248 1
654 228 1
655 792 0
656 173 1
657 926 1
658 326 0
659 267 0
660 822 0
661 440 1
662 11 0
663 113 0
664 462 0
665 371 1
666 665 1
667 273 1
668 404 1
669 827 1
670 236 0
671 911 1
672 923 1
673 316 1
674 839 1
675 648 1
676 211 1
677 420 1
678 82 0
679 852 1
680 900 1
681 322 0
682 895 1
683 716 1
684 770 0
685 891 1
686 17 0
687 136 1
688 493 1
689 563 1
690 689 1
691 782 0
692 87 1
693 776 0
694 456 0
695 713 1
696 640 1
697 122 1
698 351 0
699 860 1
700 170 0
701 847 1
702 755 1
703 434 1
704 157 1
705 369 0
706 928 1
707 120 0
708 140 0
709 837 1
710 899 1
711 86 0
712 26 0
713 514 1
714 354 1
715 218 1
716 327 0
717 17 1
718 423 0
719 119 0
720 754 0
721 732 1
722 359 1
723 485 1
724 123 1
725 749 0
726 314 1
727 1 1
728 350 1
729 371 1
730 609 1
731 187 0
732 28 1
733 393 1
734 895 1
735 684 1
736 653 1
737 187 0
738 296 0
739 231 1
740 715 0
741 747 0
742 536 1
743 90 1
744 916 1
745 897 0
746 356 0
747 835 0
748 9 1
749 489 0
750 460 1
751 342 0
752 31 0
753 845 1
754 854 1
755 399 0
756 191 0
757 39 0
758 614 1
759 920 1
760 829 0
761 148 1
762 688 1
763 291 0
764 932 1
765 909 1
766 674 1
767 640 1
768 153 1
769 99 0
770 350 0
771 17 0
772 17 0
773 228 1
774 425 1
775 534 0
776 752 1
777 814 1
778 387 1
779 511 0
780 605 0
781 499 1
782 111 0
783 705 1
784 66 0
785 925 1
786 262 0
787 849 0
788 652 0
789 911 0
790 359 1
791 706 0
792 502 1
793 925 0
794 65 1
795 581 1
796 644 1
797 670 0
798 594 1
799 87 0
800 207 1
801 382 0
802 674 1
803 749 1
804 96 1
805 778 1
806 200 0
807 873 0
808 444 1
809 311 1
810 88 1
811 832 1
812 346 1
813 555 1
814 319 0
815 320 1
816 721 0
817 648 1
818 893 1
819 509 0
820 152 1
821 750 0
822 211 1
823 121 1
824 861 1
825 231 0
826 283 0
827 749 0
828 354 1
829 637 1
830 666 1
831 505 1
832 619 0
833 223 1
834 924 0
835 874 1
836 393 0
837 148 1
838 688 1
839 913 1
840 7 0
841 287 1
842 581 0
843 574 1
844 714 0
845 914 1
846 542 1
847 555 0
848 13 1
849 114 1
850 230 1
851 387 1
852 54 0
853 881 1
854 458 1
855 665 1
856 378 0
857 62 1
858 362 0
859 615 1
860 568 1
861 829 0
862 389 1
863 298 1
864 882 1
865 60 1
866 122 1
867 695 0
868 635 1
869 224 0
870 810 1
871 865 1
872 562 0
873 869 1
874 284 1
875 373 1
876 801 1
877 335 0
878 374 1
879 313 1
880 700 1
881 396 0
882 126 1
883 304 0
884 455 1
885 228 1
886 138 1
887 241 1
888 394 1
889 931 1
890 35 1
891 836 0
892 881 1
893 400 1
894 178 1
895 885 1
896 393 1
897 73 0
898 746 0
899 241 0
900 212 1
901 839 0
902 869 1
903 704 1
904 564 1
905 314 1
906 381 1
907 156 1
908 347 1
909 304 1
910 923 1
911 124 1
912 497 0
913 210 1
914 814 0
915 231 0
916 226 1
917 97 0
918 525 1
919 731 1
920 810 0
921 756 1
922 221 1
923 240 1
924 188 1
925 162 0
926 694 1
927 802 1
928 723 0
929 222 1
930 769 0
931 4 0
932 244 0
933 811 1
934 795 1
935 579 0
936 28 1
937 584 0
938 620 0
939 471 1
940 328 1
941 293 1
942 226 0
943 1 1
944 480 0
945 860 0
946 329 1
947 32 1
948 858 0
949 649 1
950 411 1
951 460 1
952 3 0
953 928 1
954 241 1
955 152 1
956 753 0
957 312 0
958 847 0
959 648 1
960 775 1
961 364 1
962 747 0
963 52 0
964 198 1
965 113 1
966 303 1
967 355 0
968 923 0
969 583 1
970 816 1
971 693 1
972 833 1
973 682 0
974 625 1
975 795 1
976 627 1
977 293 1
978 861 0
979 419 1
980 352 1
981 41 1
982 758 1
983 615 1
984 746 1
985 872 0
986 67 1
987 919 1
988 358 1
989 21 1
990 720 0
991 172 1
992 695 0
993 161 1
994 810 0
995 641 1
996 766 0
997 538 1
998 146 0
999 299 0
1000 485 1
1001 242 1
1002 176 0
1003 758 0
1004 551 1
1005 239 1
1006 315 1
1007 405 0
1008 529 1
1009 592 0
1010 799 0
1011 874 0
1012 50 0
1013 530 1
1014 352 1
1015 741 1
1016 720 1
1017 695 0
1018 866 1
1019 151 1
1020 606 1
1021 822 0
1022 107 1
1023 305 1
1024 166 1
1025 348 1
1026 851 1
1027 904 0
1028 769 1
1029 403 0
1030 50 0
1031 679 1
1032 502 1
1033 386 1
1034 616 1
1035 919 0
1036 820 0
1037 864 1
1038 408 1
1039 284 0
1040 441 0
1041 845 1
1042 923 1
1043 567 1
1044 623 1
1045 601 1
1046 488 1
1047 749 0
1048 443 0
1049 492 1
1050 633 1
1051 654 0
1052 592 1
1053 515 1
1054 476 0
1055 880 1
1056 153 1
1057 929 1
1058 915 1
1059 208 0
1060 840 0
1061 238 1
1062 464 0
1063 106 0
1064 497 1
1065 339 0
1066 36 0
1067 370 0
1068 299 1
1069 349 1
1070 59 1
1071 412 0
1072 742 0
1073 8 0
1074 278 1
1075 290 0
1076 679 0
1077 234 1
1078 583 1
1079 423 1
1080 830 1
1081 583 1
1082 129 1
1083 215 0
1084 560 1
1085 857 1
1086 513 1
1087 831 1
1088 51 1
1089 354 1
1090 361 1
1091 168 1
1092 239 0
1093 557 0
1094 48 1
1095 276 0
1096 463 1
1097 465 1
1098 534 1
1099 674 1
1100 897 0
1101 780 0
1102 240 1
1103 454 1
1104 823 0
1105 275 1
1106 172 0
1107 12 1
1108 499 0
1109 540 1
1110 271 0
1111 732 1
1112 636 1
1113 47 1
1114 251 0
1115 51 1
1116 625 1
1117 0 1
1118 815 1
1119 810 0
1120 568 1
1121 609 0
1122 249 1
1123 457 0
1124 845 1
1125 601 1
1126 774 0
1127 570 0
1128 905 1
1129 714 0
1130 297 1
1131 331 1
1132 316 1
1133 508 1
1134 438 0
1135 556 0
1136 777 1
1137 119 1
1138 160 1
1139 147 1
1140 295 1
1141 494 1
1142 802 0
1143 613 0
1144 55 1
1145 890 0
1146 465 1
1147 928 0
1148 273 1
1149 632 0
1150 195 1
1151 91 0
1152 140 1
1153 371 1
1154 440 1
1155 612 1
1156 919 1
1157 177 0
1158 892 1
1159 869 1
1160 490 1
1161 20 1
1162 421 0
1163 456 1
1164 758 1
1165 711 0
1166 63 1
1167 298 1
1168 319 0
1169 744 1
1170 840 1
1171 801 1
1172 250 1
1173 922 1
1174 142 1
1175 463 1
1176 58 0
1177 894 0
1178 738 1
1179 826 1
1180 226 0
1181 823 0
1182 713 0
1183 146 1
1184 750 1
1185 750 1
1186 34 1
1187 791 1
1188 903 0
1189 147 1
1190 358 0
1191 50 0
1192 399 1
1193 548 0
1194 82 1
1195 75 0
1196 352 0
1197 250 1
1198 46 1
1199 123 1
1200 7 1
1201 175 1
1202 212 0
1203 326 0
1204 813 0
1205 880 0
1206 389 1
1207 308 1
1208 9 1
1209 299 1
1210 604 1
1211 638 0
1212 579 1
1213 394 1
1214 5 0
1215 142 0
1216 110 0
1217 54 1
1218 3 1
1219 157 0
1220 745 1
1221 361 0
1222 102 1
1223 296 1
1224 484 1
1225 94 1
1226 623 0
1227 417 1
1228 340 1
1229 200 1
1230 634 1
1231 12 1
1232 899 1
1233 720 1
1234 339 1
1235 92 1
1236 635 0
1237 6 0
1238 81 1
1239 740 0
1240 550 1
1241 374 1
1242 286 1
1243 748 1
1244 909 0
1245 626 1
1246 598 1
1247 76 0
1248 10 1
1249 534 1
1250 47 0
1251 154 0
1252 39 1
1253 379 1
1254 701 0
1255 340 1
1256 327 1
1257 798 1
1258 226 1
1259 547 1
1260 282 0
1261 467 0
1262 184 1
1263 512 1
1264 645 1
1265 783 1
1266 632 1
1267 682 0
1268 403 1
1269 446 1
1270 554 0
1271 142 1
1272 220 1
1273 216 0
1274 274 0
1275 889 1
1276 656 0
1277 743 1
1278 619 1
1279 340 1
1280 674 1
1281 330 0
1282 780 0
1283 699 1
1284 447 0
1285 74 0
1286 651 0
1287 603 0
1288 810 1
1289 38 1
1290 888 0
1291 361 1
1292 70 0
1293 757 1
1294 732 1
1295 327 0
1296 355 1
1297 153 0
1298 43 0
1299 106 1
1300 717 1
1301 211 0
1302 51 0
1303 27 1
1304 7 1
1305 666 1
1306 299 1
1307 813 1
1308 504 0
1309 18 1
1310 803 0
1311 429 1
1312 308 1
1313 81 1
1314 155 1
1315 494 1
1316 22 1
1317 614 1
1318 241 0
1319 587 0
1320 599 1
1321 450 1
1322 653 1
1323 226 1
1324 36 0
1325 180 0
1326 828 1
1327 370 1
1328 846 0
1329 208 1
1330 293 0
1331 247 1
1332 129 1
1333 627 1
1334 809 1
1335 857 1
1336 841 1
1337 93 1
1338 359 1
1339 439 1
1340 217 1
1341 887 0
1342 882 0
1343 903 1
1344 429 1
1345 170 0
1346 881 1
1347 929 1
1348 932 1
1349 100 1
1350 211 1
1351 351 1
1352 639 0
1353 680 0
1354 71 0
1355 113 1
1356 112 0
1357 401 0
1358 44 1
1359 163 0
1360 203 0
1361 155 1
1362 750 1
1363 468 1
1364 81 1
1365 279 0
1366 832 0
1367 411 1
1368 381 1
1369 256 1
1370 584 1
1371 741 1
1372 89 1
1373 64 1
1374 820 0
1375 847 0
1376 560 1
1377 480 1
1378 460 0
1379 433 0
1380 823 1
1381 834 1
1382 63 1
1383 914 1
1384 711 1
1385 897 0
1386 260 1
1387 712 1
1388 806 1
1389 136 1
1390 70 1
1391 89 0
1392 706 0
1393 899 0
1394 824 1
1395 428 1
1396 179 1
1397 157 1
1398 296 1
1399 340 1
1400 614 0
1401 89 1
1402 901 1
1403 291 1
1404 297 1
1405 774 1
1406 131 0
1407 303 1
1408 739 1
1409 376 1
1410 323 1
1411 412 1
1412 441 0
1413 51 0
1414 13 1
1415 117 0
1416 587 1
1417 222 0
1418 661 0
1419 635 1
1420 594 0
1421 632 1
1422 60 1
1423 282 1
1424 511 1
1425 150 1
1426 183 1
1427 57 0
1428 438 1
1429 81 1
1430 391 0
1431 386 0
1432 58 0
1433 839 1
1434 189 1
1435 397 1
1436 671 1
1437 575 0
1438 685 1
1439 836 1
1440 235 0
1441 751 0
1442 856 0
1443 696 1
1444 222 1
1445 119 1
1446 282 1
1447 311 1
1448 181 1
1449 126 0
1450 411 0
1451 459 0
1452 273 0
1453 533 0
1454 264 1
1455 875 0
1456 144 1
1457 224 1
1458 221 1
1459 667 1
1460 72 0
1461 362 1
1462 359 1
1463 695 1
1464 196 0
1465 216 1
1466 651 1
1467 757 1
1468 429 1
1469 256 0
1470 100 1
1471 846 0
1472 544 1
1473 550 0
1474 364 1
1475 167 1
1476 725 1
1477 444 0
1478 508 0
1479 931 1
1480 333 1
1481 32 0
1482 890 1
1483 283 1
1484 452 1
1485 733 0
1486 44 0
1487 689 1
1488 436 1
1489 660 1
1490 831 1
1491 890 1
1492 663 1
1493 427 1
1494 846 0
1495 596 1
1496 640 1
1497 538 1
1498 137 0
1499 289 1
1500 666 0
1501 101 1
1502 41 1
1503 19 1
1504 751 1
1505 932 1
1506 226 1
1507 925 1
1508 597 1
1509 781 1
1510 498 1
1511 410 0
1512 378 1
1513 108 1
1514 728 1
1515 410 0
1516 726 1
1517 825 1
1518 370 1
1519 898 1
1520 243 1
1521 490 1
1522 160 0
1523 665 1
1524 554 1
1525 334 0
1526 263 1
1527 563 1
1528 652 1
1529 809 1
1530 28 1
1531 910 0
1532 452 1
1533 241 1
1534 367 1
1535 316 0
1536 757 0
1537 386 1
1538 8 1
1539 394 1
1540 871 0
1541 921 1
1542 780 1
1543 149 0
1544 182 1
1545 14 0
1546 899 0
1547 31 1
1548 100 0
1549 546 0
1550 132 0
1551 383 1
1552 735 1
1553 527 1
1554 195 1
1555 264 1
1556 24 1
1557 574 1
1558 110 1
1559 23 1
1560 403 0
1561 502 1
1562 854 1
1563 440 0
1564 458 0
1565 727 0
1566 568 0
1567 201 0
1568 254 1
1569 419 1
1570 23 1
1571 821 1
1572 589 0
1573 504 1
1574 840 1
1575 297 0
1576 805 0
1577 332 1
1578 52 1
1579 401 1
1580 478 0
1581 407 0
1582 26 0
1583 136 0
1584 296 0
1585 382 0
1586 544 1
1587 20 0
1588 387 1
1589 205 0
1590 358 0
1591 257 1
1592 21 0
1593 610 1
1594 81 1
1595 476 1
1596 512 0
1597 911 1
1598 451 1
1599 472 1
1600 561 1
1601 719 1
1602 432 0
1603 26 1
1604 570 1
1605 766 1
1606 40 1
1607 812 1
1608 332 0
1609 374 1
1610 220 0
1611 864 1
1612 453 1
1613 924 1
1614 262 1
1615 371 0
1616 278 1
1617 648 1
1618 789 1
1619 835 1
1620 212 1
1621 75 1
1622 411 0
1623 899 1
1624 96 1
1625 115 1
1626 843 1
1627 354 0
1628 541 0
1629 574 1
1630 116 1
1631 346 0
1632 410 0
1633 410 0
1634 389 0
1635 346 1
1636 633 1
1637 853 1
1638 375 1
1639 746 1
1640 813 1
1641 440 1
1642 907 1
1643 740 1
1644 446 0
1645 624 1
1646 48 0
1647 262 0
1648 684 1
1649 377 1
1650 637 0
1651 394 1
1652 211 1
1653 687 1
1654 787 0
1655 363 1
1656 81 1
1657 110 1
1658 318 1
1659 809 1
1660 886 1
1661 633 0
1662 190 0
1663 112 1
1664 288 1
1665 321 1
1666 866 1
1667 569 1
1668 97 0
1669 37 1
1670 477 1
1671 271 1
1672 857 0
1673 853 1
1674 886 1
1675 312 1
1676 536 1
1677 493 0
1678 561 1
1679 907 1
1680 747 1
1681 147 0
1682 79 1
1683 478 1
1684 693 1
1685 367 1
1686 915 1
1687 101 0
1688 326 1
1689 387 1
1690 57 1
1691 771 1
1692 365 1
1693 39 1
1694 589 1
1695 495 0
1696 896 1
1697 151 1
1698 79 1
1699 457 1
1700 797 1
1701 315 1
1702 769 1
1703 925 0
1704 677 1
1705 681 0
1706 386 1
1707 394 0
1708 157 1
1709 398 0
1710 687 1
1711 217 1
1712 256 1
1713 345 0
1714 304 1
1715 414 1
1716 0 0
1717 602 1
1718 800 1
1719 823 0
1720 280 0
1721 585 1
1722 397 1
1723 138 1
1724 719 1
1725 367 0
1726 735 1
1727 776 0
1728 260 1
1729 634 0
1730 297 0
1731 386 0
1732 498 1
1733 25 1
1734 542 0
1735 216 1
1736 140 1
1737 209 1
1738 153 1
1739 158 0
1740 775 1
1741 413 1
1742 416 0
1743 875 1
1744 684 1
1745 894 0
1746 931 0
1747 931 0
1748 295 1
1749 168 0
1750 525 1
1751 379 1
1752 838 1
1753 855 0
1754 827 0
1755 584 0
1756 258 1
1757 553 1
1758 561 1
1759 71 0
1760 378 1
1761 14 1
1762 272 0
1763 525 0
1764 622 1
1765 124 1
1766 730 1
1767 532 0
1768 51 0
1769 0 0
1770 187 1
1771 854 0
1772 888 0
1773 426 1
1774 622 0
1775 482 1
1776 769 1
1777 682 1
1778 161 0
1779 328 1
1780 274 1
1781 303 1
1782 262 1
1783 13 1
1784 595 1
1785 497 1
1786 490 1
1787 534 1
1788 892 1
1789 615 0
1790 178 1
1791 888 1
1792 899 0
1793 123 1
1794 566 1
1795 217 1
1796 557 1
1797 565 0
1798 662 1
1799 438 0
1800 484 1
1801 413 0
1802 74 0
1803 140 1
1804 280 0
1805 269 1
1806 225 1
1807 127 0
1808 515 1
1809 557 0
1810 355 0
1811 56 1
1812 601 1
1813 105 0
1814 506 1
1815 893 0
1816 786 1
1817 685 1
1818 40 1
1819 547 1
1820 300 1
1821 433 1
1822 694 0
1823 22 1
1824 463 0
1825 425 0
1826 660 1
1827 105 0
1828 61 1
1829 311 1
1830 60 0
1831 865 0
1832 298 1
1833 427 0
1834 163 1
1835 899 0
1836 511 0
1837 881 1
1838 612 0
1839 548 1
1840 789 0
1841 614 1
1842 413 1
1843 498 1
1844 583 0
1845 349 1
1846 735 0
1847 796 1
1848 204 1
1849 678 0
1850 331 0
1851 723 1
1852 696 1
1853 767 1
1854 294 1
1855 171 0
1856 662 0
1857 668 1
1858 225 1
1859 857 1
1860 349 1
1861 410 1
1862 793 1
1863 491 0
1864 563 0
1865 671 1
1866 534 1
1867 110 1
1868 199 1
1869 912 1
1870 567 1
1871 644 0
1872 588 1
1873 331 0
1874 852 1
1875 927 0
1876 181 1
1877 659 0
1878 331 1
1879 692 0
1880 106 1
1881 749 1
1882 891 0
1883 244 1
1884 110 1
1885 303 0
1886 26 1
1887 280 0
1888 633 1
1889 734 1
1890 520 1
1891 474 1
1892 439 1
1893 49 1
1894 70 1
1895 39 1
1896 477 1
1897 709 1
1898 367 0
1899 831 1
1900 482 1
1901 808 0
1902 802 1
1903 775 0
1904 767 1
1905 708 1
1906 611 1
1907 708 1
1908 688 0
1909 888 1
1910 804 1
1911 241 1
1912 435 1
1913 436 1
1914 276 1
1915 1 1
1916 189 1
1917 919 1
1918 618 0
1919 214 1
1920 644 1
1921 459 1
1922 825 1
1923 439 1
1924 298 1
1925 59 0
1926 628 0
1927 171 1
1928 556 0
1929 587 1
1930 595 1
1931 310 1
1932 464 1
1933 495 1
1934 17 0
1935 254 1
1936 700 1
1937 636 1
1938 254 0
1939 826 1
1940 776 0
1941 27 1
1942 492 0
1943 256 0
1944 459 0
1945 601 1
1946 151 1
1947 558 1
1948 167 0
1949 71 1
1950 483 0
1951 498 1
1952 345 1
1953 735 1
1954 583 0
1955 457 1
1956 820 0
1957 204 0
1958 922 1
1959 149 0
1960 609 0
1961 808 1
1962 35 1
1963 682 0
1964 792 1
1965 626 1
1966 731 1
1967 485 0
1968 632 1
1969 48 0
1970 569 0
1971 362 0
1972 882 1
1973 489 0
1974 333 1
1975 39 1
1976 109 1
1977 76 1
1978 0 1
1979 586 1
1980 231 1
1981 441 0
1982 125 1
1983 412 1
1984 867 1
1985 107 0
1986 858 0
1987 613 0
1988 341 1
1989 745 1
1990 461 1
1991 923 1
1992 351 1
1993 367 1
1994 130 0
1995 449 0
1996 887 0
1997 282 1
1998 191 0
1999 836 1
2000 461 1
2001 521 1
2002 718 0
2003 846 1
2004 609 1
2005 107 1
2006 748 0
2007 360 1
2008 402 0
2009 756 1
2010 402 0
2011 199 1
2012 469 0
2013 88 0
2014 482 1
2015 678 1
2016 241 1
2017 635 0
2018 706 1
2019 392 0
2020 512 1
2021 520 0
2022 836 1
2023 146 1
2024 328 1
2025 144 1
2026 828 1
2027 392 1
2028 718 0
2029 917 0
2030 711 0
2031 517 1
2032 234 1
2033 284 1
2034 74 0
2035 389 1
2036 483 1
2037 914 1
2038 163 0
2039 931 0
2040 683 0
2041 528 1
2042 379 1
2043 248 1
2044 707 0
2045 431 0
2046 200 1
2047 157 1
2048 474 1
2049 441 0
2050 77 0
2051 787 1
2052 113 0
2053 253 1
2054 549 1
2055 74 1
2056 286 1
2057 183 0
2058 828 1
2059 829 1
2060 317 1
2061 154 1
2062 582 1
2063 19 1
2064 645 1
2065 910 1
2066 11 1
2067 589 1
2068 839 1
2069 640 1
2070 399 0
2071 60 1
2072 622 1
2073 71 0
2074 675 1
2075 187 1
2076 882 1
2077 229 1
2078 545 0
2079 894 0
2080 362 1
2081 633 1
2082 356 0
2083 737 0
2084 784 0
2085 371 0
2086 465 1
2087 242 1
2088 675 0
2089 326 1
2090 868 0
2091 715 1
2092 161 1
2093 68 0
2094 846 1
2095 270 1
2096 554 1
2097 888 1
2098 845 1
2099 826 1
2100 96 1
2101 839 1
2102 350 0
2103 370 0
2104 115 1
2105 402 1
2106 515 0
2107 867 0
2108 782 1
2109 690 1
2110 271 1
2111 277 0
2112 584 1
2113 109 1
2114 817 0
2115 152 1
2116 506 1
2117 781 0
2118 792 1
2119 841 1
2120 220 1
2121 25 0
2122 494 1
2123 133 1
2124 788 1
2125 346 1
2126 850 1
2127 258 0
2128 748 0
2129 304 0
2130 608 1
2131 265 0
2132 167 1
2133 344 1
2134 571 1
2135 587 0
2136 562 1
2137 595 0
2138 812 1
2139 707 1
2140 271 1
2141 99 1
2142 49 0
2143 929 0
2144 30 1
2145 149 1
2146 62 0
2147 127 0
2148 768 1
2149 494 0
2150 377 0
2151 851 0
2152 68 1
2153 22 0
2154 547 1
2155 853 1
2156 155 1
2157 660 0
2158 30 1
2159 308 1
2160 609 1
2161 5 0
2162 179 1
2163 553 0
2164 843 1
2165 659 1
2166 502 0
2167 532 0
2168 397 1
2169 170 0
2170 590 0
2171 483 1
2172 349 1
2173 843 0
2174 866 0
2175 678 1
2176 915 0
2177 866 1
2178 122 1
2179 414 0
2180 493 0
2181 905 1
2182 25 0
2183 633 1
2184 713 0
2185 673 1
2186 786 0
2187 422 0
2188 87 0
2189 234 1
2190 790 1
2191 802 1
2192 902 1
2193 240 1
2194 181 0
2195 124 0
2196 101 1
2197 737 0
2198 255 1
2199 788 0
2200 199 1
2201 297 1
2202 752 0
2203 840 1
2204 358 1
2205 167 1
2206 360 0
2207 641 0
2208 425 1
2209 660 1
2210 841 0
2211 1 1
2212 535 0
2213 375 1
2214 481 1
2215 717 0
2216 759 1
2217 386 0
2218 454 0
2219 724 1
2220 674 1
2221 681 1
2222 581 1
2223 670 1
2224 923 1
2225 919 1
2226 835 1
2227 148 1
2228 32 0
2229 533 1
2230 754 0
2231 501 1
2232 52 0
2233 117 1
2234 487 1
2235 39 1
2236 453 0
2237 916 1
2238 763 0
2239 761 0
2240 704 1
2241 892 1
2242 388 0
2243 350 0
2244 630 0
2245 241 1
2246 854 0
2247 337 1
2248 349 1
2249 132 0
2250 17 1
2251 372 0
2252 893 1
2253 225 0
2254 315 1
2255 197 0
2256 453 1
2257 931 1
2258 849 1
2259 569 0
2260 538 0
2261 304 1
2262 272 1
2263 85 0
2264 403 0
2265 417 0
2266 389 0
2267 196 1
2268 798 0
2269 726 0
2270 127 0
2271 505 1
2272 39 0
2273 382 0
2274 158 1
2275 741 1
2276 134 1
2277 808 1
2278 61 0
2279 333 1
2280 763 0
2281 776 1
2282 260 0
2283 222 1
2284 700 0
2285 891 1
2286 831 1
2287 714 1
2288 273 1
2289 478 1
2290 420 1
2291 194 0
2292 53 0
2293 266 0
2294 615 1
2295 470 1
2296 71 1
2297 318 1
2298 591 1
2299 110 0
2300 448 1
2301 839 1
2302 771 1
2303 869 0
2304 90 0
2305 542 0
2306 355 0
2307 371 1
2308 111 0
2309 414 0
2310 890 1
2311 824 1
2312 503 1
2313 599 0
2314 404 0
2315 173 1
2316 83 1
2317 505 0
2318 5 1
2319 618 1
2320 509 1
2321 845 1
2322 269 1
2323 231 1
2324 226 1
2325 759 1
2326 249 1
2327 104 1
2328 514 1
2329 567 1
2330 718 1
2331 143 1
2332 472 1
2333 29 1
2334 743 1
2335 226 1
2336 528 1
2337 143 1
2338 313 1
2339 831 1
2340 673 0
2341 29 1
2342 29 1
2343 48 1
2344 143 0
2345 767 0
2346 661 1
2347 384 1
2348 279 0
2349 330 1
2350 714 1
2351 647 0
2352 586 0
2353 761 1
2354 818 1
2355 745 1
2356 623 0
2357 786 1
2358 214 1
2359 848 1
2360 755 1
2361 873 1
2362 899 1
2363 336 1
2364 43 1
2365 573 1
2366 529 1
2367 721 1
2368 384 1
2369 388 1
2370 861 1
2371 133 1
2372 281 0
2373 857 1
2374 474 0
2375 159 1
2376 414 0
2377 780 0
2378 662 1
2379 864 0
2380 503 1
2381 184 0
2382 98 1
2383 175 1
2384 760 0
2385 57 0
2386 70 1
2387 546 0
2388 762 0
2389 152 1
2390 550 0
2391 600 1
2392 64 1
2393 651 1
2394 283 1
2395 153 1
2396 740 1
2397 779 1
2398 548 1
2399 626 1
2400 823 1
2401 716 1
2402 526 1
2403 550 1
2404 454 1
2405 659 1
2406 82 1
2407 341 1
2408 79 0
2409 526 0
2410 295 1
2411 455 1
2412 322 0
2413 593 1
2414 561 1
2415 312 1
2416 622 1
2417 65 0
2418 79 1
2419 223 1
2420 39 1
2421 257 1
2422 861 1
2423 506 1
2424 311 1
2425 23 0
2426 432 1
2427 708 0
2428 86 1
2429 692 0
2430 893 1
2431 752 1
2432 407 0
2433 103 1
2434 154 1
2435 86 1
2436 515 1
2437 553 1
2438 247 0
2439 690 0
2440 812 1
2441 231 1
2442 497 1
2443 720 1
2444 266 1
2445 298 1
2446 790 1
2447 114 1
2448 588 0
2449 750 1
2450 783 1
2451 241 1
2452 485 1
2453 114 1
2454 574 1
2455 358 1
2456 237 1
2457 765 0
2458 488 1
2459 385 1
2460 685 1
2461 634 1
2462 107 1
2463 460 1
2464 272 1
2465 397 0
2466 420 1
2467 726 1
2468 153 1
2469 358 1
2470 712 1
2471 247 1
2472 613 0
2473 752 1
2474 871 0
2475 576 1
2476 780 0
2477 472 0
2478 680 1
2479 888 1
2480 862 1
2481 34 1
2482 644 1
2483 908 1
2484 321 1
2485 244 1
2486 703 0
2487 704 0
2488 810 0
2489 791 0
2490 33 1
2491 678 1
2492 365 1
2493 73 1
2494 802 1
2495 371 0
2496 34 1
2497 734 0
2498 818 1
2499 195 1
2500 696 1
2501 547 1
2502 584 0
2503 742 1
2504 494 0
2505 516 1
2506 687 0
2507 300 1
2508 718 0
2509 818 1
2510 402 1
2511 40 1
2512 900 0
2513 768 1
2514 204 1
2515 299 1
2516 123 1
2517 86 1
2518 817 1
2519 822 1
2520 148 0
2521 797 0
2522 906 1
2523 609 0
2524 538 1
2525 0 0
2526 643 1
2527 683 1
2528 120 1
2529 702 0
2530 789 1
2531 291 0
2532 567 1
2533 926 0
2534 512 1
2535 482 1
2536 526 1
2537 217 1
2538 511 0
2539 498 1
2540 626 0
2541 363 0
2542 777 1
2543 600 0
2544 871 1
2545 875 1
2546 91 1
2547 13 1
2548 503 1
2549 177 0
2550 474 0
2551 397 1
2552 312 1
2553 459 1
2554 746 1
2555 593 0
2556 761 1
2557 429 0
2558 723 0
2559 809 0
2560 118 1
2561 695 1
2562 290 0
2563 521 1
2564 367 1
2565 877 1
2566 663 1
2567 800 1
2568 608 0
2569 520 1
2570 4 0
2571 513 1
2572 790 1
2573 677 1
2574 344 0
2575 547 1
2576 24 0
2577 325 1
2578 323 1
2579 762 1
2580 850 1
2581 490 1
2582 700 0
2583 863 1
2584 338 0
2585 102 1
2586 283 1
2587 414 0
2588 517 1
2589 612 0
2590 365 1
2591 630 0
2592 189 1
2593 358 0
2594 175 0
2595 509 0
2596 546 0
2597 913 0
2598 78 1
2599 580 1
2600 13 0
2601 64 1
2602 256 1
2603 676 1
2604 638 1
2605 355 0
2606 235 1
2607 113 0
2608 661 0
2609 244 0
2610 897 1
2611 583 1
2612 473 1
2613 129 0
2614 126 0
2615 273 1
2616 111 1
2617 674 1
2618 470 1
2619 208 0
2620 79 1
2621 484 0
2622 269 1
2623 631 0
2624 375 1
2625 487 1
2626 2 1
2627 503 1
2628 6 0
2629 333 0
2630 62 1
2631 510 0
2632 250 0
2633 195 1
2634 561 1
2635 201 0
2636 273 1
2637 261 1
2638 4 0
2639 778 1
2640 488 0
2641 25 1
2642 362 1
2643 271 0
2644 468 1
2645 154 1
2646 864 1
2647 357 1
2648 223 1
2649 555 0
2650 262 1
2651 731 1
2652 162 0
2653 383 0
2654 604 0
2655 785 1
2656 453 1
2657 888 1
2658 59 1
2659 838 0
2660 831 0
2661 711 1
2662 30 1
2663 250 1
2664 927 1
2665 344 1
2666 867 1
2667 97 0
2668 787 0
2669 849 0
2670 600 1
2671 271 1
2672 232 0
2673 590 0
2674 453 1
2675 125 1
2676 793 0
2677 73 1
2678 863 1
2679 383 1
2680 434 1
2681 419 1
2682 175 0
2683 119 1
2684 649 1
2685 727 1
2686 43 1
2687 677 1
2688 530 1
2689 458 1
2690 482 0
2691 642 0
2692 378 1
2693 819 1
2694 345 0
2695 819 1
2696 889 1
2697 454 0
2698 475 1
2699 400 0
2700 848 1
2701 748 1
2702 498 1
2703 472 1
2704 826 0
2705 733 1
2706 820 0
2707 23 1
2708 810 0
2709 574 1
2710 419 0
2711 655 0
2712 73 0
2713 746 1
2714 56 1
2715 393 1
2716 647 1
2717 168 1
2718 353 0
2719 895 0
2720 876 1
2721 860 1
2722 204 1
2723 682 1
2724 100 1
2725 543 1
2726 90 1
2727 200 1
2728 680 0
2729 365 0
2730 467 1
2731 13 1
2732 273 1
2733 633 0
2734 127 1
2735 179 1
2736 357 1
2737 487 1
2738 296 0
2739 535 1
2740 799 1
2741 568 0
2742 649 1
2743 706 1
2744 436 0
2745 439 0
2746 549 1
2747 737 1
2748 287 1
2749 169 0
2750 686 1
2751 138 1
2752 693 0
2753 325 0
2754 168 0
2755 453 1
2756 658 1
2757 577 1
2758 511 0
2759 77 0
2760 141 0
2761 570 0
2762 621 1
2763 819 0
2764 118 1
2765 629 1
2766 642 1
2767 569 1
2768 352 1
2769 459 1
2770 475 1
2771 208 1
2772 308 1
2773 814 1
2774 441 1
2775 139 1
2776 713 0
2777 232 1
2778 736 0
2779 269 0
2780 759 1
2781 33 1
2782 385 0
2783 523 1
2784 216 1
2785 912 1
2786 855 1
2787 198 1
2788 865 1
2789 355 1
2790 862 0
2791 262 1
2792 856 0
2793 2 1
2794 265 1
2795 820 0
2796 236 1
2797 798 1
2798 175 0
2799 666 0
2800 677 1
2801 736 0
2802 724 1
2803 135 1
2804 319 1
2805 683 1
2806 637 0
2807 196 1
2808 745 1
2809 526 0
2810 470 0
2811 754 1
2812 920 1
2813 288 0
2814 313 0
2815 207 0
2816 905 1
2817 896 0
2818 598 1
2819 420 0
2820 242 1
2821 472 1
2822 74 1
2823 746 1
2824 868 1
2825 549 1
2826 406 1
2827 765 0
2828 295 1
2829 208 0
2830 727 0
2831 905 1
2832 427 1
2833 116 1
2834 621 1
2835 316 1
2836 12 1
2837 463 1
2838 178 0
2839 558 0
2840 616 0
2841 518 0
2842 197 1
2843 135 0
2844 710 1
2845 406 1
2846 413 0
2847 510 1
2848 315 1
2849 824 1
2850 815 0
2851 519 0
2852 650 1
2853 566 0
2854 913 1
2855 594 0
2856 18 0
2857 925 1
2858 769 0
2859 360 1
2860 710 0
2861 358 1
2862 799 0
2863 336 1
2864 215 0
2865 770 0
2866 89 0
2867 578 0
2868 645 1
2869 873 0
2870 56 1
2871 528 1
2872 19 1
2873 876 0
2874 886 1
2875 642 1
2876 376 1
2877 507 1
2878 241 0
2879 76 1
2880 378 1
2881 554 1
2882 509 1
2883 512 1
2884 649 0
2885 500 1
2886 639 1
2887 86 0
2888 268 1
2889 167 1
2890 571 1
2891 538 1
2892 182 0
2893 257 1
2894 849 1
2895 533 1
2896 486 0
2897 761 1
2898 592 0
2899 284 1
2900 98 0
2901 667 1
2902 532 1
2903 701 1
2904 435 1
2905 327 1
2906 398 1
2907 328 1
2908 871 0
2909 311 0
2910 225 1
2911 148 1
2912 652 1
2913 774 1
2914 555 1
2915 859 1
2916 215 0
2917 696 1
2918 67 1
2919 853 1
2920 53 0
2921 469 1
2922 73 1
2923 339 1
2924 102 0
2925 451 1
2926 561 1
2927 107 0
2928 814 1
2929 831 1
2930 313 0
2931 395 1
2932 71 1
2933 929 1
2934 275 1
2935 534 1
2936 56 1
2937 434 0
2938 520 0
2939 726 1
2940 143 1
2941 603 0
2942 496 1
2943 291 1
2944 898 0
2945 705 1
2946 252 0
2947 459 1
2948 564 1
2949 355 0
2950 264 1
2951 822 1
2952 612 1
2953 103 1
2954 749 0
2955 474 1
2956 141 1
2957 316 1
2958 161 0
2959 907 0
2960 102 0
2961 57 1
2962 500 0
2963 918 0
2964 278 1
2965 277 1
2966 882 0
2967 516 1
2968 728 0
2969 66 1
2970 168 0
2971 742 0
2972 924 0
2973 253 0
2974 386 0
2975 865 0
2976 559 0
2977 150 1
2978 160 1
2979 150 1
2980 714 0
2981 287 1
2982 247 1
2983 877 1
2984 728 1
2985 826 1
2986 789 1
2987 859 1
2988 414 1
2989 587 1
2990 645 1
2991 596 1
2992 509 0
2993 637 1
2994 187 1
2995 67 1
2996 867 1
2997 284 0
2998 463 0
2999 463 1
3000 477 0
3001 807 1
3002 58 1
3003 767 1
3004 218 0
3005 580 1
3006 8 1
3007 202 0
3008 642 0
3009 146 1
3010 346 1
3011 450 0
3012 220 0
3013 115 1
3014 268 1
3015 247 1
3016 587 1
3017 731 0
3018 508 0
3019 424 0
3020 640 1
3021 657 0
3022 900 1
3023 472 1
3024 71 0
3025 744 1
3026 831 0
3027 3 1
3028 301 1
3029 107 1
3030 2 0
3031 620 1
3032 475 1
3033 541 0
3034 291 1
3035 430 0
3036 690 1
3037 300 1
3038 905 1
3039 920 1
3040 457 0
3041 699 1
3042 299 0
3043 712 1
3044 474 1
3045 476 1
3046 240 1
3047 719 0
3048 821 1
3049 72 1
3050 359 0
3051 764 0
3052 895 0
3053 427 0
3054 903 1
3055 216 1
3056 798 0
3057 88 1
3058 337 0
3059 418 1
3060 339 1
3061 8 1
3062 710 1
3063 600 1
3064 707 1
3065 778 1
3066 480 1
3067 489 1
3068 393 0
3069 615 1
3070 50 0
3071 96 1
3072 813 1
3073 80 1
3074 290 1
3075 335 0
3076 112 1
3077 861 1
3078 723 1
3079 141 1
3080 854 0
3081 870 1
3082 835 0
3083 150 1
3084 62 0
3085 898 1
3086 317 0
3087 27 0
3088 485 1
3089 655 1
3090 844 1
3091 125 0
3092 54 1
3093 152 1
3094 822 1
3095 581 1
3096 519 1
3097 451 1
3098 597 1
3099 371 1
3100 88 1
3101 771 1
3102 637 1
3103 842 1
3104 212 0
3105 619 1
3106 275 0
3107 386 1
3108 104 1
3109 759 1
3110 484 1
3111 43 1
3112 578 1
3113 732 1
3114 749 0
3115 554 1
3116 745 1
3117 896 1
3118 844 1
3119 640 1
3120 90 0
3121 832 1
3122 376 1
3123 347 1
3124 476 0
3125 713 0
3126 234 1
3127 338 1
3128 904 1
3129 361 1
3130 546 1
3131 278 1
3132 28 1
3133 808 1
3134 352 1
3135 648 0
3136 147 1
3137 460 0
3138 139 0
3139 311 1
3140 634 0
3141 882 1
3142 154 1
3143 400 1
3144 663 0
3145 498 1
3146 397 0
3147 288 1
3148 670 1
3149 364 0
3150 918 1
3151 185 1
3152 518 0
3153 895 0
3154 173 1
3155 579 0
3156 18 1
3157 395 0
3158 122 0
3159 883 1
3160 277 1
3161 368 1
3162 292 1
3163 166 1
3164 472 1
3165 11 0
3166 501 1
3167 243 0
3168 496 1
3169 50 0
3170 479 1
3171 783 1
3172 811 0
3173 908 0
3174 108 1
3175 91 1
3176 26 0
3177 366 1
3178 182 1
3179 240 0
3180 22 1
3181 179 0
3182 448 0
3183 850 0
3184 281 1
3185 573 1
3186 597 1
3187 563 1
3188 668 1
3189 128 0
3190 702 1
3191 122 1
3192 332 1
3193 700 1
3194 674 0
3195 822 0
3196 258 1
3197 527 1
3198 730 1
3199 610 1
3200 411 1
3201 144 0
3202 326 1
3203 789 1
3204 551 0
3205 145 1
3206 443 1
3207 116 0
3208 408 1
3209 595 1
3210 823 1
3211 153 1
3212 793 1
3213 161 1
3214 777 0
3215 908 1
3216 675 1
3217 570 0
3218 480 1
3219 717 1
3220 64 0
3221 419 1
3222 435 0
3223 588 1
3224 71 1
3225 646 0
3226 388 1
3227 348 1
3228 199 0
3229 145 0
3230 588 1
3231 538 0
3232 825 1
3233 638 0
3234 254 1
3235 124 0
3236 590 1
3237 131 0
3238 384 0
3239 589 1
3240 37 1
3241 655 0
3242 408 1
3243 327 0
3244 819 0
3245 890 1
3246 245 1
3247 111 1
3248 323 0
3249 163 1
3250 825 1
3251 202 0
3252 483 0
3253 814 1
3254 706 1
3255 42 1
3256 425 1
3257 474 1
3258 420 1
3259 161 1
3260 926 1
3261 87 0
3262 266 0
3263 29 0
3264 15 1
3265 819 0
3266 132 1
3267 628 0
3268 75 0
3269 788 0
3270 632 1
3271 244 1
3272 833 0
3273 611 1
3274 240 1
3275 866 1
3276 543 0
3277 125 1
3278 805 1
3279 118 0
3280 932 1
3281 619 0
3282 679 1
3283 52 1
3284 130 1
3285 255 1
3286 43 1
3287 541 0
3288 871 1
3289 502 0
3290 59 1
3291 650 0
3292 696 1
3293 132 1
3294 235 0
3295 695 0
3296 841 0
3297 18 0
3298 2 1
3299 62 1
3300 216 0
3301 549 1
3302 470 1
3303 441 0
3304 376 0
3305 478 0
3306 686 0
3307 344 0
3308 277 1
3309 670 1
3310 726 1
3311 400 0
3312 120 1
3313 290 1
3314 728 1
3315 841 0
3316 909 0
3317 510 0
3318 267 0
3319 161 0
3320 616 0
3321 38 0
3322 142 1
3323 471 1
3324 858 1
3325 932 0
3326 880 1
3327 354 1
3328 472 1
3329 428 0
3330 888 0
3331 865 1
3332 100 1
3333 32 0
3334 115 0
3335 904 1
3336 139 1
3337 753 0
3338 392 0
3339 354 0
3340 499 1
3341 622 1
3342 406 0
3343 752 1
3344 579 1
3345 452 1
3346 824 1
3347 467 1
3348 480 1
3349 251 1
3350 931 0
3351 632 0
3352 232 0
3353 72 1
3354 743 0
3355 594 1
3356 433 1
3357 648 1
3358 566 1
3359 91 1
3360 22 0
3361 748 1
3362 580 1
3363 143 1
3364 87 1
3365 29 1
3366 270 0
3367 809 1
3368 767 1
3369 432 1
3370 28 0
3371 194 0
3372 617 0
3373 607 1
3374 30 0
3375 116 1
3376 308 0
3377 551 1
3378 452 1
3379 669 1
3380 743 1
3381 625 1
3382 667 0
3383 236 0
3384 103 1
3385 732 1
3386 415 1
3387 832 1
3388 142 0
3389 3 0
3390 857 0
3391 811 0
3392 637 1
3393 427 0
3394 430 0
3395 696 1
3396 168 0
3397 907 0
3398 195 1
3399 57 1
3400 184 1
3401 670 1
3402 89 1
3403 352 0
3404 382 0
3405 56 1
3406 128 1
3407 778 1
3408 603 1
3409 921 0
3410 88 0
3411 927 1
3412 378 1
3413 398 1
3414 417 0
3415 179 0
3416 551 1
3417 854 1
3418 377 0
3419 177 0
3420 282 1
3421 372 1
3422 407 1
3423 828 1
3424 142 0
3425 763 1
3426 807 1
3427 379 1
3428 378 0
3429 480 1
3430 539 1
3431 117 1
3432 814 0
3433 103 1
3434 551 0
3435 671 0
3436 167 1
3437 897 1
3438 566 1
3439 304 1
3440 916 1
3441 830 0
3442 545 1
3443 696 0
3444 708 1
3445 92 1
3446 208 1
3447 125 1
3448 486 1
3449 587 1
3450 162 0
3451 592 1
3452 674 1
3453 556 0
3454 655 1
3455 321 1
3456 647 1
3457 149 1
3458 148 1
3459 489 1
3460 395 1
3461 477 1
3462 443 1
3463 932 0
3464 136 1
3465 687 0
3466 217 1
3467 866 1
3468 209 1
3469 157 0
3470 655 1
3471 223 1
3472 349 0
3473 868 1
3474 870 0
3475 313 0
3476 658 1
3477 589 1
3478 351 1
3479 404 1
3480 480 0
3481 92 1
3482 744 1
3483 894 1
3484 754 1
3485 537 1
3486 249 1
3487 500 1
3488 438 0
3489 55 0
3490 166 1
3491 708 1
3492 465 1
3493 299 0
3494 258 1
3495 25 1
3496 753 1
3497 155 1
3498 382 0
3499 823 1
3500 473 0
3501 681 0
3502 494 1
3503 280 1
3504 575 0
3505 29 1
3506 357 1
3507 872 1
3508 408 1
3509 360 0
3510 247 1
3511 125 1
3512 155 0
3513 285 0
3514 636 0
3515 395 0
3516 842 0
3517 205 1
3518 283 1
3519 57 1
3520 473 1
3521 320 0
3522 476 1
3523 374 1
3524 150 1
3525 271 1
3526 772 0
3527 703 1
3528 329 1
3529 771 1
3530 470 0
3531 795 1
3532 268 1
3533 783 0
3534 205 1
3535 130 1
3536 579 1
3537 229 0
3538 15 0
3539 74 0
3540 643 1
3541 454 1
3542 394 1
3543 716 0
3544 866 1
3545 756 1
3546 94 0
3547 435 0
3548 338 1
3549 567 1
3550 432 0
3551 528 1
3552 453 0
3553 202 1
3554 667 1
3555 872 1
3556 861 1
3557 513 1
3558 617 1
3559 699 0
3560 503 0
3561 259 1
3562 794 1
3563 613 1
3564 287 1
3565 635 0
3566 597 1
3567 798 0
3568 641 0
3569 585 1
3570 583 1
3571 405 1
3572 917 1
3573 486 1
3574 281 0
3575 458 0
3576 429 1
3577 102 1
3578 718 1
3579 382 1
3580 615 0
3581 792 0
3582 901 0
3583 396 0
3584 31 1
3585 637 1
3586 811 1
3587 778 0
3588 681 1
3589 703 1
3590 237 0
3591 468 1
3592 251 1
3593 263 0
3594 592 0
3595 695 0
3596 383 0
3597 554 1
3598 865 1
3599 614 0
3600 652 1
3601 230 1
3602 82 0
3603 632 0
3604 645 1
3605 446 1
3606 283 1
3607 855 1
3608 444 0
3609 810 1
3610 137 0
3611 30 1
3612 780 0
3613 178 1
3614 255 1
3615 328 1
3616 765 1
3617 743 1
3618 286 1
3619 916 1
3620 844 1
3621 188 0
3622 303 1
3623 621 0
3624 535 1
3625 503 0
3626 724 1
3627 498 1
3628 185 0
3629 4 1
3630 190 0
3631 653 1
3632 197 1
3633 761 1
3634 559 0
3635 722 1
3636 480 0
3637 557 1
3638 673 1
3639 837 0
3640 397 1
3641 253 1
3642 9 1
3643 66 1
3644 149 1
3645 527 1
3646 296 1
3647 253 0
3648 364 1
3649 283 1
3650 131 1
3651 701 1
3652 288 0
3653 702 1
3654 224 0
3655 543 0
3656 667 0
3657 115 1
3658 269 1
3659 763 1
3660 145 1
3661 63 1
3662 257 1
3663 587 1
3664 50 1
3665 266 1
3666 596 1
3667 99 0
3668 12 1
3669 567 1
3670 714 0
3671 510 0
3672 627 0
3673 431 1
3674 114 1
3675 381 1
3676 271 0
3677 353 0
3678 413 1
3679 803 0
3680 531 0
3681 884 1
3682 409 0
3683 733 1
3684 158 1
3685 658 0
3686 197 1
3687 626 1
3688 168 1
3689 441 0
3690 38 0
3691 194 1
3692 573 1
3693 144 1
3694 207 1
3695 756 1
3696 390 1
3697 587 1
3698 650 1
3699 874 1
3700 407 1
3701 53 0
3702 142 0
3703 735 1
3704 457 0
3705 245 0
3706 373 0
3707 111 1
3708 639 0
3709 306 1
3710 508 1
3711 652 1
3712 143 1
3713 418 0
3714 693 1
3715 321 0
3716 851 1
3717 664 1
3718 707 0
3719 23 0
3720 16 0
3721 379 0
3722 360 1
3723 403 0
3724 51 0
3725 913 1
3726 492 1
3727 178 1
3728 592 0
3729 735 0
3730 848 0
3731 759 1
3732 737 1
3733 827 0
3734 262 1
3735 395 1
3736 425 0
3737 668 1
3738 571 1
3739 505 1
3740 154 1
3741 250 1
3742 770 1
3743 588 0
3744 331 1
3745 88 0
3746 754 0
3747 79 1
3748 643 1
3749 723 1
3750 716 1
3751 251 0
3752 613 0
3753 646 1
3754 711 0
3755 528 0
3756 703 1
3757 232 1
3758 512 0
3759 276 1
3760 517 1
3761 395 1
3762 864 1
3763 550 0
3764 687 1
3765 547 1
3766 178 0
3767 331 1
3768 438 1
3769 697 0
3770 263 1
3771 388 1
3772 376 1
3773 467 0
3774 747 1
3775 105 1
3776 761 1
3777 323 1
3778 628 1
3779 920 1
3780 866 0
3781 159 0
3782 638 1
3783 209 1
3784 189 0
3785 600 1
3786 504 0
3787 725 0
3788 915 1
3789 489 0
3790 656 1
3791 713 1
3792 747 1
3793 243 1
3794 282 1
3795 132 1
3796 70 1
3797 219 0
3798 435 1
3799 506 1
3800 55 0
3801 383 0
3802 814 1
3803 160 0
3804 88 1
3805 245 0
3806 896 1
3807 295 1
3808 21 1
3809 459 0
3810 75 0
3811 758 1
3812 883 1
3813 507 0
3814 126 0
3815 316 0
3816 839 0
3817 393 1
3818 527 1
3819 237 0
3820 508 1
3821 79 0
3822 401 0
3823 488 1
3824 219 1
3825 379 0
3826 606 1
3827 678 0
3828 835 0
3829 833 0
3830 919 0
3831 795 0
3832 568 1
3833 267 1
3834 115 0
3835 431 0
3836 293 1
3837 401 1
3838 885 1
3839 770 1
3840 557 1
3841 704 0
3842 74 1
3843 92 1
3844 356 1
3845 591 1
3846 795 1
3847 235 1
3848 16 1
3849 593 1
3850 660 0
3851 408 0
3852 256 1
3853 21 1
3854 419 0
3855 619 1
3856 660 1
3857 512 1
3858 493 1
3859 18 1
3860 250 1
3861 259 0
3862 369 1
3863 195 0
3864 303 1
3865 170 1
3866 187 0
3867 289 1
3868 694 1
3869 304 1
3870 407 0
3871 810 1
3872 34 1
3873 176 0
3874 647 1
3875 444 1
3876 109 1
3877 315 1
3878 503 1
3879 864 0
3880 606 1
3881 489 0
3882 333 1
3883 889 1
3884 395 0
3885 861 1
3886 837 1
3887 244 1
3888 435 1
3889 118 0
3890 853 1
3891 6 0
3892 571 1
3893 161 1
3894 138 0
3895 601 1
3896 433 1
3897 843 0
3898 590 1
3899 167 1
3900 366 1
3901 161 1
3902 140 1
3903 447 1
3904 478 0
3905 617 0
3906 434 0
3907 320 0
3908 250 0
3909 800 1
3910 813 1
3911 439 1
3912 280 1
3913 386 1
3914 455 1
3915 814 0
3916 888 1
3917 397 0
3918 101 1
3919 563 1
3920 716 0
3921 284 0
3922 523 0
3923 875 1
3924 739 1
3925 815 1
3926 865 0
3927 239 1
3928 325 1
3929 41 0
3930 485 1
3931 322 1
3932 898 1
3933 189 1
3934 870 0
3935 300 1
3936 652 0
3937 176 0
3938 495 1
3939 321 0
3940 167 1
3941 226 1
3942 765 0
3943 550 1
3944 745 1
3945 590 1
3946 514 0
3947 391 1
3948 5 1
3949 199 0
3950 638 1
3951 834 0
3952 390 1
3953 838 0
3954 781 1
3955 492 0
3956 669 0
3957 701 1
3958 837 1
3959 897 1
3960 563 0
3961 253 1
3962 773 0
3963 277 1
3964 530 1
3965 26 0
3966 282 0
3967 245 1
3968 590 1
3969 863 0
3970 29 0
3971 694 0
3972 446 1
3973 506 0
3974 87 1
3975 653 1
3976 679 1
3977 448 1
3978 856 1
3979 18 1
3980 508 1
3981 688 0
3982 558 1
3983 768 0
3984 736 1
3985 546 1
3986 773 1
3987 771 0
3988 76 0
3989 290 1
3990 468 0
3991 814 1
3992 223 0
3993 734 1
3994 361 0
3995 600 1
3996 449 1
3997 726 0
3998 595 1
3999 182 0
4000 912 0
4001 124 1
4002 689 1
4003 345 1
4004 545 1
4005 928 0
4006 885 0
4007 295 1
4008 99 1
4009 562 1
4010 154 1
4011 397 1
4012 477 0
4013 570 1
4014 58 0
4015 778 1
4016 548 1
4017 682 1
4018 517 0
4019 722 0
4020 35 0
4021 210 1
4022 833 1
4023 403 0
4024 841 1
4025 113 1
4026 500 1
4027 559 1
4028 6 1
4029 771 0
4030 16 0
4031 341 1
4032 585 1
4033 521 0
4034 770 0
4035 884 1
4036 333 1
4037 446 0
4038 907 1
4039 472 1
4040 773 1
4041 184 1
4042 748 1
4043 625 1
4044 7 1
4045 472 0
4046 732 1
4047 826 1
4048 903 0
4049 792 1
4050 30 1
4051 266 1
4052 558 1
4053 836 1
4054 521 1
4055 68 1
4056 614 0
4057 8 0
4058 649 1
4059 838 1
4060 749 0
4061 918 1
4062 258 0
4063 824 1
4064 878 1
4065 275 1
4066 494 1
4067 924 0
4068 212 1
4069 305 1
4070 857 1
4071 401 1
4072 278 1
4073 621 1
4074 696 1
4075 889 1
4076 904 0
4077 20 1
4078 752 1
4079 349 1
4080 595 1
4081 325 0
4082 471 1
4083 514 1
4084 798 1
4085 723 1
4086 498 1
4087 327 0
4088 254 1
4089 77 0
4090 195 1
4091 768 1
4092 214 0
4093 634 1
4094 353 0
4095 37 0
4096 328 0
4097 410 1
4098 333 1
4099 790 1
4100 117 0
4101 920 0
4102 78 0
4103 698 1
4104 569 1
4105 588 1
4106 116 1
4107 584 0
4108 518 1
4109 17 0
4110 923 1
4111 539 0
4112 71 1
4113 424 0
4114 246 1
4115 255 1
4116 168 1
4117 285 0
4118 795 1
4119 817 0
4120 479 1
4121 850 1
4122 201 0
4123 579 0
4124 440 1
4125 310 0
4126 304 0
4127 55 1
4128 518 1
4129 432 0
4130 67 1
4131 781 1
4132 582 1
4133 720 0
4134 184 1
4135 530 0
4136 729 1
4137 565 0
4138 254 1
4139 370 1
4140 113 1
4141 431 1
4142 597 0
4143 99 0
4144 272 1
4145 600 1
4146 872 1
4147 813 1
4148 235 1
4149 620 0
4150 510 0
4151 389 1
4152 903 1
4153 542 1
4154 471 0
4155 225 1
4156 313 0
4157 308 0
4158 449 1
4159 51 1
4160 593 1
4161 366 1
4162 754 1
4163 121 1
4164 738 0
4165 129 1
4166 264 1
4167 513 0
4168 778 0
4169 112 0
4170 341 1
4171 206 1
4172 300 1
4173 870 1
4174 576 1
4175 777 1
4176 294 0
4177 768 1
4178 349 1
4179 757 1
4180 590 1
4181 709 1
4182 363 1
4183 742 0
4184 66 0
4185 763 1
4186 498 1
4187 715 0
4188 205 1
4189 854 0
4190 880 1
4191 84 1
4192 216 1
4193 595 1
4194 701 0
4195 26 0
4196 612 1
4197 281 1
4198 332 0
4199 837 1
4200 251 1
4201 458 1
4202 705 1
4203 267 0
4204 199 1
4205 411 0
4206 194 0
4207 41 0
4208 306 1
4209 281 1
4210 362 0
4211 87 1
4212 3 0
4213 671 0
4214 697 1
4215 386 1
4216 896 1
4217 417 1
4218 738 1
4219 884 1
4220 180 0
4221 736 1
4222 163 1
4223 437 1
4224 720 1
4225 198 1
4226 332 0
4227 191 0
4228 306 1
4229 670 1
4230 158 1
4231 325 1
4232 621 1
4233 96 1
4234 733 1
4235 83 0
4236 63 1
4237 7 1
4238 903 0
4239 349 0
4240 469 1
4241 839 1
4242 832 1
4243 790 1
4244 266 1
4245 168 0
4246 890 0
4247 785 1
4248 888 1
4249 657 1
4250 581 1
4251 908 1
4252 865 1
4253 871 1
4254 666 1
4255 245 0
4256 835 0
4257 657 1
4258 489 1
4259 832 1
4260 694 1
4261 139 0
4262 213 0
4263 535 1
4264 525 1
4265 163 1
4266 305 1
4267 471 1
4268 361 1
4269 726 1
4270 349 1
4271 536 1
4272 430 1
4273 878 0
4274 427 1
4275 47 1
4276 497 1
4277 146 0
4278 763 1
4279 531 1
4280 594 0
4281 768 1
4282 140 1
4283 443 0
4284 368 0
4285 487 1
4286 515 1
4287 275 0
4288 3 0
4289 584 0
4290 64 1
4291 272 0
4292 471 0
4293 924 1
4294 752 1
4295 896 0
4296 523 1
4297 33 1
4298 343 1
4299 123 1
4300 366 1
4301 148 1
4302 354 1
4303 546 1
4304 643 1
4305 788 1
4306 135 1
4307 574 1
4308 198 1
4309 213 1
4310 394 0
4311 84 0
4312 213 1
4313 887 0
4314 247 1
4315 920 0
4316 341 0
4317 801 0
4318 212 1
4319 121 0
4320 851 1
4321 869 1
4322 343 0
4323 312 1
4324 729 0
4325 798 1
4326 355 0
4327 761 1
4328 653 1
4329 778 1
4330 98 1
4331 820 1
4332 554 1
4333 203 1
4334 755 1
4335 343 1
4336 539 1
4337 379 0
4338 443 1
4339 730 1
4340 523 0
4341 83 1
4342 545 1
4343 166 1
4344 518 1
4345 472 0
4346 430 1
4347 124 1
4348 700 0
4349 818 1
4350 890 1
4351 849 0
4352 161 0
4353 685 1
4354 293 1
4355 497 1
4356 144 1
4357 414 0
4358 384 1
4359 262 0
4360 831 1
4361 587 1
4362 161 1
4363 380 1
4364 344 1
4365 104 1
4366 733 0
4367 450 1
4368 209 1
4369 565 1
4370 337 0
4371 625 1
4372 17 0
4373 478 1
4374 926 1
4375 371 1
4376 194 1
4377 806 1
4378 42 0
4379 523 1
4380 411 1
4381 340 0
4382 887 0
4383 172 1
4384 299 1
4385 905 1
4386 759 0
4387 425 1
4388 356 1
4389 831 1
4390 363 0
4391 481 0
4392 534 0
4393 219 0
4394 500 1
4395 616 1
4396 675 1
4397 189 0
4398 120 0
4399 99 0
4400 57 0
4401 363 1
4402 321 1
4403 313 1
4404 411 1
4405 334 0
4406 134 1
4407 637 1
4408 475 1
4409 897 1
4410 557 1
4411 606 1
4412 257 1
4413 236 1
4414 115 1
4415 450 1
4416 646 0
4417 643 1
4418 321 0
4419 18 1
4420 821 1
4421 812 0
4422 473 1
4423 929 0
4424 332 1
4425 297 1
4426 541 1
4427 843 1
4428 72 1
4429 242 1
4430 720 0
4431 14 1
4432 226 0
4433 707 0
4434 919 0
4435 0 1
4436 731 1
4437 721 1
4438 636 0
4439 526 1
4440 678 1
4441 231 1
4442 448 0
4443 737 0
4444 526 1
4445 361 0
4446 45 1
4447 400 0
4448 338 0
4449 473 1
4450 553 1
4451 438 0
4452 245 1
4453 275 1
4454 597 1
4455 223 1
4456 346 1
4457 281 1
4458 249 1
4459 620 0
4460 718 1
4461 742 0
4462 77 1
4463 102 1
4464 623 0
4465 47 0
4466 8 0
4467 247 0
4468 18 0
4469 788 0
4470 631 1
4471 611 0
4472 185 1
4473 730 1
4474 45 1
4475 277 1
4476 119 1
4477 594 1
4478 535 1
4479 852 1
4480 231 0
4481 122 1
4482 690 0
4483 492 1
4484 199 1
4485 45 1
4486 78 1
4487 180 0
4488 269 0
4489 351 1
4490 47 1
4491 731 0
4492 21 0
4493 17 0
4494 395 1
4495 435 1
4496 488 0
4497 518 1
4498 581 1
4499 260 0
4500 78 1
4501 330 1
4502 268 1
4503 659 0
4504 726 1
4505 158 1
4506 12 1
4507 7 1
4508 588 0
4509 243 0
4510 546 1
4511 915 1
4512 889 1
4513 586 1
4514 231 0
4515 37 1
4516 805 1
4517 704 0
4518 769 0
4519 330 0
4520 748 1
4521 56 1
4522 99 1
4523 447 0
4524 674 1
4525 44 1
4526 674 1
4527 628 0
4528 527 1
4529 821 0
4530 194 1
4531 373 1
4532 185 1
4533 445 1
4534 814 1
4535 823 1
4536 918 0
4537 696 1
4538 596 0
4539 424 0
4540 553 1
4541 863 1
4542 148 0
4543 578 0
4544 145 1
4545 739 0
4546 285 1
4547 645 1
4548 562 1
4549 145 0
4550 587 0
4551 32 1
4552 568 1
4553 309 1
4554 5 0
4555 807 1
4556 855 0
4557 159 1
4558 602 1
4559 51 1
4560 857 1
4561 741 1
4562 622 0
4563 333 1
4564 264 1
4565 587 0
4566 753 1
4567 143 1
4568 415 0
4569 859 1
4570 839 0
4571 285 1
4572 192 1
4573 137 0
4574 835 1
4575 609 1
4576 631 1
4577 275 1
4578 524 1
4579 810 0
4580 45 1
4581 707 1
4582 738 1
4583 494 1
4584 23 0
4585 880 1
4586 221 1
4587 582 1
4588 916 1
4589 861 1
4590 213 1
4591 884 1
4592 608 1
4593 470 1
4594 726 0
4595 640 1
4596 465 1
4597 290 0
4598 918 0
4599 144 1
4600 858 1
4601 176 0
4602 910 1
4603 799 1
4604 783 1
4605 85 1
4606 917 0
4607 560 1
4608 501 1
4609 444 0
4610 97 1
4611 372 0
4612 805 0
4613 486 1
4614 167 1
4615 104 0
4616 28 1
4617 477 1
4618 344 1
4619 205 1
4620 723 0
4621 843 0
4622 913 1
4623 20 1
4624 220 0
4625 82 0
4626 270 1
4627 534 0
4628 770 1
4629 586 1
4630 610 1
4631 335 1
4632 277 1
4633 882 1
4634 809 1
4635 469 0
4636 446 0
4637 27 1
4638 503 0
4639 214 0
4640 166 1
4641 347 1
4642 57 0
4643 817 1
4644 275 1
4645 723 0
4646 467 1
4647 829 0
4648 244 1
4649 85 1
4650 0 1
4651 25 1
4652 1 0
4653 765 0
4654 687 0
4655 533 1
4656 582 1
4657 248 1
4658 482 0
4659 426 1
4660 842 1
4661 15 0
4662 928 0
4663 426 1
4664 343 1
4665 598 0
4666 719 1
4667 96 1
4668 677 1
4669 183 1
4670 560 0
4671 590 1
4672 317 1
4673 742 1
4674 276 1
4675 863 1
4676 691 1
4677 800 1
4678 443 1
4679 232 1
4680 697 1
4681 436 1
4682 522 1
4683 509 0
4684 699 1
4685 589 1
4686 128 1
4687 775 1
4688 390 0
4689 899 0
4690 712 1
4691 505 1
4692 428 1
4693 810 0
4694 558 1
4695 31 1
4696 594 1
4697 458 0
4698 305 1
4699 688 0
4700 379 0
4701 51 1
4702 829 0
4703 259 1
4704 370 0
4705 19 1
4706 361 0
4707 272 0
4708 789 1
4709 34 0
4710 846 1
4711 736 1
4712 772 0
4713 929 0
4714 881 0
4715 802 1
4716 334 1
4717 140 1
4718 53 0
4719 516 0
4720 864 1
4721 572 0
4722 366 0
4723 735 1
4724 300 0
4725 289 1
4726 141 1
4727 26 0
4728 6 1
4729 712 0
4730 359 1
4731 867 1
4732 502 1
4733 576 1
4734 713 0
4735 631 0
4736 348 0
4737 590 1
4738 420 1
4739 242 0
4740 468 1
4741 587 1
4742 623 1
4743 243 0
4744 875 1
4745 236 0
4746 604 0
4747 648 0
4748 830 1
4749 34 0
4750 104 0
4751 562 1
4752 241 1
4753 472 1
4754 851 1
4755 688 1
4756 312 0
4757 648 1
4758 263 1
4759 870 1
4760 567 0
4761 160 0
4762 929 1
4763 303 1
4764 754 1
4765 744 1
4766 308 1
4767 617 0
4768 831 1
4769 517 0
4770 524 1
4771 441 0
4772 268 1
4773 145 1
4774 355 1
4775 737 1
4776 495 1
4777 467 1
4778 426 0
4779 624 1
4780 761 1
4781 412 0
4782 114 0
4783 339 0
4784 252 1
4785 68 1
4786 195 1
4787 919 0
4788 906 1
4789 62 1
4790 105 1
4791 903 1
4792 417 1
4793 745 0
4794 861 1
4795 744 0
4796 178 1
4797 478 0
4798 905 1
4799 544 1
4800 740 1
4801 307 0
4802 429 1
4803 120 0
4804 77 1
4805 383 1
4806 288 0
4807 436 0
4808 97 1
4809 268 1
4810 923 1
4811 20 0
4812 888 0
4813 700 1
4814 36 1
4815 738 1
4816 577 1
4817 85 1
4818 58 1
4819 128 1
4820 280 1
4821 556 0
4822 171 1
4823 926 1
4824 546 0
4825 532 0
4826 927 1
4827 358 1
4828 703 1
4829 116 0
4830 437 1
4831 822 1
4832 272 1
4833 394 1
4834 419 1
4835 704 0
4836 340 1
4837 334 1
4838 626 1
4839 432 1
4840 827 0
4841 776 0
4842 236 1
4843 77 0
4844 327 1
4845 52 0
4846 353 1
4847 738 1
4848 501 1
4849 608 0
4850 27 1
4851 339 1
4852 359 1
4853 878 1
4854 306 0
4855 878 0
4856 647 1
4857 328 1
4858 576 1
4859 543 1
4860 251 1
4861 627 0
4862 189 1
4863 882 1
4864 284 1
4865 917 1
4866 589 1
4867 679 1
4868 650 0
4869 654 0
4870 308 1
4871 463 0
4872 627 0
4873 559 1
4874 850 0
4875 480 1
4876 70 1
4877 79 0
4878 607 1
4879 256 0
4880 239 1
4881 271 0
4882 216 1
4883 498 1
4884 881 1
4885 196 1
4886 125 1
4887 519 1
4888 757 1
4889 675 0
4890 901 1
4891 150 0
4892 51 1
4893 537 0
4894 844 1
4895 270 1
4896 339 0
4897 47 0
4898 451 1
4899 142 0
4900 70 1
4901 309 1
4902 889 0
4903 600 1
4904 627 1
4905 109 1
4906 219 0
4907 872 0
4908 141 1
4909 234 0
4910 575 0
4911 204 0
4912 5 1
4913 190 1
4914 102 1
4915 856 1
4916 562 1
4917 607 1
4918 367 1
4919 885 0
4920 270 0
4921 895 0
4922 906 0
4923 65 1
4924 31 1
4925 754 1
4926 111 0
4927 827 1
4928 168 1
4929 226 0
4930 69 1
4931 681 1
4932 620 0
4933 802 1
4934 630 1
4935 354 1
4936 469 1
4937 349 1
4938 218 0
4939 797 1
4940 20 1
4941 747 0
4942 882 1
4943 487 1
4944 378 1
4945 626 1
4946 515 0
4947 384 1
4948 730 1
4949 149 0
4950 662 0
4951 286 1
4952 820 1
4953 533 1
4954 703 0
4955 593 1
4956 321 1
4957 508 1
4958 702 0
4959 626 0
4960 428 0
4961 248 1
4962 694 1
4963 104 0
4964 539 0
4965 224 0
4966 757 1
4967 359 1
4968 799 1
4969 402 1
4970 357 1
4971 359 1
4972 708 1
4973 602 1
4974 235 1
4975 278 1
4976 268 1
4977 912 0
4978 464 0
4979 173 0
4980 923 1
4981 231 0
4982 213 1
4983 111 1
4984 550 0
4985 648 0
4986 814 1
4987 891 1
4988 248 1
4989 720 0
4990 162 1
4991 800 0
4992 244 1
4993 112 1
4994 517 1
4995 86 1
4996 574 1
4997 908 1
4998 908 1
4999 520 0
5000 253 0
5001 738 1
5002 549 1
5003 377 1
5004 563 1
5005 2 0
5006 816 1
5007 808 1
5008 302 1
5009 143 1
5010 511 1
5011 633 1
5012 199 0
5013 592 1
5014 347 1
5015 5 0
5016 68 0
5017 41 1
5018 399 0
5019 721 0
5020 236 0
5021 60 1
5022 246 1
5023 487 1
5024 161 0
5025 327 0
5026 165 1
5027 477 0
5028 635 1
5029 778 1
5030 555 0
5031 889 1
5032 486 0
5033 546 1
5034 68 1
5035 567 1
5036 711 1
5037 664 1
5038 215 1
5039 812 1
5040 154 0
5041 354 0
5042 819 1
5043 336 1
5044 273 1
5045 223 0
5046 618 1
5047 757 0
5048 176 1
5049 709 0
5050 359 1
5051 789 1
5052 623 1
5053 401 0
5054 44 1
5055 520 1
5056 725 0
5057 517 1
5058 425 1
5059 785 1
5060 688 1
5061 833 0
5062 841 0
5063 783 1
5064 681 1
5065 568 1
5066 208 1
5067 137 0
5068 250 1
5069 42 1
5070 124 0
5071 492 1
5072 156 1
5073 766 1
5074 583 1
5075 932 1
5076 346 1
5077 17 1
5078 210 0
5079 578 1
5080 79 1
5081 305 0
5082 291 0
5083 771 0
5084 286 1
5085 489 1
5086 442 1
5087 565 1
5088 364 1
5089 832 1
5090 669 1
5091 591 1
5092 37 0
5093 923 1
5094 128 0
5095 444 0
5096 434 0
5097 147 1
5098 497 1
5099 920 1
5100 798 1
5101 846 0
5102 763 1
5103 211 1
5104 876 0
5105 447 1
5106 247 0
5107 1 1
5108 366 1
5109 184 1
5110 798 0
5111 354 0
5112 684 0
5113 678 1
5114 139 0
5115 685 1
5116 100 1
5117 203 1
5118 144 1
5119 711 1
5120 763 1
5121 6 0
5122 917 1
5123 601 1
5124 237 0
5125 151 1
5126 721 0
5127 55 0
5128 313 0
5129 374 1
5130 704 1
5131 110 1
5132 379 1
5133 387 1
5134 381 0
5135 850 0
5136 44 0
5137 528 1
5138 170 1
5139 617 0
5140 636 1
5141 163 1
5142 580 0
5143 202 0
5144 604 1
5145 65 0
5146 10 1
5147 832 0
5148 142 1
5149 565 0
5150 105 1
5151 387 0
5152 299 0
5153 763 1
5154 766 1
5155 530 0
5156 522 1
5157 546 1
5158 912 1
5159 368 1
5160 631 1
5161 612 1
5162 262 1
5163 683 0
5164 105 1
5165 580 1
5166 105 0
5167 13 1
5168 257 1
5169 526 1
5170 530 0
5171 212 0
5172 818 1
5173 181 1
5174 812 1
5175 101 0
5176 637 1
5177 805 1
5178 532 1
5179 24 1
5180 525 1
5181 500 0
5182 878 0
5183 340 0
5184 596 0
5185 878 1
5186 57 1
5187 205 0
5188 568 1
5189 46 1
5190 590 0
5191 612 0
5192 514 1
5193 152 1
5194 693 1
5195 403 1
5196 87 1
5197 221 1
5198 723 1
5199 474 1
5200 148 0
5201 819 1
5202 577 0
5203 387 1
5204 131 1
5205 899 1
5206 233 1
5207 907 0
5208 369 1
5209 167 0
5210 889 0
5211 68 0
5212 781 1
5213 315 1
5214 157 0
5215 264 1
5216 275 0
5217 163 1
5218 480 1
5219 24 1
5220 50 0
5221 292 1
5222 222 1
5223 338 0
5224 47 0
5225 373 1
5226 729 1
5227 286 0
5228 623 0
5229 108 0
5230 110 1
5231 152 1
5232 761 0
5233 197 1
5234 866 0
5235 573 0
5236 797 1
5237 506 1
5238 786 1
5239 916 1
5240 70 1
5241 142 0
5242 690 1
5243 336 0
5244 335 1
5245 227 1
5246 469 0
5247 723 1
5248 348 0
5249 605 1
5250 794 1
5251 156 1
5252 418 1
5253 51 1
5254 813 1
5255 63 0
5256 630 1
5257 56 1
5258 873 1
5259 768 1
5260 836 1
5261 613 1
5262 681 0
5263 322 1
5264 390 0
5265 616 1
5266 132 1
5267 562 1
5268 156 0
5269 713 0
5270 301 0
5271 573 1
5272 635 1
5273 39 0
5274 674 0
5275 742 1
5276 177 0
5277 255 1
5278 825 1
5279 261 0
5280 810 1
5281 772 1
5282 370 0
5283 213 0
5284 321 1
5285 216 1
5286 423 0
5287 860 1
5288 377 1
5289 592 1
5290 666 0
5291 1 1
5292 824 1
5293 75 1
5294 139 1
5295 891 1
5296 280 0
5297 612 1
5298 439 0
5299 483 1
5300 126 1
5301 342 1
5302 794 1
5303 914 1
5304 474 0
5305 9 1
5306 42 1
5307 357 1
5308 505 1
5309 543 1
5310 768 1
5311 314 1
5312 885 1
5313 73 1
5314 125 1
5315 458 1
5316 909 1
5317 107 1
5318 375 1
5319 315 0
5320 661 1
5321 363 1
5322 574 1
5323 530 1
5324 220 1
5325 97 0
5326 641 1
5327 411 0
5328 643 1
5329 638 0
5330 346 1
5331 326 1
5332 269 1
5333 399 1
5334 521 1
5335 214 1
5336 344 1
5337 260 1
5338 365 1
5339 371 1
5340 583 0
5341 881 1
5342 185 0
5343 538 0
5344 149 1
5345 317 1
5346 646 0
5347 124 0
5348 730 1
5349 280 0
5350 543 1
5351 808 1
5352 725 1
5353 179 1
5354 231 0
5355 396 0
5356 324 1
5357 758 1
5358 9 1
5359 57 1
5360 847 1
5361 893 0
5362 325 0
5363 782 1
5364 499 1
5365 680 0
5366 277 0
5367 302 0
5368 582 0
5369 813 0
5370 337 1
5371 694 1
5372 860 1
5373 823 1
5374 537 1
5375 334 1
5376 562 1
5377 317 1
5378 270 1
5379 662 0
5380 883 1
5381 531 0
5382 857 0
5383 297 1
5384 621 1
5385 40 1
5386 692 1
5387 926 1
5388 908 0
5389 795 1
5390 70 0
5391 616 1
5392 382 0
5393 239 0
5394 753 1
5395 141 1
5396 618 1
5397 931 1
5398 811 0
5399 702 1
5400 364 1
5401 764 1
5402 198 0
5403 396 1
5404 879 1
5405 924 0
5406 693 1
5407 888 0
5408 846 0
5409 794 1
5410 403 1
5411 90 0
5412 327 1
5413 522 1
5414 275 0
5415 358 1
5416 341 1
5417 763 0
5418 599 1
5419 18 1
5420 723 0
5421 801 0
5422 855 1
5423 625 1
5424 844 1
5425 155 1
5426 141 1
5427 641 0
5428 573 0
5429 912 0
5430 175 1
5431 555 1
5432 179 0
5433 708 0
5434 850 1
5435 630 1
5436 41 1
5437 190 0
5438 561 1
5439 385 1
5440 21 1
5441 439 0
5442 92 1
5443 522 1
5444 617 1
5445 582 0
5446 145 1
5447 615 1
5448 829 1
5449 409 0
5450 423 1
5451 454 0
5452 258 1
5453 81 0
5454 180 1
5455 598 1
5456 659 1
5457 256 1
5458 491 1
5459 485 1
5460 0 0
5461 273 1
5462 577 0
5463 124 1
5464 932 1
5465 873 0
5466 293 1
5467 539 1
5468 344 0
5469 676 1
5470 153 0
5471 32 1
5472 685 1
5473 285 0
5474 719 0
5475 71 1
5476 210 1
5477 519 1
5478 886 1
5479 914 0
5480 482 1
5481 27 1
5482 901 1
5483 632 0
5484 493 1
5485 490 0
5486 23 1
5487 765 0
5488 463 1
5489 257 1
5490 193 0
5491 622 1
5492 912 0
5493 844 0
5494 157 1
5495 470 1
5496 399 1
5497 721 0
5498 369 0
5499 332 1
5500 103 1
5501 229 1
5502 650 1
5503 727 1
5504 418 1
5505 669 0
5506 33 1
5507 668 1
5508 220 0
5509 877 0
5510 363 0
5511 323 0
5512 217 1
5513 435 0
5514 186 0
5515 755 1
5516 896 0
5517 654 0
5518 698 0
5519 686 1
5520 500 1
5521 448 1
5522 433 0
5523 784 1
5524 68 1
5525 337 1
5526 448 0
5527 499 1
5528 772 1
5529 557 0
5530 74 0
5531 900 1
5532 83 0
5533 890 0
5534 723 1
5535 618 1
5536 718 1
5537 715 1
5538 555 0
5539 525 1
5540 14 0
5541 360 1
5542 589 1
5543 780 1
5544 513 1
5545 107 1
5546 437 1
5547 278 1
5548 3 1
5549 23 1
5550 184 1
5551 909 0
5552 81 1
5553 188 1
5554 325 0
5555 219 1
5556 295 1
5557 455 0
5558 745 1
5559 33 1
5560 360 1
5561 219 1
5562 455 1
5563 39 0
5564 39 0
5565 490 0
5566 356 1
5567 779 1
5568 811 0
5569 380 1
5570 53 0
5571 195 0
5572 484 0
5573 539 0
5574 259 1
5575 861 1
5576 19 0
5577 723 1
5578 884 0
5579 238 1
5580 477 1
5581 454 1
5582 501 1
5583 577 1
5584 227 1
5585 235 0
5586 862 0
5587 282 0
5588 387 1
5589 16 1
5590 113 0
5591 225 1
5592 331 1
5593 846 1
5594 84 0
5595 512 1
5596 773 1
5597 115 1
5598 573 1
5599 721 1
5600 370 1
5601 733 1
5602 693 0
5603 367 1
5604 209 1
5605 686 1
5606 914 1
5607 695 1
5608 580 1
5609 247 0
5610 652 1
5611 878 1
5612 446 1
5613 834 0
5614 754 1
5615 192 0
5616 884 1
5617 144 1
5618 314 0
5619 99 0
5620 548 1
5621 153 1
5622 417 1
5623 841 1
5624 762 0
5625 381 0
5626 568 0
5627 627 1
5628 387 1
5629 407 0
5630 456 1
5631 292 1
5632 246 0
5633 359 0
5634 254 0
5635 390 0
5636 549 1
5637 51 1
5638 111 0
5639 683 1
5640 353 1
5641 662 1
5642 111 1
5643 657 1
5644 538 0
5645 599 1
5646 37 1
5647 708 1
5648 47 1
5649 150 1
5650 484 0
5651 756 1
5652 737 1
5653 373 1
5654 658 1
5655 95 0
5656 494 0
5657 654 1
5658 767 1
5659 757 0
5660 748 1
5661 672 1
5662 34 1
5663 722 0
5664 474 0
5665 36 1
5666 133 0
5667 713 1
5668 906 1
5669 438 0
5670 863 0
5671 363 1
5672 11 1
5673 683 0
5674 701 1
5675 803 0
5676 583 1
5677 23 1
5678 644 0
5679 352 1
5680 924 1
5681 797 0
5682 486 0
5683 300 0
5684 37 0
5685 397 1
5686 925 1
5687 45 1
5688 151 1
5689 435 1
5690 889 1
5691 436 0
5692 502 0
5693 463 1
5694 858 1
5695 637 1
5696 509 1
5697 626 0
5698 385 1
5699 414 1
5700 384 1
5701 43 1
5702 292 0
5703 620 1
5704 123 1
5705 15 1
5706 667 0
5707 859 1
5708 564 0
5709 688 0
5710 164 0
5711 644 1
5712 548 1
5713 42 1
5714 569 1
5715 76 1
5716 335 1
5717 290 1
5718 446 0
5719 376 1
5720 338 1
5721 303 1
5722 497 0
5723 895 1
5724 857 0
5725 857 1
5726 111 0
5727 415 1
5728 212 1
5729 898 1
5730 914 1
5731 108 1
5732 52 1
5733 836 1
5734 28 1
5735 722 0
5736 325 1
5737 93 0
5738 560 1
5739 603 1
5740 359 1
5741 226 1
5742 749 0
5743 435 0
5744 751 0
5745 462 0
5746 334 1
5747 9 1
5748 36 1
5749 539 1
5750 778 1
5751 671 1
5752 73 0
5753 59 1
5754 472 1
5755 770 1
5756 843 1
5757 608 0
5758 357 1
5759 340 1
5760 404 1
5761 801 1
5762 94 1
5763 778 1
5764 722 0
5765 434 1
5766 365 0
5767 391 0
5768 589 1
5769 724 0
5770 420 1
5771 267 1
5772 278 1
5773 643 1
5774 878 0
5775 118 0
5776 506 1
5777 741 1
5778 449 1
5779 384 0
5780 277 1
5781 112 1
5782 644 1
5783 734 0
5784 261 0
5785 82 1
5786 740 1
5787 78 0
5788 531 0
5789 375 1
5790 425 1
5791 479 0
5792 718 1
5793 838 1
5794 179 0
5795 711 1
5796 413 0
5797 405 1
5798 48 1
5799 78 0
5800 384 0
5801 643 1
5802 749 0
5803 864 1
5804 163 1
5805 476 0
5806 452 0
5807 478 0
5808 895 0
5809 124 0
5810 911 1
5811 837 1
5812 379 0
5813 755 0
5814 168 0
5815 42 1
5816 647 0
5817 51 1
5818 127 0
5819 463 1
5820 288 1
5821 184 0
5822 615 1
5823 630 1
5824 352 0
5825 25 1
5826 309 1
5827 28 1
5828 825 1
5829 422 1
5830 337 1
5831 853 1
5832 217 1
5833 753 1
5834 886 1
5835 873 1
5836 529 1
5837 287 1
5838 93 0
5839 441 1
5840 44 0
5841 81 0
5842 636 0
5843 348 1
5844 200 0
5845 481 1
5846 889 0
5847 481 1
5848 25 1
5849 757 1
5850 824 1
5851 458 1
5852 475 0
5853 284 1
5854 35 1
5855 666 1
5856 151 1
5857 672 1
5858 163 1
5859 622 1
5860 511 0
5861 207 0
5862 225 0
5863 880 1
5864 642 1
5865 468 1
5866 468 0
5867 259 1
5868 45 0
5869 231 1
5870 575 0
5871 399 1
5872 18 1
5873 234 0
5874 464 1
5875 784 1
5876 332 1
5877 749 0
5878 399 0
5879 114 1
5880 467 0
5881 295 1
5882 228 1
5883 599 0
5884 404 0
5885 7 1
5886 101 0
5887 425 1
5888 197 1
5889 540 1
5890 474 1
5891 10 0
5892 102 1
5893 84 1
5894 523 0
5895 848 1
5896 433 1
5897 300 0
5898 71 1
5899 588 1
5900 103 1
5901 521 0
5902 307 0
5903 910 1
5904 565 0
5905 819 0
5906 214 0
5907 913 1
5908 309 1
5909 123 1
5910 502 1
5911 197 0
5912 835 1
5913 904 1
5914 116 1
5915 448 0
5916 461 0
5917 78 1
5918 289 1
5919 926 0
5920 226 1
5921 27 1
5922 14 1
5923 410 1
5924 898 1
5925 810 0
5926 225 0
5927 709 1
5928 224 0
5929 687 1
5930 546 1
5931 213 0
5932 825 0
5933 495 0
5934 0 1
5935 341 0
5936 259 0
5937 319 0
5938 616 1
5939 837 1
5940 569 0
5941 354 1
5942 441 1
5943 575 0
5944 464 1
5945 311 1
5946 186 0
5947 737 0
5948 122 0
5949 499 1
5950 94 0
5951 1 1
5952 862 0
5953 867 1
5954 356 0
5955 432 1
5956 205 1
5957 440 1
5958 571 0
5959 617 1
5960 65 0
5961 766 1
5962 759 1
5963 569 1
5964 176 1
5965 657 0
5966 42 1
5967 864 1
5968 286 1
5969 409 1
5970 636 1
5971 288 1
5972 349 1
5973 793 1
5974 116 1
5975 89 0
5976 711 1
5977 672 1
5978 732 0
5979 726 0
5980 443 1
5981 832 0
5982 68 0
5983 350 1
5984 281 1
5985 64 1
5986 668 1
5987 131 0
5988 386 1
5989 657 1
5990 121 1
5991 337 1
5992 908 1
5993 330 0
5994 38 1
5995 336 1
5996 812 1
5997 274 1
5998 305 1
5999 888 1
6000 103 1
6001 224 1
6002 610 1
6003 162 1
6004 0 0
6005 219 1
6006 873 1
6007 260 1
6008 286 1
6009 862 0
6010 19 1
6011 460 1
6012 739 1
6013 86 1
6014 78 1
6015 351 0
6016 300 0
6017 606 0
6018 236 1
6019 627 1
6020 309 0
6021 597 1
6022 469 1
6023 403 1
6024 754 1
6025 734 1
6026 836 1
6027 911 0
6028 62 0
6029 60 0
6030 692 1
6031 907 0
6032 292 0
6033 622 1
6034 70 0
6035 71 1
6036 815 0
6037 867 1
6038 246 0
6039 414 1
6040 323 0
6041 493 1
6042 129 1
6043 175 1
6044 189 1
6045 570 1
6046 539 1
6047 593 1
6048 778 1
6049 667 1
6050 838 1
6051 533 1
6052 474 1
6053 379 1
6054 805 1
6055 440 1
6056 661 1
6057 313 0
6058 125 1
6059 287 1
6060 31 1
6061 849 1
6062 707 1
6063 122 0
6064 685 0
6065 707 1
6066 248 1
6067 31 0
6068 775 1
6069 162 1
6070 856 0
6071 148 0
6072 255 0
6073 680 1
6074 604 0
6075 2 1
6076 783 0
6077 858 1
6078 667 1
6079 764 1
6080 143 0
6081 663 1
6082 846 1
6083 180 1
6084 411 1
6085 642 1
6086 250 1
6087 225 1
6088 559 0
6089 193 1
6090 246 1
6091 171 0
6092 699 0
6093 307 1
6094 383 0
6095 159 0
6096 330 1
6097 918 1
6098 476 1
6099 238 1
6100 400 1
6101 874 1
6102 392 1
6103 463 0
6104 725 1
6105 487 1
6106 504 1
6107 720 1
6108 60 0
6109 357 1
6110 819 1
6111 624 0
6112 645 1
6113 699 1
6114 81 0
6115 728 0
6116 538 1
6117 786 1
6118 489 1
6119 254 1
6120 625 1
6121 558 1
6122 119 0
6123 466 1
6124 680 0
6125 277 1
6126 647 0
6127 89 1
6128 230 0
6129 201 1
6130 445 1
6131 447 1
6132 319 0
6133 287 0
6134 269 1
6135 396 1
6136 3 1
6137 157 0
6138 21 0
6139 889 0
6140 753 1
6141 573 0
6142 201 0
6143 719 1
6144 756 1
6145 396 1
6146 222 0
6147 906 1
6148 796 1
6149 71 1
6150 455 1
6151 679 1
6152 142 1
6153 235 1
6154 766 1
6155 170 1
6156 77 0
6157 360 1
6158 712 1
6159 15 0
6160 719 1
6161 458 1
6162 908 1
6163 203 1
6164 930 1
6165 796 1
6166 48 1
6167 565 1
6168 99 0
6169 7 1
6170 297 1
6171 758 1
6172 574 0
6173 891 1
6174 570 1
6175 543 1
6176 38 0
6177 603 0
6178 152 1
6179 678 1
6180 387 0
6181 255 1
6182 151 1
6183 279 1
6184 926 1
6185 422 1
6186 702 0
6187 317 1
6188 671 1
6189 4 1
6190 835 0
6191 317 1
6192 615 1
6193 193 1
6194 448 1
6195 569 1
6196 133 1
6197 924 1
6198 365 0
6199 774 1
6200 795 1
6201 649 1
6202 750 0
6203 214 1
6204 548 1
6205 797 1
6206 418 0
6207 283 0
6208 756 1
6209 173 1
6210 68 0
6211 759 1
6212 288 0
6213 138 1
6214 326 1
6215 665 1
6216 483 1
6217 59 0
6218 655 0
6219 789 1
6220 731 1
6221 613 0
6222 142 1
6223 556 1
6224 92 1
6225 236 1
6226 778 0
6227 14 1
6228 119 1
6229 93 1
6230 372 0
6231 873 1
6232 793 1
6233 222 1
6234 164 0
6235 92 1
6236 39 1
6237 418 1
6238 668 0
6239 732 1
6240 76 1
6241 574 1
6242 336 1
6243 880 0
6244 47 1
6245 207 0
6246 799 1
6247 341 0
6248 732 1
6249 481 0
6250 882 1
6251 512 1
6252 931 1
6253 408 1
6254 277 1
6255 732 0
6256 828 0
6257 167 0
6258 268 1
6259 926 0
6260 155 1
6261 735 0
6262 0 1
6263 920 1
6264 13 1
6265 1 1
6266 694 1
6267 189 1
6268 163 1
6269 664 0
6270 110 0
6271 100 0
6272 143 1
6273 476 0
6274 35 1
6275 726 1
6276 322 0
6277 451 0
6278 911 1
6279 707 1
6280 559 1
6281 193 1
6282 875 1
6283 318 0
6284 872 1
6285 785 1
6286 752 0
6287 641 1
6288 458 1
6289 373 0
6290 306 1
6291 338 1
6292 587 0
6293 603 1
6294 881 0
6295 795 0
6296 738 0
6297 720 1
6298 330 1
6299 92 1
6300 394 0
6301 318 1
6302 721 0
6303 761 0
6304 796 0
6305 393 1
6306 259 1
6307 103 1
6308 241 1
6309 131 1
6310 389 0
6311 2 1
6312 288 1
6313 181 1
6314 481 1
6315 540 1
6316 109 1
6317 741 1
6318 538 1
6319 730 0
6320 662 1
6321 224 1
6322 228 1
6323 488 1
6324 340 1
6325 311 1
6326 852 1
6327 578 1
6328 689 0
6329 479 1
6330 339 0
6331 765 0
6332 599 0
6333 585 0
6334 101 0
6335 259 0
6336 811 1
6337 751 0
6338 118 0
6339 575 0
6340 579 0
6341 841 1
6342 853 1
6343 359 0
6344 552 1
6345 499 1
6346 232 1
6347 645 1
6348 210 1
6349 688 0
6350 332 1
6351 141 1
6352 738 1
6353 903 1
6354 505 1
6355 620 0
6356 152 0
6357 302 0
6358 321 1
6359 334 1
6360 807 1
6361 137 1
6362 817 0
6363 590 1
6364 733 0
6365 405 1
6366 13 1
6367 583 0
6368 745 1
6369 566 0
6370 405 1
6371 121 1
6372 89 0
6373 869 0
6374 391 0
6375 590 1
6376 410 1
6377 610 1
6378 577 1
6379 42 0
6380 613 0
6381 750 0
6382 886 0
6383 337 0
6384 259 1
6385 668 1
6386 810 1
6387 529 1
6388 519 1
6389 616 0
6390 628 1
6391 482 1
6392 653 0
6393 640 1
6394 80 1
6395 915 1
6396 436 1
6397 625 1
6398 91 0
6399 394 1
6400 586 0
6401 321 0
6402 225 0
6403 322 1
6404 622 1
6405 28 1
6406 517 1
6407 76 0
6408 908 0
6409 188 1
6410 119 1
6411 54 1
6412 794 0
6413 251 1
6414 15 1
6415 889 1
6416 429 0
6417 371 1
6418 434 1
6419 119 1
6420 4 0
6421 93 1
6422 896 0
6423 64 1
6424 539 1
6425 233 0
6426 662 1
6427 520 1
6428 273 1
6429 476 1
6430 137 0
6431 543 0
6432 16 1
6433 874 1
6434 913 1
6435 226 0
6436 793 1
6437 744 1
6438 142 1
6439 586 1
6440 715 1
6441 646 1
6442 413 0
6443 621 1
6444 311 1
6445 628 1
6446 836 1
6447 668 0
6448 459 1
6449 369 1
6450 322 1
6451 663 0
6452 568 1
6453 830 0
6454 590 1
6455 351 1
6456 609 1
6457 469 1
6458 537 0
6459 775 1
6460 562 1
6461 603 1
6462 363 1
6463 38 1
6464 253 1
6465 915 0
6466 309 1
6467 63 1
6468 774 1
6469 546 1
6470 96 0
6471 456 1
6472 269 1
6473 447 1
6474 42 1
6475 28 0
6476 414 1
6477 723 1
6478 622 1
6479 319 1
6480 474 1
6481 170 0
6482 601 1
6483 33 0
6484 779 0
6485 179 1
6486 198 1
6487 887 0
6488 519 1
6489 926 0
6490 930 1
6491 819 0
6492 305 1
6493 841 0
6494 676 1
6495 175 1
6496 183 0
6497 654 1
6498 231 1
6499 532 1
6500 335 1
6501 845 1
6502 652 1
6503 67 1
6504 506 0
6505 453 1
6506 668 1
6507 915 1
6508 255 1
6509 274 1
6510 358 1
6511 217 1
6512 448 0
6513 631 1
6514 279 1
6515 63 1
6516 247 1
6517 800 1
6518 80 1
6519 443 1
6520 234 1
6521 157 1
6522 890 1
6523 248 1
6524 856 1
6525 797 1
6526 625 0
6527 128 1
6528 259 0
6529 472 1
6530 295 1
6531 220 0
6532 749 0
6533 400 1
6534 261 1
6535 136 1
6536 460 1
6537 464 1
6538 672 0
6539 869 1
6540 888 0
6541 182 1
6542 121 1
6543 373 0
6544 722 1
6545 918 1
6546 687 1
6547 865 1
6548 532 1
6549 53 1
6550 829 1
6551 355 0
6552 135 0
6553 666 1
6554 837 1
6555 709 1
6556 641 1
6557 92 1
6558 855 1
6559 795 0
6560 617 1
6561 382 1
6562 292 1
6563 527 1
6564 300 1
6565 337 1
6566 769 1
6567 792 1
6568 817 1
6569 86 1
6570 780 1
6571 820 1
6572 407 1
6573 904 1
6574 684 1
6575 628 1
6576 267 1
6577 392 0
6578 45 1
6579 104 1
6580 567 1
6581 781 0
6582 440 0
6583 615 0
6584 818 1
6585 353 1
6586 216 1
6587 460 1
6588 459 1
