8391
1 4 0
2 5 1
3 3 0
4 2 1
5 3 0
6 5 1
7 4 1
8 0 1
9 1 1
10 2 1
11 0 1
12 2 1
13 5 1
14 6 1
15 5 0
16 0 1
17 5 1
18 2 1
19 0 0
20 2 1
21 4 0
22 0 1
23 3 1
24 2 1
25 1 1
26 5 1
27 1 0
28 2 0
29 4 1
30 3 0
31 6 1
32 5 1
33 5 1
34 4 1
35 0 1
36 3 1
37 3 1
38 2 1
39 0 1
40 0 1
41 3 0
42 0 1
43 4 1
44 2 0
45 1 0
46 4 1
47 0 1
48 1 0
49 6 1
50 0 1
51 0 1
52 0 1
53 5 0
54 6 0
55 0 1
56 1 1
57 2 1
58 6 1
59 6 0
60 1 1
61 3 1
62 4 1
63 4 1
64 5 1
65 5 0
66 3 1
67 5 1
68 0 0
69 1 0
70 5 1
71 3 0
72 4 1
73 4 1
74 3 1
75 3 1
76 2 1
77 4 1
78 5 1
79 5 1
80 0 1
81 1 1
82 0 1
83 3 1
84 6 0
85 2 1
86 3 1
87 1 1
88 0 0
89 1 1
90 0 1
91 4 1
92 6 0
93 2 1
94 1 1
95 2 0
96 4 0
97 2 0
98 5 1
99 3 1
100 1 1
101 6 1
102 2 1
103 2 1
104 2 0
105 2 1
106 4 0
107 5 1
108 6 1
109 0 0
110 1 1
111 6 0
112 1 1
113 6 1
114 2 1
115 0 0
116 5 1
117 6 1
118 1 1
119 6 0
120 2 1
121 2 0
122 5 1
123 1 0
124 6 1
125 4 0
126 1 0
127 2 0
128 0 0
129 3 0
130 0 1
131 4 1
132 5 1
133 2 1
134 2 0
135 2 0
136 0 1
137 1 1
138 3 1
139 1 1
140 2 1
141 1 1
142 4 1
143 2 1
144 5 1
145 5 1
146 6 1
147 2 0
148 2 1
149 3 1
150 3 1
151 4 1
152 2 1
153 6 1
154 5 1
155 0 0
156 4 0
157 2 0
158 5 0
159 2 1
160 1 0
161 4 0
162 6 1
163 2 1
164 6 1
165 2 1
166 3 1
167 3 1
168 6 1
169 0 0
170 0 1
171 3 1
172 0 1
173 2 1
174 1 1
175 4 1
176 3 1
177 2 1
178 2 1
179 2 1
180 0 0
181 2 1
182 4 1
183 4 1
184 4 1
185 6 1
186 1 1
187 5 1
188 1 0
189 2 0
190 5 1
191 3 1
192 4 1
193 2 1
194 5 1
195 5 1
196 4 1
197 6 0
198 2 0
199 4 1
200 0 1
201 2 0
202 4 0
203 1 0
204 0 1
205 3 1
206 1 1
207 4 0
208 3 1
209 0 1
210 0 1
211 5 1
212 4 1
213 4 1
214 2 1
215 3 1
216 1 0
217 1 1
218 3 1
219 6 0
220 4 1
221 6 1
222 0 1
223 6 0
224 5 1
225 2 1
226 2 1
227 1 0
228 5 1
229 5 1
230 3 1
231 5 1
232 5 1
233 3 1
234 5 1
235 4 1
236 2 0
237 3 0
238 2 1
239 3 0
240 6 1
241 4 1
242 5 1
243 6 1
244 6 1
245 0 1
246 5 0
247 2 1
248 0 1
249 3 1
250 5 1
251 4 0
252 6 0
253 2 1
254 6 0
255 0 1
256 3 1
257 5 1
258 5 1
259 1 1
260 1 1
261 5 0
262 2 1
263 0 1
264 2 1
265 5 1
266 2 1
267 4 0
268 6 1
269 1 1
270 2 1
271 6 1
272 6 1
273 1 1
274 6 1
275 0 1
276 0 1
277 2 1
278 6 1
279 2 1
280 4 1
281 5 1
282 6 1
283 0 1
284 0 1
285 6 1
286 4 0
287 4 1
288 5 1
289 1 1
290 5 1
291 2 1
292 2 1
293 6 1
294 4 1
295 6 0
296 6 1
297 0 1
298 4 1
299 0 1
300 2 1
301 5 1
302 6 1
303 3 0
304 3 1
305 6 1
306 1 0
307 5 1
308 1 0
309 5 1
310 3 1
311 6 1
312 6 0
313 3 1
314 0 1
315 6 0
316 6 1
317 2 1
318 0 1
319 1 1
320 5 1
321 3 1
322 5 1
323 3 0
324 2 1
325 3 0
326 4 1
327 5 1
328 4 0
329 3 0
330 1 1
331 5 0
332 1 0
333 2 1
334 1 1
335 3 1
336 6 1
337 6 1
338 6 1
339 4 0
340 6 0
341 5 1
342 1 1
343 5 0
344 1 1
345 1 1
346 0 1
347 1 1
348 2 1
349 4 1
350 4 1
351 5 0
352 5 1
353 6 1
354 2 1
355 3 0
356 0 0
357 3 0
358 3 0
359 4 1
360 5 1
361 3 1
362 0 1
363 1 1
364 6 1
365 3 1
366 1 1
367 4 0
368 3 1
369 1 1
370 5 1
371 0 1
372 4 1
373 4 1
374 2 1
375 1 1
376 3 1
377 4 1
378 0 0
379 4 1
380 4 1
381 0 1
382 0 1
383 3 1
384 0 1
385 0 1
386 6 1
387 1 1
388 1 1
389 2 1
390 3 0
391 6 0
392 3 1
393 5 1
394 5 1
395 2 0
396 6 1
397 0 0
398 2 1
399 0 0
400 4 1
401 6 1
402 3 1
403 5 1
404 2 1
405 3 0
406 1 1
407 2 1
408 5 1
409 6 0
410 1 0
411 2 1
412 4 0
413 4 0
414 2 1
415 2 1
416 1 1
417 6 1
418 4 1
419 0 1
420 2 1
421 2 1
422 4 0
423 3 1
424 5 0
425 2 0
426 0 1
427 4 1
428 5 1
429 2 1
430 1 1
431 0 1
432 1 1
433 0 1
434 1 1
435 1 0
436 1 1
437 2 1
438 6 1
439 6 1
440 0 1
441 1 0
442 4 1
443 1 1
444 2 0
445 3 1
446 6 1
447 4 1
448 3 1
449 3 1
450 2 1
451 4 1
452 4 1
453 1 1
454 3 1
455 1 0
456 0 0
457 0 0
458 2 1
459 2 1
460 1 1
461 0 1
462 1 0
463 5 1
464 0 1
465 5 0
466 1 0
467 2 1
468 6 1
469 3 1
470 2 1
471 4 1
472 1 1
473 4 1
474 0 1
475 0 1
476 0 0
477 0 0
478 2 0
479 2 1
480 4 0
481 1 1
482 5 1
483 5 1
484 5 1
485 5 0
486 1 0
487 2 0
488 3 1
489 0 1
490 6 0
491 3 0
492 5 1
493 0 0
494 0 1
495 6 0
496 5 1
497 1 1
498 6 1
499 6 1
500 5 1
501 4 1
502 5 0
503 1 1
504 6 0
505 1 0
506 6 1
507 4 1
508 4 1
509 5 1
510 3 1
511 6 1
512 0 0
513 1 1
514 5 0
515 4 0
516 3 1
517 0 0
518 4 0
519 1 0
520 2 1
521 0 0
522 3 1
523 1 1
524 6 0
525 0 1
526 2 1
527 0 1
528 4 0
529 0 1
530 0 0
531 2 1
532 3 1
533 3 1
534 3 1
535 0 1
536 3 1
537 2 1
538 2 0
539 5 0
540 6 0
541 1 1
542 4 1
543 4 1
544 2 1
545 6 1
546 6 1
547 4 1
548 2 1
549 5 0
550 2 1
551 0 1
552 3 1
553 4 0
554 0 1
555 4 0
556 4 1
557 1 1
558 0 1
559 5 1
560 4 0
561 3 1
562 5 1
563 3 1
564 5 1
565 2 1
566 3 1
567 2 1
568 4 1
569 0 1
570 3 1
571 0 1
572 1 0
573 5 0
574 0 1
575 0 0
576 4 1
577 5 0
578 6 0
579 6 1
580 6 1
581 5 0
582 2 0
583 3 0
584 3 1
585 0 0
586 4 1
587 5 0
588 6 1
589 2 1
590 2 0
591 2 0
592 1 0
593 5 1
594 5 1
595 5 1
596 4 1
597 3 1
598 3 1
599 2 1
600 0 1
601 6 1
602 0 1
603 0 1
604 5 1
605 4 0
606 1 0
607 5 0
608 4 0
609 4 1
610 4 1
611 5 1
612 5 0
613 4 0
614 5 0
615 5 1
616 6 1
617 1 1
618 6 1
619 3 1
620 5 1
621 3 1
622 4 1
623 6 0
624 3 0
625 3 1
626 4 0
627 0 1
628 5 0
629 1 1
630 1 1
631 0 0
632 2 0
633 4 0
634 5 1
635 4 1
636 3 1
637 0 0
638 0 0
639 1 1
640 0 1
641 2 1
642 2 1
643 3 0
644 5 0
645 4 1
646 1 1
647 3 1
648 1 1
649 3 1
650 5 1
651 1 0
652 1 1
653 6 0
654 5 0
655 3 0
656 0 1
657 0 1
658 6 1
659 1 1
660 4 1
661 1 1
662 5 1
663 2 1
664 1 1
665 3 1
666 4 1
667 3 1
668 4 1
669 5 1
670 0 0
671 5 0
672 5 0
673 1 1
674 6 1
675 3 1
676 3 1
677 0 1
678 5 0
679 5 1
680 4 1
681 4 1
682 5 0
683 5 0
684 1 0
685 6 1
686 3 0
687 0 1
688 0 1
689 2 1
690 2 0
691 2 1
692 1 1
693 5 1
694 3 1
695 5 1
696 4 0
697 1 0
698 1 0
699 5 1
700 2 1
701 1 1
702 2 1
703 3 0
704 2 1
705 1 1
706 1 1
707 6 1
708 3 1
709 6 1
710 5 1
711 6 1
712 3 0
713 0 1
714 4 1
715 4 1
716 3 1
717 0 1
718 4 1
719 0 0
720 4 1
721 6 0
722 2 1
723 6 1
724 0 1
725 3 1
726 0 1
727 3 1
728 6 1
729 6 1
730 6 0
731 3 0
732 5 0
733 5 1
734 3 1
735 6 1
736 4 0
737 5 1
738 6 1
739 2 1
740 1 1
741 0 1
742 6 1
743 3 1
744 4 1
745 5 0
746 1 0
747 2 0
748 3 0
749 0 0
750 3 1
751 6 0
752 2 0
753 4 1
754 6 0
755 5 0
756 5 1
757 5 1
758 6 1
759 6 1
760 6 0
761 0 1
762 3 1
763 6 1
764 1 1
765 3 1
766 4 1
767 5 0
768 2 1
769 0 0
770 1 0
771 5 1
772 6 1
773 5 1
774 1 1
775 4 1
776 6 1
777 5 1
778 6 1
779 5 1
780 1 1
781 3 0
782 6 1
783 3 0
784 1 0
785 1 1
786 3 0
787 2 1
788 1 1
789 1 0
790 4 0
791 0 1
792 0 0
793 2 1
794 5 1
795 2 0
796 0 1
797 3 1
798 4 1
799 1 1
800 5 1
801 3 1
802 6 0
803 4 1
804 4 0
805 0 1
806 6 1
807 1 1
808 1 1
809 3 1
810 1 1
811 3 1
812 0 0
813 1 0
814 3 1
815 0 1
816 4 1
817 0 0
818 3 1
819 2 1
820 5 1
821 4 0
822 5 1
823 3 1
824 4 1
825 5 1
826 5 1
827 0 1
828 0 1
829 3 0
830 1 0
831 0 1
832 1 1
833 5 1
834 1 1
835 0 0
836 6 1
837 1 1
838 6 1
839 2 1
840 6 1
841 1 1
842 5 1
843 2 1
844 6 1
845 4 1
846 5 0
847 4 1
848 1 1
849 0 1
850 0 0
851 5 1
852 2 1
853 2 1
854 2 1
855 1 1
856 0 1
857 2 0
858 0 1
859 2 1
860 1 1
861 2 1
862 0 1
863 0 1
864 6 0
865 2 0
866 0 1
867 0 1
868 4 0
869 6 0
870 2 1
871 4 0
872 1 1
873 0 1
874 2 1
875 3 1
876 0 0
877 5 1
878 3 1
879 0 1
880 5 0
881 4 0
882 5 1
883 3 1
884 5 0
885 5 1
886 1 1
887 1 0
888 5 0
889 0 1
890 0 1
891 6 1
892 6 1
893 4 1
894 6 0
895 1 1
896 3 1
897 5 1
898 6 0
899 6 1
900 0 1
901 0 1
902 3 0
903 2 0
904 6 1
905 4 0
906 3 1
907 5 0
908 1 1
909 2 1
910 5 0
911 3 1
912 3 0
913 0 0
914 6 1
915 4 1
916 6 1
917 6 1
918 3 0
919 6 1
920 0 1
921 2 0
922 0 0
923 3 1
924 0 1
925 3 1
926 4 1
927 4 1
928 4 0
929 1 1
930 6 1
931 6 1
932 1 1
933 6 1
934 1 1
935 5 1
936 5 0
937 3 1
938 3 1
939 5 1
940 6 0
941 5 0
942 4 1
943 2 0
944 2 0
945 1 1
946 6 1
947 5 1
948 0 1
949 1 1
950 3 0
951 3 1
952 2 1
953 3 1
954 1 1
955 0 0
956 1 1
957 2 1
958 4 1
959 4 1
960 3 1
961 6 1
962 3 1
963 0 1
964 2 1
965 3 1
966 4 1
967 3 1
968 1 1
969 3 1
970 0 0
971 4 1
972 6 0
973 6 0
974 0 1
975 1 1
976 1 1
977 5 1
978 0 1
979 3 1
980 2 0
981 3 1
982 3 1
983 4 1
984 5 1
985 1 0
986 3 1
987 5 1
988 3 0
989 2 1
990 0 1
991 6 1
992 1 1
993 1 1
994 2 1
995 4 1
996 2 1
997 2 0
998 0 1
999 4 1
1000 6 1
1001 2 1
1002 6 0
1003 0 0
1004 4 1
1005 5 0
1006 3 1
1007 3 1
1008 6 1
1009 6 1
1010 6 1
1011 1 1
1012 4 1
1013 3 1
1014 0 1
1015 0 0
1016 3 1
1017 4 1
1018 2 1
1019 3 1
1020 3 1
1021 3 1
1022 1 0
1023 0 1
1024 6 0
1025 4 1
1026 1 1
1027 3 1
1028 2 1
1029 5 1
1030 4 1
1031 0 1
1032 5 1
1033 0 1
1034 1 0
1035 6 1
1036 6 1
1037 2 0
1038 4 0
1039 6 1
1040 6 0
1041 4 1
1042 3 0
1043 2 1
1044 2 1
1045 6 1
1046 2 1
1047 2 1
1048 3 0
1049 0 0
1050 1 1
1051 4 1
1052 4 0
1053 1 0
1054 1 0
1055 0 1
1056 3 0
1057 5 1
1058 1 1
1059 0 1
1060 4 1
1061 4 1
1062 3 1
1063 5 0
1064 6 1
1065 6 1
1066 6 0
1067 5 1
1068 1 1
1069 3 0
1070 4 1
1071 0 1
1072 6 0
1073 4 1
1074 2 1
1075 6 1
1076 2 1
1077 4 1
1078 3 1
1079 0 0
1080 1 0
1081 5 1
1082 6 0
1083 2 1
1084 2 0
1085 1 1
1086 6 1
1087 6 1
1088 3 1
1089 3 0
1090 3 1
1091 3 1
1092 5 1
1093 0 1
1094 5 0
1095 0 0
1096 5 1
1097 5 1
1098 1 1
1099 3 1
1100 3 1
1101 2 1
1102 1 1
1103 0 1
1104 0 1
1105 2 0
1106 3 1
1107 0 1
1108 4 1
1109 6 0
1110 0 0
1111 5 1
1112 0 1
1113 1 1
1114 0 0
1115 2 1
1116 4 1
1117 3 1
1118 1 1
1119 1 0
1120 2 0
1121 2 1
1122 0 1
1123 2 0
1124 2 1
1125 2 0
1126 3 1
1127 5 1
1128 1 1
1129 4 1
1130 4 1
1131 6 1
1132 1 0
1133 5 1
1134 3 1
1135 1 1
1136 6 1
1137 6 0
1138 2 1
1139 6 1
1140 2 1
1141 2 0
1142 0 1
1143 1 0
1144 3 1
1145 4 1
1146 0 0
1147 0 1
1148 4 0
1149 1 1
1150 1 1
1151 2 1
1152 3 1
1153 2 1
1154 1 1
1155 6 0
1156 0 0
1157 4 1
1158 1 1
1159 5 1
1160 6 1
1161 3 0
1162 2 1
1163 5 1
1164 5 1
1165 2 1
1166 6 1
1167 2 1
1168 2 1
1169 5 1
1170 3 0
1171 3 1
1172 4 1
1173 1 1
1174 2 1
1175 6 1
1176 5 1
1177 4 0
1178 2 0
1179 4 1
1180 0 1
1181 3 1
1182 0 1
1183 0 1
1184 4 0
1185 6 1
1186 1 1
1187 1 1
1188 6 1
1189 2 1
1190 6 0
1191 5 1
1192 6 1
1193 2 1
1194 3 0
1195 6 1
1196 2 1
1197 0 0
1198 2 0
1199 5 0
1200 4 0
1201 6 1
1202 5 1
1203 4 0
1204 2 1
1205 3 1
1206 3 1
1207 4 0
1208 4 0
1209 0 1
1210 2 1
1211 6 1
1212 5 1
1213 2 1
1214 5 1
1215 5 1
1216 2 1
1217 1 1
1218 2 0
1219 2 1
1220 5 1
1221 2 1
1222 0 1
1223 0 1
1224 6 1
1225 5 0
1226 5 0
1227 1 1
1228 1 0
1229 6 0
1230 6 0
1231 1 1
1232 5 0
1233 0 0
1234 2 0
1235 1 0
1236 6 0
1237 0 0
1238 3 1
1239 4 0
1240 5 1
1241 2 0
1242 4 0
1243 2 1
1244 3 1
1245 4 0
1246 3 1
1247 3 1
1248 3 0
1249 2 0
1250 2 1
1251 4 1
1252 1 0
1253 2 1
1254 0 1
1255 6 1
1256 5 1
1257 5 0
1258 3 1
1259 5 0
1260 0 0
1261 1 1
1262 3 1
1263 5 1
1264 3 1
1265 1 1
1266 5 1
1267 4 1
1268 5 0
1269 3 1
1270 2 1
1271 1 1
1272 1 0
1273 2 1
1274 5 1
1275 1 0
1276 0 1
1277 5 1
1278 4 0
1279 5 1
1280 6 1
1281 2 1
1282 2 1
1283 3 1
1284 2 0
1285 3 1
1286 6 1
1287 3 1
1288 2 0
1289 3 1
1290 1 0
1291 4 1
1292 4 1
1293 0 0
1294 1 1
1295 5 1
1296 5 0
1297 1 1
1298 3 0
1299 6 1
1300 1 1
1301 0 1
1302 6 1
1303 6 1
1304 5 0
1305 0 0
1306 3 0
1307 4 1
1308 2 1
1309 3 1
1310 4 1
1311 1 1
1312 4 0
1313 1 1
1314 5 0
1315 3 1
1316 2 1
1317 3 1
1318 6 0
1319 0 0
1320 6 1
1321 0 1
1322 0 0
1323 3 1
1324 3 1
1325 3 1
1326 3 1
1327 5 1
1328 6 0
1329 6 0
1330 6 1
1331 0 1
1332 5 1
1333 5 1
1334 2 1
1335 4 1
1336 2 0
1337 1 1
1338 1 1
1339 3 1
1340 2 1
1341 2 1
1342 2 1
1343 5 0
1344 5 1
1345 2 1
1346 0 1
1347 6 1
1348 4 1
1349 0 1
1350 6 0
1351 1 1
1352 6 0
1353 3 0
1354 4 0
1355 2 1
1356 2 1
1357 5 1
1358 2 1
1359 2 0
1360 6 1
1361 6 1
1362 6 1
1363 1 1
1364 6 1
1365 2 1
1366 2 1
1367 6 1
1368 2 0
1369 6 0
1370 5 1
1371 6 0
1372 3 0
1373 1 1
1374 4 1
1375 3 1
1376 0 0
1377 5 0
1378 4 1
1379 6 1
1380 4 1
1381 2 0
1382 3 1
1383 6 1
1384 1 1
1385 5 1
1386 5 1
1387 5 1
1388 2 0
1389 5 1
1390 2 1
1391 5 0
1392 2 0
1393 2 1
1394 6 1
1395 1 1
1396 3 1
1397 1 1
1398 4 1
1399 3 1
1400 1 1
1401 2 1
1402 6 1
1403 1 0
1404 4 1
1405 4 1
1406 6 1
1407 4 0
1408 2 1
1409 3 1
1410 0 1
1411 5 1
1412 5 0
1413 6 1
1414 2 0
1415 3 0
1416 4 1
1417 1 1
1418 4 0
1419 0 1
1420 0 0
1421 4 1
1422 5 1
1423 5 1
1424 4 1
1425 0 0
1426 4 1
1427 6 1
1428 1 1
1429 2 1
1430 1 1
1431 4 1
1432 2 1
1433 4 1
1434 1 1
1435 5 1
1436 0 0
1437 0 1
1438 2 1
1439 1 1
1440 4 1
1441 2 1
1442 4 0
1443 2 1
1444 2 1
1445 5 1
1446 6 1
1447 6 1
1448 1 0
1449 0 1
1450 5 0
1451 6 1
1452 6 1
1453 1 1
1454 0 1
1455 6 0
1456 3 1
1457 2 0
1458 0 1
1459 1 1
1460 6 0
1461 1 0
1462 2 1
1463 0 1
1464 6 0
1465 1 1
1466 2 1
1467 3 0
1468 4 0
1469 6 1
1470 3 1
1471 0 1
1472 4 1
1473 2 1
1474 3 1
1475 0 1
1476 2 1
1477 6 1
1478 4 1
1479 4 1
1480 2 1
1481 6 1
1482 6 1
1483 3 0
1484 2 1
1485 6 0
1486 4 1
1487 6 1
1488 6 0
1489 2 0
1490 2 1
1491 3 1
1492 0 1
1493 6 1
1494 4 1
1495 6 1
1496 2 1
1497 1 1
1498 5 1
1499 0 1
1500 2 1
1501 0 1
1502 1 1
1503 6 0
1504 0 0
1505 2 0
1506 1 1
1507 4 1
1508 4 1
1509 4 1
1510 5 0
1511 6 0
1512 4 1
1513 4 1
1514 5 1
1515 5 1
1516 0 0
1517 5 1
1518 6 0
1519 0 1
1520 3 1
1521 6 0
1522 4 1
1523 2 1
1524 4 0
1525 2 1
1526 5 0
1527 5 0
1528 3 1
1529 2 0
1530 1 1
1531 3 0
1532 5 0
1533 0 0
1534 4 1
1535 6 0
1536 1 1
1537 1 1
1538 6 1
1539 4 1
1540 6 0
1541 2 1
1542 5 1
1543 3 1
1544 4 0
1545 3 1
1546 5 1
1547 6 1
1548 4 0
1549 3 1
1550 5 1
1551 4 1
1552 0 0
1553 3 1
1554 6 1
1555 3 0
1556 4 1
1557 6 1
1558 2 1
1559 1 1
1560 0 1
1561 4 1
1562 5 1
1563 6 0
1564 0 1
1565 6 1
1566 2 1
1567 4 1
1568 6 1
1569 4 1
1570 4 1
1571 6 0
1572 4 0
1573 1 1
1574 0 1
1575 1 0
1576 4 0
1577 3 1
1578 6 1
1579 3 0
1580 2 1
1581 1 1
1582 4 1
1583 4 1
1584 0 1
1585 6 1
1586 4 1
1587 4 1
1588 3 1
1589 3 1
1590 4 1
1591 1 1
1592 0 0
1593 2 1
1594 4 1
1595 0 1
1596 3 1
1597 6 1
1598 1 0
1599 2 0
1600 5 0
1601 3 0
1602 4 1
1603 2 1
1604 2 1
1605 1 1
1606 6 1
1607 6 0
1608 4 1
1609 2 0
1610 4 1
1611 1 1
1612 1 1
1613 6 0
1614 6 0
1615 1 0
1616 5 1
1617 4 1
1618 6 0
1619 5 1
1620 1 0
1621 6 1
1622 6 0
1623 4 1
1624 4 0
1625 5 1
1626 6 1
1627 4 1
1628 4 1
1629 6 1
1630 2 1
1631 5 0
1632 2 1
1633 5 1
1634 0 0
1635 1 1
1636 0 0
1637 1 0
1638 5 1
1639 3 1
1640 3 1
1641 1 0
1642 0 1
1643 1 1
1644 5 1
1645 3 0
1646 0 1
1647 3 0
1648 1 1
1649 1 1
1650 2 0
1651 0 1
1652 2 0
1653 4 0
1654 5 1
1655 5 0
1656 6 0
1657 1 1
1658 3 1
1659 6 1
1660 2 1
1661 5 0
1662 1 1
1663 2 0
1664 1 0
1665 0 1
1666 4 0
1667 2 0
1668 2 1
1669 3 1
1670 5 1
1671 6 0
1672 6 1
1673 0 0
1674 2 0
1675 6 1
1676 5 1
1677 4 1
1678 4 1
1679 5 1
1680 0 1
1681 4 1
1682 0 1
1683 2 1
1684 4 0
1685 6 1
1686 6 0
1687 2 1
1688 2 1
1689 3 0
1690 5 1
1691 6 0
1692 5 1
1693 0 1
1694 0 1
1695 5 1
1696 3 0
1697 5 1
1698 0 0
1699 1 0
1700 3 1
1701 2 1
1702 2 0
1703 4 1
1704 3 1
1705 5 1
1706 0 0
1707 4 1
1708 4 1
1709 6 1
1710 0 1
1711 5 1
1712 5 1
1713 4 1
1714 0 1
1715 6 1
1716 2 1
1717 5 1
1718 5 1
1719 2 0
1720 6 1
1721 6 0
1722 1 1
1723 3 0
1724 4 1
1725 2 0
1726 2 1
1727 5 1
1728 1 1
1729 3 1
1730 4 1
1731 3 1
1732 2 1
1733 4 1
1734 5 1
1735 5 1
1736 5 1
1737 2 1
1738 3 1
1739 4 1
1740 1 0
1741 5 1
1742 3 0
1743 0 1
1744 2 1
1745 4 0
1746 2 1
1747 3 1
1748 3 1
1749 1 0
1750 5 0
1751 3 1
1752 1 1
1753 0 1
1754 4 1
1755 3 1
1756 1 1
1757 5 0
1758 2 1
1759 0 1
1760 5 1
1761 2 1
1762 6 1
1763 2 1
1764 4 1
1765 1 1
1766 0 0
1767 3 1
1768 4 1
1769 2 0
1770 5 1
1771 3 1
1772 3 1
1773 0 0
1774 4 1
1775 1 0
1776 1 0
1777 5 1
1778 6 0
1779 0 1
1780 0 0
1781 1 0
1782 2 1
1783 5 1
1784 3 1
1785 3 1
1786 0 1
1787 4 1
1788 0 1
1789 0 1
1790 3 1
1791 3 1
1792 0 1
1793 5 1
1794 1 1
1795 6 1
1796 5 0
1797 0 1
1798 1 1
1799 2 1
1800 0 1
1801 2 1
1802 3 0
1803 2 1
1804 6 1
1805 0 0
1806 6 1
1807 6 1
1808 3 1
1809 1 1
1810 1 1
1811 6 1
1812 4 1
1813 3 1
1814 1 1
1815 5 1
1816 1 0
1817 0 0
1818 4 1
1819 6 1
1820 2 1
1821 5 1
1822 1 1
1823 3 1
1824 6 1
1825 2 1
1826 1 0
1827 4 1
1828 1 1
1829 1 1
1830 2 0
1831 1 0
1832 5 1
1833 6 1
1834 2 0
1835 3 1
1836 3 1
1837 0 0
1838 3 1
1839 1 1
1840 4 1
1841 1 0
1842 5 1
1843 2 1
1844 4 1
1845 6 1
1846 2 1
1847 6 1
1848 4 1
1849 6 1
1850 3 1
1851 5 1
1852 1 1
1853 1 1
1854 6 1
1855 5 0
1856 2 1
1857 3 1
1858 3 1
1859 4 1
1860 5 1
1861 0 0
1862 6 1
1863 4 1
1864 4 1
1865 6 0
1866 4 1
1867 3 1
1868 2 1
1869 6 1
1870 4 0
1871 5 1
1872 1 1
1873 1 1
1874 3 1
1875 0 1
1876 6 1
1877 5 1
1878 5 1
1879 0 1
1880 3 0
1881 5 1
1882 3 1
1883 2 1
1884 2 1
1885 4 0
1886 3 1
1887 2 1
1888 0 1
1889 5 1
1890 0 1
1891 3 1
1892 2 1
1893 1 1
1894 1 0
1895 0 1
1896 3 1
1897 6 1
1898 4 1
1899 0 1
1900 5 0
1901 4 1
1902 5 0
1903 3 1
1904 3 1
1905 0 0
1906 3 1
1907 0 0
1908 0 1
1909 6 1
1910 5 0
1911 2 1
1912 2 0
1913 5 1
1914 5 0
1915 5 1
1916 1 1
1917 2 1
1918 0 1
1919 3 1
1920 3 1
1921 4 1
1922 5 1
1923 4 1
1924 2 1
1925 5 1
1926 6 0
1927 0 1
1928 4 1
1929 0 1
1930 2 1
1931 3 1
1932 0 1
1933 0 1
1934 5 0
1935 1 1
1936 1 0
1937 5 1
1938 6 1
1939 3 0
1940 2 1
1941 4 0
1942 5 0
1943 2 1
1944 1 1
1945 3 0
1946 5 0
1947 4 1
1948 6 1
1949 2 1
1950 6 1
1951 3 1
1952 5 1
1953 1 1
1954 0 1
1955 1 1
1956 2 0
1957 0 1
1958 6 0
1959 2 0
1960 0 1
1961 6 1
1962 1 1
1963 0 0
1964 3 1
1965 1 1
1966 3 0
1967 4 1
1968 2 1
1969 1 1
1970 1 1
1971 3 0
1972 2 1
1973 2 0
1974 2 0
1975 6 1
1976 1 0
1977 4 1
1978 6 0
1979 6 1
1980 4 0
1981 1 0
1982 4 1
1983 5 1
1984 2 1
1985 2 1
1986 3 0
1987 5 1
1988 4 1
1989 6 1
1990 3 1
1991 5 1
1992 1 1
1993 4 0
1994 2 1
1995 5 1
1996 3 1
1997 0 1
1998 2 0
1999 6 1
2000 1 1
2001 2 1
2002 2 1
2003 0 1
2004 3 1
2005 2 1
2006 0 1
2007 1 1
2008 5 0
2009 4 1
2010 1 1
2011 2 0
2012 5 1
2013 2 0
2014 4 1
2015 6 1
2016 6 1
2017 5 0
2018 4 1
2019 4 1
2020 0 0
2021 0 1
2022 3 0
2023 6 0
2024 5 0
2025 5 1
2026 4 1
2027 6 1
2028 5 0
2029 4 1
2030 6 1
2031 4 0
2032 0 1
2033 2 0
2034 4 1
2035 4 1
2036 3 1
2037 5 1
2038 2 1
2039 4 1
2040 6 1
2041 3 0
2042 5 1
2043 1 0
2044 0 1
2045 5 1
2046 4 1
2047 2 0
2048 1 1
2049 1 1
2050 5 1
2051 0 1
2052 6 1
2053 4 1
2054 1 1
2055 5 1
2056 5 1
2057 6 1
2058 6 1
2059 6 0
2060 4 1
2061 5 1
2062 3 0
2063 6 1
2064 6 1
2065 5 0
2066 4 1
2067 2 1
2068 0 1
2069 1 1
2070 3 1
2071 4 1
2072 3 1
2073 3 1
2074 4 1
2075 2 1
2076 6 1
2077 0 1
2078 2 0
2079 3 1
2080 5 1
2081 4 0
2082 5 0
2083 2 1
2084 3 1
2085 5 1
2086 6 1
2087 4 1
2088 6 1
2089 4 0
2090 2 0
2091 0 1
2092 3 0
2093 1 0
2094 5 1
2095 3 1
2096 4 0
2097 2 1
2098 4 0
2099 6 1
2100 2 1
2101 1 1
2102 6 0
2103 3 1
2104 4 1
2105 3 1
2106 2 1
2107 0 1
2108 2 1
2109 1 0
2110 2 1
2111 0 1
2112 3 1
2113 5 0
2114 1 1
2115 2 1
2116 5 0
2117 1 1
2118 6 1
2119 4 1
2120 0 1
2121 3 0
2122 3 1
2123 0 1
2124 0 1
2125 3 0
2126 5 0
2127 5 0
2128 0 1
2129 5 0
2130 3 0
2131 2 1
2132 1 0
2133 2 1
2134 4 1
2135 2 1
2136 6 1
2137 1 1
2138 6 0
2139 5 0
2140 0 1
2141 4 1
2142 0 1
2143 3 0
2144 1 0
2145 6 1
2146 4 1
2147 3 0
2148 2 1
2149 1 1
2150 3 1
2151 2 1
2152 6 0
2153 6 0
2154 0 1
2155 0 1
2156 1 0
2157 4 1
2158 5 0
2159 5 0
2160 6 1
2161 0 1
2162 3 1
2163 6 1
2164 5 1
2165 0 1
2166 0 0
2167 6 0
2168 2 1
2169 2 1
2170 6 1
2171 1 0
2172 3 1
2173 4 1
2174 5 1
2175 3 0
2176 3 1
2177 5 1
2178 3 1
2179 0 1
2180 6 0
2181 0 1
2182 0 1
2183 6 0
2184 4 0
2185 1 1
2186 5 0
2187 0 1
2188 6 0
2189 0 1
2190 3 1
2191 5 0
2192 3 1
2193 2 1
2194 2 0
2195 1 0
2196 6 0
2197 1 1
2198 0 1
2199 5 1
2200 2 1
2201 1 1
2202 2 0
2203 6 0
2204 2 1
2205 3 1
2206 6 1
2207 3 0
2208 3 0
2209 5 1
2210 3 1
2211 5 0
2212 0 1
2213 5 1
2214 2 1
2215 5 1
2216 3 1
2217 3 1
2218 6 1
2219 3 0
2220 5 1
2221 5 1
2222 6 1
2223 3 0
2224 4 0
2225 4 0
2226 6 1
2227 0 1
2228 5 1
2229 2 1
2230 2 1
2231 2 0
2232 5 1
2233 4 1
2234 4 1
2235 4 0
2236 5 1
2237 5 1
2238 2 1
2239 5 1
2240 1 1
2241 4 1
2242 3 1
2243 3 1
2244 2 0
2245 6 1
2246 4 1
2247 5 0
2248 4 1
2249 4 0
2250 2 0
2251 1 1
2252 5 0
2253 3 1
2254 4 0
2255 5 0
2256 1 1
2257 1 0
2258 4 1
2259 3 1
2260 6 1
2261 0 0
2262 1 1
2263 3 1
2264 5 1
2265 1 0
2266 2 1
2267 3 1
2268 0 1
2269 6 1
2270 5 1
2271 5 1
2272 1 1
2273 6 1
2274 0 1
2275 1 0
2276 0 1
2277 0 0
2278 4 1
2279 2 1
2280 1 0
2281 3 1
2282 4 1
2283 2 1
2284 2 1
2285 6 1
2286 0 1
2287 3 1
2288 0 0
2289 4 0
2290 0 0
2291 6 1
2292 6 1
2293 4 1
2294 0 0
2295 6 0
2296 2 0
2297 3 0
2298 4 1
2299 2 1
2300 1 1
2301 5 1
2302 2 0
2303 0 1
2304 0 1
2305 2 1
2306 2 1
2307 4 1
2308 3 1
2309 5 1
2310 6 1
2311 2 1
2312 2 1
2313 4 1
2314 3 1
2315 4 1
2316 3 1
2317 2 1
2318 6 1
2319 5 1
2320 5 1
2321 3 1
2322 4 1
2323 2 1
2324 4 0
2325 1 0
2326 2 1
2327 6 1
2328 1 1
2329 2 0
2330 5 1
2331 4 1
2332 6 0
2333 3 1
2334 0 1
2335 3 1
2336 0 1
2337 0 1
2338 0 1
2339 3 1
2340 1 1
2341 4 1
2342 0 0
2343 4 1
2344 3 1
2345 1 1
2346 1 1
2347 2 1
2348 3 0
2349 3 1
2350 5 0
2351 4 1
2352 6 1
2353 2 1
2354 5 1
2355 0 1
2356 6 1
2357 5 1
2358 4 1
2359 5 1
2360 4 0
2361 1 1
2362 1 1
2363 3 0
2364 4 1
2365 3 1
2366 2 1
2367 0 1
2368 1 0
2369 4 1
2370 5 1
2371 1 1
2372 5 1
2373 2 1
2374 0 0
2375 6 1
2376 1 1
2377 3 0
2378 6 1
2379 2 1
2380 4 1
2381 5 1
2382 2 1
2383 3 1
2384 3 0
2385 5 1
2386 1 0
2387 2 1
2388 3 1
2389 4 1
2390 2 1
2391 1 1
2392 2 0
2393 2 1
2394 1 1
2395 4 1
2396 1 1
2397 0 0
2398 3 0
2399 2 0
2400 6 1
2401 5 0
2402 4 1
2403 2 0
2404 4 0
2405 4 0
2406 4 1
2407 5 1
2408 5 1
2409 6 0
2410 3 1
2411 1 1
2412 1 1
2413 5 1
2414 0 1
2415 3 1
2416 5 0
2417 5 1
2418 1 0
2419 0 0
2420 6 1
2421 2 1
2422 0 0
2423 5 0
2424 6 1
2425 3 1
2426 6 1
2427 6 1
2428 2 0
2429 5 1
2430 0 1
2431 0 0
2432 0 1
2433 3 1
2434 5 0
2435 6 0
2436 4 1
2437 3 1
2438 4 1
2439 6 0
2440 4 1
2441 5 1
2442 2 1
2443 3 1
2444 2 1
2445 0 0
2446 6 0
2447 3 1
2448 4 1
2449 0 1
2450 6 0
2451 2 1
2452 3 1
2453 3 1
2454 5 0
2455 4 1
2456 2 1
2457 6 0
2458 1 1
2459 2 1
2460 2 1
2461 4 0
2462 6 0
2463 6 1
2464 3 0
2465 0 1
2466 2 0
2467 1 1
2468 6 1
2469 4 1
2470 0 1
2471 6 0
2472 1 1
2473 1 1
2474 4 1
2475 4 0
2476 0 1
2477 4 1
2478 1 1
2479 5 1
2480 0 1
2481 1 1
2482 6 1
2483 6 1
2484 5 1
2485 0 1
2486 3 1
2487 0 1
2488 1 1
2489 3 1
2490 0 1
2491 1 0
2492 0 1
2493 2 1
2494 6 1
2495 2 0
2496 4 0
2497 0 0
2498 3 1
2499 6 1
2500 1 0
2501 4 1
2502 4 1
2503 3 1
2504 3 1
2505 0 1
2506 4 0
2507 5 0
2508 3 1
2509 4 0
2510 1 1
2511 1 1
2512 5 1
2513 0 0
2514 6 0
2515 0 1
2516 4 0
2517 2 1
2518 6 0
2519 5 1
2520 2 0
2521 6 1
2522 3 0
2523 3 1
2524 5 1
2525 1 1
2526 1 1
2527 1 0
2528 6 1
2529 4 0
2530 5 1
2531 5 1
2532 6 0
2533 0 1
2534 2 1
2535 5 1
2536 6 1
2537 3 1
2538 2 0
2539 6 1
2540 2 0
2541 3 1
2542 5 1
2543 1 1
2544 2 1
2545 1 1
2546 1 1
2547 6 1
2548 1 0
2549 6 1
2550 2 1
2551 0 1
2552 5 1
2553 5 1
2554 5 0
2555 6 1
2556 0 0
2557 2 1
2558 5 1
2559 6 1
2560 6 1
2561 4 0
2562 2 0
2563 6 0
2564 0 1
2565 1 1
2566 5 0
2567 4 1
2568 2 1
2569 3 1
2570 5 1
2571 5 0
2572 3 1
2573 0 1
2574 6 1
2575 4 1
2576 4 1
2577 4 1
2578 0 0
2579 2 0
2580 4 1
2581 3 1
2582 2 0
2583 3 0
2584 2 1
2585 0 1
2586 6 1
2587 2 1
2588 0 0
2589 4 1
2590 0 1
2591 1 1
2592 1 1
2593 3 1
2594 5 0
2595 5 1
2596 6 1
2597 2 1
2598 1 1
2599 6 1
2600 2 0
2601 6 1
2602 5 1
2603 0 1
2604 5 1
2605 3 1
2606 4 1
2607 1 1
2608 1 1
2609 4 1
2610 5 0
2611 1 0
2612 2 1
2613 1 0
2614 6 0
2615 2 0
2616 4 1
2617 5 1
2618 2 1
2619 1 1
2620 6 1
2621 1 1
2622 0 0
2623 3 0
2624 3 1
2625 6 0
2626 6 0
2627 4 1
2628 6 1
2629 1 1
2630 4 1
2631 2 0
2632 1 1
2633 3 1
2634 0 1
2635 6 1
2636 5 1
2637 6 0
2638 2 1
2639 2 1
2640 1 1
2641 3 0
2642 3 0
2643 4 1
2644 3 1
2645 6 1
2646 0 0
2647 0 0
2648 6 1
2649 3 0
2650 4 1
2651 2 1
2652 1 0
2653 3 0
2654 1 1
2655 5 1
2656 1 0
2657 5 0
2658 0 1
2659 6 1
2660 1 0
2661 2 1
2662 3 1
2663 6 0
2664 2 0
2665 5 0
2666 0 1
2667 4 0
2668 6 1
2669 3 1
2670 6 0
2671 1 1
2672 1 0
2673 4 1
2674 2 1
2675 1 1
2676 4 1
2677 6 0
2678 6 1
2679 6 1
2680 3 1
2681 3 1
2682 0 1
2683 4 0
2684 5 1
2685 3 1
2686 5 1
2687 2 1
2688 6 1
2689 1 1
2690 0 1
2691 2 0
2692 6 1
2693 3 1
2694 3 1
2695 5 0
2696 1 1
2697 6 1
2698 0 0
2699 4 0
2700 0 1
2701 0 1
2702 0 1
2703 0 1
2704 1 0
2705 0 1
2706 0 1
2707 1 1
2708 1 1
2709 5 1
2710 4 1
2711 2 1
2712 2 1
2713 3 1
2714 1 1
2715 6 1
2716 4 1
2717 2 1
2718 6 1
2719 3 0
2720 6 1
2721 4 1
2722 5 1
2723 4 1
2724 0 1
2725 0 0
2726 2 1
2727 5 0
2728 6 1
2729 5 1
2730 6 1
2731 4 1
2732 0 0
2733 4 1
2734 4 1
2735 3 0
2736 3 1
2737 1 1
2738 2 1
2739 2 1
2740 4 1
2741 4 1
2742 0 1
2743 2 1
2744 3 1
2745 3 0
2746 2 1
2747 3 0
2748 5 1
2749 0 1
2750 6 1
2751 4 1
2752 6 1
2753 2 1
2754 0 1
2755 4 1
2756 4 1
2757 2 0
2758 3 1
2759 0 1
2760 2 1
2761 6 0
2762 1 1
2763 3 0
2764 6 1
2765 5 0
2766 2 1
2767 0 0
2768 2 0
2769 3 1
2770 5 1
2771 5 1
2772 6 0
2773 3 1
2774 0 0
2775 4 0
2776 2 0
2777 1 1
2778 3 0
2779 4 1
2780 5 0
2781 5 1
2782 2 1
2783 6 1
2784 5 1
2785 6 0
2786 5 0
2787 2 1
2788 6 1
2789 2 1
2790 2 1
2791 5 1
2792 0 1
2793 1 1
2794 1 0
2795 2 1
2796 0 1
2797 2 0
2798 3 0
2799 4 1
2800 0 1
2801 3 0
2802 1 1
2803 5 1
2804 6 0
2805 5 0
2806 4 0
2807 1 0
2808 5 1
2809 4 1
2810 1 1
2811 3 1
2812 5 0
2813 6 1
2814 2 0
2815 1 1
2816 2 0
2817 4 1
2818 1 1
2819 4 1
2820 1 1
2821 5 0
2822 6 1
2823 6 0
2824 3 1
2825 1 1
2826 1 1
2827 4 1
2828 5 1
2829 5 1
2830 4 1
2831 6 0
2832 5 1
2833 1 1
2834 5 1
2835 3 1
2836 3 1
2837 3 1
2838 0 1
2839 4 1
2840 6 1
2841 0 1
2842 0 1
2843 4 1
2844 4 1
2845 1 0
2846 1 0
2847 4 0
2848 5 1
2849 6 1
2850 1 1
2851 0 1
2852 3 1
2853 4 1
2854 5 1
2855 4 0
2856 4 1
2857 1 1
2858 5 1
2859 0 1
2860 4 0
2861 1 1
2862 1 1
2863 0 1
2864 2 1
2865 0 0
2866 1 1
2867 6 1
2868 0 1
2869 3 1
2870 3 1
2871 6 0
2872 0 1
2873 3 1
2874 1 1
2875 5 0
2876 1 1
2877 2 1
2878 0 1
2879 6 0
2880 6 1
2881 6 1
2882 3 0
2883 0 1
2884 4 1
2885 0 1
2886 1 1
2887 4 1
2888 4 0
2889 5 1
2890 6 1
2891 2 0
2892 5 0
2893 3 1
2894 2 1
2895 6 0
2896 5 0
2897 1 1
2898 6 0
2899 5 1
2900 0 1
2901 2 1
2902 2 1
2903 5 1
2904 4 1
2905 0 1
2906 5 1
2907 1 0
2908 2 1
2909 6 1
2910 3 1
2911 5 1
2912 2 1
2913 3 1
2914 3 1
2915 1 1
2916 2 0
2917 0 1
2918 1 1
2919 6 1
2920 0 1
2921 4 1
2922 4 1
2923 6 1
2924 0 1
2925 1 1
2926 3 1
2927 6 1
2928 1 1
2929 3 0
2930 0 1
2931 3 1
2932 6 1
2933 5 0
2934 6 1
2935 1 1
2936 5 0
2937 4 1
2938 1 1
2939 6 1
2940 6 0
2941 3 0
2942 4 1
2943 4 0
2944 1 1
2945 3 1
2946 0 0
2947 1 1
2948 5 1
2949 2 1
2950 5 1
2951 3 1
2952 6 1
2953 4 1
2954 1 0
2955 6 1
2956 4 0
2957 0 0
2958 1 1
2959 1 1
2960 0 1
2961 1 1
2962 2 1
2963 4 0
2964 5 1
2965 1 1
2966 0 0
2967 5 1
2968 0 1
2969 2 1
2970 3 1
2971 4 1
2972 0 0
2973 5 1
2974 0 1
2975 2 1
2976 1 1
2977 5 1
2978 5 0
2979 5 0
2980 4 0
2981 3 1
2982 2 1
2983 1 1
2984 6 0
2985 0 0
2986 0 1
2987 1 1
2988 0 0
2989 1 1
2990 1 1
2991 5 1
2992 0 1
2993 2 0
2994 1 1
2995 3 0
2996 4 1
2997 0 1
2998 3 1
2999 5 1
3000 0 1
3001 2 1
3002 2 0
3003 6 1
3004 5 0
3005 0 0
3006 4 1
3007 2 1
3008 6 1
3009 4 1
3010 2 1
3011 3 0
3012 4 1
3013 4 0
3014 0 1
3015 5 1
3016 5 1
3017 5 0
3018 2 1
3019 6 1
3020 3 0
3021 0 1
3022 2 0
3023 1 0
3024 2 1
3025 4 1
3026 5 1
3027 6 1
3028 6 0
3029 5 0
3030 1 1
3031 2 1
3032 3 1
3033 3 1
3034 2 1
3035 4 1
3036 0 1
3037 4 1
3038 0 1
3039 2 1
3040 3 1
3041 2 1
3042 3 1
3043 6 0
3044 3 1
3045 5 1
3046 0 1
3047 2 0
3048 4 0
3049 5 1
3050 0 1
3051 3 0
3052 2 0
3053 1 0
3054 5 0
3055 0 1
3056 0 1
3057 5 1
3058 1 1
3059 4 1
3060 6 1
3061 0 1
3062 0 1
3063 5 0
3064 5 1
3065 4 1
3066 1 1
3067 2 0
3068 5 0
3069 1 1
3070 4 0
3071 0 0
3072 3 1
3073 1 1
3074 5 1
3075 5 1
3076 5 1
3077 1 1
3078 5 1
3079 1 0
3080 1 0
3081 5 1
3082 2 0
3083 2 0
3084 1 0
3085 0 1
3086 3 1
3087 2 0
3088 2 1
3089 1 0
3090 4 1
3091 3 1
3092 3 0
3093 4 1
3094 1 1
3095 1 1
3096 0 0
3097 1 1
3098 4 1
3099 2 1
3100 6 1
3101 3 0
3102 6 1
3103 5 1
3104 5 1
3105 1 1
3106 4 1
3107 1 1
3108 5 0
3109 6 1
3110 1 1
3111 5 0
3112 4 0
3113 1 1
3114 1 0
3115 4 0
3116 1 0
3117 1 0
3118 4 0
3119 3 1
3120 4 1
3121 2 1
3122 4 0
3123 6 0
3124 6 0
3125 5 1
3126 4 1
3127 6 1
3128 1 1
3129 6 1
3130 6 1
3131 1 1
3132 2 0
3133 1 0
3134 4 1
3135 6 1
3136 4 0
3137 0 1
3138 1 0
3139 1 1
3140 3 1
3141 4 1
3142 6 0
3143 6 0
3144 6 0
3145 0 1
3146 0 1
3147 4 0
3148 1 1
3149 1 1
3150 6 1
3151 5 1
3152 2 1
3153 1 1
3154 3 1
3155 0 1
3156 0 1
3157 4 1
3158 4 1
3159 4 1
3160 0 0
3161 5 1
3162 6 0
3163 2 1
3164 5 1
3165 0 0
3166 4 1
3167 6 1
3168 3 1
3169 6 0
3170 3 1
3171 2 1
3172 2 0
3173 5 1
3174 3 1
3175 5 1
3176 4 1
3177 0 1
3178 5 0
3179 5 0
3180 0 1
3181 1 1
3182 4 1
3183 1 1
3184 6 1
3185 1 0
3186 0 0
3187 1 1
3188 2 1
3189 6 1
3190 4 1
3191 4 1
3192 6 0
3193 3 1
3194 5 1
3195 6 0
3196 6 1
3197 0 1
3198 4 1
3199 5 0
3200 1 0
3201 1 1
3202 0 1
3203 6 1
3204 4 1
3205 5 1
3206 6 0
3207 3 1
3208 4 1
3209 5 1
3210 0 0
3211 5 1
3212 2 1
3213 6 1
3214 4 1
3215 6 1
3216 2 1
3217 3 0
3218 1 0
3219 4 1
3220 6 1
3221 0 0
3222 0 1
3223 6 1
3224 0 1
3225 5 1
3226 0 1
3227 2 0
3228 6 1
3229 5 0
3230 3 0
3231 5 1
3232 2 1
3233 4 0
3234 1 1
3235 0 1
3236 6 1
3237 1 1
3238 6 1
3239 2 0
3240 5 1
3241 2 0
3242 0 1
3243 6 1
3244 2 1
3245 6 1
3246 6 1
3247 0 1
3248 3 0
3249 3 1
3250 4 1
3251 1 1
3252 1 0
3253 6 1
3254 1 1
3255 4 0
3256 6 1
3257 0 1
3258 1 1
3259 4 1
3260 1 1
3261 5 1
3262 5 0
3263 0 1
3264 3 0
3265 3 1
3266 4 1
3267 6 1
3268 5 1
3269 1 1
3270 4 1
3271 3 1
3272 0 1
3273 1 1
3274 1 1
3275 1 1
3276 6 1
3277 1 1
3278 3 1
3279 3 0
3280 2 1
3281 0 0
3282 2 1
3283 0 1
3284 1 0
3285 4 1
3286 2 1
3287 1 1
3288 2 0
3289 6 1
3290 1 0
3291 1 1
3292 4 0
3293 3 0
3294 6 1
3295 3 1
3296 4 0
3297 5 0
3298 6 0
3299 5 1
3300 2 0
3301 5 1
3302 1 1
3303 2 1
3304 1 0
3305 0 1
3306 6 0
3307 6 1
3308 0 1
3309 1 1
3310 1 0
3311 6 1
3312 4 1
3313 6 1
3314 6 0
3315 2 1
3316 3 1
3317 2 1
3318 4 1
3319 4 1
3320 5 1
3321 2 1
3322 3 1
3323 5 0
3324 3 1
3325 3 1
3326 0 1
3327 4 1
3328 6 1
3329 3 0
3330 1 1
3331 5 1
3332 2 1
3333 1 1
3334 4 1
3335 0 1
3336 6 1
3337 4 1
3338 4 1
3339 4 1
3340 1 0
3341 3 0
3342 1 1
3343 1 1
3344 4 1
3345 2 1
3346 0 1
3347 4 0
3348 6 0
3349 3 1
3350 6 0
3351 1 1
3352 6 1
3353 6 1
3354 0 0
3355 1 1
3356 2 0
3357 4 1
3358 1 0
3359 0 1
3360 0 1
3361 5 1
3362 0 0
3363 5 0
3364 3 1
3365 6 1
3366 3 1
3367 6 0
3368 4 1
3369 1 1
3370 0 1
3371 3 1
3372 4 0
3373 2 0
3374 4 1
3375 2 1
3376 4 1
3377 2 0
3378 5 1
3379 2 1
3380 1 0
3381 4 0
3382 6 1
3383 5 0
3384 0 1
3385 6 1
3386 0 1
3387 6 0
3388 6 1
3389 1 1
3390 1 1
3391 6 1
3392 2 1
3393 6 1
3394 5 0
3395 2 1
3396 6 1
3397 2 1
3398 5 1
3399 0 1
3400 2 1
3401 3 1
3402 5 1
3403 5 0
3404 0 1
3405 5 1
3406 1 1
3407 3 1
3408 2 1
3409 3 1
3410 1 0
3411 5 1
3412 0 1
3413 2 1
3414 3 1
3415 1 0
3416 5 1
3417 6 1
3418 0 0
3419 3 1
3420 2 0
3421 5 1
3422 2 1
3423 4 1
3424 1 1
3425 2 1
3426 2 0
3427 4 0
3428 5 1
3429 0 1
3430 5 1
3431 5 1
3432 1 1
3433 2 1
3434 5 0
3435 0 1
3436 5 0
3437 2 1
3438 2 0
3439 2 1
3440 4 0
3441 6 1
3442 3 1
3443 0 1
3444 2 1
3445 6 1
3446 4 1
3447 2 1
3448 4 1
3449 3 1
3450 1 1
3451 2 0
3452 4 1
3453 4 1
3454 0 1
3455 5 1
3456 1 1
3457 2 1
3458 6 1
3459 2 1
3460 6 1
3461 5 0
3462 3 1
3463 5 1
3464 0 1
3465 1 1
3466 0 1
3467 3 0
3468 4 1
3469 4 1
3470 2 1
3471 0 1
3472 4 1
3473 4 1
3474 2 1
3475 6 1
3476 5 0
3477 3 1
3478 5 1
3479 5 0
3480 5 1
3481 3 1
3482 6 1
3483 5 1
3484 3 0
3485 5 0
3486 2 1
3487 1 1
3488 3 1
3489 4 1
3490 1 1
3491 0 1
3492 4 1
3493 4 0
3494 0 1
3495 0 0
3496 2 1
3497 1 0
3498 6 1
3499 0 1
3500 4 1
3501 2 1
3502 0 1
3503 0 0
3504 2 1
3505 1 1
3506 6 1
3507 6 1
3508 1 1
3509 5 1
3510 1 0
3511 5 1
3512 6 1
3513 3 1
3514 2 1
3515 0 1
3516 5 1
3517 2 0
3518 6 1
3519 1 1
3520 4 0
3521 3 1
3522 1 1
3523 6 0
3524 3 1
3525 2 1
3526 0 1
3527 3 0
3528 4 1
3529 1 1
3530 6 1
3531 4 1
3532 4 1
3533 3 1
3534 6 1
3535 3 1
3536 4 1
3537 5 1
3538 4 1
3539 1 1
3540 4 1
3541 5 1
3542 1 1
3543 0 0
3544 6 1
3545 5 0
3546 6 1
3547 0 0
3548 6 1
3549 5 1
3550 4 1
3551 5 0
3552 3 1
3553 1 1
3554 4 0
3555 3 0
3556 2 0
3557 4 0
3558 2 1
3559 0 1
3560 3 1
3561 2 1
3562 6 1
3563 4 1
3564 3 1
3565 5 1
3566 1 0
3567 2 1
3568 5 1
3569 4 0
3570 2 1
3571 1 0
3572 1 1
3573 5 1
3574 2 0
3575 1 1
3576 3 1
3577 6 0
3578 2 0
3579 2 1
3580 3 1
3581 6 0
3582 2 1
3583 1 1
3584 1 0
3585 0 1
3586 1 1
3587 5 1
3588 5 0
3589 2 0
3590 0 0
3591 5 0
3592 2 0
3593 2 1
3594 4 1
3595 1 1
3596 3 0
3597 5 0
3598 0 1
3599 4 1
3600 3 0
3601 2 1
3602 5 1
3603 3 0
3604 6 1
3605 2 1
3606 6 1
3607 6 1
3608 6 1
3609 2 1
3610 2 1
3611 1 1
3612 2 1
3613 0 1
3614 4 1
3615 1 1
3616 1 1
3617 0 1
3618 1 1
3619 5 1
3620 1 1
3621 4 1
3622 2 1
3623 3 1
3624 1 0
3625 2 1
3626 0 0
3627 4 1
3628 3 0
3629 3 1
3630 1 1
3631 3 1
3632 4 0
3633 2 1
3634 5 1
3635 3 1
3636 4 1
3637 1 0
3638 1 1
3639 4 1
3640 1 0
3641 1 0
3642 4 1
3643 0 1
3644 2 1
3645 2 1
3646 3 0
3647 6 1
3648 0 0
3649 2 1
3650 4 1
3651 2 1
3652 1 0
3653 5 1
3654 6 1
3655 1 0
3656 0 1
3657 4 1
3658 0 1
3659 6 1
3660 3 1
3661 1 0
3662 4 1
3663 4 0
3664 6 1
3665 2 0
3666 3 0
3667 1 1
3668 5 1
3669 6 1
3670 5 1
3671 2 0
3672 1 1
3673 6 0
3674 1 0
3675 3 1
3676 4 1
3677 1 1
3678 2 0
3679 4 1
3680 3 1
3681 1 1
3682 6 0
3683 3 0
3684 5 1
3685 2 0
3686 0 0
3687 4 1
3688 1 0
3689 1 1
3690 6 1
3691 4 1
3692 5 0
3693 1 1
3694 1 1
3695 5 1
3696 1 1
3697 3 1
3698 3 1
3699 3 1
3700 6 0
3701 0 1
3702 0 1
3703 4 1
3704 6 0
3705 1 1
3706 0 1
3707 5 1
3708 1 1
3709 2 1
3710 0 1
3711 0 1
3712 3 0
3713 0 1
3714 2 1
3715 5 0
3716 3 1
3717 2 1
3718 1 1
3719 2 1
3720 1 0
3721 3 1
3722 6 0
3723 0 1
3724 3 0
3725 3 1
3726 1 1
3727 3 1
3728 5 1
3729 0 0
3730 1 1
3731 5 1
3732 0 1
3733 1 1
3734 2 0
3735 6 0
3736 3 1
3737 5 1
3738 0 1
3739 1 1
3740 4 1
3741 1 1
3742 5 1
3743 6 1
3744 4 1
3745 0 1
3746 2 1
3747 2 1
3748 1 1
3749 2 0
3750 1 1
3751 0 0
3752 2 1
3753 4 1
3754 2 1
3755 5 1
3756 2 1
3757 3 1
3758 6 1
3759 0 0
3760 5 0
3761 4 0
3762 3 0
3763 1 1
3764 6 1
3765 1 1
3766 2 1
3767 2 1
3768 5 1
3769 6 0
3770 5 1
3771 3 1
3772 6 1
3773 3 1
3774 5 1
3775 5 1
3776 2 1
3777 2 1
3778 0 1
3779 1 0
3780 4 1
3781 3 0
3782 6 1
3783 0 1
3784 4 1
3785 2 1
3786 6 0
3787 6 1
3788 1 1
3789 2 1
3790 4 1
3791 0 0
3792 0 1
3793 4 0
3794 1 0
3795 4 1
3796 3 1
3797 6 0
3798 4 1
3799 6 1
3800 4 1
3801 0 0
3802 4 1
3803 0 1
3804 0 1
3805 2 0
3806 0 1
3807 3 0
3808 6 1
3809 4 1
3810 2 0
3811 2 0
3812 2 1
3813 6 0
3814 6 1
3815 4 1
3816 4 1
3817 4 1
3818 1 1
3819 5 1
3820 2 0
3821 3 1
3822 5 0
3823 6 1
3824 3 1
3825 3 1
3826 5 1
3827 6 1
3828 5 1
3829 0 1
3830 2 1
3831 5 1
3832 6 0
3833 0 0
3834 3 0
3835 0 1
3836 2 1
3837 4 1
3838 3 1
3839 3 1
3840 5 1
3841 0 1
3842 3 0
3843 6 0
3844 4 1
3845 4 1
3846 2 1
3847 6 1
3848 2 0
3849 2 1
3850 3 1
3851 2 1
3852 5 1
3853 2 1
3854 1 0
3855 4 1
3856 2 1
3857 5 1
3858 2 1
3859 4 1
3860 2 1
3861 6 1
3862 0 1
3863 3 1
3864 1 1
3865 6 1
3866 5 1
3867 5 0
3868 4 1
3869 2 1
3870 1 1
3871 3 1
3872 2 1
3873 6 0
3874 4 1
3875 4 0
3876 0 1
3877 6 0
3878 4 0
3879 3 0
3880 5 1
3881 0 1
3882 2 0
3883 4 1
3884 2 1
3885 3 1
3886 4 1
3887 4 1
3888 5 1
3889 1 0
3890 2 0
3891 3 1
3892 4 0
3893 1 0
3894 1 1
3895 5 1
3896 3 1
3897 5 1
3898 3 1
3899 1 0
3900 5 1
3901 5 1
3902 0 0
3903 4 1
3904 3 1
3905 2 1
3906 0 1
3907 2 1
3908 3 1
3909 4 1
3910 4 1
3911 0 1
3912 0 1
3913 2 1
3914 4 0
3915 2 0
3916 4 1
3917 0 0
3918 1 1
3919 4 1
3920 6 1
3921 6 1
3922 2 1
3923 1 0
3924 3 1
3925 1 1
3926 0 1
3927 4 1
3928 6 1
3929 4 1
3930 6 1
3931 4 1
3932 0 1
3933 6 1
3934 5 1
3935 5 1
3936 0 1
3937 6 1
3938 2 0
3939 3 0
3940 2 1
3941 1 1
3942 3 1
3943 5 1
3944 4 0
3945 3 1
3946 2 1
3947 5 1
3948 1 1
3949 2 1
3950 3 1
3951 6 1
3952 1 1
3953 1 1
3954 3 0
3955 4 1
3956 5 1
3957 6 1
3958 2 0
3959 6 1
3960 5 1
3961 6 1
3962 6 0
3963 1 1
3964 4 1
3965 2 0
3966 0 0
3967 1 0
3968 4 1
3969 0 1
3970 4 1
3971 3 1
3972 5 0
3973 0 0
3974 3 0
3975 5 0
3976 1 1
3977 0 1
3978 4 0
3979 6 0
3980 1 0
3981 1 0
3982 1 0
3983 5 1
3984 2 1
3985 0 1
3986 0 1
3987 6 1
3988 2 1
3989 4 1
3990 4 1
3991 0 0
3992 3 1
3993 6 1
3994 5 0
3995 2 1
3996 4 1
3997 0 1
3998 2 1
3999 5 1
4000 1 1
4001 6 1
4002 0 1
4003 3 1
4004 0 1
4005 0 1
4006 6 1
4007 3 1
4008 3 0
4009 0 0
4010 3 0
4011 1 0
4012 0 1
4013 0 1
4014 3 1
4015 4 1
4016 4 1
4017 0 1
4018 6 1
4019 4 1
4020 6 1
4021 4 1
4022 1 1
4023 5 1
4024 6 1
4025 4 1
4026 3 0
4027 5 1
4028 2 1
4029 5 1
4030 4 1
4031 6 1
4032 5 0
4033 3 1
4034 0 1
4035 1 1
4036 0 1
4037 3 1
4038 3 0
4039 2 1
4040 0 0
4041 1 1
4042 2 1
4043 4 1
4044 5 1
4045 1 0
4046 2 0
4047 6 0
4048 6 1
4049 0 1
4050 5 1
4051 4 0
4052 5 1
4053 3 1
4054 3 0
4055 2 1
4056 3 0
4057 3 1
4058 1 1
4059 2 0
4060 0 1
4061 4 1
4062 4 0
4063 3 1
4064 3 0
4065 6 1
4066 5 0
4067 4 0
4068 4 0
4069 3 0
4070 5 1
4071 0 1
4072 6 0
4073 5 1
4074 2 1
4075 2 0
4076 4 0
4077 6 1
4078 2 1
4079 5 1
4080 6 1
4081 4 1
4082 3 1
4083 3 1
4084 1 1
4085 4 1
4086 0 1
4087 0 1
4088 6 1
4089 3 1
4090 4 1
4091 6 1
4092 1 0
4093 5 1
4094 6 1
4095 5 1
4096 6 1
4097 5 1
4098 3 0
4099 0 1
4100 4 1
4101 3 1
4102 5 1
4103 0 0
4104 5 1
4105 1 1
4106 6 1
4107 2 1
4108 2 0
4109 2 0
4110 3 0
4111 4 0
4112 2 0
4113 1 1
4114 6 1
4115 0 1
4116 2 1
4117 4 1
4118 2 1
4119 0 1
4120 6 0
4121 2 0
4122 4 1
4123 4 1
4124 3 1
4125 5 1
4126 5 1
4127 5 1
4128 2 0
4129 3 1
4130 4 1
4131 3 1
4132 4 1
4133 2 0
4134 5 0
4135 6 0
4136 1 1
4137 6 1
4138 1 1
4139 3 0
4140 5 1
4141 0 0
4142 4 1
4143 0 1
4144 1 1
4145 6 1
4146 5 1
4147 0 1
4148 1 1
4149 1 0
4150 0 1
4151 0 1
4152 4 1
4153 2 1
4154 5 1
4155 6 1
4156 5 0
4157 3 1
4158 1 0
4159 2 1
4160 6 0
4161 3 1
4162 3 1
4163 0 0
4164 6 1
4165 2 1
4166 4 1
4167 1 0
4168 4 0
4169 5 1
4170 5 0
4171 1 1
4172 0 1
4173 1 1
4174 0 0
4175 0 1
4176 4 1
4177 3 1
4178 1 1
4179 2 1
4180 6 1
4181 3 1
4182 0 1
4183 3 1
4184 0 1
4185 2 1
4186 2 1
4187 0 1
4188 0 1
4189 0 1
4190 1 0
4191 6 1
4192 1 1
4193 1 0
4194 0 0
4195 6 1
4196 4 0
4197 4 0
4198 4 1
4199 0 1
4200 5 1
4201 0 1
4202 0 0
4203 0 0
4204 5 1
4205 5 0
4206 5 1
4207 3 1
4208 0 1
4209 4 1
4210 4 0
4211 6 1
4212 1 1
4213 5 0
4214 6 1
4215 0 1
4216 6 1
4217 2 0
4218 6 1
4219 2 0
4220 0 1
4221 1 0
4222 0 1
4223 2 1
4224 5 0
4225 0 1
4226 6 1
4227 4 1
4228 0 0
4229 5 0
4230 6 1
4231 0 1
4232 4 1
4233 1 0
4234 1 1
4235 5 1
4236 2 1
4237 4 1
4238 0 1
4239 1 1
4240 2 1
4241 0 0
4242 0 0
4243 0 1
4244 3 1
4245 1 1
4246 0 0
4247 4 0
4248 1 1
4249 5 1
4250 6 0
4251 0 0
4252 5 0
4253 4 1
4254 0 1
4255 1 1
4256 0 1
4257 2 0
4258 3 1
4259 2 1
4260 5 1
4261 3 1
4262 2 1
4263 5 1
4264 3 0
4265 2 0
4266 2 0
4267 2 0
4268 4 1
4269 4 1
4270 2 1
4271 3 1
4272 4 0
4273 4 1
4274 5 0
4275 2 1
4276 0 0
4277 5 1
4278 3 1
4279 3 1
4280 5 1
4281 5 1
4282 5 0
4283 4 0
4284 4 0
4285 0 0
4286 4 1
4287 5 1
4288 6 0
4289 6 1
4290 1 1
4291 6 1
4292 5 1
4293 1 1
4294 5 1
4295 4 1
4296 6 1
4297 2 0
4298 5 1
4299 0 1
4300 6 1
4301 6 0
4302 2 0
4303 2 1
4304 6 1
4305 6 1
4306 6 1
4307 4 1
4308 0 1
4309 1 1
4310 6 1
4311 0 1
4312 3 1
4313 6 1
4314 0 0
4315 1 1
4316 5 1
4317 6 0
4318 3 0
4319 3 1
4320 6 1
4321 6 0
4322 4 1
4323 0 1
4324 0 1
4325 6 0
4326 5 1
4327 3 0
4328 0 0
4329 1 0
4330 4 1
4331 3 1
4332 1 1
4333 4 1
4334 1 1
4335 6 1
4336 5 1
4337 3 1
4338 0 0
4339 3 0
4340 1 0
4341 5 1
4342 2 1
4343 5 1
4344 4 0
4345 6 1
4346 0 1
4347 5 1
4348 2 0
4349 6 0
4350 5 1
4351 2 1
4352 2 0
4353 2 1
4354 5 1
4355 1 1
4356 0 1
4357 3 1
4358 2 0
4359 2 0
4360 4 0
4361 2 0
4362 4 1
4363 6 1
4364 5 1
4365 1 1
4366 0 1
4367 4 1
4368 4 1
4369 4 1
4370 2 0
4371 5 1
4372 2 0
4373 2 1
4374 6 1
4375 4 1
4376 3 1
4377 6 1
4378 2 1
4379 3 1
4380 5 0
4381 1 1
4382 4 1
4383 0 1
4384 1 1
4385 0 1
4386 4 1
4387 3 1
4388 4 1
4389 2 1
4390 0 1
4391 4 1
4392 2 0
4393 0 0
4394 3 1
4395 3 0
4396 3 0
4397 6 1
4398 6 1
4399 5 1
4400 4 1
4401 1 1
4402 1 1
4403 6 1
4404 0 1
4405 6 0
4406 6 1
4407 6 0
4408 2 0
4409 3 1
4410 3 1
4411 4 1
4412 2 1
4413 4 0
4414 3 0
4415 0 0
4416 4 0
4417 1 0
4418 3 1
4419 0 1
4420 0 1
4421 6 1
4422 5 1
4423 3 1
4424 6 1
4425 2 1
4426 6 1
4427 1 0
4428 6 0
4429 2 1
4430 3 1
4431 2 0
4432 2 1
4433 2 0
4434 6 1
4435 0 1
4436 0 1
4437 6 1
4438 2 1
4439 2 1
4440 2 1
4441 0 1
4442 3 0
4443 0 0
4444 2 1
4445 3 1
4446 1 1
4447 4 1
4448 4 1
4449 1 1
4450 0 1
4451 6 1
4452 2 0
4453 3 1
4454 6 1
4455 2 1
4456 2 0
4457 0 1
4458 2 1
4459 3 0
4460 1 1
4461 1 0
4462 3 1
4463 6 1
4464 1 1
4465 1 1
4466 3 0
4467 6 1
4468 2 1
4469 1 0
4470 5 1
4471 1 1
4472 3 1
4473 6 1
4474 2 1
4475 3 1
4476 0 1
4477 6 1
4478 6 1
4479 1 1
4480 0 0
4481 0 1
4482 5 1
4483 1 0
4484 6 1
4485 1 1
4486 3 1
4487 0 0
4488 2 0
4489 3 1
4490 6 1
4491 6 1
4492 0 0
4493 2 1
4494 0 1
4495 5 1
4496 3 1
4497 1 1
4498 4 1
4499 5 1
4500 3 1
4501 5 1
4502 5 1
4503 2 1
4504 0 0
4505 1 1
4506 1 1
4507 6 0
4508 2 0
4509 6 0
4510 2 0
4511 5 1
4512 1 1
4513 3 1
4514 0 1
4515 6 0
4516 6 0
4517 5 1
4518 3 1
4519 2 1
4520 3 1
4521 1 1
4522 3 1
4523 4 0
4524 0 1
4525 4 0
4526 3 0
4527 4 1
4528 2 1
4529 1 0
4530 1 0
4531 1 1
4532 6 1
4533 0 1
4534 3 0
4535 2 1
4536 5 1
4537 0 1
4538 2 0
4539 4 1
4540 5 0
4541 0 0
4542 2 0
4543 4 1
4544 0 1
4545 2 1
4546 1 0
4547 5 0
4548 5 0
4549 1 1
4550 0 0
4551 2 1
4552 5 1
4553 4 1
4554 6 0
4555 5 1
4556 1 1
4557 2 1
4558 6 0
4559 3 1
4560 3 0
4561 0 1
4562 6 1
4563 3 1
4564 2 1
4565 0 1
4566 4 1
4567 5 1
4568 5 0
4569 6 1
4570 2 1
4571 5 1
4572 2 0
4573 2 1
4574 5 0
4575 1 1
4576 1 1
4577 2 0
4578 5 1
4579 0 1
4580 3 0
4581 3 0
4582 2 1
4583 0 0
4584 2 0
4585 1 1
4586 4 1
4587 1 1
4588 3 1
4589 6 0
4590 4 1
4591 6 0
4592 0 1
4593 1 1
4594 0 1
4595 3 0
4596 0 1
4597 2 1
4598 6 1
4599 1 0
4600 0 1
4601 1 1
4602 0 1
4603 0 0
4604 1 1
4605 1 1
4606 4 1
4607 1 1
4608 4 1
4609 0 1
4610 1 1
4611 4 1
4612 6 0
4613 2 1
4614 0 1
4615 2 0
4616 2 1
4617 0 0
4618 1 0
4619 2 0
4620 4 1
4621 5 1
4622 2 1
4623 4 1
4624 6 1
4625 0 1
4626 0 0
4627 1 1
4628 2 1
4629 3 0
4630 1 0
4631 5 1
4632 5 1
4633 1 1
4634 4 1
4635 0 1
4636 1 1
4637 1 1
4638 3 0
4639 6 1
4640 2 0
4641 6 1
4642 0 0
4643 4 0
4644 0 0
4645 5 1
4646 2 1
4647 0 1
4648 5 1
4649 4 0
4650 5 0
4651 6 1
4652 3 1
4653 4 0
4654 5 1
4655 4 0
4656 6 1
4657 3 1
4658 2 1
4659 3 1
4660 4 0
4661 6 1
4662 3 1
4663 2 1
4664 6 1
4665 6 1
4666 2 1
4667 0 1
4668 0 1
4669 5 1
4670 5 1
4671 1 1
4672 4 1
4673 6 1
4674 0 0
4675 5 0
4676 0 1
4677 6 1
4678 2 1
4679 1 1
4680 2 1
4681 2 0
4682 0 1
4683 5 0
4684 2 1
4685 6 0
4686 3 1
4687 1 1
4688 0 1
4689 6 1
4690 4 0
4691 3 1
4692 0 1
4693 6 0
4694 5 0
4695 0 1
4696 0 0
4697 2 0
4698 0 1
4699 3 0
4700 1 1
4701 1 1
4702 5 1
4703 1 0
4704 4 1
4705 5 1
4706 1 0
4707 3 1
4708 5 0
4709 0 1
4710 2 1
4711 3 1
4712 6 0
4713 5 1
4714 3 0
4715 0 1
4716 6 1
4717 4 0
4718 0 1
4719 2 1
4720 2 1
4721 5 1
4722 5 1
4723 3 1
4724 0 1
4725 4 0
4726 0 0
4727 0 0
4728 3 0
4729 5 1
4730 4 1
4731 1 1
4732 0 1
4733 5 1
4734 0 1
4735 2 0
4736 6 0
4737 4 1
4738 4 1
4739 3 1
4740 0 1
4741 5 0
4742 0 0
4743 5 1
4744 0 1
4745 0 1
4746 2 1
4747 6 0
4748 4 0
4749 5 1
4750 3 1
4751 4 1
4752 3 1
4753 2 1
4754 5 1
4755 1 1
4756 5 1
4757 3 0
4758 2 1
4759 4 0
4760 3 1
4761 5 1
4762 3 1
4763 1 1
4764 1 1
4765 2 1
4766 2 1
4767 3 1
4768 3 1
4769 2 1
4770 2 1
4771 2 1
4772 1 1
4773 2 1
4774 4 1
4775 6 1
4776 0 1
4777 2 1
4778 0 0
4779 0 1
4780 1 1
4781 2 0
4782 4 1
4783 0 1
4784 3 1
4785 5 1
4786 5 1
4787 2 1
4788 3 0
4789 3 1
4790 4 0
4791 5 1
4792 5 1
4793 6 1
4794 2 1
4795 5 1
4796 5 0
4797 4 0
4798 3 0
4799 6 1
4800 6 1
4801 1 1
4802 2 1
4803 3 1
4804 5 1
4805 3 1
4806 5 1
4807 5 1
4808 5 1
4809 6 1
4810 6 1
4811 6 1
4812 2 1
4813 3 1
4814 6 1
4815 3 1
4816 5 1
4817 6 1
4818 5 1
4819 3 0
4820 3 0
4821 1 1
4822 4 0
4823 2 1
4824 6 1
4825 5 0
4826 4 1
4827 1 1
4828 5 1
4829 1 1
4830 0 1
4831 6 1
4832 4 1
4833 2 1
4834 4 1
4835 1 1
4836 1 0
4837 1 0
4838 5 1
4839 5 0
4840 0 1
4841 3 1
4842 5 1
4843 0 1
4844 2 0
4845 4 0
4846 1 0
4847 2 1
4848 6 1
4849 5 1
4850 5 1
4851 1 1
4852 6 1
4853 4 0
4854 1 1
4855 0 0
4856 1 0
4857 2 1
4858 6 1
4859 1 1
4860 1 0
4861 5 1
4862 6 1
4863 5 0
4864 2 1
4865 5 1
4866 0 0
4867 0 1
4868 0 0
4869 2 1
4870 3 1
4871 6 0
4872 2 1
4873 2 1
4874 2 0
4875 6 0
4876 4 1
4877 2 1
4878 5 0
4879 5 0
4880 2 0
4881 2 1
4882 0 1
4883 1 0
4884 3 1
4885 5 0
4886 2 1
4887 1 1
4888 2 1
4889 3 1
4890 5 1
4891 5 1
4892 6 0
4893 2 0
4894 6 1
4895 3 1
4896 6 1
4897 5 1
4898 2 1
4899 5 1
4900 5 1
4901 3 0
4902 1 0
4903 2 1
4904 6 1
4905 0 1
4906 0 1
4907 2 1
4908 3 1
4909 6 1
4910 0 1
4911 5 0
4912 2 1
4913 4 0
4914 5 1
4915 3 0
4916 6 0
4917 0 1
4918 0 0
4919 2 1
4920 6 1
4921 6 1
4922 5 1
4923 1 0
4924 4 0
4925 3 1
4926 0 1
4927 0 1
4928 5 0
4929 5 1
4930 4 0
4931 2 1
4932 3 0
4933 1 1
4934 5 0
4935 5 1
4936 4 1
4937 5 1
4938 6 0
4939 1 1
4940 3 0
4941 1 1
4942 1 0
4943 2 0
4944 3 1
4945 5 0
4946 6 1
4947 6 0
4948 3 0
4949 0 0
4950 3 1
4951 6 1
4952 3 1
4953 4 1
4954 2 1
4955 1 1
4956 5 1
4957 0 1
4958 2 1
4959 1 1
4960 0 1
4961 4 1
4962 0 1
4963 2 0
4964 2 0
4965 0 1
4966 1 1
4967 0 1
4968 2 1
4969 4 1
4970 3 1
4971 2 1
4972 3 1
4973 6 0
4974 0 1
4975 2 1
4976 5 0
4977 2 1
4978 5 1
4979 6 1
4980 5 1
4981 0 1
4982 1 1
4983 1 0
4984 5 1
4985 0 1
4986 6 1
4987 5 0
4988 1 1
4989 6 1
4990 1 1
4991 0 0
4992 5 1
4993 2 1
4994 6 1
4995 1 1
4996 1 1
4997 2 0
4998 2 1
4999 4 1
5000 0 1
5001 4 1
5002 3 1
5003 0 0
5004 3 1
5005 5 0
5006 6 1
5007 1 1
5008 6 1
5009 5 0
5010 0 1
5011 6 1
5012 5 0
5013 1 0
5014 2 1
5015 3 1
5016 1 0
5017 5 1
5018 4 1
5019 5 1
5020 3 0
5021 0 1
5022 0 0
5023 4 1
5024 0 1
5025 6 0
5026 4 1
5027 6 1
5028 6 1
5029 6 1
5030 2 0
5031 0 0
5032 4 0
5033 3 1
5034 1 0
5035 6 1
5036 3 1
5037 4 1
5038 5 0
5039 6 1
5040 6 1
5041 1 1
5042 1 1
5043 3 1
5044 3 0
5045 6 1
5046 3 1
5047 4 1
5048 4 1
5049 6 1
5050 1 1
5051 0 1
5052 2 1
5053 4 1
5054 1 1
5055 1 0
5056 4 0
5057 3 1
5058 0 1
5059 3 1
5060 0 0
5061 5 1
5062 0 0
5063 6 1
5064 1 1
5065 6 1
5066 6 0
5067 1 1
5068 6 0
5069 4 1
5070 4 0
5071 0 1
5072 5 1
5073 2 0
5074 1 1
5075 6 1
5076 5 1
5077 0 1
5078 5 1
5079 6 1
5080 2 1
5081 5 1
5082 3 0
5083 0 1
5084 0 1
5085 1 1
5086 2 1
5087 1 1
5088 1 0
5089 3 1
5090 6 0
5091 6 0
5092 3 1
5093 1 1
5094 3 0
5095 3 1
5096 3 1
5097 4 1
5098 3 1
5099 0 1
5100 1 1
5101 5 1
5102 5 0
5103 6 1
5104 2 1
5105 4 0
5106 0 1
5107 2 0
5108 0 0
5109 2 0
5110 6 0
5111 6 1
5112 3 1
5113 0 1
5114 5 0
5115 1 1
5116 2 1
5117 3 0
5118 6 0
5119 5 1
5120 0 0
5121 6 1
5122 4 1
5123 0 1
5124 0 1
5125 4 0
5126 5 1
5127 0 0
5128 3 1
5129 6 1
5130 3 0
5131 6 1
5132 6 1
5133 3 1
5134 3 1
5135 3 0
5136 2 1
5137 0 0
5138 0 1
5139 6 0
5140 2 0
5141 5 0
5142 3 1
5143 4 1
5144 3 1
5145 5 1
5146 1 1
5147 2 1
5148 5 0
5149 3 1
5150 5 0
5151 2 1
5152 4 0
5153 4 1
5154 2 1
5155 3 1
5156 3 1
5157 2 1
5158 0 1
5159 1 1
5160 6 1
5161 1 0
5162 2 0
5163 5 1
5164 6 0
5165 6 0
5166 5 1
5167 3 0
5168 1 1
5169 4 1
5170 0 1
5171 5 0
5172 3 1
5173 4 1
5174 2 1
5175 5 1
5176 4 1
5177 0 1
5178 0 1
5179 5 1
5180 6 1
5181 1 1
5182 2 1
5183 2 1
5184 1 1
5185 4 1
5186 0 1
5187 6 1
5188 0 0
5189 3 1
5190 1 0
5191 3 0
5192 6 1
5193 5 1
5194 0 1
5195 3 0
5196 4 1
5197 6 1
5198 5 1
5199 6 0
5200 6 1
5201 4 1
5202 6 1
5203 6 0
5204 5 1
5205 5 1
5206 1 1
5207 5 1
5208 1 1
5209 3 1
5210 5 0
5211 6 1
5212 1 0
5213 5 1
5214 3 1
5215 2 1
5216 0 1
5217 6 1
5218 5 1
5219 0 1
5220 0 1
5221 4 1
5222 5 0
5223 6 1
5224 5 1
5225 5 1
5226 0 0
5227 2 1
5228 4 1
5229 2 1
5230 2 0
5231 2 1
5232 6 0
5233 3 0
5234 0 1
5235 6 1
5236 6 1
5237 5 1
5238 5 1
5239 6 1
5240 5 0
5241 2 1
5242 3 1
5243 1 1
5244 0 0
5245 0 1
5246 5 0
5247 6 1
5248 2 1
5249 1 1
5250 3 0
5251 3 1
5252 1 1
5253 3 0
5254 2 1
5255 3 1
5256 3 0
5257 2 1
5258 6 0
5259 0 1
5260 6 1
5261 3 1
5262 6 1
5263 6 1
5264 4 0
5265 6 1
5266 2 1
5267 0 1
5268 3 0
5269 3 0
5270 4 1
5271 4 1
5272 3 1
5273 5 1
5274 0 0
5275 2 1
5276 3 1
5277 6 1
5278 0 0
5279 0 1
5280 1 1
5281 0 1
5282 0 1
5283 5 1
5284 0 1
5285 0 1
5286 6 1
5287 1 1
5288 4 0
5289 5 1
5290 6 1
5291 6 0
5292 6 0
5293 1 1
5294 6 1
5295 5 0
5296 0 0
5297 2 1
5298 3 1
5299 0 1
5300 6 0
5301 2 0
5302 0 1
5303 4 0
5304 5 1
5305 6 1
5306 3 1
5307 3 1
5308 6 0
5309 4 1
5310 5 1
5311 4 1
5312 6 1
5313 3 1
5314 3 1
5315 2 1
5316 2 0
5317 4 1
5318 3 0
5319 3 0
5320 3 1
5321 2 0
5322 4 1
5323 4 1
5324 3 0
5325 5 0
5326 3 0
5327 4 0
5328 4 1
5329 3 1
5330 6 1
5331 6 1
5332 5 1
5333 0 1
5334 4 0
5335 1 0
5336 1 1
5337 4 1
5338 2 1
5339 5 0
5340 0 1
5341 4 1
5342 1 1
5343 4 1
5344 4 1
5345 4 1
5346 2 0
5347 1 1
5348 5 1
5349 0 1
5350 0 0
5351 0 0
5352 3 1
5353 3 1
5354 1 1
5355 2 1
5356 0 0
5357 2 1
5358 3 0
5359 4 0
5360 4 1
5361 0 0
5362 2 1
5363 3 1
5364 3 1
5365 6 1
5366 3 1
5367 0 1
5368 4 1
5369 3 0
5370 0 1
5371 6 1
5372 1 1
5373 6 1
5374 0 1
5375 1 1
5376 2 1
5377 6 1
5378 3 1
5379 2 1
5380 5 1
5381 0 0
5382 2 0
5383 1 1
5384 0 0
5385 3 1
5386 5 1
5387 4 1
5388 3 1
5389 0 0
5390 3 0
5391 5 1
5392 3 1
5393 0 1
5394 5 1
5395 3 0
5396 1 1
5397 5 1
5398 6 0
5399 1 1
5400 4 1
5401 3 1
5402 6 1
5403 0 0
5404 6 0
5405 1 0
5406 4 0
5407 4 1
5408 6 0
5409 6 1
5410 4 1
5411 6 1
5412 3 1
5413 2 1
5414 4 1
5415 0 1
5416 5 0
5417 4 1
5418 1 1
5419 2 1
5420 0 1
5421 6 1
5422 5 1
5423 4 1
5424 3 1
5425 0 1
5426 3 0
5427 1 0
5428 0 1
5429 4 1
5430 5 1
5431 6 1
5432 5 0
5433 5 0
5434 3 1
5435 3 1
5436 6 1
5437 0 0
5438 2 1
5439 0 1
5440 5 1
5441 3 1
5442 3 1
5443 1 1
5444 4 1
5445 2 1
5446 6 0
5447 2 1
5448 1 1
5449 0 1
5450 4 1
5451 1 1
5452 4 1
5453 6 1
5454 4 1
5455 1 1
5456 4 0
5457 5 1
5458 5 0
5459 5 1
5460 3 1
5461 0 1
5462 4 1
5463 6 1
5464 1 1
5465 1 1
5466 1 1
5467 6 1
5468 6 1
5469 0 1
5470 4 0
5471 2 1
5472 2 0
5473 1 0
5474 4 0
5475 0 1
5476 2 0
5477 2 0
5478 1 1
5479 3 1
5480 3 1
5481 5 1
5482 4 1
5483 5 1
5484 6 1
5485 5 1
5486 3 1
5487 1 1
5488 5 1
5489 1 0
5490 4 1
5491 1 1
5492 5 1
5493 4 1
5494 0 1
5495 6 1
5496 2 1
5497 4 1
5498 4 1
5499 0 1
5500 5 1
5501 5 1
5502 1 1
5503 1 1
5504 5 1
5505 5 1
5506 2 1
5507 0 1
5508 1 0
5509 6 1
5510 5 1
5511 1 1
5512 5 1
5513 2 1
5514 0 0
5515 2 0
5516 4 1
5517 2 0
5518 4 1
5519 6 1
5520 6 0
5521 3 1
5522 1 1
5523 4 0
5524 3 1
5525 0 0
5526 4 1
5527 4 0
5528 0 1
5529 0 1
5530 4 0
5531 3 1
5532 0 0
5533 3 1
5534 0 1
5535 5 1
5536 4 1
5537 1 1
5538 0 1
5539 6 1
5540 6 0
5541 0 1
5542 0 1
5543 3 1
5544 1 0
5545 6 1
5546 4 1
5547 5 0
5548 5 1
5549 1 1
5550 6 1
5551 6 1
5552 4 1
5553 2 0
5554 6 1
5555 2 1
5556 5 1
5557 0 0
5558 3 1
5559 4 0
5560 5 1
5561 6 1
5562 3 0
5563 6 1
5564 2 1
5565 2 0
5566 4 0
5567 3 0
5568 0 1
5569 2 1
5570 2 1
5571 2 1
5572 2 1
5573 2 0
5574 2 1
5575 6 1
5576 6 1
5577 6 1
5578 6 0
5579 6 1
5580 3 0
5581 0 0
5582 6 0
5583 5 0
5584 3 1
5585 3 0
5586 0 1
5587 4 1
5588 4 1
5589 4 1
5590 3 1
5591 1 1
5592 5 0
5593 1 1
5594 2 1
5595 2 1
5596 4 1
5597 4 0
5598 2 1
5599 3 1
5600 1 1
5601 1 1
5602 1 1
5603 3 1
5604 0 1
5605 6 0
5606 2 1
5607 3 0
5608 6 0
5609 2 1
5610 6 0
5611 4 1
5612 5 1
5613 0 1
5614 5 1
5615 1 0
5616 5 1
5617 6 0
5618 4 1
5619 2 0
5620 1 1
5621 5 0
5622 0 1
5623 3 1
5624 1 1
5625 5 1
5626 1 1
5627 2 1
5628 4 1
5629 3 0
5630 1 0
5631 3 1
5632 6 1
5633 3 0
5634 1 0
5635 4 1
5636 2 1
5637 3 1
5638 1 1
5639 6 1
5640 0 0
5641 0 1
5642 5 1
5643 0 1
5644 3 0
5645 6 0
5646 4 1
5647 0 1
5648 2 0
5649 3 0
5650 2 1
5651 3 0
5652 1 1
5653 3 1
5654 6 1
5655 1 1
5656 3 0
5657 0 0
5658 2 0
5659 2 1
5660 6 1
5661 5 0
5662 1 1
5663 5 1
5664 3 1
5665 5 1
5666 0 1
5667 2 1
5668 4 1
5669 1 1
5670 6 0
5671 1 1
5672 2 1
5673 2 0
5674 4 1
5675 0 1
5676 3 1
5677 6 1
5678 3 1
5679 6 1
5680 2 1
5681 3 1
5682 1 1
5683 6 1
5684 0 1
5685 5 0
5686 1 1
5687 0 1
5688 4 1
5689 6 1
5690 5 0
5691 5 0
5692 4 0
5693 2 1
5694 0 1
5695 2 1
5696 1 1
5697 2 1
5698 0 0
5699 2 1
5700 6 0
5701 5 0
5702 5 1
5703 1 1
5704 4 1
5705 1 1
5706 3 1
5707 1 0
5708 2 0
5709 3 0
5710 6 0
5711 0 1
5712 3 0
5713 6 0
5714 6 0
5715 2 1
5716 2 1
5717 1 1
5718 1 1
5719 5 0
5720 5 1
5721 0 0
5722 5 1
5723 0 1
5724 0 0
5725 6 1
5726 3 1
5727 5 1
5728 5 1
5729 5 1
5730 6 1
5731 6 1
5732 1 0
5733 3 0
5734 0 1
5735 0 1
5736 0 1
5737 6 0
5738 4 1
5739 3 1
5740 1 1
5741 2 1
5742 0 1
5743 6 1
5744 2 1
5745 0 1
5746 6 0
5747 5 0
5748 0 0
5749 2 0
5750 1 1
5751 3 1
5752 0 0
5753 6 1
5754 6 1
5755 6 1
5756 3 1
5757 1 0
5758 6 1
5759 6 1
5760 0 0
5761 5 0
5762 5 1
5763 5 1
5764 4 1
5765 2 0
5766 0 1
5767 5 1
5768 5 0
5769 2 1
5770 4 1
5771 2 1
5772 1 0
5773 2 0
5774 5 1
5775 6 0
5776 6 1
5777 3 1
5778 5 1
5779 1 1
5780 5 0
5781 4 0
5782 0 1
5783 4 0
5784 4 1
5785 1 1
5786 6 0
5787 1 0
5788 3 0
5789 0 0
5790 3 0
5791 5 1
5792 6 0
5793 3 1
5794 5 1
5795 2 1
5796 3 0
5797 5 0
5798 1 0
5799 0 1
5800 6 1
5801 4 1
5802 1 1
5803 5 1
5804 0 1
5805 3 1
5806 2 0
5807 6 0
5808 0 0
5809 3 0
5810 2 1
5811 5 1
5812 3 1
5813 5 1
5814 3 1
5815 5 1
5816 5 0
5817 5 1
5818 6 1
5819 1 1
5820 1 1
5821 5 1
5822 4 0
5823 2 1
5824 3 1
5825 6 1
5826 1 1
5827 0 1
5828 6 1
5829 5 1
5830 2 0
5831 2 1
5832 6 1
5833 2 0
5834 3 1
5835 0 0
5836 4 1
5837 3 1
5838 6 0
5839 3 1
5840 6 0
5841 3 0
5842 4 1
5843 1 1
5844 6 0
5845 0 0
5846 2 1
5847 3 1
5848 0 1
5849 3 1
5850 5 0
5851 3 1
5852 0 0
5853 1 1
5854 0 1
5855 6 1
5856 1 1
5857 3 0
5858 2 1
5859 5 1
5860 2 1
5861 6 1
5862 6 1
5863 2 1
5864 5 1
5865 6 1
5866 1 0
5867 1 1
5868 5 0
5869 5 1
5870 3 1
5871 1 1
5872 3 1
5873 1 1
5874 4 1
5875 3 1
5876 0 1
5877 0 1
5878 2 1
5879 2 1
5880 0 0
5881 2 0
5882 1 0
5883 1 0
5884 2 1
5885 3 1
5886 0 1
5887 0 1
5888 6 0
5889 5 1
5890 1 1
5891 6 1
5892 1 1
5893 6 0
5894 2 0
5895 6 1
5896 0 0
5897 1 0
5898 1 0
5899 6 0
5900 5 1
5901 1 0
5902 2 1
5903 0 1
5904 4 1
5905 3 1
5906 2 1
5907 0 1
5908 0 0
5909 2 1
5910 4 1
5911 2 1
5912 1 1
5913 3 1
5914 3 1
5915 5 0
5916 1 1
5917 6 1
5918 4 1
5919 3 1
5920 3 0
5921 6 1
5922 4 1
5923 0 1
5924 1 1
5925 6 0
5926 2 1
5927 6 1
5928 2 1
5929 4 1
5930 1 1
5931 5 1
5932 0 1
5933 3 1
5934 2 1
5935 1 1
5936 6 1
5937 1 1
5938 4 1
5939 5 1
5940 0 1
5941 6 1
5942 3 1
5943 4 1
5944 6 1
5945 6 1
5946 3 0
5947 0 1
5948 5 1
5949 4 1
5950 6 0
5951 3 1
5952 4 1
5953 6 1
5954 2 1
5955 2 1
5956 6 1
5957 3 1
5958 6 0
5959 3 1
5960 0 1
5961 4 0
5962 3 0
5963 3 1
5964 4 0
5965 0 0
5966 5 1
5967 6 1
5968 5 0
5969 5 1
5970 2 0
5971 1 0
5972 1 1
5973 6 1
5974 0 0
5975 5 0
5976 0 1
5977 0 0
5978 3 1
5979 2 1
5980 3 0
5981 2 0
5982 0 0
5983 6 0
5984 4 1
5985 6 1
5986 5 1
5987 3 1
5988 0 1
5989 4 1
5990 2 0
5991 6 0
5992 1 0
5993 1 0
5994 1 1
5995 3 0
5996 1 1
5997 3 1
5998 3 0
5999 5 1
6000 4 0
6001 5 1
6002 0 0
6003 5 0
6004 2 0
6005 6 1
6006 2 1
6007 3 1
6008 3 0
6009 4 1
6010 3 1
6011 1 1
6012 1 1
6013 3 1
6014 4 1
6015 3 0
6016 2 0
6017 2 1
6018 5 1
6019 1 0
6020 2 0
6021 1 0
6022 5 1
6023 3 1
6024 5 0
6025 5 1
6026 3 0
6027 2 1
6028 3 1
6029 5 1
6030 5 1
6031 6 1
6032 5 0
6033 0 1
6034 1 1
6035 0 0
6036 6 0
6037 3 0
6038 4 1
6039 3 1
6040 5 1
6041 1 1
6042 5 1
6043 2 1
6044 0 1
6045 4 1
6046 3 1
6047 3 1
6048 3 1
6049 2 1
6050 1 1
6051 3 1
6052 4 0
6053 2 1
6054 6 0
6055 1 1
6056 4 1
6057 6 1
6058 4 0
6059 6 1
6060 6 1
6061 1 0
6062 2 1
6063 2 1
6064 3 1
6065 6 1
6066 5 1
6067 3 1
6068 2 1
6069 1 1
6070 1 1
6071 1 0
6072 2 1
6073 3 0
6074 1 1
6075 1 0
6076 6 1
6077 0 1
6078 3 1
6079 6 0
6080 3 1
6081 2 1
6082 1 0
6083 3 1
6084 0 1
6085 1 1
6086 2 0
6087 3 0
6088 0 1
6089 1 1
6090 5 1
6091 4 1
6092 2 1
6093 4 1
6094 3 1
6095 1 1
6096 0 0
6097 1 0
6098 3 1
6099 1 1
6100 3 1
6101 2 1
6102 4 1
6103 0 1
6104 3 1
6105 1 0
6106 1 1
6107 3 1
6108 5 1
6109 0 1
6110 2 1
6111 0 0
6112 1 0
6113 0 0
6114 2 1
6115 5 0
6116 2 1
6117 3 0
6118 4 1
6119 6 1
6120 2 1
6121 4 0
6122 3 1
6123 6 1
6124 5 1
6125 2 1
6126 5 1
6127 6 1
6128 1 1
6129 2 1
6130 5 1
6131 1 1
6132 6 0
6133 3 1
6134 5 1
6135 0 1
6136 1 0
6137 3 1
6138 4 1
6139 5 0
6140 5 0
6141 5 0
6142 2 0
6143 4 1
6144 6 1
6145 5 1
6146 2 1
6147 4 1
6148 1 1
6149 4 1
6150 1 1
6151 4 1
6152 0 1
6153 6 1
6154 6 1
6155 2 1
6156 2 1
6157 4 0
6158 1 1
6159 3 0
6160 5 0
6161 4 1
6162 6 1
6163 0 0
6164 4 1
6165 1 1
6166 5 1
6167 0 1
6168 4 1
6169 1 1
6170 6 0
6171 4 0
6172 2 1
6173 1 1
6174 5 1
6175 3 1
6176 4 0
6177 6 0
6178 6 1
6179 6 0
6180 0 1
6181 0 0
6182 6 1
6183 2 0
6184 2 1
6185 3 0
6186 2 0
6187 0 1
6188 4 1
6189 5 1
6190 4 1
6191 3 0
6192 1 1
6193 1 1
6194 1 1
6195 1 0
6196 6 0
6197 5 1
6198 0 1
6199 5 1
6200 6 1
6201 4 0
6202 5 1
6203 2 1
6204 2 1
6205 5 1
6206 6 1
6207 2 1
6208 3 1
6209 3 1
6210 2 1
6211 3 1
6212 5 0
6213 4 1
6214 4 1
6215 6 0
6216 1 0
6217 1 1
6218 5 1
6219 2 0
6220 0 1
6221 1 1
6222 6 1
6223 3 1
6224 4 1
6225 6 1
6226 0 1
6227 5 0
6228 0 1
6229 0 0
6230 2 1
6231 4 1
6232 1 1
6233 2 1
6234 2 1
6235 3 1
6236 2 1
6237 5 1
6238 0 0
6239 1 1
6240 3 1
6241 2 1
6242 5 1
6243 3 1
6244 6 1
6245 6 1
6246 3 0
6247 4 1
6248 6 1
6249 0 1
6250 1 0
6251 2 1
6252 5 0
6253 0 1
6254 4 1
6255 5 0
6256 6 1
6257 5 1
6258 4 1
6259 6 1
6260 5 1
6261 5 1
6262 6 1
6263 2 0
6264 5 1
6265 2 1
6266 3 1
6267 5 1
6268 2 1
6269 2 1
6270 2 1
6271 3 1
6272 4 1
6273 2 0
6274 1 0
6275 4 0
6276 4 0
6277 4 0
6278 1 1
6279 6 1
6280 6 1
6281 2 0
6282 4 0
6283 6 1
6284 0 1
6285 2 1
6286 5 1
6287 2 1
6288 2 1
6289 3 1
6290 3 1
6291 2 1
6292 4 1
6293 1 1
6294 4 1
6295 0 1
6296 6 0
6297 0 0
6298 4 0
6299 6 1
6300 4 1
6301 6 1
6302 0 1
6303 2 0
6304 3 1
6305 4 1
6306 6 1
6307 2 1
6308 4 1
6309 6 1
6310 6 0
6311 0 1
6312 5 1
6313 5 0
6314 5 1
6315 4 1
6316 6 1
6317 2 1
6318 3 1
6319 0 1
6320 3 0
6321 4 1
6322 0 1
6323 4 1
6324 6 1
6325 3 1
6326 6 1
6327 3 1
6328 2 1
6329 5 1
6330 2 0
6331 0 1
6332 5 1
6333 4 0
6334 0 0
6335 6 1
6336 4 1
6337 5 1
6338 0 1
6339 1 1
6340 4 1
6341 3 1
6342 6 1
6343 6 1
6344 4 0
6345 6 1
6346 4 1
6347 3 1
6348 4 1
6349 1 0
6350 2 1
6351 0 1
6352 1 1
6353 2 1
6354 4 1
6355 3 1
6356 6 0
6357 2 1
6358 2 1
6359 4 0
6360 3 1
6361 1 1
6362 0 0
6363 0 1
6364 3 1
6365 1 0
6366 0 1
6367 2 1
6368 3 1
6369 3 1
6370 4 0
6371 6 1
6372 3 1
6373 5 1
6374 6 1
6375 1 0
6376 2 0
6377 5 1
6378 0 0
6379 5 1
6380 0 1
6381 6 1
6382 2 1
6383 3 1
6384 1 1
6385 3 1
6386 4 1
6387 6 0
6388 0 1
6389 2 1
6390 1 1
6391 5 0
6392 3 1
6393 3 0
6394 0 1
6395 4 0
6396 4 1
6397 3 0
6398 5 1
6399 1 1
6400 4 1
6401 1 1
6402 3 1
6403 3 1
6404 1 0
6405 6 1
6406 4 1
6407 4 1
6408 3 0
6409 2 0
6410 0 0
6411 6 1
6412 3 1
6413 0 0
6414 5 0
6415 6 1
6416 5 0
6417 0 1
6418 4 0
6419 3 0
6420 4 1
6421 5 0
6422 2 1
6423 4 0
6424 1 1
6425 5 0
6426 2 1
6427 2 1
6428 3 1
6429 0 0
6430 2 1
6431 2 1
6432 3 0
6433 0 0
6434 1 0
6435 3 1
6436 3 1
6437 2 0
6438 2 1
6439 4 0
6440 5 1
6441 1 0
6442 3 1
6443 4 0
6444 2 1
6445 6 1
6446 0 1
6447 3 1
6448 0 1
6449 3 1
6450 4 1
6451 3 1
6452 6 1
6453 6 1
6454 2 1
6455 6 1
6456 2 0
6457 5 1
6458 0 1
6459 4 0
6460 4 0
6461 3 1
6462 4 1
6463 6 1
6464 5 1
6465 4 0
6466 5 1
6467 5 0
6468 5 1
6469 6 1
6470 5 1
6471 5 1
6472 3 0
6473 3 0
6474 0 0
6475 2 0
6476 3 1
6477 0 1
6478 2 0
6479 2 1
6480 4 0
6481 0 0
6482 6 1
6483 2 1
6484 0 1
6485 0 1
6486 6 1
6487 2 1
6488 2 1
6489 3 1
6490 2 1
6491 5 1
6492 1 1
6493 3 1
6494 0 0
6495 6 1
6496 4 1
6497 5 1
6498 2 0
6499 3 0
6500 3 0
6501 2 0
6502 4 1
6503 4 1
6504 5 1
6505 0 1
6506 4 0
6507 6 1
6508 0 1
6509 5 0
6510 5 0
6511 6 1
6512 2 0
6513 1 1
6514 3 1
6515 3 1
6516 3 1
6517 6 1
6518 5 1
6519 2 1
6520 0 1
6521 4 0
6522 0 1
6523 5 1
6524 1 1
6525 6 1
6526 6 1
6527 4 1
6528 6 0
6529 3 1
6530 5 1
6531 2 1
6532 0 1
6533 2 1
6534 1 1
6535 0 1
6536 5 0
6537 5 1
6538 4 1
6539 2 1
6540 5 1
6541 0 1
6542 3 1
6543 3 1
6544 0 1
6545 4 1
6546 2 1
6547 2 1
6548 4 1
6549 6 1
6550 0 1
6551 6 1
6552 1 1
6553 5 1
6554 3 1
6555 0 0
6556 4 1
6557 3 0
6558 3 0
6559 0 1
6560 2 1
6561 0 1
6562 0 1
6563 4 0
6564 5 1
6565 0 1
6566 2 1
6567 0 1
6568 6 1
6569 6 1
6570 3 0
6571 0 1
6572 5 0
6573 6 1
6574 6 1
6575 4 1
6576 2 0
6577 3 1
6578 5 1
6579 5 0
6580 4 1
6581 5 1
6582 1 1
6583 0 1
6584 1 1
6585 0 1
6586 3 1
6587 1 1
6588 0 1
6589 2 0
6590 6 1
6591 4 1
6592 1 0
6593 3 0
6594 2 0
6595 0 1
6596 3 1
6597 4 1
6598 2 1
6599 2 1
6600 1 0
6601 4 0
6602 5 1
6603 5 1
6604 3 1
6605 2 1
6606 4 0
6607 0 1
6608 0 1
6609 3 1
6610 3 0
6611 5 1
6612 0 1
6613 2 0
6614 3 1
6615 1 1
6616 4 1
6617 0 1
6618 6 0
6619 5 1
6620 1 1
6621 3 1
6622 4 1
6623 2 1
6624 5 1
6625 1 1
6626 0 1
6627 3 1
6628 0 0
6629 0 1
6630 1 0
6631 5 0
6632 3 1
6633 5 1
6634 0 1
6635 5 0
6636 6 0
6637 3 0
6638 2 0
6639 2 1
6640 0 0
6641 4 1
6642 1 1
6643 3 0
6644 0 1
6645 0 1
6646 2 1
6647 3 1
6648 1 1
6649 1 1
6650 5 1
6651 4 1
6652 3 1
6653 4 0
6654 2 1
6655 4 1
6656 6 0
6657 5 0
6658 2 0
6659 5 0
6660 2 0
6661 5 1
6662 1 1
6663 6 1
6664 6 0
6665 6 1
6666 2 1
6667 0 1
6668 3 1
6669 2 1
6670 6 1
6671 6 1
6672 5 1
6673 5 1
6674 2 0
6675 6 1
6676 0 1
6677 3 1
6678 4 0
6679 1 1
6680 6 0
6681 5 1
6682 1 1
6683 5 1
6684 3 1
6685 0 0
6686 4 1
6687 0 1
6688 5 1
6689 2 1
6690 1 0
6691 2 0
6692 6 1
6693 1 1
6694 0 0
6695 2 1
6696 0 1
6697 6 1
6698 2 0
6699 3 1
6700 3 1
6701 6 0
6702 6 1
6703 2 1
6704 4 1
6705 2 1
6706 3 1
6707 4 1
6708 6 0
6709 1 1
6710 6 1
6711 4 0
6712 0 1
6713 0 1
6714 6 0
6715 3 0
6716 3 1
6717 2 1
6718 2 1
6719 4 1
6720 4 1
6721 2 1
6722 6 1
6723 4 1
6724 2 1
6725 3 1
6726 5 0
6727 6 0
6728 4 1
6729 3 1
6730 6 1
6731 4 1
6732 2 1
6733 2 1
6734 6 1
6735 1 1
6736 1 0
6737 5 0
6738 5 1
6739 5 1
6740 3 1
6741 5 0
6742 2 0
6743 4 1
6744 1 1
6745 0 0
6746 0 0
6747 1 1
6748 0 0
6749 3 0
6750 4 0
6751 6 1
6752 3 1
6753 4 1
6754 4 0
6755 0 0
6756 2 1
6757 5 1
6758 1 1
6759 6 1
6760 1 1
6761 1 1
6762 0 1
6763 5 0
6764 1 0
6765 1 0
6766 4 1
6767 2 1
6768 1 1
6769 0 1
6770 3 1
6771 4 1
6772 1 1
6773 5 1
6774 4 0
6775 1 1
6776 1 1
6777 1 0
6778 0 1
6779 3 1
6780 5 0
6781 3 1
6782 5 0
6783 6 1
6784 1 1
6785 5 1
6786 0 1
6787 0 0
6788 1 1
6789 5 1
6790 0 1
6791 5 0
6792 0 1
6793 6 1
6794 3 1
6795 6 0
6796 0 1
6797 0 1
6798 6 1
6799 5 1
6800 6 1
6801 0 0
6802 0 1
6803 3 1
6804 1 0
6805 3 1
6806 0 1
6807 5 0
6808 0 1
6809 4 1
6810 1 0
6811 5 0
6812 2 1
6813 6 1
6814 0 1
6815 4 1
6816 4 1
6817 1 1
6818 0 1
6819 3 1
6820 5 0
6821 0 1
6822 0 1
6823 1 1
6824 6 1
6825 4 1
6826 3 0
6827 1 1
6828 6 1
6829 4 0
6830 4 1
6831 2 1
6832 1 1
6833 1 1
6834 0 0
6835 2 1
6836 2 1
6837 6 1
6838 6 1
6839 6 1
6840 0 1
6841 4 1
6842 5 1
6843 0 1
6844 5 1
6845 2 1
6846 0 0
6847 5 1
6848 5 1
6849 1 0
6850 5 1
6851 6 1
6852 2 0
6853 1 1
6854 6 0
6855 3 1
6856 1 0
6857 2 0
6858 4 1
6859 3 0
6860 1 0
6861 6 1
6862 0 1
6863 2 1
6864 5 1
6865 1 0
6866 3 0
6867 6 1
6868 6 1
6869 5 1
6870 5 1
6871 3 0
6872 0 1
6873 5 1
6874 2 1
6875 2 1
6876 1 1
6877 3 1
6878 5 1
6879 2 1
6880 5 1
6881 2 0
6882 4 0
6883 0 0
6884 0 1
6885 2 1
6886 5 1
6887 2 1
6888 0 1
6889 0 1
6890 3 1
6891 5 0
6892 3 1
6893 2 0
6894 3 0
6895 2 1
6896 4 0
6897 3 1
6898 3 0
6899 5 0
6900 5 1
6901 5 1
6902 3 1
6903 0 1
6904 4 0
6905 3 1
6906 0 0
6907 3 0
6908 0 0
6909 0 1
6910 0 1
6911 5 0
6912 2 1
6913 4 1
6914 0 1
6915 3 0
6916 5 1
6917 1 1
6918 6 1
6919 1 0
6920 5 0
6921 2 1
6922 4 1
6923 4 1
6924 6 1
6925 6 1
6926 2 1
6927 0 1
6928 1 1
6929 6 1
6930 4 0
6931 0 1
6932 2 1
6933 1 0
6934 1 1
6935 1 0
6936 5 1
6937 3 1
6938 4 0
6939 1 1
6940 1 1
6941 0 0
6942 0 0
6943 4 0
6944 2 0
6945 0 0
6946 1 1
6947 6 0
6948 0 1
6949 1 1
6950 6 1
6951 6 1
6952 3 1
6953 1 0
6954 5 0
6955 1 1
6956 0 1
6957 6 0
6958 5 0
6959 6 0
6960 0 0
6961 5 1
6962 0 0
6963 3 1
6964 2 1
6965 5 1
6966 5 0
6967 2 1
6968 2 0
6969 5 1
6970 3 1
6971 1 0
6972 5 1
6973 1 0
6974 6 1
6975 4 0
6976 6 1
6977 6 0
6978 4 1
6979 2 0
6980 3 1
6981 5 0
6982 1 0
6983 0 0
6984 1 0
6985 0 1
6986 3 1
6987 0 1
6988 0 0
6989 5 0
6990 6 1
6991 2 0
6992 1 1
6993 2 1
6994 0 1
6995 4 1
6996 2 0
6997 6 0
6998 1 1
6999 5 1
7000 3 1
7001 5 1
7002 3 1
7003 6 1
7004 5 1
7005 5 1
7006 0 1
7007 2 0
7008 5 1
7009 5 1
7010 6 1
7011 4 0
7012 2 0
7013 3 1
7014 1 0
7015 2 1
7016 0 1
7017 5 0
7018 5 1
7019 4 1
7020 4 0
7021 4 1
7022 0 1
7023 4 1
7024 6 1
7025 1 0
7026 2 1
7027 5 1
7028 6 1
7029 3 0
7030 0 1
7031 6 1
7032 3 0
7033 2 1
7034 6 0
7035 0 1
7036 6 0
7037 3 1
7038 2 1
7039 1 0
7040 0 0
7041 5 0
7042 5 0
7043 2 1
7044 2 1
7045 5 1
7046 5 0
7047 1 1
7048 6 0
7049 0 0
7050 6 1
7051 4 0
7052 6 1
7053 1 0
7054 0 1
7055 6 1
7056 4 0
7057 0 1
7058 4 0
7059 0 1
7060 3 0
7061 0 1
7062 1 1
7063 3 1
7064 1 0
7065 4 1
7066 3 0
7067 3 0
7068 2 0
7069 6 1
7070 6 1
7071 0 1
7072 5 1
7073 1 0
7074 0 1
7075 0 0
7076 6 1
7077 4 0
7078 5 1
7079 6 1
7080 0 1
7081 4 0
7082 2 1
7083 3 1
7084 2 1
7085 5 0
7086 5 0
7087 2 1
7088 4 0
7089 3 1
7090 2 1
7091 5 1
7092 3 1
7093 5 1
7094 5 0
7095 6 1
7096 3 1
7097 2 0
7098 5 1
7099 1 1
7100 0 1
7101 6 1
7102 2 1
7103 4 1
7104 2 1
7105 2 1
7106 2 1
7107 2 0
7108 0 1
7109 3 0
7110 2 1
7111 5 0
7112 6 1
7113 1 0
7114 4 1
7115 1 0
7116 6 1
7117 5 0
7118 0 0
7119 5 1
7120 1 0
7121 1 0
7122 6 0
7123 3 1
7124 1 0
7125 6 1
7126 4 0
7127 4 1
7128 2 0
7129 4 1
7130 5 0
7131 2 1
7132 5 1
7133 3 0
7134 1 1
7135 4 0
7136 0 0
7137 0 1
7138 0 0
7139 0 1
7140 0 0
7141 1 1
7142 1 1
7143 3 1
7144 3 0
7145 1 1
7146 5 1
7147 1 1
7148 3 1
7149 6 1
7150 3 1
7151 3 1
7152 6 1
7153 2 1
7154 4 1
7155 6 0
7156 4 1
7157 4 1
7158 3 1
7159 4 1
7160 4 1
7161 3 1
7162 6 1
7163 3 1
7164 6 0
7165 2 1
7166 3 0
7167 4 1
7168 6 1
7169 6 1
7170 4 1
7171 5 1
7172 3 0
7173 4 0
7174 6 1
7175 1 0
7176 4 0
7177 2 1
7178 6 0
7179 1 1
7180 6 1
7181 3 0
7182 5 1
7183 2 1
7184 3 1
7185 6 1
7186 6 1
7187 0 1
7188 1 0
7189 4 1
7190 3 1
7191 6 1
7192 0 0
7193 6 0
7194 5 1
7195 0 1
7196 6 1
7197 3 0
7198 0 1
7199 5 1
7200 0 1
7201 1 1
7202 2 1
7203 4 0
7204 2 1
7205 1 0
7206 4 1
7207 3 1
7208 5 1
7209 6 1
7210 0 0
7211 4 1
7212 1 1
7213 0 0
7214 3 1
7215 1 1
7216 3 1
7217 6 0
7218 0 1
7219 0 1
7220 1 1
7221 1 0
7222 6 1
7223 1 1
7224 5 1
7225 6 1
7226 5 1
7227 1 0
7228 6 1
7229 2 1
7230 3 1
7231 2 0
7232 2 0
7233 4 1
7234 2 0
7235 2 1
7236 2 1
7237 0 0
7238 4 0
7239 4 0
7240 6 0
7241 5 0
7242 2 1
7243 5 1
7244 5 1
7245 1 0
7246 6 0
7247 6 1
7248 4 0
7249 6 1
7250 6 1
7251 0 1
7252 1 1
7253 6 1
7254 4 1
7255 5 1
7256 2 1
7257 3 1
7258 0 1
7259 3 0
7260 6 1
7261 4 1
7262 4 1
7263 5 1
7264 5 1
7265 3 1
7266 5 1
7267 2 1
7268 6 1
7269 3 0
7270 2 1
7271 6 1
7272 1 1
7273 6 1
7274 2 1
7275 2 0
7276 2 0
7277 5 1
7278 2 1
7279 2 1
7280 0 0
7281 3 1
7282 6 1
7283 2 1
7284 4 1
7285 1 1
7286 5 1
7287 3 1
7288 5 1
7289 2 1
7290 2 0
7291 0 1
7292 2 1
7293 5 1
7294 0 1
7295 1 0
7296 5 1
7297 3 1
7298 5 1
7299 0 1
7300 2 1
7301 6 0
7302 6 0
7303 3 1
7304 2 1
7305 3 1
7306 0 1
7307 2 1
7308 6 0
7309 3 0
7310 0 1
7311 3 1
7312 4 1
7313 0 1
7314 2 1
7315 4 0
7316 6 1
7317 1 0
7318 3 1
7319 5 1
7320 2 1
7321 3 1
7322 2 0
7323 1 1
7324 5 0
7325 3 1
7326 5 1
7327 1 1
7328 2 1
7329 5 1
7330 6 1
7331 0 0
7332 2 1
7333 6 0
7334 3 1
7335 0 1
7336 2 1
7337 3 1
7338 1 1
7339 2 1
7340 6 1
7341 2 1
7342 3 1
7343 0 1
7344 2 1
7345 1 1
7346 5 1
7347 2 0
7348 0 1
7349 2 1
7350 1 1
7351 6 0
7352 3 1
7353 6 0
7354 3 1
7355 1 1
7356 3 1
7357 5 0
7358 2 1
7359 2 1
7360 0 1
7361 6 1
7362 4 1
7363 2 0
7364 5 1
7365 5 1
7366 1 1
7367 6 1
7368 3 1
7369 6 1
7370 2 1
7371 0 1
7372 6 1
7373 2 1
7374 1 1
7375 1 1
7376 1 0
7377 3 0
7378 6 1
7379 6 1
7380 6 1
7381 0 1
7382 5 0
7383 3 1
7384 2 1
7385 4 0
7386 6 1
7387 1 1
7388 0 1
7389 1 0
7390 4 0
7391 6 1
7392 1 1
7393 1 1
7394 6 0
7395 3 0
7396 1 1
7397 2 0
7398 0 0
7399 4 1
7400 3 0
7401 2 0
7402 3 0
7403 2 0
7404 3 0
7405 3 1
7406 5 0
7407 4 0
7408 3 1
7409 5 1
7410 4 0
7411 2 1
7412 0 1
7413 3 1
7414 0 1
7415 5 0
7416 0 1
7417 2 0
7418 2 1
7419 3 1
7420 0 1
7421 1 1
7422 5 1
7423 1 1
7424 0 1
7425 0 1
7426 3 1
7427 3 1
7428 5 1
7429 1 1
7430 3 1
7431 6 1
7432 5 1
7433 4 0
7434 4 1
7435 6 0
7436 3 1
7437 6 1
7438 2 0
7439 0 1
7440 3 1
7441 5 1
7442 2 0
7443 3 1
7444 4 1
7445 2 1
7446 0 0
7447 2 0
7448 1 1
7449 1 1
7450 5 1
7451 0 0
7452 4 0
7453 0 1
7454 4 1
7455 0 0
7456 4 0
7457 0 1
7458 3 1
7459 3 1
7460 3 0
7461 6 1
7462 5 1
7463 0 0
7464 6 1
7465 2 0
7466 0 1
7467 3 1
7468 5 1
7469 1 1
7470 1 1
7471 1 0
7472 4 1
7473 3 1
7474 1 0
7475 6 1
7476 3 1
7477 6 1
7478 4 1
7479 5 1
7480 5 0
7481 3 0
7482 0 1
7483 5 1
7484 0 1
7485 4 1
7486 5 0
7487 4 1
7488 5 0
7489 0 1
7490 3 1
7491 2 1
7492 0 1
7493 3 1
7494 5 1
7495 4 1
7496 4 1
7497 5 0
7498 5 1
7499 6 1
7500 6 1
7501 2 1
7502 2 1
7503 2 1
7504 4 1
7505 3 0
7506 5 1
7507 2 1
7508 2 1
7509 2 1
7510 2 1
7511 6 1
7512 5 1
7513 2 1
7514 6 1
7515 4 1
7516 3 1
7517 1 1
7518 3 1
7519 2 1
7520 4 1
7521 4 1
7522 6 0
7523 0 1
7524 1 1
7525 4 0
7526 4 0
7527 6 1
7528 1 0
7529 1 0
7530 0 0
7531 4 1
7532 2 1
7533 6 1
7534 6 1
7535 1 1
7536 3 1
7537 3 1
7538 1 1
7539 0 1
7540 1 0
7541 1 1
7542 1 1
7543 4 1
7544 6 0
7545 6 1
7546 1 1
7547 5 1
7548 6 1
7549 6 1
7550 3 1
7551 1 1
7552 2 1
7553 5 1
7554 5 0
7555 1 1
7556 2 1
7557 2 0
7558 6 1
7559 1 0
7560 5 1
7561 0 1
7562 2 0
7563 1 1
7564 0 1
7565 5 0
7566 0 0
7567 6 1
7568 3 0
7569 2 1
7570 0 0
7571 5 0
7572 0 0
7573 2 0
7574 1 1
7575 2 0
7576 0 1
7577 4 0
7578 5 0
7579 6 1
7580 5 1
7581 6 1
7582 2 1
7583 3 1
7584 0 1
7585 3 1
7586 5 0
7587 1 1
7588 3 1
7589 1 0
7590 3 1
7591 1 0
7592 1 0
7593 1 1
7594 3 1
7595 0 1
7596 3 1
7597 2 0
7598 1 1
7599 1 1
7600 0 1
7601 0 1
7602 6 1
7603 6 1
7604 1 0
7605 2 0
7606 2 1
7607 1 1
7608 6 1
7609 6 1
7610 0 0
7611 6 1
7612 3 1
7613 4 1
7614 2 1
7615 6 1
7616 0 1
7617 5 1
7618 4 1
7619 5 1
7620 4 1
7621 3 0
7622 1 1
7623 4 1
7624 4 0
7625 5 1
7626 0 1
7627 3 1
7628 1 1
7629 0 0
7630 5 1
7631 6 1
7632 3 1
7633 1 1
7634 5 1
7635 0 0
7636 6 1
7637 5 1
7638 1 0
7639 5 1
7640 4 1
7641 6 1
7642 5 1
7643 0 1
7644 2 1
7645 0 1
7646 4 1
7647 2 1
7648 0 1
7649 3 1
7650 1 1
7651 6 1
7652 5 0
7653 5 1
7654 6 1
7655 2 1
7656 4 1
7657 6 0
7658 2 0
7659 6 1
7660 4 1
7661 1 1
7662 2 0
7663 6 0
7664 5 1
7665 1 0
7666 2 1
7667 5 1
7668 2 0
7669 4 1
7670 0 1
7671 1 1
7672 4 1
7673 3 0
7674 6 1
7675 1 0
7676 5 1
7677 2 0
7678 2 0
7679 3 1
7680 6 1
7681 2 1
7682 0 1
7683 4 0
7684 2 0
7685 0 1
7686 4 1
7687 4 0
7688 0 1
7689 4 1
7690 6 1
7691 5 1
7692 4 1
7693 5 1
7694 4 1
7695 2 0
7696 2 1
7697 6 1
7698 1 1
7699 1 1
7700 3 1
7701 5 0
7702 1 1
7703 5 0
7704 6 1
7705 2 1
7706 4 1
7707 0 1
7708 4 0
7709 3 1
7710 4 0
7711 1 1
7712 5 1
7713 0 0
7714 3 1
7715 2 1
7716 1 1
7717 5 1
7718 6 1
7719 0 0
7720 3 1
7721 6 1
7722 0 1
7723 6 1
7724 1 1
7725 4 1
7726 5 1
7727 3 1
7728 4 1
7729 3 1
7730 3 0
7731 5 1
7732 2 1
7733 5 0
7734 2 1
7735 0 1
7736 5 1
7737 2 1
7738 2 1
7739 6 1
7740 2 1
7741 2 0
7742 3 1
7743 0 1
7744 6 0
7745 6 1
7746 6 1
7747 6 1
7748 3 0
7749 6 1
7750 6 1
7751 6 1
7752 4 1
7753 6 0
7754 1 1
7755 0 1
7756 5 0
7757 4 0
7758 3 0
7759 0 1
7760 0 1
7761 4 1
7762 6 1
7763 3 0
7764 3 0
7765 3 1
7766 0 1
7767 5 1
7768 4 1
7769 1 1
7770 1 1
7771 4 0
7772 2 1
7773 4 0
7774 4 1
7775 6 1
7776 6 1
7777 6 0
7778 2 1
7779 3 0
7780 1 1
7781 6 1
7782 2 0
7783 3 1
7784 0 1
7785 0 1
7786 4 0
7787 4 1
7788 3 1
7789 0 1
7790 4 0
7791 1 0
7792 6 1
7793 5 0
7794 0 1
7795 6 0
7796 6 0
7797 1 1
7798 3 1
7799 3 1
7800 0 1
7801 2 1
7802 5 1
7803 6 1
7804 5 0
7805 1 1
7806 4 0
7807 2 1
7808 1 1
7809 4 1
7810 6 1
7811 1 1
7812 1 1
7813 5 1
7814 4 1
7815 3 1
7816 3 1
7817 4 1
7818 4 1
7819 6 1
7820 1 0
7821 0 1
7822 6 1
7823 5 1
7824 2 1
7825 5 1
7826 3 0
7827 4 1
7828 6 1
7829 5 0
7830 0 0
7831 4 1
7832 6 0
7833 0 0
7834 3 0
7835 1 1
7836 3 1
7837 5 0
7838 2 0
7839 6 1
7840 2 1
7841 3 1
7842 1 1
7843 2 1
7844 6 1
7845 6 1
7846 0 1
7847 0 0
7848 3 1
7849 0 1
7850 4 1
7851 6 1
7852 1 1
7853 6 1
7854 4 1
7855 6 1
7856 0 0
7857 6 1
7858 6 0
7859 4 1
7860 4 1
7861 3 1
7862 3 1
7863 2 1
7864 1 1
7865 3 0
7866 0 1
7867 6 0
7868 4 1
7869 3 1
7870 6 1
7871 0 1
7872 2 1
7873 5 1
7874 3 1
7875 6 0
7876 2 0
7877 1 1
7878 4 1
7879 2 1
7880 1 1
7881 4 1
7882 3 0
7883 6 1
7884 0 1
7885 0 1
7886 2 1
7887 2 1
7888 4 1
7889 2 1
7890 6 1
7891 4 0
7892 2 0
7893 6 1
7894 0 1
7895 1 0
7896 4 0
7897 1 1
7898 2 0
7899 6 0
7900 0 0
7901 6 1
7902 3 0
7903 0 1
7904 5 1
7905 2 0
7906 0 1
7907 4 1
7908 2 1
7909 0 1
7910 3 1
7911 2 0
7912 6 1
7913 6 0
7914 6 0
7915 6 1
7916 6 1
7917 2 1
7918 2 0
7919 5 1
7920 4 0
7921 4 1
7922 4 1
7923 5 0
7924 3 0
7925 1 1
7926 4 0
7927 6 0
7928 1 1
7929 1 1
7930 0 0
7931 3 0
7932 3 1
7933 4 1
7934 1 1
7935 5 0
7936 6 1
7937 1 1
7938 3 0
7939 1 1
7940 2 0
7941 5 0
7942 0 1
7943 0 1
7944 0 0
7945 1 0
7946 0 1
7947 2 1
7948 1 1
7949 1 1
7950 5 1
7951 6 1
7952 1 1
7953 5 1
7954 0 1
7955 2 1
7956 3 1
7957 6 0
7958 2 1
7959 4 1
7960 4 0
7961 6 1
7962 6 1
7963 0 0
7964 4 0
7965 3 0
7966 0 0
7967 4 0
7968 3 1
7969 1 0
7970 6 1
7971 3 1
7972 2 1
7973 4 0
7974 4 1
7975 6 0
7976 5 0
7977 3 1
7978 3 1
7979 5 0
7980 0 1
7981 6 1
7982 4 0
7983 4 1
7984 3 0
7985 3 1
7986 2 0
7987 0 1
7988 4 1
7989 3 1
7990 4 0
7991 0 0
7992 3 1
7993 5 0
7994 2 0
7995 4 1
7996 1 1
7997 0 0
7998 3 1
7999 4 1
8000 0 1
8001 2 1
8002 3 1
8003 6 0
8004 5 1
8005 6 0
8006 0 1
8007 3 1
8008 5 1
8009 1 1
8010 1 1
8011 5 1
8012 5 0
8013 5 1
8014 0 1
8015 4 1
8016 6 0
8017 1 1
8018 5 1
8019 0 1
8020 3 1
8021 4 1
8022 3 1
8023 5 1
8024 5 1
8025 4 1
8026 1 1
8027 0 1
8028 5 1
8029 3 1
8030 6 1
8031 1 1
8032 3 1
8033 6 1
8034 6 0
8035 3 1
8036 3 1
8037 4 1
8038 4 1
8039 3 0
8040 3 0
8041 5 0
8042 0 1
8043 1 1
8044 2 1
8045 6 1
8046 1 1
8047 2 0
8048 2 1
8049 3 0
8050 4 1
8051 2 1
8052 4 1
8053 3 1
8054 3 1
8055 0 0
8056 5 1
8057 1 1
8058 1 1
8059 0 0
8060 3 0
8061 5 0
8062 6 1
8063 6 1
8064 6 0
8065 0 0
8066 5 0
8067 0 0
8068 4 1
8069 0 1
8070 2 0
8071 5 0
8072 3 0
8073 4 1
8074 0 1
8075 2 1
8076 3 0
8077 3 0
8078 6 1
8079 3 0
8080 0 1
8081 3 0
8082 2 1
8083 6 1
8084 5 1
8085 3 1
8086 4 0
8087 1 0
8088 0 0
8089 1 1
8090 1 1
8091 6 1
8092 3 1
8093 6 0
8094 0 0
8095 4 0
8096 2 0
8097 0 0
8098 2 1
8099 0 1
8100 4 0
8101 1 1
8102 2 0
8103 0 0
8104 3 1
8105 6 0
8106 4 1
8107 0 1
8108 4 1
8109 6 0
8110 5 1
8111 5 1
8112 0 0
8113 1 1
8114 1 0
8115 1 1
8116 0 1
8117 2 0
8118 5 1
8119 2 1
8120 1 0
8121 4 0
8122 5 1
8123 2 1
8124 3 1
8125 4 0
8126 1 0
8127 0 1
8128 4 0
8129 0 0
8130 0 1
8131 6 1
8132 4 0
8133 0 0
8134 2 1
8135 4 1
8136 4 1
8137 0 0
8138 6 0
8139 0 1
8140 2 0
8141 2 1
8142 5 0
8143 1 1
8144 1 1
8145 4 1
8146 6 0
8147 6 1
8148 2 1
8149 6 1
8150 6 1
8151 6 1
8152 3 0
8153 1 0
8154 0 0
8155 1 0
8156 4 1
8157 4 0
8158 1 1
8159 3 1
8160 3 1
8161 3 0
8162 1 1
8163 0 0
8164 4 1
8165 5 1
8166 6 1
8167 5 1
8168 3 1
8169 0 1
8170 6 1
8171 4 0
8172 0 1
8173 3 1
8174 2 0
8175 3 0
8176 1 1
8177 0 1
8178 4 0
8179 3 1
8180 2 1
8181 3 0
8182 4 0
8183 1 0
8184 5 1
8185 0 1
8186 1 1
8187 3 1
8188 3 1
8189 3 0
8190 0 1
8191 2 1
8192 2 1
8193 6 0
8194 5 1
8195 4 0
8196 6 0
8197 0 0
8198 6 1
8199 0 0
8200 0 1
8201 5 0
8202 4 1
8203 1 1
8204 0 1
8205 0 1
8206 6 0
8207 4 1
8208 1 0
8209 4 0
8210 1 1
8211 5 1
8212 0 0
8213 2 1
8214 4 0
8215 3 1
8216 3 1
8217 1 1
8218 6 1
8219 2 0
8220 2 1
8221 6 1
8222 3 0
8223 0 0
8224 2 1
8225 1 1
8226 5 1
8227 2 0
8228 4 1
8229 3 1
8230 5 1
8231 1 1
8232 4 0
8233 4 1
8234 3 1
8235 1 1
8236 0 1
8237 4 0
8238 0 0
8239 3 1
8240 1 1
8241 4 1
8242 2 1
8243 2 1
8244 6 1
8245 3 1
8246 3 1
8247 3 1
8248 0 1
8249 0 0
8250 4 0
8251 5 0
8252 6 1
8253 1 1
8254 0 1
8255 0 1
8256 0 1
8257 5 1
8258 6 0
8259 0 0
8260 5 1
8261 6 0
8262 6 0
8263 5 1
8264 2 1
8265 5 1
8266 6 0
8267 0 1
8268 4 1
8269 3 1
8270 6 1
8271 2 0
8272 3 1
8273 5 0
8274 6 0
8275 1 1
8276 4 1
8277 4 0
8278 3 0
8279 5 1
8280 0 1
8281 4 1
8282 5 1
8283 0 1
8284 4 0
8285 3 0
8286 0 1
8287 6 1
8288 5 0
8289 6 1
8290 5 1
8291 0 0
8292 2 0
8293 2 1
8294 6 1
8295 2 1
8296 1 1
8297 6 1
8298 0 1
8299 5 1
8300 6 1
8301 4 0
8302 6 1
8303 6 1
8304 4 1
8305 3 1
8306 0 0
8307 2 1
8308 6 0
8309 3 1
8310 1 1
8311 1 1
8312 6 0
8313 3 0
8314 4 1
8315 2 0
8316 0 0
8317 6 1
8318 6 1
8319 4 1
8320 5 1
8321 5 0
8322 5 1
8323 3 1
8324 5 1
8325 1 1
8326 1 1
8327 5 0
8328 0 0
8329 0 0
8330 0 1
8331 5 0
8332 5 0
8333 4 1
8334 4 1
8335 6 1
8336 3 0
8337 3 1
8338 0 1
8339 1 1
8340 3 1
8341 4 1
8342 4 1
8343 4 0
8344 2 1
8345 6 1
8346 3 1
8347 1 1
8348 2 1
8349 1 1
8350 5 1
8351 4 1
8352 1 1
8353 5 1
8354 4 0
8355 6 0
8356 1 1
8357 2 0
8358 1 1
8359 5 1
8360 6 0
8361 2 1
8362 1 0
8363 4 1
8364 6 1
8365 6 1
8366 3 1
8367 2 1
8368 0 1
8369 4 1
8370 4 1
8371 0 0
8372 0 1
8373 1 1
8374 6 0
8375 1 1
8376 1 1
8377 4 1
8378 4 0
8379 2 0
8380 5 1
8381 0 0
8382 2 0
8383 4 0
8384 6 0
8385 3 1
8386 6 1
8387 6 1
8388 3 1
8389 6 1
8390 2 0
8391 4 1
