608
1 854 1
2 121 1
3 768 0
4 445 1
5 566 0
6 731 1
7 251 0
8 53 1
9 725 1
10 674 1
11 684 1
12 354 1
13 57 1
14 289 1
15 43 0
16 441 0
17 347 1
18 615 0
19 863 0
20 401 1
21 89 0
22 170 1
23 694 1
24 650 1
25 119 0
26 466 1
27 602 1
28 315 1
29 292 0
30 881 1
31 795 1
32 310 1
33 30 1
34 869 1
35 130 1
36 2 1
37 548 1
38 551 0
39 387 1
40 807 1
41 205 0
42 379 1
43 705 1
44 78 0
45 832 0
46 410 0
47 893 0
48 915 0
49 714 1
50 885 1
51 735 1
52 132 1
53 594 1
54 671 0
55 486 1
56 90 1
57 439 1
58 110 0
59 231 0
60 296 1
61 216 1
62 836 0
63 495 0
64 178 1
65 292 1
66 655 1
67 96 0
68 922 1
69 538 0
70 740 0
71 759 1
72 328 1
73 368 1
74 31 1
75 161 1
76 274 1
77 559 1
78 554 1
79 540 1
80 408 1
81 408 1
82 471 1
83 919 1
84 263 1
85 208 1
86 628 0
87 444 1
88 311 0
89 5 1
90 23 1
91 661 1
92 534 1
93 9 0
94 886 0
95 899 1
96 459 1
97 504 1
98 879 1
99 12 1
100 569 0
101 756 0
102 722 0
103 764 1
104 158 1
105 444 1
106 4 1
107 3 0
108 14 1
109 239 0
110 562 1
111 341 1
112 590 1
113 97 1
114 413 0
115 757 1
116 322 0
117 791 0
118 393 1
119 223 0
120 471 1
121 724 1
122 383 1
123 548 1
124 274 1
125 833 1
126 536 1
127 3 1
128 164 1
129 275 0
130 201 1
131 171 0
132 690 1
133 636 1
134 664 0
135 247 1
136 137 1
137 221 0
138 310 1
139 452 1
140 168 1
141 32 1
142 604 1
143 899 0
144 136 1
145 880 0
146 817 1
147 395 1
148 159 1
149 280 0
150 501 1
151 103 1
152 575 1
153 692 1
154 163 1
155 82 0
156 118 1
157 570 0
158 150 0
159 559 1
160 332 1
161 614 1
162 636 1
163 803 1
164 185 1
165 687 0
166 687 1
167 858 1
168 640 1
169 293 0
170 841 1
171 669 1
172 24 1
173 750 1
174 397 1
175 451 1
176 437 1
177 491 1
178 677 0
179 480 1
180 65 1
181 160 1
182 559 1
183 159 1
184 714 0
185 614 1
186 819 1
187 660 1
188 677 1
189 85 1
190 874 0
191 415 0
192 670 1
193 73 1
194 345 1
195 820 0
196 788 1
197 696 0
198 144 1
199 236 1
200 843 1
201 102 1
202 745 1
203 194 1
204 326 0
205 641 0
206 350 1
207 658 0
208 574 1
209 512 0
210 353 1
211 864 1
212 1 0
213 177 1
214 571 0
215 537 1
216 332 0
217 764 1
218 12 1
219 644 1
220 772 1
221 608 1
222 30 1
223 287 1
224 142 0
225 593 1
226 742 1
227 248 1
228 249 1
229 888 1
230 830 1
231 379 1
232 676 1
233 841 1
234 247 1
235 562 1
236 458 1
237 286 1
238 581 1
239 162 0
240 906 0
241 753 1
242 366 1
243 80 1
244 494 0
245 504 0
246 83 1
247 631 1
248 630 1
249 59 1
250 645 1
251 42 1
252 859 0
253 204 1
254 893 1
255 775 1
256 198 1
257 213 0
258 674 0
259 248 0
260 797 0
261 181 0
262 239 1
263 250 1
264 430 1
265 357 1
266 465 1
267 324 1
268 719 1
269 453 1
270 428 0
271 633 1
272 435 0
273 716 1
274 209 0
275 889 0
276 785 1
277 31 1
278 484 0
279 504 0
280 125 1
281 135 1
282 329 0
283 527 1
284 522 1
285 805 1
286 811 1
287 645 0
288 888 1
289 510 1
290 13 0
291 714 0
292 614 1
293 434 1
294 560 1
295 158 1
296 869 1
297 811 0
298 286 1
299 392 1
300 920 1
301 370 1
302 315 1
303 209 1
304 521 0
305 911 0
306 263 1
307 867 0
308 515 1
309 577 1
310 386 0
311 373 1
312 562 1
313 598 1
314 201 1
315 268 1
316 333 0
317 84 0
318 255 0
319 463 1
320 80 1
321 845 1
322 222 1
323 745 1
324 236 1
325 424 1
326 669 1
327 488 1
328 126 1
329 225 1
330 222 1
331 60 0
332 657 1
333 272 1
334 428 1
335 300 1
336 254 0
337 376 0
338 546 1
339 291 1
340 588 1
341 16 0
342 124 1
343 177 0
344 659 1
345 112 1
346 887 1
347 48 0
348 307 1
349 612 1
350 589 1
351 311 1
352 669 1
353 854 1
354 876 0
355 608 1
356 6 1
357 410 1
358 663 0
359 837 0
360 57 1
361 349 1
362 189 0
363 644 1
364 252 1
365 765 1
366 313 1
367 754 0
368 374 0
369 808 1
370 442 1
371 869 1
372 652 1
373 112 1
374 477 1
375 783 1
376 44 0
377 90 0
378 141 1
379 264 0
380 592 1
381 304 1
382 717 1
383 499 0
384 820 0
385 30 1
386 870 1
387 321 1
388 789 1
389 526 1
390 451 1
391 868 1
392 586 1
393 719 1
394 761 1
395 656 1
396 158 1
397 871 1
398 163 1
399 577 1
400 823 0
401 857 0
402 574 1
403 904 1
404 680 1
405 774 1
406 427 0
407 237 1
408 290 0
409 352 0
410 551 1
411 550 1
412 570 1
413 195 0
414 14 1
415 794 0
416 448 1
417 676 0
418 51 0
419 74 1
420 698 0
421 473 1
422 179 1
423 283 1
424 744 0
425 589 0
426 712 1
427 615 0
428 249 1
429 627 1
430 650 1
431 625 1
432 294 0
433 275 1
434 569 1
435 145 1
436 731 1
437 537 1
438 863 1
439 914 1
440 68 1
441 590 1
442 331 1
443 208 1
444 160 0
445 368 1
446 868 1
447 520 0
448 449 1
449 577 1
450 678 1
451 431 0
452 409 1
453 9 0
454 400 1
455 111 0
456 115 0
457 317 0
458 509 1
459 94 0
460 429 1
461 92 1
462 532 1
463 606 1
464 19 1
465 145 0
466 50 0
467 252 1
468 155 1
469 810 0
470 719 1
471 558 1
472 225 1
473 814 1
474 3 1
475 16 1
476 438 1
477 341 0
478 254 0
479 97 0
480 741 1
481 39 1
482 809 1
483 329 0
484 87 0
485 131 0
486 205 1
487 717 0
488 633 1
489 243 0
490 118 0
491 603 0
492 824 1
493 603 1
494 503 1
495 420 0
496 10 1
497 647 1
498 741 1
499 395 0
500 726 1
501 711 1
502 750 0
503 897 0
504 638 1
505 165 0
506 10 1
507 389 0
508 781 1
509 514 1
510 761 1
511 216 0
512 461 0
513 659 1
514 451 0
515 185 0
516 192 1
517 255 1
518 470 0
519 14 0
520 446 1
521 476 1
522 16 1
523 358 1
524 4 1
525 226 1
526 418 1
527 605 1
528 375 1
529 693 1
530 7 1
531 149 1
532 844 0
533 676 1
534 633 1
535 568 0
536 861 1
537 603 1
538 56 1
539 286 1
540 902 0
541 359 1
542 490 1
543 801 0
544 841 1
545 759 1
546 519 1
547 582 1
548 847 1
549 822 1
550 559 1
551 705 0
552 581 0
553 910 1
554 872 0
555 231 1
556 777 1
557 773 1
558 632 1
559 277 1
560 301 0
561 10 1
562 557 1
563 794 0
564 461 0
565 107 0
566 229 1
567 586 1
568 733 1
569 515 0
570 372 0
571 602 0
572 871 0
573 562 1
574 181 0
575 199 1
576 21 0
577 836 1
578 792 0
579 128 0
580 469 1
581 875 0
582 582 0
583 111 1
584 180 1
585 143 0
586 441 1
587 313 1
588 731 1
589 37 1
590 782 1
591 6 1
592 436 1
593 450 1
594 618 1
595 160 0
596 348 0
597 854 0
598 186 1
599 391 0
600 202 1
601 919 1
602 813 1
603 566 1
604 718 1
605 145 0
606 831 1
607 915 0
608 63 1
