8470
1 146 1
2 83 0
3 35 1
4 52 1
5 105 1
6 91 1
7 127 1
8 2 1
9 18 1
10 52 1
11 4 1
12 77 1
13 6 1
14 59 1
15 11 1
16 30 1
17 10 0
18 7 0
19 84 0
20 30 1
21 109 1
22 47 0
23 45 1
24 116 1
25 38 1
26 70 1
27 8 1
28 13 0
29 138 1
30 25 1
31 25 0
32 11 1
33 125 1
34 133 1
35 33 1
36 111 1
37 93 0
38 39 0
39 16 0
40 10 1
41 36 1
42 54 1
43 132 0
44 111 1
45 43 1
46 124 1
47 96 1
48 60 0
49 110 1
50 91 1
51 70 0
52 94 1
53 117 1
54 110 0
55 0 0
56 48 1
57 104 0
58 133 0
59 125 1
60 63 0
61 41 1
62 45 1
63 131 1
64 19 0
65 11 1
66 96 0
67 121 1
68 1 1
69 131 1
70 32 0
71 135 0
72 73 1
73 139 1
74 84 1
75 59 1
76 41 1
77 47 0
78 45 1
79 51 1
80 79 1
81 80 1
82 48 1
83 26 1
84 100 1
85 116 0
86 98 1
87 116 0
88 3 0
89 133 0
90 128 1
91 43 1
92 100 1
93 115 1
94 25 1
95 63 0
96 81 0
97 89 0
98 4 0
99 83 1
100 29 1
101 140 1
102 59 1
103 54 0
104 24 1
105 106 0
106 40 1
107 33 0
108 144 1
109 43 0
110 19 1
111 83 0
112 57 0
113 38 1
114 95 1
115 122 0
116 130 1
117 8 0
118 83 1
119 60 1
120 59 1
121 68 0
122 71 1
123 144 1
124 6 1
125 142 0
126 49 0
127 82 1
128 57 0
129 28 1
130 50 0
131 33 0
132 72 0
133 30 1
134 61 0
135 20 1
136 12 0
137 123 1
138 94 1
139 55 1
140 63 1
141 30 1
142 82 1
143 27 1
144 85 1
145 48 1
146 109 0
147 72 1
148 79 0
149 94 1
150 96 0
151 68 1
152 54 1
153 95 1
154 120 1
155 6 0
156 104 0
157 52 0
158 1 1
159 134 1
160 39 1
161 29 0
162 72 1
163 139 0
164 11 1
165 100 1
166 51 1
167 119 1
168 72 0
169 62 1
170 26 0
171 132 1
172 9 0
173 125 0
174 20 1
175 52 1
176 50 1
177 113 1
178 43 1
179 30 1
180 93 1
181 66 0
182 10 1
183 57 1
184 60 1
185 31 1
186 144 1
187 25 0
188 52 0
189 119 0
190 114 1
191 36 1
192 61 0
193 43 1
194 61 1
195 62 1
196 11 0
197 54 1
198 122 1
199 9 1
200 136 0
201 25 1
202 108 1
203 42 1
204 52 1
205 40 0
206 89 1
207 140 1
208 130 1
209 62 1
210 65 0
211 102 1
212 9 1
213 2 0
214 121 1
215 69 1
216 8 0
217 145 1
218 48 0
219 84 1
220 105 0
221 76 1
222 105 1
223 4 1
224 59 1
225 88 1
226 94 1
227 105 0
228 51 1
229 86 0
230 75 1
231 89 0
232 6 1
233 59 1
234 82 1
235 60 1
236 23 1
237 41 0
238 12 1
239 25 1
240 15 1
241 100 1
242 7 1
243 117 1
244 120 1
245 39 1
246 116 1
247 86 0
248 76 1
249 81 1
250 44 1
251 6 1
252 85 1
253 101 1
254 49 1
255 73 1
256 91 1
257 78 1
258 38 0
259 113 0
260 8 0
261 110 1
262 142 1
263 2 1
264 2 1
265 132 1
266 129 1
267 70 0
268 142 1
269 68 0
270 53 1
271 63 0
272 26 0
273 103 0
274 146 1
275 127 1
276 29 1
277 86 1
278 145 0
279 145 1
280 76 1
281 2 0
282 76 1
283 29 1
284 0 1
285 69 0
286 99 1
287 6 0
288 135 1
289 42 1
290 81 1
291 43 1
292 66 1
293 38 1
294 121 1
295 19 1
296 122 1
297 12 0
298 145 1
299 77 1
300 146 1
301 103 1
302 139 1
303 75 0
304 26 1
305 15 0
306 94 1
307 122 1
308 143 1
309 83 1
310 5 1
311 71 1
312 27 0
313 133 1
314 132 1
315 74 1
316 17 1
317 80 1
318 146 1
319 39 1
320 80 0
321 36 1
322 69 1
323 46 0
324 127 1
325 85 1
326 136 1
327 15 0
328 47 1
329 144 1
330 19 0
331 66 1
332 108 0
333 1 1
334 109 1
335 35 0
336 50 1
337 75 1
338 134 1
339 36 0
340 58 1
341 2 0
342 34 0
343 114 1
344 122 1
345 17 0
346 137 1
347 82 1
348 37 1
349 57 1
350 27 1
351 143 1
352 68 1
353 101 1
354 147 1
355 71 0
356 67 1
357 8 1
358 143 1
359 86 0
360 40 0
361 67 0
362 142 0
363 128 0
364 137 0
365 81 1
366 85 1
367 51 1
368 50 0
369 111 0
370 46 1
371 107 0
372 12 1
373 118 1
374 141 1
375 81 1
376 116 1
377 115 0
378 54 0
379 46 1
380 140 1
381 17 0
382 108 1
383 135 1
384 72 0
385 112 0
386 90 0
387 135 1
388 90 1
389 14 1
390 118 1
391 72 1
392 51 1
393 4 1
394 91 1
395 54 1
396 134 1
397 66 1
398 95 1
399 8 1
400 108 0
401 42 0
402 147 1
403 57 1
404 91 1
405 128 1
406 70 1
407 51 1
408 145 1
409 131 1
410 10 1
411 128 1
412 116 1
413 142 1
414 56 1
415 83 1
416 79 1
417 23 0
418 110 1
419 72 1
420 55 1
421 18 1
422 9 0
423 54 1
424 125 1
425 51 1
426 31 0
427 35 0
428 130 0
429 115 1
430 135 1
431 62 1
432 131 1
433 145 1
434 69 1
435 103 1
436 25 1
437 57 1
438 95 0
439 93 1
440 54 1
441 111 1
442 80 1
443 41 1
444 131 1
445 108 0
446 111 1
447 89 0
448 108 1
449 145 1
450 59 1
451 110 0
452 30 1
453 24 0
454 35 1
455 50 1
456 18 1
457 131 1
458 20 0
459 116 1
460 137 0
461 27 1
462 98 1
463 4 1
464 107 1
465 44 0
466 57 1
467 59 0
468 77 1
469 66 1
470 105 1
471 106 0
472 138 1
473 125 1
474 122 0
475 67 1
476 125 1
477 116 1
478 114 1
479 90 1
480 25 1
481 48 0
482 96 1
483 23 1
484 95 0
485 42 1
486 13 1
487 27 1
488 46 0
489 15 1
490 105 1
491 36 1
492 80 1
493 9 1
494 29 1
495 76 0
496 41 1
497 41 0
498 39 1
499 67 1
500 57 1
501 38 1
502 14 1
503 127 1
504 77 1
505 37 1
506 128 0
507 116 1
508 34 1
509 114 0
510 33 1
511 21 0
512 122 1
513 20 1
514 31 0
515 0 1
516 101 1
517 116 1
518 60 1
519 80 1
520 89 0
521 76 0
522 147 1
523 85 0
524 127 0
525 52 1
526 146 0
527 43 1
528 93 0
529 38 1
530 55 0
531 21 1
532 34 0
533 28 1
534 84 1
535 40 0
536 34 1
537 50 0
538 118 0
539 119 0
540 143 1
541 13 0
542 2 0
543 121 1
544 25 1
545 27 0
546 7 1
547 141 1
548 90 0
549 91 0
550 33 0
551 8 0
552 57 1
553 6 1
554 54 1
555 28 0
556 105 1
557 50 0
558 98 0
559 10 0
560 36 0
561 108 1
562 139 0
563 136 0
564 26 1
565 64 1
566 19 1
567 83 1
568 36 1
569 59 1
570 75 1
571 96 1
572 33 0
573 96 1
574 22 0
575 63 0
576 100 1
577 5 1
578 80 1
579 129 0
580 29 0
581 25 0
582 22 1
583 133 1
584 6 1
585 105 1
586 88 1
587 18 1
588 103 0
589 60 1
590 28 1
591 88 0
592 102 1
593 28 1
594 43 1
595 0 1
596 107 1
597 77 0
598 39 0
599 144 1
600 10 0
601 127 1
602 58 1
603 123 1
604 15 0
605 43 1
606 115 0
607 76 1
608 34 1
609 112 1
610 70 1
611 54 1
612 43 0
613 115 1
614 97 1
615 31 1
616 116 1
617 110 0
618 59 1
619 91 1
620 129 1
621 22 0
622 75 0
623 123 1
624 107 1
625 38 1
626 104 0
627 111 1
628 31 1
629 133 1
630 93 1
631 140 0
632 79 1
633 139 1
634 143 1
635 117 1
636 78 0
637 30 1
638 142 0
639 114 0
640 144 1
641 35 1
642 53 0
643 56 1
644 129 1
645 65 1
646 15 1
647 92 1
648 115 1
649 137 1
650 123 1
651 139 1
652 98 1
653 110 0
654 78 1
655 98 1
656 36 1
657 132 1
658 36 1
659 78 0
660 38 1
661 49 0
662 8 1
663 0 0
664 33 1
665 137 0
666 0 1
667 17 0
668 54 1
669 95 1
670 107 0
671 16 0
672 83 1
673 137 0
674 92 0
675 145 1
676 18 1
677 88 1
678 144 0
679 53 1
680 34 0
681 90 0
682 76 0
683 37 1
684 139 0
685 123 1
686 82 1
687 146 1
688 43 1
689 93 1
690 107 1
691 23 1
692 41 1
693 56 1
694 104 0
695 66 0
696 57 1
697 24 1
698 20 0
699 123 1
700 99 0
701 13 1
702 90 1
703 7 1
704 52 1
705 26 1
706 94 1
707 93 1
708 64 1
709 76 1
710 68 0
711 10 0
712 107 0
713 66 1
714 53 1
715 42 0
716 140 1
717 141 1
718 24 1
719 121 1
720 56 1
721 43 1
722 100 0
723 42 0
724 95 0
725 89 0
726 70 1
727 96 1
728 90 0
729 61 0
730 107 0
731 7 0
732 115 0
733 139 1
734 105 1
735 119 1
736 15 0
737 69 1
738 12 1
739 35 1
740 134 0
741 78 1
742 128 1
743 138 0
744 92 1
745 22 1
746 110 1
747 107 0
748 82 1
749 121 1
750 114 1
751 106 1
752 64 1
753 0 0
754 42 1
755 87 0
756 12 1
757 41 0
758 95 0
759 19 1
760 38 1
761 98 0
762 122 1
763 131 1
764 60 1
765 53 1
766 101 0
767 8 1
768 142 0
769 93 1
770 97 0
771 21 1
772 5 0
773 110 1
774 50 1
775 95 1
776 74 1
777 46 0
778 8 0
779 61 0
780 37 1
781 147 1
782 81 0
783 60 1
784 121 1
785 16 1
786 46 1
787 39 0
788 4 1
789 4 0
790 130 1
791 100 0
792 102 1
793 61 1
794 131 0
795 134 1
796 141 0
797 63 1
798 98 1
799 2 0
800 138 1
801 97 0
802 107 0
803 88 0
804 42 1
805 123 1
806 53 1
807 37 1
808 29 0
809 21 1
810 124 0
811 84 1
812 97 1
813 44 0
814 80 0
815 22 0
816 64 1
817 10 0
818 116 0
819 39 0
820 52 1
821 138 1
822 45 1
823 112 1
824 81 1
825 86 0
826 0 1
827 27 0
828 75 1
829 145 1
830 21 1
831 33 1
832 147 1
833 65 1
834 98 0
835 81 1
836 75 0
837 11 1
838 55 1
839 99 0
840 64 0
841 99 1
842 16 1
843 67 0
844 6 1
845 54 1
846 40 0
847 17 1
848 87 1
849 111 1
850 90 1
851 144 1
852 73 1
853 42 0
854 35 0
855 73 0
856 134 0
857 120 1
858 107 0
859 146 0
860 8 0
861 96 1
862 96 1
863 96 1
864 99 0
865 125 1
866 9 1
867 67 0
868 32 1
869 18 0
870 58 1
871 123 1
872 20 0
873 100 1
874 39 0
875 48 1
876 55 1
877 51 1
878 14 1
879 91 0
880 112 0
881 16 1
882 145 0
883 11 1
884 97 1
885 53 0
886 25 1
887 104 1
888 80 1
889 129 1
890 111 0
891 122 1
892 131 1
893 126 1
894 129 1
895 67 1
896 94 1
897 22 1
898 123 1
899 130 1
900 19 1
901 35 1
902 20 0
903 142 0
904 4 0
905 27 0
906 110 1
907 38 1
908 34 1
909 142 0
910 138 0
911 13 1
912 5 1
913 133 1
914 25 1
915 104 0
916 106 1
917 141 1
918 88 0
919 34 0
920 67 1
921 60 1
922 70 1
923 26 0
924 18 1
925 121 1
926 91 1
927 50 0
928 126 1
929 129 1
930 106 1
931 4 1
932 129 1
933 95 1
934 141 1
935 66 0
936 147 1
937 142 0
938 32 1
939 78 1
940 49 1
941 15 1
942 142 1
943 141 1
944 56 1
945 80 1
946 111 1
947 131 1
948 90 1
949 118 1
950 67 1
951 144 1
952 118 1
953 92 0
954 114 0
955 105 0
956 126 1
957 60 0
958 142 1
959 144 1
960 131 1
961 117 1
962 118 1
963 144 0
964 38 1
965 48 0
966 107 1
967 128 1
968 138 1
969 132 1
970 94 0
971 128 1
972 113 1
973 44 0
974 50 1
975 62 0
976 22 0
977 33 1
978 87 0
979 8 0
980 99 0
981 38 1
982 4 1
983 40 0
984 90 0
985 107 0
986 113 0
987 13 1
988 32 1
989 142 1
990 3 1
991 21 1
992 139 1
993 121 1
994 83 1
995 63 1
996 90 0
997 145 1
998 120 1
999 97 0
1000 61 1
1001 3 1
1002 99 1
1003 60 0
1004 127 1
1005 119 1
1006 14 1
1007 59 0
1008 98 1
1009 91 1
1010 65 1
1011 23 0
1012 108 1
1013 58 0
1014 109 1
1015 46 0
1016 115 0
1017 4 1
1018 119 1
1019 102 1
1020 75 1
1021 80 1
1022 21 1
1023 51 0
1024 127 1
1025 108 0
1026 53 1
1027 8 1
1028 4 1
1029 49 1
1030 125 1
1031 40 0
1032 102 1
1033 62 0
1034 14 1
1035 23 1
1036 98 1
1037 83 0
1038 50 1
1039 143 1
1040 86 1
1041 29 1
1042 88 1
1043 109 1
1044 59 1
1045 110 1
1046 62 1
1047 84 1
1048 100 0
1049 89 1
1050 24 0
1051 11 0
1052 23 1
1053 94 1
1054 134 1
1055 58 1
1056 98 1
1057 115 1
1058 81 1
1059 86 1
1060 43 0
1061 37 1
1062 8 0
1063 26 1
1064 77 0
1065 30 0
1066 88 1
1067 127 0
1068 40 1
1069 89 1
1070 120 0
1071 2 1
1072 139 1
1073 12 0
1074 2 1
1075 74 1
1076 51 0
1077 55 1
1078 85 1
1079 123 1
1080 56 1
1081 71 1
1082 3 1
1083 12 1
1084 29 0
1085 122 1
1086 4 0
1087 71 0
1088 50 1
1089 25 1
1090 137 1
1091 2 1
1092 62 0
1093 56 1
1094 94 1
1095 118 0
1096 89 1
1097 51 1
1098 145 1
1099 40 1
1100 68 0
1101 27 1
1102 94 1
1103 121 0
1104 137 1
1105 102 1
1106 1 1
1107 71 1
1108 66 1
1109 19 1
1110 64 1
1111 119 0
1112 40 0
1113 2 1
1114 42 0
1115 115 1
1116 12 0
1117 140 1
1118 48 0
1119 7 0
1120 67 0
1121 67 1
1122 118 1
1123 87 0
1124 23 1
1125 4 0
1126 105 1
1127 144 0
1128 103 1
1129 34 1
1130 48 1
1131 116 0
1132 47 1
1133 71 1
1134 125 1
1135 36 1
1136 144 1
1137 68 0
1138 50 0
1139 106 0
1140 19 1
1141 116 1
1142 138 1
1143 121 1
1144 67 1
1145 99 1
1146 112 1
1147 80 1
1148 80 0
1149 10 1
1150 38 1
1151 58 0
1152 53 1
1153 104 0
1154 38 0
1155 133 1
1156 76 1
1157 137 1
1158 119 1
1159 116 0
1160 73 1
1161 58 1
1162 91 0
1163 100 0
1164 98 1
1165 36 1
1166 60 0
1167 126 1
1168 29 1
1169 26 1
1170 48 1
1171 81 0
1172 17 0
1173 0 1
1174 137 0
1175 131 0
1176 140 1
1177 56 1
1178 136 1
1179 10 0
1180 23 1
1181 31 1
1182 97 1
1183 101 1
1184 100 0
1185 53 1
1186 43 1
1187 82 1
1188 13 1
1189 101 1
1190 102 0
1191 20 1
1192 81 1
1193 81 1
1194 137 1
1195 113 1
1196 94 0
1197 147 0
1198 14 1
1199 29 1
1200 132 1
1201 20 1
1202 121 0
1203 88 1
1204 36 1
1205 40 1
1206 81 0
1207 137 1
1208 137 1
1209 40 1
1210 118 0
1211 94 1
1212 106 1
1213 63 1
1214 98 0
1215 139 1
1216 78 1
1217 110 1
1218 17 1
1219 89 1
1220 99 1
1221 0 1
1222 42 1
1223 3 0
1224 67 1
1225 17 0
1226 101 0
1227 57 1
1228 108 1
1229 135 0
1230 20 1
1231 46 1
1232 94 0
1233 54 1
1234 67 1
1235 121 0
1236 29 0
1237 103 0
1238 118 1
1239 110 1
1240 53 0
1241 127 0
1242 142 1
1243 21 0
1244 113 0
1245 66 1
1246 92 1
1247 137 0
1248 76 0
1249 2 1
1250 143 0
1251 66 0
1252 105 1
1253 104 1
1254 83 1
1255 18 1
1256 2 1
1257 99 1
1258 86 1
1259 56 1
1260 33 1
1261 90 1
1262 42 1
1263 16 1
1264 78 0
1265 70 1
1266 2 1
1267 55 1
1268 113 1
1269 88 1
1270 34 0
1271 88 1
1272 7 0
1273 86 0
1274 64 1
1275 102 1
1276 20 0
1277 31 0
1278 27 1
1279 136 0
1280 21 0
1281 135 1
1282 98 1
1283 36 1
1284 10 1
1285 15 1
1286 134 0
1287 133 1
1288 47 1
1289 139 1
1290 21 1
1291 113 1
1292 41 1
1293 59 0
1294 147 1
1295 130 0
1296 106 0
1297 0 0
1298 116 1
1299 24 0
1300 64 1
1301 74 0
1302 48 1
1303 96 1
1304 87 1
1305 111 1
1306 137 1
1307 106 1
1308 28 1
1309 107 0
1310 66 0
1311 99 1
1312 14 1
1313 133 1
1314 40 1
1315 12 1
1316 102 0
1317 111 1
1318 51 0
1319 1 1
1320 7 0
1321 55 0
1322 144 0
1323 34 0
1324 32 0
1325 103 1
1326 38 0
1327 78 1
1328 59 1
1329 87 1
1330 126 1
1331 12 1
1332 91 1
1333 38 1
1334 139 1
1335 88 1
1336 108 1
1337 46 1
1338 62 1
1339 33 1
1340 126 1
1341 96 0
1342 95 0
1343 122 0
1344 142 1
1345 62 1
1346 13 0
1347 60 1
1348 102 0
1349 2 1
1350 94 1
1351 92 1
1352 43 1
1353 10 0
1354 28 1
1355 103 1
1356 136 0
1357 23 1
1358 129 1
1359 46 1
1360 111 0
1361 104 1
1362 34 0
1363 37 1
1364 71 1
1365 135 1
1366 86 0
1367 71 1
1368 26 1
1369 138 1
1370 81 1
1371 61 1
1372 48 1
1373 109 1
1374 38 0
1375 110 0
1376 115 1
1377 81 1
1378 39 1
1379 94 1
1380 114 1
1381 128 1
1382 65 1
1383 86 1
1384 90 1
1385 146 1
1386 74 0
1387 145 1
1388 3 1
1389 56 1
1390 113 1
1391 146 0
1392 137 1
1393 89 1
1394 6 1
1395 43 0
1396 117 1
1397 77 1
1398 128 1
1399 30 1
1400 47 1
1401 145 1
1402 95 1
1403 96 1
1404 4 0
1405 96 0
1406 75 0
1407 5 1
1408 130 1
1409 48 1
1410 35 1
1411 109 1
1412 72 1
1413 143 1
1414 9 1
1415 78 1
1416 61 1
1417 82 1
1418 122 1
1419 62 0
1420 87 1
1421 52 0
1422 9 0
1423 130 1
1424 108 0
1425 32 0
1426 26 1
1427 52 0
1428 136 1
1429 54 1
1430 80 1
1431 11 1
1432 112 1
1433 105 1
1434 124 1
1435 116 0
1436 82 1
1437 77 0
1438 130 1
1439 38 1
1440 141 1
1441 138 1
1442 21 1
1443 22 1
1444 45 0
1445 111 1
1446 17 1
1447 22 1
1448 68 1
1449 67 1
1450 50 1
1451 63 1
1452 108 1
1453 127 1
1454 7 1
1455 85 1
1456 141 0
1457 124 1
1458 21 1
1459 127 1
1460 32 1
1461 147 1
1462 65 1
1463 31 1
1464 104 0
1465 133 0
1466 90 0
1467 139 0
1468 92 1
1469 97 0
1470 92 1
1471 4 0
1472 13 1
1473 55 1
1474 83 1
1475 108 1
1476 30 1
1477 69 0
1478 84 1
1479 37 0
1480 6 0
1481 99 0
1482 71 0
1483 104 1
1484 16 0
1485 19 1
1486 44 0
1487 54 0
1488 55 1
1489 48 0
1490 101 1
1491 10 0
1492 72 1
1493 130 1
1494 135 0
1495 101 0
1496 42 0
1497 47 1
1498 46 0
1499 84 1
1500 12 1
1501 31 0
1502 82 1
1503 18 1
1504 100 1
1505 33 1
1506 126 1
1507 88 1
1508 79 1
1509 111 1
1510 142 1
1511 112 1
1512 72 1
1513 105 1
1514 22 1
1515 136 1
1516 101 0
1517 143 0
1518 106 0
1519 77 0
1520 131 1
1521 15 0
1522 110 0
1523 116 1
1524 77 0
1525 107 1
1526 99 1
1527 63 1
1528 91 0
1529 45 1
1530 70 1
1531 1 0
1532 106 0
1533 110 1
1534 62 1
1535 78 0
1536 54 1
1537 111 1
1538 100 0
1539 109 1
1540 115 1
1541 57 1
1542 97 1
1543 46 0
1544 1 0
1545 6 1
1546 30 1
1547 94 1
1548 108 0
1549 8 1
1550 0 1
1551 23 1
1552 31 1
1553 123 0
1554 23 0
1555 20 1
1556 110 0
1557 13 1
1558 6 1
1559 3 1
1560 56 0
1561 78 1
1562 25 1
1563 126 1
1564 132 1
1565 111 1
1566 124 0
1567 92 1
1568 78 0
1569 94 1
1570 108 1
1571 47 1
1572 96 1
1573 33 1
1574 25 0
1575 65 1
1576 3 1
1577 71 1
1578 71 0
1579 66 1
1580 87 1
1581 144 0
1582 68 1
1583 122 1
1584 16 1
1585 3 1
1586 138 0
1587 99 1
1588 16 1
1589 144 0
1590 125 0
1591 26 1
1592 108 1
1593 61 1
1594 50 1
1595 95 0
1596 112 0
1597 8 1
1598 40 0
1599 83 0
1600 58 1
1601 84 1
1602 94 0
1603 39 1
1604 124 0
1605 55 1
1606 53 1
1607 134 1
1608 82 0
1609 1 0
1610 78 0
1611 129 1
1612 91 1
1613 127 1
1614 75 0
1615 91 1
1616 10 1
1617 85 1
1618 71 0
1619 22 1
1620 116 0
1621 53 1
1622 62 0
1623 86 0
1624 138 0
1625 136 1
1626 87 1
1627 66 1
1628 10 1
1629 118 1
1630 65 1
1631 122 1
1632 46 1
1633 135 1
1634 88 1
1635 69 0
1636 138 1
1637 77 1
1638 13 1
1639 56 0
1640 7 0
1641 123 0
1642 13 1
1643 29 0
1644 43 1
1645 64 0
1646 114 0
1647 139 0
1648 1 0
1649 33 0
1650 39 1
1651 49 1
1652 76 1
1653 37 1
1654 46 1
1655 48 1
1656 41 1
1657 51 1
1658 117 1
1659 33 1
1660 133 1
1661 77 0
1662 39 1
1663 15 1
1664 99 1
1665 86 0
1666 55 0
1667 124 1
1668 114 1
1669 29 1
1670 11 1
1671 117 1
1672 5 1
1673 63 0
1674 6 0
1675 90 0
1676 2 1
1677 142 0
1678 140 1
1679 38 0
1680 109 1
1681 37 1
1682 113 0
1683 52 0
1684 79 1
1685 48 1
1686 10 1
1687 98 1
1688 142 1
1689 93 1
1690 66 1
1691 43 1
1692 107 1
1693 13 0
1694 98 1
1695 94 1
1696 81 1
1697 76 1
1698 49 1
1699 81 1
1700 113 1
1701 26 0
1702 103 0
1703 95 0
1704 94 0
1705 54 1
1706 33 0
1707 80 0
1708 91 1
1709 144 1
1710 102 0
1711 101 1
1712 126 0
1713 133 1
1714 114 1
1715 112 1
1716 4 1
1717 108 1
1718 20 0
1719 64 1
1720 52 0
1721 83 1
1722 24 1
1723 130 1
1724 65 1
1725 8 0
1726 24 0
1727 106 0
1728 96 1
1729 135 1
1730 114 1
1731 46 1
1732 142 0
1733 85 1
1734 70 1
1735 85 0
1736 24 1
1737 112 0
1738 139 0
1739 15 1
1740 80 1
1741 76 0
1742 89 0
1743 63 1
1744 82 0
1745 4 1
1746 106 0
1747 70 1
1748 65 1
1749 71 0
1750 61 1
1751 13 0
1752 80 1
1753 37 0
1754 79 1
1755 32 1
1756 127 0
1757 72 0
1758 100 1
1759 10 0
1760 142 0
1761 135 1
1762 73 0
1763 104 1
1764 117 1
1765 29 0
1766 87 1
1767 19 1
1768 28 1
1769 47 1
1770 12 0
1771 75 1
1772 144 0
1773 16 1
1774 38 0
1775 35 0
1776 145 1
1777 88 0
1778 131 1
1779 112 1
1780 28 0
1781 86 1
1782 140 0
1783 91 0
1784 117 1
1785 83 0
1786 78 0
1787 77 0
1788 9 1
1789 75 1
1790 24 0
1791 36 0
1792 88 0
1793 92 1
1794 74 1
1795 128 1
1796 102 1
1797 122 1
1798 128 1
1799 70 1
1800 64 0
1801 35 0
1802 68 1
1803 121 0
1804 13 1
1805 30 1
1806 114 0
1807 112 1
1808 95 1
1809 81 1
1810 17 0
1811 124 1
1812 84 0
1813 22 0
1814 120 1
1815 117 1
1816 55 1
1817 83 0
1818 20 1
1819 105 1
1820 8 0
1821 124 1
1822 106 0
1823 132 1
1824 48 1
1825 75 1
1826 83 1
1827 142 1
1828 9 0
1829 135 1
1830 65 0
1831 123 1
1832 13 1
1833 0 1
1834 19 1
1835 24 1
1836 145 1
1837 10 0
1838 140 1
1839 8 1
1840 16 0
1841 10 1
1842 142 1
1843 23 0
1844 73 1
1845 90 1
1846 20 0
1847 67 1
1848 79 1
1849 23 1
1850 24 0
1851 134 0
1852 99 0
1853 28 1
1854 42 1
1855 36 1
1856 76 1
1857 11 0
1858 103 1
1859 31 1
1860 1 1
1861 26 0
1862 142 1
1863 11 1
1864 12 1
1865 128 1
1866 134 1
1867 14 1
1868 110 1
1869 133 1
1870 36 0
1871 63 0
1872 119 0
1873 43 1
1874 65 1
1875 58 1
1876 99 1
1877 44 1
1878 82 1
1879 71 1
1880 141 1
1881 140 1
1882 17 0
1883 21 1
1884 5 0
1885 35 0
1886 79 0
1887 110 1
1888 129 1
1889 81 0
1890 132 0
1891 17 0
1892 32 1
1893 133 1
1894 20 1
1895 18 1
1896 63 1
1897 1 0
1898 68 1
1899 15 1
1900 132 1
1901 19 1
1902 53 1
1903 17 1
1904 135 0
1905 133 1
1906 46 1
1907 106 1
1908 19 1
1909 45 1
1910 103 0
1911 9 1
1912 125 0
1913 2 1
1914 136 0
1915 24 0
1916 120 1
1917 87 0
1918 77 0
1919 112 0
1920 11 1
1921 87 1
1922 4 1
1923 135 1
1924 93 0
1925 115 1
1926 52 0
1927 119 0
1928 90 0
1929 128 1
1930 43 1
1931 102 0
1932 47 0
1933 92 1
1934 6 1
1935 92 1
1936 7 0
1937 126 1
1938 33 1
1939 87 0
1940 102 0
1941 130 1
1942 135 1
1943 89 1
1944 127 1
1945 60 1
1946 125 1
1947 89 1
1948 64 1
1949 105 1
1950 142 1
1951 139 1
1952 37 1
1953 21 0
1954 39 1
1955 4 1
1956 119 0
1957 104 0
1958 44 1
1959 89 1
1960 70 1
1961 1 1
1962 120 1
1963 28 1
1964 79 1
1965 63 1
1966 86 1
1967 83 1
1968 128 0
1969 1 1
1970 117 0
1971 65 1
1972 0 1
1973 99 1
1974 23 0
1975 119 0
1976 94 1
1977 97 1
1978 114 1
1979 59 0
1980 14 1
1981 75 1
1982 82 0
1983 32 1
1984 19 1
1985 82 1
1986 47 0
1987 129 1
1988 124 0
1989 91 1
1990 25 1
1991 49 1
1992 86 1
1993 89 1
1994 79 1
1995 53 0
1996 28 1
1997 53 0
1998 96 1
1999 24 1
2000 75 0
2001 112 0
2002 61 0
2003 73 1
2004 129 1
2005 141 0
2006 34 0
2007 29 1
2008 144 1
2009 128 1
2010 24 1
2011 124 1
2012 118 1
2013 66 1
2014 71 1
2015 42 1
2016 5 1
2017 76 0
2018 55 1
2019 60 1
2020 121 0
2021 43 1
2022 52 0
2023 31 1
2024 95 1
2025 80 0
2026 97 0
2027 127 1
2028 95 1
2029 142 1
2030 92 0
2031 121 1
2032 146 0
2033 119 1
2034 7 1
2035 89 1
2036 42 1
2037 136 0
2038 13 1
2039 99 0
2040 83 0
2041 36 1
2042 97 0
2043 55 1
2044 17 0
2045 62 1
2046 41 1
2047 110 1
2048 41 0
2049 92 1
2050 121 1
2051 80 1
2052 122 1
2053 66 1
2054 140 0
2055 52 1
2056 57 1
2057 63 1
2058 59 0
2059 50 1
2060 72 1
2061 37 0
2062 104 1
2063 5 1
2064 89 1
2065 1 1
2066 35 1
2067 34 1
2068 106 1
2069 101 1
2070 73 0
2071 129 1
2072 49 1
2073 41 0
2074 15 1
2075 37 1
2076 109 1
2077 104 1
2078 82 1
2079 19 1
2080 111 1
2081 138 0
2082 6 1
2083 112 0
2084 28 1
2085 115 1
2086 27 0
2087 40 1
2088 141 1
2089 90 1
2090 78 1
2091 51 1
2092 10 0
2093 8 0
2094 21 1
2095 72 1
2096 100 0
2097 87 1
2098 138 0
2099 123 1
2100 125 1
2101 128 1
2102 92 1
2103 134 0
2104 6 1
2105 102 1
2106 11 1
2107 123 0
2108 65 0
2109 71 0
2110 115 1
2111 27 1
2112 110 1
2113 130 0
2114 26 0
2115 127 0
2116 4 1
2117 112 1
2118 31 0
2119 42 0
2120 130 0
2121 122 1
2122 1 1
2123 68 0
2124 90 1
2125 110 1
2126 134 1
2127 81 0
2128 112 0
2129 5 1
2130 124 1
2131 45 0
2132 143 0
2133 33 1
2134 64 1
2135 116 1
2136 71 0
2137 41 1
2138 145 1
2139 96 1
2140 4 1
2141 100 1
2142 3 1
2143 43 1
2144 52 1
2145 9 1
2146 136 1
2147 114 1
2148 21 0
2149 113 1
2150 127 1
2151 36 1
2152 129 1
2153 131 1
2154 142 0
2155 21 1
2156 93 1
2157 41 1
2158 59 0
2159 20 1
2160 36 0
2161 96 1
2162 41 0
2163 59 1
2164 18 1
2165 103 1
2166 62 1
2167 3 0
2168 25 0
2169 73 0
2170 22 0
2171 70 1
2172 24 0
2173 73 1
2174 47 1
2175 2 1
2176 79 1
2177 11 0
2178 117 0
2179 138 1
2180 103 1
2181 36 1
2182 42 0
2183 61 0
2184 79 1
2185 43 0
2186 89 0
2187 25 1
2188 129 1
2189 100 0
2190 0 1
2191 68 0
2192 9 1
2193 8 1
2194 10 1
2195 114 1
2196 48 1
2197 131 0
2198 95 1
2199 114 1
2200 38 1
2201 135 0
2202 123 1
2203 144 1
2204 67 1
2205 90 0
2206 7 1
2207 51 0
2208 142 1
2209 99 1
2210 13 1
2211 22 1
2212 121 1
2213 108 1
2214 5 1
2215 102 1
2216 84 1
2217 75 1
2218 6 1
2219 120 1
2220 124 1
2221 45 1
2222 125 0
2223 104 1
2224 59 0
2225 80 1
2226 25 1
2227 91 1
2228 64 1
2229 22 1
2230 126 1
2231 70 1
2232 118 1
2233 129 1
2234 25 1
2235 102 1
2236 68 0
2237 37 0
2238 0 0
2239 69 0
2240 101 1
2241 89 0
2242 8 0
2243 81 0
2244 83 1
2245 99 1
2246 132 1
2247 79 0
2248 70 1
2249 130 1
2250 67 0
2251 54 1
2252 85 1
2253 85 1
2254 41 1
2255 49 0
2256 59 0
2257 76 0
2258 74 1
2259 97 1
2260 69 1
2261 27 1
2262 121 1
2263 59 0
2264 124 1
2265 147 0
2266 126 1
2267 134 1
2268 49 1
2269 53 1
2270 129 1
2271 40 0
2272 101 1
2273 117 0
2274 82 0
2275 141 1
2276 70 0
2277 108 1
2278 84 1
2279 42 0
2280 112 1
2281 111 0
2282 147 1
2283 58 0
2284 125 0
2285 42 0
2286 74 0
2287 103 1
2288 7 0
2289 106 1
2290 94 1
2291 92 1
2292 25 1
2293 15 1
2294 123 0
2295 29 1
2296 4 1
2297 82 0
2298 45 0
2299 104 0
2300 112 0
2301 33 1
2302 37 0
2303 117 0
2304 17 0
2305 133 1
2306 80 0
2307 84 1
2308 85 0
2309 74 0
2310 61 1
2311 51 0
2312 51 1
2313 25 1
2314 31 1
2315 23 0
2316 83 0
2317 138 1
2318 0 1
2319 68 1
2320 87 1
2321 85 1
2322 86 1
2323 132 1
2324 76 0
2325 135 1
2326 65 0
2327 63 0
2328 77 0
2329 117 1
2330 25 0
2331 59 1
2332 100 0
2333 37 1
2334 61 1
2335 22 1
2336 63 1
2337 28 0
2338 136 0
2339 77 0
2340 123 1
2341 10 1
2342 8 1
2343 113 1
2344 118 1
2345 1 1
2346 30 1
2347 9 1
2348 14 1
2349 134 0
2350 56 1
2351 31 1
2352 123 1
2353 26 1
2354 124 0
2355 132 0
2356 124 0
2357 95 0
2358 24 1
2359 121 1
2360 98 1
2361 43 0
2362 139 1
2363 14 1
2364 54 1
2365 36 1
2366 113 1
2367 135 1
2368 83 1
2369 8 0
2370 20 1
2371 114 0
2372 91 1
2373 33 1
2374 26 0
2375 66 1
2376 137 1
2377 105 1
2378 117 1
2379 89 1
2380 24 0
2381 39 0
2382 1 0
2383 87 1
2384 143 1
2385 99 1
2386 44 0
2387 116 1
2388 30 0
2389 58 0
2390 113 1
2391 33 1
2392 138 0
2393 39 1
2394 13 1
2395 36 1
2396 10 1
2397 36 1
2398 57 1
2399 51 0
2400 26 1
2401 119 0
2402 119 1
2403 13 1
2404 142 0
2405 58 1
2406 49 0
2407 17 1
2408 37 0
2409 51 1
2410 89 1
2411 44 1
2412 118 1
2413 14 1
2414 11 0
2415 79 1
2416 119 0
2417 12 1
2418 43 1
2419 143 0
2420 2 0
2421 48 1
2422 48 1
2423 46 1
2424 26 1
2425 40 1
2426 89 1
2427 66 1
2428 121 1
2429 87 1
2430 101 1
2431 74 1
2432 26 1
2433 118 1
2434 17 1
2435 106 0
2436 123 1
2437 26 1
2438 27 1
2439 65 1
2440 74 1
2441 20 1
2442 145 0
2443 128 1
2444 26 1
2445 103 1
2446 42 0
2447 7 1
2448 20 1
2449 137 0
2450 47 1
2451 12 1
2452 57 0
2453 1 0
2454 15 1
2455 138 1
2456 75 1
2457 105 1
2458 105 1
2459 43 1
2460 57 1
2461 15 1
2462 132 1
2463 72 1
2464 104 1
2465 50 1
2466 113 1
2467 129 1
2468 5 0
2469 11 1
2470 49 0
2471 109 1
2472 117 1
2473 50 1
2474 108 1
2475 110 1
2476 100 1
2477 73 1
2478 53 1
2479 44 1
2480 110 1
2481 21 1
2482 61 1
2483 2 0
2484 37 1
2485 138 0
2486 67 1
2487 116 0
2488 122 1
2489 67 1
2490 67 1
2491 56 0
2492 59 1
2493 59 0
2494 30 0
2495 78 1
2496 102 1
2497 120 0
2498 5 0
2499 133 1
2500 40 1
2501 86 1
2502 127 0
2503 4 1
2504 124 0
2505 140 1
2506 4 1
2507 71 1
2508 134 1
2509 80 1
2510 86 0
2511 62 1
2512 65 1
2513 108 0
2514 61 1
2515 70 1
2516 121 1
2517 112 0
2518 114 1
2519 106 1
2520 91 1
2521 141 0
2522 103 1
2523 64 1
2524 47 1
2525 11 0
2526 15 0
2527 130 1
2528 63 1
2529 107 1
2530 141 1
2531 77 0
2532 89 0
2533 23 1
2534 114 1
2535 49 0
2536 35 1
2537 58 0
2538 107 0
2539 37 0
2540 74 0
2541 96 1
2542 77 1
2543 74 1
2544 125 0
2545 21 0
2546 115 0
2547 41 0
2548 0 1
2549 112 1
2550 97 1
2551 77 1
2552 12 0
2553 131 1
2554 65 1
2555 30 0
2556 24 1
2557 133 1
2558 109 0
2559 50 1
2560 144 1
2561 13 1
2562 125 1
2563 72 1
2564 22 1
2565 93 1
2566 5 0
2567 111 1
2568 61 0
2569 42 1
2570 19 0
2571 21 1
2572 103 0
2573 101 1
2574 21 1
2575 106 0
2576 126 1
2577 33 0
2578 129 1
2579 134 0
2580 97 1
2581 130 1
2582 5 0
2583 77 1
2584 93 1
2585 0 1
2586 95 0
2587 112 1
2588 36 1
2589 122 1
2590 121 1
2591 31 1
2592 104 1
2593 108 1
2594 126 1
2595 45 1
2596 77 1
2597 135 0
2598 26 1
2599 8 1
2600 87 0
2601 39 1
2602 37 1
2603 41 0
2604 70 1
2605 35 1
2606 0 1
2607 47 1
2608 35 0
2609 147 1
2610 57 0
2611 142 1
2612 124 1
2613 24 0
2614 97 1
2615 77 0
2616 92 1
2617 26 1
2618 25 1
2619 55 1
2620 39 1
2621 94 1
2622 61 1
2623 4 0
2624 105 0
2625 14 0
2626 4 1
2627 53 1
2628 93 0
2629 87 1
2630 14 1
2631 34 1
2632 89 1
2633 141 1
2634 136 1
2635 17 1
2636 95 0
2637 23 1
2638 10 1
2639 60 0
2640 83 0
2641 86 1
2642 91 1
2643 23 0
2644 26 0
2645 131 1
2646 31 0
2647 51 1
2648 35 0
2649 139 1
2650 49 1
2651 7 0
2652 24 0
2653 108 0
2654 109 0
2655 106 1
2656 103 1
2657 87 0
2658 88 0
2659 136 1
2660 73 0
2661 59 0
2662 93 0
2663 33 0
2664 111 0
2665 108 1
2666 136 1
2667 112 1
2668 49 0
2669 99 1
2670 100 0
2671 107 1
2672 6 1
2673 7 0
2674 9 1
2675 17 1
2676 70 1
2677 47 1
2678 46 1
2679 100 1
2680 60 1
2681 125 1
2682 131 1
2683 114 1
2684 65 1
2685 147 1
2686 79 1
2687 30 0
2688 108 1
2689 39 0
2690 84 1
2691 9 1
2692 140 0
2693 74 1
2694 93 0
2695 100 1
2696 95 0
2697 10 1
2698 71 1
2699 67 0
2700 146 0
2701 111 1
2702 128 1
2703 118 1
2704 30 1
2705 111 1
2706 22 0
2707 76 1
2708 80 0
2709 53 0
2710 134 0
2711 83 1
2712 40 1
2713 116 1
2714 26 1
2715 4 1
2716 58 1
2717 57 0
2718 12 0
2719 32 1
2720 140 1
2721 112 1
2722 115 0
2723 81 1
2724 0 1
2725 29 0
2726 96 1
2727 23 0
2728 13 1
2729 4 1
2730 132 1
2731 19 1
2732 80 1
2733 37 1
2734 59 1
2735 91 1
2736 64 1
2737 118 1
2738 52 1
2739 87 1
2740 142 1
2741 90 1
2742 36 1
2743 131 1
2744 10 1
2745 45 1
2746 47 1
2747 88 1
2748 45 1
2749 124 0
2750 99 1
2751 60 1
2752 78 0
2753 99 1
2754 38 1
2755 35 0
2756 58 1
2757 27 0
2758 144 1
2759 100 1
2760 49 0
2761 52 1
2762 113 0
2763 32 0
2764 74 1
2765 71 1
2766 31 0
2767 94 0
2768 22 1
2769 92 0
2770 136 1
2771 145 0
2772 62 1
2773 97 1
2774 138 1
2775 20 1
2776 2 1
2777 144 1
2778 116 0
2779 134 0
2780 88 1
2781 25 1
2782 92 0
2783 132 1
2784 68 1
2785 80 1
2786 65 1
2787 59 1
2788 110 0
2789 141 1
2790 65 0
2791 96 0
2792 137 1
2793 42 1
2794 24 0
2795 104 0
2796 85 0
2797 39 1
2798 4 1
2799 101 1
2800 56 1
2801 33 1
2802 118 1
2803 56 1
2804 56 1
2805 85 1
2806 114 1
2807 144 1
2808 81 1
2809 17 0
2810 67 1
2811 121 1
2812 7 1
2813 43 1
2814 139 0
2815 136 1
2816 133 1
2817 125 0
2818 18 1
2819 36 0
2820 135 1
2821 4 0
2822 14 0
2823 13 0
2824 40 1
2825 104 0
2826 56 1
2827 16 1
2828 45 1
2829 126 1
2830 107 1
2831 40 1
2832 137 1
2833 100 0
2834 104 1
2835 38 1
2836 65 1
2837 97 0
2838 96 1
2839 78 1
2840 141 1
2841 95 0
2842 15 1
2843 16 0
2844 127 1
2845 52 0
2846 14 1
2847 135 1
2848 111 1
2849 18 1
2850 127 1
2851 62 1
2852 4 0
2853 27 0
2854 27 1
2855 140 1
2856 43 1
2857 26 1
2858 7 1
2859 22 1
2860 141 0
2861 30 1
2862 72 0
2863 114 1
2864 9 0
2865 6 1
2866 94 1
2867 85 1
2868 36 0
2869 6 1
2870 122 1
2871 40 1
2872 41 1
2873 128 1
2874 64 1
2875 140 1
2876 33 1
2877 117 1
2878 143 1
2879 44 1
2880 25 0
2881 141 1
2882 75 1
2883 25 1
2884 146 1
2885 79 0
2886 81 0
2887 94 1
2888 89 1
2889 75 1
2890 32 1
2891 115 1
2892 45 1
2893 23 1
2894 29 0
2895 97 1
2896 74 1
2897 25 1
2898 124 0
2899 113 1
2900 37 1
2901 147 1
2902 67 0
2903 48 1
2904 71 1
2905 117 1
2906 95 0
2907 126 1
2908 30 0
2909 138 1
2910 25 1
2911 113 1
2912 82 1
2913 101 0
2914 144 1
2915 137 1
2916 66 1
2917 107 1
2918 134 0
2919 97 0
2920 35 1
2921 22 1
2922 12 1
2923 80 0
2924 53 0
2925 5 1
2926 9 1
2927 31 0
2928 64 1
2929 106 0
2930 7 1
2931 49 1
2932 136 1
2933 111 1
2934 67 0
2935 41 1
2936 135 1
2937 138 1
2938 115 1
2939 93 1
2940 44 0
2941 3 1
2942 120 1
2943 101 1
2944 123 1
2945 104 1
2946 110 1
2947 107 1
2948 117 0
2949 82 1
2950 139 1
2951 44 1
2952 90 1
2953 30 1
2954 8 1
2955 129 1
2956 74 1
2957 9 0
2958 123 1
2959 91 0
2960 125 1
2961 132 0
2962 105 1
2963 143 1
2964 118 1
2965 67 1
2966 104 0
2967 140 0
2968 101 1
2969 59 0
2970 49 0
2971 117 1
2972 129 1
2973 126 1
2974 141 1
2975 107 1
2976 20 0
2977 15 1
2978 88 0
2979 60 1
2980 43 1
2981 124 1
2982 143 1
2983 97 0
2984 94 0
2985 14 1
2986 4 1
2987 23 1
2988 14 1
2989 143 1
2990 26 1
2991 83 1
2992 46 0
2993 128 0
2994 64 0
2995 53 0
2996 71 1
2997 10 1
2998 101 1
2999 119 0
3000 71 0
3001 94 1
3002 116 1
3003 113 1
3004 74 0
3005 95 1
3006 63 1
3007 147 0
3008 32 0
3009 104 0
3010 71 0
3011 107 0
3012 90 1
3013 113 0
3014 32 1
3015 46 1
3016 121 0
3017 82 1
3018 14 1
3019 28 1
3020 60 1
3021 41 1
3022 57 1
3023 41 1
3024 123 1
3025 141 1
3026 6 1
3027 144 0
3028 25 0
3029 95 0
3030 1 1
3031 116 1
3032 133 1
3033 20 1
3034 55 1
3035 140 0
3036 76 1
3037 143 1
3038 81 1
3039 127 0
3040 33 1
3041 58 1
3042 29 1
3043 91 1
3044 68 1
3045 68 0
3046 31 1
3047 96 0
3048 43 1
3049 120 1
3050 16 1
3051 118 0
3052 101 1
3053 130 1
3054 1 1
3055 46 1
3056 133 1
3057 29 1
3058 62 0
3059 121 1
3060 62 1
3061 104 0
3062 129 1
3063 65 1
3064 72 0
3065 123 0
3066 105 1
3067 137 1
3068 110 1
3069 48 1
3070 132 0
3071 101 1
3072 50 1
3073 132 0
3074 58 0
3075 51 0
3076 50 1
3077 117 0
3078 111 1
3079 108 0
3080 124 1
3081 80 1
3082 133 1
3083 96 1
3084 92 1
3085 15 1
3086 143 1
3087 45 1
3088 55 1
3089 115 1
3090 90 0
3091 138 0
3092 78 0
3093 128 0
3094 99 1
3095 33 1
3096 128 1
3097 113 1
3098 86 1
3099 114 1
3100 111 0
3101 106 0
3102 54 1
3103 108 0
3104 137 1
3105 128 1
3106 146 1
3107 28 0
3108 34 1
3109 21 0
3110 0 0
3111 17 1
3112 71 0
3113 51 1
3114 96 0
3115 91 1
3116 102 1
3117 70 1
3118 105 0
3119 119 0
3120 10 1
3121 77 0
3122 25 0
3123 136 0
3124 17 1
3125 1 0
3126 116 1
3127 103 0
3128 53 1
3129 5 1
3130 127 0
3131 113 1
3132 50 1
3133 90 1
3134 21 0
3135 5 1
3136 116 0
3137 91 1
3138 144 0
3139 10 1
3140 141 1
3141 135 1
3142 134 1
3143 52 1
3144 52 0
3145 92 1
3146 58 0
3147 17 1
3148 144 1
3149 115 1
3150 125 1
3151 101 0
3152 62 1
3153 43 1
3154 28 1
3155 28 1
3156 117 0
3157 34 1
3158 62 1
3159 46 1
3160 48 0
3161 102 1
3162 48 1
3163 66 1
3164 130 1
3165 70 1
3166 13 1
3167 105 0
3168 121 1
3169 90 0
3170 54 1
3171 127 1
3172 38 1
3173 82 0
3174 100 0
3175 22 1
3176 22 1
3177 63 1
3178 95 1
3179 123 0
3180 23 1
3181 37 0
3182 69 1
3183 69 0
3184 47 1
3185 52 0
3186 130 0
3187 80 0
3188 44 0
3189 24 1
3190 98 1
3191 6 1
3192 75 1
3193 95 1
3194 103 1
3195 4 1
3196 115 0
3197 120 1
3198 140 1
3199 87 0
3200 52 1
3201 96 1
3202 74 1
3203 10 0
3204 146 1
3205 72 1
3206 37 1
3207 69 1
3208 51 1
3209 90 0
3210 86 1
3211 90 1
3212 93 1
3213 46 1
3214 7 1
3215 81 0
3216 29 1
3217 50 0
3218 110 0
3219 127 1
3220 147 1
3221 57 1
3222 85 1
3223 104 1
3224 46 1
3225 47 0
3226 45 0
3227 141 0
3228 103 1
3229 32 1
3230 130 0
3231 126 1
3232 46 1
3233 71 0
3234 140 0
3235 21 1
3236 57 0
3237 131 1
3238 12 1
3239 35 1
3240 134 1
3241 146 1
3242 28 0
3243 74 1
3244 135 0
3245 50 1
3246 123 1
3247 85 0
3248 108 0
3249 82 0
3250 111 1
3251 48 1
3252 85 1
3253 119 0
3254 23 0
3255 59 0
3256 140 1
3257 144 1
3258 100 0
3259 56 1
3260 80 1
3261 13 1
3262 38 1
3263 129 1
3264 107 1
3265 2 1
3266 70 1
3267 46 1
3268 134 1
3269 60 1
3270 75 0
3271 70 0
3272 132 1
3273 140 1
3274 41 1
3275 128 0
3276 58 1
3277 81 0
3278 144 1
3279 146 1
3280 29 0
3281 33 0
3282 103 0
3283 62 1
3284 53 1
3285 2 0
3286 49 1
3287 101 1
3288 43 1
3289 73 1
3290 142 1
3291 13 1
3292 4 1
3293 53 1
3294 112 1
3295 60 1
3296 104 1
3297 144 1
3298 129 1
3299 53 1
3300 136 0
3301 68 1
3302 32 1
3303 26 0
3304 114 1
3305 19 1
3306 110 0
3307 117 0
3308 83 1
3309 18 0
3310 73 0
3311 93 1
3312 128 0
3313 90 1
3314 104 0
3315 48 0
3316 7 1
3317 86 0
3318 41 1
3319 71 1
3320 117 1
3321 124 1
3322 80 1
3323 97 1
3324 115 0
3325 63 1
3326 2 0
3327 71 0
3328 3 0
3329 47 1
3330 16 1
3331 104 0
3332 20 0
3333 116 1
3334 60 1
3335 78 1
3336 86 0
3337 12 1
3338 0 0
3339 86 1
3340 76 1
3341 60 0
3342 62 1
3343 16 0
3344 4 1
3345 129 1
3346 116 0
3347 45 1
3348 32 0
3349 58 0
3350 8 1
3351 77 1
3352 43 1
3353 17 1
3354 50 1
3355 62 1
3356 9 0
3357 65 0
3358 62 1
3359 93 1
3360 102 1
3361 88 1
3362 63 1
3363 14 0
3364 102 0
3365 144 1
3366 113 1
3367 109 1
3368 67 0
3369 7 1
3370 134 0
3371 53 1
3372 1 0
3373 23 1
3374 104 1
3375 34 1
3376 42 1
3377 32 1
3378 63 1
3379 105 1
3380 24 0
3381 128 0
3382 132 1
3383 50 1
3384 120 1
3385 73 1
3386 31 0
3387 58 0
3388 53 0
3389 0 1
3390 101 0
3391 120 0
3392 61 0
3393 57 1
3394 7 1
3395 142 1
3396 72 0
3397 73 0
3398 19 1
3399 12 0
3400 136 0
3401 55 1
3402 20 0
3403 104 0
3404 3 1
3405 134 1
3406 43 0
3407 56 0
3408 67 1
3409 80 1
3410 31 1
3411 10 1
3412 4 0
3413 116 1
3414 14 1
3415 120 0
3416 22 0
3417 74 1
3418 0 1
3419 71 0
3420 39 0
3421 64 1
3422 120 1
3423 90 0
3424 137 0
3425 17 1
3426 53 1
3427 132 0
3428 14 1
3429 134 0
3430 37 1
3431 83 0
3432 89 1
3433 57 1
3434 144 1
3435 145 1
3436 90 0
3437 22 1
3438 137 1
3439 5 0
3440 92 0
3441 6 0
3442 102 1
3443 107 1
3444 144 0
3445 101 1
3446 7 1
3447 145 1
3448 1 0
3449 142 1
3450 87 1
3451 86 0
3452 8 0
3453 143 0
3454 29 1
3455 79 1
3456 74 1
3457 23 1
3458 128 1
3459 101 1
3460 32 0
3461 114 1
3462 142 0
3463 92 0
3464 121 0
3465 45 1
3466 33 1
3467 45 0
3468 48 1
3469 46 1
3470 144 1
3471 103 1
3472 114 1
3473 55 1
3474 12 1
3475 79 1
3476 114 0
3477 136 1
3478 16 0
3479 60 1
3480 122 0
3481 6 0
3482 45 1
3483 4 1
3484 48 1
3485 74 1
3486 79 0
3487 20 1
3488 111 1
3489 0 1
3490 40 1
3491 20 1
3492 81 1
3493 71 1
3494 44 1
3495 140 0
3496 96 0
3497 77 1
3498 6 0
3499 42 1
3500 87 1
3501 100 0
3502 102 1
3503 72 0
3504 55 1
3505 94 1
3506 56 1
3507 58 0
3508 79 1
3509 140 1
3510 68 1
3511 46 1
3512 34 0
3513 62 1
3514 13 1
3515 0 1
3516 29 1
3517 75 0
3518 80 1
3519 102 1
3520 123 1
3521 135 0
3522 66 0
3523 74 1
3524 78 1
3525 25 1
3526 102 1
3527 118 1
3528 98 0
3529 133 1
3530 93 1
3531 116 0
3532 93 1
3533 106 0
3534 94 0
3535 65 1
3536 12 1
3537 5 1
3538 53 1
3539 76 1
3540 101 0
3541 137 1
3542 76 1
3543 0 1
3544 44 0
3545 138 1
3546 75 0
3547 15 0
3548 53 0
3549 98 0
3550 138 1
3551 25 0
3552 23 0
3553 82 0
3554 66 1
3555 15 1
3556 68 0
3557 127 0
3558 111 1
3559 75 1
3560 16 1
3561 100 1
3562 76 1
3563 16 1
3564 46 0
3565 137 1
3566 33 0
3567 39 0
3568 97 1
3569 132 0
3570 88 0
3571 86 1
3572 3 0
3573 56 1
3574 44 0
3575 78 1
3576 102 1
3577 56 1
3578 102 1
3579 20 1
3580 90 0
3581 37 0
3582 76 1
3583 31 1
3584 6 0
3585 92 1
3586 118 1
3587 6 0
3588 0 0
3589 44 1
3590 98 0
3591 10 0
3592 108 1
3593 39 1
3594 95 1
3595 115 1
3596 121 0
3597 13 0
3598 133 1
3599 127 0
3600 112 1
3601 137 1
3602 7 1
3603 12 1
3604 13 0
3605 104 1
3606 82 0
3607 120 0
3608 41 1
3609 61 1
3610 27 1
3611 77 0
3612 85 1
3613 6 1
3614 39 1
3615 113 1
3616 110 1
3617 41 1
3618 1 0
3619 80 1
3620 109 1
3621 83 1
3622 11 1
3623 94 1
3624 23 1
3625 92 1
3626 88 1
3627 6 0
3628 112 1
3629 0 0
3630 51 1
3631 110 0
3632 24 1
3633 138 0
3634 109 1
3635 145 1
3636 63 1
3637 122 1
3638 39 1
3639 83 1
3640 128 1
3641 68 0
3642 50 1
3643 50 1
3644 140 1
3645 26 1
3646 25 1
3647 64 1
3648 44 1
3649 31 1
3650 80 0
3651 33 1
3652 64 0
3653 27 0
3654 128 1
3655 122 0
3656 42 0
3657 132 0
3658 22 1
3659 115 1
3660 94 0
3661 13 1
3662 33 1
3663 72 1
3664 35 1
3665 136 1
3666 36 0
3667 67 0
3668 80 1
3669 109 1
3670 13 1
3671 72 1
3672 30 1
3673 104 1
3674 48 1
3675 66 1
3676 116 1
3677 17 1
3678 60 0
3679 131 1
3680 97 1
3681 19 0
3682 96 1
3683 139 1
3684 137 0
3685 89 0
3686 87 1
3687 13 1
3688 27 0
3689 74 1
3690 92 1
3691 121 0
3692 28 1
3693 18 1
3694 131 1
3695 140 1
3696 77 1
3697 119 1
3698 106 1
3699 106 1
3700 114 1
3701 53 1
3702 18 1
3703 127 1
3704 88 0
3705 24 1
3706 3 1
3707 49 1
3708 39 0
3709 76 1
3710 24 0
3711 103 1
3712 36 1
3713 31 1
3714 36 1
3715 141 0
3716 45 1
3717 64 0
3718 17 1
3719 12 1
3720 53 1
3721 41 0
3722 85 1
3723 88 1
3724 113 1
3725 147 0
3726 137 1
3727 143 1
3728 81 1
3729 124 1
3730 24 0
3731 76 0
3732 120 1
3733 133 0
3734 139 1
3735 146 1
3736 138 0
3737 101 0
3738 86 1
3739 104 1
3740 14 1
3741 42 1
3742 109 0
3743 133 1
3744 20 0
3745 116 0
3746 36 0
3747 113 0
3748 140 0
3749 50 0
3750 104 1
3751 28 0
3752 140 1
3753 73 1
3754 75 1
3755 35 0
3756 132 1
3757 145 1
3758 70 1
3759 92 0
3760 48 1
3761 90 1
3762 8 1
3763 145 1
3764 110 0
3765 132 0
3766 147 1
3767 64 1
3768 46 1
3769 123 1
3770 19 0
3771 19 1
3772 43 1
3773 106 1
3774 103 1
3775 12 1
3776 15 0
3777 140 1
3778 62 0
3779 76 0
3780 88 1
3781 47 1
3782 28 1
3783 35 1
3784 6 1
3785 5 1
3786 124 1
3787 133 0
3788 145 0
3789 37 1
3790 46 1
3791 7 1
3792 55 1
3793 84 1
3794 92 1
3795 99 1
3796 28 1
3797 128 1
3798 14 1
3799 36 0
3800 78 1
3801 2 0
3802 117 1
3803 126 1
3804 131 1
3805 118 1
3806 116 0
3807 90 0
3808 133 1
3809 97 1
3810 143 1
3811 66 0
3812 47 1
3813 132 0
3814 114 1
3815 38 0
3816 113 0
3817 2 0
3818 79 1
3819 101 0
3820 99 1
3821 143 1
3822 58 1
3823 47 1
3824 68 0
3825 25 1
3826 45 1
3827 42 1
3828 42 1
3829 13 0
3830 99 0
3831 104 1
3832 143 1
3833 52 0
3834 43 1
3835 41 1
3836 33 1
3837 18 0
3838 122 1
3839 39 1
3840 114 1
3841 61 1
3842 60 1
3843 59 1
3844 35 1
3845 15 1
3846 28 1
3847 51 1
3848 35 0
3849 98 1
3850 13 1
3851 125 1
3852 81 1
3853 94 0
3854 113 1
3855 54 0
3856 101 1
3857 46 1
3858 123 1
3859 73 1
3860 82 0
3861 145 1
3862 16 0
3863 37 1
3864 108 1
3865 34 0
3866 84 1
3867 123 0
3868 111 0
3869 124 1
3870 10 1
3871 60 0
3872 50 0
3873 82 0
3874 116 0
3875 36 1
3876 51 1
3877 116 1
3878 37 1
3879 119 1
3880 98 1
3881 22 0
3882 69 1
3883 103 1
3884 23 0
3885 13 1
3886 14 0
3887 102 1
3888 137 1
3889 141 1
3890 147 0
3891 16 1
3892 18 1
3893 22 0
3894 94 1
3895 105 0
3896 103 1
3897 34 1
3898 30 1
3899 13 0
3900 25 1
3901 43 1
3902 56 1
3903 59 1
3904 85 1
3905 11 1
3906 38 1
3907 143 1
3908 115 1
3909 16 0
3910 115 1
3911 62 1
3912 6 1
3913 51 1
3914 42 1
3915 97 1
3916 47 1
3917 62 1
3918 42 0
3919 9 0
3920 130 0
3921 20 0
3922 99 0
3923 128 0
3924 85 1
3925 32 1
3926 23 1
3927 79 1
3928 96 1
3929 73 0
3930 3 1
3931 110 0
3932 15 1
3933 58 1
3934 102 1
3935 90 1
3936 139 1
3937 60 0
3938 82 1
3939 112 0
3940 141 1
3941 27 1
3942 48 0
3943 1 1
3944 142 0
3945 38 1
3946 97 1
3947 100 1
3948 129 1
3949 74 1
3950 33 1
3951 123 1
3952 83 0
3953 70 0
3954 127 1
3955 140 0
3956 135 1
3957 41 0
3958 30 0
3959 135 0
3960 21 1
3961 126 0
3962 130 1
3963 135 1
3964 44 0
3965 2 1
3966 34 1
3967 5 1
3968 64 0
3969 90 1
3970 13 1
3971 121 1
3972 57 1
3973 140 1
3974 13 1
3975 16 1
3976 58 0
3977 57 0
3978 28 0
3979 56 0
3980 62 1
3981 1 1
3982 88 1
3983 21 0
3984 133 1
3985 56 1
3986 97 1
3987 104 0
3988 0 0
3989 146 0
3990 128 0
3991 48 1
3992 113 0
3993 79 0
3994 106 1
3995 66 0
3996 97 0
3997 116 1
3998 30 1
3999 50 0
4000 4 1
4001 23 1
4002 40 0
4003 64 0
4004 31 0
4005 53 1
4006 33 0
4007 50 0
4008 68 1
4009 97 0
4010 72 0
4011 47 1
4012 91 1
4013 67 1
4014 109 1
4015 94 1
4016 76 0
4017 75 1
4018 0 1
4019 60 1
4020 9 0
4021 43 0
4022 23 1
4023 146 1
4024 31 1
4025 22 1
4026 66 0
4027 134 1
4028 40 1
4029 36 1
4030 23 0
4031 71 1
4032 99 1
4033 119 1
4034 41 1
4035 34 1
4036 100 1
4037 145 1
4038 128 0
4039 23 0
4040 98 1
4041 71 0
4042 18 1
4043 131 1
4044 111 1
4045 112 1
4046 53 0
4047 41 0
4048 33 1
4049 59 0
4050 147 1
4051 29 1
4052 75 1
4053 31 1
4054 30 1
4055 119 1
4056 4 0
4057 101 0
4058 4 0
4059 134 1
4060 7 0
4061 57 1
4062 134 1
4063 72 1
4064 14 1
4065 50 1
4066 77 0
4067 16 1
4068 113 1
4069 112 0
4070 7 0
4071 80 1
4072 29 0
4073 86 0
4074 22 1
4075 104 1
4076 23 1
4077 98 0
4078 111 1
4079 36 0
4080 6 0
4081 42 1
4082 121 1
4083 43 1
4084 11 1
4085 38 1
4086 46 0
4087 29 1
4088 56 1
4089 65 1
4090 92 1
4091 63 1
4092 139 1
4093 80 0
4094 88 1
4095 36 1
4096 107 1
4097 133 1
4098 42 1
4099 124 1
4100 140 1
4101 71 1
4102 89 1
4103 70 0
4104 24 1
4105 31 0
4106 114 1
4107 136 1
4108 64 1
4109 112 1
4110 90 0
4111 2 0
4112 132 1
4113 86 1
4114 119 0
4115 131 1
4116 33 1
4117 106 1
4118 110 0
4119 75 0
4120 68 1
4121 8 1
4122 8 1
4123 44 0
4124 117 1
4125 128 1
4126 61 1
4127 65 1
4128 21 0
4129 123 1
4130 22 1
4131 8 1
4132 64 1
4133 133 1
4134 143 0
4135 66 1
4136 70 1
4137 54 1
4138 26 1
4139 55 0
4140 62 0
4141 11 0
4142 18 0
4143 125 1
4144 36 1
4145 84 1
4146 111 1
4147 69 1
4148 111 0
4149 107 1
4150 70 0
4151 126 1
4152 55 0
4153 26 1
4154 86 1
4155 33 1
4156 21 1
4157 80 1
4158 77 1
4159 86 1
4160 63 0
4161 127 0
4162 20 0
4163 54 1
4164 110 1
4165 142 1
4166 142 1
4167 32 0
4168 108 1
4169 35 1
4170 96 1
4171 2 1
4172 69 1
4173 112 1
4174 45 1
4175 68 1
4176 126 1
4177 134 1
4178 104 1
4179 33 1
4180 62 1
4181 55 1
4182 7 1
4183 10 1
4184 51 1
4185 117 1
4186 70 1
4187 21 1
4188 107 1
4189 94 0
4190 140 0
4191 112 1
4192 19 0
4193 72 0
4194 147 0
4195 146 0
4196 89 1
4197 119 1
4198 98 1
4199 116 0
4200 131 0
4201 52 1
4202 58 1
4203 96 1
4204 15 1
4205 73 0
4206 14 0
4207 30 1
4208 143 0
4209 112 1
4210 16 1
4211 109 0
4212 25 1
4213 107 1
4214 17 1
4215 28 1
4216 65 1
4217 105 1
4218 58 0
4219 96 1
4220 53 1
4221 132 0
4222 14 1
4223 4 1
4224 73 0
4225 57 0
4226 35 1
4227 47 0
4228 2 1
4229 35 1
4230 134 1
4231 124 1
4232 48 1
4233 131 1
4234 91 1
4235 83 1
4236 5 0
4237 115 1
4238 38 0
4239 81 0
4240 44 1
4241 52 1
4242 8 1
4243 44 0
4244 62 1
4245 38 1
4246 99 1
4247 56 0
4248 147 1
4249 9 0
4250 22 1
4251 43 1
4252 115 0
4253 47 1
4254 86 0
4255 20 1
4256 119 1
4257 114 1
4258 129 0
4259 146 0
4260 141 1
4261 100 0
4262 102 1
4263 47 1
4264 99 0
4265 0 1
4266 104 0
4267 53 1
4268 11 1
4269 129 1
4270 132 0
4271 36 1
4272 31 0
4273 91 0
4274 64 0
4275 11 1
4276 29 1
4277 106 1
4278 23 1
4279 136 0
4280 114 0
4281 52 0
4282 137 1
4283 98 1
4284 109 1
4285 105 1
4286 38 1
4287 5 1
4288 47 1
4289 133 1
4290 37 1
4291 73 0
4292 12 1
4293 101 0
4294 88 1
4295 114 1
4296 34 1
4297 29 1
4298 79 1
4299 31 1
4300 111 0
4301 37 1
4302 34 1
4303 122 0
4304 138 1
4305 45 0
4306 60 1
4307 49 0
4308 53 1
4309 63 0
4310 48 1
4311 100 0
4312 3 1
4313 62 1
4314 13 1
4315 26 1
4316 134 0
4317 82 1
4318 10 0
4319 103 1
4320 120 0
4321 132 1
4322 75 0
4323 8 0
4324 88 0
4325 78 1
4326 5 1
4327 123 0
4328 64 0
4329 143 1
4330 86 1
4331 10 0
4332 137 1
4333 94 1
4334 52 0
4335 53 1
4336 5 1
4337 108 0
4338 123 1
4339 17 0
4340 144 1
4341 104 1
4342 126 0
4343 61 1
4344 124 1
4345 76 1
4346 130 1
4347 136 1
4348 82 1
4349 119 1
4350 87 1
4351 63 0
4352 114 1
4353 129 1
4354 96 1
4355 57 1
4356 93 1
4357 145 1
4358 101 1
4359 71 1
4360 71 1
4361 141 1
4362 86 1
4363 25 0
4364 19 1
4365 59 0
4366 125 1
4367 102 0
4368 7 1
4369 32 1
4370 133 0
4371 4 1
4372 60 1
4373 107 1
4374 16 0
4375 91 0
4376 81 1
4377 45 1
4378 21 1
4379 144 1
4380 75 0
4381 50 1
4382 134 1
4383 143 1
4384 44 0
4385 53 1
4386 125 1
4387 65 1
4388 110 0
4389 103 0
4390 106 0
4391 23 0
4392 87 1
4393 15 1
4394 147 1
4395 53 1
4396 22 1
4397 126 1
4398 64 1
4399 106 0
4400 8 0
4401 95 1
4402 120 1
4403 75 0
4404 88 1
4405 18 0
4406 129 1
4407 41 1
4408 65 1
4409 80 1
4410 75 1
4411 42 1
4412 141 0
4413 63 1
4414 1 1
4415 70 1
4416 137 0
4417 48 0
4418 81 1
4419 0 0
4420 58 0
4421 23 1
4422 15 1
4423 63 1
4424 129 1
4425 101 1
4426 129 1
4427 59 1
4428 120 1
4429 31 0
4430 99 1
4431 36 0
4432 23 1
4433 6 1
4434 15 0
4435 30 0
4436 77 1
4437 120 1
4438 75 1
4439 129 0
4440 31 1
4441 69 1
4442 131 0
4443 38 1
4444 58 1
4445 129 1
4446 127 0
4447 2 1
4448 57 0
4449 12 1
4450 67 1
4451 102 1
4452 104 1
4453 140 1
4454 14 1
4455 44 0
4456 109 0
4457 109 1
4458 146 1
4459 3 1
4460 121 1
4461 118 1
4462 54 1
4463 103 0
4464 85 0
4465 141 0
4466 18 0
4467 52 1
4468 126 1
4469 58 1
4470 123 1
4471 90 1
4472 119 1
4473 36 1
4474 51 1
4475 26 0
4476 76 0
4477 125 0
4478 73 0
4479 51 1
4480 56 0
4481 67 0
4482 95 1
4483 48 1
4484 121 1
4485 119 1
4486 112 0
4487 136 1
4488 17 1
4489 105 0
4490 115 1
4491 145 0
4492 84 0
4493 79 0
4494 11 0
4495 72 1
4496 78 1
4497 45 1
4498 16 1
4499 55 1
4500 104 1
4501 137 1
4502 44 1
4503 108 0
4504 105 1
4505 86 1
4506 5 1
4507 116 1
4508 14 1
4509 3 0
4510 81 1
4511 48 1
4512 119 1
4513 141 1
4514 91 0
4515 28 0
4516 127 1
4517 71 1
4518 2 0
4519 136 1
4520 54 1
4521 84 1
4522 63 1
4523 53 1
4524 4 1
4525 59 1
4526 87 1
4527 53 1
4528 53 1
4529 98 0
4530 94 0
4531 147 0
4532 4 1
4533 52 1
4534 58 1
4535 70 0
4536 20 0
4537 128 0
4538 111 1
4539 64 0
4540 141 0
4541 8 1
4542 135 1
4543 43 1
4544 63 1
4545 140 0
4546 129 1
4547 39 0
4548 17 1
4549 44 1
4550 37 1
4551 48 0
4552 25 1
4553 44 0
4554 61 1
4555 59 0
4556 136 1
4557 91 1
4558 85 0
4559 119 1
4560 32 0
4561 63 1
4562 6 0
4563 51 1
4564 98 1
4565 107 1
4566 18 1
4567 96 0
4568 36 1
4569 136 1
4570 5 0
4571 108 0
4572 20 0
4573 72 1
4574 90 1
4575 106 1
4576 58 0
4577 92 0
4578 28 1
4579 43 0
4580 98 1
4581 114 0
4582 63 0
4583 117 1
4584 107 1
4585 5 1
4586 5 0
4587 113 0
4588 121 0
4589 35 1
4590 36 1
4591 142 1
4592 67 1
4593 114 1
4594 89 1
4595 125 0
4596 64 0
4597 60 1
4598 58 1
4599 131 1
4600 39 1
4601 85 1
4602 6 1
4603 26 1
4604 43 0
4605 147 1
4606 106 1
4607 77 0
4608 35 0
4609 24 0
4610 104 0
4611 120 0
4612 49 1
4613 52 0
4614 114 1
4615 80 1
4616 128 1
4617 5 1
4618 23 0
4619 70 0
4620 144 1
4621 49 1
4622 115 1
4623 32 1
4624 73 1
4625 83 1
4626 111 0
4627 103 1
4628 140 1
4629 24 1
4630 51 0
4631 67 0
4632 78 0
4633 121 1
4634 8 1
4635 72 0
4636 114 1
4637 11 1
4638 4 1
4639 40 0
4640 5 1
4641 63 0
4642 135 0
4643 84 0
4644 130 0
4645 93 0
4646 21 1
4647 20 0
4648 41 0
4649 104 1
4650 37 1
4651 9 0
4652 2 1
4653 93 0
4654 117 1
4655 39 0
4656 65 0
4657 98 1
4658 25 1
4659 40 1
4660 99 1
4661 144 1
4662 50 0
4663 27 0
4664 62 1
4665 96 0
4666 64 0
4667 59 1
4668 127 1
4669 80 0
4670 41 0
4671 26 1
4672 126 0
4673 20 0
4674 114 0
4675 115 1
4676 2 1
4677 141 1
4678 32 1
4679 100 1
4680 12 1
4681 2 1
4682 7 1
4683 98 1
4684 21 0
4685 90 1
4686 53 1
4687 125 0
4688 48 1
4689 88 1
4690 66 0
4691 132 1
4692 71 1
4693 25 0
4694 6 0
4695 6 0
4696 79 0
4697 146 1
4698 25 1
4699 28 1
4700 30 0
4701 13 1
4702 42 1
4703 71 0
4704 144 1
4705 104 1
4706 23 1
4707 34 1
4708 74 1
4709 6 1
4710 90 1
4711 98 1
4712 125 1
4713 63 1
4714 96 0
4715 101 1
4716 17 0
4717 17 1
4718 61 1
4719 1 1
4720 56 1
4721 119 0
4722 2 1
4723 78 1
4724 21 1
4725 60 1
4726 53 0
4727 88 0
4728 10 0
4729 86 0
4730 146 1
4731 136 0
4732 6 0
4733 126 1
4734 50 1
4735 28 1
4736 137 0
4737 90 1
4738 108 0
4739 23 1
4740 61 1
4741 145 1
4742 93 1
4743 49 1
4744 45 1
4745 113 1
4746 27 0
4747 111 1
4748 10 1
4749 56 1
4750 121 1
4751 124 1
4752 39 1
4753 57 1
4754 43 1
4755 85 1
4756 15 0
4757 122 1
4758 125 0
4759 19 1
4760 63 0
4761 118 1
4762 137 1
4763 131 1
4764 76 1
4765 17 0
4766 79 1
4767 116 0
4768 15 1
4769 74 0
4770 10 1
4771 118 0
4772 146 1
4773 90 1
4774 73 1
4775 146 0
4776 50 0
4777 35 1
4778 102 1
4779 143 0
4780 110 1
4781 36 1
4782 109 0
4783 64 0
4784 29 0
4785 139 1
4786 1 1
4787 21 0
4788 11 0
4789 123 0
4790 80 1
4791 124 1
4792 142 1
4793 74 1
4794 82 1
4795 31 1
4796 38 1
4797 137 1
4798 123 1
4799 80 1
4800 43 1
4801 0 1
4802 138 1
4803 97 0
4804 36 0
4805 137 1
4806 2 1
4807 3 0
4808 81 1
4809 144 1
4810 102 1
4811 15 0
4812 146 1
4813 96 0
4814 110 1
4815 30 0
4816 4 1
4817 6 1
4818 103 0
4819 47 0
4820 36 0
4821 63 1
4822 106 0
4823 86 1
4824 99 0
4825 10 1
4826 14 1
4827 98 0
4828 81 1
4829 90 0
4830 75 1
4831 5 0
4832 106 1
4833 30 0
4834 71 1
4835 8 1
4836 70 1
4837 145 1
4838 94 0
4839 119 1
4840 121 0
4841 99 1
4842 58 0
4843 104 1
4844 96 0
4845 139 0
4846 122 1
4847 111 1
4848 59 1
4849 45 1
4850 26 1
4851 141 1
4852 28 1
4853 124 0
4854 29 1
4855 72 1
4856 32 1
4857 94 0
4858 125 1
4859 134 1
4860 0 1
4861 105 0
4862 25 1
4863 106 1
4864 113 1
4865 23 0
4866 108 1
4867 88 0
4868 59 1
4869 15 1
4870 116 1
4871 47 1
4872 67 0
4873 143 1
4874 96 0
4875 74 0
4876 62 0
4877 27 0
4878 100 1
4879 128 1
4880 41 1
4881 58 0
4882 71 0
4883 43 1
4884 19 0
4885 27 1
4886 102 0
4887 93 1
4888 24 0
4889 117 1
4890 122 1
4891 26 0
4892 128 1
4893 80 1
4894 91 1
4895 50 1
4896 19 1
4897 135 0
4898 115 1
4899 125 1
4900 44 1
4901 26 1
4902 86 1
4903 71 1
4904 112 1
4905 136 1
4906 137 1
4907 78 0
4908 119 0
4909 5 1
4910 26 1
4911 48 1
4912 24 0
4913 40 1
4914 21 1
4915 126 1
4916 29 1
4917 20 1
4918 80 1
4919 130 1
4920 36 0
4921 86 1
4922 36 1
4923 98 0
4924 79 1
4925 123 0
4926 116 0
4927 107 1
4928 66 0
4929 36 1
4930 68 1
4931 108 1
4932 122 0
4933 116 1
4934 72 1
4935 54 1
4936 121 0
4937 142 1
4938 9 1
4939 122 1
4940 4 1
4941 53 0
4942 76 0
4943 69 0
4944 63 0
4945 37 1
4946 23 0
4947 36 1
4948 126 1
4949 60 0
4950 8 1
4951 18 1
4952 107 0
4953 147 0
4954 9 1
4955 12 1
4956 26 0
4957 38 1
4958 130 1
4959 52 1
4960 116 0
4961 81 1
4962 87 0
4963 144 0
4964 26 1
4965 71 1
4966 23 1
4967 24 1
4968 6 1
4969 2 0
4970 145 0
4971 28 1
4972 35 1
4973 30 1
4974 129 0
4975 115 1
4976 76 1
4977 44 1
4978 121 0
4979 132 0
4980 1 1
4981 42 1
4982 100 0
4983 58 1
4984 90 1
4985 121 1
4986 30 1
4987 66 1
4988 24 1
4989 135 0
4990 135 0
4991 7 1
4992 54 1
4993 130 1
4994 145 1
4995 132 0
4996 29 1
4997 75 0
4998 93 1
4999 140 1
5000 98 1
5001 78 0
5002 71 0
5003 98 0
5004 49 1
5005 6 1
5006 92 1
5007 3 1
5008 117 1
5009 131 0
5010 55 0
5011 69 0
5012 45 1
5013 117 1
5014 33 0
5015 129 1
5016 127 0
5017 68 1
5018 64 1
5019 102 1
5020 8 1
5021 105 1
5022 26 0
5023 56 0
5024 49 0
5025 118 1
5026 110 0
5027 92 0
5028 35 0
5029 102 1
5030 127 1
5031 8 1
5032 3 0
5033 112 1
5034 146 1
5035 84 1
5036 79 1
5037 64 0
5038 53 0
5039 57 0
5040 115 0
5041 14 0
5042 118 1
5043 136 0
5044 123 0
5045 125 1
5046 78 0
5047 16 1
5048 61 1
5049 52 0
5050 100 1
5051 23 0
5052 81 1
5053 93 1
5054 15 0
5055 44 1
5056 133 1
5057 59 1
5058 68 1
5059 12 0
5060 42 1
5061 102 1
5062 27 0
5063 9 1
5064 3 1
5065 104 1
5066 5 0
5067 143 0
5068 22 1
5069 28 1
5070 46 0
5071 19 1
5072 34 1
5073 90 1
5074 30 1
5075 49 1
5076 143 1
5077 0 0
5078 26 0
5079 67 0
5080 122 1
5081 89 0
5082 55 1
5083 117 1
5084 128 1
5085 19 1
5086 69 0
5087 13 1
5088 73 1
5089 109 1
5090 109 0
5091 131 1
5092 118 1
5093 31 1
5094 44 1
5095 129 0
5096 25 0
5097 49 1
5098 110 1
5099 62 0
5100 15 1
5101 20 1
5102 75 1
5103 143 0
5104 136 0
5105 59 0
5106 70 0
5107 10 1
5108 77 1
5109 88 1
5110 95 0
5111 43 1
5112 96 1
5113 105 1
5114 14 1
5115 53 1
5116 108 1
5117 121 1
5118 107 0
5119 88 1
5120 28 0
5121 1 1
5122 94 0
5123 95 1
5124 8 1
5125 101 1
5126 62 1
5127 128 0
5128 45 1
5129 121 1
5130 60 1
5131 141 1
5132 5 0
5133 107 1
5134 135 0
5135 16 0
5136 99 0
5137 70 1
5138 133 1
5139 24 0
5140 106 1
5141 1 0
5142 78 1
5143 134 1
5144 118 1
5145 86 0
5146 91 0
5147 102 1
5148 98 1
5149 112 1
5150 13 1
5151 4 0
5152 7 1
5153 61 1
5154 145 1
5155 38 1
5156 19 1
5157 27 0
5158 21 0
5159 28 1
5160 77 1
5161 74 1
5162 98 0
5163 20 1
5164 47 0
5165 37 0
5166 70 1
5167 77 1
5168 73 1
5169 121 0
5170 32 1
5171 77 0
5172 52 1
5173 9 0
5174 73 1
5175 117 1
5176 57 0
5177 75 1
5178 29 1
5179 108 1
5180 133 1
5181 40 1
5182 143 1
5183 88 0
5184 64 1
5185 42 1
5186 73 0
5187 8 1
5188 127 0
5189 7 0
5190 108 1
5191 108 1
5192 72 1
5193 32 0
5194 35 0
5195 81 0
5196 94 1
5197 31 0
5198 47 1
5199 114 1
5200 85 0
5201 16 0
5202 128 0
5203 92 1
5204 94 0
5205 116 1
5206 127 1
5207 79 1
5208 68 1
5209 109 1
5210 8 1
5211 28 1
5212 121 0
5213 0 1
5214 135 1
5215 88 1
5216 122 1
5217 134 0
5218 84 0
5219 70 1
5220 29 1
5221 93 0
5222 19 1
5223 17 0
5224 41 1
5225 94 1
5226 73 1
5227 108 0
5228 42 1
5229 75 0
5230 126 0
5231 101 0
5232 75 0
5233 63 1
5234 18 0
5235 94 1
5236 75 1
5237 12 1
5238 117 1
5239 137 1
5240 60 1
5241 15 1
5242 66 0
5243 40 0
5244 39 1
5245 137 1
5246 34 1
5247 126 1
5248 82 1
5249 120 0
5250 78 0
5251 7 1
5252 63 0
5253 56 1
5254 5 1
5255 50 0
5256 85 1
5257 7 1
5258 145 0
5259 112 0
5260 14 1
5261 62 0
5262 0 1
5263 61 0
5264 81 1
5265 138 1
5266 108 1
5267 68 1
5268 70 1
5269 63 0
5270 74 1
5271 45 1
5272 83 1
5273 67 1
5274 3 1
5275 124 1
5276 90 1
5277 21 0
5278 78 1
5279 129 1
5280 71 1
5281 126 1
5282 21 0
5283 107 1
5284 127 1
5285 71 0
5286 40 1
5287 21 0
5288 28 0
5289 63 1
5290 128 0
5291 4 0
5292 78 1
5293 117 1
5294 63 1
5295 28 1
5296 69 1
5297 70 0
5298 10 1
5299 138 1
5300 9 0
5301 51 1
5302 133 1
5303 129 1
5304 116 0
5305 96 0
5306 84 0
5307 123 0
5308 81 1
5309 32 1
5310 42 1
5311 35 1
5312 119 0
5313 11 0
5314 91 1
5315 75 0
5316 115 0
5317 106 1
5318 6 0
5319 70 1
5320 131 0
5321 27 1
5322 75 1
5323 91 0
5324 95 1
5325 109 1
5326 35 0
5327 58 0
5328 57 0
5329 40 1
5330 26 1
5331 57 0
5332 49 0
5333 50 0
5334 102 1
5335 82 0
5336 94 1
5337 110 1
5338 112 1
5339 134 1
5340 80 1
5341 6 1
5342 47 1
5343 26 1
5344 89 1
5345 9 1
5346 138 0
5347 65 1
5348 134 1
5349 147 0
5350 43 1
5351 131 1
5352 95 0
5353 115 1
5354 102 1
5355 23 0
5356 4 0
5357 53 1
5358 49 1
5359 59 1
5360 103 0
5361 62 1
5362 92 1
5363 89 0
5364 102 1
5365 123 1
5366 74 1
5367 90 0
5368 59 0
5369 133 1
5370 114 0
5371 47 1
5372 142 0
5373 73 1
5374 85 1
5375 138 0
5376 10 0
5377 89 1
5378 39 1
5379 84 0
5380 24 1
5381 42 1
5382 26 1
5383 120 0
5384 146 1
5385 3 0
5386 69 0
5387 39 1
5388 56 1
5389 63 0
5390 53 0
5391 85 1
5392 113 1
5393 69 0
5394 109 0
5395 49 1
5396 22 1
5397 84 1
5398 31 1
5399 38 1
5400 21 0
5401 98 0
5402 145 1
5403 58 1
5404 57 1
5405 2 1
5406 130 0
5407 130 1
5408 69 1
5409 99 1
5410 14 0
5411 68 0
5412 143 1
5413 92 1
5414 68 0
5415 108 0
5416 129 1
5417 32 1
5418 99 1
5419 135 1
5420 19 1
5421 75 1
5422 32 0
5423 96 1
5424 118 1
5425 36 0
5426 99 1
5427 124 1
5428 65 1
5429 76 1
5430 103 1
5431 75 1
5432 146 1
5433 114 0
5434 5 0
5435 62 0
5436 46 0
5437 25 0
5438 3 1
5439 84 1
5440 72 1
5441 9 0
5442 33 1
5443 125 0
5444 10 1
5445 85 1
5446 46 0
5447 6 1
5448 76 1
5449 98 0
5450 30 1
5451 106 0
5452 54 1
5453 59 0
5454 9 1
5455 135 1
5456 19 1
5457 113 0
5458 86 1
5459 4 1
5460 48 1
5461 17 1
5462 57 1
5463 44 0
5464 48 1
5465 119 0
5466 59 1
5467 58 1
5468 16 0
5469 126 1
5470 112 1
5471 63 0
5472 66 0
5473 89 0
5474 22 0
5475 4 1
5476 138 1
5477 70 0
5478 97 0
5479 85 0
5480 64 1
5481 127 1
5482 37 0
5483 44 1
5484 111 1
5485 131 1
5486 92 1
5487 15 1
5488 126 1
5489 118 0
5490 5 0
5491 123 0
5492 100 0
5493 95 0
5494 115 1
5495 98 1
5496 140 0
5497 111 1
5498 70 1
5499 134 0
5500 135 0
5501 13 0
5502 119 1
5503 98 1
5504 89 0
5505 54 1
5506 95 1
5507 142 0
5508 127 0
5509 96 1
5510 129 1
5511 82 1
5512 79 0
5513 106 0
5514 106 1
5515 139 1
5516 18 1
5517 128 0
5518 84 0
5519 95 1
5520 147 1
5521 24 0
5522 82 1
5523 97 1
5524 63 1
5525 112 1
5526 47 1
5527 121 0
5528 92 1
5529 83 1
5530 127 1
5531 47 1
5532 130 1
5533 91 1
5534 10 1
5535 144 0
5536 91 1
5537 111 1
5538 142 0
5539 139 1
5540 9 1
5541 57 1
5542 1 1
5543 86 1
5544 13 1
5545 48 0
5546 0 1
5547 42 0
5548 80 1
5549 102 0
5550 127 1
5551 108 0
5552 75 1
5553 96 1
5554 132 1
5555 135 1
5556 94 1
5557 102 1
5558 31 1
5559 93 1
5560 114 1
5561 141 0
5562 46 0
5563 2 1
5564 125 0
5565 24 1
5566 106 0
5567 79 1
5568 108 1
5569 59 1
5570 70 1
5571 137 1
5572 46 1
5573 68 1
5574 88 1
5575 78 0
5576 111 1
5577 125 1
5578 63 1
5579 91 0
5580 135 1
5581 102 0
5582 56 1
5583 83 1
5584 69 0
5585 12 1
5586 144 1
5587 60 1
5588 49 0
5589 76 1
5590 45 0
5591 52 0
5592 34 1
5593 122 1
5594 113 1
5595 94 1
5596 42 1
5597 98 1
5598 38 1
5599 115 0
5600 80 1
5601 2 0
5602 85 1
5603 24 1
5604 146 0
5605 132 1
5606 11 1
5607 9 0
5608 118 0
5609 46 0
5610 57 1
5611 87 1
5612 93 1
5613 50 0
5614 72 0
5615 46 1
5616 100 1
5617 133 1
5618 67 1
5619 129 1
5620 14 1
5621 66 1
5622 54 0
5623 70 1
5624 14 0
5625 11 1
5626 13 1
5627 75 1
5628 136 0
5629 46 0
5630 98 1
5631 73 1
5632 46 1
5633 45 1
5634 24 0
5635 135 1
5636 95 0
5637 115 1
5638 32 0
5639 77 1
5640 109 1
5641 75 1
5642 91 1
5643 134 0
5644 32 1
5645 0 1
5646 81 0
5647 137 1
5648 35 0
5649 49 1
5650 68 1
5651 1 0
5652 142 1
5653 121 0
5654 13 0
5655 29 1
5656 95 1
5657 2 1
5658 11 0
5659 22 0
5660 124 0
5661 129 0
5662 147 1
5663 89 0
5664 13 0
5665 146 0
5666 79 1
5667 2 1
5668 72 1
5669 3 1
5670 78 1
5671 112 0
5672 41 0
5673 116 1
5674 58 1
5675 147 0
5676 64 0
5677 145 1
5678 4 1
5679 2 1
5680 33 1
5681 3 1
5682 103 1
5683 141 1
5684 85 1
5685 69 1
5686 81 0
5687 93 1
5688 104 0
5689 79 1
5690 104 0
5691 49 1
5692 112 1
5693 40 0
5694 37 0
5695 89 1
5696 146 1
5697 86 1
5698 54 0
5699 137 1
5700 127 1
5701 59 1
5702 144 1
5703 140 1
5704 22 1
5705 18 1
5706 106 1
5707 104 1
5708 18 1
5709 142 0
5710 47 1
5711 81 1
5712 81 0
5713 103 1
5714 54 0
5715 31 1
5716 3 1
5717 103 1
5718 50 1
5719 55 1
5720 122 1
5721 104 1
5722 46 1
5723 55 1
5724 12 1
5725 76 1
5726 134 1
5727 9 0
5728 133 1
5729 10 1
5730 57 0
5731 29 1
5732 139 1
5733 68 1
5734 131 0
5735 19 1
5736 102 1
5737 91 1
5738 139 0
5739 116 1
5740 100 0
5741 115 0
5742 106 1
5743 109 0
5744 140 1
5745 34 0
5746 21 1
5747 119 1
5748 48 0
5749 107 0
5750 67 1
5751 94 1
5752 5 0
5753 21 0
5754 87 1
5755 51 1
5756 86 1
5757 82 0
5758 46 0
5759 39 1
5760 24 1
5761 97 1
5762 42 1
5763 110 1
5764 107 1
5765 78 1
5766 99 1
5767 100 0
5768 113 1
5769 4 0
5770 68 1
5771 49 1
5772 126 0
5773 103 0
5774 35 1
5775 20 1
5776 120 1
5777 9 0
5778 89 0
5779 9 0
5780 145 1
5781 31 1
5782 16 1
5783 105 0
5784 62 1
5785 86 1
5786 69 1
5787 136 0
5788 75 0
5789 125 1
5790 138 1
5791 74 1
5792 70 0
5793 81 1
5794 10 0
5795 15 1
5796 133 1
5797 60 0
5798 83 1
5799 35 0
5800 30 1
5801 31 0
5802 65 1
5803 52 0
5804 15 1
5805 6 0
5806 78 1
5807 123 1
5808 67 0
5809 63 1
5810 102 1
5811 41 1
5812 29 1
5813 45 1
5814 22 0
5815 65 1
5816 106 1
5817 109 1
5818 20 1
5819 67 0
5820 42 1
5821 144 1
5822 58 0
5823 24 0
5824 132 0
5825 11 1
5826 69 1
5827 130 1
5828 58 0
5829 19 1
5830 12 1
5831 90 1
5832 33 0
5833 97 1
5834 64 1
5835 44 1
5836 46 0
5837 34 1
5838 116 1
5839 133 1
5840 101 0
5841 142 1
5842 6 1
5843 77 0
5844 109 1
5845 5 1
5846 86 0
5847 100 1
5848 50 0
5849 129 1
5850 22 0
5851 28 0
5852 118 1
5853 76 1
5854 76 1
5855 90 1
5856 66 1
5857 8 1
5858 17 1
5859 93 1
5860 86 0
5861 56 1
5862 98 1
5863 100 0
5864 109 1
5865 71 1
5866 106 0
5867 7 1
5868 118 1
5869 66 1
5870 101 0
5871 32 1
5872 49 0
5873 144 0
5874 81 1
5875 1 1
5876 143 1
5877 0 1
5878 117 1
5879 50 1
5880 33 1
5881 114 1
5882 124 0
5883 120 0
5884 13 1
5885 45 1
5886 3 1
5887 37 1
5888 21 1
5889 75 1
5890 130 1
5891 78 1
5892 37 1
5893 123 1
5894 31 1
5895 40 1
5896 50 1
5897 13 0
5898 84 1
5899 25 0
5900 128 1
5901 63 1
5902 103 1
5903 88 0
5904 142 0
5905 131 1
5906 47 1
5907 102 1
5908 44 1
5909 46 1
5910 59 1
5911 97 1
5912 145 0
5913 93 1
5914 147 1
5915 30 0
5916 145 1
5917 16 1
5918 2 1
5919 129 1
5920 24 1
5921 120 0
5922 129 1
5923 60 1
5924 13 1
5925 6 0
5926 97 1
5927 138 0
5928 117 1
5929 80 1
5930 10 0
5931 0 1
5932 108 0
5933 11 0
5934 25 0
5935 62 0
5936 112 1
5937 24 1
5938 66 1
5939 76 1
5940 147 1
5941 107 1
5942 89 1
5943 95 1
5944 85 1
5945 130 0
5946 43 1
5947 6 0
5948 103 0
5949 70 1
5950 114 1
5951 81 1
5952 71 1
5953 129 1
5954 146 0
5955 24 1
5956 43 1
5957 146 1
5958 134 0
5959 146 1
5960 25 1
5961 71 0
5962 67 1
5963 28 1
5964 51 1
5965 55 1
5966 82 1
5967 53 0
5968 51 1
5969 3 0
5970 91 1
5971 99 0
5972 64 0
5973 74 1
5974 146 1
5975 121 1
5976 8 1
5977 48 1
5978 78 1
5979 55 1
5980 26 1
5981 51 0
5982 107 0
5983 123 1
5984 42 0
5985 60 1
5986 6 0
5987 75 1
5988 64 1
5989 24 0
5990 125 1
5991 138 1
5992 146 0
5993 70 0
5994 19 1
5995 110 0
5996 43 0
5997 111 1
5998 74 1
5999 65 1
6000 116 1
6001 6 0
6002 92 0
6003 1 1
6004 135 0
6005 123 0
6006 128 0
6007 54 1
6008 56 0
6009 11 0
6010 57 1
6011 26 0
6012 90 0
6013 60 1
6014 127 1
6015 37 1
6016 59 1
6017 122 1
6018 80 0
6019 64 1
6020 54 1
6021 136 0
6022 4 1
6023 116 1
6024 123 1
6025 41 0
6026 56 0
6027 89 1
6028 56 1
6029 119 0
6030 31 1
6031 34 1
6032 7 1
6033 145 0
6034 37 1
6035 111 1
6036 4 1
6037 81 1
6038 46 1
6039 26 1
6040 81 0
6041 105 1
6042 38 0
6043 92 0
6044 100 1
6045 85 1
6046 80 0
6047 125 1
6048 32 1
6049 132 0
6050 140 1
6051 116 1
6052 47 1
6053 110 1
6054 99 1
6055 18 1
6056 107 1
6057 29 1
6058 74 1
6059 47 1
6060 142 0
6061 62 0
6062 59 1
6063 66 1
6064 23 1
6065 117 1
6066 50 0
6067 64 1
6068 135 1
6069 94 0
6070 66 1
6071 74 0
6072 139 1
6073 126 1
6074 130 1
6075 49 1
6076 17 0
6077 102 1
6078 107 1
6079 73 1
6080 27 0
6081 50 0
6082 128 1
6083 26 0
6084 97 0
6085 10 0
6086 40 0
6087 145 1
6088 145 1
6089 54 1
6090 105 0
6091 59 1
6092 118 1
6093 103 1
6094 138 1
6095 16 0
6096 123 0
6097 95 1
6098 41 0
6099 27 0
6100 102 1
6101 57 0
6102 27 1
6103 131 1
6104 82 1
6105 107 0
6106 44 1
6107 65 0
6108 135 0
6109 144 1
6110 101 1
6111 48 1
6112 35 1
6113 136 1
6114 73 1
6115 118 0
6116 105 0
6117 75 0
6118 134 0
6119 112 1
6120 147 1
6121 63 1
6122 141 0
6123 57 0
6124 106 1
6125 11 1
6126 23 1
6127 92 1
6128 106 1
6129 39 1
6130 147 0
6131 112 1
6132 89 1
6133 45 0
6134 1 1
6135 100 0
6136 133 0
6137 43 0
6138 49 1
6139 12 0
6140 110 1
6141 22 0
6142 82 0
6143 52 0
6144 2 0
6145 124 1
6146 56 0
6147 11 1
6148 31 1
6149 126 1
6150 118 1
6151 84 1
6152 146 1
6153 135 0
6154 36 1
6155 10 1
6156 74 1
6157 88 0
6158 103 1
6159 4 1
6160 135 1
6161 12 1
6162 121 1
6163 93 0
6164 35 1
6165 45 1
6166 106 0
6167 14 1
6168 13 1
6169 56 1
6170 104 1
6171 4 1
6172 3 1
6173 142 1
6174 40 1
6175 117 1
6176 31 1
6177 26 1
6178 56 1
6179 18 1
6180 147 1
6181 1 1
6182 45 1
6183 114 0
6184 120 1
6185 64 1
6186 44 1
6187 10 1
6188 116 1
6189 111 1
6190 55 0
6191 87 1
6192 61 1
6193 47 1
6194 138 0
6195 112 1
6196 33 1
6197 147 1
6198 33 1
6199 93 0
6200 91 0
6201 82 1
6202 34 0
6203 139 1
6204 53 0
6205 11 0
6206 86 0
6207 55 1
6208 117 1
6209 72 1
6210 72 1
6211 0 1
6212 55 1
6213 87 1
6214 68 1
6215 146 1
6216 147 1
6217 103 1
6218 130 0
6219 36 1
6220 5 1
6221 4 1
6222 103 1
6223 47 1
6224 65 1
6225 31 0
6226 112 1
6227 146 1
6228 135 1
6229 64 1
6230 75 1
6231 23 1
6232 47 1
6233 107 0
6234 80 1
6235 21 0
6236 0 1
6237 133 0
6238 84 1
6239 79 1
6240 107 0
6241 43 0
6242 97 1
6243 99 1
6244 83 1
6245 96 0
6246 78 0
6247 84 1
6248 1 0
6249 111 1
6250 144 1
6251 71 1
6252 61 0
6253 55 1
6254 44 1
6255 102 1
6256 0 1
6257 83 1
6258 143 0
6259 138 0
6260 50 1
6261 89 1
6262 109 0
6263 62 1
6264 25 0
6265 147 0
6266 61 1
6267 121 1
6268 30 0
6269 75 1
6270 118 1
6271 34 1
6272 131 0
6273 24 1
6274 56 1
6275 56 0
6276 4 1
6277 43 1
6278 127 1
6279 127 1
6280 34 1
6281 130 1
6282 101 1
6283 25 0
6284 140 0
6285 14 0
6286 86 1
6287 133 1
6288 121 1
6289 47 0
6290 75 0
6291 41 0
6292 109 1
6293 96 1
6294 94 1
6295 48 1
6296 105 0
6297 84 1
6298 142 1
6299 146 0
6300 18 1
6301 96 1
6302 68 1
6303 77 1
6304 142 0
6305 123 0
6306 87 1
6307 104 0
6308 5 0
6309 40 1
6310 83 1
6311 35 1
6312 75 1
6313 55 1
6314 133 1
6315 107 1
6316 73 0
6317 11 1
6318 41 1
6319 87 1
6320 72 0
6321 9 1
6322 35 0
6323 112 0
6324 122 0
6325 43 0
6326 49 1
6327 3 1
6328 102 1
6329 98 1
6330 68 1
6331 142 1
6332 18 0
6333 91 1
6334 101 1
6335 147 1
6336 48 0
6337 36 1
6338 79 1
6339 123 0
6340 57 1
6341 15 0
6342 1 1
6343 135 1
6344 33 1
6345 94 1
6346 100 0
6347 50 1
6348 49 1
6349 81 1
6350 75 0
6351 27 1
6352 46 0
6353 111 1
6354 20 0
6355 134 1
6356 9 1
6357 87 1
6358 124 1
6359 17 1
6360 117 0
6361 66 1
6362 103 1
6363 91 1
6364 14 0
6365 6 0
6366 9 1
6367 22 1
6368 53 1
6369 40 0
6370 28 1
6371 54 1
6372 133 1
6373 4 0
6374 24 0
6375 75 1
6376 89 0
6377 18 1
6378 110 1
6379 101 1
6380 134 0
6381 23 0
6382 1 0
6383 59 1
6384 134 1
6385 31 1
6386 30 1
6387 9 1
6388 35 1
6389 81 1
6390 43 1
6391 9 1
6392 53 1
6393 134 1
6394 41 1
6395 97 1
6396 3 1
6397 126 0
6398 25 1
6399 15 1
6400 41 1
6401 130 0
6402 88 1
6403 95 0
6404 109 0
6405 139 1
6406 140 0
6407 41 1
6408 131 0
6409 113 0
6410 19 1
6411 7 1
6412 42 1
6413 131 0
6414 127 1
6415 131 1
6416 98 1
6417 48 0
6418 61 0
6419 66 0
6420 127 0
6421 78 1
6422 13 0
6423 120 0
6424 51 0
6425 125 1
6426 104 1
6427 49 0
6428 74 1
6429 66 1
6430 83 1
6431 126 1
6432 119 0
6433 124 1
6434 125 0
6435 106 0
6436 3 0
6437 31 0
6438 60 1
6439 20 0
6440 142 0
6441 138 1
6442 86 0
6443 1 1
6444 28 0
6445 118 1
6446 73 1
6447 49 1
6448 79 0
6449 76 0
6450 119 1
6451 117 1
6452 123 0
6453 146 1
6454 109 1
6455 7 0
6456 120 1
6457 105 1
6458 141 1
6459 70 0
6460 131 1
6461 89 0
6462 42 1
6463 5 0
6464 119 1
6465 82 1
6466 72 1
6467 20 1
6468 105 1
6469 90 0
6470 88 1
6471 73 1
6472 52 1
6473 22 1
6474 145 1
6475 23 1
6476 38 1
6477 89 1
6478 6 1
6479 105 1
6480 131 1
6481 119 0
6482 144 1
6483 58 1
6484 61 0
6485 123 0
6486 3 1
6487 18 1
6488 86 1
6489 4 1
6490 89 1
6491 116 0
6492 43 1
6493 111 1
6494 107 1
6495 130 1
6496 13 1
6497 50 1
6498 144 1
6499 66 1
6500 110 1
6501 67 1
6502 45 1
6503 20 1
6504 81 1
6505 119 1
6506 104 0
6507 2 1
6508 101 1
6509 5 0
6510 139 1
6511 4 1
6512 141 1
6513 117 1
6514 67 0
6515 3 1
6516 32 0
6517 46 1
6518 111 1
6519 16 1
6520 47 0
6521 67 0
6522 128 0
6523 106 1
6524 44 1
6525 46 1
6526 3 0
6527 143 1
6528 61 1
6529 37 0
6530 103 1
6531 10 1
6532 66 0
6533 72 1
6534 79 0
6535 126 1
6536 128 1
6537 129 1
6538 71 0
6539 146 1
6540 103 0
6541 106 1
6542 51 1
6543 6 1
6544 117 1
6545 92 0
6546 40 1
6547 15 0
6548 115 1
6549 40 1
6550 80 0
6551 24 0
6552 115 1
6553 29 1
6554 48 1
6555 110 0
6556 27 1
6557 13 1
6558 74 1
6559 94 1
6560 19 0
6561 20 0
6562 97 1
6563 69 1
6564 27 1
6565 14 1
6566 127 0
6567 124 1
6568 147 1
6569 90 0
6570 84 1
6571 7 1
6572 25 1
6573 94 1
6574 144 1
6575 48 0
6576 131 0
6577 126 1
6578 8 1
6579 49 0
6580 9 1
6581 99 1
6582 58 0
6583 40 1
6584 132 1
6585 62 1
6586 86 1
6587 136 1
6588 46 1
6589 116 1
6590 122 1
6591 14 0
6592 136 0
6593 91 1
6594 41 1
6595 137 0
6596 12 1
6597 91 1
6598 68 1
6599 85 0
6600 17 1
6601 77 1
6602 24 1
6603 120 1
6604 51 1
6605 70 1
6606 8 1
6607 87 1
6608 77 1
6609 45 0
6610 75 0
6611 125 0
6612 27 1
6613 62 1
6614 8 1
6615 103 1
6616 50 0
6617 33 1
6618 53 1
6619 102 1
6620 49 1
6621 34 1
6622 12 1
6623 106 1
6624 56 1
6625 68 1
6626 90 0
6627 26 0
6628 18 1
6629 116 1
6630 140 1
6631 103 1
6632 60 1
6633 74 0
6634 98 1
6635 70 1
6636 8 1
6637 13 1
6638 129 1
6639 118 0
6640 79 0
6641 124 0
6642 136 1
6643 94 0
6644 92 1
6645 136 1
6646 37 1
6647 83 1
6648 37 1
6649 63 1
6650 45 0
6651 143 0
6652 45 1
6653 30 0
6654 84 0
6655 116 1
6656 143 1
6657 140 1
6658 95 1
6659 94 1
6660 52 1
6661 132 1
6662 131 1
6663 143 1
6664 33 1
6665 111 1
6666 147 1
6667 36 1
6668 20 0
6669 123 1
6670 22 1
6671 24 1
6672 87 0
6673 54 1
6674 59 0
6675 30 0
6676 135 0
6677 61 0
6678 134 1
6679 42 1
6680 71 1
6681 1 1
6682 69 1
6683 19 1
6684 111 1
6685 97 1
6686 137 1
6687 56 0
6688 146 1
6689 16 1
6690 110 1
6691 72 0
6692 61 1
6693 120 1
6694 95 1
6695 22 0
6696 125 0
6697 141 1
6698 17 0
6699 39 0
6700 59 1
6701 18 0
6702 66 1
6703 30 1
6704 36 1
6705 25 1
6706 144 1
6707 53 0
6708 39 1
6709 60 0
6710 92 1
6711 57 1
6712 62 1
6713 115 1
6714 115 1
6715 15 1
6716 99 0
6717 128 0
6718 108 0
6719 133 1
6720 12 1
6721 100 1
6722 63 1
6723 74 1
6724 82 1
6725 141 0
6726 25 1
6727 0 1
6728 101 1
6729 122 0
6730 78 1
6731 147 1
6732 23 0
6733 98 0
6734 93 0
6735 85 1
6736 49 0
6737 122 1
6738 146 0
6739 120 0
6740 138 1
6741 63 1
6742 16 0
6743 6 1
6744 136 0
6745 89 1
6746 118 1
6747 0 1
6748 24 0
6749 81 0
6750 42 1
6751 31 1
6752 11 1
6753 108 0
6754 105 0
6755 142 1
6756 98 0
6757 67 1
6758 25 0
6759 39 1
6760 106 0
6761 132 0
6762 25 1
6763 78 0
6764 38 1
6765 20 0
6766 82 1
6767 76 1
6768 13 1
6769 7 1
6770 125 1
6771 118 1
6772 14 1
6773 145 0
6774 16 1
6775 9 0
6776 68 0
6777 59 0
6778 81 1
6779 144 1
6780 52 0
6781 8 1
6782 75 0
6783 36 1
6784 77 1
6785 59 1
6786 52 1
6787 33 1
6788 23 1
6789 114 1
6790 118 1
6791 22 1
6792 21 1
6793 88 1
6794 122 0
6795 31 1
6796 108 1
6797 117 0
6798 28 0
6799 124 1
6800 56 0
6801 115 1
6802 73 0
6803 130 1
6804 134 1
6805 92 1
6806 125 0
6807 98 1
6808 47 1
6809 57 1
6810 131 1
6811 55 1
6812 84 1
6813 32 1
6814 133 0
6815 25 0
6816 0 1
6817 105 1
6818 96 1
6819 73 1
6820 89 1
6821 90 0
6822 131 1
6823 20 0
6824 35 1
6825 59 1
6826 26 0
6827 15 1
6828 43 1
6829 126 0
6830 55 1
6831 26 1
6832 99 1
6833 84 1
6834 124 0
6835 129 0
6836 79 1
6837 87 1
6838 16 1
6839 49 0
6840 45 1
6841 122 1
6842 128 1
6843 86 1
6844 36 0
6845 104 1
6846 76 1
6847 7 0
6848 71 0
6849 127 1
6850 102 0
6851 68 0
6852 136 0
6853 0 1
6854 122 0
6855 12 1
6856 115 0
6857 144 1
6858 28 1
6859 118 1
6860 7 1
6861 16 1
6862 14 1
6863 16 0
6864 116 1
6865 36 0
6866 60 1
6867 59 0
6868 119 1
6869 105 1
6870 66 1
6871 17 1
6872 8 0
6873 128 1
6874 104 0
6875 56 0
6876 33 1
6877 99 1
6878 1 1
6879 88 1
6880 67 1
6881 143 0
6882 88 1
6883 28 1
6884 18 1
6885 5 0
6886 7 1
6887 21 0
6888 140 0
6889 103 1
6890 108 1
6891 59 1
6892 137 1
6893 145 1
6894 82 1
6895 11 1
6896 18 0
6897 129 1
6898 112 1
6899 18 1
6900 99 0
6901 23 1
6902 97 1
6903 26 1
6904 2 1
6905 89 0
6906 98 1
6907 8 1
6908 116 1
6909 33 0
6910 142 1
6911 52 1
6912 6 1
6913 23 1
6914 146 0
6915 109 1
6916 20 1
6917 109 1
6918 134 0
6919 15 1
6920 73 0
6921 3 1
6922 9 0
6923 66 1
6924 120 0
6925 80 0
6926 99 1
6927 83 0
6928 121 0
6929 32 1
6930 51 1
6931 69 1
6932 30 1
6933 92 0
6934 70 1
6935 109 0
6936 116 1
6937 71 1
6938 79 0
6939 111 0
6940 45 1
6941 69 0
6942 131 0
6943 58 0
6944 14 1
6945 127 1
6946 39 1
6947 40 1
6948 131 1
6949 42 0
6950 48 1
6951 101 0
6952 19 1
6953 2 1
6954 117 1
6955 53 1
6956 60 1
6957 115 0
6958 83 0
6959 51 1
6960 123 1
6961 67 0
6962 79 0
6963 136 1
6964 49 1
6965 72 1
6966 86 1
6967 70 1
6968 5 0
6969 12 1
6970 89 0
6971 145 1
6972 145 0
6973 96 1
6974 93 1
6975 30 1
6976 29 1
6977 135 0
6978 14 0
6979 32 0
6980 110 1
6981 64 1
6982 86 1
6983 111 1
6984 110 1
6985 22 1
6986 93 1
6987 52 0
6988 36 1
6989 23 0
6990 51 0
6991 6 1
6992 107 1
6993 146 0
6994 73 1
6995 36 0
6996 38 1
6997 92 0
6998 139 1
6999 120 1
7000 83 1
7001 57 0
7002 118 1
7003 23 1
7004 14 1
7005 145 1
7006 107 1
7007 51 0
7008 101 1
7009 92 1
7010 131 1
7011 17 0
7012 38 0
7013 50 1
7014 69 1
7015 87 1
7016 24 1
7017 41 1
7018 11 1
7019 106 1
7020 66 1
7021 47 1
7022 10 0
7023 144 0
7024 103 1
7025 41 1
7026 26 1
7027 12 1
7028 125 1
7029 49 1
7030 136 1
7031 59 0
7032 90 0
7033 59 1
7034 68 1
7035 82 0
7036 24 0
7037 115 1
7038 132 1
7039 102 1
7040 9 1
7041 78 0
7042 11 1
7043 55 1
7044 56 0
7045 42 0
7046 101 1
7047 109 1
7048 105 0
7049 48 1
7050 142 0
7051 115 1
7052 113 0
7053 9 1
7054 99 0
7055 141 1
7056 12 1
7057 47 1
7058 118 1
7059 19 1
7060 14 0
7061 123 1
7062 67 1
7063 11 1
7064 61 0
7065 102 1
7066 95 1
7067 125 1
7068 4 1
7069 113 1
7070 3 1
7071 115 0
7072 39 0
7073 142 0
7074 20 0
7075 88 0
7076 74 1
7077 55 1
7078 104 0
7079 70 1
7080 82 1
7081 124 1
7082 145 0
7083 141 0
7084 45 1
7085 9 0
7086 22 0
7087 115 1
7088 43 1
7089 122 1
7090 26 1
7091 55 1
7092 31 0
7093 50 1
7094 132 1
7095 57 0
7096 100 1
7097 96 1
7098 143 1
7099 3 1
7100 101 1
7101 140 1
7102 94 0
7103 140 0
7104 120 1
7105 105 0
7106 81 1
7107 55 0
7108 26 0
7109 56 1
7110 129 0
7111 78 0
7112 6 1
7113 82 0
7114 20 1
7115 146 1
7116 55 1
7117 52 1
7118 2 0
7119 42 0
7120 63 0
7121 129 0
7122 64 0
7123 117 0
7124 45 1
7125 102 1
7126 94 1
7127 63 0
7128 110 0
7129 58 1
7130 40 1
7131 8 1
7132 100 1
7133 0 1
7134 9 1
7135 33 0
7136 94 1
7137 77 1
7138 103 0
7139 102 0
7140 123 1
7141 131 1
7142 140 1
7143 125 0
7144 97 0
7145 137 1
7146 145 0
7147 40 1
7148 111 1
7149 103 0
7150 134 0
7151 1 0
7152 108 1
7153 144 1
7154 28 1
7155 116 0
7156 110 1
7157 28 0
7158 103 0
7159 12 1
7160 145 1
7161 145 1
7162 104 1
7163 143 0
7164 129 1
7165 143 1
7166 44 0
7167 100 0
7168 126 0
7169 119 0
7170 2 0
7171 61 1
7172 144 1
7173 118 1
7174 51 0
7175 107 0
7176 89 1
7177 147 1
7178 45 1
7179 68 1
7180 145 1
7181 97 1
7182 16 0
7183 97 1
7184 102 0
7185 53 1
7186 61 0
7187 121 0
7188 64 1
7189 112 1
7190 31 0
7191 119 1
7192 79 1
7193 121 1
7194 17 0
7195 106 1
7196 60 1
7197 12 1
7198 61 1
7199 27 1
7200 30 1
7201 77 1
7202 54 1
7203 104 1
7204 98 1
7205 137 1
7206 43 1
7207 5 0
7208 35 1
7209 54 1
7210 71 1
7211 23 0
7212 120 0
7213 16 0
7214 48 1
7215 5 1
7216 131 1
7217 126 1
7218 89 0
7219 60 1
7220 107 0
7221 21 1
7222 115 0
7223 29 1
7224 57 0
7225 107 1
7226 0 1
7227 68 0
7228 121 0
7229 14 1
7230 84 0
7231 56 1
7232 58 1
7233 10 0
7234 74 1
7235 90 1
7236 76 0
7237 88 0
7238 94 0
7239 98 0
7240 10 1
7241 35 1
7242 143 1
7243 139 0
7244 145 0
7245 41 0
7246 128 1
7247 53 1
7248 37 0
7249 141 1
7250 38 0
7251 48 1
7252 3 0
7253 114 0
7254 115 1
7255 4 1
7256 77 1
7257 91 1
7258 100 1
7259 92 1
7260 139 1
7261 82 0
7262 39 1
7263 62 1
7264 103 1
7265 143 1
7266 44 0
7267 64 1
7268 41 0
7269 49 0
7270 146 0
7271 133 1
7272 49 1
7273 51 1
7274 63 1
7275 54 0
7276 84 1
7277 78 0
7278 29 0
7279 60 1
7280 101 1
7281 30 1
7282 56 1
7283 96 1
7284 28 1
7285 105 1
7286 103 0
7287 101 1
7288 122 1
7289 14 0
7290 51 0
7291 144 1
7292 109 0
7293 119 1
7294 119 0
7295 79 0
7296 140 1
7297 121 0
7298 11 0
7299 49 1
7300 119 0
7301 117 0
7302 0 1
7303 35 1
7304 126 0
7305 64 1
7306 21 1
7307 24 1
7308 38 0
7309 77 1
7310 80 1
7311 38 0
7312 73 1
7313 24 1
7314 38 1
7315 123 1
7316 131 1
7317 40 1
7318 66 0
7319 61 1
7320 124 1
7321 81 0
7322 89 1
7323 84 1
7324 6 0
7325 146 1
7326 126 1
7327 62 0
7328 4 1
7329 136 1
7330 63 0
7331 104 0
7332 12 1
7333 133 1
7334 123 1
7335 79 1
7336 128 0
7337 52 0
7338 23 1
7339 5 0
7340 107 0
7341 19 0
7342 92 1
7343 137 1
7344 71 1
7345 43 0
7346 46 0
7347 136 1
7348 47 1
7349 93 0
7350 123 0
7351 25 1
7352 142 1
7353 77 1
7354 22 1
7355 98 1
7356 42 1
7357 119 0
7358 6 1
7359 134 0
7360 42 1
7361 71 0
7362 28 1
7363 103 1
7364 136 1
7365 1 1
7366 81 0
7367 23 1
7368 60 1
7369 144 1
7370 138 1
7371 116 1
7372 19 0
7373 70 1
7374 99 1
7375 58 1
7376 86 0
7377 38 1
7378 92 0
7379 146 0
7380 146 1
7381 0 1
7382 130 1
7383 59 0
7384 27 1
7385 81 1
7386 106 1
7387 102 1
7388 40 0
7389 11 1
7390 37 1
7391 89 1
7392 103 1
7393 47 1
7394 25 0
7395 32 0
7396 1 1
7397 59 1
7398 107 1
7399 130 0
7400 129 0
7401 107 1
7402 16 1
7403 73 1
7404 42 1
7405 100 1
7406 5 1
7407 107 1
7408 73 1
7409 60 0
7410 104 0
7411 130 1
7412 80 1
7413 141 0
7414 63 1
7415 129 1
7416 91 1
7417 88 1
7418 54 0
7419 120 0
7420 97 0
7421 131 1
7422 70 0
7423 19 1
7424 53 0
7425 50 1
7426 127 0
7427 115 0
7428 126 1
7429 2 0
7430 40 1
7431 43 1
7432 124 1
7433 48 1
7434 49 1
7435 134 0
7436 49 1
7437 57 0
7438 16 1
7439 18 1
7440 112 1
7441 131 1
7442 6 1
7443 3 0
7444 15 0
7445 130 1
7446 93 1
7447 91 0
7448 61 1
7449 55 1
7450 64 1
7451 12 0
7452 115 1
7453 136 1
7454 103 1
7455 105 0
7456 31 1
7457 11 1
7458 143 1
7459 126 1
7460 29 0
7461 118 1
7462 38 1
7463 96 1
7464 105 1
7465 113 0
7466 97 1
7467 38 1
7468 3 1
7469 99 0
7470 84 1
7471 78 1
7472 102 1
7473 57 1
7474 60 1
7475 12 1
7476 48 1
7477 116 1
7478 95 1
7479 89 1
7480 119 1
7481 29 1
7482 83 1
7483 88 1
7484 145 1
7485 1 1
7486 53 1
7487 6 1
7488 73 1
7489 8 1
7490 55 0
7491 127 1
7492 106 0
7493 145 1
7494 63 1
7495 62 1
7496 96 0
7497 59 1
7498 63 1
7499 74 1
7500 143 1
7501 3 1
7502 7 1
7503 11 0
7504 124 1
7505 22 1
7506 144 1
7507 90 1
7508 52 1
7509 61 1
7510 129 0
7511 105 0
7512 119 1
7513 13 0
7514 68 1
7515 104 1
7516 67 1
7517 16 1
7518 20 1
7519 111 0
7520 99 0
7521 132 0
7522 90 0
7523 103 1
7524 118 0
7525 65 1
7526 95 0
7527 133 0
7528 39 1
7529 110 1
7530 137 1
7531 75 1
7532 77 1
7533 88 1
7534 22 0
7535 49 1
7536 141 1
7537 26 1
7538 64 1
7539 34 1
7540 101 1
7541 89 1
7542 122 0
7543 71 1
7544 124 1
7545 77 0
7546 3 0
7547 31 0
7548 147 1
7549 81 1
7550 74 0
7551 48 0
7552 120 1
7553 107 1
7554 107 1
7555 26 1
7556 92 1
7557 12 0
7558 146 1
7559 89 1
7560 117 0
7561 97 1
7562 75 1
7563 105 1
7564 3 1
7565 0 0
7566 74 1
7567 101 0
7568 122 1
7569 39 1
7570 105 1
7571 45 1
7572 41 1
7573 72 1
7574 142 1
7575 119 1
7576 136 1
7577 136 1
7578 100 1
7579 93 1
7580 37 1
7581 84 1
7582 46 0
7583 113 1
7584 1 1
7585 58 1
7586 26 1
7587 60 1
7588 14 1
7589 63 0
7590 102 1
7591 23 1
7592 58 1
7593 109 1
7594 10 1
7595 69 1
7596 52 1
7597 114 0
7598 147 0
7599 76 1
7600 40 0
7601 11 1
7602 90 1
7603 89 1
7604 12 0
7605 68 0
7606 91 0
7607 64 1
7608 60 1
7609 116 0
7610 131 1
7611 73 1
7612 0 1
7613 143 1
7614 74 1
7615 0 1
7616 109 1
7617 84 1
7618 39 1
7619 112 0
7620 83 1
7621 25 0
7622 81 1
7623 36 1
7624 18 1
7625 19 1
7626 147 1
7627 46 1
7628 87 1
7629 146 0
7630 112 0
7631 128 1
7632 115 1
7633 81 1
7634 46 1
7635 66 0
7636 131 1
7637 112 1
7638 33 1
7639 109 0
7640 57 1
7641 9 1
7642 124 1
7643 55 1
7644 96 1
7645 128 1
7646 9 1
7647 90 1
7648 129 0
7649 86 0
7650 121 0
7651 61 0
7652 0 1
7653 72 0
7654 25 0
7655 136 0
7656 65 1
7657 43 1
7658 105 1
7659 8 0
7660 109 1
7661 70 0
7662 53 1
7663 146 1
7664 88 0
7665 62 1
7666 45 1
7667 70 0
7668 52 0
7669 130 1
7670 28 1
7671 116 0
7672 72 1
7673 91 0
7674 15 1
7675 40 0
7676 44 1
7677 146 0
7678 79 1
7679 132 0
7680 36 1
7681 36 1
7682 125 1
7683 82 1
7684 5 1
7685 63 1
7686 139 0
7687 30 0
7688 95 1
7689 49 0
7690 29 0
7691 42 1
7692 8 1
7693 23 1
7694 140 1
7695 62 1
7696 10 1
7697 118 0
7698 13 1
7699 121 1
7700 21 0
7701 51 0
7702 120 1
7703 32 1
7704 11 1
7705 38 1
7706 127 1
7707 17 1
7708 77 1
7709 30 1
7710 5 1
7711 54 1
7712 146 0
7713 55 0
7714 130 0
7715 29 0
7716 117 0
7717 68 1
7718 118 1
7719 113 0
7720 85 0
7721 125 0
7722 135 1
7723 103 0
7724 139 1
7725 38 1
7726 129 1
7727 64 1
7728 21 1
7729 139 1
7730 52 0
7731 59 1
7732 57 0
7733 15 0
7734 35 1
7735 16 1
7736 35 0
7737 141 0
7738 92 1
7739 43 0
7740 134 1
7741 80 1
7742 34 0
7743 51 1
7744 19 1
7745 111 1
7746 20 1
7747 146 1
7748 105 1
7749 61 1
7750 98 1
7751 68 1
7752 123 1
7753 112 1
7754 62 1
7755 54 1
7756 45 1
7757 23 0
7758 86 1
7759 39 1
7760 22 1
7761 82 1
7762 128 1
7763 75 1
7764 49 1
7765 33 1
7766 118 1
7767 37 1
7768 15 1
7769 64 0
7770 61 1
7771 81 1
7772 9 0
7773 142 1
7774 83 1
7775 105 1
7776 139 0
7777 103 1
7778 75 0
7779 12 1
7780 123 1
7781 28 0
7782 147 1
7783 90 1
7784 119 1
7785 47 0
7786 29 0
7787 95 1
7788 136 1
7789 89 1
7790 27 1
7791 133 0
7792 42 1
7793 94 1
7794 76 1
7795 147 0
7796 56 1
7797 49 0
7798 93 1
7799 25 1
7800 50 1
7801 0 1
7802 104 1
7803 73 0
7804 142 1
7805 69 0
7806 113 1
7807 144 1
7808 47 0
7809 30 1
7810 6 0
7811 79 0
7812 56 1
7813 22 1
7814 23 1
7815 21 1
7816 24 1
7817 108 0
7818 22 0
7819 29 0
7820 100 1
7821 141 0
7822 109 1
7823 29 1
7824 133 1
7825 88 1
7826 140 1
7827 105 0
7828 51 1
7829 6 0
7830 131 1
7831 104 0
7832 102 1
7833 91 1
7834 2 0
7835 96 0
7836 27 0
7837 123 1
7838 131 0
7839 101 1
7840 20 1
7841 11 0
7842 112 0
7843 114 0
7844 52 1
7845 45 0
7846 52 0
7847 94 1
7848 118 0
7849 34 1
7850 115 0
7851 30 0
7852 124 0
7853 87 0
7854 114 1
7855 128 1
7856 133 1
7857 0 1
7858 64 1
7859 68 0
7860 42 1
7861 56 1
7862 71 1
7863 5 1
7864 145 0
7865 65 1
7866 126 0
7867 114 1
7868 4 0
7869 114 1
7870 49 1
7871 10 1
7872 137 0
7873 35 0
7874 80 1
7875 75 0
7876 25 1
7877 25 1
7878 38 1
7879 41 1
7880 79 1
7881 7 1
7882 9 1
7883 116 1
7884 79 1
7885 36 1
7886 80 0
7887 119 1
7888 108 1
7889 79 1
7890 66 1
7891 119 0
7892 42 1
7893 39 1
7894 79 1
7895 72 1
7896 90 0
7897 120 1
7898 53 1
7899 17 1
7900 74 0
7901 70 1
7902 56 1
7903 83 1
7904 4 1
7905 65 1
7906 125 1
7907 66 0
7908 84 0
7909 4 1
7910 90 0
7911 78 1
7912 7 1
7913 36 1
7914 94 1
7915 54 1
7916 115 1
7917 34 0
7918 121 1
7919 143 1
7920 37 1
7921 101 1
7922 0 0
7923 86 0
7924 29 1
7925 5 1
7926 70 1
7927 57 1
7928 142 1
7929 94 1
7930 103 1
7931 65 0
7932 28 1
7933 49 1
7934 69 0
7935 32 1
7936 61 0
7937 25 1
7938 4 1
7939 50 0
7940 105 0
7941 58 1
7942 147 0
7943 8 1
7944 112 1
7945 81 0
7946 7 1
7947 93 1
7948 2 0
7949 90 0
7950 143 1
7951 82 1
7952 107 1
7953 21 0
7954 78 1
7955 49 1
7956 135 0
7957 114 1
7958 126 1
7959 127 0
7960 33 1
7961 114 1
7962 15 1
7963 129 1
7964 10 0
7965 89 1
7966 45 1
7967 113 1
7968 138 1
7969 71 0
7970 15 1
7971 7 1
7972 132 0
7973 41 0
7974 51 1
7975 106 0
7976 133 1
7977 82 1
7978 88 0
7979 18 1
7980 90 0
7981 60 0
7982 138 1
7983 95 1
7984 117 1
7985 48 0
7986 139 0
7987 90 1
7988 132 1
7989 87 1
7990 56 1
7991 77 1
7992 73 0
7993 94 1
7994 30 0
7995 69 0
7996 28 1
7997 11 0
7998 111 1
7999 51 1
8000 28 1
8001 72 0
8002 111 0
8003 48 1
8004 50 0
8005 88 0
8006 136 1
8007 52 1
8008 132 1
8009 127 1
8010 67 1
8011 90 1
8012 134 0
8013 71 1
8014 111 0
8015 134 1
8016 30 1
8017 63 1
8018 29 1
8019 46 0
8020 106 1
8021 90 1
8022 55 1
8023 60 0
8024 97 1
8025 9 1
8026 44 0
8027 16 1
8028 104 1
8029 83 1
8030 114 1
8031 14 1
8032 84 1
8033 42 1
8034 145 1
8035 97 1
8036 126 1
8037 102 1
8038 138 1
8039 28 1
8040 62 1
8041 60 0
8042 40 1
8043 40 1
8044 68 0
8045 19 0
8046 1 1
8047 134 0
8048 16 1
8049 102 1
8050 73 1
8051 21 1
8052 48 1
8053 41 0
8054 146 1
8055 82 1
8056 11 1
8057 70 1
8058 122 1
8059 4 0
8060 42 1
8061 84 0
8062 110 1
8063 32 1
8064 56 1
8065 43 0
8066 142 0
8067 137 1
8068 49 0
8069 37 0
8070 5 0
8071 12 1
8072 17 0
8073 120 1
8074 97 0
8075 42 1
8076 53 0
8077 138 1
8078 101 0
8079 141 1
8080 112 1
8081 147 1
8082 57 1
8083 53 1
8084 71 0
8085 110 1
8086 113 1
8087 93 1
8088 56 1
8089 78 1
8090 94 1
8091 100 1
8092 98 1
8093 14 1
8094 68 1
8095 17 1
8096 0 0
8097 140 0
8098 57 1
8099 120 1
8100 40 1
8101 57 1
8102 108 0
8103 40 1
8104 23 0
8105 126 1
8106 90 1
8107 21 1
8108 125 1
8109 48 0
8110 147 0
8111 78 1
8112 38 1
8113 13 1
8114 72 1
8115 128 0
8116 23 0
8117 73 1
8118 47 1
8119 51 1
8120 135 1
8121 92 0
8122 12 1
8123 74 1
8124 54 1
8125 86 1
8126 144 1
8127 105 0
8128 43 1
8129 86 1
8130 7 0
8131 35 1
8132 111 0
8133 65 0
8134 126 0
8135 81 1
8136 146 1
8137 95 0
8138 139 1
8139 103 0
8140 48 1
8141 3 0
8142 110 1
8143 35 1
8144 130 0
8145 77 1
8146 144 1
8147 71 0
8148 30 1
8149 118 1
8150 8 0
8151 26 1
8152 129 1
8153 120 1
8154 47 0
8155 122 1
8156 21 1
8157 44 0
8158 41 1
8159 41 1
8160 9 0
8161 12 1
8162 40 0
8163 114 1
8164 27 1
8165 130 1
8166 92 0
8167 94 0
8168 35 1
8169 1 1
8170 46 1
8171 82 1
8172 56 1
8173 102 0
8174 13 1
8175 120 1
8176 115 0
8177 81 0
8178 23 1
8179 129 1
8180 87 1
8181 138 1
8182 24 0
8183 8 1
8184 54 1
8185 98 0
8186 37 0
8187 123 0
8188 62 1
8189 43 1
8190 74 1
8191 2 1
8192 104 1
8193 4 1
8194 86 0
8195 134 0
8196 52 0
8197 109 1
8198 112 1
8199 92 0
8200 84 1
8201 75 0
8202 74 0
8203 119 1
8204 33 0
8205 72 1
8206 39 1
8207 104 1
8208 114 1
8209 79 0
8210 49 1
8211 130 1
8212 94 1
8213 82 1
8214 18 1
8215 130 0
8216 69 0
8217 31 1
8218 64 0
8219 140 1
8220 26 1
8221 56 1
8222 43 1
8223 112 1
8224 76 0
8225 113 0
8226 14 1
8227 131 1
8228 92 1
8229 71 1
8230 144 0
8231 20 1
8232 67 1
8233 70 1
8234 106 1
8235 133 1
8236 31 1
8237 101 0
8238 10 1
8239 39 1
8240 14 1
8241 116 0
8242 4 0
8243 40 0
8244 120 1
8245 14 1
8246 69 1
8247 139 0
8248 86 0
8249 76 1
8250 27 1
8251 133 1
8252 6 1
8253 140 1
8254 4 0
8255 7 0
8256 88 1
8257 98 0
8258 30 1
8259 93 1
8260 7 1
8261 75 0
8262 46 1
8263 21 1
8264 127 0
8265 132 1
8266 10 0
8267 21 1
8268 108 1
8269 85 0
8270 45 0
8271 87 1
8272 23 0
8273 34 0
8274 80 1
8275 63 0
8276 42 1
8277 68 1
8278 57 1
8279 28 1
8280 38 0
8281 96 1
8282 34 1
8283 20 0
8284 35 0
8285 63 0
8286 57 1
8287 22 0
8288 39 1
8289 141 1
8290 139 0
8291 111 1
8292 48 1
8293 78 0
8294 120 0
8295 46 0
8296 76 1
8297 66 0
8298 68 0
8299 61 1
8300 0 0
8301 140 1
8302 126 1
8303 94 1
8304 27 1
8305 145 1
8306 145 1
8307 9 1
8308 44 1
8309 106 1
8310 2 0
8311 131 1
8312 7 1
8313 49 1
8314 93 1
8315 83 1
8316 138 1
8317 107 1
8318 46 0
8319 141 1
8320 142 1
8321 145 1
8322 100 0
8323 140 1
8324 101 1
8325 65 1
8326 59 0
8327 138 1
8328 55 1
8329 142 0
8330 53 0
8331 145 1
8332 109 0
8333 63 1
8334 11 1
8335 133 1
8336 48 1
8337 100 0
8338 92 1
8339 100 1
8340 94 0
8341 54 0
8342 119 1
8343 125 1
8344 136 0
8345 78 0
8346 5 0
8347 137 1
8348 32 0
8349 77 1
8350 13 1
8351 4 1
8352 1 1
8353 17 0
8354 100 1
8355 44 1
8356 40 1
8357 9 0
8358 98 1
8359 141 1
8360 61 1
8361 84 1
8362 146 1
8363 40 1
8364 29 1
8365 30 1
8366 137 0
8367 60 1
8368 95 1
8369 136 1
8370 4 1
8371 103 1
8372 138 0
8373 107 1
8374 2 1
8375 131 0
8376 75 1
8377 86 1
8378 44 1
8379 60 1
8380 0 1
8381 21 1
8382 82 1
8383 32 1
8384 115 1
8385 33 1
8386 61 1
8387 67 1
8388 4 1
8389 44 1
8390 82 1
8391 26 1
8392 51 0
8393 135 1
8394 142 1
8395 74 1
8396 94 1
8397 132 1
8398 132 1
8399 14 1
8400 141 1
8401 123 0
8402 88 1
8403 105 0
8404 121 1
8405 55 1
8406 134 1
8407 117 1
8408 1 1
8409 89 1
8410 108 1
8411 138 0
8412 66 1
8413 135 0
8414 95 1
8415 55 0
8416 100 1
8417 46 0
8418 73 1
8419 37 0
8420 110 1
8421 7 1
8422 129 0
8423 89 1
8424 133 1
8425 29 0
8426 98 1
8427 51 1
8428 99 0
8429 120 1
8430 143 1
8431 91 0
8432 57 1
8433 40 1
8434 45 0
8435 134 1
8436 29 1
8437 59 0
8438 73 0
8439 44 1
8440 136 1
8441 55 1
8442 50 1
8443 7 0
8444 101 1
8445 55 1
8446 58 1
8447 45 1
8448 40 0
8449 55 1
8450 23 1
8451 49 1
8452 42 1
8453 115 0
8454 65 1
8455 78 1
8456 41 1
8457 44 0
8458 48 1
8459 48 1
8460 83 0
8461 3 1
8462 6 0
8463 65 0
8464 89 1
8465 88 0
8466 117 0
8467 69 0
8468 105 0
8469 31 1
8470 3 1
