3263
1 100 1
2 85 0
3 37 1
4 48 1
5 19 1
6 31 1
7 19 0
8 22 0
9 30 1
10 82 1
11 8 1
12 39 1
13 56 0
14 55 0
15 79 0
16 66 0
17 0 1
18 33 0
19 10 1
20 82 1
21 9 0
22 23 1
23 91 0
24 98 0
25 60 1
26 28 1
27 38 1
28 57 1
29 50 1
30 73 0
31 27 0
32 3 1
33 35 0
34 39 0
35 65 0
36 99 1
37 81 1
38 51 0
39 14 1
40 38 0
41 48 1
42 92 1
43 6 1
44 53 0
45 31 1
46 84 0
47 36 0
48 34 1
49 72 1
50 65 1
51 16 0
52 58 1
53 57 1
54 14 1
55 78 1
56 68 1
57 92 0
58 85 0
59 53 1
60 53 0
61 9 1
62 91 0
63 71 1
64 65 1
65 19 0
66 100 0
67 39 1
68 5 0
69 11 1
70 14 1
71 45 1
72 89 1
73 89 0
74 6 1
75 83 1
76 99 1
77 17 1
78 85 1
79 33 1
80 77 1
81 52 1
82 62 1
83 80 1
84 34 1
85 34 1
86 28 1
87 2 1
88 63 0
89 61 1
90 4 1
91 77 0
92 82 1
93 11 1
94 55 1
95 13 1
96 97 0
97 55 1
98 2 0
99 99 0
100 99 1
101 58 0
102 85 0
103 14 1
104 100 0
105 64 1
106 66 1
107 27 1
108 6 1
109 87 1
110 83 1
111 41 1
112 11 1
113 84 1
114 77 1
115 100 1
116 62 1
117 74 0
118 39 0
119 40 1
120 11 1
121 90 0
122 15 1
123 98 0
124 28 0
125 58 1
126 55 0
127 36 1
128 41 1
129 2 0
130 48 0
131 65 0
132 4 0
133 2 0
134 75 1
135 56 1
136 18 1
137 35 1
138 34 0
139 29 0
140 89 1
141 46 1
142 32 1
143 57 1
144 101 1
145 64 1
146 33 0
147 30 0
148 13 1
149 56 0
150 48 1
151 20 0
152 54 1
153 73 0
154 36 1
155 24 0
156 62 0
157 40 1
158 51 1
159 14 1
160 29 0
161 45 1
162 54 1
163 49 1
164 55 1
165 2 0
166 13 0
167 41 1
168 0 1
169 2 1
170 64 1
171 34 0
172 71 1
173 67 1
174 44 1
175 18 1
176 32 1
177 9 1
178 61 1
179 26 1
180 35 0
181 92 0
182 74 1
183 63 0
184 94 1
185 85 1
186 40 1
187 29 0
188 92 0
189 79 1
190 76 1
191 82 1
192 7 0
193 67 1
194 97 1
195 56 1
196 69 0
197 52 1
198 26 0
199 91 0
200 54 0
201 49 1
202 66 1
203 78 1
204 72 0
205 38 1
206 25 0
207 2 0
208 84 0
209 48 1
210 9 1
211 84 0
212 23 1
213 94 1
214 49 1
215 41 1
216 4 1
217 69 1
218 40 1
219 74 0
220 75 1
221 6 0
222 3 1
223 80 1
224 25 1
225 14 0
226 2 1
227 87 1
228 31 0
229 74 1
230 9 1
231 29 0
232 78 1
233 5 1
234 92 0
235 2 1
236 63 1
237 11 1
238 66 1
239 1 1
240 91 1
241 100 0
242 11 1
243 93 1
244 10 0
245 71 1
246 54 1
247 82 1
248 20 0
249 21 1
250 38 1
251 24 0
252 81 0
253 41 0
254 75 1
255 9 1
256 57 1
257 30 1
258 40 1
259 59 0
260 62 1
261 44 0
262 52 0
263 18 1
264 60 1
265 56 1
266 37 1
267 46 1
268 64 0
269 36 1
270 1 0
271 49 0
272 76 0
273 49 1
274 50 0
275 39 0
276 85 1
277 74 1
278 29 1
279 81 1
280 4 1
281 34 0
282 64 0
283 33 1
284 40 0
285 11 1
286 37 0
287 48 1
288 63 0
289 26 1
290 77 0
291 97 1
292 96 1
293 70 1
294 33 1
295 61 0
296 34 1
297 54 1
298 47 1
299 73 1
300 78 1
301 1 1
302 67 0
303 25 0
304 94 0
305 13 0
306 64 1
307 2 1
308 25 0
309 3 1
310 71 1
311 71 1
312 31 1
313 49 1
314 32 1
315 38 1
316 53 0
317 22 0
318 10 1
319 21 0
320 46 0
321 46 0
322 93 1
323 90 1
324 69 0
325 49 1
326 30 1
327 15 0
328 91 1
329 88 1
330 33 0
331 4 1
332 88 1
333 53 0
334 21 1
335 75 1
336 56 1
337 99 0
338 42 1
339 64 1
340 26 0
341 22 1
342 4 1
343 92 0
344 50 1
345 91 1
346 51 1
347 42 1
348 69 1
349 35 1
350 41 1
351 3 0
352 2 1
353 17 0
354 35 1
355 27 1
356 41 1
357 92 1
358 61 1
359 12 1
360 6 1
361 41 1
362 44 1
363 96 1
364 51 0
365 75 0
366 87 1
367 37 1
368 52 1
369 5 1
370 8 1
371 47 0
372 56 1
373 68 1
374 93 1
375 75 1
376 30 1
377 29 0
378 72 1
379 60 1
380 76 1
381 63 0
382 86 1
383 23 1
384 52 1
385 98 0
386 10 1
387 83 0
388 54 1
389 56 1
390 78 0
391 92 0
392 93 0
393 28 1
394 93 1
395 60 1
396 70 1
397 2 1
398 69 1
399 64 1
400 2 0
401 54 1
402 51 0
403 53 0
404 33 0
405 98 0
406 10 0
407 91 1
408 83 0
409 39 0
410 80 1
411 90 1
412 42 1
413 76 1
414 66 0
415 29 0
416 47 1
417 29 1
418 66 1
419 76 1
420 63 1
421 82 1
422 33 1
423 22 1
424 89 1
425 37 1
426 7 1
427 89 0
428 92 1
429 33 1
430 49 0
431 46 1
432 93 1
433 93 1
434 29 0
435 3 1
436 11 1
437 11 1
438 29 1
439 33 1
440 70 0
441 57 1
442 70 1
443 75 0
444 55 1
445 38 0
446 43 0
447 73 1
448 58 0
449 41 1
450 3 1
451 26 0
452 78 0
453 34 1
454 45 0
455 22 1
456 10 1
457 39 1
458 46 1
459 88 1
460 69 0
461 79 0
462 6 0
463 96 1
464 89 1
465 100 1
466 27 1
467 55 0
468 35 0
469 10 1
470 29 1
471 68 0
472 34 1
473 93 1
474 42 1
475 55 1
476 51 0
477 96 0
478 56 1
479 70 1
480 99 0
481 84 1
482 40 0
483 29 1
484 101 1
485 28 1
486 19 0
487 67 1
488 50 1
489 33 0
490 59 1
491 76 1
492 94 0
493 65 1
494 33 0
495 40 0
496 49 0
497 29 1
498 7 1
499 37 1
500 71 0
501 34 1
502 34 1
503 17 1
504 81 1
505 23 1
506 10 1
507 46 1
508 16 1
509 74 1
510 93 0
511 53 0
512 84 0
513 78 1
514 13 1
515 98 0
516 53 1
517 22 0
518 80 1
519 44 1
520 89 1
521 72 1
522 13 1
523 49 0
524 77 0
525 26 1
526 8 1
527 57 1
528 9 1
529 56 1
530 21 1
531 55 0
532 32 1
533 34 1
534 14 1
535 18 1
536 94 1
537 48 1
538 56 0
539 9 1
540 67 0
541 73 1
542 90 1
543 89 0
544 37 1
545 69 1
546 45 1
547 5 0
548 74 1
549 35 1
550 91 1
551 38 0
552 93 1
553 64 1
554 4 0
555 52 1
556 57 1
557 68 0
558 52 0
559 92 1
560 100 1
561 20 1
562 57 1
563 94 1
564 38 0
565 66 0
566 29 0
567 59 0
568 64 1
569 15 1
570 17 1
571 88 1
572 65 1
573 68 1
574 8 1
575 53 0
576 66 1
577 23 1
578 46 1
579 101 1
580 93 1
581 33 1
582 42 1
583 65 1
584 62 1
585 21 1
586 96 1
587 26 0
588 35 0
589 22 1
590 100 1
591 24 1
592 96 1
593 34 0
594 11 0
595 46 0
596 73 0
597 73 1
598 45 1
599 68 1
600 90 0
601 85 1
602 70 1
603 15 0
604 77 0
605 21 0
606 61 1
607 12 1
608 42 0
609 18 1
610 28 1
611 30 1
612 17 1
613 63 0
614 11 1
615 41 0
616 92 1
617 58 0
618 7 1
619 37 1
620 33 1
621 32 0
622 53 1
623 99 1
624 65 1
625 46 0
626 54 1
627 67 1
628 25 1
629 5 0
630 31 1
631 10 1
632 45 0
633 55 1
634 89 1
635 9 1
636 74 1
637 64 1
638 60 0
639 18 1
640 50 0
641 91 1
642 89 1
643 22 0
644 59 0
645 49 0
646 23 1
647 60 0
648 75 1
649 95 1
650 55 1
651 57 0
652 44 0
653 26 0
654 54 0
655 0 1
656 56 1
657 56 1
658 20 1
659 30 1
660 54 1
661 17 1
662 86 1
663 44 1
664 39 1
665 95 0
666 14 1
667 69 0
668 44 1
669 35 1
670 11 1
671 50 1
672 101 1
673 85 0
674 56 1
675 21 0
676 40 0
677 60 0
678 64 0
679 57 0
680 90 0
681 70 1
682 76 0
683 35 1
684 5 1
685 39 1
686 80 0
687 58 1
688 67 1
689 47 1
690 29 0
691 5 1
692 81 1
693 68 1
694 42 1
695 44 1
696 49 0
697 32 1
698 24 1
699 65 1
700 11 0
701 19 0
702 92 1
703 17 1
704 94 1
705 54 1
706 4 1
707 39 1
708 98 1
709 0 1
710 80 1
711 68 0
712 5 0
713 100 1
714 15 0
715 32 1
716 66 0
717 65 0
718 78 1
719 89 1
720 94 1
721 39 1
722 74 1
723 56 1
724 33 1
725 83 0
726 50 1
727 88 1
728 98 1
729 59 1
730 21 1
731 61 1
732 91 1
733 93 1
734 55 1
735 9 1
736 95 1
737 19 0
738 50 1
739 9 1
740 4 1
741 42 1
742 14 0
743 84 0
744 88 1
745 72 0
746 80 1
747 43 0
748 30 1
749 9 1
750 88 1
751 6 0
752 16 1
753 20 0
754 74 1
755 21 0
756 20 1
757 81 1
758 65 0
759 95 1
760 52 0
761 82 1
762 70 0
763 75 0
764 32 1
765 33 1
766 77 0
767 100 0
768 12 1
769 57 1
770 23 1
771 11 1
772 89 0
773 0 1
774 2 1
775 51 1
776 32 0
777 34 0
778 30 0
779 49 0
780 65 1
781 55 1
782 69 0
783 6 0
784 21 1
785 40 1
786 64 0
787 9 1
788 16 1
789 2 0
790 2 1
791 22 0
792 34 0
793 85 0
794 11 1
795 74 0
796 89 1
797 91 0
798 30 1
799 36 1
800 84 0
801 43 1
802 101 1
803 98 0
804 36 0
805 85 1
806 77 0
807 21 1
808 9 0
809 47 0
810 10 0
811 70 1
812 97 1
813 54 1
814 4 0
815 50 1
816 64 1
817 6 1
818 68 1
819 53 1
820 26 1
821 90 0
822 91 0
823 10 1
824 63 1
825 18 0
826 100 1
827 71 1
828 21 1
829 19 0
830 87 1
831 61 1
832 85 0
833 61 1
834 18 0
835 1 0
836 99 1
837 19 1
838 49 1
839 61 0
840 34 1
841 59 1
842 14 0
843 1 0
844 0 1
845 8 1
846 38 1
847 9 1
848 85 1
849 21 1
850 56 1
851 96 1
852 63 0
853 14 0
854 17 1
855 71 1
856 0 0
857 32 0
858 5 0
859 24 0
860 28 1
861 40 0
862 50 1
863 10 1
864 93 0
865 9 0
866 29 0
867 23 1
868 92 1
869 50 0
870 60 1
871 7 0
872 22 1
873 50 0
874 47 0
875 82 1
876 81 1
877 89 0
878 44 0
879 37 1
880 4 0
881 6 0
882 99 0
883 73 0
884 41 1
885 45 0
886 15 1
887 34 0
888 40 0
889 13 1
890 5 1
891 8 1
892 65 1
893 64 1
894 43 1
895 93 0
896 96 0
897 28 1
898 77 1
899 4 1
900 71 1
901 65 0
902 50 1
903 98 1
904 30 1
905 23 1
906 54 1
907 96 0
908 50 0
909 100 1
910 32 1
911 13 1
912 11 0
913 69 0
914 91 1
915 78 1
916 70 1
917 19 1
918 90 1
919 56 1
920 75 0
921 54 1
922 32 0
923 18 0
924 80 1
925 75 1
926 31 1
927 88 1
928 78 1
929 3 0
930 76 1
931 76 1
932 97 1
933 37 1
934 33 1
935 78 1
936 19 0
937 8 0
938 26 1
939 6 0
940 67 1
941 65 1
942 16 1
943 13 0
944 54 1
945 8 0
946 71 0
947 47 1
948 0 1
949 100 1
950 99 0
951 40 1
952 54 1
953 16 0
954 22 1
955 59 0
956 78 1
957 60 1
958 22 1
959 60 1
960 37 1
961 79 1
962 0 0
963 22 1
964 30 0
965 8 1
966 45 0
967 94 0
968 44 1
969 52 0
970 30 1
971 78 0
972 5 0
973 100 1
974 58 0
975 78 1
976 0 1
977 77 0
978 27 1
979 50 1
980 67 0
981 32 1
982 80 0
983 84 0
984 32 1
985 11 1
986 43 1
987 43 1
988 100 0
989 24 1
990 75 1
991 25 0
992 29 1
993 23 0
994 99 0
995 35 1
996 4 1
997 49 1
998 92 1
999 29 0
1000 65 0
1001 59 0
1002 77 1
1003 2 0
1004 17 1
1005 5 0
1006 0 1
1007 39 0
1008 4 0
1009 7 1
1010 7 1
1011 13 1
1012 8 1
1013 44 1
1014 67 1
1015 96 1
1016 87 0
1017 86 1
1018 29 1
1019 10 1
1020 63 1
1021 36 1
1022 95 1
1023 41 1
1024 85 1
1025 48 0
1026 65 1
1027 52 1
1028 22 1
1029 19 1
1030 41 1
1031 94 1
1032 16 0
1033 62 1
1034 40 1
1035 91 1
1036 10 0
1037 39 1
1038 48 0
1039 77 1
1040 78 0
1041 71 0
1042 86 1
1043 63 1
1044 65 1
1045 70 1
1046 44 1
1047 80 1
1048 14 1
1049 3 0
1050 36 0
1051 3 1
1052 67 1
1053 50 1
1054 98 0
1055 94 0
1056 24 1
1057 89 1
1058 33 1
1059 64 0
1060 81 1
1061 25 0
1062 44 1
1063 58 0
1064 95 0
1065 60 1
1066 78 0
1067 49 1
1068 80 1
1069 31 1
1070 74 1
1071 22 0
1072 61 1
1073 80 1
1074 8 1
1075 14 1
1076 49 1
1077 87 1
1078 43 1
1079 99 0
1080 26 0
1081 13 0
1082 69 0
1083 20 1
1084 35 1
1085 98 1
1086 48 0
1087 3 1
1088 78 0
1089 51 1
1090 73 1
1091 48 1
1092 2 0
1093 62 0
1094 24 0
1095 30 1
1096 91 0
1097 27 0
1098 81 1
1099 80 0
1100 72 0
1101 21 1
1102 42 0
1103 1 1
1104 55 0
1105 80 0
1106 91 0
1107 21 0
1108 34 1
1109 87 1
1110 16 0
1111 57 1
1112 84 0
1113 38 1
1114 80 1
1115 51 1
1116 40 0
1117 18 1
1118 44 1
1119 75 1
1120 19 1
1121 99 1
1122 54 0
1123 49 1
1124 77 1
1125 94 0
1126 75 1
1127 72 0
1128 83 1
1129 18 1
1130 48 1
1131 34 1
1132 13 1
1133 43 1
1134 45 1
1135 28 1
1136 18 1
1137 20 1
1138 94 1
1139 6 1
1140 79 1
1141 8 1
1142 22 1
1143 7 1
1144 37 1
1145 89 1
1146 42 1
1147 46 0
1148 48 1
1149 86 1
1150 54 1
1151 4 0
1152 11 1
1153 92 1
1154 68 1
1155 21 1
1156 70 0
1157 45 0
1158 85 1
1159 44 0
1160 25 1
1161 80 0
1162 1 1
1163 96 1
1164 62 0
1165 90 1
1166 66 1
1167 34 1
1168 67 1
1169 30 1
1170 96 0
1171 27 1
1172 55 1
1173 4 1
1174 73 0
1175 7 0
1176 28 1
1177 12 1
1178 60 0
1179 52 0
1180 61 1
1181 85 0
1182 83 0
1183 77 1
1184 66 0
1185 3 0
1186 31 1
1187 74 0
1188 51 1
1189 99 1
1190 100 0
1191 68 1
1192 39 0
1193 29 1
1194 61 1
1195 69 1
1196 70 0
1197 19 0
1198 94 0
1199 21 1
1200 76 1
1201 94 0
1202 29 0
1203 92 1
1204 42 1
1205 76 1
1206 41 0
1207 41 1
1208 21 1
1209 26 1
1210 100 1
1211 50 1
1212 96 1
1213 67 1
1214 38 1
1215 19 1
1216 86 0
1217 18 1
1218 51 0
1219 67 1
1220 19 1
1221 82 1
1222 84 1
1223 89 1
1224 13 1
1225 7 0
1226 83 0
1227 27 1
1228 100 1
1229 11 1
1230 28 1
1231 24 0
1232 92 1
1233 0 0
1234 75 1
1235 83 1
1236 83 1
1237 27 1
1238 6 1
1239 92 0
1240 1 0
1241 5 1
1242 28 1
1243 7 0
1244 75 0
1245 38 1
1246 100 0
1247 91 1
1248 52 1
1249 30 1
1250 5 1
1251 94 1
1252 99 1
1253 76 1
1254 83 0
1255 100 1
1256 12 1
1257 15 0
1258 10 1
1259 16 0
1260 15 1
1261 62 1
1262 64 0
1263 2 1
1264 90 1
1265 90 0
1266 68 1
1267 31 1
1268 49 1
1269 44 1
1270 20 0
1271 88 1
1272 19 0
1273 48 0
1274 100 0
1275 64 1
1276 92 1
1277 77 0
1278 49 0
1279 16 1
1280 59 0
1281 81 0
1282 60 0
1283 66 1
1284 66 0
1285 11 0
1286 24 1
1287 93 1
1288 75 1
1289 47 0
1290 51 1
1291 61 1
1292 7 0
1293 43 0
1294 63 0
1295 42 1
1296 64 0
1297 96 1
1298 82 0
1299 4 1
1300 42 1
1301 4 0
1302 90 1
1303 84 1
1304 85 1
1305 9 0
1306 89 1
1307 24 1
1308 54 1
1309 75 1
1310 26 0
1311 9 1
1312 86 1
1313 87 0
1314 38 1
1315 86 1
1316 82 1
1317 95 1
1318 61 1
1319 5 1
1320 29 0
1321 27 1
1322 32 1
1323 34 1
1324 18 1
1325 75 0
1326 72 0
1327 82 1
1328 63 1
1329 97 1
1330 32 1
1331 28 1
1332 45 1
1333 30 0
1334 47 0
1335 98 0
1336 100 1
1337 66 0
1338 50 0
1339 91 1
1340 82 1
1341 86 1
1342 21 1
1343 84 1
1344 6 1
1345 32 1
1346 59 0
1347 74 1
1348 56 1
1349 82 0
1350 88 0
1351 78 1
1352 51 1
1353 14 0
1354 92 1
1355 41 1
1356 16 1
1357 23 0
1358 65 0
1359 70 1
1360 59 1
1361 32 0
1362 60 1
1363 69 1
1364 57 0
1365 93 0
1366 76 1
1367 27 1
1368 60 0
1369 100 0
1370 95 1
1371 21 1
1372 38 0
1373 97 0
1374 100 0
1375 22 1
1376 65 0
1377 21 0
1378 7 1
1379 88 1
1380 88 1
1381 6 1
1382 21 1
1383 62 1
1384 24 1
1385 30 1
1386 74 0
1387 1 0
1388 17 0
1389 88 1
1390 61 1
1391 20 0
1392 37 1
1393 71 0
1394 80 0
1395 83 1
1396 35 1
1397 1 1
1398 98 0
1399 10 1
1400 71 0
1401 11 0
1402 13 1
1403 54 0
1404 84 0
1405 96 1
1406 23 0
1407 15 1
1408 4 1
1409 52 1
1410 17 1
1411 49 1
1412 72 0
1413 57 0
1414 61 1
1415 36 1
1416 29 0
1417 48 1
1418 34 0
1419 20 0
1420 15 0
1421 8 0
1422 3 1
1423 72 1
1424 58 1
1425 66 0
1426 30 1
1427 0 1
1428 12 0
1429 42 0
1430 46 1
1431 53 1
1432 100 1
1433 65 1
1434 0 0
1435 22 1
1436 74 0
1437 53 0
1438 28 1
1439 32 1
1440 19 1
1441 34 1
1442 61 0
1443 24 0
1444 39 1
1445 95 1
1446 93 1
1447 32 1
1448 46 1
1449 21 1
1450 54 0
1451 9 0
1452 48 0
1453 77 1
1454 33 1
1455 35 1
1456 81 1
1457 50 1
1458 77 0
1459 61 1
1460 90 1
1461 47 1
1462 101 1
1463 71 1
1464 22 0
1465 39 1
1466 84 1
1467 1 1
1468 84 0
1469 55 1
1470 34 0
1471 42 1
1472 31 1
1473 1 1
1474 13 1
1475 44 1
1476 92 0
1477 57 1
1478 16 1
1479 85 0
1480 66 1
1481 89 0
1482 71 0
1483 28 1
1484 14 1
1485 43 1
1486 20 0
1487 86 1
1488 49 1
1489 6 1
1490 99 1
1491 38 1
1492 90 1
1493 52 1
1494 69 0
1495 17 1
1496 58 0
1497 31 0
1498 68 0
1499 28 0
1500 90 1
1501 53 1
1502 2 0
1503 34 1
1504 100 1
1505 89 1
1506 64 1
1507 58 1
1508 69 0
1509 31 0
1510 18 1
1511 44 0
1512 0 1
1513 51 1
1514 56 1
1515 98 1
1516 99 1
1517 27 1
1518 88 1
1519 25 1
1520 75 1
1521 55 1
1522 88 0
1523 38 0
1524 95 1
1525 91 1
1526 65 1
1527 35 0
1528 31 1
1529 5 1
1530 88 1
1531 31 0
1532 26 1
1533 58 1
1534 94 1
1535 46 1
1536 70 1
1537 53 1
1538 86 1
1539 85 1
1540 7 1
1541 39 1
1542 57 1
1543 86 1
1544 83 1
1545 74 1
1546 68 1
1547 52 1
1548 10 1
1549 54 0
1550 66 1
1551 17 1
1552 99 1
1553 65 1
1554 9 1
1555 84 1
1556 72 1
1557 37 1
1558 44 0
1559 89 0
1560 88 0
1561 94 1
1562 89 1
1563 20 0
1564 26 1
1565 49 1
1566 46 1
1567 0 1
1568 86 1
1569 74 1
1570 62 1
1571 59 1
1572 52 0
1573 33 1
1574 93 1
1575 69 1
1576 31 1
1577 5 1
1578 79 0
1579 92 1
1580 73 1
1581 44 1
1582 80 0
1583 34 0
1584 32 1
1585 31 1
1586 10 1
1587 101 1
1588 60 1
1589 4 0
1590 1 1
1591 2 1
1592 6 0
1593 25 0
1594 6 1
1595 11 1
1596 2 1
1597 44 0
1598 22 1
1599 19 1
1600 6 1
1601 20 0
1602 90 0
1603 53 1
1604 0 0
1605 73 0
1606 79 0
1607 8 1
1608 56 1
1609 17 0
1610 22 1
1611 63 0
1612 57 1
1613 81 0
1614 31 1
1615 5 1
1616 74 1
1617 27 0
1618 69 1
1619 58 1
1620 86 1
1621 45 0
1622 78 1
1623 20 1
1624 60 0
1625 16 1
1626 39 1
1627 54 1
1628 58 1
1629 22 0
1630 83 1
1631 100 0
1632 2 0
1633 65 0
1634 80 1
1635 13 0
1636 24 1
1637 25 1
1638 9 1
1639 56 1
1640 57 1
1641 23 1
1642 49 1
1643 65 1
1644 59 1
1645 42 1
1646 90 0
1647 43 1
1648 39 1
1649 35 1
1650 1 0
1651 55 1
1652 4 1
1653 75 1
1654 100 1
1655 30 0
1656 75 1
1657 23 0
1658 3 1
1659 77 1
1660 49 1
1661 51 1
1662 31 1
1663 1 1
1664 75 1
1665 36 1
1666 59 1
1667 50 1
1668 70 1
1669 25 1
1670 27 1
1671 97 1
1672 83 1
1673 73 0
1674 82 1
1675 96 0
1676 14 0
1677 40 1
1678 12 0
1679 64 1
1680 51 1
1681 9 1
1682 91 0
1683 46 1
1684 57 0
1685 76 1
1686 24 1
1687 32 1
1688 38 1
1689 39 1
1690 0 1
1691 21 0
1692 53 0
1693 33 1
1694 76 1
1695 24 1
1696 71 0
1697 34 1
1698 67 1
1699 67 1
1700 23 0
1701 54 0
1702 61 0
1703 1 1
1704 38 1
1705 66 0
1706 23 1
1707 52 1
1708 97 1
1709 14 1
1710 30 1
1711 97 0
1712 46 1
1713 33 0
1714 58 1
1715 84 1
1716 90 1
1717 2 1
1718 98 0
1719 70 1
1720 94 0
1721 21 1
1722 70 0
1723 66 1
1724 5 1
1725 34 1
1726 66 1
1727 8 0
1728 8 1
1729 73 1
1730 90 1
1731 20 1
1732 66 1
1733 49 1
1734 50 1
1735 45 0
1736 26 1
1737 32 1
1738 87 1
1739 59 1
1740 100 1
1741 26 1
1742 71 1
1743 23 0
1744 24 1
1745 18 1
1746 100 0
1747 64 0
1748 85 1
1749 75 0
1750 3 0
1751 49 0
1752 58 0
1753 99 1
1754 101 1
1755 8 1
1756 21 1
1757 10 0
1758 18 1
1759 44 0
1760 78 1
1761 29 1
1762 23 1
1763 12 1
1764 79 0
1765 13 1
1766 79 1
1767 85 1
1768 66 0
1769 27 1
1770 10 1
1771 11 0
1772 18 0
1773 72 0
1774 28 0
1775 53 0
1776 25 1
1777 28 1
1778 47 1
1779 28 0
1780 76 1
1781 54 1
1782 52 0
1783 37 0
1784 67 1
1785 29 1
1786 22 1
1787 57 1
1788 61 1
1789 51 0
1790 16 1
1791 42 1
1792 32 1
1793 90 1
1794 86 1
1795 52 0
1796 32 1
1797 88 1
1798 92 1
1799 48 1
1800 10 0
1801 83 1
1802 92 0
1803 47 0
1804 13 1
1805 14 1
1806 48 0
1807 46 1
1808 101 1
1809 5 1
1810 25 1
1811 44 0
1812 10 0
1813 90 0
1814 2 0
1815 5 0
1816 63 1
1817 19 1
1818 100 1
1819 79 1
1820 36 0
1821 16 1
1822 22 1
1823 10 1
1824 70 0
1825 5 1
1826 21 1
1827 0 0
1828 1 0
1829 5 1
1830 75 1
1831 67 0
1832 73 1
1833 64 1
1834 25 1
1835 32 1
1836 7 1
1837 68 1
1838 84 0
1839 50 1
1840 42 1
1841 20 0
1842 26 1
1843 69 0
1844 85 0
1845 82 1
1846 60 0
1847 43 0
1848 81 0
1849 51 0
1850 46 1
1851 90 1
1852 3 1
1853 56 1
1854 6 1
1855 12 1
1856 8 1
1857 11 0
1858 27 0
1859 11 1
1860 1 1
1861 92 1
1862 88 1
1863 41 0
1864 38 1
1865 20 1
1866 48 1
1867 86 0
1868 64 0
1869 87 0
1870 96 1
1871 17 1
1872 3 1
1873 61 0
1874 57 0
1875 90 1
1876 37 0
1877 68 1
1878 88 1
1879 65 0
1880 73 1
1881 32 1
1882 93 1
1883 19 1
1884 5 0
1885 99 0
1886 77 1
1887 52 0
1888 93 1
1889 59 0
1890 58 1
1891 81 0
1892 76 1
1893 67 0
1894 28 1
1895 36 0
1896 63 1
1897 43 1
1898 58 0
1899 57 1
1900 14 1
1901 37 1
1902 43 1
1903 43 1
1904 101 1
1905 57 0
1906 98 1
1907 24 0
1908 31 1
1909 33 1
1910 69 1
1911 7 1
1912 9 0
1913 58 0
1914 60 1
1915 4 0
1916 42 1
1917 37 1
1918 3 1
1919 94 1
1920 29 0
1921 33 1
1922 60 0
1923 97 0
1924 97 1
1925 23 0
1926 46 1
1927 69 0
1928 28 1
1929 98 0
1930 13 1
1931 34 0
1932 41 1
1933 12 1
1934 74 1
1935 20 0
1936 55 0
1937 0 0
1938 59 1
1939 79 1
1940 74 0
1941 66 1
1942 81 1
1943 49 0
1944 33 0
1945 70 0
1946 19 0
1947 75 1
1948 98 1
1949 53 1
1950 66 1
1951 45 1
1952 75 1
1953 57 0
1954 91 0
1955 34 1
1956 85 1
1957 30 1
1958 82 1
1959 47 1
1960 72 1
1961 7 1
1962 68 1
1963 100 1
1964 15 1
1965 83 1
1966 98 1
1967 23 0
1968 20 1
1969 51 1
1970 89 0
1971 47 1
1972 6 1
1973 9 1
1974 3 1
1975 75 1
1976 46 1
1977 13 1
1978 36 1
1979 25 1
1980 36 0
1981 81 0
1982 8 0
1983 52 1
1984 57 0
1985 38 1
1986 9 0
1987 91 1
1988 8 0
1989 1 1
1990 29 1
1991 35 1
1992 30 1
1993 61 0
1994 7 1
1995 65 1
1996 68 0
1997 99 0
1998 98 1
1999 2 0
2000 101 0
2001 20 0
2002 73 1
2003 99 1
2004 57 1
2005 41 1
2006 22 1
2007 33 1
2008 72 1
2009 66 1
2010 54 1
2011 70 0
2012 22 1
2013 70 1
2014 65 1
2015 96 1
2016 61 1
2017 20 0
2018 73 0
2019 62 1
2020 65 0
2021 13 1
2022 26 1
2023 11 1
2024 13 1
2025 24 1
2026 81 1
2027 35 1
2028 85 1
2029 44 1
2030 24 1
2031 61 0
2032 0 1
2033 65 1
2034 47 1
2035 101 0
2036 78 0
2037 98 1
2038 7 1
2039 49 0
2040 59 1
2041 36 1
2042 91 1
2043 89 1
2044 23 1
2045 20 0
2046 17 1
2047 4 1
2048 9 0
2049 90 1
2050 17 0
2051 40 1
2052 50 1
2053 46 0
2054 18 0
2055 26 1
2056 91 1
2057 63 1
2058 81 1
2059 52 1
2060 56 0
2061 49 1
2062 0 1
2063 91 0
2064 45 1
2065 13 1
2066 41 1
2067 4 1
2068 38 1
2069 97 1
2070 93 0
2071 81 1
2072 31 1
2073 35 1
2074 93 0
2075 13 1
2076 33 0
2077 94 1
2078 38 0
2079 93 1
2080 35 1
2081 18 0
2082 32 1
2083 14 0
2084 46 1
2085 101 1
2086 81 0
2087 68 1
2088 21 0
2089 98 0
2090 64 1
2091 7 0
2092 20 1
2093 2 0
2094 57 0
2095 90 1
2096 74 1
2097 15 1
2098 2 1
2099 49 0
2100 63 0
2101 8 0
2102 2 0
2103 28 1
2104 52 1
2105 60 1
2106 83 0
2107 9 1
2108 41 0
2109 9 1
2110 55 1
2111 37 1
2112 80 0
2113 82 0
2114 4 1
2115 53 0
2116 26 1
2117 58 1
2118 9 0
2119 76 1
2120 58 1
2121 76 1
2122 101 1
2123 16 1
2124 20 0
2125 88 0
2126 22 1
2127 51 1
2128 100 1
2129 31 0
2130 8 0
2131 43 1
2132 17 0
2133 11 1
2134 34 0
2135 62 1
2136 19 1
2137 31 0
2138 71 1
2139 8 1
2140 46 1
2141 12 1
2142 67 1
2143 17 1
2144 42 1
2145 41 0
2146 80 0
2147 34 1
2148 33 1
2149 71 0
2150 5 1
2151 32 0
2152 17 1
2153 67 1
2154 58 1
2155 25 1
2156 17 0
2157 45 1
2158 75 1
2159 98 1
2160 84 1
2161 14 0
2162 71 1
2163 31 1
2164 42 1
2165 17 1
2166 82 1
2167 19 0
2168 61 1
2169 59 1
2170 8 0
2171 96 1
2172 70 0
2173 33 1
2174 101 0
2175 6 0
2176 15 1
2177 17 1
2178 17 1
2179 36 0
2180 73 1
2181 80 0
2182 52 1
2183 51 1
2184 59 1
2185 79 1
2186 15 1
2187 41 1
2188 87 1
2189 0 1
2190 52 1
2191 16 1
2192 77 1
2193 0 0
2194 4 1
2195 52 0
2196 38 1
2197 29 0
2198 3 1
2199 50 1
2200 10 1
2201 51 0
2202 101 0
2203 84 1
2204 13 1
2205 20 1
2206 39 1
2207 5 1
2208 44 1
2209 57 0
2210 91 0
2211 100 0
2212 13 0
2213 66 0
2214 55 1
2215 0 0
2216 42 1
2217 65 1
2218 16 0
2219 76 0
2220 80 0
2221 69 1
2222 5 1
2223 82 1
2224 53 0
2225 46 1
2226 19 0
2227 19 1
2228 20 0
2229 98 1
2230 100 1
2231 90 1
2232 22 0
2233 3 0
2234 49 1
2235 42 1
2236 48 0
2237 19 0
2238 58 1
2239 77 1
2240 11 1
2241 1 0
2242 40 0
2243 11 0
2244 3 1
2245 85 0
2246 80 1
2247 91 1
2248 100 0
2249 12 1
2250 47 0
2251 24 1
2252 65 1
2253 21 0
2254 93 0
2255 5 1
2256 93 1
2257 82 1
2258 0 0
2259 41 1
2260 49 1
2261 55 1
2262 71 0
2263 1 0
2264 88 1
2265 39 0
2266 68 0
2267 76 1
2268 81 0
2269 27 1
2270 67 1
2271 22 0
2272 63 0
2273 13 1
2274 44 1
2275 15 0
2276 26 1
2277 94 1
2278 64 1
2279 12 1
2280 82 0
2281 5 1
2282 89 1
2283 54 1
2284 25 1
2285 12 1
2286 36 1
2287 99 1
2288 87 1
2289 34 1
2290 12 0
2291 20 1
2292 95 0
2293 83 0
2294 81 0
2295 29 1
2296 20 1
2297 84 0
2298 63 0
2299 50 0
2300 40 1
2301 53 1
2302 45 1
2303 47 0
2304 9 0
2305 59 1
2306 4 1
2307 8 1
2308 39 1
2309 78 1
2310 59 0
2311 53 1
2312 89 1
2313 35 1
2314 47 1
2315 11 1
2316 95 1
2317 10 1
2318 62 1
2319 42 1
2320 11 1
2321 41 1
2322 26 1
2323 36 0
2324 88 1
2325 57 0
2326 93 0
2327 47 0
2328 19 1
2329 3 1
2330 13 1
2331 101 0
2332 52 1
2333 95 0
2334 41 0
2335 58 1
2336 9 0
2337 92 1
2338 70 1
2339 75 0
2340 13 0
2341 50 0
2342 14 1
2343 33 1
2344 26 0
2345 47 0
2346 100 1
2347 21 0
2348 30 1
2349 36 0
2350 24 1
2351 71 1
2352 13 1
2353 44 1
2354 62 1
2355 88 1
2356 98 1
2357 27 0
2358 82 0
2359 17 1
2360 44 0
2361 21 1
2362 59 1
2363 66 0
2364 4 1
2365 6 1
2366 43 0
2367 37 1
2368 87 0
2369 88 1
2370 72 0
2371 70 1
2372 59 1
2373 53 1
2374 30 0
2375 96 1
2376 57 1
2377 15 0
2378 5 0
2379 51 1
2380 56 0
2381 13 0
2382 83 1
2383 79 0
2384 79 1
2385 63 1
2386 88 1
2387 66 0
2388 0 0
2389 32 0
2390 37 0
2391 3 0
2392 16 1
2393 57 0
2394 73 0
2395 6 0
2396 38 0
2397 50 1
2398 17 1
2399 35 0
2400 40 1
2401 17 1
2402 1 0
2403 19 1
2404 76 0
2405 32 1
2406 79 1
2407 53 0
2408 1 1
2409 91 0
2410 91 1
2411 50 1
2412 64 0
2413 20 1
2414 75 1
2415 75 0
2416 25 0
2417 14 1
2418 49 0
2419 1 1
2420 60 0
2421 8 0
2422 42 0
2423 80 1
2424 44 0
2425 92 1
2426 39 0
2427 60 0
2428 89 0
2429 83 1
2430 83 1
2431 50 0
2432 98 1
2433 82 1
2434 73 1
2435 68 1
2436 65 0
2437 16 1
2438 85 1
2439 99 1
2440 38 0
2441 60 1
2442 77 1
2443 54 1
2444 20 1
2445 25 1
2446 40 1
2447 57 1
2448 12 1
2449 81 0
2450 69 1
2451 64 0
2452 71 0
2453 87 1
2454 49 1
2455 82 1
2456 45 1
2457 63 0
2458 83 0
2459 85 0
2460 25 0
2461 79 1
2462 32 1
2463 76 0
2464 20 0
2465 52 1
2466 51 1
2467 69 0
2468 69 0
2469 49 1
2470 37 0
2471 1 0
2472 19 1
2473 2 1
2474 28 0
2475 78 1
2476 18 0
2477 67 1
2478 65 0
2479 42 1
2480 70 1
2481 97 1
2482 83 0
2483 14 1
2484 93 1
2485 40 1
2486 67 0
2487 86 0
2488 54 1
2489 35 1
2490 21 1
2491 84 0
2492 41 0
2493 37 0
2494 64 1
2495 38 1
2496 46 0
2497 26 0
2498 71 0
2499 51 1
2500 78 1
2501 40 1
2502 5 0
2503 52 0
2504 86 0
2505 90 1
2506 72 1
2507 69 1
2508 70 0
2509 92 0
2510 84 0
2511 40 0
2512 9 0
2513 30 1
2514 81 1
2515 92 1
2516 45 1
2517 74 0
2518 28 1
2519 84 0
2520 85 1
2521 41 1
2522 93 1
2523 42 0
2524 13 1
2525 69 0
2526 85 1
2527 74 1
2528 21 1
2529 21 1
2530 33 0
2531 57 0
2532 15 1
2533 77 0
2534 2 1
2535 29 0
2536 79 1
2537 16 1
2538 79 1
2539 81 0
2540 38 1
2541 36 0
2542 3 0
2543 90 0
2544 61 1
2545 101 0
2546 97 1
2547 19 0
2548 8 0
2549 54 1
2550 27 0
2551 73 1
2552 0 1
2553 99 1
2554 95 1
2555 44 1
2556 74 0
2557 27 1
2558 63 1
2559 50 0
2560 100 1
2561 65 1
2562 53 1
2563 80 1
2564 52 1
2565 73 0
2566 63 1
2567 5 0
2568 5 1
2569 16 0
2570 55 1
2571 3 1
2572 13 0
2573 53 0
2574 95 1
2575 46 0
2576 24 1
2577 61 1
2578 41 1
2579 12 0
2580 19 1
2581 94 1
2582 1 1
2583 95 1
2584 77 1
2585 54 0
2586 43 0
2587 6 0
2588 10 0
2589 54 1
2590 35 0
2591 45 1
2592 84 1
2593 10 0
2594 94 1
2595 65 0
2596 81 0
2597 43 1
2598 30 1
2599 10 1
2600 19 1
2601 85 1
2602 43 1
2603 67 1
2604 50 1
2605 31 1
2606 94 1
2607 17 1
2608 55 1
2609 49 0
2610 99 1
2611 34 1
2612 44 1
2613 6 1
2614 87 1
2615 27 0
2616 54 1
2617 14 0
2618 77 1
2619 49 1
2620 49 1
2621 58 1
2622 29 0
2623 40 1
2624 51 1
2625 4 1
2626 50 0
2627 101 0
2628 63 1
2629 15 1
2630 98 0
2631 0 0
2632 1 1
2633 21 1
2634 18 1
2635 51 1
2636 99 1
2637 57 0
2638 58 0
2639 58 1
2640 59 1
2641 4 1
2642 23 0
2643 49 1
2644 60 1
2645 7 1
2646 81 1
2647 81 1
2648 73 1
2649 33 1
2650 19 1
2651 5 1
2652 66 1
2653 92 1
2654 31 0
2655 80 0
2656 33 1
2657 45 1
2658 62 1
2659 16 1
2660 57 1
2661 51 1
2662 81 0
2663 67 0
2664 81 0
2665 92 1
2666 30 1
2667 64 1
2668 31 1
2669 93 0
2670 24 1
2671 25 1
2672 28 1
2673 89 1
2674 63 1
2675 59 0
2676 76 1
2677 79 1
2678 62 0
2679 56 0
2680 92 0
2681 89 0
2682 91 1
2683 92 1
2684 79 1
2685 31 1
2686 1 1
2687 8 0
2688 74 0
2689 41 1
2690 74 1
2691 3 1
2692 30 1
2693 78 1
2694 75 1
2695 6 0
2696 1 1
2697 34 1
2698 19 1
2699 61 1
2700 56 1
2701 49 1
2702 96 0
2703 34 1
2704 52 1
2705 79 1
2706 22 1
2707 20 1
2708 36 1
2709 43 1
2710 80 0
2711 49 0
2712 94 1
2713 20 1
2714 56 0
2715 84 1
2716 20 1
2717 15 0
2718 62 0
2719 58 0
2720 72 1
2721 86 1
2722 15 1
2723 19 1
2724 52 0
2725 9 1
2726 60 0
2727 59 0
2728 89 1
2729 38 1
2730 8 0
2731 1 1
2732 0 0
2733 93 0
2734 13 1
2735 23 1
2736 84 1
2737 52 1
2738 62 1
2739 73 1
2740 82 0
2741 16 1
2742 88 1
2743 67 1
2744 28 1
2745 67 0
2746 99 1
2747 38 1
2748 59 1
2749 34 0
2750 53 1
2751 30 1
2752 12 1
2753 7 1
2754 0 1
2755 87 1
2756 34 1
2757 97 1
2758 52 1
2759 44 1
2760 39 1
2761 90 1
2762 51 0
2763 84 0
2764 4 1
2765 29 1
2766 21 1
2767 68 0
2768 64 0
2769 6 1
2770 28 1
2771 19 1
2772 44 1
2773 31 1
2774 24 1
2775 22 1
2776 32 1
2777 22 0
2778 10 1
2779 14 0
2780 96 1
2781 21 1
2782 76 1
2783 22 1
2784 36 1
2785 78 0
2786 45 1
2787 75 1
2788 34 1
2789 31 1
2790 1 0
2791 70 1
2792 37 0
2793 38 1
2794 70 0
2795 10 1
2796 95 1
2797 27 0
2798 94 1
2799 57 0
2800 26 0
2801 67 0
2802 52 1
2803 6 0
2804 94 1
2805 17 1
2806 64 1
2807 76 1
2808 25 1
2809 97 0
2810 65 1
2811 31 0
2812 11 0
2813 51 0
2814 55 0
2815 6 0
2816 89 1
2817 101 1
2818 88 1
2819 24 0
2820 17 1
2821 22 0
2822 50 1
2823 29 1
2824 10 1
2825 42 0
2826 4 1
2827 6 1
2828 79 0
2829 94 1
2830 37 0
2831 62 1
2832 73 0
2833 38 1
2834 42 0
2835 88 1
2836 51 1
2837 13 0
2838 82 1
2839 48 1
2840 67 1
2841 65 1
2842 35 1
2843 60 1
2844 77 0
2845 94 0
2846 26 1
2847 87 1
2848 15 1
2849 80 0
2850 59 1
2851 90 1
2852 50 0
2853 83 0
2854 19 0
2855 96 0
2856 93 1
2857 4 0
2858 79 0
2859 12 1
2860 65 0
2861 16 0
2862 34 1
2863 36 1
2864 101 1
2865 80 0
2866 56 1
2867 41 1
2868 18 1
2869 84 0
2870 26 1
2871 72 1
2872 85 1
2873 18 1
2874 88 1
2875 66 0
2876 85 1
2877 15 1
2878 31 0
2879 40 0
2880 15 0
2881 89 1
2882 35 1
2883 23 0
2884 100 1
2885 65 0
2886 57 1
2887 92 1
2888 85 1
2889 77 1
2890 88 1
2891 97 0
2892 71 1
2893 89 1
2894 87 0
2895 5 0
2896 96 0
2897 71 1
2898 70 0
2899 83 1
2900 47 1
2901 67 0
2902 55 1
2903 92 1
2904 39 0
2905 57 1
2906 83 0
2907 46 0
2908 88 0
2909 2 0
2910 9 1
2911 73 0
2912 76 0
2913 33 0
2914 84 0
2915 61 1
2916 8 0
2917 81 0
2918 58 1
2919 49 1
2920 11 1
2921 46 1
2922 82 1
2923 96 1
2924 99 1
2925 13 1
2926 3 0
2927 11 1
2928 76 1
2929 72 0
2930 7 0
2931 35 0
2932 32 0
2933 53 1
2934 59 1
2935 9 1
2936 29 1
2937 38 1
2938 19 0
2939 51 0
2940 2 0
2941 99 1
2942 22 0
2943 33 1
2944 1 1
2945 78 1
2946 84 0
2947 99 1
2948 75 1
2949 28 0
2950 75 0
2951 78 1
2952 66 0
2953 88 1
2954 20 1
2955 75 1
2956 0 0
2957 1 1
2958 29 1
2959 43 0
2960 87 0
2961 12 0
2962 5 1
2963 33 1
2964 8 1
2965 61 1
2966 72 1
2967 60 0
2968 101 0
2969 69 1
2970 57 1
2971 91 0
2972 63 1
2973 28 1
2974 101 1
2975 97 1
2976 64 1
2977 3 0
2978 94 1
2979 72 0
2980 45 1
2981 32 0
2982 43 0
2983 25 1
2984 86 0
2985 10 1
2986 84 1
2987 73 1
2988 66 1
2989 11 1
2990 18 1
2991 101 0
2992 14 1
2993 100 1
2994 88 1
2995 31 1
2996 75 0
2997 20 1
2998 1 0
2999 7 0
3000 87 1
3001 0 0
3002 16 1
3003 89 1
3004 20 1
3005 97 1
3006 5 1
3007 19 1
3008 72 1
3009 50 1
3010 61 0
3011 63 1
3012 16 1
3013 25 1
3014 76 1
3015 52 0
3016 23 1
3017 2 1
3018 100 0
3019 70 1
3020 64 0
3021 57 1
3022 33 1
3023 37 1
3024 41 1
3025 9 1
3026 66 1
3027 84 1
3028 1 1
3029 47 1
3030 89 1
3031 86 1
3032 49 0
3033 100 1
3034 27 0
3035 40 1
3036 6 1
3037 33 1
3038 95 1
3039 17 1
3040 55 1
3041 84 0
3042 47 1
3043 49 1
3044 48 1
3045 74 1
3046 93 1
3047 20 1
3048 95 0
3049 36 0
3050 86 0
3051 86 1
3052 19 1
3053 4 0
3054 87 1
3055 96 0
3056 21 0
3057 7 1
3058 16 1
3059 91 1
3060 24 1
3061 74 1
3062 95 0
3063 3 1
3064 86 1
3065 7 1
3066 63 1
3067 9 1
3068 84 1
3069 42 0
3070 8 1
3071 57 1
3072 12 0
3073 98 1
3074 68 0
3075 41 1
3076 22 1
3077 81 0
3078 81 1
3079 78 1
3080 98 1
3081 84 1
3082 25 1
3083 90 1
3084 80 0
3085 25 0
3086 41 1
3087 15 1
3088 95 0
3089 31 1
3090 46 1
3091 26 1
3092 60 1
3093 32 1
3094 39 0
3095 53 1
3096 42 0
3097 43 1
3098 0 1
3099 50 0
3100 37 1
3101 66 1
3102 4 1
3103 80 1
3104 41 1
3105 34 0
3106 56 1
3107 2 1
3108 14 0
3109 27 1
3110 16 0
3111 37 1
3112 89 0
3113 75 1
3114 86 1
3115 41 1
3116 46 0
3117 74 0
3118 61 1
3119 49 1
3120 36 0
3121 61 1
3122 91 1
3123 80 1
3124 71 1
3125 5 0
3126 60 1
3127 95 1
3128 97 0
3129 85 1
3130 39 1
3131 77 0
3132 4 1
3133 34 0
3134 49 1
3135 39 1
3136 12 1
3137 49 1
3138 10 1
3139 56 0
3140 7 1
3141 15 1
3142 52 1
3143 88 1
3144 24 1
3145 0 1
3146 70 1
3147 21 1
3148 100 1
3149 37 1
3150 87 0
3151 5 1
3152 98 1
3153 49 0
3154 56 0
3155 36 0
3156 39 1
3157 2 0
3158 8 1
3159 10 1
3160 34 0
3161 44 0
3162 88 0
3163 76 1
3164 94 1
3165 56 1
3166 9 1
3167 51 1
3168 91 1
3169 62 1
3170 2 0
3171 57 1
3172 22 0
3173 80 1
3174 48 0
3175 10 1
3176 74 1
3177 33 1
3178 17 1
3179 69 1
3180 43 0
3181 89 0
3182 85 0
3183 7 0
3184 11 1
3185 42 1
3186 66 1
3187 2 1
3188 56 1
3189 92 1
3190 18 1
3191 8 1
3192 29 1
3193 25 1
3194 23 0
3195 30 1
3196 15 1
3197 68 1
3198 4 1
3199 97 1
3200 42 1
3201 78 1
3202 8 1
3203 42 1
3204 8 1
3205 16 0
3206 83 0
3207 17 0
3208 39 0
3209 4 1
3210 34 1
3211 78 1
3212 1 0
3213 98 1
3214 93 1
3215 71 1
3216 3 0
3217 90 1
3218 0 1
3219 51 0
3220 37 0
3221 35 1
3222 39 1
3223 78 1
3224 68 1
3225 13 1
3226 91 1
3227 99 1
3228 7 1
3229 46 1
3230 36 1
3231 82 0
3232 36 0
3233 101 1
3234 74 1
3235 19 0
3236 65 1
3237 77 0
3238 54 0
3239 55 1
3240 34 0
3241 70 1
3242 6 0
3243 90 1
3244 9 1
3245 62 1
3246 23 1
3247 33 1
3248 86 1
3249 70 0
3250 57 1
3251 16 1
3252 15 1
3253 73 1
3254 19 1
3255 63 0
3256 68 0
3257 24 0
3258 72 1
3259 62 0
3260 20 1
3261 75 0
3262 38 1
3263 77 0
