7130
1 736 0
2 692 0
3 851 1
4 691 0
5 24 0
6 637 0
7 661 1
8 293 1
9 102 1
10 219 1
11 724 1
12 233 1
13 108 0
14 27 1
15 211 1
16 44 1
17 781 1
18 787 0
19 239 1
20 953 1
21 799 1
22 148 1
23 24 1
24 319 1
25 99 1
26 964 1
27 190 0
28 198 0
29 417 1
30 325 0
31 569 1
32 587 1
33 703 1
34 309 1
35 471 0
36 107 1
37 472 1
38 350 0
39 294 1
40 220 1
41 109 1
42 815 0
43 697 0
44 891 0
45 542 0
46 754 0
47 890 1
48 81 1
49 335 1
50 155 1
51 555 0
52 685 0
53 811 1
54 132 1
55 605 1
56 400 1
57 840 1
58 318 1
59 836 1
60 674 1
61 45 1
62 109 1
63 389 1
64 148 1
65 471 0
66 431 1
67 163 0
68 369 1
69 759 0
70 688 1
71 157 1
72 395 1
73 912 0
74 850 1
75 238 1
76 453 1
77 865 1
78 815 1
79 642 1
80 586 1
81 572 0
82 455 0
83 742 1
84 318 1
85 922 1
86 486 0
87 409 1
88 685 1
89 898 1
90 396 1
91 679 1
92 27 0
93 312 1
94 125 1
95 818 1
96 90 0
97 338 1
98 733 1
99 674 0
100 897 0
101 372 1
102 2 1
103 579 0
104 711 1
105 831 1
106 233 1
107 857 1
108 381 0
109 408 0
110 146 1
111 816 1
112 235 1
113 379 1
114 842 0
115 628 1
116 270 1
117 449 0
118 683 1
119 557 1
120 126 1
121 121 1
122 224 1
123 913 1
124 463 1
125 417 1
126 862 1
127 443 1
128 6 1
129 967 1
130 484 1
131 903 1
132 214 1
133 624 1
134 1 1
135 608 0
136 884 1
137 779 1
138 23 0
139 29 1
140 340 1
141 400 1
142 287 0
143 908 1
144 677 0
145 446 1
146 796 1
147 231 1
148 321 0
149 224 1
150 351 1
151 46 1
152 572 0
153 658 0
154 138 1
155 387 1
156 438 1
157 985 1
158 642 0
159 616 1
160 106 1
161 99 0
162 31 0
163 522 1
164 782 1
165 272 1
166 589 0
167 683 1
168 45 1
169 365 1
170 638 0
171 955 0
172 844 1
173 410 1
174 171 1
175 424 0
176 404 0
177 485 1
178 744 1
179 92 0
180 68 1
181 975 1
182 572 1
183 426 1
184 619 1
185 105 1
186 152 0
187 942 0
188 34 0
189 101 1
190 401 0
191 776 1
192 646 1
193 545 1
194 876 1
195 242 1
196 598 1
197 905 0
198 495 1
199 104 1
200 439 0
201 687 1
202 574 1
203 892 1
204 14 1
205 410 0
206 823 1
207 819 0
208 763 1
209 478 1
210 610 1
211 899 1
212 253 0
213 694 1
214 170 1
215 177 0
216 605 1
217 504 1
218 808 1
219 395 1
220 705 0
221 836 1
222 307 1
223 616 1
224 638 1
225 330 0
226 129 0
227 772 0
228 67 1
229 141 1
230 873 1
231 443 0
232 487 1
233 569 0
234 952 0
235 434 1
236 84 1
237 804 1
238 544 1
239 71 1
240 829 1
241 746 1
242 641 1
243 645 1
244 603 0
245 543 1
246 410 1
247 573 0
248 836 1
249 508 0
250 421 0
251 76 1
252 820 1
253 202 0
254 909 1
255 862 0
256 674 0
257 23 1
258 745 1
259 632 1
260 760 1
261 151 1
262 75 0
263 382 0
264 475 1
265 25 1
266 148 0
267 10 1
268 579 1
269 648 0
270 778 1
271 845 1
272 41 1
273 680 0
274 146 1
275 450 0
276 107 0
277 684 1
278 226 0
279 397 0
280 272 0
281 206 1
282 121 1
283 694 0
284 722 0
285 796 1
286 765 1
287 572 1
288 423 1
289 604 0
290 879 1
291 779 1
292 263 1
293 473 1
294 844 1
295 788 0
296 891 0
297 842 0
298 514 0
299 321 1
300 790 0
301 63 1
302 671 1
303 384 1
304 495 0
305 967 0
306 650 1
307 676 0
308 828 0
309 303 1
310 629 1
311 116 0
312 400 1
313 151 0
314 406 0
315 466 1
316 198 0
317 774 1
318 65 0
319 279 1
320 754 1
321 250 1
322 612 1
323 229 1
324 684 1
325 439 1
326 928 0
327 159 1
328 121 1
329 851 1
330 380 1
331 39 1
332 748 1
333 56 0
334 579 1
335 678 1
336 189 1
337 649 1
338 170 1
339 264 0
340 18 1
341 483 0
342 563 1
343 590 1
344 550 1
345 516 1
346 378 1
347 813 1
348 965 0
349 952 1
350 508 1
351 496 1
352 874 1
353 803 0
354 631 0
355 213 1
356 379 1
357 900 1
358 643 1
359 930 1
360 550 1
361 732 1
362 609 1
363 78 1
364 730 1
365 444 1
366 279 1
367 545 1
368 400 0
369 512 1
370 731 0
371 692 1
372 726 0
373 367 1
374 408 1
375 182 1
376 363 0
377 202 1
378 775 0
379 862 1
380 211 1
381 364 1
382 562 1
383 948 1
384 279 1
385 309 1
386 795 0
387 435 0
388 908 1
389 217 1
390 708 1
391 882 1
392 910 0
393 651 1
394 962 1
395 518 1
396 439 0
397 969 0
398 399 0
399 278 0
400 8 1
401 4 1
402 196 1
403 640 1
404 839 0
405 39 1
406 560 1
407 933 1
408 322 1
409 482 1
410 424 1
411 77 0
412 783 1
413 179 1
414 583 0
415 872 1
416 642 1
417 3 0
418 912 1
419 258 1
420 804 0
421 624 0
422 523 1
423 453 1
424 175 0
425 738 0
426 544 1
427 766 1
428 177 1
429 825 0
430 10 0
431 252 1
432 192 1
433 502 0
434 202 1
435 475 1
436 361 0
437 978 0
438 972 1
439 45 1
440 683 0
441 61 1
442 903 1
443 174 0
444 380 1
445 741 0
446 23 1
447 347 0
448 260 1
449 918 1
450 913 1
451 77 1
452 112 0
453 475 0
454 802 0
455 254 1
456 608 1
457 332 1
458 44 1
459 210 1
460 114 1
461 120 1
462 955 0
463 940 1
464 621 1
465 286 1
466 870 1
467 428 1
468 722 1
469 90 1
470 728 1
471 336 1
472 550 1
473 173 1
474 76 1
475 324 1
476 931 0
477 621 1
478 215 1
479 721 1
480 745 0
481 979 0
482 967 1
483 621 1
484 626 1
485 540 1
486 652 1
487 712 0
488 153 0
489 809 0
490 169 1
491 713 0
492 881 0
493 19 1
494 222 1
495 541 0
496 355 1
497 898 1
498 546 1
499 338 1
500 545 0
501 548 1
502 70 0
503 716 1
504 57 1
505 50 1
506 973 0
507 337 0
508 706 0
509 862 1
510 694 0
511 210 1
512 542 1
513 980 1
514 943 0
515 283 1
516 512 1
517 306 0
518 700 1
519 110 0
520 569 0
521 288 1
522 521 1
523 26 1
524 580 0
525 763 0
526 607 0
527 932 0
528 691 1
529 553 1
530 557 1
531 742 0
532 277 0
533 956 0
534 92 0
535 343 1
536 824 1
537 811 1
538 855 1
539 888 0
540 334 1
541 35 1
542 941 0
543 2 1
544 207 1
545 885 1
546 1 1
547 149 1
548 2 0
549 852 0
550 486 0
551 353 1
552 436 1
553 972 1
554 903 1
555 52 0
556 142 1
557 90 0
558 66 1
559 334 0
560 649 1
561 342 1
562 174 1
563 232 1
564 900 1
565 857 1
566 888 1
567 316 0
568 691 1
569 234 1
570 72 1
571 451 1
572 667 0
573 895 1
574 634 0
575 604 1
576 68 1
577 248 0
578 45 1
579 16 1
580 173 0
581 243 1
582 399 1
583 298 1
584 456 1
585 304 1
586 416 1
587 47 1
588 600 1
589 424 1
590 779 0
591 833 1
592 582 1
593 687 1
594 170 1
595 473 0
596 881 1
597 13 1
598 581 1
599 979 0
600 147 0
601 577 0
602 353 1
603 950 1
604 870 1
605 503 1
606 22 1
607 812 1
608 38 1
609 133 1
610 811 0
611 845 1
612 628 1
613 592 1
614 473 0
615 561 1
616 180 1
617 488 0
618 77 1
619 790 1
620 725 1
621 912 1
622 250 0
623 950 1
624 550 0
625 496 0
626 5 1
627 380 1
628 807 1
629 157 1
630 858 0
631 216 1
632 172 0
633 875 1
634 750 0
635 501 1
636 872 1
637 832 1
638 464 0
639 421 1
640 191 0
641 691 0
642 867 1
643 427 1
644 359 1
645 977 1
646 901 1
647 864 1
648 505 0
649 627 0
650 36 0
651 57 0
652 564 0
653 345 1
654 986 0
655 358 1
656 291 1
657 972 0
658 436 0
659 159 1
660 592 0
661 622 1
662 937 1
663 589 1
664 845 1
665 23 1
666 660 0
667 397 1
668 274 0
669 568 1
670 812 1
671 58 1
672 291 0
673 577 0
674 744 0
675 424 1
676 480 1
677 156 1
678 152 1
679 185 1
680 570 0
681 194 0
682 583 0
683 770 1
684 638 0
685 30 1
686 580 1
687 869 0
688 422 0
689 207 1
690 498 0
691 819 1
692 982 1
693 711 1
694 36 0
695 153 0
696 410 1
697 847 1
698 243 0
699 751 1
700 283 1
701 646 1
702 870 0
703 343 1
704 289 0
705 775 1
706 485 0
707 374 1
708 884 1
709 916 1
710 591 1
711 537 1
712 25 0
713 602 1
714 622 0
715 453 1
716 157 0
717 376 1
718 235 0
719 636 0
720 866 1
721 908 1
722 331 1
723 145 1
724 977 0
725 451 1
726 740 1
727 188 1
728 981 1
729 338 1
730 458 1
731 420 0
732 499 1
733 252 0
734 124 1
735 562 1
736 614 0
737 658 1
738 666 1
739 475 1
740 180 1
741 830 1
742 230 0
743 1 0
744 123 1
745 434 1
746 727 1
747 794 1
748 955 0
749 276 0
750 249 1
751 386 1
752 918 1
753 123 0
754 162 1
755 553 1
756 536 1
757 860 1
758 716 0
759 586 0
760 797 0
761 321 0
762 189 1
763 78 0
764 477 1
765 833 1
766 497 1
767 601 1
768 871 1
769 32 0
770 628 0
771 973 1
772 576 1
773 832 0
774 314 0
775 739 1
776 753 1
777 256 0
778 492 1
779 695 1
780 981 0
781 11 1
782 366 1
783 220 1
784 935 0
785 586 1
786 728 1
787 639 1
788 719 0
789 619 1
790 911 1
791 754 1
792 39 1
793 226 0
794 941 1
795 108 1
796 765 1
797 727 0
798 330 0
799 391 0
800 102 1
801 447 1
802 851 1
803 157 1
804 873 1
805 224 0
806 48 0
807 79 0
808 596 0
809 911 0
810 530 1
811 785 0
812 736 0
813 449 1
814 80 0
815 646 1
816 828 1
817 316 1
818 92 1
819 576 1
820 152 0
821 368 0
822 386 0
823 287 1
824 349 1
825 541 1
826 129 1
827 197 1
828 166 1
829 943 1
830 790 1
831 25 1
832 595 1
833 917 1
834 412 1
835 260 1
836 902 1
837 68 1
838 673 0
839 586 1
840 161 0
841 218 1
842 73 0
843 461 1
844 659 0
845 82 1
846 613 1
847 394 1
848 46 1
849 504 0
850 130 1
851 620 0
852 2 1
853 636 1
854 348 1
855 306 1
856 957 1
857 397 1
858 537 0
859 574 1
860 578 1
861 264 1
862 361 1
863 312 1
864 284 1
865 170 1
866 886 1
867 348 0
868 782 0
869 171 0
870 814 1
871 248 1
872 306 1
873 129 1
874 808 0
875 647 1
876 664 1
877 196 1
878 874 1
879 737 1
880 630 1
881 475 0
882 305 1
883 23 1
884 123 1
885 826 0
886 965 0
887 35 1
888 328 1
889 723 1
890 465 1
891 141 1
892 891 1
893 763 1
894 443 0
895 543 1
896 27 1
897 208 0
898 450 1
899 322 1
900 23 1
901 118 1
902 831 1
903 575 1
904 904 1
905 903 1
906 289 1
907 814 1
908 282 0
909 271 1
910 404 1
911 114 0
912 734 1
913 362 1
914 151 0
915 72 1
916 440 1
917 467 0
918 931 1
919 49 1
920 949 1
921 238 0
922 897 1
923 733 1
924 944 0
925 917 0
926 721 1
927 389 1
928 951 1
929 955 0
930 43 1
931 874 1
932 522 1
933 70 1
934 296 1
935 615 1
936 669 0
937 799 0
938 513 1
939 72 1
940 449 1
941 425 0
942 629 0
943 941 0
944 173 1
945 302 1
946 249 1
947 4 1
948 430 0
949 833 1
950 83 1
951 983 1
952 909 0
953 927 0
954 933 1
955 206 0
956 304 1
957 868 1
958 54 1
959 828 0
960 335 0
961 737 0
962 916 1
963 954 0
964 705 1
965 388 0
966 855 1
967 149 1
968 772 1
969 513 0
970 97 0
971 11 1
972 654 1
973 345 1
974 308 1
975 240 0
976 620 1
977 533 0
978 326 1
979 501 1
980 893 1
981 427 1
982 575 1
983 839 1
984 663 1
985 965 1
986 93 1
987 466 1
988 171 0
989 64 1
990 301 1
991 428 0
992 585 0
993 76 1
994 470 0
995 843 1
996 771 1
997 438 0
998 858 1
999 606 0
1000 651 1
1001 597 1
1002 166 0
1003 99 0
1004 191 1
1005 122 1
1006 760 1
1007 717 1
1008 815 1
1009 168 0
1010 674 1
1011 267 0
1012 304 1
1013 411 1
1014 297 1
1015 9 0
1016 903 1
1017 300 1
1018 975 0
1019 711 1
1020 160 0
1021 669 0
1022 980 1
1023 874 1
1024 787 1
1025 699 1
1026 369 1
1027 526 1
1028 683 1
1029 443 0
1030 269 1
1031 244 1
1032 657 1
1033 556 1
1034 249 1
1035 820 1
1036 13 1
1037 634 1
1038 494 0
1039 115 1
1040 171 1
1041 361 1
1042 793 1
1043 811 0
1044 432 1
1045 772 1
1046 315 0
1047 481 0
1048 866 1
1049 626 1
1050 218 1
1051 132 1
1052 554 0
1053 236 1
1054 591 0
1055 937 1
1056 471 1
1057 606 1
1058 794 1
1059 359 1
1060 291 1
1061 829 1
1062 757 1
1063 883 0
1064 957 1
1065 357 1
1066 868 0
1067 710 1
1068 560 1
1069 786 1
1070 896 0
1071 228 1
1072 348 1
1073 946 0
1074 860 1
1075 282 0
1076 752 0
1077 73 0
1078 444 1
1079 751 0
1080 377 1
1081 195 1
1082 206 0
1083 983 1
1084 168 1
1085 233 1
1086 818 0
1087 453 1
1088 893 0
1089 918 1
1090 323 1
1091 231 0
1092 333 0
1093 204 1
1094 857 0
1095 787 1
1096 379 1
1097 795 0
1098 204 1
1099 656 0
1100 873 1
1101 447 0
1102 947 1
1103 185 0
1104 907 1
1105 921 1
1106 618 0
1107 621 0
1108 761 0
1109 337 1
1110 97 1
1111 472 1
1112 20 1
1113 366 1
1114 665 0
1115 889 0
1116 519 1
1117 850 1
1118 844 1
1119 633 1
1120 746 1
1121 307 1
1122 33 1
1123 923 0
1124 70 0
1125 31 1
1126 298 0
1127 936 1
1128 380 0
1129 542 1
1130 236 1
1131 496 1
1132 93 1
1133 537 1
1134 696 1
1135 14 1
1136 344 1
1137 425 1
1138 847 1
1139 768 1
1140 925 0
1141 681 1
1142 607 0
1143 552 1
1144 539 0
1145 934 1
1146 144 1
1147 835 1
1148 103 0
1149 478 1
1150 162 0
1151 850 1
1152 117 1
1153 480 1
1154 939 0
1155 490 0
1156 362 0
1157 706 0
1158 116 0
1159 565 1
1160 960 1
1161 735 1
1162 549 0
1163 645 1
1164 562 1
1165 59 0
1166 919 0
1167 827 0
1168 793 0
1169 610 1
1170 870 0
1171 227 0
1172 587 1
1173 811 0
1174 800 0
1175 956 1
1176 495 0
1177 484 0
1178 881 0
1179 11 0
1180 568 1
1181 776 1
1182 577 1
1183 839 1
1184 823 1
1185 25 1
1186 865 0
1187 546 0
1188 783 1
1189 471 1
1190 59 1
1191 962 1
1192 737 1
1193 902 1
1194 891 1
1195 682 0
1196 581 1
1197 272 1
1198 974 1
1199 440 0
1200 876 1
1201 818 1
1202 22 1
1203 227 1
1204 743 1
1205 703 0
1206 733 0
1207 661 1
1208 145 1
1209 708 1
1210 96 1
1211 114 1
1212 468 1
1213 443 1
1214 802 1
1215 566 0
1216 652 1
1217 453 1
1218 74 1
1219 783 1
1220 279 0
1221 228 1
1222 185 0
1223 102 0
1224 364 1
1225 267 1
1226 516 1
1227 734 1
1228 71 0
1229 45 1
1230 668 1
1231 868 1
1232 604 1
1233 310 1
1234 903 1
1235 104 1
1236 895 0
1237 510 1
1238 122 1
1239 311 1
1240 726 1
1241 251 1
1242 263 1
1243 834 1
1244 771 1
1245 513 0
1246 100 1
1247 87 1
1248 321 1
1249 394 1
1250 99 1
1251 722 1
1252 721 0
1253 976 1
1254 452 1
1255 635 1
1256 474 0
1257 40 1
1258 187 1
1259 670 1
1260 69 1
1261 714 0
1262 183 0
1263 874 1
1264 795 1
1265 337 1
1266 668 0
1267 498 0
1268 899 1
1269 549 1
1270 381 1
1271 844 0
1272 385 1
1273 898 1
1274 74 1
1275 140 1
1276 77 1
1277 899 1
1278 959 1
1279 361 1
1280 660 0
1281 268 1
1282 72 1
1283 45 0
1284 849 1
1285 637 1
1286 93 0
1287 401 1
1288 681 1
1289 355 1
1290 486 1
1291 203 1
1292 653 1
1293 420 1
1294 494 1
1295 986 1
1296 491 0
1297 102 1
1298 629 1
1299 839 0
1300 45 1
1301 34 1
1302 285 1
1303 910 1
1304 343 1
1305 37 1
1306 369 1
1307 1 1
1308 939 0
1309 547 1
1310 215 1
1311 902 1
1312 406 0
1313 574 0
1314 456 0
1315 828 1
1316 217 1
1317 237 1
1318 603 1
1319 772 1
1320 325 0
1321 384 0
1322 646 1
1323 617 1
1324 808 1
1325 344 0
1326 316 0
1327 337 0
1328 567 1
1329 73 1
1330 641 0
1331 133 1
1332 80 0
1333 957 1
1334 126 1
1335 237 0
1336 158 1
1337 449 1
1338 312 1
1339 705 0
1340 546 0
1341 458 1
1342 611 1
1343 890 1
1344 22 1
1345 810 1
1346 876 1
1347 422 1
1348 618 0
1349 943 1
1350 728 1
1351 207 1
1352 411 1
1353 701 1
1354 332 1
1355 158 1
1356 75 1
1357 752 1
1358 715 1
1359 473 1
1360 921 0
1361 302 0
1362 248 0
1363 373 0
1364 712 1
1365 916 1
1366 116 1
1367 348 0
1368 388 1
1369 554 1
1370 75 1
1371 610 1
1372 632 0
1373 434 1
1374 624 1
1375 694 1
1376 212 1
1377 961 0
1378 329 1
1379 924 1
1380 270 0
1381 504 1
1382 290 1
1383 218 1
1384 511 1
1385 410 1
1386 789 1
1387 41 0
1388 294 1
1389 95 1
1390 393 0
1391 82 1
1392 101 1
1393 955 1
1394 986 1
1395 776 1
1396 753 0
1397 947 1
1398 449 1
1399 37 1
1400 545 1
1401 850 1
1402 368 1
1403 778 1
1404 670 1
1405 189 1
1406 967 1
1407 276 1
1408 912 1
1409 106 1
1410 438 1
1411 188 1
1412 772 1
1413 843 1
1414 908 1
1415 789 0
1416 228 1
1417 114 1
1418 846 1
1419 855 1
1420 81 1
1421 199 0
1422 620 0
1423 431 1
1424 315 1
1425 757 1
1426 724 1
1427 260 0
1428 689 1
1429 43 1
1430 884 1
1431 671 1
1432 787 0
1433 316 1
1434 689 1
1435 475 0
1436 531 1
1437 829 1
1438 454 1
1439 302 1
1440 112 1
1441 827 0
1442 614 0
1443 648 1
1444 798 0
1445 520 1
1446 132 1
1447 120 0
1448 988 1
1449 574 1
1450 911 1
1451 66 1
1452 39 1
1453 908 1
1454 763 1
1455 567 1
1456 586 1
1457 320 1
1458 796 1
1459 122 0
1460 269 1
1461 895 1
1462 845 1
1463 332 0
1464 59 0
1465 140 0
1466 564 1
1467 435 0
1468 405 1
1469 694 1
1470 173 0
1471 359 0
1472 970 0
1473 567 1
1474 256 0
1475 283 1
1476 637 1
1477 231 1
1478 801 1
1479 935 1
1480 77 1
1481 146 0
1482 293 1
1483 843 1
1484 532 1
1485 182 1
1486 418 0
1487 366 1
1488 524 1
1489 774 0
1490 232 1
1491 610 0
1492 844 1
1493 666 1
1494 12 1
1495 821 1
1496 699 1
1497 329 1
1498 852 0
1499 298 1
1500 328 1
1501 2 1
1502 618 1
1503 450 1
1504 607 0
1505 239 0
1506 596 1
1507 23 0
1508 299 1
1509 412 1
1510 606 0
1511 694 1
1512 808 1
1513 905 0
1514 107 1
1515 663 1
1516 292 1
1517 486 1
1518 46 1
1519 368 1
1520 475 1
1521 796 1
1522 65 1
1523 131 1
1524 812 1
1525 675 1
1526 384 1
1527 342 1
1528 305 0
1529 178 1
1530 363 1
1531 849 1
1532 812 1
1533 869 1
1534 587 0
1535 119 0
1536 160 1
1537 742 1
1538 49 0
1539 882 0
1540 25 0
1541 888 1
1542 547 1
1543 210 1
1544 390 1
1545 276 1
1546 535 1
1547 419 1
1548 80 1
1549 813 0
1550 841 1
1551 337 1
1552 858 0
1553 531 1
1554 562 0
1555 669 1
1556 591 1
1557 594 1
1558 407 0
1559 305 1
1560 498 1
1561 561 1
1562 608 0
1563 695 0
1564 583 1
1565 952 1
1566 755 1
1567 742 0
1568 978 1
1569 139 1
1570 306 1
1571 735 1
1572 681 1
1573 350 1
1574 450 1
1575 493 1
1576 835 1
1577 296 0
1578 349 1
1579 447 0
1580 814 0
1581 965 1
1582 15 1
1583 508 0
1584 893 0
1585 848 1
1586 63 1
1587 412 1
1588 240 0
1589 440 0
1590 26 1
1591 942 1
1592 302 1
1593 620 0
1594 544 1
1595 485 1
1596 85 1
1597 546 1
1598 81 0
1599 398 1
1600 602 1
1601 488 1
1602 450 1
1603 714 0
1604 271 1
1605 684 1
1606 696 0
1607 463 1
1608 190 0
1609 258 0
1610 465 0
1611 4 1
1612 508 1
1613 944 1
1614 212 1
1615 867 1
1616 502 1
1617 783 1
1618 168 0
1619 250 1
1620 271 1
1621 41 1
1622 875 1
1623 280 1
1624 891 1
1625 700 1
1626 585 1
1627 514 1
1628 558 1
1629 291 1
1630 421 1
1631 888 0
1632 134 0
1633 483 1
1634 495 0
1635 46 1
1636 971 1
1637 744 0
1638 591 0
1639 823 0
1640 867 1
1641 164 1
1642 249 1
1643 861 1
1644 745 0
1645 185 0
1646 627 1
1647 697 0
1648 70 1
1649 367 1
1650 228 1
1651 635 1
1652 500 1
1653 664 1
1654 719 1
1655 192 1
1656 336 1
1657 364 1
1658 339 1
1659 0 0
1660 694 1
1661 859 1
1662 562 1
1663 397 1
1664 63 1
1665 795 1
1666 482 1
1667 99 1
1668 832 1
1669 682 0
1670 566 1
1671 463 1
1672 535 0
1673 96 1
1674 369 0
1675 566 1
1676 868 0
1677 699 1
1678 308 1
1679 671 0
1680 175 1
1681 259 1
1682 920 1
1683 944 1
1684 426 0
1685 923 1
1686 522 0
1687 502 1
1688 822 1
1689 539 1
1690 292 1
1691 569 1
1692 846 0
1693 905 0
1694 679 0
1695 829 1
1696 370 1
1697 523 0
1698 751 1
1699 661 1
1700 419 0
1701 777 1
1702 590 0
1703 607 1
1704 486 1
1705 223 1
1706 861 1
1707 949 0
1708 669 1
1709 188 0
1710 62 1
1711 225 0
1712 421 1
1713 37 0
1714 824 1
1715 958 0
1716 891 0
1717 501 1
1718 342 1
1719 805 1
1720 863 0
1721 215 0
1722 429 1
1723 758 1
1724 638 0
1725 468 0
1726 571 1
1727 436 1
1728 51 0
1729 774 1
1730 769 0
1731 434 1
1732 794 1
1733 64 0
1734 945 1
1735 573 1
1736 213 1
1737 859 1
1738 560 1
1739 751 1
1740 475 0
1741 910 0
1742 521 1
1743 647 1
1744 428 1
1745 752 1
1746 773 0
1747 183 1
1748 34 1
1749 323 0
1750 421 1
1751 113 1
1752 988 1
1753 580 0
1754 501 1
1755 73 1
1756 865 1
1757 631 0
1758 939 1
1759 274 1
1760 319 1
1761 880 1
1762 125 1
1763 974 0
1764 615 0
1765 442 0
1766 508 1
1767 974 1
1768 429 1
1769 664 1
1770 211 0
1771 515 0
1772 329 1
1773 82 0
1774 739 1
1775 951 1
1776 980 1
1777 758 1
1778 220 0
1779 568 0
1780 649 0
1781 479 0
1782 174 1
1783 273 1
1784 626 1
1785 141 0
1786 576 0
1787 522 1
1788 813 1
1789 489 1
1790 265 1
1791 230 1
1792 890 0
1793 373 0
1794 48 1
1795 554 1
1796 267 1
1797 170 1
1798 106 1
1799 641 1
1800 282 0
1801 178 1
1802 743 1
1803 79 0
1804 901 1
1805 436 1
1806 616 0
1807 728 1
1808 959 1
1809 235 0
1810 358 0
1811 716 0
1812 431 1
1813 664 0
1814 927 1
1815 866 1
1816 697 1
1817 383 0
1818 59 1
1819 323 1
1820 334 1
1821 443 1
1822 730 0
1823 75 0
1824 587 1
1825 719 1
1826 697 1
1827 180 1
1828 233 0
1829 969 0
1830 758 1
1831 979 1
1832 206 1
1833 222 1
1834 140 1
1835 824 1
1836 609 1
1837 326 0
1838 753 1
1839 61 1
1840 309 1
1841 601 0
1842 127 0
1843 450 1
1844 930 1
1845 130 1
1846 582 0
1847 763 1
1848 90 0
1849 651 1
1850 541 1
1851 595 1
1852 68 0
1853 804 1
1854 626 1
1855 477 0
1856 254 1
1857 954 0
1858 175 1
1859 340 1
1860 443 1
1861 705 1
1862 187 1
1863 422 1
1864 475 0
1865 105 1
1866 864 0
1867 775 1
1868 632 0
1869 362 1
1870 65 0
1871 216 1
1872 232 1
1873 591 1
1874 194 1
1875 120 1
1876 705 1
1877 271 0
1878 609 0
1879 474 1
1880 81 1
1881 14 1
1882 290 0
1883 486 0
1884 977 0
1885 495 1
1886 2 0
1887 959 1
1888 490 0
1889 239 1
1890 797 1
1891 626 1
1892 782 1
1893 14 0
1894 894 1
1895 96 1
1896 664 0
1897 822 0
1898 203 0
1899 484 1
1900 764 0
1901 538 1
1902 6 1
1903 304 1
1904 81 1
1905 485 1
1906 500 1
1907 695 1
1908 616 0
1909 696 0
1910 794 1
1911 105 1
1912 206 1
1913 727 0
1914 843 1
1915 895 0
1916 506 1
1917 688 1
1918 257 1
1919 313 0
1920 144 1
1921 520 1
1922 225 1
1923 937 1
1924 533 1
1925 667 1
1926 45 1
1927 112 0
1928 307 0
1929 955 1
1930 366 0
1931 83 1
1932 316 1
1933 688 0
1934 665 1
1935 215 0
1936 812 1
1937 757 0
1938 559 1
1939 194 0
1940 947 1
1941 38 0
1942 242 0
1943 549 0
1944 294 1
1945 15 1
1946 680 1
1947 836 1
1948 760 0
1949 178 1
1950 841 1
1951 549 1
1952 726 1
1953 603 1
1954 620 1
1955 985 1
1956 267 1
1957 179 0
1958 771 1
1959 364 0
1960 840 1
1961 333 1
1962 75 1
1963 136 1
1964 312 0
1965 869 0
1966 11 1
1967 719 1
1968 344 0
1969 630 1
1970 435 1
1971 847 1
1972 551 1
1973 516 1
1974 363 1
1975 702 1
1976 564 1
1977 343 0
1978 519 1
1979 83 1
1980 97 0
1981 593 1
1982 687 1
1983 443 1
1984 950 0
1985 18 1
1986 601 1
1987 403 0
1988 499 0
1989 496 0
1990 115 0
1991 674 1
1992 548 1
1993 622 0
1994 104 1
1995 506 1
1996 963 1
1997 199 1
1998 32 1
1999 703 1
2000 324 0
2001 280 0
2002 194 0
2003 392 1
2004 210 1
2005 164 1
2006 694 0
2007 308 0
2008 463 0
2009 917 1
2010 941 1
2011 365 1
2012 142 0
2013 880 1
2014 804 1
2015 58 1
2016 913 1
2017 661 1
2018 618 1
2019 409 1
2020 549 1
2021 165 1
2022 20 0
2023 800 1
2024 708 1
2025 648 1
2026 467 1
2027 183 0
2028 480 1
2029 674 1
2030 266 0
2031 32 0
2032 667 1
2033 894 1
2034 355 0
2035 135 1
2036 486 1
2037 170 1
2038 371 1
2039 587 1
2040 14 1
2041 348 1
2042 162 1
2043 687 1
2044 203 1
2045 937 1
2046 701 1
2047 952 0
2048 271 1
2049 675 0
2050 73 1
2051 834 0
2052 708 1
2053 663 0
2054 290 1
2055 767 1
2056 398 1
2057 382 1
2058 254 1
2059 213 0
2060 746 1
2061 926 1
2062 728 1
2063 838 0
2064 648 0
2065 233 1
2066 639 1
2067 878 0
2068 680 1
2069 46 1
2070 410 0
2071 871 0
2072 536 1
2073 673 0
2074 345 1
2075 259 1
2076 353 1
2077 853 1
2078 976 1
2079 689 1
2080 531 1
2081 661 1
2082 305 1
2083 137 1
2084 406 1
2085 271 1
2086 594 0
2087 233 0
2088 418 0
2089 237 1
2090 109 0
2091 462 1
2092 290 1
2093 847 0
2094 333 1
2095 510 1
2096 774 0
2097 643 1
2098 36 1
2099 380 0
2100 854 1
2101 160 1
2102 110 1
2103 895 1
2104 604 1
2105 193 1
2106 236 1
2107 186 1
2108 286 1
2109 402 1
2110 189 1
2111 92 1
2112 399 0
2113 651 0
2114 417 1
2115 768 1
2116 291 1
2117 339 1
2118 625 1
2119 820 1
2120 974 0
2121 954 0
2122 679 0
2123 53 1
2124 87 0
2125 194 1
2126 378 1
2127 837 1
2128 912 0
2129 810 1
2130 138 1
2131 915 1
2132 821 1
2133 428 1
2134 108 1
2135 2 0
2136 283 0
2137 316 0
2138 706 0
2139 537 1
2140 128 0
2141 666 0
2142 614 1
2143 881 1
2144 610 1
2145 181 0
2146 888 0
2147 776 1
2148 960 0
2149 774 1
2150 768 1
2151 466 1
2152 342 1
2153 915 0
2154 748 1
2155 449 1
2156 791 1
2157 687 0
2158 934 1
2159 551 1
2160 585 1
2161 901 0
2162 438 1
2163 508 1
2164 501 1
2165 85 1
2166 667 0
2167 928 1
2168 931 0
2169 372 0
2170 915 1
2171 871 0
2172 545 0
2173 36 1
2174 159 1
2175 642 1
2176 917 0
2177 532 1
2178 840 1
2179 372 1
2180 235 1
2181 925 1
2182 607 1
2183 923 1
2184 35 1
2185 837 1
2186 29 0
2187 276 1
2188 593 1
2189 368 1
2190 497 0
2191 105 0
2192 173 1
2193 389 1
2194 579 0
2195 377 0
2196 816 1
2197 728 0
2198 483 1
2199 581 1
2200 858 1
2201 369 1
2202 160 1
2203 765 1
2204 555 1
2205 115 1
2206 752 0
2207 782 0
2208 162 0
2209 547 0
2210 540 0
2211 860 1
2212 543 1
2213 399 1
2214 858 1
2215 445 1
2216 421 0
2217 919 1
2218 764 1
2219 932 0
2220 437 1
2221 687 0
2222 572 1
2223 723 1
2224 955 0
2225 84 0
2226 510 1
2227 472 1
2228 152 1
2229 687 1
2230 863 0
2231 347 0
2232 262 1
2233 766 1
2234 570 0
2235 661 1
2236 72 0
2237 512 1
2238 144 1
2239 683 1
2240 821 1
2241 215 1
2242 27 1
2243 4 1
2244 569 1
2245 788 1
2246 139 1
2247 335 0
2248 716 1
2249 731 1
2250 127 1
2251 903 1
2252 764 0
2253 148 1
2254 270 1
2255 323 1
2256 902 1
2257 41 1
2258 529 0
2259 707 1
2260 334 1
2261 150 1
2262 945 1
2263 178 1
2264 196 1
2265 860 1
2266 324 1
2267 119 1
2268 505 1
2269 312 1
2270 402 1
2271 474 1
2272 75 1
2273 147 1
2274 158 1
2275 311 0
2276 957 1
2277 269 1
2278 545 0
2279 193 1
2280 660 0
2281 954 0
2282 143 1
2283 388 1
2284 938 1
2285 727 0
2286 237 1
2287 264 0
2288 325 0
2289 220 1
2290 862 1
2291 975 1
2292 298 0
2293 351 0
2294 6 0
2295 485 1
2296 903 1
2297 955 1
2298 131 0
2299 10 1
2300 945 0
2301 725 0
2302 547 0
2303 798 0
2304 9 1
2305 366 0
2306 855 0
2307 310 1
2308 204 1
2309 897 1
2310 510 0
2311 180 1
2312 440 1
2313 79 0
2314 795 1
2315 945 1
2316 423 0
2317 542 1
2318 278 1
2319 157 1
2320 674 1
2321 756 1
2322 472 1
2323 594 1
2324 335 1
2325 190 1
2326 199 0
2327 171 1
2328 811 1
2329 515 1
2330 925 1
2331 965 1
2332 456 1
2333 927 1
2334 174 1
2335 326 0
2336 912 0
2337 290 1
2338 60 1
2339 376 1
2340 691 1
2341 838 1
2342 242 0
2343 138 0
2344 857 1
2345 278 1
2346 721 1
2347 458 1
2348 77 0
2349 226 1
2350 785 1
2351 696 1
2352 535 1
2353 409 0
2354 186 1
2355 588 0
2356 949 0
2357 375 1
2358 55 0
2359 559 1
2360 763 1
2361 22 0
2362 689 1
2363 976 1
2364 473 0
2365 614 1
2366 363 0
2367 283 1
2368 905 0
2369 102 1
2370 781 1
2371 576 1
2372 725 0
2373 248 1
2374 769 0
2375 301 0
2376 546 1
2377 50 0
2378 400 0
2379 609 0
2380 544 1
2381 448 1
2382 153 0
2383 708 0
2384 31 1
2385 757 0
2386 109 1
2387 162 1
2388 599 0
2389 222 1
2390 816 1
2391 923 1
2392 151 1
2393 217 1
2394 314 1
2395 730 1
2396 365 0
2397 668 1
2398 517 1
2399 184 1
2400 794 1
2401 664 1
2402 589 0
2403 345 1
2404 542 0
2405 579 1
2406 103 1
2407 339 1
2408 94 0
2409 110 1
2410 687 1
2411 864 1
2412 626 0
2413 874 1
2414 527 0
2415 702 1
2416 314 1
2417 540 1
2418 509 0
2419 406 1
2420 758 0
2421 724 1
2422 802 0
2423 712 0
2424 924 0
2425 609 1
2426 967 1
2427 685 1
2428 625 1
2429 759 1
2430 236 0
2431 789 1
2432 448 1
2433 61 1
2434 531 1
2435 30 1
2436 61 1
2437 758 0
2438 425 0
2439 368 1
2440 608 1
2441 982 1
2442 69 1
2443 496 1
2444 149 1
2445 858 0
2446 336 1
2447 532 1
2448 303 1
2449 752 1
2450 658 0
2451 731 0
2452 144 1
2453 190 1
2454 286 1
2455 930 1
2456 839 1
2457 492 0
2458 503 1
2459 614 1
2460 559 1
2461 342 1
2462 739 1
2463 984 0
2464 76 1
2465 778 1
2466 138 0
2467 61 1
2468 325 0
2469 156 0
2470 810 1
2471 516 1
2472 619 1
2473 581 0
2474 605 0
2475 90 1
2476 580 1
2477 668 1
2478 612 1
2479 969 1
2480 714 1
2481 324 1
2482 583 1
2483 439 1
2484 930 1
2485 823 1
2486 986 1
2487 717 1
2488 956 1
2489 347 1
2490 112 1
2491 345 1
2492 174 1
2493 619 0
2494 980 0
2495 83 1
2496 662 1
2497 862 1
2498 96 0
2499 468 0
2500 212 1
2501 387 0
2502 946 1
2503 716 0
2504 717 0
2505 94 0
2506 804 0
2507 423 1
2508 61 1
2509 80 0
2510 653 0
2511 63 1
2512 167 1
2513 876 1
2514 542 1
2515 888 1
2516 951 1
2517 267 0
2518 694 1
2519 137 1
2520 361 1
2521 152 1
2522 268 0
2523 460 1
2524 629 1
2525 676 1
2526 594 1
2527 217 0
2528 272 1
2529 622 1
2530 58 1
2531 579 1
2532 111 0
2533 526 0
2534 438 1
2535 531 1
2536 491 1
2537 281 1
2538 270 0
2539 687 0
2540 878 1
2541 790 1
2542 710 1
2543 549 0
2544 709 0
2545 112 0
2546 8 0
2547 385 1
2548 439 0
2549 925 1
2550 878 1
2551 982 1
2552 748 1
2553 41 0
2554 612 0
2555 233 1
2556 699 1
2557 289 0
2558 346 1
2559 11 1
2560 324 1
2561 431 0
2562 411 1
2563 745 0
2564 42 1
2565 740 1
2566 745 0
2567 201 0
2568 311 1
2569 828 0
2570 275 0
2571 728 1
2572 400 1
2573 3 0
2574 463 0
2575 409 0
2576 430 0
2577 424 0
2578 264 1
2579 8 1
2580 458 1
2581 127 1
2582 785 1
2583 317 1
2584 865 1
2585 627 0
2586 521 1
2587 723 1
2588 285 0
2589 568 1
2590 45 1
2591 144 1
2592 133 1
2593 622 1
2594 346 1
2595 301 1
2596 682 1
2597 617 1
2598 62 1
2599 475 1
2600 394 0
2601 675 1
2602 369 0
2603 445 1
2604 148 1
2605 707 0
2606 306 1
2607 962 1
2608 724 1
2609 435 1
2610 822 0
2611 191 0
2612 469 1
2613 590 0
2614 57 1
2615 66 0
2616 482 1
2617 963 1
2618 456 1
2619 517 1
2620 41 1
2621 394 1
2622 391 1
2623 677 1
2624 560 1
2625 501 0
2626 457 1
2627 213 1
2628 108 0
2629 66 0
2630 184 1
2631 213 1
2632 471 1
2633 823 1
2634 497 1
2635 139 1
2636 184 1
2637 483 1
2638 206 1
2639 298 0
2640 588 0
2641 757 0
2642 393 0
2643 579 0
2644 383 1
2645 960 1
2646 82 1
2647 538 1
2648 959 1
2649 785 1
2650 321 1
2651 603 1
2652 762 1
2653 677 0
2654 561 1
2655 343 0
2656 676 1
2657 802 0
2658 386 0
2659 876 1
2660 49 0
2661 641 0
2662 629 1
2663 282 1
2664 160 1
2665 664 1
2666 599 1
2667 583 0
2668 668 1
2669 645 1
2670 147 0
2671 694 0
2672 404 1
2673 209 1
2674 900 0
2675 168 0
2676 540 0
2677 971 0
2678 889 1
2679 377 1
2680 928 1
2681 138 1
2682 916 1
2683 216 1
2684 296 1
2685 433 0
2686 458 1
2687 865 1
2688 242 0
2689 553 0
2690 474 0
2691 701 0
2692 431 0
2693 499 1
2694 545 1
2695 685 0
2696 819 1
2697 620 1
2698 849 0
2699 939 0
2700 306 1
2701 198 1
2702 118 0
2703 234 0
2704 159 1
2705 808 0
2706 117 1
2707 255 1
2708 507 1
2709 880 1
2710 240 0
2711 841 1
2712 9 1
2713 414 1
2714 906 1
2715 319 1
2716 345 1
2717 584 1
2718 884 1
2719 129 0
2720 213 1
2721 284 1
2722 468 1
2723 183 1
2724 892 0
2725 636 1
2726 248 0
2727 799 1
2728 557 0
2729 420 0
2730 187 1
2731 294 0
2732 854 1
2733 593 1
2734 304 1
2735 401 1
2736 670 1
2737 152 1
2738 822 1
2739 26 1
2740 7 1
2741 172 1
2742 747 0
2743 806 1
2744 501 1
2745 387 0
2746 280 1
2747 524 1
2748 864 0
2749 199 1
2750 155 0
2751 1 1
2752 882 1
2753 279 1
2754 86 1
2755 452 0
2756 271 1
2757 642 1
2758 901 0
2759 931 1
2760 0 1
2761 405 1
2762 314 1
2763 23 0
2764 655 1
2765 955 1
2766 419 1
2767 941 0
2768 11 0
2769 39 0
2770 830 0
2771 484 1
2772 714 1
2773 728 1
2774 193 1
2775 636 1
2776 596 1
2777 364 0
2778 285 0
2779 1 1
2780 902 0
2781 360 1
2782 227 1
2783 937 0
2784 836 0
2785 630 0
2786 370 1
2787 387 1
2788 153 1
2789 318 1
2790 686 1
2791 137 1
2792 310 1
2793 104 1
2794 192 1
2795 144 0
2796 72 1
2797 34 1
2798 120 1
2799 136 0
2800 556 1
2801 938 0
2802 781 1
2803 618 1
2804 59 1
2805 585 1
2806 205 1
2807 635 0
2808 820 1
2809 708 1
2810 845 0
2811 421 1
2812 661 0
2813 119 1
2814 34 1
2815 53 0
2816 618 1
2817 125 0
2818 632 1
2819 356 1
2820 984 1
2821 45 0
2822 564 1
2823 313 1
2824 432 1
2825 711 0
2826 189 0
2827 510 1
2828 195 1
2829 935 1
2830 188 1
2831 417 0
2832 3 1
2833 521 1
2834 591 1
2835 924 1
2836 426 1
2837 91 1
2838 955 0
2839 689 1
2840 437 1
2841 686 1
2842 847 1
2843 780 1
2844 434 0
2845 868 0
2846 31 1
2847 37 0
2848 840 0
2849 559 1
2850 739 1
2851 332 1
2852 769 0
2853 470 1
2854 133 1
2855 437 0
2856 874 1
2857 794 1
2858 928 1
2859 89 1
2860 909 1
2861 594 1
2862 559 1
2863 571 1
2864 494 1
2865 156 0
2866 930 0
2867 714 1
2868 509 0
2869 53 0
2870 659 1
2871 810 1
2872 221 1
2873 581 1
2874 797 0
2875 132 1
2876 236 1
2877 962 0
2878 954 1
2879 509 1
2880 284 1
2881 704 1
2882 751 0
2883 532 1
2884 221 0
2885 218 1
2886 379 0
2887 33 0
2888 947 1
2889 65 1
2890 881 0
2891 777 1
2892 520 0
2893 924 0
2894 197 1
2895 249 1
2896 707 1
2897 706 0
2898 979 1
2899 741 1
2900 431 0
2901 396 0
2902 302 0
2903 18 1
2904 347 1
2905 612 0
2906 574 1
2907 955 1
2908 53 1
2909 189 0
2910 932 0
2911 731 1
2912 696 1
2913 131 1
2914 294 1
2915 495 0
2916 439 0
2917 143 1
2918 625 0
2919 598 0
2920 538 0
2921 114 1
2922 513 0
2923 816 0
2924 274 1
2925 120 0
2926 454 0
2927 869 0
2928 896 1
2929 445 0
2930 481 1
2931 523 0
2932 147 1
2933 966 1
2934 131 0
2935 647 1
2936 687 1
2937 98 1
2938 145 0
2939 81 1
2940 234 1
2941 930 0
2942 356 1
2943 447 0
2944 419 1
2945 354 0
2946 440 1
2947 135 0
2948 151 1
2949 262 1
2950 578 1
2951 257 1
2952 974 0
2953 781 1
2954 573 0
2955 842 1
2956 75 1
2957 799 0
2958 202 1
2959 585 1
2960 746 1
2961 825 1
2962 132 1
2963 383 0
2964 670 1
2965 163 1
2966 858 1
2967 829 1
2968 372 0
2969 570 1
2970 787 0
2971 360 1
2972 804 1
2973 891 0
2974 721 0
2975 932 1
2976 730 1
2977 274 1
2978 45 0
2979 47 1
2980 899 0
2981 572 0
2982 924 1
2983 915 1
2984 630 1
2985 850 1
2986 516 1
2987 595 0
2988 685 1
2989 643 1
2990 581 1
2991 494 1
2992 366 0
2993 782 0
2994 33 1
2995 28 1
2996 343 1
2997 15 1
2998 609 0
2999 183 0
3000 34 0
3001 971 0
3002 265 1
3003 186 1
3004 671 0
3005 966 1
3006 427 0
3007 586 1
3008 543 0
3009 106 1
3010 512 1
3011 812 0
3012 38 1
3013 438 0
3014 365 1
3015 494 1
3016 958 1
3017 253 1
3018 358 1
3019 782 1
3020 573 0
3021 304 1
3022 534 0
3023 402 0
3024 866 1
3025 261 1
3026 642 1
3027 841 1
3028 508 1
3029 924 1
3030 508 0
3031 869 1
3032 905 1
3033 309 1
3034 171 1
3035 608 0
3036 166 1
3037 60 0
3038 703 1
3039 93 1
3040 970 1
3041 566 1
3042 36 1
3043 900 1
3044 13 1
3045 26 1
3046 275 1
3047 303 1
3048 626 1
3049 63 1
3050 714 1
3051 846 1
3052 191 1
3053 885 1
3054 379 0
3055 82 1
3056 636 1
3057 580 1
3058 370 1
3059 521 1
3060 630 1
3061 209 1
3062 746 1
3063 693 1
3064 428 1
3065 192 1
3066 35 1
3067 631 0
3068 259 1
3069 717 1
3070 809 1
3071 595 1
3072 458 1
3073 140 1
3074 274 0
3075 809 1
3076 512 1
3077 124 0
3078 834 1
3079 946 1
3080 878 1
3081 24 1
3082 785 0
3083 737 1
3084 486 0
3085 291 1
3086 569 0
3087 762 1
3088 670 1
3089 465 0
3090 171 0
3091 164 0
3092 608 1
3093 550 1
3094 704 1
3095 324 1
3096 254 1
3097 115 1
3098 307 0
3099 400 1
3100 623 1
3101 110 1
3102 186 0
3103 828 1
3104 383 1
3105 117 0
3106 883 1
3107 835 1
3108 167 1
3109 259 1
3110 207 0
3111 73 1
3112 235 1
3113 110 0
3114 345 1
3115 639 1
3116 798 1
3117 476 1
3118 926 1
3119 853 0
3120 913 0
3121 178 0
3122 848 1
3123 613 0
3124 713 0
3125 495 1
3126 760 0
3127 980 1
3128 61 0
3129 146 1
3130 208 1
3131 679 1
3132 839 0
3133 13 1
3134 78 1
3135 400 0
3136 444 0
3137 113 1
3138 200 1
3139 917 1
3140 903 0
3141 442 1
3142 589 1
3143 973 1
3144 131 1
3145 360 0
3146 220 1
3147 650 0
3148 509 0
3149 846 1
3150 138 1
3151 883 1
3152 725 1
3153 483 0
3154 38 1
3155 447 1
3156 139 1
3157 919 0
3158 920 1
3159 682 1
3160 338 1
3161 988 0
3162 104 1
3163 628 1
3164 616 1
3165 102 1
3166 632 1
3167 641 1
3168 298 1
3169 891 0
3170 547 1
3171 875 1
3172 543 1
3173 22 1
3174 720 1
3175 133 1
3176 61 1
3177 225 0
3178 781 1
3179 669 0
3180 240 1
3181 174 1
3182 768 0
3183 839 0
3184 255 1
3185 304 1
3186 102 0
3187 96 0
3188 6 1
3189 423 1
3190 419 0
3191 687 1
3192 982 1
3193 939 1
3194 81 0
3195 487 1
3196 401 1
3197 792 1
3198 85 1
3199 148 1
3200 394 1
3201 739 1
3202 935 1
3203 738 1
3204 550 1
3205 277 1
3206 326 1
3207 461 1
3208 191 0
3209 690 1
3210 41 1
3211 192 0
3212 448 1
3213 220 1
3214 930 1
3215 471 1
3216 125 1
3217 429 0
3218 361 1
3219 318 0
3220 644 1
3221 892 1
3222 167 0
3223 886 1
3224 79 1
3225 924 1
3226 80 1
3227 159 1
3228 415 1
3229 659 1
3230 346 1
3231 289 0
3232 655 1
3233 140 1
3234 200 0
3235 243 1
3236 650 0
3237 422 1
3238 107 1
3239 480 0
3240 907 0
3241 892 1
3242 140 1
3243 820 0
3244 39 1
3245 509 1
3246 924 1
3247 454 1
3248 820 1
3249 911 1
3250 357 0
3251 473 0
3252 604 0
3253 433 1
3254 519 0
3255 201 1
3256 632 1
3257 32 1
3258 459 1
3259 632 1
3260 646 1
3261 481 0
3262 254 1
3263 476 1
3264 541 0
3265 409 1
3266 856 0
3267 513 1
3268 93 1
3269 779 0
3270 174 1
3271 353 0
3272 681 1
3273 883 1
3274 542 1
3275 247 1
3276 971 0
3277 85 0
3278 968 0
3279 614 1
3280 263 1
3281 319 0
3282 221 1
3283 198 0
3284 387 0
3285 230 0
3286 565 1
3287 673 1
3288 273 1
3289 5 1
3290 105 0
3291 611 1
3292 579 0
3293 617 0
3294 854 1
3295 676 0
3296 570 0
3297 551 0
3298 436 1
3299 410 0
3300 334 1
3301 690 1
3302 528 0
3303 753 1
3304 941 0
3305 517 1
3306 609 1
3307 731 0
3308 433 0
3309 61 1
3310 601 0
3311 720 0
3312 341 0
3313 975 0
3314 629 0
3315 905 1
3316 634 1
3317 471 1
3318 284 1
3319 572 0
3320 299 1
3321 184 1
3322 827 1
3323 411 1
3324 285 0
3325 570 1
3326 807 1
3327 81 0
3328 878 1
3329 533 1
3330 353 1
3331 786 1
3332 653 1
3333 466 1
3334 798 0
3335 76 1
3336 736 0
3337 320 0
3338 187 1
3339 150 1
3340 214 1
3341 663 1
3342 326 0
3343 777 0
3344 701 1
3345 331 1
3346 369 0
3347 65 0
3348 690 0
3349 861 1
3350 177 1
3351 204 1
3352 209 1
3353 792 1
3354 266 1
3355 172 1
3356 967 1
3357 403 0
3358 188 1
3359 117 0
3360 111 1
3361 956 1
3362 869 1
3363 110 0
3364 160 1
3365 667 1
3366 224 1
3367 555 1
3368 700 1
3369 426 1
3370 605 0
3371 56 1
3372 43 1
3373 485 1
3374 944 0
3375 425 1
3376 61 0
3377 839 1
3378 21 1
3379 805 0
3380 237 0
3381 519 1
3382 953 1
3383 199 1
3384 737 1
3385 935 1
3386 528 1
3387 534 0
3388 59 1
3389 107 0
3390 925 0
3391 374 1
3392 229 0
3393 525 1
3394 771 0
3395 432 1
3396 422 0
3397 774 0
3398 633 1
3399 355 0
3400 206 1
3401 333 1
3402 890 1
3403 610 0
3404 495 1
3405 267 1
3406 554 1
3407 26 1
3408 463 1
3409 44 1
3410 196 0
3411 558 1
3412 35 1
3413 602 1
3414 913 1
3415 648 0
3416 856 0
3417 169 0
3418 749 0
3419 314 1
3420 801 0
3421 284 1
3422 820 1
3423 453 1
3424 165 0
3425 832 1
3426 571 1
3427 870 1
3428 48 1
3429 580 1
3430 49 0
3431 396 1
3432 817 1
3433 270 1
3434 942 1
3435 137 1
3436 470 1
3437 425 1
3438 328 0
3439 888 0
3440 974 1
3441 744 1
3442 437 1
3443 467 1
3444 414 1
3445 55 1
3446 883 1
3447 673 1
3448 613 0
3449 886 0
3450 832 1
3451 626 0
3452 52 0
3453 907 1
3454 538 1
3455 470 0
3456 841 1
3457 384 1
3458 155 1
3459 372 1
3460 507 1
3461 630 1
3462 182 1
3463 710 1
3464 854 0
3465 666 1
3466 238 0
3467 607 1
3468 952 1
3469 560 1
3470 928 1
3471 329 0
3472 559 0
3473 667 1
3474 868 0
3475 185 1
3476 770 1
3477 92 0
3478 30 0
3479 356 1
3480 17 0
3481 190 0
3482 923 1
3483 142 0
3484 920 0
3485 691 0
3486 47 1
3487 945 0
3488 341 1
3489 222 1
3490 271 0
3491 607 1
3492 820 1
3493 602 0
3494 109 1
3495 51 0
3496 881 0
3497 674 1
3498 636 0
3499 309 0
3500 126 1
3501 439 0
3502 629 1
3503 670 1
3504 908 1
3505 496 1
3506 604 0
3507 829 1
3508 411 1
3509 591 1
3510 8 1
3511 940 1
3512 187 1
3513 20 1
3514 50 0
3515 696 1
3516 927 0
3517 936 1
3518 431 1
3519 843 1
3520 813 1
3521 834 1
3522 757 1
3523 169 1
3524 420 0
3525 4 1
3526 706 1
3527 914 1
3528 873 0
3529 325 0
3530 861 1
3531 404 0
3532 68 1
3533 378 1
3534 272 1
3535 154 0
3536 875 0
3537 818 0
3538 270 1
3539 823 0
3540 355 1
3541 19 1
3542 86 0
3543 563 1
3544 183 1
3545 894 1
3546 518 1
3547 158 1
3548 953 1
3549 390 1
3550 366 1
3551 919 1
3552 140 0
3553 897 1
3554 344 1
3555 697 0
3556 167 1
3557 76 1
3558 660 0
3559 517 1
3560 831 0
3561 495 1
3562 36 1
3563 251 1
3564 788 0
3565 127 1
3566 489 0
3567 418 0
3568 110 1
3569 50 1
3570 655 1
3571 457 1
3572 474 1
3573 379 1
3574 183 1
3575 586 1
3576 624 0
3577 679 1
3578 343 1
3579 551 1
3580 875 0
3581 308 1
3582 40 1
3583 15 0
3584 650 0
3585 897 1
3586 409 0
3587 442 1
3588 203 0
3589 626 0
3590 33 1
3591 706 1
3592 901 1
3593 915 1
3594 924 0
3595 691 1
3596 460 1
3597 197 0
3598 41 1
3599 944 0
3600 571 1
3601 311 0
3602 523 0
3603 472 1
3604 182 1
3605 417 0
3606 625 1
3607 470 1
3608 421 1
3609 390 1
3610 471 1
3611 470 0
3612 396 0
3613 40 1
3614 184 1
3615 432 1
3616 153 0
3617 343 1
3618 800 1
3619 10 1
3620 924 0
3621 796 1
3622 452 1
3623 988 0
3624 271 1
3625 533 1
3626 775 0
3627 281 0
3628 682 1
3629 913 0
3630 611 0
3631 229 1
3632 697 0
3633 341 1
3634 692 1
3635 100 1
3636 376 1
3637 89 1
3638 477 0
3639 310 0
3640 771 0
3641 98 1
3642 859 1
3643 337 1
3644 6 1
3645 320 1
3646 509 1
3647 282 1
3648 426 0
3649 323 1
3650 571 0
3651 355 1
3652 916 0
3653 385 1
3654 826 1
3655 750 1
3656 843 1
3657 762 1
3658 533 0
3659 167 1
3660 263 1
3661 753 1
3662 340 1
3663 293 0
3664 962 1
3665 201 1
3666 344 1
3667 100 1
3668 304 0
3669 970 1
3670 778 0
3671 53 1
3672 884 1
3673 943 1
3674 524 1
3675 967 1
3676 901 1
3677 863 0
3678 81 0
3679 323 0
3680 88 1
3681 196 1
3682 677 1
3683 9 1
3684 379 1
3685 134 0
3686 25 1
3687 397 1
3688 601 0
3689 642 1
3690 765 0
3691 227 1
3692 949 1
3693 527 0
3694 561 1
3695 682 0
3696 972 1
3697 387 0
3698 76 1
3699 946 1
3700 679 1
3701 220 1
3702 866 0
3703 222 1
3704 273 1
3705 907 1
3706 94 1
3707 324 0
3708 539 0
3709 682 0
3710 309 0
3711 761 1
3712 851 0
3713 257 0
3714 555 1
3715 686 1
3716 196 1
3717 840 1
3718 828 0
3719 844 1
3720 535 0
3721 454 1
3722 211 1
3723 684 0
3724 237 1
3725 862 1
3726 57 1
3727 143 1
3728 98 0
3729 444 1
3730 505 1
3731 496 1
3732 645 1
3733 775 1
3734 17 1
3735 889 1
3736 1 1
3737 193 1
3738 730 0
3739 267 0
3740 852 1
3741 526 0
3742 78 1
3743 426 1
3744 667 0
3745 427 0
3746 610 0
3747 884 1
3748 867 0
3749 55 1
3750 202 1
3751 448 1
3752 603 0
3753 708 1
3754 823 1
3755 617 1
3756 126 1
3757 900 1
3758 420 1
3759 967 1
3760 805 1
3761 867 1
3762 632 1
3763 986 0
3764 41 1
3765 406 0
3766 300 1
3767 739 0
3768 800 1
3769 553 1
3770 445 1
3771 918 1
3772 921 1
3773 667 0
3774 764 1
3775 48 1
3776 355 1
3777 311 1
3778 982 1
3779 802 1
3780 653 0
3781 864 1
3782 670 0
3783 465 1
3784 378 1
3785 714 0
3786 796 0
3787 3 1
3788 81 1
3789 385 1
3790 620 1
3791 729 1
3792 652 1
3793 973 1
3794 945 1
3795 278 0
3796 602 1
3797 464 0
3798 72 0
3799 70 1
3800 263 1
3801 871 1
3802 731 0
3803 103 1
3804 849 1
3805 961 1
3806 225 1
3807 466 0
3808 643 0
3809 131 1
3810 834 1
3811 806 1
3812 563 1
3813 35 0
3814 515 1
3815 683 0
3816 193 1
3817 152 1
3818 743 1
3819 52 1
3820 340 1
3821 387 0
3822 617 1
3823 51 1
3824 901 0
3825 175 0
3826 592 0
3827 790 1
3828 567 1
3829 691 1
3830 235 0
3831 175 1
3832 254 1
3833 658 1
3834 180 0
3835 905 0
3836 332 1
3837 683 0
3838 168 0
3839 525 1
3840 221 1
3841 423 1
3842 986 0
3843 576 0
3844 355 1
3845 951 0
3846 957 1
3847 30 0
3848 63 0
3849 231 1
3850 703 0
3851 68 0
3852 745 1
3853 593 0
3854 790 1
3855 591 1
3856 133 0
3857 432 0
3858 543 1
3859 293 0
3860 591 1
3861 500 1
3862 979 1
3863 85 1
3864 816 0
3865 590 1
3866 62 1
3867 173 1
3868 18 1
3869 35 0
3870 492 1
3871 135 1
3872 945 1
3873 354 1
3874 880 1
3875 409 1
3876 499 1
3877 638 0
3878 47 1
3879 543 0
3880 638 1
3881 697 0
3882 107 0
3883 811 0
3884 245 0
3885 238 0
3886 777 1
3887 961 1
3888 539 0
3889 536 1
3890 570 1
3891 803 0
3892 462 1
3893 863 1
3894 773 1
3895 677 1
3896 159 1
3897 719 1
3898 561 1
3899 978 1
3900 985 0
3901 152 1
3902 198 0
3903 114 0
3904 743 0
3905 69 1
3906 204 1
3907 295 0
3908 921 1
3909 480 0
3910 184 1
3911 725 0
3912 848 1
3913 207 1
3914 594 1
3915 127 1
3916 21 1
3917 960 0
3918 697 1
3919 847 1
3920 333 1
3921 373 1
3922 103 1
3923 507 1
3924 142 0
3925 45 0
3926 461 1
3927 267 1
3928 531 1
3929 630 1
3930 268 0
3931 31 1
3932 48 0
3933 802 0
3934 674 1
3935 502 1
3936 880 0
3937 152 0
3938 152 0
3939 615 1
3940 255 1
3941 217 1
3942 40 1
3943 633 1
3944 264 1
3945 11 0
3946 43 1
3947 126 1
3948 631 0
3949 141 0
3950 196 1
3951 920 1
3952 127 0
3953 667 0
3954 46 1
3955 170 0
3956 551 0
3957 322 1
3958 176 1
3959 759 1
3960 534 1
3961 570 1
3962 410 1
3963 962 1
3964 232 1
3965 954 1
3966 355 1
3967 808 1
3968 272 1
3969 358 1
3970 83 1
3971 218 1
3972 512 1
3973 823 1
3974 104 1
3975 433 1
3976 669 1
3977 520 0
3978 307 0
3979 436 1
3980 205 1
3981 967 1
3982 591 1
3983 639 1
3984 576 0
3985 83 0
3986 829 1
3987 892 0
3988 439 1
3989 345 0
3990 624 1
3991 193 0
3992 390 0
3993 395 0
3994 804 1
3995 248 0
3996 536 0
3997 580 1
3998 610 1
3999 892 1
4000 531 1
4001 748 1
4002 581 1
4003 321 1
4004 974 0
4005 574 1
4006 53 1
4007 914 0
4008 383 1
4009 739 1
4010 748 0
4011 219 0
4012 115 1
4013 324 0
4014 627 1
4015 521 0
4016 214 1
4017 431 0
4018 235 1
4019 130 1
4020 26 0
4021 830 0
4022 80 1
4023 121 0
4024 673 1
4025 955 0
4026 455 1
4027 619 0
4028 581 1
4029 601 1
4030 182 0
4031 975 0
4032 413 1
4033 495 1
4034 473 1
4035 172 1
4036 926 1
4037 872 0
4038 367 0
4039 78 0
4040 754 1
4041 81 0
4042 522 1
4043 389 1
4044 655 0
4045 627 0
4046 427 0
4047 830 1
4048 41 0
4049 96 1
4050 558 1
4051 318 0
4052 575 1
4053 110 1
4054 96 1
4055 298 0
4056 526 0
4057 668 1
4058 384 0
4059 468 0
4060 362 1
4061 484 0
4062 720 0
4063 530 0
4064 954 0
4065 873 1
4066 895 1
4067 322 1
4068 293 1
4069 728 1
4070 915 1
4071 837 0
4072 709 1
4073 805 1
4074 878 1
4075 740 0
4076 391 1
4077 931 0
4078 560 1
4079 773 1
4080 110 1
4081 352 1
4082 456 0
4083 94 1
4084 412 0
4085 736 0
4086 456 1
4087 790 1
4088 405 1
4089 867 1
4090 195 1
4091 142 1
4092 451 1
4093 305 0
4094 850 0
4095 145 0
4096 51 1
4097 573 1
4098 477 1
4099 855 1
4100 98 1
4101 238 1
4102 784 1
4103 328 1
4104 243 1
4105 91 1
4106 423 1
4107 329 1
4108 904 1
4109 201 1
4110 29 1
4111 40 1
4112 149 1
4113 185 1
4114 877 1
4115 819 1
4116 251 1
4117 138 0
4118 693 1
4119 832 1
4120 966 1
4121 680 1
4122 753 1
4123 579 0
4124 948 1
4125 737 0
4126 431 0
4127 655 1
4128 694 1
4129 510 0
4130 489 1
4131 862 1
4132 701 0
4133 383 0
4134 478 1
4135 647 1
4136 453 1
4137 453 1
4138 944 1
4139 190 1
4140 420 0
4141 489 1
4142 716 0
4143 40 1
4144 593 1
4145 308 1
4146 195 1
4147 430 0
4148 486 1
4149 607 0
4150 636 0
4151 28 1
4152 200 1
4153 903 1
4154 121 0
4155 656 1
4156 336 1
4157 1 1
4158 898 1
4159 374 0
4160 886 1
4161 192 1
4162 169 0
4163 0 1
4164 336 1
4165 924 1
4166 469 0
4167 962 0
4168 41 1
4169 129 1
4170 578 1
4171 300 0
4172 539 1
4173 574 0
4174 637 1
4175 548 1
4176 936 1
4177 626 0
4178 264 1
4179 75 1
4180 135 1
4181 181 0
4182 852 1
4183 578 0
4184 336 1
4185 652 0
4186 101 1
4187 144 1
4188 559 1
4189 686 0
4190 275 0
4191 741 1
4192 584 1
4193 924 1
4194 895 0
4195 57 0
4196 607 0
4197 647 1
4198 980 1
4199 668 1
4200 541 0
4201 545 1
4202 296 1
4203 586 1
4204 16 0
4205 366 0
4206 127 0
4207 807 1
4208 386 1
4209 167 1
4210 350 0
4211 628 1
4212 354 1
4213 733 1
4214 119 1
4215 965 1
4216 48 1
4217 606 1
4218 515 1
4219 796 1
4220 85 1
4221 126 0
4222 877 0
4223 227 0
4224 284 0
4225 861 1
4226 216 1
4227 603 1
4228 90 1
4229 915 1
4230 64 1
4231 467 0
4232 717 1
4233 54 1
4234 874 0
4235 78 1
4236 328 0
4237 475 1
4238 735 0
4239 784 0
4240 694 0
4241 664 1
4242 167 1
4243 785 1
4244 223 1
4245 357 0
4246 211 1
4247 986 1
4248 212 1
4249 475 0
4250 205 1
4251 654 1
4252 354 1
4253 750 1
4254 440 0
4255 423 1
4256 213 0
4257 360 1
4258 964 1
4259 528 0
4260 171 1
4261 376 1
4262 24 1
4263 907 1
4264 717 1
4265 920 1
4266 543 0
4267 760 1
4268 324 0
4269 302 1
4270 370 0
4271 507 0
4272 422 1
4273 854 1
4274 327 1
4275 192 1
4276 582 1
4277 478 1
4278 245 1
4279 146 1
4280 94 0
4281 493 1
4282 261 1
4283 143 0
4284 89 1
4285 250 1
4286 769 1
4287 640 1
4288 928 0
4289 892 1
4290 898 0
4291 69 1
4292 957 1
4293 401 1
4294 247 1
4295 773 1
4296 222 1
4297 283 1
4298 138 1
4299 958 1
4300 176 0
4301 979 0
4302 281 0
4303 451 1
4304 146 0
4305 487 1
4306 47 1
4307 143 1
4308 407 0
4309 814 1
4310 689 1
4311 300 1
4312 472 1
4313 3 1
4314 314 1
4315 141 1
4316 485 1
4317 44 0
4318 66 1
4319 988 1
4320 447 0
4321 854 1
4322 640 1
4323 802 0
4324 846 1
4325 310 1
4326 530 1
4327 762 1
4328 498 0
4329 917 0
4330 334 0
4331 900 0
4332 494 1
4333 598 1
4334 743 1
4335 78 1
4336 680 1
4337 988 1
4338 245 1
4339 976 0
4340 37 0
4341 942 0
4342 908 1
4343 873 0
4344 381 1
4345 827 1
4346 175 1
4347 547 1
4348 986 1
4349 241 1
4350 350 1
4351 246 0
4352 556 1
4353 959 1
4354 644 1
4355 208 1
4356 254 1
4357 552 1
4358 767 1
4359 189 1
4360 835 0
4361 876 0
4362 766 0
4363 691 1
4364 187 0
4365 808 0
4366 849 1
4367 871 1
4368 202 1
4369 228 0
4370 102 0
4371 136 1
4372 196 1
4373 128 1
4374 722 1
4375 134 0
4376 637 1
4377 883 0
4378 52 1
4379 775 1
4380 419 0
4381 80 1
4382 257 0
4383 695 0
4384 401 1
4385 903 0
4386 261 1
4387 458 0
4388 42 1
4389 725 1
4390 207 0
4391 931 1
4392 478 0
4393 856 0
4394 312 1
4395 74 1
4396 833 1
4397 21 0
4398 703 1
4399 158 0
4400 540 1
4401 217 1
4402 415 1
4403 563 1
4404 565 1
4405 820 0
4406 463 0
4407 224 0
4408 195 1
4409 775 1
4410 623 1
4411 542 1
4412 308 1
4413 167 1
4414 180 0
4415 431 1
4416 984 1
4417 827 1
4418 627 1
4419 465 1
4420 5 0
4421 572 1
4422 655 1
4423 17 0
4424 778 0
4425 955 1
4426 653 1
4427 185 1
4428 669 1
4429 983 1
4430 274 1
4431 875 1
4432 378 1
4433 277 0
4434 711 0
4435 513 1
4436 343 0
4437 85 1
4438 491 0
4439 457 0
4440 895 1
4441 290 1
4442 237 1
4443 824 1
4444 424 1
4445 71 1
4446 841 1
4447 272 0
4448 267 0
4449 541 1
4450 596 0
4451 303 1
4452 52 1
4453 252 1
4454 784 1
4455 421 0
4456 438 1
4457 553 1
4458 491 1
4459 189 1
4460 511 1
4461 918 0
4462 511 1
4463 594 1
4464 348 0
4465 366 1
4466 102 1
4467 198 1
4468 655 0
4469 2 1
4470 758 1
4471 445 1
4472 438 1
4473 772 0
4474 398 1
4475 856 1
4476 526 1
4477 284 0
4478 584 1
4479 425 0
4480 915 1
4481 192 1
4482 68 0
4483 182 1
4484 439 0
4485 479 0
4486 900 1
4487 12 0
4488 238 1
4489 583 1
4490 60 1
4491 850 1
4492 833 1
4493 929 1
4494 621 1
4495 665 1
4496 460 1
4497 868 1
4498 553 1
4499 849 0
4500 539 0
4501 504 1
4502 861 1
4503 397 1
4504 897 0
4505 344 0
4506 39 1
4507 555 0
4508 937 1
4509 605 1
4510 164 1
4511 713 0
4512 443 1
4513 750 1
4514 947 0
4515 303 1
4516 254 1
4517 544 0
4518 224 0
4519 529 0
4520 531 0
4521 394 1
4522 384 1
4523 747 1
4524 749 1
4525 499 1
4526 241 0
4527 146 0
4528 816 1
4529 985 1
4530 517 0
4531 868 1
4532 8 0
4533 494 1
4534 962 1
4535 951 0
4536 213 1
4537 672 1
4538 610 1
4539 233 1
4540 97 1
4541 880 1
4542 260 1
4543 327 1
4544 530 1
4545 458 1
4546 514 1
4547 427 1
4548 357 1
4549 59 1
4550 261 1
4551 725 0
4552 671 1
4553 375 1
4554 838 0
4555 259 1
4556 645 0
4557 871 0
4558 774 0
4559 589 0
4560 826 0
4561 668 0
4562 688 1
4563 178 0
4564 332 1
4565 277 1
4566 845 1
4567 371 0
4568 422 1
4569 417 1
4570 659 1
4571 804 1
4572 132 1
4573 817 1
4574 200 1
4575 233 1
4576 768 1
4577 975 1
4578 312 1
4579 120 1
4580 291 1
4581 249 1
4582 705 1
4583 273 1
4584 671 0
4585 7 1
4586 378 1
4587 546 0
4588 106 1
4589 721 1
4590 388 1
4591 930 1
4592 171 0
4593 231 0
4594 970 1
4595 431 1
4596 53 0
4597 713 1
4598 605 1
4599 201 0
4600 981 1
4601 225 0
4602 324 1
4603 478 0
4604 742 1
4605 334 0
4606 468 0
4607 601 1
4608 788 1
4609 426 1
4610 487 0
4611 639 1
4612 146 1
4613 603 1
4614 654 1
4615 635 0
4616 610 1
4617 613 0
4618 239 0
4619 962 0
4620 605 1
4621 426 0
4622 876 0
4623 28 0
4624 174 1
4625 53 1
4626 617 1
4627 507 1
4628 360 0
4629 819 1
4630 816 0
4631 268 1
4632 923 1
4633 968 0
4634 288 0
4635 459 1
4636 261 0
4637 282 1
4638 228 1
4639 421 0
4640 70 1
4641 661 1
4642 764 1
4643 58 0
4644 887 1
4645 50 0
4646 940 0
4647 748 0
4648 797 0
4649 351 1
4650 680 1
4651 586 1
4652 707 0
4653 980 1
4654 484 0
4655 934 1
4656 484 1
4657 142 1
4658 90 1
4659 285 1
4660 675 0
4661 299 1
4662 947 1
4663 108 0
4664 90 0
4665 448 1
4666 574 0
4667 320 0
4668 915 1
4669 128 0
4670 27 1
4671 561 0
4672 973 1
4673 662 0
4674 500 0
4675 649 0
4676 880 1
4677 409 1
4678 311 0
4679 202 1
4680 867 1
4681 769 1
4682 697 1
4683 341 1
4684 8 1
4685 923 1
4686 835 0
4687 144 1
4688 795 0
4689 199 0
4690 655 0
4691 786 1
4692 112 1
4693 689 1
4694 614 1
4695 422 0
4696 847 1
4697 248 1
4698 888 1
4699 775 1
4700 362 1
4701 236 1
4702 801 1
4703 625 1
4704 88 1
4705 913 0
4706 281 1
4707 593 0
4708 807 1
4709 414 0
4710 490 1
4711 924 0
4712 636 1
4713 500 0
4714 76 1
4715 736 1
4716 592 1
4717 243 1
4718 950 1
4719 22 0
4720 301 0
4721 792 0
4722 254 1
4723 280 1
4724 287 0
4725 797 1
4726 139 0
4727 722 1
4728 219 1
4729 616 0
4730 812 0
4731 37 1
4732 347 1
4733 123 1
4734 746 1
4735 650 0
4736 385 1
4737 934 1
4738 446 1
4739 308 1
4740 517 1
4741 815 0
4742 848 1
4743 736 1
4744 379 0
4745 666 1
4746 727 0
4747 911 1
4748 287 1
4749 979 0
4750 484 1
4751 690 1
4752 690 1
4753 116 1
4754 458 1
4755 478 1
4756 540 0
4757 935 0
4758 451 1
4759 74 1
4760 350 1
4761 337 1
4762 747 1
4763 63 0
4764 599 1
4765 677 0
4766 290 1
4767 561 1
4768 610 1
4769 725 1
4770 406 1
4771 651 0
4772 812 0
4773 943 1
4774 878 0
4775 116 0
4776 366 1
4777 914 1
4778 17 1
4779 756 1
4780 335 1
4781 308 1
4782 419 1
4783 910 1
4784 557 1
4785 706 1
4786 860 0
4787 518 1
4788 564 1
4789 958 1
4790 390 1
4791 985 0
4792 832 1
4793 185 0
4794 203 1
4795 770 0
4796 983 1
4797 467 0
4798 262 1
4799 51 1
4800 45 0
4801 391 0
4802 724 0
4803 894 1
4804 685 0
4805 56 0
4806 546 0
4807 147 1
4808 560 1
4809 542 1
4810 870 0
4811 898 0
4812 705 1
4813 875 1
4814 69 1
4815 102 1
4816 988 1
4817 617 1
4818 706 0
4819 326 1
4820 287 1
4821 85 1
4822 32 1
4823 526 1
4824 161 1
4825 952 0
4826 696 0
4827 211 1
4828 541 1
4829 977 0
4830 35 1
4831 322 1
4832 180 0
4833 355 1
4834 70 1
4835 885 1
4836 661 1
4837 201 0
4838 800 1
4839 589 0
4840 403 1
4841 15 1
4842 717 1
4843 120 0
4844 324 1
4845 477 0
4846 784 1
4847 284 1
4848 53 1
4849 165 1
4850 917 0
4851 773 0
4852 335 1
4853 293 0
4854 309 0
4855 412 0
4856 42 0
4857 420 1
4858 947 1
4859 333 1
4860 941 1
4861 532 0
4862 913 1
4863 15 1
4864 759 0
4865 687 0
4866 534 1
4867 288 1
4868 750 1
4869 320 1
4870 72 1
4871 380 0
4872 757 0
4873 178 1
4874 645 1
4875 595 1
4876 918 1
4877 931 0
4878 955 0
4879 417 1
4880 431 1
4881 425 0
4882 879 1
4883 151 0
4884 892 1
4885 308 1
4886 801 0
4887 677 1
4888 97 1
4889 588 1
4890 671 1
4891 938 0
4892 627 1
4893 51 1
4894 142 1
4895 623 1
4896 180 1
4897 551 1
4898 663 0
4899 15 0
4900 770 1
4901 835 1
4902 901 1
4903 455 1
4904 683 0
4905 57 1
4906 543 1
4907 562 0
4908 190 1
4909 371 1
4910 678 1
4911 907 0
4912 944 1
4913 233 1
4914 768 1
4915 196 1
4916 461 1
4917 729 1
4918 163 1
4919 676 0
4920 543 1
4921 808 1
4922 43 1
4923 864 1
4924 299 1
4925 860 1
4926 839 0
4927 444 0
4928 148 0
4929 717 1
4930 229 0
4931 73 0
4932 552 1
4933 367 1
4934 9 0
4935 169 0
4936 92 1
4937 540 1
4938 370 1
4939 956 1
4940 259 1
4941 547 0
4942 213 1
4943 501 0
4944 972 1
4945 874 0
4946 446 1
4947 499 1
4948 761 0
4949 615 1
4950 226 0
4951 223 1
4952 773 1
4953 344 1
4954 483 0
4955 420 0
4956 735 1
4957 156 1
4958 274 1
4959 906 1
4960 190 0
4961 763 1
4962 750 1
4963 535 1
4964 444 1
4965 889 0
4966 946 1
4967 879 0
4968 191 1
4969 188 0
4970 546 1
4971 427 1
4972 183 1
4973 545 1
4974 837 1
4975 19 1
4976 558 0
4977 271 0
4978 652 0
4979 145 1
4980 272 1
4981 668 1
4982 754 0
4983 263 1
4984 793 1
4985 630 1
4986 656 1
4987 239 1
4988 249 1
4989 601 0
4990 844 0
4991 429 1
4992 706 1
4993 36 1
4994 812 1
4995 75 1
4996 116 0
4997 618 1
4998 313 1
4999 131 1
5000 637 1
5001 64 0
5002 427 1
5003 448 1
5004 685 1
5005 79 0
5006 974 1
5007 257 1
5008 513 1
5009 659 1
5010 71 1
5011 29 0
5012 781 0
5013 361 1
5014 832 1
5015 808 1
5016 558 1
5017 382 0
5018 77 0
5019 270 0
5020 195 1
5021 899 1
5022 162 1
5023 470 1
5024 57 1
5025 902 1
5026 471 1
5027 608 1
5028 589 0
5029 955 0
5030 70 1
5031 510 0
5032 548 1
5033 221 1
5034 37 1
5035 691 1
5036 145 1
5037 11 1
5038 72 1
5039 580 1
5040 218 1
5041 843 1
5042 728 1
5043 256 1
5044 39 0
5045 64 0
5046 301 1
5047 334 1
5048 477 0
5049 778 1
5050 352 1
5051 345 1
5052 385 1
5053 402 1
5054 434 1
5055 183 0
5056 83 1
5057 352 0
5058 792 1
5059 443 1
5060 135 0
5061 538 1
5062 386 1
5063 882 1
5064 732 0
5065 975 1
5066 748 1
5067 483 1
5068 284 0
5069 198 1
5070 475 1
5071 381 1
5072 711 1
5073 966 0
5074 646 1
5075 649 1
5076 231 0
5077 814 0
5078 375 1
5079 89 1
5080 682 1
5081 800 0
5082 700 1
5083 878 1
5084 776 1
5085 18 0
5086 468 0
5087 417 1
5088 730 0
5089 8 1
5090 118 1
5091 765 1
5092 453 1
5093 271 1
5094 601 1
5095 543 1
5096 728 0
5097 39 1
5098 245 1
5099 728 1
5100 15 0
5101 587 0
5102 742 1
5103 270 0
5104 409 1
5105 467 1
5106 532 1
5107 474 1
5108 137 0
5109 128 0
5110 702 0
5111 336 1
5112 623 1
5113 185 1
5114 596 1
5115 205 0
5116 560 1
5117 984 1
5118 808 0
5119 101 0
5120 140 1
5121 353 1
5122 116 1
5123 266 0
5124 180 1
5125 589 1
5126 664 1
5127 628 0
5128 898 1
5129 471 0
5130 334 1
5131 421 1
5132 774 1
5133 511 1
5134 975 1
5135 419 1
5136 485 0
5137 396 0
5138 208 1
5139 451 1
5140 362 1
5141 575 1
5142 574 1
5143 921 0
5144 331 1
5145 292 1
5146 678 1
5147 863 1
5148 434 1
5149 360 1
5150 302 1
5151 839 0
5152 454 1
5153 692 0
5154 214 1
5155 355 1
5156 792 1
5157 906 1
5158 156 1
5159 457 0
5160 839 1
5161 457 1
5162 767 1
5163 295 1
5164 315 0
5165 925 1
5166 44 1
5167 709 0
5168 620 1
5169 464 1
5170 164 1
5171 714 1
5172 762 0
5173 235 1
5174 77 1
5175 710 1
5176 747 1
5177 749 1
5178 108 1
5179 42 0
5180 16 1
5181 344 0
5182 351 1
5183 155 1
5184 74 1
5185 120 1
5186 450 1
5187 96 1
5188 769 1
5189 739 1
5190 329 0
5191 79 1
5192 932 1
5193 502 1
5194 188 1
5195 767 1
5196 120 1
5197 850 1
5198 773 1
5199 51 0
5200 929 0
5201 683 0
5202 17 1
5203 211 0
5204 415 0
5205 241 1
5206 714 0
5207 721 1
5208 746 1
5209 306 0
5210 83 1
5211 443 1
5212 794 1
5213 272 1
5214 907 1
5215 34 0
5216 494 1
5217 541 0
5218 104 1
5219 199 1
5220 713 1
5221 165 1
5222 65 1
5223 694 1
5224 426 0
5225 60 0
5226 389 1
5227 310 1
5228 698 1
5229 663 1
5230 209 1
5231 474 1
5232 22 0
5233 116 0
5234 779 0
5235 939 0
5236 59 1
5237 539 1
5238 307 1
5239 532 1
5240 549 0
5241 839 1
5242 986 0
5243 34 1
5244 339 1
5245 322 1
5246 698 1
5247 153 1
5248 127 1
5249 846 0
5250 877 0
5251 310 0
5252 510 1
5253 658 0
5254 691 0
5255 451 0
5256 391 0
5257 787 1
5258 59 1
5259 95 1
5260 529 1
5261 837 1
5262 811 1
5263 262 0
5264 270 1
5265 452 1
5266 806 1
5267 398 1
5268 917 1
5269 45 1
5270 562 1
5271 175 1
5272 102 0
5273 646 0
5274 98 1
5275 449 0
5276 757 1
5277 462 0
5278 298 1
5279 126 0
5280 440 1
5281 323 1
5282 645 0
5283 878 0
5284 386 1
5285 497 1
5286 724 0
5287 510 1
5288 535 0
5289 877 1
5290 799 1
5291 857 1
5292 635 1
5293 744 1
5294 651 0
5295 403 1
5296 459 0
5297 653 1
5298 57 1
5299 286 1
5300 75 1
5301 293 1
5302 63 1
5303 234 0
5304 567 1
5305 535 0
5306 460 1
5307 542 1
5308 330 1
5309 931 0
5310 178 1
5311 388 1
5312 376 1
5313 351 1
5314 192 1
5315 474 1
5316 725 1
5317 664 1
5318 178 0
5319 984 1
5320 31 0
5321 720 1
5322 531 1
5323 489 0
5324 571 0
5325 451 1
5326 776 0
5327 985 0
5328 488 0
5329 890 1
5330 581 1
5331 545 1
5332 739 1
5333 703 0
5334 129 1
5335 967 0
5336 825 1
5337 250 1
5338 972 1
5339 826 1
5340 474 1
5341 902 0
5342 724 0
5343 718 0
5344 842 0
5345 208 1
5346 592 1
5347 349 0
5348 278 1
5349 564 1
5350 358 1
5351 166 1
5352 545 1
5353 159 1
5354 752 1
5355 387 0
5356 870 0
5357 791 1
5358 795 1
5359 132 1
5360 738 1
5361 680 1
5362 692 1
5363 281 1
5364 982 0
5365 975 1
5366 692 1
5367 142 1
5368 458 0
5369 81 1
5370 883 0
5371 458 1
5372 366 0
5373 673 0
5374 86 1
5375 418 0
5376 744 1
5377 762 1
5378 39 1
5379 721 0
5380 205 0
5381 676 0
5382 750 1
5383 157 0
5384 717 0
5385 734 1
5386 303 1
5387 973 0
5388 758 1
5389 439 1
5390 71 0
5391 972 0
5392 856 0
5393 566 1
5394 104 1
5395 231 1
5396 604 0
5397 218 1
5398 333 1
5399 878 1
5400 503 0
5401 270 1
5402 132 1
5403 780 0
5404 508 0
5405 342 0
5406 684 1
5407 3 1
5408 667 1
5409 457 1
5410 466 1
5411 385 1
5412 899 1
5413 336 1
5414 868 0
5415 598 1
5416 447 1
5417 200 1
5418 426 1
5419 77 0
5420 807 0
5421 122 1
5422 341 1
5423 64 1
5424 586 0
5425 95 1
5426 513 0
5427 730 1
5428 681 1
5429 263 0
5430 596 1
5431 943 0
5432 44 1
5433 926 1
5434 731 1
5435 13 0
5436 30 1
5437 62 1
5438 847 1
5439 684 0
5440 940 1
5441 800 0
5442 857 1
5443 777 1
5444 216 1
5445 122 1
5446 510 0
5447 464 1
5448 817 1
5449 622 1
5450 13 1
5451 120 1
5452 75 0
5453 708 1
5454 602 0
5455 964 1
5456 486 1
5457 908 0
5458 914 1
5459 905 1
5460 52 0
5461 550 1
5462 700 1
5463 422 0
5464 720 1
5465 392 1
5466 984 1
5467 80 1
5468 291 1
5469 589 1
5470 202 0
5471 55 1
5472 937 1
5473 348 1
5474 963 1
5475 307 1
5476 888 0
5477 883 1
5478 187 1
5479 432 1
5480 957 1
5481 944 1
5482 640 0
5483 619 0
5484 421 1
5485 140 1
5486 381 1
5487 909 1
5488 462 1
5489 788 1
5490 129 1
5491 756 1
5492 561 0
5493 921 1
5494 563 1
5495 959 1
5496 492 1
5497 92 0
5498 546 1
5499 378 1
5500 529 1
5501 895 1
5502 310 0
5503 141 0
5504 681 0
5505 806 1
5506 340 1
5507 143 1
5508 528 1
5509 660 1
5510 329 1
5511 231 1
5512 152 0
5513 561 0
5514 340 0
5515 274 0
5516 66 1
5517 387 0
5518 299 1
5519 50 1
5520 469 0
5521 106 1
5522 733 0
5523 318 1
5524 910 0
5525 961 0
5526 216 1
5527 668 0
5528 527 1
5529 663 0
5530 776 1
5531 51 1
5532 421 1
5533 816 1
5534 271 1
5535 16 1
5536 37 0
5537 450 1
5538 957 1
5539 347 1
5540 61 0
5541 725 0
5542 522 0
5543 938 1
5544 937 0
5545 232 1
5546 854 1
5547 871 1
5548 320 0
5549 312 0
5550 172 1
5551 233 1
5552 48 0
5553 980 1
5554 463 0
5555 785 1
5556 950 1
5557 106 1
5558 523 1
5559 837 1
5560 961 1
5561 793 1
5562 951 0
5563 418 1
5564 971 1
5565 470 1
5566 362 1
5567 657 1
5568 691 1
5569 24 1
5570 583 0
5571 982 0
5572 927 1
5573 625 1
5574 741 1
5575 530 1
5576 151 0
5577 148 1
5578 607 1
5579 981 1
5580 600 1
5581 342 1
5582 763 1
5583 970 0
5584 549 1
5585 923 0
5586 411 0
5587 981 0
5588 613 1
5589 408 1
5590 394 1
5591 969 1
5592 870 1
5593 256 1
5594 292 1
5595 675 1
5596 602 1
5597 170 0
5598 625 1
5599 842 0
5600 450 0
5601 621 0
5602 301 1
5603 516 1
5604 827 0
5605 181 1
5606 178 1
5607 376 0
5608 583 0
5609 840 1
5610 771 1
5611 82 1
5612 848 1
5613 761 0
5614 405 1
5615 266 1
5616 987 0
5617 32 0
5618 109 1
5619 812 1
5620 777 1
5621 767 0
5622 459 1
5623 25 1
5624 383 0
5625 232 1
5626 696 1
5627 843 0
5628 567 1
5629 637 1
5630 826 0
5631 729 1
5632 107 0
5633 722 0
5634 907 1
5635 750 1
5636 146 1
5637 954 1
5638 975 1
5639 951 0
5640 452 1
5641 133 1
5642 802 0
5643 20 1
5644 896 1
5645 254 1
5646 169 0
5647 166 1
5648 59 1
5649 90 0
5650 334 1
5651 965 1
5652 673 1
5653 683 0
5654 810 1
5655 626 1
5656 437 0
5657 727 1
5658 51 0
5659 924 0
5660 12 1
5661 288 0
5662 476 0
5663 751 1
5664 244 1
5665 806 0
5666 986 1
5667 364 0
5668 321 1
5669 633 0
5670 8 1
5671 709 0
5672 334 1
5673 0 1
5674 791 1
5675 636 0
5676 417 1
5677 290 1
5678 684 0
5679 733 0
5680 491 0
5681 811 1
5682 929 1
5683 755 1
5684 831 1
5685 1 1
5686 963 1
5687 589 0
5688 755 1
5689 987 1
5690 818 1
5691 372 1
5692 864 1
5693 737 1
5694 19 1
5695 95 1
5696 628 1
5697 302 0
5698 690 1
5699 720 1
5700 760 1
5701 676 1
5702 736 0
5703 641 1
5704 463 1
5705 363 1
5706 871 0
5707 137 1
5708 702 1
5709 902 0
5710 257 0
5711 828 0
5712 220 1
5713 62 1
5714 795 0
5715 747 1
5716 515 1
5717 203 1
5718 307 1
5719 361 0
5720 91 1
5721 368 1
5722 765 1
5723 24 1
5724 976 1
5725 797 1
5726 936 0
5727 434 1
5728 375 1
5729 674 1
5730 290 0
5731 345 1
5732 756 0
5733 958 1
5734 696 0
5735 150 1
5736 360 1
5737 66 1
5738 620 0
5739 907 1
5740 321 1
5741 156 1
5742 656 1
5743 32 1
5744 390 0
5745 516 0
5746 40 1
5747 388 1
5748 421 1
5749 176 1
5750 981 1
5751 514 0
5752 148 1
5753 488 1
5754 963 1
5755 679 1
5756 426 1
5757 161 1
5758 729 0
5759 428 1
5760 791 1
5761 702 1
5762 122 0
5763 932 0
5764 458 1
5765 269 0
5766 738 1
5767 107 1
5768 667 1
5769 958 1
5770 600 1
5771 535 1
5772 788 0
5773 424 0
5774 780 1
5775 257 1
5776 112 1
5777 718 0
5778 364 0
5779 82 1
5780 378 0
5781 870 1
5782 439 0
5783 318 0
5784 182 0
5785 63 0
5786 240 1
5787 819 1
5788 892 0
5789 862 1
5790 411 1
5791 570 1
5792 686 1
5793 355 1
5794 557 0
5795 480 1
5796 385 0
5797 660 1
5798 644 0
5799 246 1
5800 569 1
5801 912 1
5802 505 1
5803 154 1
5804 301 1
5805 395 0
5806 450 0
5807 136 1
5808 568 0
5809 501 1
5810 525 1
5811 669 1
5812 647 0
5813 343 1
5814 622 1
5815 725 1
5816 203 1
5817 610 1
5818 695 0
5819 420 1
5820 791 0
5821 316 1
5822 96 1
5823 692 1
5824 541 1
5825 398 1
5826 489 1
5827 585 1
5828 712 1
5829 47 0
5830 822 1
5831 146 1
5832 432 1
5833 341 1
5834 531 0
5835 731 0
5836 185 1
5837 182 1
5838 108 0
5839 249 0
5840 675 1
5841 323 1
5842 324 1
5843 909 0
5844 446 1
5845 283 1
5846 45 1
5847 206 1
5848 489 1
5849 213 1
5850 906 0
5851 950 1
5852 307 1
5853 676 1
5854 614 1
5855 368 0
5856 474 1
5857 73 1
5858 208 1
5859 443 0
5860 254 1
5861 531 1
5862 460 1
5863 374 1
5864 588 0
5865 578 1
5866 542 1
5867 204 1
5868 280 1
5869 568 1
5870 414 1
5871 792 0
5872 236 1
5873 2 1
5874 455 1
5875 696 1
5876 768 0
5877 606 0
5878 279 1
5879 786 1
5880 578 1
5881 677 1
5882 218 1
5883 285 0
5884 370 1
5885 697 0
5886 398 1
5887 976 1
5888 669 1
5889 676 0
5890 324 0
5891 442 1
5892 914 0
5893 636 0
5894 51 1
5895 668 1
5896 112 1
5897 359 1
5898 835 1
5899 133 1
5900 106 0
5901 11 0
5902 927 1
5903 443 0
5904 867 1
5905 47 1
5906 110 0
5907 306 1
5908 842 0
5909 825 0
5910 973 1
5911 132 1
5912 165 1
5913 25 1
5914 439 0
5915 227 1
5916 586 1
5917 355 1
5918 823 1
5919 436 1
5920 233 1
5921 903 1
5922 569 1
5923 672 1
5924 65 1
5925 621 1
5926 317 1
5927 732 0
5928 548 1
5929 787 1
5930 513 0
5931 837 0
5932 557 0
5933 927 0
5934 306 1
5935 689 1
5936 747 1
5937 186 1
5938 422 1
5939 348 0
5940 964 1
5941 133 1
5942 37 0
5943 79 1
5944 927 1
5945 180 1
5946 197 1
5947 854 0
5948 818 1
5949 743 0
5950 764 0
5951 967 1
5952 351 1
5953 448 0
5954 620 0
5955 857 1
5956 80 1
5957 192 0
5958 172 1
5959 299 1
5960 442 0
5961 855 1
5962 105 1
5963 2 1
5964 121 0
5965 363 1
5966 199 0
5967 17 1
5968 104 1
5969 225 1
5970 272 1
5971 624 0
5972 389 1
5973 66 1
5974 684 1
5975 671 1
5976 441 1
5977 374 1
5978 855 1
5979 79 1
5980 132 1
5981 177 1
5982 674 1
5983 773 0
5984 952 1
5985 514 0
5986 103 1
5987 184 1
5988 562 1
5989 357 0
5990 908 0
5991 688 1
5992 174 1
5993 798 0
5994 743 1
5995 321 0
5996 916 1
5997 805 1
5998 290 1
5999 684 1
6000 891 0
6001 782 1
6002 944 0
6003 95 1
6004 521 1
6005 79 1
6006 90 1
6007 398 1
6008 145 1
6009 891 1
6010 681 1
6011 80 1
6012 318 1
6013 808 1
6014 778 1
6015 166 1
6016 310 1
6017 979 0
6018 522 0
6019 87 0
6020 832 0
6021 92 0
6022 933 0
6023 783 1
6024 295 1
6025 283 1
6026 505 1
6027 193 1
6028 259 0
6029 40 0
6030 809 1
6031 32 1
6032 751 0
6033 688 0
6034 402 1
6035 925 1
6036 245 1
6037 764 0
6038 812 1
6039 866 1
6040 548 0
6041 398 1
6042 816 1
6043 485 1
6044 897 1
6045 720 1
6046 622 0
6047 151 1
6048 79 1
6049 267 0
6050 223 1
6051 323 0
6052 232 1
6053 256 0
6054 657 0
6055 466 0
6056 586 1
6057 170 1
6058 760 1
6059 96 1
6060 779 1
6061 690 0
6062 176 1
6063 101 0
6064 583 1
6065 334 1
6066 865 1
6067 579 1
6068 756 0
6069 456 1
6070 272 1
6071 237 0
6072 101 0
6073 868 1
6074 368 0
6075 139 0
6076 681 1
6077 863 1
6078 279 1
6079 418 0
6080 930 0
6081 973 1
6082 421 1
6083 914 1
6084 7 1
6085 210 1
6086 900 0
6087 735 1
6088 453 0
6089 472 1
6090 187 0
6091 576 1
6092 744 1
6093 41 1
6094 23 0
6095 494 1
6096 516 1
6097 771 1
6098 932 0
6099 723 0
6100 968 1
6101 522 1
6102 686 1
6103 490 0
6104 187 1
6105 568 1
6106 877 1
6107 546 0
6108 202 1
6109 960 1
6110 351 0
6111 484 1
6112 541 0
6113 413 0
6114 560 1
6115 727 0
6116 385 1
6117 724 0
6118 822 1
6119 818 0
6120 491 0
6121 980 1
6122 845 1
6123 22 1
6124 723 0
6125 578 0
6126 57 1
6127 550 0
6128 632 1
6129 387 0
6130 414 0
6131 48 1
6132 679 1
6133 479 1
6134 301 1
6135 130 0
6136 10 1
6137 182 0
6138 953 1
6139 219 1
6140 784 1
6141 369 1
6142 870 0
6143 341 0
6144 490 1
6145 21 0
6146 450 1
6147 20 1
6148 145 0
6149 947 1
6150 112 1
6151 542 0
6152 503 0
6153 283 0
6154 526 1
6155 751 1
6156 603 1
6157 760 0
6158 648 1
6159 594 0
6160 144 0
6161 359 1
6162 978 1
6163 39 1
6164 475 1
6165 471 0
6166 672 1
6167 15 0
6168 53 0
6169 947 1
6170 397 1
6171 498 0
6172 145 0
6173 92 1
6174 967 1
6175 248 1
6176 606 1
6177 313 1
6178 290 1
6179 621 1
6180 936 1
6181 657 0
6182 128 1
6183 110 1
6184 567 1
6185 358 1
6186 374 1
6187 279 0
6188 722 1
6189 911 1
6190 362 1
6191 126 0
6192 777 0
6193 172 1
6194 97 1
6195 147 1
6196 201 0
6197 957 1
6198 781 1
6199 108 1
6200 732 1
6201 335 1
6202 920 1
6203 234 1
6204 583 1
6205 365 1
6206 619 0
6207 815 1
6208 236 1
6209 82 1
6210 96 1
6211 670 1
6212 339 0
6213 919 1
6214 313 0
6215 784 1
6216 103 1
6217 760 1
6218 343 0
6219 688 0
6220 748 0
6221 773 1
6222 154 1
6223 383 1
6224 890 1
6225 723 1
6226 292 1
6227 587 1
6228 640 1
6229 360 1
6230 154 0
6231 607 0
6232 579 0
6233 291 1
6234 273 0
6235 457 0
6236 642 0
6237 8 0
6238 840 1
6239 490 1
6240 453 1
6241 43 1
6242 225 0
6243 278 1
6244 745 1
6245 427 1
6246 794 1
6247 167 0
6248 716 1
6249 904 1
6250 47 0
6251 326 1
6252 906 1
6253 93 1
6254 322 0
6255 106 1
6256 111 0
6257 422 1
6258 377 1
6259 799 1
6260 350 0
6261 44 0
6262 575 1
6263 137 1
6264 267 1
6265 888 0
6266 717 1
6267 600 0
6268 852 1
6269 988 1
6270 873 1
6271 558 1
6272 841 0
6273 918 1
6274 985 0
6275 362 1
6276 269 1
6277 99 1
6278 215 1
6279 450 0
6280 581 1
6281 394 1
6282 868 1
6283 540 0
6284 589 0
6285 514 1
6286 242 1
6287 762 1
6288 660 0
6289 323 1
6290 723 1
6291 308 1
6292 982 0
6293 151 1
6294 937 1
6295 287 1
6296 254 1
6297 729 1
6298 577 1
6299 462 1
6300 417 0
6301 650 0
6302 949 1
6303 57 1
6304 418 1
6305 581 1
6306 955 1
6307 741 1
6308 601 1
6309 460 1
6310 101 1
6311 675 0
6312 37 1
6313 86 1
6314 0 1
6315 95 1
6316 425 1
6317 380 1
6318 473 1
6319 310 1
6320 707 1
6321 348 0
6322 389 1
6323 926 1
6324 590 0
6325 843 1
6326 742 1
6327 352 1
6328 249 1
6329 698 1
6330 584 0
6331 959 1
6332 844 0
6333 3 1
6334 677 0
6335 524 1
6336 801 1
6337 79 0
6338 571 0
6339 202 0
6340 707 1
6341 168 0
6342 879 1
6343 544 1
6344 556 0
6345 681 1
6346 645 1
6347 757 1
6348 598 1
6349 132 1
6350 377 0
6351 681 1
6352 138 1
6353 684 0
6354 374 0
6355 478 0
6356 247 0
6357 845 1
6358 764 1
6359 569 1
6360 252 1
6361 79 0
6362 216 1
6363 701 1
6364 901 1
6365 111 1
6366 794 1
6367 77 0
6368 161 0
6369 542 0
6370 256 1
6371 920 0
6372 276 1
6373 238 0
6374 774 1
6375 969 0
6376 666 1
6377 531 0
6378 896 0
6379 12 0
6380 88 0
6381 696 1
6382 806 0
6383 716 0
6384 142 1
6385 806 0
6386 594 1
6387 500 0
6388 122 0
6389 519 0
6390 447 0
6391 531 1
6392 851 0
6393 605 1
6394 610 0
6395 176 1
6396 338 0
6397 188 0
6398 546 1
6399 720 0
6400 478 1
6401 684 1
6402 872 1
6403 844 1
6404 531 0
6405 499 1
6406 470 1
6407 407 1
6408 700 1
6409 395 0
6410 934 1
6411 616 1
6412 344 1
6413 36 0
6414 317 1
6415 883 1
6416 599 0
6417 476 1
6418 371 1
6419 781 1
6420 302 1
6421 195 1
6422 918 0
6423 701 1
6424 919 1
6425 548 0
6426 276 0
6427 745 1
6428 577 1
6429 522 0
6430 842 1
6431 5 1
6432 592 1
6433 239 1
6434 409 1
6435 180 0
6436 615 0
6437 91 1
6438 282 1
6439 74 1
6440 205 1
6441 674 1
6442 395 1
6443 406 1
6444 809 1
6445 182 0
6446 942 1
6447 419 0
6448 266 1
6449 519 1
6450 982 1
6451 984 0
6452 379 1
6453 53 1
6454 477 1
6455 764 0
6456 347 1
6457 467 1
6458 477 1
6459 725 0
6460 411 1
6461 557 1
6462 400 1
6463 214 0
6464 242 1
6465 646 0
6466 41 0
6467 440 1
6468 33 1
6469 971 1
6470 913 1
6471 496 1
6472 794 0
6473 317 0
6474 738 1
6475 177 0
6476 266 0
6477 818 1
6478 25 1
6479 636 1
6480 373 0
6481 795 0
6482 240 1
6483 431 0
6484 43 1
6485 380 1
6486 465 0
6487 825 0
6488 740 0
6489 845 1
6490 793 1
6491 943 0
6492 71 0
6493 40 0
6494 412 1
6495 949 1
6496 275 1
6497 504 1
6498 305 1
6499 385 1
6500 361 1
6501 206 0
6502 249 1
6503 107 1
6504 781 0
6505 783 0
6506 290 1
6507 656 1
6508 118 1
6509 55 0
6510 971 1
6511 328 0
6512 75 1
6513 369 1
6514 83 1
6515 326 0
6516 127 1
6517 574 1
6518 171 1
6519 962 1
6520 242 1
6521 549 0
6522 799 1
6523 490 1
6524 804 0
6525 752 1
6526 854 1
6527 640 1
6528 521 1
6529 613 0
6530 371 1
6531 60 0
6532 79 1
6533 764 1
6534 913 0
6535 507 1
6536 798 0
6537 698 1
6538 870 1
6539 134 0
6540 49 1
6541 79 0
6542 575 1
6543 147 1
6544 43 0
6545 711 1
6546 308 1
6547 509 0
6548 14 1
6549 931 0
6550 326 1
6551 104 1
6552 809 1
6553 634 0
6554 598 1
6555 973 1
6556 262 1
6557 854 0
6558 87 1
6559 248 0
6560 370 0
6561 838 1
6562 339 1
6563 369 1
6564 936 1
6565 584 0
6566 760 1
6567 6 1
6568 98 1
6569 869 1
6570 712 0
6571 941 1
6572 221 1
6573 127 0
6574 416 0
6575 733 1
6576 639 1
6577 768 1
6578 245 1
6579 636 0
6580 460 1
6581 63 1
6582 517 1
6583 410 1
6584 13 1
6585 910 0
6586 447 0
6587 308 0
6588 277 1
6589 282 1
6590 810 1
6591 88 0
6592 901 1
6593 744 1
6594 17 0
6595 937 1
6596 220 1
6597 13 0
6598 374 1
6599 951 1
6600 17 1
6601 710 0
6602 342 1
6603 438 0
6604 757 1
6605 911 0
6606 50 1
6607 636 0
6608 867 1
6609 413 1
6610 87 0
6611 959 1
6612 666 0
6613 349 0
6614 4 0
6615 35 0
6616 487 0
6617 779 0
6618 371 0
6619 58 1
6620 545 0
6621 22 0
6622 283 1
6623 851 1
6624 354 1
6625 936 1
6626 930 1
6627 345 1
6628 194 1
6629 951 1
6630 310 1
6631 512 1
6632 340 0
6633 236 1
6634 128 1
6635 851 1
6636 860 1
6637 866 1
6638 835 1
6639 206 0
6640 601 0
6641 238 0
6642 364 1
6643 746 1
6644 290 1
6645 353 1
6646 9 1
6647 6 0
6648 766 1
6649 72 1
6650 426 0
6651 469 0
6652 404 0
6653 49 1
6654 672 0
6655 744 1
6656 6 1
6657 423 1
6658 577 1
6659 526 0
6660 192 0
6661 369 1
6662 354 1
6663 148 1
6664 215 1
6665 622 1
6666 740 1
6667 243 0
6668 743 0
6669 699 1
6670 144 1
6671 15 1
6672 740 0
6673 815 1
6674 216 1
6675 793 1
6676 536 1
6677 500 0
6678 842 1
6679 325 1
6680 466 1
6681 13 0
6682 648 0
6683 666 1
6684 438 1
6685 132 1
6686 134 1
6687 38 1
6688 476 1
6689 508 1
6690 216 1
6691 404 0
6692 486 1
6693 947 1
6694 858 1
6695 4 0
6696 829 1
6697 846 0
6698 860 1
6699 194 1
6700 204 0
6701 196 1
6702 71 1
6703 518 0
6704 98 1
6705 543 1
6706 642 1
6707 665 0
6708 460 1
6709 75 1
6710 211 1
6711 958 1
6712 683 0
6713 539 1
6714 643 1
6715 460 0
6716 657 1
6717 491 1
6718 891 1
6719 579 0
6720 643 0
6721 902 1
6722 677 1
6723 326 1
6724 505 0
6725 771 1
6726 78 0
6727 72 1
6728 567 1
6729 912 1
6730 942 0
6731 373 1
6732 51 1
6733 642 0
6734 481 0
6735 541 1
6736 951 1
6737 322 1
6738 629 1
6739 93 1
6740 646 1
6741 459 1
6742 616 1
6743 789 1
6744 741 1
6745 708 1
6746 107 1
6747 609 0
6748 554 1
6749 698 1
6750 385 0
6751 768 1
6752 301 1
6753 291 0
6754 53 1
6755 380 1
6756 553 0
6757 32 0
6758 675 1
6759 960 1
6760 838 1
6761 426 1
6762 369 0
6763 5 1
6764 894 1
6765 971 1
6766 258 0
6767 931 0
6768 449 1
6769 794 1
6770 508 1
6771 506 1
6772 621 0
6773 838 1
6774 665 1
6775 332 1
6776 792 1
6777 361 0
6778 401 0
6779 108 1
6780 373 1
6781 194 1
6782 730 1
6783 788 0
6784 956 0
6785 693 1
6786 668 1
6787 840 1
6788 346 1
6789 498 1
6790 802 0
6791 427 1
6792 893 1
6793 375 1
6794 458 1
6795 210 1
6796 463 0
6797 71 1
6798 834 0
6799 395 0
6800 353 0
6801 873 1
6802 200 0
6803 918 0
6804 21 1
6805 166 1
6806 563 0
6807 36 1
6808 392 1
6809 370 1
6810 785 0
6811 582 1
6812 582 0
6813 758 1
6814 120 1
6815 825 0
6816 850 1
6817 102 1
6818 41 0
6819 900 0
6820 753 0
6821 189 0
6822 670 1
6823 391 0
6824 234 1
6825 813 0
6826 243 0
6827 584 1
6828 364 1
6829 556 1
6830 517 1
6831 555 1
6832 698 1
6833 36 1
6834 983 1
6835 801 1
6836 318 0
6837 671 0
6838 520 0
6839 659 1
6840 725 0
6841 89 1
6842 195 0
6843 109 1
6844 37 1
6845 348 1
6846 948 1
6847 823 0
6848 170 1
6849 701 1
6850 808 0
6851 508 1
6852 112 0
6853 430 1
6854 153 1
6855 984 1
6856 182 1
6857 163 0
6858 62 1
6859 936 1
6860 828 1
6861 544 1
6862 797 1
6863 750 1
6864 250 0
6865 435 1
6866 573 1
6867 792 0
6868 34 1
6869 622 1
6870 921 0
6871 370 1
6872 6 0
6873 491 1
6874 696 0
6875 753 1
6876 624 1
6877 627 0
6878 981 1
6879 7 1
6880 448 0
6881 897 1
6882 286 0
6883 718 1
6884 238 0
6885 508 1
6886 273 1
6887 577 1
6888 20 0
6889 640 1
6890 408 1
6891 262 1
6892 18 0
6893 73 0
6894 875 0
6895 545 0
6896 120 1
6897 367 1
6898 457 1
6899 727 1
6900 45 0
6901 463 1
6902 428 0
6903 891 1
6904 717 1
6905 468 1
6906 545 0
6907 473 0
6908 229 1
6909 170 1
6910 919 0
6911 450 0
6912 765 1
6913 750 0
6914 510 1
6915 819 1
6916 331 1
6917 179 0
6918 932 0
6919 805 0
6920 221 1
6921 101 0
6922 319 1
6923 926 1
6924 717 1
6925 957 1
6926 419 1
6927 295 1
6928 832 1
6929 26 0
6930 837 1
6931 909 1
6932 443 0
6933 242 0
6934 474 1
6935 644 1
6936 636 1
6937 766 1
6938 916 0
6939 405 0
6940 408 1
6941 595 1
6942 388 0
6943 620 1
6944 250 0
6945 877 1
6946 99 0
6947 570 1
6948 201 1
6949 526 0
6950 468 1
6951 675 0
6952 230 1
6953 961 1
6954 752 0
6955 105 1
6956 54 1
6957 596 0
6958 199 1
6959 966 1
6960 763 1
6961 841 1
6962 663 1
6963 709 1
6964 833 0
6965 148 1
6966 721 0
6967 25 0
6968 872 0
6969 706 1
6970 667 1
6971 697 1
6972 121 1
6973 467 0
6974 128 0
6975 770 1
6976 309 1
6977 69 1
6978 643 0
6979 739 0
6980 622 1
6981 103 1
6982 319 1
6983 904 0
6984 418 1
6985 435 1
6986 737 0
6987 817 0
6988 741 1
6989 190 0
6990 43 0
6991 369 0
6992 191 1
6993 923 1
6994 814 1
6995 332 1
6996 864 1
6997 692 1
6998 857 0
6999 690 1
7000 533 0
7001 676 1
7002 866 1
7003 444 1
7004 104 1
7005 390 1
7006 495 1
7007 794 1
7008 795 1
7009 825 1
7010 705 1
7011 664 1
7012 202 1
7013 79 1
7014 279 1
7015 943 0
7016 795 0
7017 984 1
7018 440 1
7019 889 1
7020 670 1
7021 289 0
7022 353 0
7023 167 1
7024 419 0
7025 83 0
7026 759 0
7027 20 0
7028 713 0
7029 628 0
7030 172 0
7031 706 1
7032 811 1
7033 944 1
7034 444 0
7035 403 1
7036 438 1
7037 887 1
7038 91 0
7039 548 0
7040 656 1
7041 939 1
7042 977 1
7043 984 1
7044 362 0
7045 594 1
7046 107 1
7047 806 0
7048 316 1
7049 484 0
7050 214 1
7051 482 1
7052 592 1
7053 52 1
7054 740 1
7055 791 1
7056 537 1
7057 137 0
7058 309 1
7059 127 0
7060 352 1
7061 510 1
7062 337 1
7063 389 1
7064 686 1
7065 718 1
7066 77 1
7067 856 0
7068 592 1
7069 949 1
7070 814 1
7071 54 0
7072 395 1
7073 484 0
7074 616 1
7075 680 1
7076 343 0
7077 733 0
7078 126 1
7079 638 1
7080 604 0
7081 27 1
7082 871 1
7083 654 0
7084 401 1
7085 122 1
7086 964 0
7087 881 0
7088 661 1
7089 378 1
7090 291 0
7091 855 0
7092 565 1
7093 912 1
7094 329 1
7095 808 1
7096 525 1
7097 626 0
7098 620 1
7099 186 0
7100 211 0
7101 551 1
7102 83 1
7103 153 1
7104 123 1
7105 337 1
7106 894 1
7107 646 0
7108 106 1
7109 759 1
7110 434 1
7111 381 1
7112 314 0
7113 670 0
7114 603 0
7115 564 0
7116 763 1
7117 597 0
7118 863 1
7119 894 1
7120 586 0
7121 302 0
7122 739 1
7123 852 1
7124 821 1
7125 293 1
7126 797 1
7127 822 1
7128 985 1
7129 654 1
7130 958 1
