9260
1 98 1
2 23 1
3 167 0
4 144 1
5 169 1
6 111 0
7 75 1
8 114 1
9 162 1
10 36 1
11 84 1
12 85 1
13 142 1
14 111 1
15 147 1
16 178 1
17 118 0
18 7 1
19 56 1
20 78 1
21 93 1
22 107 1
23 9 1
24 28 1
25 78 1
26 90 1
27 156 1
28 21 1
29 186 0
30 41 1
31 65 1
32 15 0
33 97 1
34 25 1
35 37 1
36 175 0
37 157 1
38 163 1
39 180 1
40 14 1
41 52 0
42 98 1
43 24 0
44 63 0
45 183 0
46 168 1
47 68 1
48 108 1
49 70 1
50 183 1
51 34 0
52 102 1
53 9 1
54 34 0
55 64 1
56 56 0
57 84 1
58 69 1
59 137 1
60 131 1
61 101 1
62 57 0
63 159 1
64 11 1
65 95 1
66 132 1
67 41 1
68 65 1
69 175 1
70 104 0
71 79 1
72 101 1
73 179 1
74 16 1
75 47 1
76 5 1
77 55 1
78 181 1
79 23 1
80 119 0
81 132 1
82 180 1
83 162 1
84 88 0
85 20 1
86 66 0
87 96 0
88 127 1
89 81 0
90 148 1
91 155 0
92 140 1
93 11 0
94 169 1
95 139 0
96 153 0
97 29 0
98 120 1
99 135 0
100 85 0
101 144 1
102 187 1
103 62 1
104 4 0
105 134 1
106 136 1
107 101 1
108 56 1
109 155 1
110 147 1
111 3 0
112 53 0
113 122 1
114 87 1
115 58 0
116 90 1
117 68 1
118 51 0
119 80 1
120 139 0
121 72 0
122 59 1
123 108 1
124 30 1
125 86 1
126 113 1
127 154 0
128 173 1
129 136 1
130 22 1
131 177 0
132 72 1
133 66 1
134 53 1
135 112 1
136 104 1
137 23 1
138 102 1
139 23 1
140 139 1
141 54 1
142 62 1
143 95 0
144 109 0
145 52 0
146 169 1
147 176 1
148 151 0
149 110 0
150 132 1
151 72 0
152 30 0
153 143 0
154 92 1
155 10 1
156 20 0
157 40 1
158 85 0
159 182 1
160 111 1
161 1 0
162 140 0
163 11 1
164 95 0
165 172 1
166 155 0
167 19 1
168 136 1
169 182 1
170 6 0
171 16 1
172 1 1
173 161 0
174 124 0
175 144 1
176 134 0
177 73 1
178 119 1
179 122 1
180 137 0
181 186 0
182 146 1
183 153 1
184 44 1
185 67 1
186 16 0
187 129 1
188 140 0
189 155 1
190 70 1
191 56 0
192 121 0
193 35 0
194 77 0
195 10 1
196 127 0
197 62 0
198 78 0
199 113 0
200 108 1
201 105 1
202 8 1
203 74 0
204 148 1
205 88 0
206 85 1
207 100 1
208 18 1
209 122 1
210 157 1
211 54 1
212 73 1
213 114 1
214 145 1
215 17 1
216 84 1
217 121 1
218 100 0
219 104 1
220 169 1
221 144 0
222 81 1
223 136 1
224 55 0
225 60 1
226 134 0
227 53 1
228 43 0
229 170 1
230 71 1
231 117 0
232 54 1
233 43 1
234 110 1
235 148 1
236 83 0
237 21 0
238 24 1
239 129 1
240 159 0
241 36 0
242 115 1
243 57 0
244 120 1
245 23 0
246 160 1
247 22 1
248 176 0
249 113 1
250 144 0
251 54 1
252 41 0
253 137 0
254 97 1
255 77 1
256 79 0
257 106 0
258 66 1
259 29 1
260 136 1
261 122 1
262 178 1
263 66 1
264 74 1
265 8 1
266 185 1
267 122 1
268 2 0
269 36 1
270 81 0
271 31 0
272 22 1
273 151 1
274 166 1
275 19 1
276 97 0
277 86 1
278 81 1
279 185 1
280 76 1
281 50 1
282 120 0
283 45 1
284 176 0
285 85 0
286 179 0
287 94 0
288 51 0
289 102 0
290 169 0
291 75 0
292 126 1
293 98 1
294 57 1
295 39 0
296 154 1
297 140 1
298 5 0
299 73 1
300 62 1
301 183 1
302 71 0
303 67 0
304 10 1
305 83 1
306 154 1
307 2 1
308 183 0
309 95 0
310 61 0
311 119 1
312 155 1
313 165 0
314 52 1
315 86 1
316 73 1
317 168 0
318 154 1
319 11 1
320 80 1
321 88 0
322 117 1
323 122 1
324 55 1
325 97 0
326 96 1
327 75 0
328 151 1
329 88 1
330 155 0
331 62 1
332 52 0
333 49 1
334 141 0
335 115 0
336 18 1
337 63 0
338 38 1
339 60 1
340 78 1
341 142 1
342 118 1
343 170 1
344 134 0
345 29 0
346 109 1
347 74 1
348 185 1
349 181 1
350 115 1
351 35 1
352 56 1
353 13 1
354 147 1
355 119 0
356 95 0
357 144 1
358 35 0
359 38 0
360 60 1
361 135 1
362 22 1
363 144 0
364 77 0
365 89 1
366 109 1
367 3 1
368 154 1
369 3 0
370 22 1
371 151 1
372 128 1
373 74 1
374 165 1
375 9 0
376 44 1
377 139 1
378 98 1
379 18 0
380 28 1
381 45 0
382 164 1
383 47 0
384 64 1
385 176 1
386 38 0
387 135 1
388 178 1
389 74 0
390 186 1
391 56 0
392 91 0
393 160 1
394 155 0
395 110 1
396 150 1
397 66 1
398 67 1
399 0 0
400 28 1
401 150 1
402 179 1
403 165 0
404 171 1
405 0 0
406 66 1
407 143 0
408 185 1
409 91 1
410 38 1
411 12 1
412 152 0
413 58 0
414 56 0
415 163 1
416 99 0
417 15 0
418 86 1
419 4 1
420 163 0
421 170 0
422 181 1
423 62 1
424 53 1
425 7 1
426 31 0
427 23 0
428 30 1
429 147 0
430 3 0
431 154 1
432 111 1
433 5 1
434 93 1
435 131 0
436 133 1
437 161 1
438 171 1
439 49 0
440 122 0
441 59 0
442 8 1
443 13 0
444 27 1
445 108 1
446 27 0
447 65 1
448 56 1
449 13 1
450 11 1
451 82 1
452 122 1
453 16 0
454 23 1
455 142 1
456 54 1
457 163 1
458 80 1
459 152 1
460 13 1
461 71 1
462 146 0
463 44 1
464 139 1
465 28 0
466 65 1
467 159 1
468 97 0
469 106 1
470 173 1
471 10 1
472 58 0
473 33 1
474 146 1
475 179 1
476 121 1
477 132 1
478 130 1
479 146 1
480 165 0
481 96 1
482 148 0
483 43 1
484 175 0
485 110 1
486 73 1
487 11 0
488 158 1
489 83 1
490 25 0
491 20 1
492 68 1
493 37 1
494 73 1
495 144 1
496 33 0
497 25 1
498 171 1
499 171 1
500 149 1
501 130 1
502 146 0
503 99 1
504 169 0
505 97 1
506 0 0
507 152 0
508 134 0
509 62 1
510 49 1
511 1 0
512 122 0
513 128 1
514 27 1
515 76 1
516 137 1
517 76 1
518 24 1
519 144 1
520 169 1
521 132 1
522 35 1
523 101 1
524 151 1
525 52 1
526 114 0
527 147 1
528 133 1
529 86 1
530 131 1
531 13 1
532 46 1
533 108 1
534 76 0
535 128 1
536 170 1
537 90 0
538 34 0
539 119 1
540 31 1
541 129 1
542 158 1
543 177 1
544 109 0
545 127 1
546 103 0
547 65 1
548 162 1
549 83 1
550 169 0
551 160 1
552 149 1
553 102 1
554 50 1
555 112 1
556 69 0
557 22 0
558 142 1
559 6 0
560 88 1
561 48 1
562 19 0
563 84 0
564 30 1
565 96 1
566 55 1
567 27 1
568 64 1
569 63 0
570 147 0
571 60 1
572 161 0
573 120 1
574 94 0
575 43 0
576 124 1
577 117 0
578 68 1
579 1 1
580 45 0
581 93 1
582 98 0
583 101 1
584 114 1
585 141 1
586 16 1
587 34 0
588 27 1
589 156 1
590 144 1
591 48 1
592 154 1
593 88 1
594 43 1
595 116 0
596 119 1
597 53 0
598 75 1
599 56 1
600 62 0
601 75 0
602 142 1
603 187 1
604 7 1
605 35 1
606 31 1
607 164 1
608 114 1
609 16 1
610 18 1
611 178 1
612 87 1
613 31 0
614 129 1
615 95 1
616 28 0
617 14 1
618 23 1
619 83 1
620 153 0
621 114 0
622 67 1
623 47 1
624 87 1
625 150 1
626 128 1
627 175 1
628 47 1
629 121 0
630 37 1
631 112 0
632 131 1
633 167 1
634 3 1
635 117 1
636 166 1
637 18 0
638 66 0
639 38 1
640 60 1
641 3 1
642 5 1
643 80 1
644 129 0
645 41 1
646 95 1
647 96 1
648 143 0
649 125 0
650 3 1
651 47 0
652 98 1
653 146 1
654 62 1
655 62 1
656 48 0
657 176 1
658 176 0
659 38 1
660 134 0
661 149 0
662 96 0
663 80 1
664 185 0
665 129 1
666 4 1
667 33 1
668 174 1
669 11 1
670 107 1
671 36 1
672 71 1
673 141 0
674 24 1
675 161 1
676 122 1
677 132 0
678 44 0
679 13 0
680 94 0
681 162 1
682 64 1
683 133 0
684 119 1
685 83 1
686 150 0
687 126 1
688 75 1
689 145 1
690 3 1
691 3 1
692 173 1
693 88 1
694 92 0
695 70 0
696 177 1
697 96 1
698 172 1
699 87 1
700 119 1
701 73 1
702 102 0
703 167 1
704 24 1
705 22 1
706 174 1
707 17 0
708 92 1
709 120 0
710 72 1
711 182 1
712 99 1
713 166 0
714 185 1
715 118 1
716 48 0
717 61 1
718 68 1
719 73 1
720 28 0
721 171 1
722 52 0
723 106 1
724 159 1
725 73 1
726 94 1
727 156 1
728 22 0
729 21 1
730 131 1
731 119 1
732 7 1
733 7 1
734 85 1
735 99 1
736 107 1
737 61 0
738 68 1
739 47 1
740 138 1
741 134 1
742 120 1
743 170 1
744 168 1
745 26 1
746 6 0
747 155 1
748 70 0
749 21 1
750 174 1
751 14 1
752 68 1
753 184 1
754 174 1
755 107 0
756 164 0
757 33 0
758 87 0
759 103 1
760 70 1
761 162 1
762 18 0
763 23 1
764 36 0
765 109 0
766 97 0
767 116 0
768 62 1
769 113 0
770 89 0
771 37 1
772 137 1
773 146 0
774 138 0
775 155 0
776 122 1
777 150 1
778 4 1
779 93 1
780 149 1
781 183 0
782 1 1
783 156 0
784 89 1
785 44 0
786 98 1
787 39 1
788 84 0
789 84 1
790 58 1
791 108 1
792 46 1
793 185 0
794 107 1
795 142 1
796 37 1
797 59 1
798 114 0
799 102 1
800 94 1
801 57 1
802 159 0
803 52 0
804 26 0
805 143 1
806 173 0
807 129 1
808 185 0
809 13 1
810 148 1
811 104 1
812 157 1
813 36 1
814 56 1
815 30 1
816 96 1
817 86 0
818 168 1
819 55 1
820 72 1
821 142 1
822 125 0
823 88 0
824 73 1
825 38 0
826 52 0
827 31 1
828 51 0
829 105 1
830 137 0
831 121 1
832 19 1
833 165 1
834 22 1
835 57 0
836 95 1
837 83 1
838 147 0
839 87 1
840 136 1
841 187 0
842 132 0
843 143 1
844 150 1
845 154 1
846 60 1
847 77 0
848 159 0
849 131 0
850 18 1
851 140 1
852 65 0
853 78 0
854 139 1
855 109 1
856 154 0
857 140 0
858 3 1
859 26 1
860 88 1
861 116 1
862 132 1
863 24 0
864 179 1
865 29 1
866 89 1
867 107 1
868 136 1
869 42 1
870 26 0
871 39 1
872 4 1
873 24 1
874 19 1
875 24 0
876 163 0
877 119 1
878 78 0
879 143 1
880 44 0
881 64 1
882 17 1
883 151 1
884 101 1
885 105 0
886 89 0
887 52 1
888 0 0
889 153 0
890 179 1
891 178 1
892 183 1
893 126 0
894 117 0
895 7 1
896 118 1
897 158 0
898 107 1
899 86 0
900 179 1
901 11 1
902 12 1
903 106 1
904 4 1
905 83 0
906 114 1
907 82 0
908 166 1
909 114 0
910 34 1
911 1 0
912 177 1
913 153 1
914 145 1
915 48 1
916 106 1
917 149 0
918 176 0
919 182 1
920 3 1
921 176 0
922 134 0
923 158 0
924 22 1
925 21 0
926 3 1
927 74 1
928 46 1
929 21 1
930 142 1
931 4 0
932 61 0
933 111 1
934 17 1
935 162 0
936 47 0
937 70 1
938 84 1
939 38 1
940 109 0
941 27 0
942 134 1
943 37 0
944 4 1
945 48 0
946 59 1
947 139 1
948 2 0
949 34 1
950 151 0
951 40 1
952 22 1
953 56 0
954 14 1
955 145 1
956 86 0
957 168 1
958 138 0
959 144 1
960 127 1
961 33 0
962 110 1
963 172 1
964 30 1
965 64 1
966 79 1
967 56 0
968 78 1
969 140 1
970 18 0
971 12 1
972 13 1
973 136 1
974 62 1
975 38 1
976 30 0
977 121 0
978 107 1
979 116 1
980 175 1
981 182 1
982 28 1
983 100 0
984 162 0
985 183 0
986 149 1
987 29 0
988 120 1
989 178 1
990 3 1
991 117 0
992 31 1
993 37 0
994 155 1
995 71 1
996 78 1
997 141 1
998 116 0
999 9 0
1000 105 1
1001 15 1
1002 63 1
1003 92 0
1004 143 1
1005 111 0
1006 42 1
1007 111 1
1008 22 0
1009 7 1
1010 45 1
1011 183 1
1012 144 0
1013 94 1
1014 121 0
1015 94 1
1016 39 0
1017 156 1
1018 87 1
1019 30 0
1020 7 0
1021 0 1
1022 45 0
1023 175 0
1024 123 1
1025 108 1
1026 5 1
1027 156 1
1028 52 1
1029 85 1
1030 97 1
1031 144 1
1032 154 1
1033 170 1
1034 106 0
1035 95 1
1036 138 1
1037 95 0
1038 70 1
1039 183 1
1040 130 1
1041 37 1
1042 20 1
1043 149 1
1044 119 0
1045 178 1
1046 90 1
1047 28 1
1048 180 0
1049 109 1
1050 8 0
1051 75 1
1052 163 1
1053 142 1
1054 186 0
1055 102 1
1056 174 1
1057 7 1
1058 9 1
1059 130 1
1060 67 0
1061 141 0
1062 120 1
1063 146 1
1064 45 0
1065 74 1
1066 68 0
1067 131 1
1068 64 0
1069 21 1
1070 88 1
1071 122 1
1072 7 1
1073 12 1
1074 150 1
1075 130 1
1076 7 0
1077 119 1
1078 65 0
1079 103 0
1080 128 0
1081 27 1
1082 3 0
1083 172 1
1084 177 1
1085 62 0
1086 60 1
1087 151 1
1088 178 1
1089 137 1
1090 169 1
1091 102 1
1092 162 1
1093 168 1
1094 162 1
1095 14 1
1096 5 0
1097 43 1
1098 133 0
1099 8 1
1100 152 1
1101 11 0
1102 118 0
1103 25 1
1104 1 1
1105 182 1
1106 173 1
1107 91 1
1108 62 1
1109 51 1
1110 88 1
1111 3 1
1112 92 1
1113 34 1
1114 126 0
1115 91 1
1116 164 0
1117 168 1
1118 128 0
1119 135 1
1120 31 1
1121 43 1
1122 158 0
1123 27 1
1124 139 1
1125 120 0
1126 129 0
1127 64 0
1128 35 0
1129 70 0
1130 124 1
1131 48 1
1132 7 1
1133 127 0
1134 153 1
1135 8 0
1136 68 1
1137 64 1
1138 50 1
1139 122 1
1140 103 1
1141 92 0
1142 110 0
1143 77 1
1144 119 1
1145 103 1
1146 172 0
1147 88 1
1148 112 1
1149 58 1
1150 154 0
1151 126 1
1152 49 1
1153 124 1
1154 26 0
1155 153 0
1156 44 0
1157 37 0
1158 147 1
1159 164 0
1160 125 0
1161 66 0
1162 95 1
1163 32 1
1164 46 1
1165 148 1
1166 88 1
1167 98 0
1168 141 1
1169 102 1
1170 24 1
1171 161 1
1172 57 0
1173 88 1
1174 177 1
1175 147 1
1176 8 0
1177 88 1
1178 44 1
1179 54 1
1180 143 0
1181 155 1
1182 153 0
1183 113 1
1184 84 0
1185 69 0
1186 27 0
1187 42 0
1188 105 1
1189 33 1
1190 126 1
1191 72 1
1192 69 1
1193 169 1
1194 25 0
1195 69 1
1196 102 1
1197 143 1
1198 86 1
1199 157 1
1200 28 1
1201 24 0
1202 13 0
1203 140 1
1204 8 1
1205 144 1
1206 29 1
1207 13 0
1208 1 0
1209 76 1
1210 82 1
1211 58 1
1212 46 1
1213 115 0
1214 14 1
1215 47 0
1216 54 0
1217 98 0
1218 69 1
1219 117 1
1220 19 0
1221 76 1
1222 102 1
1223 11 0
1224 67 0
1225 113 1
1226 165 1
1227 9 1
1228 116 1
1229 19 0
1230 72 1
1231 106 1
1232 2 0
1233 126 1
1234 51 1
1235 13 1
1236 61 1
1237 51 0
1238 162 1
1239 62 1
1240 81 0
1241 123 1
1242 90 1
1243 133 1
1244 121 1
1245 82 1
1246 84 0
1247 65 1
1248 68 1
1249 158 1
1250 111 0
1251 122 1
1252 57 1
1253 132 1
1254 99 0
1255 6 1
1256 46 1
1257 103 1
1258 6 1
1259 20 0
1260 133 1
1261 66 1
1262 154 0
1263 116 1
1264 186 1
1265 18 0
1266 54 0
1267 147 1
1268 177 1
1269 76 0
1270 150 1
1271 12 1
1272 143 0
1273 78 1
1274 96 1
1275 142 1
1276 132 1
1277 123 0
1278 83 0
1279 184 0
1280 1 0
1281 55 0
1282 86 1
1283 100 1
1284 158 1
1285 95 1
1286 2 1
1287 61 1
1288 155 1
1289 39 1
1290 101 1
1291 37 1
1292 133 1
1293 7 1
1294 75 1
1295 162 0
1296 18 1
1297 184 1
1298 96 1
1299 112 1
1300 16 1
1301 118 0
1302 60 1
1303 96 1
1304 183 0
1305 23 1
1306 181 1
1307 6 1
1308 84 0
1309 139 0
1310 18 1
1311 167 0
1312 6 1
1313 73 1
1314 4 1
1315 100 1
1316 138 1
1317 91 0
1318 143 0
1319 157 1
1320 119 1
1321 99 1
1322 104 0
1323 34 1
1324 120 0
1325 91 1
1326 150 1
1327 38 1
1328 167 1
1329 3 1
1330 42 1
1331 56 1
1332 67 1
1333 54 1
1334 11 0
1335 24 1
1336 68 1
1337 174 1
1338 162 1
1339 105 0
1340 126 1
1341 164 1
1342 11 1
1343 178 0
1344 58 1
1345 26 1
1346 97 0
1347 76 1
1348 162 1
1349 118 1
1350 18 1
1351 116 1
1352 131 1
1353 70 0
1354 176 1
1355 131 1
1356 48 1
1357 15 1
1358 53 1
1359 102 1
1360 119 0
1361 8 1
1362 22 1
1363 57 0
1364 79 1
1365 103 1
1366 182 1
1367 183 0
1368 186 1
1369 162 1
1370 105 1
1371 101 1
1372 144 1
1373 77 0
1374 174 0
1375 174 1
1376 119 0
1377 185 1
1378 131 1
1379 2 0
1380 94 0
1381 120 1
1382 69 0
1383 146 1
1384 46 1
1385 54 1
1386 158 1
1387 49 1
1388 67 1
1389 56 1
1390 117 1
1391 22 0
1392 157 1
1393 173 1
1394 126 0
1395 55 1
1396 93 0
1397 53 1
1398 36 1
1399 162 1
1400 183 1
1401 165 1
1402 167 1
1403 80 0
1404 84 1
1405 152 1
1406 111 1
1407 113 1
1408 58 0
1409 44 0
1410 19 1
1411 29 1
1412 140 0
1413 139 0
1414 145 1
1415 122 0
1416 125 1
1417 38 1
1418 58 0
1419 14 1
1420 187 1
1421 20 1
1422 85 1
1423 122 1
1424 96 1
1425 72 1
1426 10 1
1427 160 0
1428 48 1
1429 70 0
1430 20 1
1431 11 0
1432 36 1
1433 113 0
1434 168 1
1435 168 1
1436 38 1
1437 89 0
1438 66 0
1439 130 1
1440 121 1
1441 22 0
1442 169 1
1443 26 1
1444 157 0
1445 87 0
1446 153 1
1447 66 1
1448 148 0
1449 95 1
1450 50 0
1451 159 0
1452 8 1
1453 143 0
1454 135 0
1455 169 0
1456 33 1
1457 64 0
1458 117 1
1459 95 0
1460 52 0
1461 127 1
1462 93 0
1463 19 1
1464 48 1
1465 45 0
1466 54 1
1467 187 0
1468 8 1
1469 1 1
1470 92 1
1471 144 1
1472 105 0
1473 3 0
1474 163 1
1475 104 0
1476 26 0
1477 165 1
1478 100 1
1479 37 1
1480 162 1
1481 179 1
1482 99 1
1483 144 1
1484 184 1
1485 183 1
1486 180 0
1487 10 1
1488 91 1
1489 184 1
1490 165 1
1491 26 1
1492 8 0
1493 54 0
1494 51 1
1495 1 1
1496 174 1
1497 107 1
1498 102 0
1499 56 1
1500 72 0
1501 171 1
1502 54 1
1503 94 1
1504 128 1
1505 145 1
1506 122 1
1507 40 1
1508 39 1
1509 171 1
1510 118 1
1511 48 1
1512 28 0
1513 53 1
1514 14 1
1515 92 0
1516 25 1
1517 83 1
1518 70 1
1519 157 1
1520 11 1
1521 47 0
1522 150 1
1523 128 1
1524 113 0
1525 91 0
1526 147 1
1527 11 1
1528 91 1
1529 49 1
1530 158 1
1531 5 1
1532 150 1
1533 6 1
1534 10 1
1535 94 1
1536 22 1
1537 19 1
1538 160 1
1539 105 1
1540 123 0
1541 181 1
1542 13 0
1543 122 1
1544 53 1
1545 22 1
1546 58 0
1547 18 1
1548 168 1
1549 104 0
1550 120 1
1551 63 0
1552 151 1
1553 59 0
1554 95 0
1555 4 1
1556 38 1
1557 165 1
1558 54 0
1559 87 1
1560 16 1
1561 130 0
1562 121 1
1563 26 1
1564 104 1
1565 143 1
1566 72 1
1567 112 0
1568 154 0
1569 22 1
1570 12 0
1571 143 0
1572 144 0
1573 33 1
1574 153 1
1575 169 0
1576 95 1
1577 175 1
1578 3 0
1579 62 1
1580 75 0
1581 8 0
1582 156 1
1583 114 0
1584 88 1
1585 115 1
1586 26 0
1587 83 1
1588 124 1
1589 44 0
1590 101 1
1591 2 0
1592 68 0
1593 157 1
1594 122 0
1595 163 1
1596 100 1
1597 20 1
1598 88 1
1599 123 1
1600 66 1
1601 20 1
1602 174 1
1603 7 0
1604 84 0
1605 131 1
1606 129 1
1607 126 1
1608 54 0
1609 133 1
1610 58 1
1611 169 1
1612 23 1
1613 159 0
1614 187 0
1615 31 0
1616 130 1
1617 89 1
1618 139 0
1619 90 1
1620 12 0
1621 153 0
1622 98 1
1623 82 1
1624 118 1
1625 124 0
1626 67 1
1627 10 1
1628 38 0
1629 66 1
1630 129 0
1631 34 1
1632 14 0
1633 51 1
1634 152 1
1635 121 1
1636 106 1
1637 117 1
1638 177 1
1639 152 0
1640 159 1
1641 27 1
1642 5 0
1643 61 0
1644 71 1
1645 132 1
1646 158 1
1647 135 1
1648 33 1
1649 69 1
1650 71 1
1651 93 0
1652 88 1
1653 57 0
1654 154 0
1655 48 0
1656 41 1
1657 95 0
1658 45 1
1659 141 1
1660 29 0
1661 181 0
1662 183 1
1663 103 1
1664 59 1
1665 78 1
1666 107 1
1667 172 1
1668 6 0
1669 137 1
1670 183 1
1671 29 1
1672 5 1
1673 135 1
1674 26 1
1675 30 0
1676 38 0
1677 174 0
1678 84 1
1679 114 1
1680 5 1
1681 137 0
1682 177 1
1683 52 1
1684 95 1
1685 20 0
1686 186 0
1687 178 1
1688 38 1
1689 105 0
1690 78 1
1691 51 1
1692 91 1
1693 81 0
1694 58 1
1695 62 0
1696 133 1
1697 176 0
1698 65 0
1699 169 0
1700 161 1
1701 114 1
1702 103 1
1703 27 0
1704 94 1
1705 70 1
1706 133 1
1707 100 0
1708 23 0
1709 144 1
1710 54 1
1711 145 1
1712 150 1
1713 53 1
1714 38 1
1715 52 1
1716 88 0
1717 104 1
1718 16 1
1719 128 1
1720 128 0
1721 147 0
1722 184 1
1723 42 1
1724 105 0
1725 100 1
1726 68 1
1727 90 1
1728 56 1
1729 111 1
1730 42 0
1731 38 1
1732 74 1
1733 117 1
1734 70 0
1735 65 0
1736 0 0
1737 16 0
1738 135 1
1739 15 1
1740 40 0
1741 24 1
1742 37 0
1743 3 0
1744 122 1
1745 120 0
1746 142 1
1747 38 1
1748 97 0
1749 171 1
1750 145 1
1751 109 0
1752 4 1
1753 73 0
1754 167 1
1755 124 1
1756 135 0
1757 180 1
1758 128 1
1759 10 1
1760 162 1
1761 159 1
1762 85 0
1763 76 0
1764 97 1
1765 93 0
1766 39 1
1767 131 1
1768 124 1
1769 47 1
1770 36 0
1771 175 1
1772 184 1
1773 20 1
1774 94 0
1775 119 0
1776 25 0
1777 48 1
1778 31 1
1779 36 0
1780 48 0
1781 46 1
1782 8 0
1783 183 1
1784 57 1
1785 99 1
1786 10 0
1787 129 1
1788 65 0
1789 63 1
1790 112 1
1791 92 1
1792 136 1
1793 60 1
1794 10 1
1795 160 1
1796 158 0
1797 78 1
1798 60 1
1799 162 0
1800 100 0
1801 75 1
1802 92 1
1803 49 1
1804 29 1
1805 62 0
1806 158 1
1807 24 1
1808 39 0
1809 137 1
1810 113 0
1811 108 0
1812 180 0
1813 114 1
1814 124 0
1815 33 0
1816 27 1
1817 79 1
1818 56 1
1819 21 1
1820 172 1
1821 160 1
1822 170 1
1823 112 1
1824 12 0
1825 71 1
1826 35 1
1827 74 1
1828 161 0
1829 11 1
1830 141 0
1831 187 0
1832 85 1
1833 32 0
1834 139 1
1835 92 0
1836 69 0
1837 62 1
1838 180 0
1839 72 1
1840 100 0
1841 62 1
1842 118 1
1843 95 1
1844 69 0
1845 54 0
1846 84 1
1847 55 1
1848 183 1
1849 175 1
1850 140 1
1851 54 1
1852 75 0
1853 4 1
1854 34 1
1855 4 0
1856 84 1
1857 83 1
1858 135 1
1859 159 1
1860 149 1
1861 22 1
1862 130 1
1863 79 1
1864 164 1
1865 124 1
1866 78 0
1867 2 1
1868 106 1
1869 85 1
1870 136 1
1871 87 1
1872 87 1
1873 31 1
1874 25 1
1875 102 0
1876 147 1
1877 84 0
1878 134 0
1879 147 1
1880 161 0
1881 24 1
1882 73 1
1883 69 1
1884 85 1
1885 63 1
1886 175 0
1887 118 1
1888 185 1
1889 161 1
1890 84 0
1891 129 0
1892 64 1
1893 185 1
1894 120 0
1895 174 1
1896 91 0
1897 129 0
1898 156 1
1899 19 1
1900 28 0
1901 19 1
1902 165 0
1903 21 1
1904 99 1
1905 117 1
1906 122 1
1907 158 1
1908 135 1
1909 9 1
1910 163 1
1911 25 1
1912 125 1
1913 162 1
1914 28 1
1915 80 1
1916 8 0
1917 3 1
1918 169 1
1919 80 1
1920 71 1
1921 7 0
1922 0 0
1923 3 1
1924 185 1
1925 135 1
1926 60 1
1927 159 1
1928 178 1
1929 24 1
1930 59 0
1931 6 1
1932 15 1
1933 172 1
1934 18 1
1935 8 1
1936 75 1
1937 26 1
1938 45 0
1939 143 1
1940 94 1
1941 66 0
1942 115 1
1943 85 0
1944 103 1
1945 56 0
1946 145 1
1947 161 1
1948 56 1
1949 21 1
1950 142 1
1951 95 0
1952 97 1
1953 89 0
1954 15 1
1955 48 0
1956 187 0
1957 128 0
1958 16 1
1959 153 1
1960 186 0
1961 145 1
1962 136 1
1963 168 0
1964 127 1
1965 131 0
1966 150 0
1967 95 0
1968 24 1
1969 65 1
1970 161 0
1971 81 0
1972 24 1
1973 19 1
1974 99 0
1975 91 1
1976 126 0
1977 105 0
1978 98 0
1979 131 0
1980 18 1
1981 171 1
1982 46 1
1983 92 0
1984 7 1
1985 110 1
1986 67 1
1987 73 1
1988 76 1
1989 131 0
1990 9 1
1991 137 1
1992 14 1
1993 141 1
1994 3 0
1995 13 1
1996 92 1
1997 173 1
1998 128 1
1999 20 0
2000 99 1
2001 100 1
2002 185 1
2003 1 1
2004 129 0
2005 113 1
2006 30 1
2007 17 1
2008 168 0
2009 20 1
2010 176 1
2011 56 1
2012 82 0
2013 150 1
2014 171 1
2015 142 1
2016 165 0
2017 112 0
2018 91 1
2019 100 0
2020 109 0
2021 171 1
2022 140 1
2023 115 0
2024 91 0
2025 156 1
2026 101 0
2027 23 1
2028 51 1
2029 2 1
2030 20 0
2031 169 1
2032 62 1
2033 23 0
2034 71 1
2035 185 0
2036 14 1
2037 132 1
2038 33 1
2039 139 0
2040 127 0
2041 68 0
2042 117 0
2043 87 0
2044 129 1
2045 14 1
2046 97 1
2047 78 1
2048 141 1
2049 124 0
2050 21 1
2051 136 0
2052 154 1
2053 54 0
2054 72 1
2055 176 1
2056 97 1
2057 103 1
2058 11 0
2059 6 0
2060 24 1
2061 101 1
2062 68 1
2063 93 1
2064 77 1
2065 97 0
2066 83 1
2067 186 0
2068 178 1
2069 101 0
2070 109 1
2071 125 0
2072 9 0
2073 165 0
2074 43 0
2075 161 1
2076 125 1
2077 120 0
2078 50 1
2079 79 0
2080 175 0
2081 158 1
2082 154 0
2083 172 1
2084 140 1
2085 139 0
2086 39 1
2087 132 1
2088 117 0
2089 2 1
2090 26 1
2091 91 1
2092 102 1
2093 88 0
2094 169 1
2095 144 1
2096 88 1
2097 91 0
2098 14 1
2099 131 0
2100 145 1
2101 12 0
2102 92 1
2103 166 1
2104 186 1
2105 166 1
2106 7 0
2107 175 1
2108 25 1
2109 127 0
2110 107 1
2111 27 1
2112 130 1
2113 114 0
2114 178 1
2115 95 1
2116 4 1
2117 184 1
2118 183 0
2119 102 1
2120 6 1
2121 18 1
2122 149 0
2123 56 1
2124 66 1
2125 46 1
2126 78 1
2127 45 0
2128 176 1
2129 29 1
2130 80 1
2131 45 0
2132 163 0
2133 45 1
2134 68 1
2135 84 1
2136 39 1
2137 89 0
2138 161 1
2139 40 1
2140 72 1
2141 76 0
2142 23 1
2143 35 0
2144 144 0
2145 109 1
2146 52 1
2147 174 1
2148 61 1
2149 49 1
2150 111 0
2151 136 1
2152 101 1
2153 135 1
2154 46 0
2155 165 1
2156 125 1
2157 13 0
2158 107 1
2159 24 0
2160 44 1
2161 152 1
2162 153 1
2163 55 1
2164 34 1
2165 19 0
2166 102 1
2167 159 1
2168 57 0
2169 21 0
2170 146 1
2171 154 1
2172 104 0
2173 29 1
2174 27 1
2175 138 1
2176 51 0
2177 99 0
2178 105 1
2179 94 1
2180 55 1
2181 28 0
2182 134 1
2183 173 0
2184 39 1
2185 159 1
2186 177 1
2187 133 1
2188 37 1
2189 48 1
2190 80 1
2191 0 1
2192 153 1
2193 12 0
2194 50 1
2195 22 0
2196 84 1
2197 75 0
2198 171 1
2199 86 1
2200 50 1
2201 3 0
2202 183 0
2203 64 1
2204 163 0
2205 150 0
2206 163 0
2207 119 1
2208 182 0
2209 63 1
2210 101 1
2211 82 1
2212 69 1
2213 80 1
2214 81 1
2215 58 1
2216 36 1
2217 103 0
2218 130 1
2219 116 1
2220 144 1
2221 93 1
2222 161 0
2223 112 0
2224 87 1
2225 64 1
2226 5 1
2227 51 1
2228 168 0
2229 178 1
2230 110 1
2231 58 0
2232 42 1
2233 161 1
2234 5 1
2235 22 1
2236 100 1
2237 13 1
2238 72 1
2239 161 0
2240 45 1
2241 25 0
2242 116 1
2243 177 1
2244 19 0
2245 23 1
2246 148 0
2247 139 1
2248 174 0
2249 106 0
2250 135 1
2251 6 1
2252 57 0
2253 53 1
2254 9 1
2255 33 0
2256 183 1
2257 156 1
2258 66 0
2259 73 1
2260 177 0
2261 79 0
2262 109 1
2263 71 1
2264 8 0
2265 71 1
2266 118 1
2267 54 1
2268 29 1
2269 49 0
2270 65 0
2271 144 0
2272 125 1
2273 157 0
2274 122 0
2275 141 1
2276 2 1
2277 180 1
2278 116 0
2279 70 1
2280 172 0
2281 63 1
2282 151 1
2283 22 0
2284 89 1
2285 150 0
2286 138 1
2287 79 1
2288 83 1
2289 10 1
2290 142 0
2291 128 1
2292 117 1
2293 119 1
2294 115 1
2295 153 0
2296 76 1
2297 134 1
2298 9 0
2299 152 1
2300 24 1
2301 185 0
2302 85 1
2303 169 0
2304 177 1
2305 185 1
2306 76 1
2307 140 0
2308 109 1
2309 34 0
2310 5 0
2311 67 1
2312 79 0
2313 173 0
2314 103 1
2315 119 1
2316 115 0
2317 154 1
2318 56 0
2319 112 1
2320 59 1
2321 41 0
2322 98 1
2323 124 1
2324 116 0
2325 175 1
2326 89 0
2327 187 0
2328 1 1
2329 1 1
2330 173 0
2331 95 1
2332 168 0
2333 165 0
2334 129 0
2335 14 1
2336 131 1
2337 120 1
2338 32 0
2339 181 0
2340 147 1
2341 134 1
2342 156 1
2343 81 1
2344 170 1
2345 125 0
2346 66 1
2347 1 1
2348 26 0
2349 14 1
2350 0 1
2351 19 1
2352 67 1
2353 106 1
2354 128 0
2355 112 0
2356 132 0
2357 187 1
2358 56 1
2359 1 1
2360 26 0
2361 127 0
2362 23 1
2363 70 0
2364 158 1
2365 68 0
2366 165 1
2367 35 0
2368 91 1
2369 8 1
2370 172 1
2371 170 0
2372 43 0
2373 149 1
2374 182 0
2375 2 1
2376 73 0
2377 113 1
2378 121 1
2379 9 1
2380 12 1
2381 183 0
2382 29 1
2383 19 1
2384 35 0
2385 15 1
2386 12 0
2387 0 1
2388 98 1
2389 18 1
2390 165 1
2391 113 0
2392 82 1
2393 11 0
2394 153 0
2395 40 0
2396 30 1
2397 140 1
2398 117 1
2399 43 1
2400 50 1
2401 103 0
2402 175 1
2403 169 1
2404 186 1
2405 178 0
2406 21 1
2407 77 0
2408 5 1
2409 51 1
2410 41 1
2411 0 1
2412 178 1
2413 62 1
2414 163 1
2415 71 0
2416 95 0
2417 20 1
2418 23 0
2419 99 0
2420 122 0
2421 116 1
2422 124 1
2423 110 0
2424 26 0
2425 32 1
2426 185 1
2427 138 1
2428 37 1
2429 95 1
2430 169 0
2431 158 1
2432 18 0
2433 22 1
2434 113 0
2435 62 0
2436 75 1
2437 54 1
2438 47 1
2439 5 1
2440 70 1
2441 140 0
2442 121 1
2443 176 0
2444 86 1
2445 171 1
2446 114 1
2447 7 1
2448 64 1
2449 173 1
2450 15 1
2451 88 1
2452 89 1
2453 153 1
2454 51 1
2455 22 1
2456 127 1
2457 1 1
2458 49 0
2459 31 1
2460 5 1
2461 135 1
2462 20 1
2463 184 1
2464 36 0
2465 58 1
2466 81 1
2467 5 1
2468 33 1
2469 51 1
2470 129 1
2471 17 0
2472 101 1
2473 130 1
2474 60 1
2475 30 1
2476 160 1
2477 49 1
2478 53 1
2479 128 0
2480 146 0
2481 125 1
2482 77 0
2483 142 1
2484 33 1
2485 126 0
2486 11 1
2487 164 1
2488 26 0
2489 127 0
2490 131 0
2491 16 1
2492 67 0
2493 147 1
2494 42 0
2495 74 1
2496 18 0
2497 160 1
2498 73 1
2499 137 1
2500 52 0
2501 134 1
2502 151 1
2503 160 1
2504 148 1
2505 128 1
2506 0 0
2507 179 1
2508 74 1
2509 120 1
2510 38 1
2511 50 1
2512 69 1
2513 84 0
2514 69 1
2515 114 1
2516 41 1
2517 116 0
2518 102 0
2519 114 1
2520 119 1
2521 137 1
2522 63 1
2523 120 1
2524 79 1
2525 187 1
2526 43 0
2527 38 1
2528 123 1
2529 119 0
2530 21 0
2531 125 0
2532 37 1
2533 119 1
2534 6 1
2535 133 1
2536 151 1
2537 178 1
2538 23 1
2539 29 0
2540 26 1
2541 84 1
2542 129 1
2543 114 1
2544 109 1
2545 1 0
2546 23 1
2547 57 0
2548 164 0
2549 12 1
2550 153 1
2551 41 1
2552 92 0
2553 127 0
2554 5 1
2555 150 1
2556 48 0
2557 33 0
2558 101 1
2559 106 1
2560 124 1
2561 17 1
2562 97 1
2563 140 0
2564 182 1
2565 57 1
2566 161 1
2567 59 0
2568 61 1
2569 114 1
2570 87 1
2571 29 0
2572 55 1
2573 177 1
2574 73 1
2575 42 1
2576 134 1
2577 89 1
2578 185 0
2579 50 1
2580 57 1
2581 122 1
2582 137 1
2583 149 1
2584 113 1
2585 128 1
2586 83 1
2587 12 1
2588 16 1
2589 90 0
2590 29 1
2591 151 1
2592 124 1
2593 140 0
2594 146 0
2595 165 0
2596 41 0
2597 99 1
2598 26 1
2599 172 0
2600 67 1
2601 15 0
2602 65 1
2603 153 0
2604 30 1
2605 103 1
2606 120 1
2607 155 1
2608 51 1
2609 43 0
2610 161 0
2611 146 1
2612 52 0
2613 56 1
2614 49 0
2615 81 0
2616 84 0
2617 130 1
2618 57 1
2619 43 0
2620 15 0
2621 10 1
2622 145 1
2623 176 1
2624 137 1
2625 138 0
2626 104 0
2627 57 0
2628 17 1
2629 99 0
2630 86 1
2631 46 1
2632 141 1
2633 65 1
2634 68 0
2635 149 0
2636 119 1
2637 83 1
2638 70 0
2639 136 1
2640 35 1
2641 182 0
2642 167 1
2643 159 1
2644 30 1
2645 183 1
2646 183 1
2647 31 1
2648 83 1
2649 79 0
2650 69 1
2651 99 0
2652 132 1
2653 128 1
2654 185 0
2655 86 0
2656 147 1
2657 35 1
2658 64 1
2659 56 0
2660 77 0
2661 143 1
2662 145 0
2663 73 1
2664 135 1
2665 56 1
2666 56 1
2667 68 1
2668 81 0
2669 135 1
2670 68 1
2671 43 1
2672 46 0
2673 87 1
2674 85 0
2675 69 1
2676 58 1
2677 31 1
2678 182 1
2679 108 0
2680 120 0
2681 9 1
2682 183 1
2683 110 1
2684 17 0
2685 19 1
2686 143 0
2687 166 1
2688 4 1
2689 95 1
2690 140 1
2691 117 1
2692 172 0
2693 146 1
2694 117 1
2695 40 1
2696 27 0
2697 90 0
2698 59 1
2699 151 1
2700 122 0
2701 27 1
2702 96 0
2703 130 0
2704 70 1
2705 123 1
2706 66 1
2707 84 0
2708 132 0
2709 29 0
2710 162 0
2711 43 0
2712 172 1
2713 76 1
2714 10 0
2715 52 1
2716 74 1
2717 73 0
2718 16 1
2719 16 1
2720 104 0
2721 160 1
2722 3 1
2723 153 1
2724 152 1
2725 61 1
2726 116 1
2727 179 0
2728 101 1
2729 76 1
2730 160 0
2731 107 0
2732 72 1
2733 81 1
2734 59 1
2735 39 1
2736 48 1
2737 78 1
2738 120 1
2739 171 1
2740 90 1
2741 142 0
2742 12 0
2743 51 1
2744 134 0
2745 89 1
2746 187 1
2747 84 0
2748 121 1
2749 92 1
2750 7 1
2751 88 1
2752 6 0
2753 39 1
2754 74 1
2755 23 0
2756 186 1
2757 115 1
2758 44 1
2759 176 1
2760 37 1
2761 28 0
2762 17 1
2763 160 0
2764 142 1
2765 183 1
2766 59 1
2767 138 0
2768 46 1
2769 4 1
2770 132 1
2771 29 1
2772 58 1
2773 5 1
2774 174 0
2775 144 1
2776 122 1
2777 44 1
2778 28 1
2779 74 0
2780 12 1
2781 185 1
2782 84 0
2783 68 1
2784 56 1
2785 184 0
2786 85 1
2787 183 1
2788 154 1
2789 109 1
2790 165 1
2791 28 1
2792 169 0
2793 34 1
2794 20 1
2795 44 1
2796 177 1
2797 155 0
2798 108 0
2799 69 1
2800 160 1
2801 97 1
2802 74 0
2803 64 0
2804 144 0
2805 113 1
2806 170 1
2807 84 1
2808 77 1
2809 25 1
2810 39 1
2811 61 1
2812 43 1
2813 87 1
2814 115 1
2815 60 1
2816 85 0
2817 9 1
2818 182 1
2819 12 1
2820 179 1
2821 124 0
2822 62 1
2823 177 0
2824 140 1
2825 168 0
2826 16 1
2827 140 1
2828 121 0
2829 142 0
2830 127 1
2831 0 0
2832 173 0
2833 116 0
2834 16 1
2835 170 1
2836 117 0
2837 101 1
2838 60 1
2839 62 1
2840 105 0
2841 3 0
2842 15 0
2843 112 1
2844 47 1
2845 48 1
2846 14 1
2847 63 0
2848 59 1
2849 150 1
2850 51 1
2851 14 1
2852 172 1
2853 91 1
2854 139 0
2855 176 1
2856 127 1
2857 42 1
2858 187 1
2859 22 1
2860 85 1
2861 86 1
2862 52 1
2863 150 1
2864 73 1
2865 118 1
2866 178 1
2867 37 1
2868 112 1
2869 70 1
2870 26 1
2871 172 0
2872 101 1
2873 40 1
2874 44 1
2875 12 1
2876 185 1
2877 161 0
2878 111 0
2879 92 0
2880 101 1
2881 121 1
2882 19 1
2883 117 1
2884 150 1
2885 127 1
2886 177 1
2887 6 1
2888 69 1
2889 123 1
2890 160 0
2891 175 1
2892 97 1
2893 19 1
2894 69 0
2895 137 0
2896 186 1
2897 73 0
2898 92 0
2899 149 1
2900 53 0
2901 163 0
2902 131 1
2903 184 1
2904 147 1
2905 177 1
2906 187 0
2907 142 1
2908 110 0
2909 170 1
2910 137 1
2911 161 1
2912 122 1
2913 153 1
2914 100 1
2915 133 0
2916 66 1
2917 59 1
2918 22 1
2919 73 0
2920 107 1
2921 86 1
2922 24 1
2923 68 0
2924 133 1
2925 57 0
2926 169 1
2927 31 1
2928 128 0
2929 182 1
2930 163 1
2931 57 0
2932 168 0
2933 171 0
2934 103 1
2935 157 1
2936 103 0
2937 62 0
2938 27 1
2939 5 1
2940 112 1
2941 175 1
2942 24 1
2943 61 1
2944 67 1
2945 176 1
2946 46 0
2947 15 1
2948 25 1
2949 14 1
2950 39 0
2951 84 1
2952 158 1
2953 14 1
2954 20 1
2955 89 0
2956 82 1
2957 157 0
2958 147 0
2959 55 1
2960 137 0
2961 0 0
2962 21 1
2963 75 1
2964 66 1
2965 39 1
2966 4 0
2967 180 0
2968 133 1
2969 23 0
2970 145 1
2971 149 0
2972 53 0
2973 10 1
2974 81 0
2975 159 1
2976 40 1
2977 79 1
2978 108 1
2979 92 1
2980 107 1
2981 144 1
2982 187 1
2983 17 1
2984 6 1
2985 150 1
2986 16 1
2987 123 1
2988 162 1
2989 15 1
2990 62 1
2991 139 1
2992 146 1
2993 28 1
2994 48 1
2995 37 1
2996 183 1
2997 10 1
2998 181 1
2999 179 1
3000 119 1
3001 82 1
3002 64 1
3003 137 0
3004 14 1
3005 147 1
3006 139 1
3007 179 1
3008 60 0
3009 148 1
3010 71 0
3011 7 1
3012 110 1
3013 181 1
3014 96 0
3015 154 1
3016 57 1
3017 94 0
3018 186 0
3019 24 1
3020 128 0
3021 89 1
3022 13 1
3023 41 0
3024 151 0
3025 45 0
3026 186 1
3027 152 1
3028 121 0
3029 75 1
3030 181 1
3031 108 0
3032 89 0
3033 36 1
3034 111 0
3035 32 0
3036 164 0
3037 63 0
3038 185 1
3039 183 1
3040 105 1
3041 46 0
3042 145 0
3043 75 0
3044 88 1
3045 160 1
3046 3 1
3047 64 1
3048 147 0
3049 44 1
3050 160 1
3051 54 0
3052 61 1
3053 58 1
3054 33 1
3055 70 0
3056 25 1
3057 105 1
3058 58 1
3059 181 1
3060 74 1
3061 160 1
3062 165 1
3063 33 1
3064 68 1
3065 7 1
3066 17 1
3067 41 0
3068 110 0
3069 0 1
3070 84 1
3071 145 1
3072 186 1
3073 92 1
3074 106 1
3075 67 0
3076 170 1
3077 1 0
3078 7 1
3079 16 0
3080 44 0
3081 168 1
3082 137 1
3083 4 0
3084 52 0
3085 67 0
3086 7 1
3087 57 0
3088 139 1
3089 115 1
3090 98 1
3091 170 1
3092 154 0
3093 92 1
3094 71 1
3095 101 0
3096 184 0
3097 41 1
3098 34 1
3099 126 0
3100 171 1
3101 34 1
3102 82 1
3103 48 1
3104 105 0
3105 24 1
3106 90 0
3107 148 1
3108 42 0
3109 149 0
3110 92 0
3111 93 1
3112 75 0
3113 87 1
3114 112 1
3115 127 1
3116 82 1
3117 18 1
3118 185 1
3119 11 1
3120 162 1
3121 49 1
3122 93 1
3123 52 1
3124 181 1
3125 113 0
3126 8 0
3127 39 0
3128 85 0
3129 57 0
3130 15 0
3131 37 1
3132 90 1
3133 74 1
3134 173 1
3135 121 0
3136 172 1
3137 143 1
3138 44 0
3139 78 0
3140 141 1
3141 175 1
3142 74 1
3143 164 1
3144 16 1
3145 100 0
3146 150 0
3147 61 1
3148 124 0
3149 139 1
3150 85 0
3151 1 0
3152 38 1
3153 11 1
3154 84 1
3155 172 1
3156 25 0
3157 118 1
3158 50 1
3159 2 1
3160 60 1
3161 150 1
3162 52 0
3163 74 0
3164 90 1
3165 82 1
3166 81 1
3167 177 1
3168 161 0
3169 66 0
3170 90 1
3171 147 0
3172 142 0
3173 78 1
3174 172 1
3175 122 1
3176 114 1
3177 119 1
3178 107 1
3179 139 1
3180 15 0
3181 185 0
3182 117 0
3183 81 1
3184 107 0
3185 132 1
3186 10 1
3187 176 1
3188 168 1
3189 88 1
3190 10 1
3191 182 1
3192 39 1
3193 35 1
3194 51 1
3195 88 1
3196 19 1
3197 28 0
3198 124 1
3199 23 1
3200 68 1
3201 104 1
3202 178 0
3203 94 1
3204 22 1
3205 176 1
3206 69 0
3207 157 1
3208 27 1
3209 118 0
3210 178 0
3211 10 0
3212 157 1
3213 10 0
3214 79 0
3215 1 1
3216 121 1
3217 90 1
3218 130 0
3219 15 1
3220 111 1
3221 185 1
3222 37 1
3223 152 1
3224 90 1
3225 75 1
3226 33 0
3227 141 0
3228 55 0
3229 148 1
3230 50 1
3231 146 1
3232 186 1
3233 147 0
3234 164 1
3235 25 1
3236 29 0
3237 131 1
3238 40 1
3239 63 1
3240 178 1
3241 74 1
3242 88 0
3243 146 0
3244 43 1
3245 142 1
3246 187 1
3247 129 1
3248 80 1
3249 58 1
3250 183 0
3251 8 1
3252 37 1
3253 143 1
3254 167 0
3255 139 0
3256 88 1
3257 44 1
3258 172 1
3259 64 0
3260 40 1
3261 173 0
3262 50 0
3263 157 1
3264 15 1
3265 118 0
3266 42 1
3267 86 1
3268 10 0
3269 20 1
3270 179 1
3271 78 1
3272 48 1
3273 0 1
3274 57 1
3275 112 1
3276 14 1
3277 69 0
3278 144 1
3279 126 0
3280 185 1
3281 153 0
3282 115 1
3283 170 1
3284 145 1
3285 46 1
3286 25 1
3287 149 0
3288 179 0
3289 157 1
3290 26 1
3291 9 0
3292 44 0
3293 37 0
3294 168 1
3295 24 1
3296 152 1
3297 136 1
3298 93 1
3299 137 0
3300 172 0
3301 120 1
3302 52 1
3303 134 1
3304 42 1
3305 75 1
3306 50 0
3307 161 1
3308 27 1
3309 26 0
3310 173 0
3311 105 1
3312 92 1
3313 30 0
3314 36 1
3315 168 1
3316 27 0
3317 82 0
3318 113 0
3319 175 0
3320 65 1
3321 20 1
3322 12 1
3323 141 1
3324 3 0
3325 47 1
3326 82 1
3327 127 1
3328 139 1
3329 35 1
3330 120 1
3331 128 1
3332 168 1
3333 160 1
3334 172 0
3335 46 1
3336 74 0
3337 96 1
3338 60 1
3339 58 0
3340 28 1
3341 172 1
3342 2 0
3343 148 0
3344 64 1
3345 181 1
3346 64 1
3347 145 1
3348 76 1
3349 122 1
3350 128 1
3351 161 1
3352 47 0
3353 33 1
3354 118 0
3355 102 1
3356 129 1
3357 53 0
3358 62 1
3359 137 0
3360 62 1
3361 124 1
3362 183 1
3363 34 0
3364 62 0
3365 184 1
3366 69 0
3367 137 1
3368 159 1
3369 87 1
3370 6 0
3371 101 0
3372 141 1
3373 131 1
3374 100 0
3375 74 1
3376 22 1
3377 32 0
3378 143 0
3379 21 1
3380 156 0
3381 20 1
3382 40 0
3383 86 1
3384 72 0
3385 33 1
3386 107 0
3387 78 1
3388 153 0
3389 8 1
3390 33 1
3391 160 1
3392 25 1
3393 125 1
3394 123 1
3395 186 1
3396 28 1
3397 61 1
3398 39 1
3399 12 1
3400 184 0
3401 55 1
3402 44 1
3403 96 1
3404 19 0
3405 6 1
3406 119 1
3407 160 1
3408 35 1
3409 124 1
3410 175 1
3411 182 0
3412 4 1
3413 136 1
3414 66 1
3415 20 1
3416 58 1
3417 98 0
3418 4 0
3419 163 0
3420 43 0
3421 128 1
3422 12 1
3423 50 0
3424 129 0
3425 137 1
3426 161 0
3427 116 1
3428 118 1
3429 142 1
3430 77 1
3431 179 1
3432 101 1
3433 101 0
3434 148 1
3435 61 1
3436 178 0
3437 98 1
3438 153 0
3439 169 1
3440 0 0
3441 6 1
3442 182 1
3443 71 1
3444 120 0
3445 161 1
3446 51 1
3447 77 1
3448 105 1
3449 122 1
3450 187 1
3451 2 1
3452 48 1
3453 111 0
3454 113 1
3455 159 0
3456 142 1
3457 19 1
3458 32 1
3459 113 1
3460 168 1
3461 26 1
3462 170 0
3463 48 0
3464 145 0
3465 85 1
3466 29 1
3467 185 0
3468 52 0
3469 74 0
3470 64 1
3471 23 0
3472 142 1
3473 19 0
3474 64 1
3475 123 1
3476 150 0
3477 8 1
3478 48 1
3479 84 0
3480 90 1
3481 14 1
3482 121 0
3483 60 1
3484 172 1
3485 82 1
3486 111 0
3487 0 0
3488 11 1
3489 36 1
3490 16 1
3491 120 1
3492 173 1
3493 163 0
3494 48 0
3495 160 1
3496 24 1
3497 1 1
3498 50 1
3499 182 1
3500 59 0
3501 84 0
3502 46 1
3503 32 0
3504 87 0
3505 66 1
3506 160 1
3507 134 1
3508 179 1
3509 112 1
3510 32 0
3511 110 1
3512 2 0
3513 134 1
3514 37 1
3515 20 1
3516 69 1
3517 131 0
3518 172 1
3519 106 1
3520 163 1
3521 107 1
3522 102 1
3523 26 1
3524 94 1
3525 65 1
3526 154 0
3527 46 1
3528 30 1
3529 73 1
3530 173 1
3531 96 0
3532 181 0
3533 170 0
3534 134 1
3535 169 1
3536 4 1
3537 177 0
3538 5 1
3539 12 1
3540 17 0
3541 21 1
3542 184 1
3543 4 1
3544 180 0
3545 94 1
3546 35 1
3547 151 1
3548 161 0
3549 126 1
3550 86 0
3551 81 1
3552 59 1
3553 10 1
3554 138 1
3555 27 1
3556 152 1
3557 71 0
3558 115 1
3559 107 1
3560 84 0
3561 136 0
3562 136 1
3563 80 1
3564 98 0
3565 13 0
3566 57 1
3567 87 1
3568 97 1
3569 180 0
3570 172 0
3571 134 0
3572 67 1
3573 28 0
3574 92 1
3575 154 1
3576 82 1
3577 40 0
3578 66 1
3579 124 1
3580 70 1
3581 161 1
3582 164 1
3583 55 1
3584 22 1
3585 52 1
3586 118 0
3587 74 1
3588 136 1
3589 44 0
3590 170 0
3591 150 1
3592 164 1
3593 147 1
3594 175 0
3595 139 0
3596 153 0
3597 185 1
3598 105 1
3599 135 0
3600 32 1
3601 65 1
3602 119 1
3603 12 1
3604 105 1
3605 40 0
3606 186 0
3607 16 1
3608 177 1
3609 69 1
3610 111 1
3611 153 0
3612 65 0
3613 70 1
3614 135 1
3615 41 0
3616 138 1
3617 181 1
3618 177 0
3619 0 0
3620 61 0
3621 47 1
3622 27 1
3623 18 1
3624 91 0
3625 112 0
3626 40 1
3627 142 1
3628 40 0
3629 20 0
3630 163 1
3631 18 1
3632 32 0
3633 166 0
3634 137 1
3635 169 1
3636 71 1
3637 54 0
3638 23 0
3639 167 1
3640 92 0
3641 180 1
3642 170 1
3643 102 1
3644 92 1
3645 182 0
3646 169 1
3647 164 0
3648 144 0
3649 87 1
3650 172 1
3651 157 0
3652 148 1
3653 19 0
3654 28 1
3655 150 1
3656 22 0
3657 116 1
3658 22 1
3659 11 1
3660 138 1
3661 45 0
3662 137 1
3663 64 0
3664 95 1
3665 120 1
3666 152 0
3667 187 1
3668 44 1
3669 29 1
3670 69 1
3671 124 1
3672 66 0
3673 148 0
3674 136 1
3675 14 1
3676 96 1
3677 137 1
3678 12 0
3679 71 0
3680 97 0
3681 51 1
3682 144 1
3683 107 1
3684 121 0
3685 73 1
3686 59 1
3687 145 1
3688 115 0
3689 146 1
3690 8 1
3691 81 1
3692 84 0
3693 14 0
3694 163 0
3695 68 0
3696 141 1
3697 67 0
3698 154 0
3699 30 1
3700 54 1
3701 141 0
3702 166 0
3703 103 1
3704 136 1
3705 88 1
3706 87 1
3707 113 1
3708 131 1
3709 132 0
3710 76 1
3711 179 1
3712 184 0
3713 59 0
3714 44 1
3715 169 0
3716 177 0
3717 8 1
3718 153 1
3719 180 0
3720 37 1
3721 177 1
3722 181 1
3723 108 0
3724 93 1
3725 43 0
3726 185 1
3727 131 0
3728 25 1
3729 8 1
3730 76 0
3731 32 1
3732 164 1
3733 33 1
3734 15 1
3735 162 1
3736 158 0
3737 177 1
3738 118 1
3739 20 0
3740 14 0
3741 6 1
3742 29 0
3743 57 1
3744 4 0
3745 176 1
3746 108 1
3747 145 0
3748 112 1
3749 146 1
3750 0 1
3751 180 1
3752 16 1
3753 53 1
3754 11 1
3755 91 1
3756 136 0
3757 157 0
3758 98 1
3759 84 1
3760 144 0
3761 46 1
3762 24 1
3763 81 1
3764 46 1
3765 76 0
3766 91 1
3767 136 0
3768 170 1
3769 175 0
3770 75 1
3771 71 0
3772 39 1
3773 174 1
3774 119 1
3775 104 1
3776 75 1
3777 72 1
3778 86 1
3779 168 1
3780 124 1
3781 43 1
3782 176 1
3783 187 1
3784 114 1
3785 17 1
3786 116 1
3787 77 1
3788 181 1
3789 37 1
3790 66 1
3791 119 1
3792 35 1
3793 52 1
3794 20 1
3795 119 1
3796 140 1
3797 156 1
3798 86 1
3799 32 1
3800 74 1
3801 66 0
3802 69 0
3803 90 1
3804 139 1
3805 106 0
3806 12 0
3807 158 1
3808 25 1
3809 33 1
3810 107 0
3811 54 1
3812 127 1
3813 120 0
3814 110 1
3815 90 1
3816 133 1
3817 118 1
3818 43 0
3819 9 1
3820 11 1
3821 131 0
3822 138 1
3823 123 1
3824 176 1
3825 141 1
3826 121 0
3827 18 0
3828 150 1
3829 69 1
3830 35 1
3831 0 1
3832 59 1
3833 116 0
3834 3 1
3835 29 0
3836 105 0
3837 90 1
3838 74 1
3839 151 0
3840 114 1
3841 21 1
3842 44 1
3843 159 0
3844 111 0
3845 11 0
3846 132 1
3847 127 0
3848 183 0
3849 106 0
3850 113 1
3851 133 1
3852 41 1
3853 138 1
3854 181 1
3855 42 0
3856 137 0
3857 18 1
3858 35 1
3859 53 1
3860 150 1
3861 105 1
3862 128 0
3863 29 1
3864 152 1
3865 54 1
3866 136 1
3867 159 1
3868 87 1
3869 36 0
3870 74 1
3871 120 1
3872 74 1
3873 70 1
3874 60 1
3875 68 0
3876 51 1
3877 168 1
3878 81 1
3879 115 1
3880 10 0
3881 54 1
3882 101 1
3883 67 1
3884 187 0
3885 13 0
3886 114 1
3887 150 1
3888 137 1
3889 41 1
3890 19 1
3891 16 0
3892 146 0
3893 182 1
3894 58 0
3895 17 0
3896 143 0
3897 78 1
3898 30 1
3899 109 1
3900 113 1
3901 155 0
3902 120 1
3903 91 1
3904 81 0
3905 63 1
3906 106 0
3907 155 0
3908 127 1
3909 36 1
3910 123 1
3911 118 0
3912 58 0
3913 187 0
3914 18 0
3915 101 0
3916 95 1
3917 34 1
3918 118 1
3919 81 0
3920 122 1
3921 164 1
3922 155 0
3923 36 1
3924 25 0
3925 24 0
3926 59 1
3927 91 1
3928 84 0
3929 1 0
3930 63 1
3931 166 1
3932 171 1
3933 118 1
3934 2 1
3935 46 0
3936 87 0
3937 28 1
3938 18 1
3939 12 1
3940 1 1
3941 55 1
3942 44 0
3943 41 1
3944 170 0
3945 162 0
3946 145 0
3947 136 1
3948 17 1
3949 162 1
3950 129 1
3951 7 1
3952 95 0
3953 134 0
3954 31 0
3955 20 1
3956 47 0
3957 25 1
3958 154 1
3959 83 1
3960 41 1
3961 46 0
3962 62 1
3963 59 1
3964 112 0
3965 150 1
3966 106 0
3967 13 1
3968 124 1
3969 178 1
3970 37 1
3971 53 1
3972 137 0
3973 40 0
3974 9 1
3975 172 1
3976 114 0
3977 169 1
3978 76 1
3979 0 0
3980 126 0
3981 53 1
3982 52 0
3983 109 1
3984 145 1
3985 128 1
3986 41 1
3987 132 1
3988 124 1
3989 26 1
3990 40 1
3991 184 1
3992 93 1
3993 143 1
3994 70 1
3995 170 1
3996 37 0
3997 52 1
3998 154 0
3999 62 1
4000 4 0
4001 91 0
4002 116 1
4003 88 1
4004 71 0
4005 185 0
4006 177 1
4007 78 1
4008 144 0
4009 117 1
4010 40 0
4011 35 0
4012 119 0
4013 151 0
4014 113 1
4015 62 0
4016 28 0
4017 147 1
4018 120 1
4019 128 0
4020 25 0
4021 115 0
4022 171 1
4023 150 1
4024 91 1
4025 86 0
4026 42 1
4027 6 1
4028 72 1
4029 180 1
4030 183 1
4031 167 0
4032 19 0
4033 99 1
4034 105 1
4035 74 1
4036 28 1
4037 77 0
4038 60 1
4039 3 1
4040 102 1
4041 147 1
4042 142 1
4043 171 1
4044 123 0
4045 144 1
4046 149 0
4047 5 1
4048 61 1
4049 171 1
4050 7 1
4051 41 0
4052 179 0
4053 99 0
4054 142 0
4055 135 1
4056 124 1
4057 65 1
4058 180 1
4059 38 0
4060 143 0
4061 97 1
4062 118 0
4063 68 1
4064 138 1
4065 22 0
4066 109 1
4067 112 1
4068 165 0
4069 84 0
4070 59 0
4071 40 0
4072 57 1
4073 6 1
4074 86 1
4075 28 0
4076 39 1
4077 130 1
4078 39 1
4079 132 0
4080 62 1
4081 66 1
4082 81 1
4083 135 1
4084 135 1
4085 42 1
4086 114 0
4087 1 1
4088 120 1
4089 85 0
4090 172 1
4091 111 0
4092 103 0
4093 44 0
4094 184 1
4095 184 1
4096 75 0
4097 93 1
4098 174 1
4099 80 1
4100 124 1
4101 127 0
4102 69 1
4103 86 0
4104 0 1
4105 71 1
4106 150 1
4107 128 1
4108 100 1
4109 140 1
4110 94 1
4111 86 1
4112 132 1
4113 2 1
4114 83 1
4115 171 0
4116 69 0
4117 122 1
4118 102 1
4119 3 0
4120 124 1
4121 20 1
4122 120 0
4123 84 1
4124 65 0
4125 60 1
4126 105 1
4127 5 1
4128 69 0
4129 99 1
4130 142 1
4131 104 1
4132 124 1
4133 25 0
4134 59 0
4135 74 1
4136 34 1
4137 134 0
4138 106 1
4139 119 1
4140 118 1
4141 7 1
4142 138 1
4143 137 1
4144 72 1
4145 104 0
4146 63 1
4147 101 0
4148 179 0
4149 159 0
4150 18 1
4151 98 1
4152 3 1
4153 70 1
4154 126 1
4155 145 1
4156 113 1
4157 144 1
4158 29 1
4159 66 1
4160 75 0
4161 179 1
4162 124 1
4163 138 0
4164 14 1
4165 98 0
4166 18 1
4167 68 1
4168 104 0
4169 63 1
4170 4 1
4171 150 1
4172 37 1
4173 44 1
4174 133 1
4175 32 1
4176 26 0
4177 158 1
4178 100 1
4179 9 0
4180 14 0
4181 11 0
4182 99 0
4183 174 1
4184 151 0
4185 109 1
4186 122 1
4187 17 1
4188 111 1
4189 90 1
4190 36 0
4191 76 0
4192 11 1
4193 76 1
4194 139 0
4195 90 0
4196 57 1
4197 187 0
4198 46 1
4199 104 1
4200 87 0
4201 96 0
4202 98 0
4203 112 1
4204 39 1
4205 9 0
4206 2 1
4207 70 0
4208 115 0
4209 176 1
4210 96 1
4211 153 0
4212 165 1
4213 55 1
4214 1 0
4215 152 1
4216 117 0
4217 41 0
4218 106 1
4219 100 1
4220 33 1
4221 152 1
4222 58 0
4223 168 1
4224 45 1
4225 173 1
4226 99 1
4227 107 1
4228 34 1
4229 99 1
4230 66 1
4231 176 1
4232 56 1
4233 75 1
4234 47 1
4235 51 1
4236 29 0
4237 47 1
4238 102 1
4239 5 1
4240 48 1
4241 100 1
4242 128 1
4243 156 1
4244 46 1
4245 182 1
4246 183 0
4247 160 1
4248 131 0
4249 145 0
4250 154 1
4251 123 1
4252 75 1
4253 83 1
4254 62 1
4255 68 1
4256 79 1
4257 2 1
4258 53 1
4259 166 1
4260 157 0
4261 8 1
4262 74 1
4263 67 1
4264 147 1
4265 60 1
4266 84 0
4267 41 1
4268 31 1
4269 81 1
4270 144 0
4271 68 1
4272 183 1
4273 39 1
4274 160 0
4275 11 0
4276 109 0
4277 146 0
4278 119 1
4279 132 0
4280 170 0
4281 56 1
4282 53 1
4283 90 1
4284 153 0
4285 161 1
4286 186 1
4287 9 0
4288 43 1
4289 161 0
4290 65 0
4291 77 1
4292 124 1
4293 101 0
4294 180 1
4295 186 1
4296 102 1
4297 161 1
4298 15 1
4299 35 1
4300 167 1
4301 21 0
4302 170 1
4303 90 0
4304 78 0
4305 41 1
4306 100 1
4307 181 0
4308 85 0
4309 143 1
4310 4 1
4311 172 1
4312 59 1
4313 126 1
4314 141 1
4315 174 1
4316 102 0
4317 150 0
4318 158 1
4319 111 1
4320 168 0
4321 56 1
4322 135 1
4323 48 0
4324 76 1
4325 162 0
4326 77 1
4327 119 1
4328 36 1
4329 143 1
4330 82 1
4331 162 1
4332 69 1
4333 82 1
4334 108 0
4335 21 1
4336 21 0
4337 100 1
4338 59 1
4339 53 1
4340 16 1
4341 148 0
4342 174 1
4343 161 0
4344 120 1
4345 64 1
4346 178 0
4347 12 0
4348 94 0
4349 99 0
4350 151 0
4351 35 1
4352 130 1
4353 5 1
4354 148 0
4355 69 0
4356 85 1
4357 1 1
4358 93 0
4359 147 1
4360 143 0
4361 41 0
4362 62 1
4363 5 1
4364 11 1
4365 103 0
4366 89 1
4367 78 1
4368 71 0
4369 32 0
4370 73 1
4371 60 0
4372 184 1
4373 95 1
4374 88 1
4375 115 0
4376 9 1
4377 109 1
4378 73 0
4379 92 0
4380 15 1
4381 178 1
4382 10 1
4383 135 0
4384 16 0
4385 165 1
4386 65 0
4387 113 0
4388 30 0
4389 83 0
4390 6 0
4391 27 0
4392 31 1
4393 139 1
4394 47 1
4395 121 1
4396 102 1
4397 166 1
4398 44 0
4399 58 0
4400 76 1
4401 15 1
4402 4 1
4403 135 1
4404 80 1
4405 18 0
4406 161 0
4407 153 1
4408 45 0
4409 40 0
4410 131 0
4411 86 1
4412 17 1
4413 23 1
4414 161 0
4415 54 0
4416 169 0
4417 124 1
4418 129 1
4419 72 0
4420 34 0
4421 159 0
4422 187 1
4423 63 0
4424 25 1
4425 1 1
4426 77 1
4427 135 1
4428 16 1
4429 155 1
4430 103 1
4431 160 1
4432 23 0
4433 122 0
4434 31 1
4435 106 0
4436 29 1
4437 56 0
4438 67 0
4439 125 1
4440 35 0
4441 113 1
4442 147 1
4443 138 0
4444 82 1
4445 85 1
4446 179 1
4447 14 1
4448 17 0
4449 100 1
4450 75 1
4451 166 1
4452 80 1
4453 64 1
4454 86 1
4455 104 1
4456 61 1
4457 165 0
4458 22 1
4459 47 1
4460 153 1
4461 34 1
4462 122 1
4463 159 1
4464 49 1
4465 53 0
4466 74 1
4467 160 1
4468 118 1
4469 46 1
4470 91 0
4471 70 1
4472 111 1
4473 156 0
4474 163 1
4475 50 0
4476 80 1
4477 85 0
4478 185 1
4479 19 1
4480 112 0
4481 103 1
4482 155 1
4483 152 1
4484 165 0
4485 35 0
4486 92 0
4487 84 0
4488 85 0
4489 81 0
4490 187 1
4491 121 1
4492 80 1
4493 27 1
4494 127 1
4495 56 0
4496 50 1
4497 169 1
4498 168 1
4499 155 1
4500 76 1
4501 145 1
4502 160 1
4503 48 1
4504 145 0
4505 170 1
4506 125 1
4507 36 1
4508 174 0
4509 27 1
4510 41 0
4511 28 1
4512 175 0
4513 161 0
4514 75 1
4515 44 1
4516 63 1
4517 183 1
4518 26 0
4519 24 1
4520 38 1
4521 60 0
4522 43 1
4523 113 1
4524 92 0
4525 7 1
4526 87 1
4527 89 0
4528 45 1
4529 162 1
4530 2 0
4531 135 1
4532 4 1
4533 152 1
4534 38 1
4535 66 1
4536 116 0
4537 104 1
4538 155 1
4539 120 0
4540 101 1
4541 56 1
4542 95 0
4543 7 1
4544 71 1
4545 124 1
4546 173 0
4547 3 0
4548 65 1
4549 140 1
4550 77 0
4551 164 1
4552 77 0
4553 96 1
4554 109 0
4555 155 1
4556 88 1
4557 75 0
4558 33 1
4559 187 1
4560 184 1
4561 111 1
4562 126 1
4563 91 1
4564 14 1
4565 91 1
4566 114 1
4567 28 1
4568 148 1
4569 100 1
4570 85 0
4571 144 1
4572 24 1
4573 32 1
4574 46 0
4575 162 1
4576 86 1
4577 76 1
4578 132 1
4579 79 1
4580 6 1
4581 50 1
4582 171 0
4583 177 1
4584 135 1
4585 65 1
4586 157 1
4587 1 1
4588 105 1
4589 171 1
4590 116 1
4591 58 1
4592 163 0
4593 90 1
4594 97 1
4595 185 1
4596 84 1
4597 156 1
4598 58 1
4599 131 1
4600 167 1
4601 89 0
4602 150 1
4603 182 0
4604 175 0
4605 83 1
4606 54 1
4607 49 1
4608 139 0
4609 68 1
4610 52 1
4611 16 1
4612 165 1
4613 136 1
4614 62 0
4615 92 0
4616 140 1
4617 41 1
4618 135 0
4619 34 0
4620 132 1
4621 157 1
4622 3 1
4623 148 0
4624 89 1
4625 55 1
4626 27 1
4627 23 0
4628 176 1
4629 160 1
4630 35 1
4631 143 1
4632 110 1
4633 141 1
4634 152 0
4635 112 1
4636 106 0
4637 27 1
4638 32 0
4639 116 1
4640 137 0
4641 127 1
4642 107 1
4643 32 1
4644 174 0
4645 129 1
4646 121 1
4647 60 1
4648 133 1
4649 32 0
4650 1 0
4651 57 1
4652 38 0
4653 13 1
4654 5 0
4655 55 0
4656 165 1
4657 102 1
4658 77 0
4659 164 1
4660 3 1
4661 136 1
4662 122 0
4663 31 0
4664 142 1
4665 28 1
4666 140 1
4667 115 1
4668 171 1
4669 44 1
4670 1 1
4671 182 1
4672 26 1
4673 48 0
4674 94 1
4675 31 1
4676 182 0
4677 85 1
4678 108 0
4679 48 0
4680 164 1
4681 70 1
4682 163 1
4683 158 1
4684 177 1
4685 118 1
4686 45 1
4687 21 0
4688 72 0
4689 108 0
4690 78 1
4691 8 1
4692 51 1
4693 121 0
4694 6 1
4695 86 1
4696 179 1
4697 30 1
4698 17 1
4699 164 0
4700 134 0
4701 117 1
4702 70 1
4703 115 1
4704 4 1
4705 120 1
4706 39 1
4707 86 0
4708 18 1
4709 114 0
4710 122 0
4711 6 1
4712 33 0
4713 131 0
4714 156 0
4715 177 0
4716 65 0
4717 145 1
4718 109 1
4719 89 0
4720 160 1
4721 7 1
4722 14 0
4723 34 0
4724 165 0
4725 176 1
4726 25 0
4727 76 1
4728 150 0
4729 42 0
4730 58 1
4731 152 0
4732 138 1
4733 2 0
4734 46 1
4735 104 1
4736 45 1
4737 150 0
4738 68 1
4739 143 1
4740 9 0
4741 77 1
4742 125 0
4743 25 1
4744 37 1
4745 137 1
4746 99 1
4747 151 1
4748 142 1
4749 160 1
4750 177 1
4751 72 0
4752 51 0
4753 145 1
4754 83 0
4755 29 1
4756 43 0
4757 58 1
4758 125 1
4759 119 0
4760 83 1
4761 2 1
4762 101 1
4763 27 1
4764 52 1
4765 109 1
4766 127 1
4767 128 1
4768 79 1
4769 162 1
4770 118 1
4771 118 0
4772 42 1
4773 6 1
4774 125 1
4775 142 0
4776 58 1
4777 67 1
4778 42 1
4779 79 1
4780 26 0
4781 0 1
4782 45 1
4783 76 1
4784 25 0
4785 151 0
4786 53 1
4787 169 0
4788 123 1
4789 75 1
4790 96 0
4791 12 0
4792 106 1
4793 58 0
4794 106 1
4795 175 1
4796 2 1
4797 29 1
4798 47 1
4799 36 1
4800 155 0
4801 80 1
4802 134 1
4803 49 0
4804 168 1
4805 61 0
4806 18 1
4807 163 0
4808 17 1
4809 16 1
4810 34 0
4811 119 0
4812 110 0
4813 136 1
4814 186 1
4815 162 1
4816 104 1
4817 38 1
4818 47 1
4819 51 0
4820 8 1
4821 155 0
4822 50 0
4823 82 1
4824 27 1
4825 54 1
4826 34 1
4827 30 1
4828 65 1
4829 166 1
4830 151 1
4831 81 1
4832 58 1
4833 170 1
4834 71 1
4835 184 1
4836 10 1
4837 105 1
4838 146 0
4839 59 1
4840 149 1
4841 47 1
4842 30 1
4843 4 1
4844 56 0
4845 23 1
4846 174 1
4847 71 1
4848 155 0
4849 81 0
4850 138 0
4851 49 1
4852 160 1
4853 20 1
4854 17 1
4855 36 0
4856 56 1
4857 26 1
4858 93 1
4859 114 0
4860 132 1
4861 153 1
4862 173 1
4863 94 0
4864 21 1
4865 43 1
4866 184 1
4867 120 1
4868 179 1
4869 19 1
4870 84 1
4871 39 1
4872 3 1
4873 159 1
4874 28 1
4875 110 0
4876 86 1
4877 143 1
4878 112 0
4879 76 0
4880 157 1
4881 106 1
4882 143 1
4883 55 1
4884 43 1
4885 7 0
4886 182 0
4887 133 1
4888 164 1
4889 25 1
4890 122 0
4891 30 1
4892 144 1
4893 144 1
4894 155 0
4895 134 1
4896 15 1
4897 91 1
4898 75 1
4899 37 1
4900 84 1
4901 178 1
4902 74 1
4903 7 1
4904 160 0
4905 176 1
4906 101 0
4907 166 0
4908 123 1
4909 177 0
4910 18 1
4911 28 0
4912 160 0
4913 124 0
4914 129 0
4915 166 1
4916 1 1
4917 156 1
4918 144 1
4919 58 1
4920 128 1
4921 74 0
4922 184 1
4923 150 0
4924 107 0
4925 143 1
4926 128 0
4927 23 1
4928 86 0
4929 80 1
4930 52 1
4931 104 1
4932 78 1
4933 60 1
4934 48 1
4935 14 1
4936 97 1
4937 14 1
4938 141 0
4939 78 1
4940 168 1
4941 169 1
4942 68 0
4943 73 0
4944 83 1
4945 45 1
4946 143 1
4947 52 1
4948 34 1
4949 52 1
4950 164 0
4951 54 1
4952 155 0
4953 151 1
4954 165 1
4955 32 0
4956 126 1
4957 186 0
4958 138 0
4959 24 1
4960 156 0
4961 101 1
4962 31 0
4963 128 1
4964 10 1
4965 11 1
4966 59 1
4967 44 1
4968 66 0
4969 66 0
4970 49 0
4971 0 0
4972 163 1
4973 114 1
4974 121 1
4975 79 1
4976 140 1
4977 64 1
4978 9 1
4979 168 0
4980 117 1
4981 178 1
4982 108 1
4983 134 0
4984 42 1
4985 29 1
4986 162 0
4987 130 1
4988 80 1
4989 183 1
4990 59 0
4991 35 1
4992 186 0
4993 114 1
4994 37 1
4995 80 0
4996 69 1
4997 75 1
4998 105 1
4999 96 0
5000 154 1
5001 102 0
5002 19 0
5003 10 1
5004 153 1
5005 46 0
5006 12 1
5007 155 0
5008 113 1
5009 71 0
5010 39 1
5011 169 1
5012 153 1
5013 29 0
5014 9 0
5015 81 1
5016 183 1
5017 156 1
5018 24 1
5019 166 1
5020 104 1
5021 65 0
5022 38 0
5023 180 1
5024 165 1
5025 98 1
5026 78 1
5027 56 1
5028 135 0
5029 166 0
5030 75 1
5031 172 1
5032 39 0
5033 136 1
5034 50 1
5035 172 1
5036 71 1
5037 136 0
5038 13 0
5039 125 0
5040 55 1
5041 58 0
5042 46 1
5043 108 0
5044 63 1
5045 69 1
5046 78 1
5047 72 0
5048 5 0
5049 112 1
5050 68 1
5051 75 0
5052 77 1
5053 113 1
5054 15 0
5055 132 1
5056 137 1
5057 15 0
5058 48 1
5059 108 1
5060 142 0
5061 114 1
5062 163 1
5063 13 1
5064 139 1
5065 88 1
5066 85 1
5067 143 1
5068 50 1
5069 116 1
5070 170 1
5071 135 0
5072 182 0
5073 166 1
5074 18 0
5075 85 1
5076 7 1
5077 56 0
5078 130 1
5079 15 1
5080 126 0
5081 153 1
5082 11 0
5083 117 0
5084 40 0
5085 59 0
5086 105 0
5087 5 1
5088 21 1
5089 73 1
5090 1 1
5091 63 1
5092 34 0
5093 111 1
5094 120 1
5095 109 0
5096 161 0
5097 13 0
5098 46 1
5099 166 1
5100 175 1
5101 40 1
5102 95 0
5103 55 0
5104 28 1
5105 19 0
5106 150 1
5107 90 0
5108 133 1
5109 92 1
5110 3 1
5111 55 1
5112 140 1
5113 81 1
5114 130 1
5115 17 1
5116 80 0
5117 5 0
5118 103 1
5119 36 0
5120 52 1
5121 25 0
5122 70 1
5123 63 0
5124 180 1
5125 133 1
5126 34 1
5127 92 1
5128 121 1
5129 105 1
5130 96 1
5131 113 0
5132 113 1
5133 95 1
5134 111 1
5135 24 1
5136 119 1
5137 42 1
5138 29 1
5139 68 1
5140 6 0
5141 137 1
5142 66 1
5143 78 0
5144 146 1
5145 182 1
5146 171 0
5147 162 1
5148 158 1
5149 56 1
5150 133 1
5151 176 0
5152 115 1
5153 185 0
5154 69 1
5155 98 1
5156 131 1
5157 47 0
5158 89 1
5159 60 0
5160 173 0
5161 34 0
5162 94 1
5163 184 1
5164 131 1
5165 77 1
5166 186 1
5167 73 1
5168 149 1
5169 1 0
5170 0 0
5171 37 1
5172 148 1
5173 125 0
5174 73 0
5175 29 1
5176 173 0
5177 147 1
5178 125 0
5179 76 1
5180 129 1
5181 76 1
5182 83 0
5183 104 1
5184 84 0
5185 6 1
5186 17 0
5187 12 0
5188 59 1
5189 79 1
5190 68 1
5191 124 1
5192 104 1
5193 116 1
5194 159 1
5195 41 1
5196 22 0
5197 91 0
5198 131 0
5199 14 0
5200 45 1
5201 164 0
5202 64 1
5203 92 1
5204 58 0
5205 120 1
5206 23 0
5207 163 1
5208 4 0
5209 33 1
5210 28 1
5211 8 0
5212 57 1
5213 20 0
5214 159 1
5215 80 0
5216 54 0
5217 10 1
5218 96 0
5219 38 1
5220 85 1
5221 77 1
5222 147 0
5223 101 0
5224 77 1
5225 58 1
5226 141 0
5227 20 1
5228 150 1
5229 183 1
5230 6 1
5231 137 1
5232 183 1
5233 163 1
5234 62 1
5235 178 0
5236 103 1
5237 120 0
5238 53 1
5239 77 1
5240 100 1
5241 99 1
5242 186 1
5243 48 0
5244 23 1
5245 81 0
5246 50 1
5247 74 0
5248 110 0
5249 136 0
5250 182 1
5251 115 0
5252 59 1
5253 24 1
5254 133 0
5255 38 1
5256 101 0
5257 151 1
5258 121 1
5259 60 0
5260 54 1
5261 158 1
5262 36 0
5263 81 0
5264 93 1
5265 182 1
5266 140 0
5267 116 1
5268 90 1
5269 107 1
5270 174 0
5271 13 1
5272 27 0
5273 119 1
5274 107 1
5275 88 1
5276 186 1
5277 129 0
5278 102 1
5279 45 1
5280 103 1
5281 146 0
5282 81 0
5283 187 0
5284 79 1
5285 139 1
5286 184 1
5287 17 1
5288 112 1
5289 155 1
5290 112 0
5291 56 0
5292 114 0
5293 9 1
5294 71 1
5295 20 0
5296 93 1
5297 162 1
5298 106 1
5299 22 1
5300 133 1
5301 47 1
5302 177 1
5303 17 1
5304 64 1
5305 64 1
5306 40 1
5307 151 0
5308 169 1
5309 168 1
5310 26 0
5311 159 0
5312 99 0
5313 159 1
5314 159 0
5315 67 1
5316 87 0
5317 98 1
5318 42 0
5319 42 1
5320 99 0
5321 147 0
5322 91 1
5323 91 1
5324 83 0
5325 177 1
5326 71 0
5327 94 1
5328 145 1
5329 120 1
5330 110 0
5331 85 1
5332 165 1
5333 138 1
5334 110 0
5335 58 1
5336 150 1
5337 26 0
5338 128 1
5339 178 1
5340 120 1
5341 186 1
5342 179 0
5343 106 0
5344 21 1
5345 185 1
5346 90 1
5347 5 0
5348 10 0
5349 19 1
5350 187 0
5351 7 1
5352 27 1
5353 67 1
5354 14 1
5355 111 1
5356 88 1
5357 69 0
5358 65 1
5359 147 1
5360 79 0
5361 82 1
5362 92 1
5363 101 0
5364 26 0
5365 87 1
5366 130 0
5367 38 0
5368 111 1
5369 57 0
5370 26 1
5371 71 1
5372 142 0
5373 125 1
5374 61 1
5375 158 0
5376 94 1
5377 173 1
5378 123 1
5379 32 1
5380 140 1
5381 106 0
5382 10 1
5383 52 1
5384 114 1
5385 179 0
5386 141 1
5387 119 1
5388 136 0
5389 167 1
5390 5 1
5391 81 1
5392 173 0
5393 29 1
5394 85 1
5395 1 1
5396 46 0
5397 120 1
5398 115 1
5399 110 1
5400 77 0
5401 46 1
5402 97 0
5403 58 1
5404 85 1
5405 106 0
5406 38 0
5407 54 1
5408 117 0
5409 131 0
5410 10 0
5411 172 1
5412 171 1
5413 96 0
5414 72 1
5415 72 1
5416 173 1
5417 180 1
5418 27 1
5419 179 1
5420 139 0
5421 67 1
5422 148 1
5423 12 0
5424 2 1
5425 24 1
5426 19 0
5427 120 0
5428 165 1
5429 152 0
5430 167 0
5431 11 1
5432 86 1
5433 166 1
5434 105 0
5435 90 1
5436 118 0
5437 45 1
5438 143 1
5439 88 0
5440 132 1
5441 89 0
5442 173 1
5443 137 1
5444 102 1
5445 13 0
5446 2 0
5447 98 1
5448 80 0
5449 66 0
5450 98 1
5451 54 1
5452 58 0
5453 39 0
5454 89 1
5455 23 1
5456 171 1
5457 169 0
5458 186 1
5459 120 1
5460 152 1
5461 45 1
5462 21 1
5463 176 1
5464 152 1
5465 31 1
5466 143 1
5467 22 1
5468 48 1
5469 78 0
5470 0 1
5471 35 0
5472 78 1
5473 73 0
5474 66 1
5475 108 1
5476 2 0
5477 118 1
5478 41 0
5479 57 0
5480 24 0
5481 187 1
5482 105 1
5483 44 1
5484 135 1
5485 35 0
5486 88 1
5487 171 0
5488 18 1
5489 106 1
5490 113 1
5491 47 1
5492 44 0
5493 71 1
5494 135 1
5495 22 0
5496 148 1
5497 3 1
5498 94 1
5499 150 0
5500 35 0
5501 109 1
5502 119 0
5503 86 0
5504 13 1
5505 86 0
5506 151 1
5507 174 1
5508 43 0
5509 92 1
5510 169 1
5511 14 0
5512 187 0
5513 58 0
5514 186 0
5515 187 1
5516 70 0
5517 20 1
5518 132 1
5519 123 1
5520 111 1
5521 16 0
5522 86 0
5523 133 1
5524 111 1
5525 172 1
5526 15 0
5527 85 1
5528 16 0
5529 159 1
5530 27 0
5531 167 1
5532 10 1
5533 151 1
5534 38 1
5535 32 1
5536 39 1
5537 19 1
5538 102 1
5539 187 1
5540 121 1
5541 169 1
5542 169 1
5543 82 1
5544 141 1
5545 132 0
5546 144 1
5547 10 0
5548 164 1
5549 42 1
5550 111 1
5551 148 0
5552 175 1
5553 88 1
5554 132 0
5555 99 0
5556 2 1
5557 134 0
5558 11 1
5559 101 1
5560 14 1
5561 185 1
5562 22 1
5563 58 1
5564 33 1
5565 64 1
5566 106 1
5567 39 0
5568 124 0
5569 47 0
5570 78 1
5571 65 1
5572 90 0
5573 116 1
5574 92 0
5575 118 0
5576 127 0
5577 129 0
5578 175 1
5579 11 1
5580 31 1
5581 30 0
5582 152 1
5583 95 0
5584 181 1
5585 88 1
5586 152 1
5587 84 1
5588 29 0
5589 20 0
5590 161 0
5591 24 1
5592 118 0
5593 114 1
5594 17 1
5595 178 0
5596 186 0
5597 118 1
5598 142 1
5599 51 0
5600 100 1
5601 138 1
5602 157 1
5603 52 1
5604 98 1
5605 104 1
5606 143 0
5607 37 1
5608 26 1
5609 110 1
5610 73 0
5611 23 1
5612 53 1
5613 34 1
5614 168 1
5615 6 0
5616 88 0
5617 77 1
5618 43 1
5619 109 0
5620 134 1
5621 78 0
5622 86 1
5623 162 0
5624 130 1
5625 87 1
5626 117 1
5627 19 1
5628 64 1
5629 42 1
5630 2 1
5631 109 0
5632 126 0
5633 13 1
5634 180 1
5635 175 0
5636 11 1
5637 147 1
5638 112 1
5639 141 0
5640 69 1
5641 123 1
5642 83 1
5643 102 1
5644 128 1
5645 176 1
5646 57 1
5647 85 1
5648 27 1
5649 29 0
5650 16 0
5651 77 0
5652 14 1
5653 177 1
5654 141 1
5655 45 1
5656 35 0
5657 142 1
5658 55 1
5659 10 1
5660 64 1
5661 177 1
5662 27 1
5663 49 0
5664 157 0
5665 6 0
5666 27 1
5667 134 0
5668 172 1
5669 99 1
5670 186 0
5671 80 1
5672 57 0
5673 84 0
5674 142 1
5675 39 0
5676 24 0
5677 73 0
5678 36 1
5679 38 1
5680 65 1
5681 111 1
5682 179 1
5683 185 1
5684 45 1
5685 153 1
5686 173 0
5687 9 1
5688 132 1
5689 87 1
5690 120 1
5691 105 1
5692 88 1
5693 60 1
5694 45 0
5695 181 0
5696 6 1
5697 134 0
5698 26 1
5699 145 1
5700 159 1
5701 47 1
5702 88 1
5703 52 1
5704 14 0
5705 50 1
5706 130 1
5707 144 1
5708 78 0
5709 18 1
5710 99 0
5711 97 0
5712 49 1
5713 155 1
5714 38 0
5715 79 1
5716 35 1
5717 139 0
5718 46 0
5719 19 1
5720 6 0
5721 128 1
5722 158 1
5723 99 0
5724 152 0
5725 36 1
5726 130 1
5727 101 1
5728 41 1
5729 118 1
5730 181 1
5731 141 1
5732 119 1
5733 136 1
5734 27 1
5735 159 1
5736 158 0
5737 103 1
5738 47 1
5739 108 1
5740 64 0
5741 7 1
5742 22 1
5743 49 0
5744 108 1
5745 74 1
5746 161 0
5747 115 0
5748 120 1
5749 3 1
5750 151 1
5751 46 1
5752 5 1
5753 61 1
5754 95 0
5755 183 1
5756 58 1
5757 30 0
5758 42 1
5759 75 0
5760 44 1
5761 49 1
5762 110 1
5763 42 1
5764 39 0
5765 54 0
5766 139 1
5767 56 1
5768 181 1
5769 128 0
5770 152 0
5771 113 1
5772 58 0
5773 35 1
5774 19 0
5775 116 1
5776 4 1
5777 13 1
5778 73 1
5779 89 1
5780 153 0
5781 167 1
5782 176 1
5783 181 1
5784 18 1
5785 2 1
5786 177 1
5787 4 0
5788 123 0
5789 81 1
5790 82 1
5791 138 1
5792 38 0
5793 65 1
5794 70 1
5795 87 1
5796 161 1
5797 4 1
5798 35 1
5799 63 1
5800 50 0
5801 155 1
5802 45 0
5803 20 1
5804 131 1
5805 54 1
5806 42 1
5807 95 0
5808 87 1
5809 123 1
5810 178 1
5811 57 0
5812 21 1
5813 165 0
5814 178 1
5815 161 0
5816 38 1
5817 133 1
5818 32 0
5819 183 1
5820 66 1
5821 52 0
5822 174 0
5823 120 1
5824 172 0
5825 95 1
5826 9 1
5827 178 1
5828 146 1
5829 139 1
5830 128 1
5831 42 1
5832 53 1
5833 113 1
5834 140 1
5835 112 0
5836 22 1
5837 178 1
5838 176 0
5839 13 0
5840 29 1
5841 186 0
5842 126 1
5843 121 1
5844 9 0
5845 17 1
5846 118 1
5847 100 0
5848 166 1
5849 121 1
5850 186 0
5851 0 0
5852 142 1
5853 148 1
5854 152 1
5855 34 1
5856 66 1
5857 84 1
5858 73 0
5859 141 1
5860 22 0
5861 84 1
5862 150 1
5863 176 1
5864 141 0
5865 111 1
5866 154 1
5867 23 1
5868 154 1
5869 170 1
5870 9 1
5871 164 1
5872 101 1
5873 12 0
5874 129 1
5875 121 1
5876 175 1
5877 156 0
5878 133 1
5879 130 1
5880 65 1
5881 158 0
5882 96 1
5883 72 1
5884 29 1
5885 113 1
5886 123 0
5887 45 1
5888 81 1
5889 75 1
5890 6 0
5891 38 1
5892 145 1
5893 63 0
5894 151 0
5895 40 1
5896 178 1
5897 113 0
5898 56 0
5899 81 1
5900 104 1
5901 123 1
5902 147 0
5903 8 1
5904 22 1
5905 183 0
5906 143 0
5907 22 0
5908 160 0
5909 54 0
5910 143 1
5911 17 1
5912 37 1
5913 85 1
5914 59 1
5915 178 1
5916 37 1
5917 136 0
5918 146 1
5919 157 1
5920 160 1
5921 8 1
5922 49 1
5923 148 1
5924 101 1
5925 78 1
5926 41 1
5927 54 0
5928 157 1
5929 104 1
5930 170 1
5931 124 1
5932 140 0
5933 135 1
5934 149 0
5935 130 0
5936 52 1
5937 168 1
5938 34 0
5939 176 0
5940 7 1
5941 55 1
5942 93 0
5943 59 1
5944 181 1
5945 142 1
5946 3 1
5947 114 0
5948 15 1
5949 106 1
5950 30 1
5951 29 0
5952 119 0
5953 49 0
5954 2 1
5955 152 0
5956 35 0
5957 178 0
5958 62 0
5959 54 1
5960 145 0
5961 151 1
5962 139 1
5963 156 1
5964 3 1
5965 63 1
5966 122 1
5967 169 0
5968 155 1
5969 3 0
5970 67 1
5971 99 1
5972 108 0
5973 94 1
5974 2 1
5975 37 1
5976 20 1
5977 160 1
5978 130 1
5979 179 1
5980 14 1
5981 99 1
5982 131 1
5983 175 1
5984 42 1
5985 68 1
5986 146 0
5987 75 1
5988 120 1
5989 168 1
5990 61 1
5991 14 1
5992 70 0
5993 38 1
5994 47 1
5995 78 1
5996 135 1
5997 63 1
5998 122 0
5999 109 0
6000 160 1
6001 18 1
6002 20 0
6003 49 1
6004 7 1
6005 7 0
6006 100 0
6007 14 0
6008 128 1
6009 47 1
6010 133 1
6011 170 0
6012 166 0
6013 24 0
6014 27 0
6015 9 1
6016 175 1
6017 50 1
6018 172 0
6019 80 1
6020 62 1
6021 112 1
6022 108 1
6023 8 0
6024 43 1
6025 157 1
6026 44 1
6027 121 1
6028 184 1
6029 175 1
6030 23 1
6031 142 1
6032 75 0
6033 137 0
6034 37 1
6035 103 0
6036 48 0
6037 125 0
6038 86 1
6039 70 1
6040 121 1
6041 49 1
6042 110 1
6043 52 1
6044 60 0
6045 181 1
6046 20 0
6047 25 1
6048 72 1
6049 20 1
6050 56 0
6051 72 1
6052 151 1
6053 126 0
6054 143 0
6055 110 0
6056 167 0
6057 37 1
6058 74 0
6059 59 1
6060 182 1
6061 150 1
6062 51 0
6063 42 1
6064 135 0
6065 97 1
6066 118 0
6067 40 1
6068 179 1
6069 62 1
6070 106 1
6071 74 1
6072 75 0
6073 38 1
6074 134 1
6075 149 0
6076 133 0
6077 74 1
6078 151 1
6079 53 0
6080 43 0
6081 34 1
6082 132 1
6083 54 0
6084 105 0
6085 122 0
6086 152 0
6087 161 1
6088 173 1
6089 54 0
6090 161 0
6091 111 0
6092 58 1
6093 35 1
6094 166 1
6095 172 1
6096 171 0
6097 183 1
6098 77 0
6099 103 1
6100 150 1
6101 137 0
6102 167 1
6103 19 1
6104 54 1
6105 135 1
6106 20 1
6107 65 0
6108 107 1
6109 32 0
6110 121 1
6111 40 1
6112 87 0
6113 84 0
6114 137 1
6115 90 1
6116 157 1
6117 147 0
6118 82 1
6119 152 1
6120 171 1
6121 27 1
6122 89 0
6123 81 0
6124 58 0
6125 27 0
6126 183 1
6127 148 1
6128 34 0
6129 179 1
6130 163 1
6131 16 0
6132 53 1
6133 133 1
6134 73 1
6135 136 1
6136 129 0
6137 59 1
6138 1 0
6139 160 1
6140 118 1
6141 102 1
6142 66 0
6143 180 1
6144 158 1
6145 16 1
6146 116 1
6147 11 1
6148 127 1
6149 50 1
6150 174 1
6151 0 1
6152 94 1
6153 79 1
6154 64 0
6155 18 1
6156 170 1
6157 160 1
6158 47 1
6159 12 1
6160 67 0
6161 84 0
6162 181 1
6163 97 1
6164 103 0
6165 117 1
6166 10 1
6167 138 1
6168 109 1
6169 132 1
6170 132 1
6171 32 1
6172 15 0
6173 26 1
6174 20 1
6175 13 0
6176 187 0
6177 134 1
6178 124 1
6179 98 0
6180 55 0
6181 61 0
6182 145 1
6183 102 0
6184 92 1
6185 104 1
6186 60 0
6187 82 1
6188 4 0
6189 3 0
6190 79 0
6191 43 0
6192 113 0
6193 123 1
6194 154 1
6195 20 0
6196 181 0
6197 19 1
6198 25 1
6199 69 0
6200 31 1
6201 154 1
6202 174 0
6203 31 1
6204 21 1
6205 15 1
6206 170 0
6207 163 0
6208 169 0
6209 8 1
6210 64 1
6211 88 1
6212 43 0
6213 127 0
6214 92 1
6215 118 1
6216 47 0
6217 79 0
6218 186 0
6219 24 0
6220 9 1
6221 104 1
6222 151 1
6223 139 1
6224 109 1
6225 79 1
6226 40 1
6227 162 1
6228 139 0
6229 16 0
6230 163 1
6231 31 1
6232 151 0
6233 55 0
6234 16 1
6235 33 0
6236 172 0
6237 69 1
6238 28 1
6239 11 1
6240 31 1
6241 55 0
6242 121 0
6243 139 1
6244 183 1
6245 168 1
6246 102 1
6247 180 0
6248 53 1
6249 79 1
6250 180 1
6251 27 1
6252 181 1
6253 163 0
6254 168 1
6255 22 1
6256 8 1
6257 67 0
6258 159 0
6259 66 0
6260 174 1
6261 125 0
6262 177 0
6263 18 0
6264 29 1
6265 163 1
6266 141 1
6267 49 0
6268 30 1
6269 19 1
6270 62 1
6271 74 1
6272 171 0
6273 64 1
6274 92 1
6275 108 1
6276 108 1
6277 31 1
6278 27 1
6279 71 0
6280 78 1
6281 130 0
6282 169 1
6283 29 1
6284 0 1
6285 74 1
6286 142 1
6287 65 1
6288 153 1
6289 79 1
6290 3 0
6291 69 1
6292 29 0
6293 140 1
6294 82 1
6295 164 1
6296 1 1
6297 176 0
6298 82 1
6299 46 1
6300 118 1
6301 144 0
6302 64 1
6303 129 0
6304 82 0
6305 19 1
6306 3 0
6307 60 1
6308 121 0
6309 20 0
6310 87 0
6311 39 1
6312 155 0
6313 123 0
6314 165 0
6315 63 1
6316 85 1
6317 99 0
6318 161 1
6319 111 1
6320 44 0
6321 73 1
6322 83 0
6323 12 1
6324 10 0
6325 151 0
6326 81 1
6327 119 0
6328 150 0
6329 30 1
6330 88 1
6331 154 1
6332 46 1
6333 187 1
6334 89 0
6335 7 0
6336 104 1
6337 180 0
6338 79 1
6339 15 0
6340 157 0
6341 119 1
6342 101 0
6343 31 1
6344 157 1
6345 122 1
6346 20 1
6347 94 1
6348 17 1
6349 17 1
6350 135 1
6351 51 1
6352 158 1
6353 171 1
6354 100 1
6355 2 1
6356 97 1
6357 51 0
6358 36 1
6359 5 0
6360 9 0
6361 114 1
6362 147 0
6363 27 0
6364 46 1
6365 82 0
6366 1 1
6367 98 1
6368 41 1
6369 4 0
6370 132 1
6371 142 1
6372 181 1
6373 104 1
6374 140 1
6375 87 0
6376 101 1
6377 42 0
6378 34 1
6379 157 1
6380 114 0
6381 127 1
6382 169 0
6383 71 1
6384 170 0
6385 95 1
6386 14 0
6387 21 1
6388 107 1
6389 89 0
6390 31 1
6391 73 1
6392 121 1
6393 58 0
6394 117 1
6395 101 0
6396 131 1
6397 22 1
6398 61 0
6399 187 0
6400 101 1
6401 22 1
6402 8 0
6403 107 1
6404 33 0
6405 39 1
6406 48 1
6407 129 0
6408 91 1
6409 69 1
6410 147 1
6411 115 1
6412 6 0
6413 67 1
6414 95 1
6415 43 1
6416 94 1
6417 176 1
6418 161 1
6419 150 0
6420 155 0
6421 2 1
6422 165 1
6423 48 1
6424 63 0
6425 141 1
6426 152 1
6427 165 0
6428 70 1
6429 38 1
6430 43 1
6431 106 0
6432 11 1
6433 172 0
6434 53 1
6435 110 1
6436 67 1
6437 87 1
6438 176 1
6439 96 1
6440 186 1
6441 126 1
6442 170 1
6443 53 0
6444 12 0
6445 150 0
6446 37 0
6447 125 1
6448 27 0
6449 32 1
6450 175 1
6451 153 1
6452 187 1
6453 82 1
6454 53 1
6455 23 1
6456 92 0
6457 133 1
6458 117 1
6459 126 1
6460 143 0
6461 49 1
6462 90 1
6463 161 1
6464 147 1
6465 130 1
6466 12 1
6467 52 1
6468 81 1
6469 170 1
6470 56 1
6471 117 0
6472 20 1
6473 154 1
6474 45 1
6475 131 1
6476 114 0
6477 113 1
6478 98 0
6479 65 0
6480 143 0
6481 123 0
6482 36 1
6483 30 1
6484 53 0
6485 115 0
6486 139 0
6487 122 1
6488 90 1
6489 40 0
6490 45 1
6491 68 1
6492 95 1
6493 107 1
6494 131 1
6495 114 1
6496 113 1
6497 174 0
6498 156 1
6499 130 0
6500 30 1
6501 115 1
6502 153 1
6503 140 1
6504 1 0
6505 123 1
6506 96 0
6507 18 0
6508 49 1
6509 61 0
6510 163 1
6511 80 1
6512 157 0
6513 101 1
6514 15 0
6515 11 1
6516 152 0
6517 146 0
6518 39 0
6519 36 1
6520 143 0
6521 87 1
6522 96 0
6523 106 0
6524 28 1
6525 70 1
6526 87 0
6527 143 1
6528 81 0
6529 113 1
6530 151 1
6531 142 0
6532 114 0
6533 28 0
6534 63 1
6535 126 1
6536 156 0
6537 69 1
6538 183 1
6539 74 1
6540 87 1
6541 78 1
6542 159 1
6543 162 0
6544 21 0
6545 148 1
6546 76 1
6547 151 0
6548 67 0
6549 88 1
6550 176 1
6551 148 0
6552 171 1
6553 5 1
6554 68 1
6555 54 1
6556 87 1
6557 73 1
6558 98 0
6559 42 1
6560 187 1
6561 36 0
6562 157 1
6563 9 1
6564 111 0
6565 98 1
6566 123 0
6567 108 1
6568 139 0
6569 138 1
6570 124 1
6571 39 0
6572 69 0
6573 14 0
6574 24 1
6575 32 0
6576 179 0
6577 30 1
6578 0 1
6579 117 0
6580 137 0
6581 75 1
6582 138 0
6583 44 1
6584 40 0
6585 162 1
6586 118 1
6587 52 1
6588 178 0
6589 100 1
6590 122 1
6591 90 1
6592 132 0
6593 7 1
6594 161 1
6595 109 0
6596 16 1
6597 115 1
6598 112 1
6599 109 1
6600 85 1
6601 181 0
6602 148 0
6603 136 0
6604 43 1
6605 18 1
6606 112 1
6607 143 1
6608 41 0
6609 121 1
6610 19 1
6611 177 0
6612 159 0
6613 122 0
6614 128 1
6615 99 0
6616 58 0
6617 161 0
6618 1 1
6619 22 0
6620 21 0
6621 142 1
6622 80 1
6623 122 1
6624 180 0
6625 120 1
6626 30 1
6627 98 1
6628 146 0
6629 16 0
6630 8 0
6631 43 1
6632 72 1
6633 138 1
6634 178 1
6635 118 1
6636 64 1
6637 9 1
6638 101 1
6639 62 1
6640 51 1
6641 156 1
6642 36 0
6643 134 1
6644 100 1
6645 132 1
6646 9 0
6647 39 1
6648 57 1
6649 155 1
6650 133 1
6651 43 0
6652 21 0
6653 18 0
6654 48 1
6655 148 0
6656 127 0
6657 44 1
6658 183 1
6659 22 1
6660 72 0
6661 0 1
6662 7 0
6663 27 1
6664 81 1
6665 163 1
6666 131 0
6667 156 0
6668 4 1
6669 19 1
6670 118 0
6671 84 1
6672 27 0
6673 154 0
6674 171 0
6675 170 1
6676 75 1
6677 121 1
6678 142 1
6679 78 1
6680 7 1
6681 181 1
6682 125 1
6683 35 1
6684 119 1
6685 113 0
6686 153 0
6687 40 1
6688 122 1
6689 136 0
6690 182 1
6691 92 1
6692 101 1
6693 84 0
6694 107 1
6695 142 1
6696 81 1
6697 185 1
6698 149 0
6699 79 0
6700 19 1
6701 62 1
6702 66 1
6703 98 1
6704 108 0
6705 37 1
6706 96 0
6707 37 0
6708 19 1
6709 116 1
6710 28 1
6711 173 0
6712 70 1
6713 127 1
6714 135 1
6715 163 1
6716 75 1
6717 72 0
6718 140 1
6719 73 1
6720 80 1
6721 28 0
6722 103 1
6723 170 1
6724 118 1
6725 181 0
6726 33 1
6727 0 1
6728 149 1
6729 186 0
6730 10 1
6731 183 1
6732 11 1
6733 158 1
6734 101 1
6735 77 1
6736 17 1
6737 154 0
6738 34 0
6739 176 1
6740 98 1
6741 163 1
6742 148 1
6743 166 1
6744 156 0
6745 137 1
6746 138 1
6747 184 1
6748 64 1
6749 165 1
6750 182 1
6751 23 1
6752 23 0
6753 64 1
6754 57 0
6755 142 1
6756 154 1
6757 151 0
6758 25 0
6759 87 1
6760 38 1
6761 92 1
6762 33 1
6763 122 0
6764 106 1
6765 76 1
6766 86 1
6767 44 0
6768 141 0
6769 99 0
6770 145 0
6771 98 1
6772 34 1
6773 89 1
6774 124 1
6775 105 1
6776 144 1
6777 135 1
6778 149 1
6779 88 1
6780 100 0
6781 32 1
6782 59 1
6783 160 1
6784 49 0
6785 23 0
6786 108 0
6787 49 0
6788 47 1
6789 186 1
6790 58 1
6791 130 1
6792 45 1
6793 56 1
6794 78 1
6795 127 1
6796 104 1
6797 41 1
6798 168 1
6799 176 1
6800 68 1
6801 87 1
6802 117 1
6803 182 1
6804 138 1
6805 12 1
6806 29 1
6807 74 1
6808 31 0
6809 133 1
6810 71 0
6811 83 0
6812 96 1
6813 84 0
6814 1 0
6815 157 1
6816 136 0
6817 109 0
6818 56 1
6819 161 1
6820 29 0
6821 134 1
6822 127 1
6823 184 0
6824 15 1
6825 63 1
6826 186 1
6827 7 1
6828 15 1
6829 102 1
6830 163 1
6831 138 0
6832 179 0
6833 40 0
6834 96 0
6835 53 0
6836 119 0
6837 47 1
6838 140 0
6839 81 1
6840 157 1
6841 174 1
6842 36 1
6843 182 1
6844 84 0
6845 0 0
6846 152 1
6847 155 1
6848 63 1
6849 123 0
6850 22 1
6851 148 1
6852 40 1
6853 132 1
6854 34 1
6855 12 1
6856 35 0
6857 92 1
6858 112 1
6859 122 0
6860 167 1
6861 52 0
6862 126 1
6863 20 0
6864 28 1
6865 92 1
6866 184 1
6867 55 1
6868 43 0
6869 149 1
6870 78 1
6871 13 1
6872 92 1
6873 184 0
6874 176 0
6875 76 0
6876 37 1
6877 31 1
6878 81 1
6879 28 0
6880 59 1
6881 23 0
6882 156 0
6883 92 1
6884 10 0
6885 89 1
6886 147 0
6887 133 1
6888 72 0
6889 187 0
6890 44 0
6891 27 0
6892 137 1
6893 109 1
6894 162 0
6895 71 1
6896 122 0
6897 89 0
6898 104 1
6899 102 1
6900 99 0
6901 67 1
6902 37 0
6903 42 1
6904 6 0
6905 101 1
6906 170 0
6907 64 0
6908 52 0
6909 13 1
6910 54 0
6911 60 0
6912 42 1
6913 11 1
6914 6 1
6915 57 0
6916 168 1
6917 97 1
6918 2 1
6919 179 1
6920 45 1
6921 179 1
6922 153 0
6923 10 1
6924 92 1
6925 164 1
6926 159 1
6927 187 1
6928 49 1
6929 24 0
6930 55 0
6931 161 1
6932 138 0
6933 172 1
6934 142 1
6935 13 1
6936 0 1
6937 147 0
6938 111 1
6939 155 1
6940 45 0
6941 93 1
6942 31 1
6943 82 1
6944 34 1
6945 67 0
6946 51 1
6947 56 0
6948 43 1
6949 6 1
6950 68 1
6951 117 0
6952 143 0
6953 18 0
6954 97 1
6955 13 1
6956 48 1
6957 23 0
6958 63 1
6959 91 0
6960 7 1
6961 119 1
6962 11 0
6963 180 1
6964 81 1
6965 104 1
6966 138 1
6967 82 1
6968 161 0
6969 24 1
6970 17 0
6971 9 0
6972 9 1
6973 76 0
6974 1 1
6975 170 1
6976 137 0
6977 187 0
6978 142 1
6979 0 1
6980 42 0
6981 116 1
6982 2 1
6983 139 0
6984 42 1
6985 98 1
6986 133 0
6987 124 1
6988 72 1
6989 27 0
6990 111 0
6991 134 1
6992 163 0
6993 74 1
6994 177 1
6995 152 1
6996 110 1
6997 8 0
6998 23 1
6999 20 1
7000 55 1
7001 57 0
7002 90 1
7003 75 1
7004 126 1
7005 33 0
7006 95 1
7007 43 1
7008 165 1
7009 120 1
7010 123 1
7011 49 0
7012 30 0
7013 90 0
7014 137 1
7015 171 0
7016 24 1
7017 177 0
7018 155 1
7019 142 1
7020 30 0
7021 7 1
7022 86 1
7023 128 1
7024 31 1
7025 149 1
7026 10 1
7027 132 1
7028 121 1
7029 145 0
7030 76 0
7031 59 0
7032 34 1
7033 147 0
7034 44 0
7035 146 1
7036 20 0
7037 63 1
7038 136 0
7039 34 0
7040 117 1
7041 66 1
7042 59 0
7043 31 0
7044 164 1
7045 46 1
7046 101 1
7047 85 1
7048 85 1
7049 68 1
7050 10 1
7051 67 0
7052 181 0
7053 1 1
7054 67 0
7055 161 0
7056 152 1
7057 55 1
7058 102 1
7059 187 1
7060 126 1
7061 63 0
7062 83 0
7063 175 1
7064 57 1
7065 42 0
7066 15 1
7067 29 1
7068 52 1
7069 1 0
7070 187 1
7071 47 1
7072 187 1
7073 38 1
7074 120 1
7075 112 0
7076 82 1
7077 31 1
7078 0 1
7079 78 1
7080 126 1
7081 56 0
7082 161 1
7083 81 0
7084 169 1
7085 77 0
7086 110 1
7087 63 1
7088 159 0
7089 142 1
7090 70 1
7091 15 1
7092 175 1
7093 182 0
7094 116 1
7095 165 0
7096 56 0
7097 8 1
7098 103 0
7099 175 1
7100 105 0
7101 184 1
7102 54 1
7103 0 1
7104 92 0
7105 49 1
7106 141 1
7107 179 1
7108 42 0
7109 168 1
7110 177 1
7111 26 1
7112 162 1
7113 6 0
7114 56 0
7115 26 1
7116 111 1
7117 52 0
7118 14 1
7119 122 0
7120 127 0
7121 65 1
7122 168 0
7123 5 0
7124 161 0
7125 182 1
7126 182 1
7127 59 0
7128 174 1
7129 98 1
7130 112 0
7131 136 1
7132 80 0
7133 132 0
7134 173 1
7135 65 1
7136 170 0
7137 177 1
7138 119 1
7139 174 1
7140 99 0
7141 107 1
7142 120 0
7143 113 1
7144 165 0
7145 81 1
7146 81 0
7147 176 1
7148 151 1
7149 187 1
7150 118 1
7151 113 1
7152 60 1
7153 184 1
7154 28 1
7155 16 1
7156 14 0
7157 84 0
7158 155 1
7159 104 1
7160 85 1
7161 85 1
7162 80 1
7163 71 1
7164 125 1
7165 43 1
7166 0 1
7167 88 1
7168 2 0
7169 171 0
7170 118 0
7171 89 1
7172 176 1
7173 10 1
7174 47 1
7175 139 0
7176 165 1
7177 163 0
7178 41 1
7179 152 0
7180 49 1
7181 85 1
7182 28 0
7183 41 1
7184 122 1
7185 181 0
7186 145 1
7187 117 0
7188 52 1
7189 140 0
7190 107 0
7191 95 1
7192 59 1
7193 5 1
7194 49 0
7195 130 1
7196 28 0
7197 12 1
7198 65 1
7199 139 0
7200 78 1
7201 105 1
7202 10 1
7203 32 0
7204 26 1
7205 93 1
7206 7 1
7207 149 1
7208 123 1
7209 30 1
7210 55 1
7211 135 1
7212 120 0
7213 4 1
7214 132 1
7215 49 1
7216 71 1
7217 110 1
7218 53 1
7219 76 1
7220 179 1
7221 25 1
7222 35 1
7223 185 1
7224 73 1
7225 75 1
7226 120 1
7227 76 1
7228 33 1
7229 34 1
7230 88 1
7231 52 0
7232 102 1
7233 174 1
7234 170 1
7235 166 1
7236 96 1
7237 92 1
7238 42 1
7239 34 0
7240 170 0
7241 175 0
7242 183 0
7243 139 1
7244 9 1
7245 125 1
7246 120 1
7247 1 1
7248 85 0
7249 53 1
7250 170 1
7251 160 0
7252 87 0
7253 74 1
7254 139 1
7255 176 1
7256 81 1
7257 87 1
7258 92 1
7259 36 0
7260 143 1
7261 130 1
7262 15 1
7263 42 1
7264 51 0
7265 31 1
7266 60 1
7267 164 1
7268 53 1
7269 21 0
7270 90 0
7271 125 1
7272 37 1
7273 179 0
7274 183 0
7275 94 1
7276 52 1
7277 146 1
7278 101 0
7279 152 0
7280 29 1
7281 118 1
7282 52 1
7283 168 0
7284 76 1
7285 109 0
7286 131 1
7287 149 1
7288 122 1
7289 94 1
7290 99 1
7291 0 0
7292 157 1
7293 15 1
7294 79 0
7295 87 1
7296 96 0
7297 129 1
7298 163 1
7299 185 0
7300 43 0
7301 149 1
7302 84 1
7303 19 1
7304 182 1
7305 68 1
7306 45 0
7307 40 1
7308 146 1
7309 137 0
7310 156 1
7311 10 0
7312 105 1
7313 144 1
7314 114 1
7315 131 1
7316 179 1
7317 8 0
7318 134 0
7319 145 0
7320 140 0
7321 17 1
7322 25 1
7323 64 0
7324 46 1
7325 6 1
7326 102 0
7327 10 0
7328 20 0
7329 100 1
7330 39 1
7331 36 1
7332 0 1
7333 157 0
7334 3 1
7335 127 0
7336 4 1
7337 4 1
7338 135 1
7339 65 0
7340 135 1
7341 127 1
7342 20 0
7343 69 1
7344 35 0
7345 107 1
7346 78 0
7347 156 1
7348 119 0
7349 77 0
7350 103 1
7351 9 1
7352 26 1
7353 69 1
7354 134 1
7355 86 1
7356 70 1
7357 63 1
7358 26 1
7359 62 1
7360 166 1
7361 119 1
7362 124 1
7363 187 1
7364 76 1
7365 109 0
7366 77 1
7367 151 0
7368 184 1
7369 8 0
7370 30 1
7371 144 0
7372 171 1
7373 122 0
7374 83 1
7375 122 1
7376 166 1
7377 170 0
7378 72 0
7379 22 1
7380 110 1
7381 4 1
7382 114 1
7383 35 1
7384 119 0
7385 105 1
7386 2 1
7387 182 0
7388 12 1
7389 167 0
7390 165 1
7391 21 1
7392 87 1
7393 111 0
7394 105 1
7395 52 1
7396 129 1
7397 79 1
7398 143 0
7399 30 0
7400 21 0
7401 87 1
7402 128 1
7403 181 0
7404 62 1
7405 168 1
7406 73 0
7407 115 1
7408 125 1
7409 64 0
7410 104 1
7411 54 0
7412 36 0
7413 33 1
7414 179 1
7415 117 1
7416 131 1
7417 88 0
7418 30 0
7419 76 1
7420 53 0
7421 183 1
7422 110 0
7423 151 0
7424 13 1
7425 142 0
7426 7 1
7427 163 0
7428 74 0
7429 154 1
7430 124 1
7431 131 1
7432 32 1
7433 4 0
7434 45 1
7435 138 1
7436 1 0
7437 89 1
7438 108 1
7439 90 1
7440 132 1
7441 171 1
7442 174 1
7443 183 1
7444 19 1
7445 178 1
7446 97 1
7447 143 1
7448 85 1
7449 55 1
7450 160 1
7451 160 0
7452 3 1
7453 16 1
7454 167 1
7455 165 1
7456 15 1
7457 63 1
7458 159 1
7459 114 1
7460 5 1
7461 66 1
7462 158 1
7463 164 0
7464 101 0
7465 117 0
7466 157 0
7467 166 1
7468 15 1
7469 15 1
7470 32 1
7471 38 1
7472 6 0
7473 169 0
7474 24 1
7475 88 0
7476 132 0
7477 64 1
7478 107 0
7479 89 0
7480 3 1
7481 145 0
7482 39 1
7483 184 0
7484 49 1
7485 101 1
7486 57 0
7487 182 1
7488 173 1
7489 160 1
7490 123 1
7491 159 1
7492 78 1
7493 33 1
7494 7 1
7495 70 0
7496 4 0
7497 35 0
7498 83 1
7499 150 0
7500 95 1
7501 11 1
7502 15 1
7503 79 0
7504 100 1
7505 62 1
7506 164 1
7507 154 1
7508 120 0
7509 173 1
7510 173 0
7511 1 1
7512 15 1
7513 153 0
7514 0 0
7515 28 0
7516 111 1
7517 180 0
7518 164 0
7519 179 1
7520 55 0
7521 164 1
7522 138 1
7523 19 1
7524 182 0
7525 61 1
7526 111 1
7527 21 1
7528 99 0
7529 22 1
7530 33 1
7531 127 0
7532 21 1
7533 136 1
7534 122 1
7535 125 0
7536 45 1
7537 74 0
7538 96 1
7539 118 1
7540 149 0
7541 121 1
7542 54 1
7543 63 1
7544 60 1
7545 117 1
7546 67 0
7547 35 0
7548 107 1
7549 17 1
7550 42 0
7551 152 1
7552 108 0
7553 135 0
7554 63 1
7555 158 1
7556 56 0
7557 28 0
7558 98 0
7559 61 1
7560 177 1
7561 49 1
7562 167 0
7563 77 1
7564 187 0
7565 60 1
7566 170 1
7567 181 0
7568 62 0
7569 159 1
7570 125 1
7571 81 0
7572 17 1
7573 156 1
7574 14 0
7575 139 1
7576 72 0
7577 180 1
7578 16 1
7579 1 1
7580 97 0
7581 176 1
7582 18 0
7583 33 1
7584 41 0
7585 70 1
7586 186 1
7587 92 1
7588 74 1
7589 183 1
7590 142 0
7591 23 1
7592 186 1
7593 129 1
7594 18 1
7595 81 1
7596 124 0
7597 58 1
7598 103 1
7599 88 0
7600 148 1
7601 55 1
7602 122 1
7603 25 1
7604 72 1
7605 148 0
7606 87 1
7607 36 1
7608 52 0
7609 152 1
7610 39 0
7611 49 1
7612 168 1
7613 103 0
7614 62 1
7615 40 0
7616 93 0
7617 100 0
7618 107 1
7619 88 1
7620 79 1
7621 1 0
7622 85 1
7623 48 0
7624 134 1
7625 71 1
7626 111 1
7627 134 0
7628 91 1
7629 174 0
7630 52 1
7631 176 1
7632 175 1
7633 37 0
7634 78 0
7635 70 1
7636 107 1
7637 0 1
7638 109 0
7639 73 0
7640 181 1
7641 93 1
7642 8 1
7643 7 0
7644 88 1
7645 184 1
7646 73 1
7647 150 1
7648 125 1
7649 18 1
7650 57 0
7651 105 1
7652 92 1
7653 100 1
7654 153 0
7655 0 1
7656 61 1
7657 183 0
7658 65 0
7659 100 1
7660 49 1
7661 158 0
7662 133 1
7663 114 0
7664 52 1
7665 86 1
7666 85 1
7667 18 1
7668 40 1
7669 122 1
7670 104 1
7671 16 0
7672 80 1
7673 99 0
7674 135 1
7675 164 1
7676 160 1
7677 50 1
7678 119 1
7679 176 1
7680 160 1
7681 144 0
7682 129 1
7683 98 1
7684 25 1
7685 39 1
7686 19 1
7687 38 0
7688 187 0
7689 109 1
7690 13 1
7691 182 0
7692 84 1
7693 91 1
7694 72 1
7695 50 0
7696 18 1
7697 86 1
7698 33 1
7699 181 1
7700 149 0
7701 187 0
7702 20 1
7703 132 1
7704 39 1
7705 138 0
7706 3 1
7707 157 1
7708 41 1
7709 154 1
7710 5 1
7711 22 0
7712 74 0
7713 103 1
7714 38 1
7715 165 1
7716 61 1
7717 100 1
7718 66 1
7719 153 1
7720 29 0
7721 21 1
7722 167 1
7723 51 1
7724 103 1
7725 66 0
7726 153 1
7727 64 0
7728 129 0
7729 147 1
7730 8 1
7731 99 0
7732 153 1
7733 83 1
7734 107 1
7735 120 0
7736 83 1
7737 33 1
7738 184 1
7739 135 0
7740 34 1
7741 20 1
7742 86 1
7743 91 1
7744 183 0
7745 127 1
7746 40 0
7747 6 1
7748 101 0
7749 89 0
7750 2 0
7751 20 0
7752 95 1
7753 12 0
7754 70 1
7755 122 1
7756 25 0
7757 87 1
7758 90 1
7759 71 1
7760 162 1
7761 22 1
7762 100 1
7763 71 1
7764 169 1
7765 85 1
7766 114 1
7767 1 1
7768 159 0
7769 44 0
7770 93 1
7771 9 1
7772 53 0
7773 94 1
7774 19 1
7775 161 1
7776 39 1
7777 59 1
7778 75 1
7779 16 1
7780 155 0
7781 160 1
7782 19 1
7783 34 1
7784 107 1
7785 83 1
7786 177 0
7787 183 1
7788 120 1
7789 49 1
7790 187 1
7791 185 0
7792 70 1
7793 42 0
7794 52 1
7795 135 1
7796 92 0
7797 33 1
7798 81 0
7799 153 1
7800 78 0
7801 132 0
7802 72 1
7803 161 0
7804 82 1
7805 77 0
7806 165 0
7807 172 1
7808 63 0
7809 126 1
7810 138 0
7811 67 1
7812 180 0
7813 86 1
7814 99 0
7815 125 1
7816 32 1
7817 108 1
7818 130 0
7819 161 1
7820 36 1
7821 157 1
7822 177 1
7823 113 1
7824 101 1
7825 32 0
7826 56 0
7827 25 1
7828 131 1
7829 174 0
7830 27 1
7831 84 1
7832 114 1
7833 27 0
7834 18 1
7835 132 1
7836 103 1
7837 119 1
7838 175 0
7839 9 1
7840 148 1
7841 71 0
7842 72 0
7843 186 0
7844 72 1
7845 109 1
7846 28 1
7847 90 1
7848 130 1
7849 130 0
7850 171 1
7851 66 0
7852 108 0
7853 43 1
7854 94 1
7855 116 1
7856 25 0
7857 72 1
7858 148 1
7859 164 0
7860 106 0
7861 64 1
7862 143 1
7863 21 1
7864 137 1
7865 165 1
7866 90 0
7867 2 1
7868 160 1
7869 38 1
7870 149 1
7871 54 1
7872 85 1
7873 15 1
7874 60 0
7875 11 1
7876 129 1
7877 165 1
7878 162 1
7879 101 1
7880 135 0
7881 27 1
7882 173 0
7883 100 0
7884 7 1
7885 144 1
7886 36 1
7887 7 1
7888 68 0
7889 31 1
7890 66 0
7891 159 0
7892 50 0
7893 91 1
7894 67 0
7895 0 0
7896 14 0
7897 172 0
7898 57 1
7899 77 1
7900 154 1
7901 86 1
7902 96 1
7903 107 0
7904 168 1
7905 89 1
7906 45 0
7907 174 0
7908 128 1
7909 52 1
7910 14 0
7911 142 0
7912 79 1
7913 148 0
7914 74 1
7915 186 1
7916 55 1
7917 26 0
7918 41 1
7919 179 1
7920 17 0
7921 1 0
7922 72 1
7923 90 1
7924 185 0
7925 141 1
7926 126 0
7927 161 0
7928 18 0
7929 18 0
7930 23 1
7931 185 0
7932 32 0
7933 93 0
7934 157 1
7935 28 0
7936 29 1
7937 169 0
7938 16 0
7939 46 0
7940 145 0
7941 146 1
7942 79 1
7943 32 1
7944 172 1
7945 1 1
7946 187 1
7947 137 1
7948 142 0
7949 38 1
7950 179 1
7951 30 1
7952 95 0
7953 53 1
7954 66 1
7955 57 0
7956 83 0
7957 38 0
7958 66 1
7959 71 0
7960 173 1
7961 110 0
7962 123 1
7963 137 1
7964 154 1
7965 1 1
7966 53 1
7967 97 1
7968 26 1
7969 123 1
7970 115 1
7971 47 1
7972 128 0
7973 105 0
7974 19 0
7975 178 1
7976 181 1
7977 42 0
7978 24 1
7979 6 1
7980 30 1
7981 0 1
7982 22 1
7983 95 0
7984 113 0
7985 140 0
7986 23 1
7987 102 1
7988 136 1
7989 159 0
7990 128 1
7991 25 1
7992 113 1
7993 170 1
7994 110 1
7995 181 1
7996 48 1
7997 155 1
7998 143 0
7999 51 1
8000 24 0
8001 92 1
8002 55 0
8003 132 1
8004 146 1
8005 24 0
8006 116 1
8007 140 1
8008 168 0
8009 111 0
8010 163 0
8011 94 0
8012 150 1
8013 147 0
8014 55 0
8015 38 0
8016 66 1
8017 59 1
8018 1 1
8019 178 1
8020 90 1
8021 166 0
8022 183 0
8023 180 0
8024 105 1
8025 117 0
8026 72 1
8027 36 0
8028 16 1
8029 3 1
8030 126 0
8031 14 1
8032 36 0
8033 58 1
8034 129 0
8035 117 0
8036 182 0
8037 170 0
8038 78 1
8039 16 1
8040 62 1
8041 128 1
8042 88 1
8043 100 1
8044 92 0
8045 39 0
8046 9 1
8047 86 0
8048 60 0
8049 14 1
8050 57 1
8051 153 1
8052 92 1
8053 93 1
8054 94 1
8055 30 1
8056 175 1
8057 34 1
8058 66 1
8059 44 1
8060 102 1
8061 172 1
8062 70 0
8063 88 0
8064 80 1
8065 63 0
8066 98 1
8067 53 1
8068 149 0
8069 37 1
8070 1 0
8071 144 1
8072 157 1
8073 184 1
8074 57 1
8075 178 0
8076 57 1
8077 134 1
8078 165 1
8079 69 1
8080 0 1
8081 179 1
8082 25 1
8083 33 0
8084 123 1
8085 94 1
8086 69 1
8087 113 0
8088 40 0
8089 126 1
8090 82 0
8091 120 1
8092 90 1
8093 78 1
8094 152 0
8095 177 1
8096 144 1
8097 64 1
8098 145 1
8099 20 0
8100 100 1
8101 17 1
8102 96 1
8103 140 1
8104 103 1
8105 98 1
8106 6 1
8107 69 1
8108 149 0
8109 28 1
8110 159 1
8111 78 1
8112 50 1
8113 149 1
8114 104 1
8115 20 1
8116 147 1
8117 49 1
8118 151 0
8119 123 0
8120 11 1
8121 184 0
8122 184 0
8123 166 1
8124 146 1
8125 2 0
8126 76 1
8127 165 1
8128 87 0
8129 186 1
8130 39 1
8131 71 1
8132 39 1
8133 173 0
8134 54 0
8135 69 1
8136 142 1
8137 15 1
8138 131 1
8139 147 1
8140 120 0
8141 139 1
8142 162 1
8143 187 1
8144 174 1
8145 117 1
8146 68 0
8147 143 1
8148 174 1
8149 110 1
8150 168 0
8151 38 1
8152 177 0
8153 124 0
8154 167 0
8155 74 1
8156 165 1
8157 40 1
8158 5 1
8159 133 1
8160 89 1
8161 16 1
8162 116 1
8163 78 1
8164 151 1
8165 74 1
8166 44 1
8167 186 1
8168 99 0
8169 17 1
8170 138 1
8171 110 1
8172 168 1
8173 186 1
8174 53 1
8175 164 1
8176 7 1
8177 45 1
8178 15 0
8179 157 0
8180 175 1
8181 42 0
8182 88 0
8183 184 0
8184 94 1
8185 130 0
8186 37 1
8187 23 0
8188 134 0
8189 3 0
8190 154 1
8191 74 1
8192 24 1
8193 148 0
8194 106 1
8195 70 0
8196 24 1
8197 57 1
8198 84 1
8199 164 1
8200 120 1
8201 87 1
8202 158 1
8203 107 1
8204 65 0
8205 88 0
8206 75 0
8207 56 1
8208 146 1
8209 3 1
8210 185 1
8211 90 1
8212 118 0
8213 66 1
8214 66 0
8215 126 0
8216 149 1
8217 19 1
8218 0 0
8219 20 0
8220 34 1
8221 96 1
8222 15 1
8223 140 1
8224 32 1
8225 157 1
8226 150 0
8227 171 0
8228 140 1
8229 27 0
8230 24 1
8231 68 1
8232 43 1
8233 90 1
8234 146 0
8235 41 0
8236 151 1
8237 33 1
8238 154 1
8239 3 1
8240 62 1
8241 148 1
8242 152 0
8243 36 1
8244 44 1
8245 174 1
8246 149 1
8247 107 0
8248 142 1
8249 100 0
8250 51 0
8251 145 1
8252 22 1
8253 164 1
8254 164 1
8255 107 1
8256 72 1
8257 182 1
8258 62 1
8259 73 0
8260 27 0
8261 39 1
8262 46 1
8263 45 1
8264 155 1
8265 152 1
8266 98 0
8267 85 1
8268 32 0
8269 41 1
8270 41 1
8271 99 1
8272 79 0
8273 14 1
8274 56 1
8275 43 0
8276 10 1
8277 4 1
8278 41 1
8279 108 0
8280 6 0
8281 148 0
8282 114 0
8283 88 1
8284 39 1
8285 19 0
8286 73 0
8287 58 1
8288 23 1
8289 89 0
8290 23 0
8291 95 1
8292 28 1
8293 142 1
8294 148 0
8295 10 1
8296 0 1
8297 54 1
8298 68 0
8299 125 1
8300 136 0
8301 52 1
8302 74 1
8303 38 0
8304 47 0
8305 161 1
8306 73 0
8307 157 1
8308 100 0
8309 34 0
8310 38 0
8311 79 1
8312 187 1
8313 137 1
8314 141 1
8315 107 1
8316 150 0
8317 163 1
8318 134 1
8319 117 0
8320 142 1
8321 185 1
8322 160 1
8323 180 1
8324 61 1
8325 65 0
8326 123 0
8327 2 1
8328 143 1
8329 2 1
8330 145 1
8331 117 0
8332 133 1
8333 75 1
8334 107 0
8335 5 0
8336 96 1
8337 140 1
8338 20 0
8339 4 1
8340 90 1
8341 114 1
8342 147 1
8343 81 0
8344 0 1
8345 130 0
8346 57 1
8347 185 0
8348 152 1
8349 133 1
8350 9 0
8351 184 1
8352 5 0
8353 37 1
8354 12 1
8355 40 0
8356 44 0
8357 181 1
8358 134 1
8359 157 1
8360 21 1
8361 144 1
8362 158 0
8363 64 1
8364 145 0
8365 58 0
8366 13 1
8367 124 1
8368 55 0
8369 164 1
8370 68 0
8371 155 1
8372 154 1
8373 47 1
8374 154 0
8375 99 1
8376 47 1
8377 118 0
8378 128 1
8379 4 1
8380 124 1
8381 173 1
8382 170 1
8383 88 0
8384 135 1
8385 157 1
8386 65 0
8387 59 1
8388 16 0
8389 64 0
8390 174 1
8391 22 1
8392 83 0
8393 171 1
8394 66 0
8395 42 1
8396 102 0
8397 140 1
8398 0 0
8399 174 1
8400 157 1
8401 83 1
8402 12 0
8403 65 1
8404 181 0
8405 63 1
8406 158 1
8407 133 0
8408 89 1
8409 129 1
8410 156 1
8411 158 1
8412 62 1
8413 87 0
8414 15 1
8415 131 1
8416 148 1
8417 138 0
8418 169 1
8419 121 0
8420 10 1
8421 75 1
8422 133 1
8423 85 0
8424 69 0
8425 121 0
8426 130 0
8427 39 0
8428 67 0
8429 0 0
8430 63 0
8431 119 1
8432 157 0
8433 116 1
8434 17 1
8435 166 1
8436 29 1
8437 59 1
8438 125 1
8439 128 1
8440 36 1
8441 163 1
8442 18 1
8443 103 1
8444 5 0
8445 151 1
8446 166 1
8447 93 1
8448 84 1
8449 139 1
8450 55 0
8451 181 0
8452 154 1
8453 179 1
8454 61 1
8455 30 0
8456 45 1
8457 8 1
8458 72 1
8459 12 0
8460 147 1
8461 79 1
8462 178 0
8463 125 1
8464 57 0
8465 40 0
8466 57 0
8467 129 1
8468 69 0
8469 47 0
8470 103 1
8471 160 1
8472 134 1
8473 76 1
8474 144 0
8475 29 0
8476 185 0
8477 92 1
8478 24 1
8479 114 0
8480 38 0
8481 58 1
8482 171 0
8483 171 1
8484 51 0
8485 115 0
8486 39 1
8487 99 0
8488 120 1
8489 125 1
8490 9 0
8491 43 1
8492 6 1
8493 45 1
8494 98 0
8495 43 1
8496 177 1
8497 96 1
8498 32 1
8499 145 1
8500 110 0
8501 34 1
8502 24 1
8503 68 1
8504 53 1
8505 85 1
8506 91 1
8507 120 1
8508 9 0
8509 59 1
8510 121 1
8511 55 0
8512 68 1
8513 15 1
8514 164 0
8515 48 1
8516 165 0
8517 100 0
8518 147 0
8519 78 1
8520 37 0
8521 7 1
8522 37 0
8523 89 0
8524 90 0
8525 153 1
8526 115 0
8527 66 1
8528 36 1
8529 147 0
8530 106 0
8531 151 1
8532 141 1
8533 17 1
8534 96 1
8535 46 0
8536 3 1
8537 126 1
8538 165 1
8539 18 1
8540 40 1
8541 23 1
8542 56 1
8543 14 0
8544 35 0
8545 157 1
8546 33 1
8547 157 1
8548 115 1
8549 19 1
8550 134 1
8551 21 1
8552 51 1
8553 42 1
8554 38 0
8555 28 1
8556 96 0
8557 97 1
8558 4 1
8559 108 0
8560 69 1
8561 46 1
8562 9 1
8563 88 1
8564 54 0
8565 12 1
8566 105 0
8567 1 1
8568 44 1
8569 117 0
8570 36 0
8571 25 1
8572 60 1
8573 148 0
8574 30 1
8575 156 1
8576 146 1
8577 133 0
8578 150 1
8579 144 0
8580 74 0
8581 136 1
8582 122 1
8583 12 1
8584 113 1
8585 114 0
8586 138 1
8587 145 1
8588 58 1
8589 126 0
8590 105 0
8591 120 1
8592 41 1
8593 83 1
8594 32 0
8595 139 0
8596 128 0
8597 81 0
8598 89 1
8599 94 1
8600 154 1
8601 27 1
8602 143 0
8603 166 1
8604 141 0
8605 35 0
8606 132 1
8607 174 1
8608 85 1
8609 41 0
8610 160 0
8611 19 1
8612 132 1
8613 28 1
8614 6 1
8615 99 1
8616 6 1
8617 61 1
8618 162 1
8619 163 0
8620 9 0
8621 37 1
8622 150 1
8623 178 1
8624 76 1
8625 29 0
8626 144 0
8627 82 1
8628 81 0
8629 173 1
8630 164 0
8631 45 1
8632 142 1
8633 131 1
8634 78 1
8635 163 1
8636 169 1
8637 160 1
8638 20 1
8639 43 1
8640 114 1
8641 77 1
8642 172 0
8643 22 1
8644 13 1
8645 18 0
8646 23 1
8647 159 1
8648 169 1
8649 93 1
8650 142 0
8651 79 0
8652 65 1
8653 187 0
8654 135 1
8655 113 0
8656 46 1
8657 184 1
8658 26 0
8659 28 0
8660 146 0
8661 29 0
8662 41 1
8663 147 1
8664 36 1
8665 135 1
8666 173 1
8667 165 0
8668 10 0
8669 67 1
8670 138 1
8671 139 1
8672 47 1
8673 79 1
8674 85 0
8675 46 0
8676 18 0
8677 25 0
8678 128 0
8679 14 1
8680 88 1
8681 18 1
8682 108 1
8683 55 1
8684 92 1
8685 8 0
8686 167 1
8687 23 1
8688 146 1
8689 152 1
8690 74 0
8691 87 1
8692 70 1
8693 83 0
8694 148 0
8695 39 0
8696 111 0
8697 122 0
8698 173 0
8699 82 1
8700 96 1
8701 173 1
8702 169 0
8703 153 0
8704 43 1
8705 102 0
8706 112 1
8707 141 0
8708 165 1
8709 125 1
8710 186 1
8711 174 1
8712 153 1
8713 73 0
8714 81 1
8715 29 1
8716 57 1
8717 184 1
8718 142 1
8719 29 1
8720 132 1
8721 46 1
8722 65 1
8723 171 1
8724 88 0
8725 168 0
8726 16 1
8727 128 1
8728 126 1
8729 120 0
8730 101 0
8731 129 1
8732 27 1
8733 61 1
8734 20 1
8735 31 1
8736 35 1
8737 72 0
8738 129 1
8739 75 1
8740 27 1
8741 168 0
8742 142 0
8743 145 1
8744 54 0
8745 153 0
8746 91 1
8747 179 1
8748 152 0
8749 152 1
8750 75 1
8751 68 1
8752 126 0
8753 75 1
8754 180 1
8755 149 1
8756 138 0
8757 183 1
8758 169 1
8759 38 1
8760 82 1
8761 56 1
8762 29 1
8763 155 0
8764 31 1
8765 98 0
8766 168 0
8767 13 1
8768 104 0
8769 157 1
8770 171 1
8771 116 0
8772 111 1
8773 146 0
8774 116 1
8775 61 1
8776 51 0
8777 115 0
8778 28 1
8779 7 0
8780 67 1
8781 30 0
8782 136 1
8783 17 1
8784 184 1
8785 81 1
8786 157 1
8787 101 1
8788 173 1
8789 105 0
8790 176 0
8791 44 1
8792 147 0
8793 52 1
8794 107 1
8795 167 1
8796 149 1
8797 85 1
8798 37 0
8799 14 0
8800 140 0
8801 13 1
8802 36 1
8803 122 0
8804 38 0
8805 56 0
8806 138 0
8807 185 0
8808 124 1
8809 17 1
8810 93 1
8811 81 1
8812 177 0
8813 84 1
8814 12 0
8815 61 1
8816 125 1
8817 6 0
8818 53 1
8819 115 1
8820 168 1
8821 49 1
8822 68 1
8823 147 1
8824 148 1
8825 100 1
8826 92 1
8827 160 1
8828 92 1
8829 41 0
8830 86 1
8831 1 1
8832 108 1
8833 117 0
8834 68 1
8835 184 1
8836 80 0
8837 98 0
8838 144 1
8839 16 1
8840 154 0
8841 22 1
8842 42 1
8843 5 1
8844 171 1
8845 170 1
8846 80 0
8847 145 1
8848 44 1
8849 146 0
8850 171 1
8851 93 1
8852 120 1
8853 75 1
8854 113 1
8855 112 1
8856 140 0
8857 123 1
8858 182 1
8859 180 0
8860 38 1
8861 99 1
8862 78 0
8863 102 0
8864 63 0
8865 167 0
8866 15 1
8867 161 1
8868 127 1
8869 75 1
8870 72 0
8871 65 1
8872 186 1
8873 70 1
8874 180 1
8875 158 1
8876 156 0
8877 80 0
8878 58 1
8879 33 1
8880 55 0
8881 152 0
8882 16 0
8883 1 1
8884 106 1
8885 129 1
8886 7 1
8887 186 0
8888 126 0
8889 186 1
8890 130 1
8891 80 1
8892 90 0
8893 10 1
8894 86 1
8895 66 0
8896 176 1
8897 7 0
8898 89 0
8899 80 0
8900 16 1
8901 50 0
8902 147 0
8903 150 1
8904 49 1
8905 135 1
8906 169 1
8907 142 1
8908 51 0
8909 15 1
8910 128 1
8911 143 1
8912 45 1
8913 52 1
8914 23 1
8915 73 1
8916 154 0
8917 184 0
8918 36 1
8919 131 1
8920 38 1
8921 128 0
8922 90 0
8923 142 1
8924 167 1
8925 24 1
8926 172 1
8927 35 1
8928 182 0
8929 163 1
8930 153 0
8931 178 1
8932 36 1
8933 165 1
8934 64 1
8935 89 0
8936 172 0
8937 174 1
8938 44 1
8939 28 1
8940 30 0
8941 63 0
8942 84 0
8943 43 1
8944 119 1
8945 28 1
8946 119 1
8947 135 1
8948 56 1
8949 159 0
8950 86 0
8951 87 1
8952 141 1
8953 144 1
8954 13 1
8955 74 1
8956 89 0
8957 178 1
8958 48 1
8959 184 0
8960 172 1
8961 115 0
8962 95 1
8963 2 1
8964 40 1
8965 136 1
8966 85 1
8967 128 0
8968 108 0
8969 89 0
8970 121 0
8971 29 1
8972 112 1
8973 128 0
8974 54 1
8975 4 1
8976 81 1
8977 6 0
8978 115 1
8979 71 0
8980 102 1
8981 25 0
8982 174 1
8983 158 1
8984 33 1
8985 80 0
8986 34 1
8987 42 1
8988 129 1
8989 172 1
8990 159 1
8991 86 1
8992 160 0
8993 160 0
8994 32 0
8995 106 1
8996 115 1
8997 66 1
8998 148 1
8999 128 0
9000 28 1
9001 81 0
9002 129 1
9003 73 1
9004 157 0
9005 118 0
9006 166 1
9007 180 1
9008 160 1
9009 90 1
9010 60 1
9011 71 0
9012 72 1
9013 20 1
9014 106 1
9015 78 1
9016 100 1
9017 60 1
9018 26 0
9019 165 1
9020 3 1
9021 124 0
9022 164 1
9023 172 0
9024 65 1
9025 5 1
9026 82 0
9027 164 0
9028 78 1
9029 51 1
9030 77 1
9031 182 1
9032 33 1
9033 152 1
9034 121 1
9035 107 1
9036 88 1
9037 158 0
9038 25 1
9039 65 1
9040 28 1
9041 80 0
9042 131 0
9043 129 0
9044 173 1
9045 2 1
9046 173 1
9047 105 1
9048 104 1
9049 130 0
9050 62 0
9051 93 0
9052 25 1
9053 147 1
9054 17 1
9055 5 0
9056 146 1
9057 20 1
9058 141 1
9059 44 1
9060 125 0
9061 54 0
9062 95 0
9063 181 1
9064 160 0
9065 48 0
9066 36 1
9067 116 1
9068 137 1
9069 164 1
9070 99 1
9071 64 1
9072 66 0
9073 80 0
9074 29 1
9075 11 0
9076 34 1
9077 129 1
9078 88 1
9079 141 0
9080 41 1
9081 146 0
9082 76 1
9083 71 1
9084 150 0
9085 44 0
9086 149 1
9087 171 1
9088 57 1
9089 100 1
9090 119 1
9091 173 0
9092 160 1
9093 96 0
9094 32 0
9095 52 1
9096 171 1
9097 83 0
9098 16 1
9099 137 1
9100 134 1
9101 92 1
9102 34 1
9103 176 1
9104 71 1
9105 179 1
9106 63 0
9107 88 1
9108 75 0
9109 27 1
9110 98 0
9111 113 1
9112 21 0
9113 5 0
9114 94 1
9115 68 1
9116 67 0
9117 69 1
9118 47 1
9119 6 0
9120 77 1
9121 53 1
9122 145 1
9123 39 1
9124 70 0
9125 72 1
9126 145 1
9127 113 1
9128 57 1
9129 67 1
9130 4 1
9131 124 1
9132 39 1
9133 106 0
9134 182 1
9135 137 1
9136 161 0
9137 75 1
9138 8 1
9139 83 1
9140 112 0
9141 110 1
9142 16 1
9143 99 0
9144 154 1
9145 156 1
9146 46 1
9147 162 1
9148 30 1
9149 105 0
9150 124 1
9151 148 1
9152 41 1
9153 148 1
9154 14 0
9155 59 0
9156 130 1
9157 128 1
9158 16 1
9159 83 1
9160 71 1
9161 5 0
9162 76 0
9163 67 1
9164 112 0
9165 184 1
9166 91 1
9167 10 1
9168 164 1
9169 113 1
9170 13 1
9171 50 1
9172 85 1
9173 153 1
9174 82 0
9175 68 1
9176 151 1
9177 135 0
9178 36 1
9179 11 0
9180 119 1
9181 61 1
9182 15 1
9183 18 1
9184 41 1
9185 35 1
9186 167 1
9187 181 1
9188 7 1
9189 29 1
9190 58 0
9191 107 0
9192 154 1
9193 113 0
9194 69 0
9195 83 1
9196 183 0
9197 74 1
9198 147 1
9199 55 1
9200 155 1
9201 38 1
9202 107 1
9203 130 0
9204 109 0
9205 68 1
9206 121 1
9207 53 1
9208 42 1
9209 90 1
9210 35 0
9211 163 1
9212 62 1
9213 93 0
9214 141 1
9215 74 1
9216 170 1
9217 54 1
9218 76 1
9219 136 1
9220 20 1
9221 29 0
9222 124 1
9223 160 0
9224 181 1
9225 142 1
9226 101 1
9227 110 1
9228 99 1
9229 49 0
9230 96 0
9231 93 1
9232 169 0
9233 100 1
9234 8 0
9235 175 1
9236 117 0
9237 101 0
9238 31 0
9239 84 1
9240 69 1
9241 36 0
9242 89 1
9243 77 1
9244 27 0
9245 173 1
9246 63 1
9247 134 0
9248 23 1
9249 33 1
9250 147 0
9251 180 0
9252 158 0
9253 182 1
9254 167 1
9255 10 1
9256 49 0
9257 30 0
9258 125 1
9259 71 1
9260 47 1
