4287
1 688 0
2 301 1
3 725 1
4 248 0
5 525 1
6 621 0
7 173 1
8 30 0
9 322 0
10 262 0
11 690 1
12 237 0
13 762 1
14 653 1
15 757 1
16 38 1
17 508 1
18 727 1
19 108 1
20 744 1
21 77 1
22 689 0
23 149 1
24 686 1
25 564 0
26 664 1
27 752 0
28 421 0
29 526 1
30 307 1
31 109 1
32 431 1
33 751 1
34 735 0
35 667 1
36 443 1
37 613 1
38 295 1
39 386 1
40 534 1
41 114 1
42 740 1
43 218 0
44 499 0
45 353 1
46 496 0
47 36 0
48 380 1
49 620 1
50 181 0
51 14 0
52 566 1
53 641 1
54 690 1
55 26 1
56 162 1
57 540 0
58 657 1
59 597 1
60 737 0
61 497 1
62 713 0
63 695 1
64 621 1
65 393 0
66 20 1
67 727 1
68 685 0
69 747 0
70 164 1
71 717 1
72 565 1
73 529 0
74 134 1
75 497 1
76 195 1
77 289 1
78 61 1
79 185 1
80 67 1
81 370 1
82 636 1
83 740 1
84 234 1
85 464 1
86 30 1
87 374 0
88 207 1
89 701 1
90 148 1
91 513 0
92 726 1
93 201 0
94 671 0
95 705 1
96 199 1
97 127 1
98 706 1
99 275 0
100 473 0
101 222 1
102 39 1
103 748 0
104 34 1
105 654 1
106 416 1
107 241 1
108 88 1
109 49 1
110 63 1
111 33 1
112 363 1
113 398 1
114 327 1
115 544 1
116 714 0
117 188 1
118 313 1
119 300 1
120 155 1
121 596 0
122 239 1
123 598 0
124 164 1
125 738 1
126 285 0
127 556 1
128 231 1
129 668 0
130 162 1
131 243 1
132 512 0
133 164 0
134 669 0
135 58 1
136 302 1
137 279 1
138 376 1
139 519 0
140 409 1
141 418 1
142 562 1
143 643 0
144 397 0
145 236 1
146 641 0
147 320 0
148 211 1
149 98 1
150 598 1
151 238 0
152 44 0
153 325 0
154 696 0
155 612 0
156 220 1
157 684 1
158 473 1
159 110 1
160 757 1
161 729 1
162 126 1
163 321 1
164 67 1
165 518 1
166 575 1
167 449 1
168 224 1
169 340 1
170 154 0
171 144 1
172 101 0
173 457 0
174 274 0
175 744 1
176 564 1
177 549 1
178 707 1
179 678 0
180 173 0
181 324 0
182 136 1
183 667 1
184 82 1
185 165 0
186 494 0
187 677 1
188 372 1
189 469 1
190 170 1
191 562 0
192 455 1
193 309 1
194 515 1
195 54 1
196 717 1
197 320 1
198 452 1
199 99 0
200 114 1
201 421 1
202 224 1
203 88 1
204 700 0
205 542 1
206 655 1
207 140 1
208 334 1
209 40 0
210 737 0
211 422 0
212 123 1
213 426 1
214 199 1
215 759 0
216 90 1
217 571 1
218 396 1
219 210 1
220 101 1
221 502 1
222 741 1
223 400 1
224 391 1
225 460 1
226 184 1
227 701 0
228 93 1
229 116 0
230 187 1
231 671 0
232 174 1
233 307 0
234 436 1
235 552 1
236 153 0
237 593 1
238 230 0
239 505 1
240 317 1
241 634 0
242 315 1
243 459 0
244 230 0
245 1 1
246 336 0
247 760 1
248 100 1
249 731 1
250 468 0
251 374 1
252 105 1
253 401 1
254 495 1
255 607 0
256 339 1
257 198 0
258 344 1
259 363 1
260 118 1
261 642 0
262 754 1
263 614 1
264 238 0
265 274 1
266 747 1
267 628 1
268 150 0
269 72 1
270 53 1
271 757 1
272 104 0
273 763 1
274 148 1
275 673 1
276 25 1
277 20 0
278 135 0
279 517 1
280 98 0
281 380 1
282 740 1
283 583 0
284 156 1
285 69 1
286 285 1
287 668 1
288 733 1
289 72 1
290 675 0
291 31 1
292 594 1
293 364 0
294 335 1
295 403 1
296 208 1
297 164 0
298 675 1
299 373 1
300 352 0
301 691 0
302 219 1
303 261 0
304 558 0
305 717 1
306 378 1
307 52 1
308 99 1
309 651 0
310 599 1
311 519 1
312 721 1
313 289 1
314 380 1
315 346 1
316 405 1
317 604 1
318 580 1
319 461 1
320 498 1
321 490 0
322 461 1
323 32 1
324 259 1
325 645 1
326 622 0
327 549 1
328 381 0
329 508 1
330 35 1
331 378 1
332 76 1
333 365 1
334 381 1
335 679 0
336 538 1
337 705 1
338 596 0
339 28 1
340 720 0
341 598 1
342 722 1
343 38 0
344 520 1
345 749 0
346 701 1
347 646 1
348 643 0
349 669 0
350 721 1
351 437 1
352 636 1
353 377 1
354 413 1
355 205 0
356 379 1
357 594 0
358 69 1
359 322 1
360 478 0
361 445 1
362 732 1
363 426 1
364 221 1
365 517 1
366 211 1
367 737 0
368 214 0
369 197 1
370 404 1
371 229 1
372 90 0
373 2 0
374 339 1
375 49 1
376 696 1
377 115 1
378 470 1
379 156 0
380 586 1
381 169 1
382 512 0
383 529 0
384 488 1
385 238 1
386 430 1
387 559 0
388 174 1
389 330 1
390 186 0
391 630 0
392 173 0
393 78 1
394 587 1
395 220 1
396 208 1
397 90 0
398 595 1
399 330 1
400 646 1
401 94 0
402 335 1
403 481 1
404 515 1
405 322 0
406 74 1
407 467 0
408 583 0
409 541 1
410 430 0
411 112 1
412 100 1
413 242 1
414 122 1
415 247 0
416 441 1
417 379 1
418 294 0
419 170 0
420 555 1
421 394 1
422 329 1
423 176 0
424 641 1
425 617 1
426 13 1
427 593 1
428 582 0
429 459 1
430 707 1
431 422 1
432 347 1
433 393 0
434 545 1
435 751 1
436 705 1
437 263 1
438 125 1
439 65 1
440 42 0
441 721 1
442 296 1
443 235 0
444 683 1
445 532 1
446 285 1
447 657 0
448 224 1
449 575 1
450 497 1
451 404 0
452 240 1
453 356 1
454 757 1
455 366 1
456 754 1
457 155 1
458 586 1
459 462 0
460 385 1
461 13 0
462 416 1
463 604 1
464 605 1
465 710 1
466 273 1
467 73 1
468 665 1
469 114 1
470 501 1
471 340 0
472 518 1
473 423 0
474 602 1
475 493 1
476 413 0
477 542 1
478 60 0
479 4 1
480 443 1
481 302 1
482 362 1
483 465 1
484 455 1
485 568 1
486 359 0
487 679 1
488 704 0
489 451 1
490 171 0
491 412 0
492 334 1
493 647 1
494 219 0
495 360 1
496 665 1
497 263 1
498 337 1
499 173 1
500 191 0
501 216 1
502 534 1
503 313 1
504 181 0
505 313 1
506 592 1
507 170 1
508 214 1
509 270 1
510 3 0
511 745 1
512 592 1
513 230 1
514 621 0
515 190 1
516 29 1
517 664 0
518 602 1
519 686 0
520 209 1
521 20 1
522 259 1
523 261 0
524 309 1
525 206 0
526 46 1
527 281 1
528 495 1
529 452 1
530 565 0
531 463 1
532 350 1
533 42 1
534 572 1
535 270 1
536 262 1
537 116 1
538 548 1
539 645 0
540 209 0
541 53 0
542 688 1
543 609 1
544 497 0
545 67 1
546 239 1
547 541 1
548 542 1
549 75 1
550 195 1
551 430 1
552 703 0
553 630 0
554 640 0
555 226 0
556 661 1
557 54 1
558 614 0
559 300 1
560 194 1
561 292 0
562 549 1
563 672 1
564 300 1
565 740 1
566 393 0
567 253 1
568 602 1
569 115 1
570 343 0
571 626 1
572 271 0
573 122 1
574 578 1
575 531 0
576 90 1
577 89 1
578 190 1
579 265 1
580 43 0
581 701 0
582 294 0
583 483 0
584 372 1
585 673 0
586 240 1
587 604 1
588 97 0
589 696 1
590 448 1
591 332 0
592 584 1
593 478 0
594 483 1
595 214 1
596 633 1
597 263 0
598 755 1
599 358 1
600 228 1
601 311 1
602 448 1
603 629 0
604 525 1
605 105 0
606 321 0
607 396 1
608 160 1
609 630 0
610 152 1
611 54 0
612 645 0
613 247 1
614 713 1
615 645 1
616 520 0
617 294 0
618 755 1
619 397 1
620 433 1
621 372 0
622 241 1
623 195 0
624 527 1
625 278 0
626 554 1
627 349 1
628 715 0
629 717 1
630 85 1
631 488 1
632 437 1
633 457 0
634 239 1
635 591 1
636 308 1
637 728 0
638 616 1
639 184 0
640 632 1
641 707 0
642 95 0
643 154 1
644 537 0
645 707 1
646 3 1
647 528 0
648 511 1
649 517 1
650 375 1
651 307 1
652 540 1
653 116 1
654 76 1
655 418 1
656 62 1
657 430 1
658 300 0
659 618 1
660 756 1
661 761 0
662 288 1
663 434 0
664 43 0
665 433 1
666 178 0
667 401 1
668 660 1
669 759 1
670 467 1
671 746 1
672 421 1
673 337 1
674 644 1
675 509 0
676 48 1
677 278 0
678 328 1
679 19 1
680 198 1
681 440 1
682 78 1
683 745 0
684 243 1
685 425 1
686 34 1
687 124 1
688 465 0
689 477 1
690 301 1
691 629 0
692 375 1
693 336 0
694 504 1
695 308 0
696 459 1
697 312 1
698 474 0
699 225 1
700 681 1
701 311 1
702 290 1
703 471 0
704 548 1
705 750 0
706 52 1
707 499 1
708 404 1
709 14 1
710 492 0
711 78 1
712 371 1
713 22 0
714 749 0
715 446 0
716 132 1
717 679 1
718 494 1
719 63 0
720 632 1
721 425 0
722 310 1
723 762 1
724 295 1
725 507 1
726 400 1
727 272 1
728 276 0
729 501 1
730 191 1
731 639 1
732 239 1
733 47 0
734 237 1
735 659 0
736 573 0
737 439 1
738 194 0
739 481 1
740 96 0
741 576 0
742 458 0
743 152 0
744 26 1
745 294 1
746 134 1
747 607 0
748 370 1
749 757 1
750 414 1
751 362 1
752 270 0
753 754 0
754 120 1
755 603 1
756 692 1
757 13 1
758 145 0
759 419 1
760 118 1
761 104 1
762 530 1
763 277 1
764 250 1
765 43 1
766 569 1
767 120 0
768 506 0
769 537 1
770 229 1
771 143 0
772 87 1
773 256 1
774 388 0
775 469 1
776 272 0
777 60 1
778 170 0
779 237 1
780 255 0
781 735 1
782 751 1
783 548 1
784 265 1
785 2 1
786 410 0
787 365 0
788 718 1
789 730 1
790 530 1
791 148 0
792 308 1
793 139 1
794 611 0
795 198 1
796 307 0
797 575 0
798 324 1
799 18 0
800 394 0
801 383 0
802 581 0
803 536 1
804 254 1
805 175 0
806 651 1
807 121 1
808 597 0
809 321 1
810 286 1
811 192 0
812 753 1
813 120 0
814 426 1
815 550 0
816 158 1
817 508 1
818 632 1
819 157 1
820 496 1
821 204 1
822 721 1
823 574 1
824 651 1
825 228 1
826 364 0
827 765 1
828 73 1
829 663 0
830 673 0
831 619 0
832 331 1
833 105 0
834 706 1
835 383 1
836 661 1
837 467 0
838 213 1
839 53 1
840 470 1
841 687 1
842 2 0
843 71 1
844 106 0
845 640 1
846 482 0
847 495 0
848 155 1
849 311 1
850 512 1
851 598 1
852 583 0
853 674 1
854 225 1
855 195 1
856 308 1
857 64 1
858 103 1
859 36 0
860 520 1
861 288 1
862 470 1
863 0 0
864 267 1
865 371 1
866 657 1
867 137 1
868 152 0
869 570 1
870 72 0
871 373 0
872 532 1
873 342 0
874 223 1
875 144 1
876 705 1
877 279 1
878 100 0
879 685 1
880 242 0
881 98 1
882 559 1
883 673 0
884 697 1
885 389 1
886 127 1
887 34 1
888 500 1
889 595 0
890 55 1
891 0 1
892 473 1
893 470 1
894 625 0
895 241 1
896 746 1
897 300 1
898 641 0
899 202 1
900 751 0
901 641 0
902 654 0
903 422 1
904 352 0
905 411 1
906 292 1
907 52 0
908 406 1
909 222 1
910 562 1
911 17 0
912 519 0
913 383 1
914 591 1
915 616 0
916 476 0
917 339 1
918 468 0
919 52 1
920 313 0
921 462 0
922 590 1
923 254 0
924 686 0
925 497 0
926 657 0
927 326 0
928 132 1
929 455 1
930 594 1
931 600 1
932 447 1
933 319 1
934 651 1
935 620 0
936 135 0
937 454 1
938 130 1
939 606 1
940 135 1
941 599 1
942 152 0
943 87 1
944 168 1
945 308 1
946 497 1
947 717 1
948 32 1
949 394 1
950 357 1
951 116 1
952 630 0
953 518 0
954 578 1
955 461 1
956 346 1
957 390 1
958 520 1
959 432 0
960 319 1
961 335 1
962 184 0
963 296 1
964 272 0
965 550 1
966 239 1
967 422 1
968 536 0
969 514 0
970 532 1
971 12 0
972 153 0
973 610 1
974 180 1
975 246 1
976 668 1
977 201 0
978 167 1
979 368 1
980 487 0
981 368 0
982 468 1
983 480 0
984 198 1
985 303 0
986 437 1
987 493 1
988 368 0
989 564 1
990 265 1
991 699 0
992 275 1
993 319 0
994 631 0
995 597 1
996 490 1
997 729 0
998 224 1
999 147 1
1000 671 1
1001 37 0
1002 65 1
1003 232 1
1004 519 1
1005 633 1
1006 490 0
1007 601 0
1008 350 1
1009 157 1
1010 491 1
1011 633 1
1012 188 1
1013 474 1
1014 689 0
1015 484 1
1016 721 1
1017 236 1
1018 703 0
1019 104 1
1020 565 1
1021 474 1
1022 603 1
1023 355 1
1024 529 0
1025 468 0
1026 151 1
1027 536 1
1028 166 1
1029 51 1
1030 515 0
1031 334 0
1032 358 0
1033 140 1
1034 690 1
1035 751 1
1036 698 1
1037 429 0
1038 68 1
1039 373 0
1040 598 0
1041 151 0
1042 412 1
1043 389 1
1044 231 0
1045 318 0
1046 276 1
1047 516 1
1048 108 1
1049 163 1
1050 618 1
1051 587 1
1052 673 1
1053 320 0
1054 686 1
1055 638 1
1056 420 1
1057 151 1
1058 11 1
1059 710 0
1060 281 1
1061 705 1
1062 216 0
1063 76 1
1064 413 1
1065 422 1
1066 104 1
1067 465 0
1068 144 0
1069 403 0
1070 14 0
1071 232 1
1072 715 1
1073 150 0
1074 224 1
1075 686 0
1076 7 1
1077 713 1
1078 315 1
1079 613 1
1080 744 1
1081 293 1
1082 579 0
1083 510 1
1084 429 1
1085 438 0
1086 72 1
1087 111 1
1088 354 0
1089 49 1
1090 421 1
1091 734 1
1092 594 1
1093 718 1
1094 4 1
1095 172 1
1096 485 1
1097 481 0
1098 109 1
1099 672 1
1100 22 1
1101 215 1
1102 314 0
1103 533 1
1104 653 1
1105 132 0
1106 201 1
1107 387 0
1108 432 1
1109 239 1
1110 556 0
1111 485 0
1112 594 1
1113 224 1
1114 492 1
1115 125 1
1116 540 0
1117 676 1
1118 732 1
1119 407 0
1120 325 1
1121 577 1
1122 290 1
1123 621 1
1124 189 1
1125 458 1
1126 223 1
1127 670 1
1128 445 0
1129 754 1
1130 740 1
1131 402 0
1132 103 1
1133 253 1
1134 405 0
1135 338 1
1136 500 1
1137 556 1
1138 414 1
1139 46 1
1140 157 0
1141 648 1
1142 332 1
1143 431 1
1144 747 1
1145 665 0
1146 598 1
1147 120 1
1148 264 1
1149 420 0
1150 334 1
1151 700 1
1152 557 1
1153 158 0
1154 552 1
1155 109 0
1156 358 1
1157 389 1
1158 195 1
1159 2 1
1160 539 1
1161 548 1
1162 269 1
1163 722 1
1164 342 0
1165 502 1
1166 18 1
1167 44 0
1168 227 1
1169 82 1
1170 56 1
1171 23 0
1172 599 0
1173 406 0
1174 533 1
1175 271 0
1176 376 1
1177 744 1
1178 22 1
1179 62 1
1180 727 0
1181 341 0
1182 301 1
1183 205 0
1184 304 0
1185 257 1
1186 129 0
1187 76 1
1188 759 1
1189 407 1
1190 540 1
1191 132 1
1192 31 0
1193 445 0
1194 461 1
1195 485 0
1196 372 1
1197 51 1
1198 162 1
1199 151 1
1200 194 1
1201 478 1
1202 339 1
1203 286 1
1204 270 1
1205 508 1
1206 671 1
1207 611 1
1208 751 1
1209 56 1
1210 98 0
1211 168 0
1212 668 0
1213 443 0
1214 126 1
1215 181 0
1216 652 1
1217 644 1
1218 97 0
1219 207 1
1220 573 0
1221 478 1
1222 590 0
1223 481 1
1224 329 0
1225 737 1
1226 729 1
1227 197 0
1228 8 1
1229 761 1
1230 534 0
1231 106 0
1232 136 0
1233 296 1
1234 631 0
1235 667 0
1236 103 1
1237 567 0
1238 418 1
1239 218 1
1240 469 1
1241 59 1
1242 744 0
1243 363 1
1244 197 1
1245 538 0
1246 602 1
1247 37 1
1248 694 1
1249 206 1
1250 137 0
1251 648 1
1252 203 1
1253 650 0
1254 31 1
1255 254 1
1256 358 1
1257 233 1
1258 220 1
1259 390 1
1260 605 1
1261 34 0
1262 106 1
1263 414 0
1264 470 1
1265 660 1
1266 444 1
1267 149 1
1268 291 1
1269 154 1
1270 202 1
1271 472 1
1272 371 1
1273 548 1
1274 186 0
1275 310 0
1276 750 1
1277 533 1
1278 65 1
1279 190 0
1280 101 0
1281 443 0
1282 276 0
1283 78 0
1284 692 1
1285 539 0
1286 290 0
1287 339 0
1288 601 1
1289 137 1
1290 359 0
1291 463 0
1292 441 1
1293 499 1
1294 477 0
1295 342 1
1296 8 1
1297 424 1
1298 678 1
1299 502 1
1300 384 1
1301 382 1
1302 172 1
1303 220 1
1304 143 0
1305 445 0
1306 105 1
1307 146 1
1308 438 0
1309 3 1
1310 570 0
1311 377 1
1312 430 0
1313 513 0
1314 188 1
1315 596 1
1316 176 0
1317 547 0
1318 585 1
1319 5 1
1320 75 1
1321 531 0
1322 658 1
1323 442 1
1324 558 1
1325 129 1
1326 90 0
1327 240 1
1328 193 1
1329 513 1
1330 654 1
1331 254 1
1332 207 1
1333 478 0
1334 103 0
1335 54 0
1336 234 0
1337 8 1
1338 148 0
1339 107 1
1340 546 1
1341 718 1
1342 393 1
1343 42 0
1344 596 0
1345 268 1
1346 133 0
1347 264 1
1348 208 1
1349 16 1
1350 526 1
1351 490 1
1352 723 1
1353 120 0
1354 250 0
1355 461 1
1356 530 0
1357 667 1
1358 255 1
1359 44 1
1360 149 1
1361 286 1
1362 68 1
1363 689 0
1364 593 1
1365 239 1
1366 76 1
1367 347 1
1368 528 0
1369 554 0
1370 761 0
1371 43 0
1372 312 1
1373 749 1
1374 720 1
1375 720 0
1376 339 1
1377 451 1
1378 91 0
1379 750 1
1380 380 1
1381 272 0
1382 603 0
1383 140 1
1384 388 1
1385 378 1
1386 594 1
1387 559 0
1388 81 0
1389 358 1
1390 569 1
1391 204 1
1392 203 1
1393 265 1
1394 330 1
1395 629 0
1396 473 1
1397 51 1
1398 406 1
1399 326 1
1400 185 0
1401 61 1
1402 75 0
1403 154 1
1404 46 1
1405 258 1
1406 475 1
1407 57 0
1408 418 1
1409 272 1
1410 223 1
1411 693 0
1412 338 1
1413 307 1
1414 235 1
1415 72 1
1416 287 1
1417 84 0
1418 404 0
1419 584 0
1420 401 1
1421 366 0
1422 189 0
1423 438 0
1424 46 1
1425 240 1
1426 496 1
1427 616 1
1428 212 0
1429 462 1
1430 506 0
1431 169 1
1432 318 0
1433 455 0
1434 492 1
1435 56 1
1436 0 0
1437 237 1
1438 496 1
1439 96 1
1440 269 1
1441 462 1
1442 571 1
1443 484 1
1444 535 0
1445 531 1
1446 15 1
1447 718 1
1448 188 1
1449 289 1
1450 330 1
1451 107 1
1452 418 1
1453 169 1
1454 319 1
1455 341 1
1456 253 1
1457 654 0
1458 765 1
1459 141 0
1460 620 0
1461 109 1
1462 607 1
1463 203 1
1464 534 1
1465 9 0
1466 138 0
1467 429 0
1468 110 0
1469 5 0
1470 164 1
1471 668 1
1472 33 0
1473 541 1
1474 229 1
1475 282 1
1476 240 0
1477 369 0
1478 518 0
1479 177 0
1480 364 1
1481 35 0
1482 303 0
1483 360 0
1484 362 1
1485 493 0
1486 12 0
1487 660 1
1488 601 0
1489 144 0
1490 419 0
1491 564 1
1492 118 1
1493 390 0
1494 39 1
1495 573 1
1496 754 0
1497 207 1
1498 722 1
1499 4 0
1500 232 1
1501 561 0
1502 192 0
1503 706 1
1504 542 0
1505 509 0
1506 160 0
1507 504 1
1508 541 1
1509 565 0
1510 346 1
1511 634 0
1512 280 1
1513 691 1
1514 358 0
1515 620 1
1516 493 1
1517 485 1
1518 106 1
1519 363 1
1520 159 1
1521 493 1
1522 480 1
1523 664 0
1524 9 1
1525 69 0
1526 135 0
1527 755 1
1528 495 1
1529 301 1
1530 326 0
1531 679 0
1532 222 0
1533 388 1
1534 474 1
1535 276 1
1536 508 1
1537 253 0
1538 650 0
1539 127 1
1540 681 1
1541 315 1
1542 201 1
1543 532 1
1544 701 1
1545 18 0
1546 640 1
1547 314 1
1548 396 1
1549 490 1
1550 338 1
1551 37 0
1552 3 0
1553 719 1
1554 509 1
1555 262 0
1556 344 0
1557 541 0
1558 182 1
1559 125 1
1560 26 0
1561 378 1
1562 557 1
1563 412 1
1564 278 0
1565 357 0
1566 552 1
1567 348 1
1568 752 1
1569 508 1
1570 448 1
1571 219 0
1572 232 0
1573 221 1
1574 719 0
1575 597 1
1576 557 1
1577 295 0
1578 551 1
1579 186 1
1580 493 1
1581 746 1
1582 588 1
1583 484 1
1584 346 1
1585 719 1
1586 296 1
1587 471 0
1588 584 0
1589 242 1
1590 339 1
1591 166 0
1592 698 0
1593 129 1
1594 52 0
1595 263 1
1596 158 0
1597 124 1
1598 288 1
1599 205 1
1600 550 1
1601 312 1
1602 398 0
1603 259 1
1604 10 1
1605 403 0
1606 641 1
1607 130 0
1608 680 1
1609 357 1
1610 224 1
1611 227 1
1612 513 0
1613 13 1
1614 259 1
1615 319 1
1616 94 0
1617 539 1
1618 365 0
1619 8 0
1620 600 1
1621 375 1
1622 630 1
1623 698 1
1624 414 0
1625 226 1
1626 559 1
1627 320 1
1628 454 1
1629 408 1
1630 619 1
1631 406 1
1632 660 1
1633 505 0
1634 628 1
1635 285 1
1636 574 1
1637 171 1
1638 399 0
1639 698 0
1640 43 0
1641 335 0
1642 611 1
1643 559 1
1644 289 1
1645 312 0
1646 580 1
1647 155 1
1648 547 1
1649 383 1
1650 57 1
1651 521 1
1652 562 1
1653 369 1
1654 446 1
1655 308 1
1656 109 1
1657 741 1
1658 183 1
1659 319 1
1660 387 0
1661 681 1
1662 233 0
1663 325 0
1664 381 1
1665 490 1
1666 261 0
1667 370 0
1668 172 0
1669 319 1
1670 691 1
1671 757 1
1672 155 1
1673 55 1
1674 152 1
1675 110 0
1676 306 1
1677 390 0
1678 512 0
1679 620 1
1680 307 0
1681 631 1
1682 591 1
1683 276 0
1684 625 1
1685 682 1
1686 456 0
1687 650 1
1688 706 1
1689 249 1
1690 380 1
1691 281 0
1692 35 1
1693 109 1
1694 270 1
1695 324 1
1696 725 1
1697 380 0
1698 75 0
1699 613 1
1700 135 1
1701 550 0
1702 503 0
1703 503 0
1704 440 0
1705 602 1
1706 413 0
1707 740 1
1708 89 1
1709 646 1
1710 114 1
1711 171 1
1712 44 0
1713 273 0
1714 508 1
1715 120 1
1716 716 1
1717 120 1
1718 756 0
1719 612 1
1720 676 0
1721 551 1
1722 632 1
1723 422 0
1724 675 1
1725 314 1
1726 572 0
1727 512 0
1728 338 1
1729 37 0
1730 206 1
1731 374 0
1732 478 1
1733 325 0
1734 68 0
1735 199 0
1736 270 1
1737 718 1
1738 575 0
1739 91 0
1740 392 1
1741 508 1
1742 191 1
1743 115 1
1744 340 1
1745 260 1
1746 376 1
1747 352 1
1748 79 0
1749 623 1
1750 499 0
1751 541 0
1752 456 0
1753 555 0
1754 583 1
1755 400 1
1756 701 0
1757 474 1
1758 464 0
1759 306 0
1760 42 0
1761 235 0
1762 151 0
1763 156 1
1764 149 0
1765 27 0
1766 485 1
1767 301 0
1768 12 1
1769 507 1
1770 386 0
1771 105 1
1772 350 1
1773 514 1
1774 52 1
1775 503 0
1776 687 1
1777 578 1
1778 209 0
1779 718 1
1780 48 0
1781 306 1
1782 614 0
1783 9 1
1784 763 1
1785 521 0
1786 374 0
1787 5 1
1788 439 1
1789 423 1
1790 224 1
1791 652 1
1792 198 0
1793 218 1
1794 84 0
1795 66 0
1796 566 0
1797 316 0
1798 280 0
1799 340 1
1800 558 1
1801 727 0
1802 372 0
1803 541 1
1804 551 0
1805 188 1
1806 424 0
1807 572 0
1808 189 1
1809 329 0
1810 611 1
1811 406 0
1812 68 0
1813 126 1
1814 348 1
1815 691 0
1816 629 1
1817 723 1
1818 268 0
1819 697 1
1820 346 0
1821 480 0
1822 610 1
1823 692 1
1824 726 0
1825 307 1
1826 717 1
1827 284 1
1828 385 0
1829 17 0
1830 177 1
1831 175 1
1832 245 0
1833 692 1
1834 281 0
1835 634 1
1836 393 1
1837 348 1
1838 284 0
1839 270 1
1840 596 0
1841 466 0
1842 240 1
1843 217 1
1844 45 1
1845 660 1
1846 594 1
1847 329 1
1848 267 1
1849 653 1
1850 112 0
1851 126 1
1852 519 1
1853 392 1
1854 398 0
1855 698 1
1856 540 0
1857 11 1
1858 33 1
1859 707 1
1860 529 1
1861 16 0
1862 736 0
1863 497 1
1864 600 0
1865 86 0
1866 556 1
1867 518 0
1868 686 1
1869 413 1
1870 108 1
1871 547 1
1872 393 1
1873 379 0
1874 87 0
1875 570 1
1876 571 1
1877 274 0
1878 582 0
1879 429 0
1880 39 0
1881 80 1
1882 727 0
1883 205 0
1884 43 1
1885 615 1
1886 613 0
1887 100 1
1888 255 0
1889 733 1
1890 450 1
1891 609 0
1892 424 1
1893 97 1
1894 538 0
1895 724 0
1896 341 0
1897 123 0
1898 286 1
1899 249 1
1900 246 1
1901 131 0
1902 145 0
1903 749 0
1904 711 1
1905 393 1
1906 554 1
1907 300 1
1908 419 0
1909 453 0
1910 223 0
1911 69 1
1912 99 1
1913 516 1
1914 586 1
1915 366 1
1916 514 0
1917 575 1
1918 379 1
1919 710 0
1920 575 1
1921 369 1
1922 224 1
1923 575 1
1924 367 1
1925 485 1
1926 740 1
1927 39 0
1928 46 0
1929 110 1
1930 205 1
1931 348 1
1932 207 1
1933 262 1
1934 432 1
1935 560 0
1936 545 0
1937 254 1
1938 133 1
1939 297 1
1940 392 0
1941 390 1
1942 637 0
1943 91 1
1944 635 1
1945 200 1
1946 327 1
1947 443 0
1948 422 0
1949 421 1
1950 562 0
1951 745 0
1952 445 1
1953 61 1
1954 363 0
1955 378 1
1956 441 1
1957 422 1
1958 498 1
1959 647 0
1960 14 0
1961 507 1
1962 696 1
1963 176 1
1964 189 0
1965 507 1
1966 462 1
1967 43 1
1968 20 1
1969 19 0
1970 113 1
1971 23 0
1972 116 1
1973 517 0
1974 259 1
1975 631 1
1976 130 1
1977 681 1
1978 206 1
1979 479 1
1980 338 0
1981 447 0
1982 358 1
1983 242 0
1984 245 1
1985 762 1
1986 375 0
1987 563 1
1988 530 1
1989 339 1
1990 363 1
1991 363 1
1992 226 1
1993 203 1
1994 435 0
1995 127 1
1996 554 1
1997 523 0
1998 366 0
1999 524 1
2000 327 1
2001 686 0
2002 605 1
2003 77 0
2004 97 0
2005 459 1
2006 686 1
2007 603 1
2008 400 0
2009 644 0
2010 374 1
2011 142 1
2012 646 1
2013 724 1
2014 731 1
2015 574 0
2016 303 1
2017 294 1
2018 277 1
2019 578 0
2020 87 1
2021 69 1
2022 394 0
2023 569 1
2024 363 1
2025 164 1
2026 103 1
2027 199 1
2028 689 1
2029 712 1
2030 706 1
2031 247 0
2032 314 1
2033 451 0
2034 213 1
2035 199 1
2036 602 1
2037 308 1
2038 241 1
2039 325 0
2040 209 0
2041 642 0
2042 513 1
2043 361 1
2044 299 1
2045 324 1
2046 127 0
2047 132 0
2048 413 1
2049 266 0
2050 563 1
2051 576 0
2052 34 0
2053 696 1
2054 646 1
2055 180 1
2056 461 1
2057 467 1
2058 197 0
2059 644 0
2060 20 1
2061 735 1
2062 74 0
2063 589 1
2064 401 0
2065 413 0
2066 205 0
2067 664 0
2068 408 1
2069 581 1
2070 149 1
2071 443 1
2072 117 1
2073 469 0
2074 207 1
2075 45 1
2076 201 1
2077 24 1
2078 598 1
2079 63 1
2080 353 1
2081 82 1
2082 350 0
2083 98 1
2084 224 1
2085 697 1
2086 741 0
2087 284 1
2088 519 0
2089 58 1
2090 752 1
2091 253 0
2092 184 0
2093 112 1
2094 541 1
2095 316 1
2096 302 1
2097 753 0
2098 28 1
2099 295 1
2100 481 1
2101 342 1
2102 252 0
2103 200 1
2104 264 1
2105 448 1
2106 427 0
2107 437 1
2108 629 1
2109 695 0
2110 25 0
2111 599 0
2112 294 1
2113 280 0
2114 388 1
2115 291 0
2116 102 1
2117 626 1
2118 143 0
2119 76 1
2120 384 1
2121 658 1
2122 459 0
2123 308 1
2124 596 1
2125 28 0
2126 482 1
2127 249 1
2128 164 1
2129 399 0
2130 404 1
2131 305 1
2132 207 0
2133 161 1
2134 292 0
2135 408 0
2136 761 1
2137 723 1
2138 697 0
2139 78 1
2140 152 0
2141 448 1
2142 33 1
2143 711 1
2144 526 0
2145 399 1
2146 334 1
2147 738 1
2148 171 0
2149 191 1
2150 21 0
2151 24 1
2152 201 1
2153 187 1
2154 312 1
2155 725 1
2156 437 1
2157 749 1
2158 755 0
2159 734 1
2160 688 0
2161 746 0
2162 373 1
2163 447 1
2164 152 0
2165 307 1
2166 538 0
2167 255 1
2168 379 1
2169 521 0
2170 8 1
2171 40 0
2172 188 0
2173 633 0
2174 717 1
2175 758 0
2176 269 1
2177 545 1
2178 757 1
2179 486 1
2180 581 0
2181 732 1
2182 426 1
2183 327 0
2184 315 1
2185 31 1
2186 279 1
2187 69 0
2188 511 1
2189 294 1
2190 604 0
2191 402 1
2192 325 0
2193 50 1
2194 124 1
2195 460 0
2196 630 1
2197 293 1
2198 299 1
2199 396 1
2200 418 1
2201 653 1
2202 499 1
2203 48 1
2204 725 0
2205 8 1
2206 695 1
2207 321 1
2208 242 1
2209 637 1
2210 207 0
2211 722 1
2212 409 0
2213 428 1
2214 169 1
2215 272 0
2216 486 0
2217 169 0
2218 532 1
2219 530 1
2220 626 1
2221 705 1
2222 599 0
2223 110 1
2224 281 1
2225 508 1
2226 729 0
2227 627 1
2228 14 0
2229 380 1
2230 348 1
2231 72 1
2232 462 1
2233 3 1
2234 525 0
2235 370 1
2236 722 1
2237 591 1
2238 220 1
2239 281 1
2240 333 0
2241 291 0
2242 138 1
2243 735 0
2244 441 1
2245 403 1
2246 652 1
2247 157 1
2248 366 1
2249 226 1
2250 345 1
2251 578 1
2252 141 1
2253 507 0
2254 405 1
2255 513 0
2256 461 1
2257 334 1
2258 606 0
2259 53 1
2260 719 1
2261 371 0
2262 581 1
2263 603 0
2264 756 1
2265 23 0
2266 660 1
2267 702 1
2268 655 1
2269 47 0
2270 115 1
2271 332 0
2272 315 0
2273 127 1
2274 270 0
2275 503 1
2276 702 0
2277 478 1
2278 704 0
2279 764 1
2280 28 1
2281 745 0
2282 273 1
2283 374 1
2284 425 0
2285 106 0
2286 698 0
2287 417 1
2288 405 0
2289 52 0
2290 24 1
2291 132 1
2292 315 1
2293 543 1
2294 575 1
2295 663 1
2296 214 1
2297 176 1
2298 623 1
2299 300 0
2300 688 1
2301 473 0
2302 145 1
2303 517 1
2304 735 1
2305 459 0
2306 10 1
2307 20 0
2308 501 1
2309 294 0
2310 755 1
2311 563 1
2312 133 1
2313 757 1
2314 175 1
2315 689 1
2316 763 1
2317 18 1
2318 586 0
2319 342 1
2320 755 0
2321 615 1
2322 692 1
2323 40 1
2324 498 1
2325 387 1
2326 175 0
2327 407 0
2328 575 1
2329 715 0
2330 755 1
2331 147 1
2332 684 1
2333 195 0
2334 351 1
2335 710 1
2336 223 1
2337 56 0
2338 144 0
2339 227 0
2340 81 1
2341 430 1
2342 450 1
2343 631 1
2344 536 1
2345 309 0
2346 518 1
2347 163 0
2348 272 1
2349 590 1
2350 546 1
2351 263 0
2352 43 0
2353 570 1
2354 66 1
2355 130 1
2356 712 1
2357 469 0
2358 698 1
2359 305 1
2360 214 1
2361 645 1
2362 371 1
2363 52 1
2364 466 1
2365 566 1
2366 477 0
2367 667 1
2368 449 0
2369 8 1
2370 152 0
2371 728 1
2372 765 1
2373 145 1
2374 416 1
2375 466 0
2376 15 1
2377 597 1
2378 453 1
2379 329 1
2380 176 0
2381 51 1
2382 259 1
2383 125 1
2384 489 1
2385 523 1
2386 338 1
2387 40 1
2388 566 1
2389 334 0
2390 703 0
2391 81 0
2392 30 1
2393 405 1
2394 211 1
2395 288 1
2396 514 0
2397 758 1
2398 357 1
2399 15 1
2400 316 0
2401 371 1
2402 673 1
2403 291 1
2404 248 1
2405 690 1
2406 661 1
2407 203 1
2408 749 1
2409 59 1
2410 227 0
2411 648 1
2412 752 1
2413 398 1
2414 57 1
2415 423 0
2416 601 1
2417 678 0
2418 91 0
2419 631 0
2420 480 1
2421 174 1
2422 210 0
2423 366 1
2424 636 1
2425 38 1
2426 423 0
2427 72 1
2428 627 1
2429 753 0
2430 183 1
2431 708 0
2432 506 1
2433 592 1
2434 475 1
2435 170 0
2436 313 1
2437 630 1
2438 21 0
2439 17 0
2440 306 1
2441 754 0
2442 41 1
2443 24 1
2444 246 1
2445 587 0
2446 488 0
2447 513 0
2448 34 0
2449 59 1
2450 97 0
2451 764 1
2452 639 1
2453 233 1
2454 509 1
2455 552 0
2456 721 0
2457 13 0
2458 317 1
2459 665 0
2460 465 1
2461 643 0
2462 316 0
2463 66 0
2464 30 0
2465 576 0
2466 421 1
2467 603 1
2468 87 1
2469 605 0
2470 321 1
2471 645 0
2472 233 1
2473 274 1
2474 762 1
2475 764 1
2476 376 0
2477 715 1
2478 683 1
2479 342 0
2480 556 1
2481 557 0
2482 377 0
2483 156 1
2484 115 1
2485 710 1
2486 37 1
2487 364 0
2488 548 1
2489 121 1
2490 111 0
2491 306 0
2492 411 0
2493 479 1
2494 686 1
2495 342 0
2496 624 1
2497 338 1
2498 177 0
2499 349 1
2500 140 1
2501 30 1
2502 533 1
2503 164 1
2504 682 1
2505 160 1
2506 54 1
2507 231 0
2508 22 1
2509 444 1
2510 0 1
2511 70 1
2512 219 1
2513 510 1
2514 553 0
2515 756 1
2516 37 1
2517 520 0
2518 64 1
2519 536 1
2520 619 1
2521 489 1
2522 463 1
2523 24 1
2524 665 0
2525 79 0
2526 205 1
2527 590 1
2528 623 1
2529 121 1
2530 495 1
2531 337 0
2532 547 0
2533 403 1
2534 76 1
2535 241 1
2536 169 1
2537 254 1
2538 685 1
2539 419 1
2540 46 1
2541 550 0
2542 713 0
2543 326 1
2544 9 0
2545 631 1
2546 209 0
2547 337 1
2548 10 1
2549 602 1
2550 563 0
2551 433 1
2552 108 1
2553 315 1
2554 265 0
2555 262 1
2556 532 1
2557 213 0
2558 71 0
2559 350 1
2560 636 1
2561 651 0
2562 483 0
2563 486 1
2564 612 1
2565 581 1
2566 465 0
2567 91 1
2568 585 1
2569 252 1
2570 25 1
2571 45 0
2572 211 1
2573 337 1
2574 97 1
2575 428 1
2576 552 1
2577 463 1
2578 601 1
2579 414 1
2580 571 0
2581 572 0
2582 127 1
2583 145 1
2584 721 1
2585 96 1
2586 561 1
2587 604 1
2588 116 1
2589 4 0
2590 513 0
2591 247 1
2592 396 1
2593 220 1
2594 194 1
2595 745 1
2596 513 0
2597 337 1
2598 100 1
2599 302 1
2600 529 1
2601 101 0
2602 255 1
2603 397 1
2604 116 1
2605 235 0
2606 484 1
2607 579 1
2608 77 1
2609 413 1
2610 733 1
2611 688 0
2612 594 1
2613 420 1
2614 391 1
2615 49 1
2616 4 1
2617 544 0
2618 507 1
2619 631 1
2620 643 1
2621 552 1
2622 233 0
2623 192 0
2624 465 1
2625 232 1
2626 298 0
2627 563 1
2628 479 1
2629 121 1
2630 590 1
2631 324 1
2632 387 1
2633 505 1
2634 760 0
2635 51 0
2636 537 1
2637 299 1
2638 620 1
2639 380 1
2640 747 1
2641 52 1
2642 483 1
2643 471 1
2644 134 0
2645 717 1
2646 413 1
2647 203 1
2648 445 1
2649 579 1
2650 379 0
2651 377 1
2652 118 1
2653 220 1
2654 51 1
2655 358 0
2656 163 1
2657 377 1
2658 676 1
2659 494 0
2660 675 1
2661 419 0
2662 21 1
2663 423 1
2664 631 0
2665 206 1
2666 166 1
2667 460 1
2668 143 1
2669 673 1
2670 230 0
2671 643 1
2672 326 1
2673 691 0
2674 337 1
2675 347 1
2676 164 1
2677 285 1
2678 338 1
2679 718 1
2680 244 1
2681 513 1
2682 41 0
2683 346 0
2684 537 1
2685 445 1
2686 585 1
2687 462 1
2688 642 1
2689 97 1
2690 456 0
2691 527 0
2692 160 1
2693 456 1
2694 55 1
2695 352 0
2696 283 1
2697 10 0
2698 723 1
2699 575 0
2700 676 0
2701 563 1
2702 642 0
2703 706 1
2704 646 1
2705 383 1
2706 548 1
2707 256 0
2708 606 1
2709 441 1
2710 422 1
2711 611 1
2712 194 1
2713 330 1
2714 278 0
2715 296 1
2716 460 1
2717 749 1
2718 2 1
2719 506 1
2720 26 1
2721 284 0
2722 267 1
2723 167 0
2724 554 1
2725 69 1
2726 702 0
2727 215 1
2728 601 0
2729 698 1
2730 752 1
2731 367 1
2732 388 0
2733 83 1
2734 339 1
2735 339 1
2736 712 0
2737 590 1
2738 464 1
2739 37 1
2740 666 0
2741 112 0
2742 86 1
2743 383 1
2744 524 1
2745 101 1
2746 193 1
2747 606 1
2748 469 1
2749 622 1
2750 163 0
2751 58 0
2752 118 0
2753 739 1
2754 706 1
2755 69 0
2756 532 1
2757 93 1
2758 160 1
2759 606 0
2760 441 1
2761 78 1
2762 59 1
2763 516 1
2764 674 0
2765 637 0
2766 633 0
2767 598 1
2768 294 1
2769 568 1
2770 232 0
2771 491 1
2772 120 1
2773 683 0
2774 360 1
2775 264 0
2776 530 1
2777 386 1
2778 676 0
2779 68 0
2780 158 0
2781 723 1
2782 284 1
2783 426 1
2784 10 1
2785 464 1
2786 583 1
2787 307 1
2788 490 1
2789 283 1
2790 463 1
2791 186 1
2792 539 1
2793 532 1
2794 358 0
2795 334 1
2796 539 0
2797 607 1
2798 496 1
2799 703 1
2800 562 1
2801 399 0
2802 306 1
2803 382 1
2804 230 0
2805 531 1
2806 96 1
2807 220 1
2808 589 1
2809 385 1
2810 587 0
2811 347 1
2812 661 0
2813 135 1
2814 521 1
2815 548 0
2816 539 1
2817 763 0
2818 538 0
2819 110 1
2820 695 1
2821 762 1
2822 308 1
2823 727 0
2824 204 0
2825 728 1
2826 716 0
2827 36 1
2828 563 1
2829 652 0
2830 659 1
2831 702 1
2832 617 1
2833 162 1
2834 730 0
2835 458 1
2836 213 1
2837 335 1
2838 322 1
2839 302 1
2840 643 1
2841 551 1
2842 223 0
2843 88 0
2844 59 0
2845 404 1
2846 60 1
2847 451 1
2848 275 1
2849 16 1
2850 535 0
2851 548 1
2852 580 1
2853 153 0
2854 65 0
2855 312 1
2856 369 1
2857 602 1
2858 751 1
2859 262 1
2860 731 1
2861 64 1
2862 658 0
2863 2 0
2864 13 0
2865 56 0
2866 144 1
2867 181 0
2868 22 1
2869 160 1
2870 440 0
2871 96 1
2872 635 1
2873 286 1
2874 688 1
2875 732 0
2876 515 1
2877 329 1
2878 611 1
2879 224 1
2880 417 1
2881 407 1
2882 185 1
2883 585 0
2884 222 0
2885 711 1
2886 101 1
2887 6 0
2888 389 1
2889 241 1
2890 140 1
2891 615 1
2892 303 1
2893 297 1
2894 227 0
2895 423 0
2896 102 1
2897 439 1
2898 718 1
2899 495 1
2900 303 0
2901 487 0
2902 131 0
2903 440 1
2904 435 0
2905 131 1
2906 539 0
2907 532 1
2908 642 1
2909 292 1
2910 651 0
2911 747 1
2912 430 1
2913 275 0
2914 744 0
2915 623 1
2916 510 1
2917 751 1
2918 488 1
2919 461 1
2920 757 1
2921 450 0
2922 290 1
2923 674 0
2924 695 0
2925 685 0
2926 149 1
2927 569 1
2928 386 0
2929 262 1
2930 149 0
2931 711 1
2932 114 1
2933 185 1
2934 5 0
2935 477 1
2936 189 1
2937 178 0
2938 27 1
2939 295 0
2940 702 1
2941 187 0
2942 530 0
2943 731 1
2944 135 1
2945 230 1
2946 412 1
2947 593 1
2948 171 0
2949 80 1
2950 375 1
2951 590 1
2952 368 1
2953 694 1
2954 504 1
2955 1 0
2956 438 1
2957 175 1
2958 245 1
2959 69 1
2960 433 1
2961 314 1
2962 125 1
2963 673 1
2964 220 1
2965 539 1
2966 194 0
2967 44 0
2968 431 0
2969 257 1
2970 611 1
2971 675 1
2972 513 1
2973 552 0
2974 641 1
2975 23 1
2976 570 1
2977 455 1
2978 130 1
2979 708 0
2980 415 0
2981 246 1
2982 495 1
2983 55 1
2984 328 1
2985 396 1
2986 636 0
2987 107 1
2988 40 1
2989 27 1
2990 580 1
2991 291 0
2992 388 1
2993 380 1
2994 408 0
2995 585 1
2996 453 0
2997 316 1
2998 421 0
2999 409 0
3000 749 1
3001 572 0
3002 344 1
3003 653 1
3004 638 0
3005 367 1
3006 731 1
3007 71 1
3008 288 0
3009 588 0
3010 423 1
3011 403 1
3012 122 0
3013 709 1
3014 390 0
3015 592 1
3016 41 0
3017 642 1
3018 728 0
3019 70 0
3020 94 1
3021 287 1
3022 745 0
3023 479 0
3024 109 1
3025 263 1
3026 708 0
3027 708 1
3028 685 1
3029 673 1
3030 303 1
3031 748 1
3032 131 1
3033 30 1
3034 455 1
3035 344 0
3036 188 1
3037 259 1
3038 705 0
3039 85 1
3040 273 0
3041 646 1
3042 315 1
3043 345 1
3044 124 0
3045 610 0
3046 751 1
3047 422 1
3048 517 1
3049 276 1
3050 552 0
3051 406 1
3052 551 1
3053 558 1
3054 637 0
3055 604 1
3056 641 1
3057 425 1
3058 722 0
3059 75 0
3060 672 0
3061 158 1
3062 161 1
3063 73 0
3064 682 1
3065 119 1
3066 269 0
3067 509 1
3068 74 1
3069 610 1
3070 594 1
3071 155 1
3072 166 1
3073 660 0
3074 650 1
3075 269 1
3076 304 1
3077 97 1
3078 657 0
3079 28 0
3080 170 0
3081 342 1
3082 739 0
3083 560 0
3084 36 0
3085 59 1
3086 503 1
3087 333 0
3088 95 1
3089 93 1
3090 262 1
3091 186 1
3092 440 0
3093 332 1
3094 521 1
3095 205 0
3096 574 1
3097 431 1
3098 282 1
3099 246 0
3100 281 1
3101 182 1
3102 586 0
3103 754 1
3104 43 1
3105 312 0
3106 94 1
3107 172 0
3108 82 1
3109 515 1
3110 514 0
3111 595 1
3112 151 1
3113 171 1
3114 136 1
3115 401 0
3116 22 1
3117 86 1
3118 749 1
3119 525 0
3120 572 0
3121 747 1
3122 635 1
3123 84 1
3124 307 1
3125 621 1
3126 204 1
3127 445 1
3128 361 0
3129 89 1
3130 333 1
3131 565 1
3132 724 1
3133 198 1
3134 25 1
3135 383 1
3136 94 1
3137 147 0
3138 584 1
3139 748 0
3140 481 1
3141 247 0
3142 354 1
3143 690 1
3144 608 1
3145 96 0
3146 154 0
3147 181 1
3148 196 0
3149 53 1
3150 403 1
3151 469 0
3152 516 1
3153 527 1
3154 498 1
3155 526 1
3156 763 0
3157 548 1
3158 0 1
3159 716 1
3160 136 1
3161 84 0
3162 708 1
3163 402 1
3164 294 1
3165 76 0
3166 607 1
3167 79 1
3168 47 0
3169 758 1
3170 350 0
3171 59 1
3172 176 1
3173 764 1
3174 314 1
3175 84 1
3176 410 0
3177 41 0
3178 433 0
3179 207 0
3180 615 1
3181 659 1
3182 63 0
3183 115 1
3184 229 1
3185 372 0
3186 626 0
3187 226 1
3188 272 0
3189 628 1
3190 238 0
3191 754 1
3192 531 1
3193 651 0
3194 123 1
3195 576 0
3196 375 1
3197 496 0
3198 508 0
3199 265 1
3200 718 1
3201 616 1
3202 718 0
3203 680 0
3204 366 0
3205 112 0
3206 555 1
3207 487 0
3208 545 1
3209 584 1
3210 464 1
3211 708 1
3212 165 1
3213 578 1
3214 699 1
3215 711 1
3216 365 1
3217 530 1
3218 288 1
3219 193 1
3220 637 1
3221 493 1
3222 471 0
3223 46 0
3224 236 0
3225 569 1
3226 675 1
3227 73 0
3228 599 0
3229 48 1
3230 30 0
3231 484 1
3232 204 0
3233 13 0
3234 342 1
3235 31 1
3236 577 1
3237 705 0
3238 38 1
3239 183 1
3240 616 1
3241 274 1
3242 564 1
3243 250 1
3244 299 0
3245 230 1
3246 707 1
3247 25 1
3248 612 0
3249 288 0
3250 661 0
3251 468 1
3252 493 0
3253 55 1
3254 43 0
3255 455 0
3256 640 1
3257 484 1
3258 726 1
3259 486 1
3260 682 1
3261 655 1
3262 314 1
3263 419 1
3264 719 0
3265 764 1
3266 676 1
3267 386 1
3268 524 0
3269 234 0
3270 329 1
3271 110 1
3272 718 0
3273 292 1
3274 213 1
3275 238 0
3276 378 0
3277 403 1
3278 458 1
3279 502 0
3280 413 0
3281 741 1
3282 617 1
3283 26 0
3284 103 1
3285 592 1
3286 249 1
3287 287 1
3288 181 1
3289 179 1
3290 592 0
3291 589 0
3292 612 0
3293 547 1
3294 348 1
3295 16 1
3296 434 1
3297 734 1
3298 419 1
3299 311 1
3300 320 1
3301 606 0
3302 490 0
3303 70 0
3304 706 1
3305 15 0
3306 734 0
3307 37 1
3308 131 1
3309 534 1
3310 101 1
3311 125 0
3312 608 1
3313 56 0
3314 154 1
3315 434 0
3316 571 1
3317 344 1
3318 51 1
3319 267 1
3320 315 1
3321 240 1
3322 188 1
3323 513 1
3324 95 1
3325 33 1
3326 132 0
3327 733 0
3328 669 1
3329 301 1
3330 106 0
3331 182 1
3332 310 1
3333 624 0
3334 592 0
3335 70 1
3336 474 0
3337 74 1
3338 588 1
3339 632 1
3340 102 1
3341 530 1
3342 474 1
3343 274 0
3344 236 0
3345 501 0
3346 612 1
3347 255 1
3348 94 1
3349 234 0
3350 304 1
3351 127 1
3352 615 0
3353 325 0
3354 22 0
3355 4 0
3356 507 1
3357 75 0
3358 332 1
3359 659 1
3360 226 1
3361 146 1
3362 727 0
3363 294 0
3364 580 1
3365 42 1
3366 483 0
3367 547 0
3368 21 1
3369 69 0
3370 714 1
3371 235 0
3372 675 0
3373 737 1
3374 310 0
3375 460 1
3376 258 1
3377 258 1
3378 307 0
3379 691 0
3380 732 0
3381 240 1
3382 204 1
3383 432 1
3384 544 0
3385 685 1
3386 225 0
3387 248 1
3388 531 0
3389 26 1
3390 499 0
3391 262 1
3392 743 1
3393 277 0
3394 373 1
3395 406 1
3396 236 1
3397 439 1
3398 733 1
3399 316 1
3400 672 0
3401 305 1
3402 456 0
3403 682 0
3404 73 0
3405 712 1
3406 79 0
3407 630 1
3408 29 0
3409 340 0
3410 759 1
3411 392 1
3412 692 1
3413 736 1
3414 236 1
3415 472 1
3416 588 0
3417 690 1
3418 280 1
3419 565 1
3420 199 1
3421 226 0
3422 20 1
3423 750 1
3424 647 0
3425 101 1
3426 371 1
3427 586 1
3428 208 1
3429 608 0
3430 143 0
3431 237 1
3432 391 1
3433 309 1
3434 68 1
3435 675 0
3436 270 1
3437 196 1
3438 291 1
3439 755 1
3440 572 1
3441 528 0
3442 234 0
3443 125 1
3444 556 0
3445 187 1
3446 347 1
3447 315 0
3448 651 1
3449 710 1
3450 383 1
3451 638 1
3452 54 1
3453 593 1
3454 315 1
3455 583 0
3456 322 0
3457 715 1
3458 344 0
3459 299 0
3460 108 1
3461 134 1
3462 560 1
3463 494 0
3464 373 0
3465 49 0
3466 357 1
3467 709 1
3468 56 0
3469 472 0
3470 418 1
3471 143 1
3472 284 1
3473 597 0
3474 582 1
3475 479 1
3476 266 1
3477 30 1
3478 12 1
3479 572 1
3480 262 0
3481 442 1
3482 609 1
3483 330 0
3484 222 1
3485 686 1
3486 741 1
3487 266 1
3488 221 1
3489 604 1
3490 294 0
3491 728 1
3492 231 0
3493 687 1
3494 582 0
3495 280 0
3496 64 0
3497 347 1
3498 408 1
3499 638 1
3500 13 1
3501 506 0
3502 688 1
3503 730 1
3504 585 0
3505 598 1
3506 536 0
3507 740 0
3508 619 0
3509 662 1
3510 454 1
3511 164 0
3512 548 1
3513 76 1
3514 489 1
3515 472 1
3516 573 1
3517 557 1
3518 700 1
3519 290 1
3520 739 1
3521 283 0
3522 332 1
3523 162 1
3524 568 0
3525 271 0
3526 650 1
3527 74 1
3528 596 0
3529 689 1
3530 165 1
3531 472 0
3532 323 1
3533 468 1
3534 434 1
3535 427 1
3536 530 1
3537 567 1
3538 267 0
3539 282 1
3540 87 1
3541 41 1
3542 638 1
3543 470 0
3544 682 1
3545 22 1
3546 89 1
3547 469 0
3548 407 1
3549 320 1
3550 230 1
3551 549 1
3552 757 1
3553 92 1
3554 380 1
3555 393 0
3556 228 1
3557 89 1
3558 549 0
3559 219 1
3560 602 0
3561 612 0
3562 386 1
3563 754 1
3564 554 1
3565 585 1
3566 705 0
3567 13 1
3568 369 1
3569 188 1
3570 546 1
3571 100 1
3572 249 0
3573 524 0
3574 748 1
3575 564 1
3576 636 1
3577 160 0
3578 26 1
3579 0 0
3580 106 1
3581 599 1
3582 604 0
3583 741 1
3584 18 0
3585 606 1
3586 44 1
3587 222 1
3588 546 1
3589 392 1
3590 374 1
3591 764 1
3592 666 1
3593 567 1
3594 373 1
3595 157 0
3596 37 1
3597 525 1
3598 253 1
3599 499 1
3600 314 1
3601 485 1
3602 697 0
3603 718 1
3604 753 1
3605 656 1
3606 184 0
3607 672 1
3608 529 1
3609 77 0
3610 341 0
3611 265 0
3612 641 0
3613 320 0
3614 175 0
3615 49 0
3616 44 0
3617 147 1
3618 125 1
3619 518 0
3620 443 1
3621 541 0
3622 13 1
3623 428 1
3624 221 1
3625 328 0
3626 390 0
3627 240 1
3628 618 1
3629 44 1
3630 265 1
3631 582 1
3632 694 1
3633 0 1
3634 479 1
3635 233 0
3636 227 1
3637 500 0
3638 105 1
3639 83 0
3640 318 1
3641 188 1
3642 240 1
3643 274 1
3644 640 1
3645 602 1
3646 129 1
3647 164 1
3648 32 0
3649 177 1
3650 748 1
3651 735 0
3652 484 1
3653 517 1
3654 282 1
3655 216 0
3656 662 0
3657 608 1
3658 484 1
3659 711 1
3660 152 1
3661 563 1
3662 615 1
3663 754 1
3664 541 1
3665 44 0
3666 226 0
3667 33 0
3668 132 1
3669 185 0
3670 451 1
3671 664 1
3672 456 1
3673 550 1
3674 690 0
3675 532 0
3676 692 0
3677 7 1
3678 706 1
3679 73 1
3680 577 0
3681 305 1
3682 196 0
3683 399 1
3684 189 1
3685 743 0
3686 635 1
3687 287 1
3688 449 1
3689 150 0
3690 216 1
3691 99 1
3692 312 1
3693 750 0
3694 517 1
3695 34 1
3696 241 1
3697 17 1
3698 394 0
3699 416 1
3700 650 1
3701 523 0
3702 336 0
3703 145 0
3704 532 0
3705 42 1
3706 279 1
3707 191 0
3708 663 1
3709 144 1
3710 298 1
3711 743 1
3712 584 1
3713 627 1
3714 410 0
3715 445 1
3716 387 1
3717 530 0
3718 663 1
3719 392 1
3720 271 1
3721 61 1
3722 225 1
3723 376 1
3724 493 0
3725 537 1
3726 349 0
3727 215 1
3728 159 1
3729 446 1
3730 70 0
3731 164 1
3732 394 1
3733 415 1
3734 669 1
3735 370 1
3736 542 0
3737 725 1
3738 750 0
3739 540 1
3740 156 1
3741 504 1
3742 475 1
3743 739 1
3744 96 1
3745 504 0
3746 612 0
3747 623 1
3748 662 0
3749 182 1
3750 30 1
3751 740 1
3752 634 1
3753 223 1
3754 685 1
3755 747 1
3756 308 0
3757 231 0
3758 504 1
3759 718 1
3760 690 0
3761 66 1
3762 8 1
3763 427 1
3764 262 1
3765 470 1
3766 45 1
3767 514 0
3768 28 1
3769 183 1
3770 735 1
3771 89 1
3772 715 1
3773 12 1
3774 591 1
3775 354 1
3776 71 1
3777 702 1
3778 760 0
3779 400 0
3780 622 1
3781 615 1
3782 614 1
3783 647 1
3784 752 1
3785 657 1
3786 294 1
3787 299 1
3788 367 0
3789 347 1
3790 692 0
3791 357 1
3792 5 1
3793 76 1
3794 722 0
3795 323 0
3796 646 0
3797 196 0
3798 186 1
3799 22 0
3800 558 1
3801 194 1
3802 309 0
3803 746 1
3804 455 1
3805 518 1
3806 678 1
3807 378 1
3808 119 1
3809 749 0
3810 231 0
3811 720 1
3812 479 1
3813 256 0
3814 644 1
3815 138 1
3816 607 1
3817 172 1
3818 475 0
3819 477 1
3820 545 0
3821 195 1
3822 56 0
3823 441 1
3824 328 0
3825 667 1
3826 731 0
3827 736 1
3828 422 0
3829 59 0
3830 155 1
3831 386 0
3832 179 1
3833 564 0
3834 11 1
3835 469 1
3836 571 1
3837 314 1
3838 472 1
3839 453 1
3840 64 1
3841 659 1
3842 626 1
3843 539 1
3844 507 1
3845 233 1
3846 446 1
3847 659 1
3848 479 1
3849 514 1
3850 383 1
3851 697 0
3852 533 1
3853 116 1
3854 651 0
3855 340 0
3856 573 1
3857 44 0
3858 513 0
3859 17 1
3860 66 0
3861 151 1
3862 170 0
3863 21 1
3864 568 1
3865 24 0
3866 54 0
3867 439 1
3868 267 1
3869 476 0
3870 424 0
3871 518 0
3872 700 1
3873 732 0
3874 30 1
3875 702 1
3876 299 1
3877 674 1
3878 197 1
3879 353 1
3880 532 1
3881 600 1
3882 749 0
3883 57 1
3884 129 0
3885 53 0
3886 234 1
3887 86 0
3888 435 1
3889 265 1
3890 101 0
3891 278 1
3892 354 0
3893 520 1
3894 182 1
3895 201 1
3896 551 1
3897 600 0
3898 726 0
3899 85 1
3900 491 1
3901 709 1
3902 10 1
3903 193 0
3904 497 0
3905 627 0
3906 726 0
3907 715 1
3908 391 1
3909 516 1
3910 643 1
3911 588 1
3912 404 0
3913 263 1
3914 380 0
3915 169 1
3916 553 0
3917 130 0
3918 558 0
3919 725 1
3920 82 1
3921 188 1
3922 375 0
3923 6 0
3924 257 1
3925 224 0
3926 125 1
3927 629 0
3928 120 0
3929 609 1
3930 541 1
3931 256 0
3932 125 1
3933 542 0
3934 10 1
3935 624 1
3936 737 1
3937 200 1
3938 250 1
3939 412 0
3940 29 0
3941 707 1
3942 750 0
3943 749 1
3944 348 1
3945 254 1
3946 605 0
3947 102 0
3948 197 1
3949 298 1
3950 445 1
3951 365 1
3952 269 1
3953 62 1
3954 421 0
3955 326 1
3956 411 1
3957 255 1
3958 488 1
3959 565 0
3960 481 1
3961 260 0
3962 630 1
3963 701 1
3964 306 1
3965 334 1
3966 456 1
3967 51 1
3968 148 1
3969 544 0
3970 237 0
3971 321 1
3972 437 1
3973 344 0
3974 115 0
3975 646 0
3976 614 1
3977 567 1
3978 568 1
3979 190 1
3980 36 0
3981 93 1
3982 108 1
3983 517 0
3984 673 1
3985 542 1
3986 49 1
3987 94 0
3988 740 1
3989 296 0
3990 232 0
3991 686 1
3992 383 0
3993 559 0
3994 290 0
3995 294 1
3996 157 1
3997 52 0
3998 598 1
3999 238 0
4000 514 0
4001 367 0
4002 528 0
4003 350 0
4004 199 1
4005 591 1
4006 123 1
4007 512 0
4008 716 0
4009 759 1
4010 354 0
4011 567 1
4012 391 0
4013 493 1
4014 489 0
4015 30 1
4016 746 1
4017 517 1
4018 508 1
4019 660 0
4020 47 1
4021 373 0
4022 297 1
4023 744 1
4024 491 0
4025 138 1
4026 324 1
4027 308 1
4028 624 1
4029 590 0
4030 1 1
4031 651 1
4032 251 1
4033 139 1
4034 153 1
4035 350 1
4036 584 0
4037 21 1
4038 144 1
4039 429 1
4040 452 1
4041 15 1
4042 156 1
4043 27 1
4044 359 0
4045 12 1
4046 121 0
4047 407 1
4048 299 0
4049 431 1
4050 645 0
4051 303 0
4052 389 1
4053 645 1
4054 40 1
4055 53 1
4056 526 0
4057 569 0
4058 42 1
4059 348 1
4060 97 0
4061 61 1
4062 258 1
4063 306 1
4064 664 0
4065 310 1
4066 753 1
4067 656 1
4068 653 0
4069 560 1
4070 495 1
4071 486 1
4072 331 1
4073 588 1
4074 536 0
4075 74 0
4076 531 1
4077 568 0
4078 603 1
4079 296 0
4080 80 0
4081 694 1
4082 519 1
4083 509 1
4084 5 0
4085 400 1
4086 216 1
4087 755 0
4088 60 0
4089 221 1
4090 398 0
4091 529 1
4092 497 0
4093 252 1
4094 90 1
4095 136 1
4096 39 0
4097 303 0
4098 300 0
4099 266 1
4100 416 1
4101 39 1
4102 87 1
4103 480 1
4104 672 1
4105 43 1
4106 298 1
4107 118 0
4108 204 0
4109 14 1
4110 570 1
4111 114 0
4112 632 1
4113 468 1
4114 529 0
4115 121 1
4116 701 0
4117 112 0
4118 254 1
4119 235 1
4120 178 0
4121 116 1
4122 150 0
4123 156 1
4124 255 1
4125 298 1
4126 737 1
4127 735 1
4128 479 1
4129 419 0
4130 472 0
4131 72 1
4132 350 0
4133 495 0
4134 11 1
4135 416 1
4136 658 1
4137 732 0
4138 66 1
4139 47 1
4140 358 1
4141 447 1
4142 758 1
4143 233 0
4144 154 0
4145 364 1
4146 77 1
4147 333 1
4148 271 1
4149 683 1
4150 92 1
4151 538 1
4152 165 1
4153 92 0
4154 692 0
4155 619 1
4156 135 1
4157 680 1
4158 17 1
4159 314 0
4160 451 1
4161 97 1
4162 0 1
4163 190 0
4164 208 1
4165 204 1
4166 506 1
4167 0 1
4168 546 1
4169 553 0
4170 298 0
4171 56 0
4172 7 1
4173 626 1
4174 535 1
4175 262 0
4176 504 0
4177 748 0
4178 506 0
4179 425 1
4180 762 1
4181 315 1
4182 321 1
4183 58 1
4184 59 0
4185 639 1
4186 318 1
4187 441 1
4188 317 1
4189 416 1
4190 542 0
4191 306 1
4192 339 1
4193 84 1
4194 177 1
4195 94 0
4196 439 0
4197 677 0
4198 26 1
4199 512 1
4200 647 0
4201 92 1
4202 316 0
4203 174 1
4204 135 1
4205 369 1
4206 570 1
4207 608 1
4208 679 0
4209 288 1
4210 502 0
4211 681 0
4212 509 0
4213 587 0
4214 627 1
4215 270 1
4216 369 0
4217 357 1
4218 546 1
4219 618 0
4220 423 1
4221 242 0
4222 196 0
4223 20 1
4224 77 0
4225 617 1
4226 757 1
4227 755 1
4228 8 1
4229 269 0
4230 560 1
4231 444 0
4232 552 1
4233 149 1
4234 633 1
4235 663 0
4236 639 1
4237 167 1
4238 290 0
4239 595 1
4240 562 1
4241 180 1
4242 212 1
4243 704 1
4244 46 1
4245 572 1
4246 47 1
4247 70 0
4248 701 1
4249 581 0
4250 636 0
4251 159 0
4252 683 1
4253 579 1
4254 580 0
4255 224 1
4256 89 1
4257 580 0
4258 641 1
4259 238 1
4260 375 1
4261 244 0
4262 710 0
4263 321 1
4264 183 1
4265 514 1
4266 680 1
4267 213 1
4268 301 0
4269 455 0
4270 84 1
4271 558 1
4272 385 1
4273 191 1
4274 540 1
4275 247 1
4276 123 1
4277 638 1
4278 455 0
4279 362 0
4280 746 1
4281 758 1
4282 85 1
4283 558 0
4284 647 0
4285 217 1
4286 228 1
4287 205 0
