3712
1 154 1
2 228 1
3 90 1
4 227 1
5 666 1
6 453 1
7 176 1
8 313 1
9 257 1
10 769 1
11 440 0
12 774 0
13 684 0
14 1 1
15 379 0
16 219 1
17 225 1
18 166 0
19 527 1
20 710 0
21 808 0
22 9 0
23 219 1
24 281 0
25 475 0
26 504 1
27 158 1
28 19 1
29 522 1
30 407 0
31 743 0
32 594 1
33 594 1
34 203 1
35 673 0
36 754 1
37 756 1
38 304 1
39 606 1
40 131 1
41 75 0
42 677 1
43 833 0
44 836 1
45 476 1
46 575 1
47 789 0
48 26 0
49 609 1
50 343 1
51 424 0
52 602 0
53 780 0
54 835 1
55 771 1
56 66 0
57 520 0
58 840 1
59 118 1
60 186 1
61 758 1
62 493 1
63 610 1
64 769 0
65 29 0
66 99 0
67 48 1
68 553 1
69 286 1
70 53 1
71 432 1
72 824 1
73 383 1
74 384 1
75 578 1
76 15 1
77 612 0
78 721 0
79 307 0
80 279 1
81 682 1
82 550 0
83 600 1
84 238 0
85 329 0
86 624 1
87 170 1
88 393 1
89 349 1
90 815 1
91 27 1
92 101 1
93 618 1
94 781 1
95 632 0
96 421 1
97 119 0
98 723 1
99 153 1
100 525 0
101 171 1
102 163 1
103 675 0
104 415 1
105 13 0
106 631 0
107 499 0
108 440 1
109 475 0
110 361 0
111 121 0
112 259 1
113 433 0
114 479 1
115 623 1
116 590 0
117 232 1
118 416 1
119 830 1
120 612 1
121 741 0
122 643 1
123 54 1
124 436 0
125 384 1
126 555 1
127 259 0
128 265 1
129 236 1
130 799 1
131 668 0
132 332 1
133 822 1
134 488 1
135 500 1
136 573 0
137 421 1
138 560 1
139 378 1
140 765 0
141 713 1
142 787 1
143 814 0
144 824 0
145 716 0
146 828 1
147 250 1
148 123 1
149 829 0
150 802 1
151 390 1
152 47 1
153 669 1
154 808 1
155 524 0
156 729 1
157 131 1
158 528 1
159 407 0
160 74 0
161 813 1
162 346 1
163 743 1
164 814 0
165 601 1
166 378 1
167 228 1
168 242 0
169 553 1
170 625 0
171 702 1
172 393 0
173 709 1
174 698 1
175 111 0
176 318 1
177 595 1
178 427 1
179 53 1
180 147 1
181 95 1
182 84 1
183 470 0
184 741 1
185 296 0
186 780 1
187 559 0
188 150 1
189 773 1
190 703 0
191 540 1
192 488 0
193 605 0
194 311 0
195 234 1
196 832 1
197 743 1
198 173 1
199 163 1
200 316 0
201 359 0
202 377 0
203 348 0
204 504 1
205 54 1
206 84 0
207 68 1
208 649 1
209 166 1
210 11 0
211 338 1
212 490 0
213 679 0
214 614 1
215 496 1
216 822 1
217 104 0
218 692 0
219 405 0
220 493 0
221 243 1
222 814 1
223 669 0
224 504 1
225 263 1
226 154 1
227 278 1
228 1 1
229 466 1
230 479 1
231 224 0
232 737 0
233 98 0
234 301 1
235 705 1
236 722 1
237 50 1
238 779 1
239 839 1
240 473 0
241 718 0
242 21 1
243 191 1
244 632 1
245 158 1
246 540 0
247 250 0
248 833 1
249 785 1
250 611 0
251 608 1
252 276 1
253 108 1
254 57 0
255 417 0
256 367 1
257 77 0
258 810 0
259 772 0
260 687 1
261 632 1
262 594 1
263 582 1
264 751 1
265 639 1
266 95 1
267 534 0
268 585 1
269 346 1
270 508 1
271 692 1
272 337 1
273 544 1
274 559 1
275 668 1
276 85 0
277 311 0
278 621 1
279 184 0
280 339 1
281 573 1
282 750 0
283 567 0
284 669 0
285 656 1
286 116 0
287 732 0
288 558 1
289 760 1
290 670 0
291 441 1
292 566 1
293 354 1
294 564 0
295 398 1
296 42 0
297 258 0
298 156 1
299 807 1
300 177 1
301 81 1
302 410 1
303 747 1
304 768 0
305 163 1
306 773 1
307 272 1
308 35 0
309 124 1
310 686 1
311 423 1
312 412 1
313 199 1
314 786 1
315 313 1
316 308 0
317 416 0
318 487 1
319 606 0
320 508 1
321 772 1
322 53 0
323 218 0
324 350 0
325 448 1
326 625 0
327 683 0
328 231 1
329 285 1
330 568 0
331 59 1
332 273 0
333 274 0
334 317 1
335 94 0
336 328 1
337 545 0
338 830 1
339 470 1
340 625 1
341 295 1
342 709 1
343 366 1
344 540 1
345 36 1
346 770 0
347 63 0
348 90 0
349 123 1
350 136 1
351 752 0
352 3 1
353 606 1
354 739 1
355 91 1
356 674 1
357 693 1
358 284 1
359 401 1
360 389 1
361 612 0
362 52 1
363 522 1
364 773 0
365 309 1
366 382 1
367 54 0
368 436 1
369 137 1
370 656 1
371 17 0
372 375 1
373 791 1
374 688 1
375 163 0
376 309 1
377 315 1
378 370 0
379 264 1
380 762 0
381 733 1
382 554 1
383 449 1
384 606 0
385 244 1
386 336 0
387 670 0
388 731 1
389 290 1
390 492 1
391 334 0
392 748 1
393 682 1
394 166 0
395 341 1
396 199 0
397 152 1
398 540 1
399 662 1
400 708 1
401 487 1
402 687 0
403 675 0
404 457 1
405 675 0
406 337 0
407 669 0
408 579 0
409 282 1
410 376 1
411 353 1
412 136 1
413 247 0
414 627 1
415 141 1
416 495 0
417 218 1
418 464 1
419 679 0
420 777 1
421 789 1
422 442 0
423 37 1
424 287 1
425 446 0
426 463 1
427 157 1
428 224 1
429 195 0
430 833 1
431 625 1
432 484 1
433 829 0
434 655 1
435 549 1
436 99 1
437 384 1
438 34 1
439 482 1
440 502 1
441 744 0
442 647 1
443 244 1
444 825 1
445 161 1
446 536 1
447 224 1
448 789 1
449 649 0
450 639 1
451 715 0
452 375 1
453 200 0
454 440 1
455 731 1
456 530 1
457 587 1
458 816 0
459 727 1
460 791 1
461 538 0
462 833 1
463 187 1
464 735 1
465 64 1
466 713 1
467 792 1
468 797 0
469 658 0
470 594 1
471 258 1
472 463 1
473 379 1
474 116 1
475 159 0
476 673 0
477 313 1
478 378 1
479 126 1
480 255 0
481 326 1
482 489 0
483 376 0
484 189 1
485 602 0
486 261 1
487 225 1
488 385 1
489 323 1
490 149 0
491 328 1
492 98 1
493 646 1
494 61 0
495 269 1
496 482 1
497 204 1
498 392 0
499 336 1
500 533 1
501 523 0
502 718 1
503 439 1
504 632 0
505 284 1
506 163 1
507 762 1
508 774 0
509 17 1
510 19 1
511 70 1
512 401 0
513 152 0
514 615 1
515 534 1
516 346 0
517 623 1
518 485 0
519 246 0
520 142 0
521 818 1
522 663 0
523 86 1
524 828 1
525 110 1
526 150 0
527 28 1
528 817 1
529 264 0
530 429 1
531 419 1
532 536 1
533 759 0
534 422 1
535 818 1
536 215 1
537 389 1
538 215 0
539 394 0
540 99 0
541 809 1
542 446 0
543 80 1
544 779 0
545 533 1
546 664 1
547 62 0
548 73 1
549 59 1
550 745 1
551 580 1
552 353 1
553 759 1
554 725 1
555 530 0
556 337 1
557 353 1
558 495 1
559 725 1
560 779 0
561 561 0
562 290 1
563 721 1
564 363 0
565 379 1
566 337 0
567 748 0
568 8 1
569 778 1
570 259 1
571 237 0
572 726 1
573 59 1
574 183 0
575 334 1
576 722 1
577 483 1
578 197 1
579 55 0
580 664 1
581 107 1
582 313 1
583 131 0
584 201 0
585 575 1
586 56 1
587 817 1
588 321 1
589 682 0
590 339 1
591 386 1
592 590 0
593 753 1
594 753 1
595 627 1
596 162 1
597 257 1
598 510 0
599 317 1
600 216 1
601 331 0
602 623 0
603 814 1
604 102 0
605 368 1
606 351 1
607 422 1
608 304 1
609 168 1
610 663 0
611 553 1
612 450 1
613 821 1
614 117 0
615 590 1
616 108 1
617 366 0
618 147 1
619 594 0
620 275 0
621 451 1
622 397 1
623 248 0
624 127 1
625 76 1
626 131 1
627 535 1
628 118 1
629 460 1
630 572 0
631 329 0
632 50 1
633 330 1
634 554 0
635 207 1
636 327 1
637 136 1
638 451 1
639 584 1
640 560 1
641 288 1
642 810 1
643 793 1
644 258 0
645 323 0
646 143 1
647 190 1
648 26 0
649 151 1
650 125 1
651 329 1
652 176 0
653 95 1
654 609 1
655 125 1
656 18 0
657 541 1
658 156 1
659 676 1
660 426 0
661 766 1
662 330 1
663 763 1
664 156 1
665 696 1
666 192 0
667 253 1
668 410 1
669 756 1
670 787 1
671 28 0
672 214 1
673 553 1
674 822 0
675 65 1
676 66 1
677 737 1
678 467 1
679 512 1
680 253 1
681 665 1
682 313 1
683 574 0
684 186 1
685 182 1
686 290 0
687 698 0
688 539 0
689 395 1
690 559 1
691 689 1
692 211 1
693 782 1
694 164 1
695 460 0
696 582 1
697 21 0
698 122 1
699 57 1
700 5 1
701 200 0
702 450 0
703 320 1
704 229 0
705 430 1
706 94 1
707 93 0
708 623 1
709 743 1
710 9 1
711 363 0
712 167 1
713 165 0
714 501 1
715 357 0
716 462 0
717 321 1
718 136 0
719 822 1
720 35 0
721 673 1
722 449 0
723 195 1
724 322 0
725 779 1
726 822 0
727 442 1
728 206 0
729 198 1
730 589 1
731 493 1
732 633 1
733 644 1
734 135 1
735 53 1
736 796 0
737 61 1
738 774 1
739 395 0
740 114 0
741 106 1
742 395 1
743 4 1
744 74 1
745 829 1
746 277 1
747 394 1
748 215 0
749 599 0
750 582 0
751 282 1
752 59 1
753 701 1
754 359 1
755 7 0
756 589 0
757 89 0
758 421 1
759 265 1
760 656 0
761 438 0
762 494 1
763 764 1
764 790 1
765 581 1
766 94 1
767 228 1
768 726 0
769 145 1
770 105 0
771 238 1
772 626 1
773 118 0
774 782 0
775 221 1
776 396 1
777 211 1
778 412 0
779 279 0
780 416 0
781 653 0
782 402 0
783 424 1
784 491 1
785 292 1
786 2 1
787 570 1
788 618 1
789 835 1
790 230 1
791 678 1
792 396 1
793 196 1
794 543 1
795 689 1
796 255 0
797 389 1
798 63 1
799 104 1
800 664 1
801 670 1
802 686 1
803 454 0
804 7 1
805 544 0
806 786 1
807 384 0
808 790 1
809 68 1
810 815 1
811 370 1
812 779 0
813 46 1
814 253 0
815 315 0
816 546 1
817 502 1
818 665 1
819 615 1
820 686 1
821 429 0
822 219 1
823 131 1
824 72 0
825 660 1
826 236 0
827 276 0
828 710 0
829 176 1
830 232 1
831 559 0
832 757 1
833 690 1
834 697 1
835 773 1
836 303 1
837 92 0
838 695 1
839 451 1
840 783 1
841 575 0
842 821 0
843 114 1
844 694 1
845 332 0
846 302 0
847 624 1
848 632 1
849 320 1
850 697 0
851 551 0
852 135 1
853 442 1
854 627 1
855 277 1
856 683 1
857 268 1
858 383 1
859 273 1
860 433 1
861 682 1
862 176 1
863 234 1
864 698 1
865 216 1
866 568 1
867 835 1
868 329 1
869 212 0
870 8 1
871 205 1
872 261 1
873 275 0
874 616 1
875 400 1
876 73 1
877 463 0
878 467 0
879 818 1
880 172 0
881 160 1
882 480 1
883 122 0
884 351 1
885 445 1
886 584 0
887 811 1
888 644 1
889 169 0
890 314 0
891 147 1
892 332 0
893 157 1
894 828 1
895 644 0
896 689 1
897 419 1
898 479 0
899 419 1
900 396 1
901 709 1
902 194 0
903 745 1
904 445 1
905 777 1
906 164 1
907 66 1
908 814 1
909 214 0
910 118 1
911 721 1
912 102 1
913 657 0
914 361 1
915 330 1
916 619 1
917 657 0
918 399 1
919 330 1
920 155 0
921 763 0
922 470 0
923 575 1
924 812 1
925 405 1
926 88 1
927 418 0
928 105 0
929 532 1
930 830 0
931 744 1
932 821 1
933 341 1
934 402 0
935 143 1
936 458 1
937 637 1
938 414 0
939 291 0
940 441 0
941 836 1
942 502 1
943 480 0
944 167 1
945 594 0
946 793 1
947 525 0
948 338 1
949 673 1
950 817 1
951 457 1
952 401 0
953 42 0
954 144 1
955 120 1
956 790 1
957 34 1
958 49 1
959 818 0
960 205 0
961 133 1
962 590 0
963 452 1
964 804 0
965 588 0
966 621 1
967 735 1
968 818 0
969 757 1
970 269 1
971 828 0
972 752 0
973 669 0
974 56 1
975 778 1
976 138 0
977 180 1
978 248 1
979 335 1
980 436 1
981 511 0
982 46 0
983 158 1
984 341 1
985 266 0
986 110 1
987 589 0
988 35 1
989 343 1
990 825 0
991 114 1
992 110 1
993 370 1
994 85 0
995 690 1
996 548 1
997 498 1
998 766 1
999 739 1
1000 730 0
1001 637 1
1002 778 1
1003 381 1
1004 564 1
1005 666 1
1006 764 1
1007 430 1
1008 834 1
1009 512 1
1010 424 1
1011 119 1
1012 722 1
1013 246 1
1014 192 1
1015 673 0
1016 68 0
1017 441 1
1018 616 0
1019 579 1
1020 226 1
1021 46 0
1022 704 0
1023 544 0
1024 796 1
1025 295 1
1026 337 0
1027 31 1
1028 191 1
1029 385 0
1030 181 1
1031 225 1
1032 208 0
1033 14 1
1034 409 1
1035 322 1
1036 278 1
1037 545 0
1038 364 0
1039 599 0
1040 826 0
1041 218 0
1042 469 1
1043 61 0
1044 46 1
1045 804 0
1046 184 1
1047 837 1
1048 616 1
1049 375 1
1050 726 1
1051 339 1
1052 585 0
1053 305 0
1054 53 0
1055 788 1
1056 719 0
1057 120 1
1058 776 0
1059 527 1
1060 148 1
1061 330 0
1062 200 0
1063 485 1
1064 699 1
1065 520 1
1066 838 1
1067 507 0
1068 663 1
1069 451 1
1070 397 1
1071 514 1
1072 324 0
1073 382 1
1074 336 0
1075 363 0
1076 319 1
1077 577 1
1078 179 0
1079 14 1
1080 361 1
1081 141 1
1082 73 1
1083 701 1
1084 381 1
1085 372 1
1086 469 1
1087 212 1
1088 200 1
1089 574 1
1090 182 1
1091 781 0
1092 789 1
1093 541 0
1094 258 1
1095 526 1
1096 9 1
1097 738 1
1098 236 0
1099 579 1
1100 669 1
1101 554 1
1102 516 1
1103 11 1
1104 39 1
1105 173 1
1106 441 0
1107 483 0
1108 391 0
1109 37 0
1110 500 1
1111 789 1
1112 512 1
1113 352 1
1114 805 1
1115 284 1
1116 561 1
1117 452 1
1118 283 1
1119 713 0
1120 568 1
1121 303 0
1122 760 0
1123 77 1
1124 731 0
1125 479 1
1126 800 1
1127 659 0
1128 635 1
1129 378 1
1130 381 1
1131 513 1
1132 419 0
1133 98 0
1134 347 1
1135 784 1
1136 377 1
1137 603 0
1138 553 0
1139 126 1
1140 556 0
1141 353 1
1142 793 1
1143 145 0
1144 703 1
1145 467 1
1146 705 0
1147 105 0
1148 24 1
1149 745 1
1150 535 0
1151 807 1
1152 694 1
1153 728 1
1154 169 0
1155 370 0
1156 378 1
1157 760 1
1158 656 0
1159 438 1
1160 107 0
1161 522 1
1162 565 1
1163 14 1
1164 351 1
1165 480 1
1166 366 1
1167 477 0
1168 536 0
1169 147 0
1170 137 1
1171 110 1
1172 160 0
1173 367 1
1174 455 1
1175 14 1
1176 390 1
1177 54 1
1178 684 0
1179 463 0
1180 588 1
1181 601 1
1182 69 0
1183 93 1
1184 723 1
1185 590 0
1186 518 1
1187 56 1
1188 250 1
1189 414 1
1190 147 1
1191 787 0
1192 484 1
1193 411 0
1194 670 0
1195 43 1
1196 497 1
1197 290 1
1198 162 1
1199 451 1
1200 384 0
1201 666 0
1202 661 0
1203 740 1
1204 304 0
1205 535 0
1206 261 0
1207 749 1
1208 482 1
1209 593 0
1210 714 0
1211 248 1
1212 801 0
1213 456 1
1214 682 1
1215 768 1
1216 26 0
1217 287 1
1218 234 1
1219 517 1
1220 620 1
1221 510 0
1222 693 1
1223 306 0
1224 17 0
1225 766 0
1226 455 1
1227 621 0
1228 471 0
1229 57 1
1230 663 1
1231 299 1
1232 98 1
1233 296 1
1234 53 1
1235 391 1
1236 785 1
1237 474 1
1238 599 1
1239 251 1
1240 598 1
1241 267 1
1242 109 1
1243 147 0
1244 645 1
1245 654 1
1246 551 1
1247 77 1
1248 218 1
1249 141 0
1250 707 0
1251 705 1
1252 714 1
1253 569 0
1254 638 1
1255 9 1
1256 517 1
1257 128 0
1258 84 1
1259 728 0
1260 240 1
1261 117 1
1262 173 1
1263 600 0
1264 87 0
1265 183 1
1266 554 1
1267 126 0
1268 746 1
1269 661 1
1270 195 1
1271 698 1
1272 706 1
1273 259 1
1274 21 1
1275 200 0
1276 447 0
1277 573 1
1278 271 1
1279 531 1
1280 593 0
1281 673 1
1282 521 0
1283 495 1
1284 174 1
1285 729 1
1286 745 1
1287 1 1
1288 332 1
1289 320 0
1290 767 1
1291 375 1
1292 597 0
1293 513 1
1294 800 1
1295 747 0
1296 77 1
1297 379 1
1298 58 1
1299 785 0
1300 108 0
1301 361 1
1302 180 1
1303 383 0
1304 143 1
1305 626 1
1306 744 0
1307 804 1
1308 628 0
1309 649 1
1310 681 1
1311 58 1
1312 654 1
1313 276 1
1314 231 1
1315 704 1
1316 655 0
1317 713 0
1318 348 1
1319 266 0
1320 239 0
1321 81 1
1322 572 1
1323 763 0
1324 522 1
1325 706 1
1326 646 0
1327 640 1
1328 122 1
1329 91 0
1330 57 1
1331 213 1
1332 781 1
1333 226 0
1334 702 1
1335 299 0
1336 64 0
1337 2 1
1338 186 1
1339 756 1
1340 256 1
1341 830 1
1342 305 0
1343 282 1
1344 465 0
1345 301 1
1346 328 1
1347 514 1
1348 360 0
1349 316 1
1350 753 0
1351 322 1
1352 517 1
1353 612 0
1354 611 1
1355 330 1
1356 669 0
1357 88 1
1358 708 1
1359 81 0
1360 504 0
1361 135 1
1362 55 1
1363 621 1
1364 69 1
1365 398 1
1366 232 1
1367 798 1
1368 565 1
1369 371 1
1370 617 1
1371 362 1
1372 780 1
1373 99 0
1374 341 1
1375 501 0
1376 562 1
1377 356 1
1378 806 1
1379 553 0
1380 594 0
1381 16 0
1382 591 1
1383 495 1
1384 64 1
1385 651 0
1386 487 1
1387 46 1
1388 743 1
1389 834 0
1390 325 0
1391 608 1
1392 50 1
1393 784 1
1394 621 1
1395 651 1
1396 607 1
1397 120 1
1398 402 0
1399 433 1
1400 160 1
1401 66 0
1402 536 1
1403 233 0
1404 17 0
1405 202 0
1406 481 0
1407 749 1
1408 454 1
1409 66 1
1410 109 0
1411 609 1
1412 65 1
1413 594 1
1414 23 0
1415 453 1
1416 550 0
1417 591 1
1418 392 0
1419 203 1
1420 811 1
1421 272 1
1422 135 1
1423 742 1
1424 393 1
1425 584 1
1426 445 1
1427 138 0
1428 602 1
1429 737 1
1430 198 1
1431 330 1
1432 629 1
1433 513 0
1434 64 0
1435 349 1
1436 41 0
1437 485 1
1438 562 1
1439 285 0
1440 113 0
1441 377 0
1442 743 1
1443 829 0
1444 767 1
1445 650 1
1446 595 0
1447 632 0
1448 220 1
1449 563 1
1450 780 0
1451 679 1
1452 453 1
1453 757 1
1454 229 1
1455 49 1
1456 832 1
1457 421 1
1458 701 1
1459 758 0
1460 656 1
1461 271 1
1462 707 1
1463 794 1
1464 727 1
1465 731 0
1466 108 1
1467 647 1
1468 652 1
1469 256 1
1470 285 0
1471 143 1
1472 491 0
1473 530 1
1474 494 0
1475 258 0
1476 776 1
1477 480 1
1478 111 1
1479 249 0
1480 469 1
1481 424 0
1482 709 1
1483 660 1
1484 313 1
1485 321 1
1486 742 1
1487 155 1
1488 788 1
1489 264 1
1490 654 1
1491 511 1
1492 572 1
1493 150 0
1494 103 1
1495 441 1
1496 539 1
1497 671 0
1498 14 0
1499 447 0
1500 85 0
1501 206 1
1502 752 1
1503 139 1
1504 808 1
1505 61 1
1506 685 1
1507 129 1
1508 243 0
1509 19 0
1510 439 1
1511 679 0
1512 4 1
1513 64 0
1514 279 0
1515 706 0
1516 800 1
1517 111 0
1518 434 1
1519 330 0
1520 413 0
1521 782 0
1522 484 0
1523 194 0
1524 109 1
1525 232 1
1526 193 1
1527 205 1
1528 701 0
1529 816 0
1530 61 0
1531 505 1
1532 514 0
1533 491 1
1534 627 1
1535 28 1
1536 132 1
1537 818 1
1538 640 1
1539 262 1
1540 746 1
1541 818 0
1542 86 1
1543 657 1
1544 573 1
1545 86 1
1546 234 1
1547 654 1
1548 728 1
1549 375 1
1550 45 0
1551 233 1
1552 372 0
1553 554 1
1554 744 1
1555 200 1
1556 832 1
1557 268 1
1558 721 0
1559 624 0
1560 478 1
1561 246 1
1562 582 1
1563 379 1
1564 123 1
1565 503 1
1566 76 1
1567 107 1
1568 468 1
1569 139 1
1570 157 1
1571 540 1
1572 277 0
1573 826 1
1574 654 1
1575 130 1
1576 0 1
1577 763 1
1578 195 1
1579 812 0
1580 815 0
1581 7 1
1582 130 0
1583 258 1
1584 56 1
1585 729 0
1586 256 1
1587 122 1
1588 157 1
1589 210 1
1590 237 1
1591 21 1
1592 476 0
1593 580 1
1594 4 1
1595 270 1
1596 545 1
1597 389 0
1598 513 1
1599 193 1
1600 324 1
1601 542 1
1602 31 1
1603 33 1
1604 292 1
1605 759 0
1606 104 1
1607 527 1
1608 483 1
1609 772 0
1610 577 0
1611 586 0
1612 238 0
1613 717 0
1614 301 1
1615 239 1
1616 273 1
1617 124 1
1618 726 0
1619 12 0
1620 762 0
1621 467 1
1622 470 0
1623 365 0
1624 179 1
1625 720 1
1626 257 1
1627 557 1
1628 359 0
1629 767 0
1630 24 1
1631 204 0
1632 468 0
1633 121 1
1634 246 1
1635 291 0
1636 664 0
1637 192 1
1638 70 0
1639 526 1
1640 614 0
1641 765 1
1642 29 0
1643 286 1
1644 435 0
1645 568 0
1646 139 0
1647 276 1
1648 19 1
1649 720 0
1650 290 0
1651 192 0
1652 87 1
1653 767 1
1654 702 1
1655 767 1
1656 617 1
1657 265 1
1658 92 1
1659 554 1
1660 525 1
1661 507 0
1662 813 1
1663 190 1
1664 100 1
1665 618 0
1666 0 0
1667 24 1
1668 354 0
1669 606 1
1670 163 1
1671 450 1
1672 143 1
1673 106 1
1674 187 1
1675 282 1
1676 462 1
1677 295 1
1678 492 0
1679 787 1
1680 314 1
1681 502 1
1682 535 1
1683 162 1
1684 237 1
1685 625 1
1686 459 0
1687 700 1
1688 470 1
1689 357 1
1690 146 1
1691 288 1
1692 348 1
1693 802 1
1694 828 1
1695 351 1
1696 233 1
1697 616 0
1698 299 1
1699 336 1
1700 465 1
1701 456 1
1702 716 1
1703 206 0
1704 642 0
1705 523 1
1706 724 1
1707 555 1
1708 74 0
1709 832 0
1710 786 0
1711 363 0
1712 115 0
1713 706 1
1714 437 0
1715 471 1
1716 683 0
1717 747 0
1718 163 1
1719 183 1
1720 196 1
1721 273 1
1722 197 0
1723 71 1
1724 24 0
1725 332 1
1726 765 1
1727 748 1
1728 355 1
1729 816 1
1730 335 1
1731 614 1
1732 293 1
1733 15 1
1734 754 0
1735 782 0
1736 665 0
1737 790 0
1738 562 0
1739 292 1
1740 203 1
1741 556 1
1742 840 1
1743 528 0
1744 597 1
1745 66 0
1746 470 0
1747 28 1
1748 481 1
1749 740 0
1750 2 1
1751 263 1
1752 655 1
1753 448 1
1754 353 1
1755 723 1
1756 283 1
1757 204 0
1758 423 1
1759 397 1
1760 756 0
1761 31 0
1762 424 0
1763 67 0
1764 704 0
1765 218 1
1766 407 1
1767 292 0
1768 815 1
1769 118 1
1770 399 0
1771 404 1
1772 800 1
1773 485 1
1774 259 0
1775 322 0
1776 25 1
1777 79 1
1778 172 1
1779 273 1
1780 474 1
1781 261 1
1782 493 1
1783 623 1
1784 813 0
1785 314 1
1786 22 0
1787 574 1
1788 485 1
1789 124 0
1790 20 1
1791 439 0
1792 319 0
1793 495 1
1794 426 0
1795 47 1
1796 179 0
1797 701 0
1798 382 1
1799 659 0
1800 505 0
1801 246 0
1802 611 1
1803 269 1
1804 558 0
1805 761 0
1806 359 1
1807 385 1
1808 638 1
1809 689 0
1810 568 0
1811 283 1
1812 565 1
1813 99 1
1814 147 0
1815 821 1
1816 412 1
1817 99 0
1818 806 0
1819 198 1
1820 521 1
1821 22 0
1822 238 1
1823 237 1
1824 206 0
1825 259 1
1826 342 1
1827 202 1
1828 806 0
1829 773 0
1830 580 1
1831 286 1
1832 740 0
1833 94 0
1834 514 1
1835 750 1
1836 171 1
1837 355 1
1838 98 1
1839 444 1
1840 198 1
1841 839 1
1842 525 1
1843 367 0
1844 262 0
1845 124 0
1846 814 1
1847 514 0
1848 315 1
1849 98 1
1850 59 1
1851 304 0
1852 539 0
1853 399 1
1854 170 1
1855 702 1
1856 226 1
1857 69 1
1858 661 1
1859 763 0
1860 256 1
1861 204 1
1862 817 1
1863 463 1
1864 485 1
1865 641 1
1866 329 1
1867 295 0
1868 763 1
1869 185 1
1870 218 0
1871 461 0
1872 506 0
1873 476 1
1874 487 0
1875 769 1
1876 204 1
1877 493 1
1878 611 1
1879 232 0
1880 436 0
1881 81 0
1882 136 1
1883 313 0
1884 591 1
1885 751 1
1886 304 1
1887 774 1
1888 422 1
1889 657 1
1890 568 0
1891 572 1
1892 238 1
1893 473 1
1894 99 0
1895 626 1
1896 257 1
1897 581 1
1898 2 0
1899 812 1
1900 71 1
1901 322 1
1902 13 1
1903 104 0
1904 665 1
1905 264 1
1906 26 1
1907 83 1
1908 580 0
1909 273 1
1910 781 1
1911 735 0
1912 525 0
1913 350 0
1914 48 1
1915 41 1
1916 804 0
1917 254 1
1918 379 1
1919 172 0
1920 640 0
1921 355 1
1922 192 1
1923 89 0
1924 515 1
1925 371 0
1926 782 1
1927 413 0
1928 260 1
1929 755 1
1930 4 1
1931 187 1
1932 318 1
1933 544 0
1934 80 1
1935 660 1
1936 313 1
1937 305 1
1938 133 0
1939 197 0
1940 277 1
1941 623 1
1942 354 1
1943 446 0
1944 719 1
1945 683 0
1946 75 1
1947 450 1
1948 592 0
1949 611 1
1950 630 1
1951 311 1
1952 125 1
1953 729 1
1954 531 0
1955 426 0
1956 174 1
1957 547 1
1958 765 1
1959 63 1
1960 32 1
1961 45 1
1962 296 1
1963 21 0
1964 168 1
1965 240 1
1966 822 1
1967 181 1
1968 688 1
1969 725 0
1970 756 1
1971 106 0
1972 640 0
1973 378 1
1974 326 1
1975 126 1
1976 107 0
1977 827 0
1978 426 0
1979 812 1
1980 399 1
1981 72 0
1982 524 0
1983 7 0
1984 83 1
1985 750 1
1986 323 1
1987 689 1
1988 188 0
1989 686 1
1990 428 0
1991 393 1
1992 743 1
1993 698 0
1994 747 0
1995 442 1
1996 642 0
1997 806 0
1998 289 1
1999 696 1
2000 225 0
2001 492 1
2002 140 1
2003 430 0
2004 86 0
2005 363 0
2006 607 1
2007 809 1
2008 655 1
2009 357 1
2010 256 1
2011 386 1
2012 834 1
2013 142 0
2014 685 0
2015 776 1
2016 123 1
2017 137 1
2018 287 0
2019 112 1
2020 362 1
2021 47 0
2022 752 0
2023 397 0
2024 442 1
2025 648 1
2026 473 1
2027 275 1
2028 667 0
2029 29 0
2030 776 1
2031 101 1
2032 752 1
2033 682 1
2034 326 0
2035 571 1
2036 791 1
2037 817 1
2038 154 1
2039 789 1
2040 47 1
2041 815 1
2042 71 1
2043 506 0
2044 187 1
2045 408 1
2046 19 0
2047 781 0
2048 268 1
2049 128 1
2050 697 1
2051 201 1
2052 838 1
2053 29 1
2054 311 1
2055 268 1
2056 695 0
2057 398 0
2058 11 1
2059 663 0
2060 359 0
2061 320 1
2062 260 1
2063 309 0
2064 163 1
2065 642 1
2066 56 0
2067 187 0
2068 541 1
2069 566 0
2070 554 1
2071 730 1
2072 596 1
2073 94 1
2074 351 1
2075 806 1
2076 749 1
2077 7 0
2078 667 1
2079 217 1
2080 514 1
2081 610 0
2082 622 1
2083 144 1
2084 773 1
2085 94 1
2086 224 0
2087 415 1
2088 271 1
2089 348 1
2090 187 1
2091 11 1
2092 119 0
2093 23 0
2094 95 1
2095 296 0
2096 19 1
2097 700 1
2098 622 1
2099 724 1
2100 835 1
2101 321 1
2102 563 1
2103 800 1
2104 165 1
2105 737 0
2106 140 1
2107 447 1
2108 527 0
2109 567 0
2110 231 1
2111 752 0
2112 689 0
2113 412 1
2114 736 0
2115 305 0
2116 634 1
2117 469 1
2118 281 0
2119 471 0
2120 255 1
2121 799 1
2122 274 1
2123 416 0
2124 157 1
2125 104 0
2126 164 0
2127 159 1
2128 748 1
2129 3 1
2130 386 1
2131 292 0
2132 694 1
2133 56 1
2134 710 1
2135 341 1
2136 53 0
2137 521 0
2138 226 0
2139 650 0
2140 839 0
2141 291 1
2142 289 0
2143 536 0
2144 541 0
2145 599 1
2146 367 1
2147 628 1
2148 333 1
2149 715 1
2150 131 1
2151 87 0
2152 36 1
2153 633 1
2154 224 0
2155 165 0
2156 716 0
2157 145 1
2158 667 1
2159 722 1
2160 139 0
2161 815 0
2162 52 1
2163 486 1
2164 807 0
2165 107 0
2166 96 0
2167 642 1
2168 323 0
2169 154 0
2170 397 1
2171 530 0
2172 296 0
2173 559 1
2174 515 1
2175 9 0
2176 441 1
2177 79 1
2178 106 0
2179 398 1
2180 206 0
2181 770 0
2182 221 1
2183 435 1
2184 767 1
2185 612 1
2186 189 0
2187 116 1
2188 737 1
2189 367 1
2190 636 0
2191 586 0
2192 721 0
2193 250 1
2194 511 1
2195 59 1
2196 674 1
2197 179 1
2198 321 1
2199 119 1
2200 483 0
2201 691 1
2202 192 1
2203 76 1
2204 162 0
2205 21 0
2206 340 1
2207 795 1
2208 192 1
2209 568 0
2210 372 1
2211 340 1
2212 377 0
2213 621 0
2214 653 1
2215 225 1
2216 631 0
2217 728 0
2218 643 1
2219 432 1
2220 768 1
2221 523 1
2222 821 0
2223 8 1
2224 441 1
2225 396 1
2226 123 1
2227 540 1
2228 776 0
2229 718 1
2230 220 1
2231 405 0
2232 779 1
2233 113 0
2234 617 1
2235 306 1
2236 759 1
2237 572 1
2238 226 1
2239 672 1
2240 76 1
2241 161 0
2242 724 1
2243 220 1
2244 180 1
2245 769 0
2246 801 0
2247 771 1
2248 385 1
2249 239 1
2250 350 1
2251 227 1
2252 535 0
2253 768 1
2254 59 1
2255 348 1
2256 586 1
2257 695 0
2258 129 0
2259 650 1
2260 533 0
2261 230 1
2262 671 1
2263 151 1
2264 566 1
2265 498 1
2266 95 1
2267 704 1
2268 444 1
2269 311 1
2270 149 1
2271 158 1
2272 449 1
2273 486 1
2274 448 1
2275 408 0
2276 393 0
2277 393 1
2278 320 1
2279 799 1
2280 694 1
2281 241 1
2282 101 1
2283 339 1
2284 256 1
2285 808 1
2286 590 0
2287 661 0
2288 499 0
2289 536 0
2290 121 0
2291 246 0
2292 503 0
2293 257 1
2294 102 1
2295 148 0
2296 433 1
2297 505 0
2298 13 1
2299 840 1
2300 775 0
2301 435 1
2302 453 1
2303 482 0
2304 82 0
2305 217 1
2306 42 1
2307 238 0
2308 622 1
2309 648 0
2310 471 1
2311 439 1
2312 705 1
2313 118 0
2314 709 1
2315 748 1
2316 444 1
2317 688 1
2318 117 0
2319 768 1
2320 267 1
2321 764 1
2322 127 0
2323 134 1
2324 176 1
2325 392 1
2326 497 1
2327 832 1
2328 696 0
2329 840 1
2330 587 1
2331 727 1
2332 8 1
2333 608 1
2334 664 0
2335 85 1
2336 440 1
2337 521 1
2338 290 1
2339 236 1
2340 357 0
2341 634 1
2342 380 1
2343 736 1
2344 255 1
2345 319 1
2346 161 0
2347 794 1
2348 540 0
2349 54 1
2350 16 0
2351 814 1
2352 268 1
2353 785 0
2354 69 1
2355 545 1
2356 329 0
2357 800 0
2358 484 1
2359 704 1
2360 109 1
2361 502 1
2362 749 0
2363 199 0
2364 536 0
2365 331 0
2366 754 1
2367 770 0
2368 319 1
2369 260 1
2370 654 0
2371 334 1
2372 664 1
2373 612 1
2374 749 0
2375 567 0
2376 779 0
2377 288 0
2378 203 1
2379 655 1
2380 501 1
2381 212 1
2382 811 0
2383 718 1
2384 375 0
2385 197 1
2386 463 0
2387 692 1
2388 584 0
2389 113 1
2390 460 1
2391 510 1
2392 669 0
2393 606 1
2394 204 0
2395 532 1
2396 326 1
2397 401 1
2398 405 0
2399 105 0
2400 776 1
2401 728 1
2402 593 0
2403 204 1
2404 804 1
2405 829 1
2406 158 0
2407 341 0
2408 816 1
2409 619 0
2410 287 0
2411 405 1
2412 574 1
2413 669 1
2414 604 0
2415 77 1
2416 836 1
2417 698 1
2418 305 1
2419 684 0
2420 140 0
2421 451 1
2422 89 0
2423 645 1
2424 659 1
2425 4 1
2426 494 0
2427 718 0
2428 736 0
2429 366 1
2430 840 1
2431 799 0
2432 770 1
2433 102 1
2434 479 0
2435 502 1
2436 138 1
2437 437 1
2438 424 1
2439 653 0
2440 425 0
2441 347 1
2442 586 0
2443 67 1
2444 50 1
2445 140 1
2446 397 1
2447 404 1
2448 515 1
2449 560 0
2450 813 1
2451 292 1
2452 694 0
2453 698 1
2454 731 0
2455 520 1
2456 86 1
2457 394 1
2458 372 1
2459 313 1
2460 655 1
2461 232 0
2462 72 0
2463 298 1
2464 663 1
2465 21 0
2466 600 1
2467 265 1
2468 803 1
2469 491 0
2470 633 1
2471 167 1
2472 559 1
2473 552 1
2474 543 0
2475 273 1
2476 599 0
2477 89 1
2478 62 1
2479 778 1
2480 164 1
2481 641 1
2482 32 1
2483 137 0
2484 789 1
2485 447 1
2486 559 1
2487 221 1
2488 696 0
2489 729 1
2490 317 0
2491 276 0
2492 427 1
2493 266 0
2494 512 0
2495 735 0
2496 763 1
2497 360 1
2498 360 1
2499 549 1
2500 45 0
2501 411 0
2502 530 1
2503 162 1
2504 324 0
2505 304 0
2506 812 1
2507 838 1
2508 466 1
2509 648 0
2510 467 0
2511 575 1
2512 597 0
2513 104 0
2514 352 1
2515 787 1
2516 569 1
2517 761 1
2518 749 0
2519 404 0
2520 733 1
2521 153 1
2522 809 1
2523 23 0
2524 414 0
2525 333 1
2526 494 1
2527 791 1
2528 522 0
2529 728 1
2530 229 0
2531 430 1
2532 791 1
2533 577 0
2534 794 1
2535 691 1
2536 368 1
2537 311 0
2538 154 0
2539 292 0
2540 525 1
2541 129 1
2542 212 0
2543 189 0
2544 495 1
2545 528 0
2546 511 1
2547 202 1
2548 589 1
2549 320 1
2550 679 1
2551 149 1
2552 535 1
2553 664 1
2554 314 1
2555 177 0
2556 260 1
2557 778 1
2558 146 0
2559 727 0
2560 803 1
2561 45 1
2562 51 1
2563 695 0
2564 786 1
2565 343 1
2566 705 1
2567 110 0
2568 712 1
2569 9 1
2570 650 1
2571 784 1
2572 253 0
2573 62 1
2574 367 0
2575 560 1
2576 122 0
2577 563 1
2578 372 0
2579 575 0
2580 111 0
2581 221 0
2582 329 1
2583 737 1
2584 26 1
2585 746 1
2586 692 1
2587 266 1
2588 691 1
2589 624 1
2590 37 0
2591 67 1
2592 709 0
2593 94 1
2594 568 0
2595 78 1
2596 506 1
2597 176 1
2598 392 1
2599 315 0
2600 578 0
2601 614 1
2602 189 0
2603 54 0
2604 369 0
2605 17 1
2606 782 0
2607 326 0
2608 475 1
2609 412 0
2610 609 0
2611 643 0
2612 550 0
2613 629 1
2614 651 1
2615 39 0
2616 83 0
2617 337 1
2618 454 0
2619 312 0
2620 590 1
2621 749 0
2622 174 1
2623 462 1
2624 175 1
2625 612 0
2626 44 1
2627 819 0
2628 753 1
2629 216 1
2630 471 1
2631 471 0
2632 429 1
2633 588 1
2634 480 0
2635 385 1
2636 750 0
2637 281 1
2638 289 1
2639 252 1
2640 537 0
2641 769 1
2642 559 1
2643 695 1
2644 35 1
2645 795 0
2646 86 1
2647 821 0
2648 755 0
2649 318 1
2650 148 0
2651 144 1
2652 757 1
2653 501 1
2654 87 0
2655 190 1
2656 57 1
2657 725 0
2658 626 1
2659 8 1
2660 650 1
2661 87 1
2662 749 1
2663 772 1
2664 156 1
2665 578 0
2666 472 0
2667 722 1
2668 66 1
2669 354 0
2670 415 0
2671 538 1
2672 423 1
2673 9 1
2674 161 1
2675 390 0
2676 340 1
2677 828 0
2678 665 0
2679 432 1
2680 528 1
2681 645 1
2682 411 1
2683 309 1
2684 668 0
2685 151 1
2686 728 0
2687 236 1
2688 631 0
2689 639 0
2690 22 1
2691 284 1
2692 786 1
2693 371 0
2694 551 1
2695 351 1
2696 253 0
2697 759 0
2698 442 1
2699 662 1
2700 411 0
2701 33 1
2702 181 0
2703 128 0
2704 514 1
2705 525 1
2706 476 1
2707 418 1
2708 840 1
2709 191 1
2710 273 1
2711 549 1
2712 219 1
2713 711 0
2714 215 1
2715 691 1
2716 25 1
2717 444 1
2718 753 0
2719 780 1
2720 18 0
2721 482 1
2722 432 1
2723 676 1
2724 370 0
2725 502 1
2726 89 1
2727 689 1
2728 197 1
2729 730 1
2730 613 0
2731 558 1
2732 825 1
2733 365 0
2734 253 1
2735 684 1
2736 768 0
2737 526 0
2738 746 0
2739 71 0
2740 749 0
2741 678 1
2742 303 1
2743 66 1
2744 6 0
2745 433 1
2746 295 1
2747 176 0
2748 72 0
2749 777 1
2750 606 1
2751 357 1
2752 465 1
2753 653 1
2754 765 1
2755 646 1
2756 216 1
2757 431 0
2758 771 0
2759 540 0
2760 212 1
2761 315 1
2762 42 0
2763 307 0
2764 553 1
2765 801 0
2766 383 1
2767 613 0
2768 481 0
2769 378 1
2770 69 1
2771 839 1
2772 188 0
2773 325 0
2774 446 1
2775 415 1
2776 517 1
2777 446 1
2778 140 1
2779 795 1
2780 756 1
2781 533 1
2782 832 0
2783 65 1
2784 490 1
2785 639 0
2786 749 1
2787 365 1
2788 347 1
2789 575 1
2790 835 1
2791 131 0
2792 639 0
2793 350 1
2794 249 1
2795 152 1
2796 218 1
2797 823 1
2798 750 1
2799 203 1
2800 11 1
2801 719 1
2802 759 1
2803 376 0
2804 453 0
2805 819 0
2806 19 1
2807 478 1
2808 206 1
2809 117 1
2810 292 1
2811 379 0
2812 715 0
2813 1 0
2814 769 1
2815 784 0
2816 566 1
2817 220 1
2818 666 1
2819 750 1
2820 467 0
2821 246 1
2822 117 0
2823 665 1
2824 713 1
2825 538 1
2826 812 0
2827 435 1
2828 798 1
2829 229 1
2830 400 1
2831 186 0
2832 836 0
2833 370 1
2834 764 1
2835 460 0
2836 527 1
2837 637 1
2838 351 1
2839 727 1
2840 403 0
2841 387 1
2842 260 0
2843 820 1
2844 779 0
2845 463 1
2846 142 0
2847 825 1
2848 216 1
2849 78 1
2850 393 0
2851 289 1
2852 165 0
2853 483 0
2854 308 1
2855 499 1
2856 553 1
2857 606 1
2858 388 1
2859 790 1
2860 314 0
2861 186 1
2862 823 1
2863 113 1
2864 285 0
2865 97 0
2866 491 1
2867 518 0
2868 833 1
2869 692 0
2870 290 1
2871 532 1
2872 756 1
2873 576 0
2874 402 1
2875 151 1
2876 458 1
2877 92 0
2878 27 1
2879 398 1
2880 759 1
2881 150 0
2882 402 1
2883 585 1
2884 348 1
2885 455 1
2886 546 1
2887 161 0
2888 203 1
2889 525 1
2890 782 1
2891 241 1
2892 533 1
2893 840 0
2894 661 1
2895 633 0
2896 413 1
2897 147 1
2898 130 1
2899 369 1
2900 688 1
2901 36 1
2902 730 0
2903 374 0
2904 694 1
2905 217 0
2906 495 1
2907 556 0
2908 73 1
2909 269 1
2910 473 1
2911 472 0
2912 605 0
2913 20 1
2914 30 1
2915 734 0
2916 733 1
2917 631 1
2918 728 1
2919 234 0
2920 824 1
2921 498 0
2922 191 1
2923 187 0
2924 528 0
2925 758 1
2926 517 0
2927 207 0
2928 528 0
2929 537 1
2930 137 1
2931 796 0
2932 120 0
2933 412 1
2934 510 1
2935 711 1
2936 378 1
2937 733 1
2938 341 1
2939 593 0
2940 295 0
2941 790 1
2942 659 1
2943 614 1
2944 745 0
2945 184 0
2946 260 0
2947 671 1
2948 245 0
2949 510 0
2950 169 1
2951 169 1
2952 508 1
2953 36 1
2954 741 0
2955 637 1
2956 299 0
2957 767 1
2958 263 1
2959 585 1
2960 370 0
2961 809 1
2962 669 1
2963 532 1
2964 402 1
2965 349 0
2966 341 1
2967 38 0
2968 99 1
2969 377 0
2970 463 1
2971 555 1
2972 280 1
2973 400 1
2974 782 1
2975 471 0
2976 673 0
2977 463 1
2978 840 0
2979 696 1
2980 716 0
2981 493 0
2982 483 0
2983 825 1
2984 125 1
2985 102 0
2986 54 1
2987 270 1
2988 58 1
2989 639 1
2990 334 1
2991 673 0
2992 709 0
2993 188 0
2994 810 1
2995 390 0
2996 7 1
2997 661 1
2998 93 1
2999 593 1
3000 526 0
3001 566 1
3002 511 1
3003 675 1
3004 185 1
3005 90 1
3006 743 1
3007 686 1
3008 818 1
3009 600 1
3010 677 1
3011 391 0
3012 792 1
3013 94 1
3014 376 1
3015 623 1
3016 301 1
3017 401 1
3018 104 1
3019 61 1
3020 469 1
3021 809 0
3022 674 1
3023 503 1
3024 207 1
3025 117 0
3026 411 1
3027 247 0
3028 239 0
3029 767 0
3030 548 1
3031 196 1
3032 56 0
3033 341 1
3034 354 1
3035 210 1
3036 314 1
3037 114 1
3038 112 0
3039 559 1
3040 38 1
3041 723 1
3042 705 0
3043 331 0
3044 231 0
3045 239 0
3046 806 1
3047 548 1
3048 553 1
3049 543 0
3050 450 0
3051 650 1
3052 451 1
3053 672 1
3054 540 1
3055 402 1
3056 826 1
3057 547 1
3058 173 1
3059 554 0
3060 54 1
3061 103 1
3062 147 0
3063 401 1
3064 459 1
3065 767 0
3066 376 1
3067 353 1
3068 259 1
3069 69 0
3070 334 1
3071 56 1
3072 755 1
3073 169 1
3074 160 1
3075 12 1
3076 435 0
3077 834 0
3078 526 1
3079 202 1
3080 258 1
3081 574 1
3082 225 1
3083 141 0
3084 30 1
3085 804 0
3086 442 1
3087 683 0
3088 143 0
3089 806 1
3090 254 0
3091 278 1
3092 694 1
3093 792 0
3094 187 0
3095 44 1
3096 643 0
3097 600 1
3098 464 0
3099 273 1
3100 713 1
3101 17 1
3102 617 1
3103 191 1
3104 232 1
3105 825 0
3106 735 1
3107 696 0
3108 54 1
3109 727 1
3110 560 0
3111 207 1
3112 308 0
3113 752 1
3114 468 1
3115 185 1
3116 781 1
3117 415 0
3118 663 1
3119 478 1
3120 523 0
3121 300 0
3122 244 1
3123 765 1
3124 562 0
3125 60 1
3126 342 0
3127 165 0
3128 835 1
3129 102 1
3130 621 1
3131 563 1
3132 250 1
3133 278 1
3134 263 0
3135 727 1
3136 738 1
3137 122 1
3138 703 1
3139 802 0
3140 458 0
3141 226 1
3142 650 1
3143 369 0
3144 828 1
3145 25 1
3146 519 1
3147 89 1
3148 485 1
3149 0 1
3150 644 1
3151 454 1
3152 193 1
3153 203 1
3154 383 0
3155 0 0
3156 787 0
3157 560 1
3158 138 1
3159 159 0
3160 320 1
3161 254 0
3162 773 1
3163 767 1
3164 470 0
3165 446 1
3166 774 0
3167 575 0
3168 397 1
3169 543 1
3170 102 1
3171 301 1
3172 530 1
3173 164 0
3174 109 1
3175 313 1
3176 267 0
3177 789 1
3178 69 1
3179 738 1
3180 763 1
3181 813 1
3182 403 1
3183 344 1
3184 245 1
3185 20 0
3186 590 0
3187 756 1
3188 341 0
3189 707 1
3190 763 0
3191 161 1
3192 507 0
3193 149 0
3194 585 1
3195 35 0
3196 389 0
3197 725 1
3198 75 1
3199 32 0
3200 274 0
3201 187 0
3202 133 1
3203 663 0
3204 542 1
3205 446 1
3206 229 1
3207 654 1
3208 476 1
3209 832 1
3210 8 1
3211 249 0
3212 396 0
3213 710 0
3214 121 0
3215 312 1
3216 555 0
3217 780 1
3218 362 1
3219 83 1
3220 51 0
3221 528 1
3222 656 0
3223 536 1
3224 63 1
3225 272 1
3226 314 1
3227 829 1
3228 414 1
3229 702 1
3230 121 1
3231 451 0
3232 432 1
3233 44 1
3234 752 1
3235 618 1
3236 176 1
3237 603 0
3238 166 1
3239 43 1
3240 826 0
3241 661 1
3242 357 1
3243 770 1
3244 27 1
3245 827 1
3246 564 0
3247 345 1
3248 587 0
3249 710 1
3250 277 1
3251 822 1
3252 552 0
3253 806 1
3254 643 1
3255 707 0
3256 83 1
3257 447 1
3258 95 1
3259 131 1
3260 767 1
3261 632 0
3262 314 1
3263 406 0
3264 526 0
3265 318 0
3266 522 1
3267 776 1
3268 644 1
3269 471 1
3270 509 1
3271 834 0
3272 384 1
3273 793 1
3274 577 0
3275 122 0
3276 801 1
3277 754 1
3278 651 0
3279 94 1
3280 354 0
3281 419 1
3282 472 1
3283 629 0
3284 616 0
3285 481 0
3286 116 1
3287 638 0
3288 675 0
3289 499 1
3290 674 0
3291 434 1
3292 56 1
3293 669 0
3294 186 1
3295 564 1
3296 95 1
3297 335 1
3298 17 1
3299 603 1
3300 743 1
3301 679 0
3302 478 1
3303 38 1
3304 225 0
3305 3 1
3306 680 1
3307 213 1
3308 305 1
3309 362 0
3310 804 1
3311 792 1
3312 589 0
3313 627 1
3314 771 1
3315 159 0
3316 153 1
3317 212 1
3318 233 1
3319 464 0
3320 549 0
3321 638 0
3322 426 1
3323 43 0
3324 51 1
3325 382 1
3326 11 0
3327 74 1
3328 381 1
3329 726 1
3330 370 1
3331 745 1
3332 403 1
3333 75 1
3334 128 1
3335 376 1
3336 527 1
3337 825 0
3338 184 0
3339 604 0
3340 432 0
3341 10 0
3342 239 0
3343 563 1
3344 65 1
3345 452 0
3346 14 1
3347 119 1
3348 233 0
3349 334 0
3350 253 0
3351 558 1
3352 43 1
3353 653 1
3354 569 1
3355 222 1
3356 322 1
3357 725 1
3358 678 1
3359 702 1
3360 417 1
3361 339 1
3362 429 1
3363 368 0
3364 172 1
3365 544 1
3366 332 1
3367 125 0
3368 564 1
3369 122 1
3370 114 0
3371 815 1
3372 98 0
3373 518 1
3374 66 1
3375 439 1
3376 692 1
3377 674 1
3378 756 1
3379 703 1
3380 665 0
3381 513 0
3382 189 0
3383 292 1
3384 336 1
3385 806 1
3386 519 0
3387 407 1
3388 159 1
3389 313 1
3390 223 0
3391 469 1
3392 450 1
3393 716 0
3394 24 1
3395 453 1
3396 505 1
3397 606 1
3398 283 1
3399 367 1
3400 832 1
3401 591 0
3402 633 1
3403 47 1
3404 603 1
3405 777 1
3406 32 1
3407 421 0
3408 228 1
3409 6 1
3410 634 0
3411 702 0
3412 104 0
3413 513 0
3414 44 0
3415 528 1
3416 733 0
3417 306 0
3418 556 1
3419 837 1
3420 474 1
3421 665 1
3422 699 1
3423 748 0
3424 301 0
3425 98 1
3426 734 1
3427 514 1
3428 186 1
3429 146 1
3430 587 1
3431 26 1
3432 472 1
3433 524 0
3434 206 0
3435 266 1
3436 213 1
3437 106 1
3438 696 0
3439 758 1
3440 289 1
3441 371 0
3442 576 0
3443 781 0
3444 833 1
3445 513 1
3446 280 1
3447 819 1
3448 391 1
3449 460 0
3450 783 1
3451 198 1
3452 336 0
3453 827 0
3454 679 1
3455 708 1
3456 519 0
3457 70 1
3458 43 0
3459 537 0
3460 458 1
3461 135 0
3462 508 1
3463 170 1
3464 135 1
3465 416 1
3466 35 1
3467 593 1
3468 439 0
3469 683 1
3470 2 0
3471 165 1
3472 548 1
3473 296 0
3474 5 1
3475 748 1
3476 802 1
3477 121 1
3478 276 0
3479 48 1
3480 441 0
3481 9 0
3482 599 0
3483 367 1
3484 702 1
3485 234 1
3486 519 1
3487 146 0
3488 154 1
3489 98 0
3490 796 0
3491 623 0
3492 409 1
3493 747 1
3494 555 1
3495 17 1
3496 539 0
3497 391 1
3498 149 0
3499 14 1
3500 487 0
3501 716 0
3502 168 1
3503 513 1
3504 584 1
3505 243 1
3506 377 1
3507 817 1
3508 290 1
3509 392 1
3510 197 0
3511 761 1
3512 195 1
3513 794 1
3514 590 0
3515 116 1
3516 577 0
3517 763 1
3518 133 1
3519 829 1
3520 806 1
3521 176 0
3522 16 1
3523 49 1
3524 635 1
3525 71 1
3526 610 1
3527 247 1
3528 62 1
3529 670 1
3530 529 1
3531 649 1
3532 57 0
3533 170 1
3534 766 0
3535 668 0
3536 149 1
3537 834 1
3538 516 0
3539 472 1
3540 3 0
3541 422 1
3542 294 1
3543 98 1
3544 630 1
3545 168 1
3546 234 0
3547 343 1
3548 307 1
3549 242 0
3550 192 1
3551 484 0
3552 433 1
3553 508 1
3554 40 0
3555 779 1
3556 203 0
3557 417 1
3558 188 1
3559 614 1
3560 202 1
3561 656 1
3562 519 1
3563 488 0
3564 193 1
3565 339 1
3566 559 1
3567 727 1
3568 220 0
3569 259 0
3570 54 0
3571 63 0
3572 557 0
3573 514 1
3574 154 1
3575 243 1
3576 831 1
3577 553 1
3578 578 0
3579 616 0
3580 690 1
3581 316 0
3582 698 1
3583 559 1
3584 117 0
3585 97 1
3586 535 0
3587 188 0
3588 401 0
3589 517 1
3590 750 1
3591 673 1
3592 338 1
3593 770 0
3594 106 0
3595 607 1
3596 420 1
3597 364 0
3598 45 0
3599 115 0
3600 661 0
3601 93 1
3602 134 0
3603 127 1
3604 503 1
3605 10 1
3606 323 0
3607 673 1
3608 349 1
3609 257 1
3610 668 1
3611 170 0
3612 707 0
3613 45 1
3614 377 1
3615 674 0
3616 134 1
3617 72 1
3618 808 0
3619 323 0
3620 2 0
3621 404 0
3622 297 0
3623 267 0
3624 359 1
3625 20 1
3626 308 1
3627 794 0
3628 725 1
3629 687 1
3630 761 0
3631 819 1
3632 808 1
3633 443 0
3634 10 1
3635 767 1
3636 620 1
3637 459 1
3638 326 1
3639 243 1
3640 170 1
3641 391 0
3642 455 0
3643 173 1
3644 104 0
3645 722 1
3646 662 1
3647 199 1
3648 511 1
3649 84 1
3650 87 1
3651 55 1
3652 701 1
3653 305 1
3654 160 0
3655 392 1
3656 572 0
3657 328 1
3658 48 1
3659 647 0
3660 643 0
3661 537 1
3662 147 1
3663 12 1
3664 297 1
3665 100 0
3666 708 0
3667 612 0
3668 429 1
3669 516 1
3670 145 1
3671 679 0
3672 611 1
3673 424 0
3674 189 1
3675 811 1
3676 518 1
3677 215 0
3678 162 1
3679 243 0
3680 84 0
3681 364 0
3682 18 1
3683 281 1
3684 573 1
3685 196 1
3686 624 1
3687 114 1
3688 563 0
3689 814 1
3690 528 1
3691 503 1
3692 812 1
3693 391 1
3694 705 1
3695 113 1
3696 498 1
3697 502 0
3698 734 0
3699 724 1
3700 499 1
3701 704 1
3702 476 0
3703 197 1
3704 276 0
3705 710 0
3706 476 1
3707 530 1
3708 9 1
3709 101 1
3710 234 1
3711 663 1
3712 212 1
