3118
1 263 1
2 47 0
3 206 1
4 261 1
5 24 1
6 250 1
7 102 1
8 35 0
9 274 1
10 219 0
11 294 1
12 233 0
13 194 1
14 27 1
15 82 0
16 259 1
17 222 0
18 142 1
19 196 1
20 93 0
21 25 1
22 105 1
23 24 0
24 233 0
25 99 1
26 61 1
27 190 0
28 198 1
29 116 0
30 24 1
31 139 1
32 243 1
33 187 0
34 137 0
35 84 0
36 150 1
37 171 0
38 135 1
39 294 1
40 91 0
41 66 0
42 84 1
43 95 1
44 289 1
45 155 1
46 109 0
47 245 1
48 253 0
49 34 0
50 112 0
51 168 0
52 126 1
53 166 1
54 132 1
55 175 1
56 99 1
57 23 1
58 146 1
59 62 1
60 29 0
61 45 1
62 109 0
63 88 1
64 19 0
65 299 0
66 87 0
67 292 1
68 154 1
69 71 1
70 215 1
71 157 1
72 137 1
73 95 1
74 248 1
75 66 1
76 23 1
77 263 0
78 299 0
79 40 1
80 70 0
81 99 0
82 154 1
83 269 0
84 146 0
85 191 0
86 185 0
87 22 1
88 126 0
89 253 0
90 224 0
91 249 1
92 27 1
93 226 1
94 211 0
95 44 1
96 4 1
97 37 0
98 131 1
99 115 0
100 295 1
101 286 0
102 2 1
103 149 1
104 23 0
105 100 1
106 18 1
107 40 0
108 209 0
109 21 1
110 232 0
111 300 0
112 106 1
113 293 1
114 240 1
115 112 0
116 12 1
117 62 0
118 253 1
119 41 1
120 212 1
121 121 1
122 138 1
123 225 1
124 76 0
125 116 1
126 260 0
127 142 0
128 49 0
129 150 1
130 140 1
131 172 1
132 257 1
133 65 1
134 44 1
135 135 1
136 196 1
137 134 1
138 66 0
139 29 0
140 254 1
141 99 1
142 158 1
143 177 1
144 75 1
145 145 0
146 237 1
147 16 1
148 149 1
149 52 0
150 136 1
151 46 1
152 142 0
153 13 1
154 138 1
155 0 0
156 137 0
157 254 0
158 40 1
159 100 1
160 106 0
161 228 1
162 160 1
163 135 1
164 223 1
165 100 1
166 73 0
167 38 0
168 174 1
169 21 0
170 294 0
171 52 1
172 70 0
173 23 0
174 85 0
175 123 1
176 17 1
177 184 1
178 142 1
179 135 0
180 154 0
181 72 1
182 228 1
183 39 0
184 60 1
185 62 0
186 281 0
187 82 1
188 120 0
189 58 1
190 229 1
191 45 1
192 130 1
193 72 1
194 145 1
195 285 1
196 39 1
197 174 0
198 65 1
199 18 1
200 224 1
201 128 0
202 144 1
203 204 1
204 14 1
205 66 1
206 92 1
207 88 1
208 290 1
209 91 1
210 266 1
211 82 0
212 81 0
213 221 1
214 170 1
215 220 1
216 218 0
217 246 0
218 206 0
219 223 0
220 60 1
221 62 1
222 49 1
223 272 0
224 208 1
225 72 0
226 86 1
227 127 1
228 110 1
229 12 1
230 185 1
231 271 1
232 229 0
233 10 1
234 264 1
235 4 1
236 170 1
237 73 0
238 114 1
239 157 1
240 55 1
241 144 1
242 82 1
243 258 1
244 216 1
245 70 1
246 152 0
247 100 1
248 105 0
249 164 1
250 292 0
251 291 1
252 132 1
253 30 0
254 6 1
255 217 1
256 115 0
257 152 0
258 229 1
259 288 1
260 29 1
261 194 0
262 247 1
263 210 1
264 2 0
265 68 0
266 191 1
267 53 0
268 20 0
269 218 0
270 219 1
271 286 0
272 41 1
273 78 0
274 146 1
275 63 0
276 21 1
277 254 1
278 97 1
279 268 1
280 186 0
281 292 1
282 293 0
283 49 0
284 77 1
285 237 1
286 249 1
287 228 1
288 208 1
289 260 0
290 19 0
291 177 1
292 177 0
293 258 1
294 242 1
295 272 1
296 160 1
297 154 1
298 256 1
299 63 1
300 16 0
301 278 1
302 69 1
303 255 1
304 108 1
305 279 1
306 134 1
307 117 1
308 183 1
309 131 0
310 199 1
311 202 1
312 13 0
313 108 0
314 105 1
315 251 1
316 69 1
317 86 1
318 280 0
319 64 1
320 152 0
321 164 1
322 96 1
323 143 1
324 254 1
325 52 1
326 25 1
327 159 1
328 207 1
329 206 1
330 36 0
331 82 1
332 232 1
333 142 1
334 106 1
335 248 1
336 146 1
337 90 1
338 41 1
339 221 1
340 104 1
341 96 1
342 176 1
343 117 1
344 120 0
345 43 1
346 77 1
347 211 1
348 191 0
349 221 0
350 207 1
351 152 1
352 229 0
353 244 1
354 72 1
355 213 1
356 35 1
357 255 0
358 213 1
359 242 0
360 292 1
361 87 1
362 7 0
363 78 1
364 300 1
365 143 1
366 64 1
367 158 1
368 185 1
369 211 1
370 215 1
371 133 1
372 81 1
373 109 0
374 107 1
375 225 1
376 234 0
377 116 0
378 259 1
379 88 1
380 39 1
381 63 1
382 175 1
383 45 1
384 21 0
385 266 1
386 279 1
387 134 0
388 134 0
389 2 1
390 192 1
391 237 1
392 136 1
393 264 0
394 145 0
395 2 0
396 181 1
397 238 0
398 184 0
399 63 1
400 137 1
401 90 1
402 24 1
403 124 1
404 65 1
405 297 1
406 1 1
407 30 1
408 236 1
409 181 1
410 295 0
411 163 1
412 95 1
413 179 0
414 282 1
415 184 1
416 169 0
417 132 1
418 95 1
419 0 1
420 30 1
421 65 1
422 179 1
423 66 0
424 89 0
425 93 1
426 28 0
427 207 1
428 5 1
429 51 0
430 225 1
431 252 1
432 106 0
433 287 0
434 288 1
435 260 1
436 232 0
437 247 0
438 69 1
439 174 0
440 210 1
441 190 1
442 172 1
443 260 0
444 79 1
445 10 0
446 195 0
447 46 1
448 45 1
449 101 0
450 268 1
451 249 0
452 284 1
453 260 1
454 157 0
455 211 1
456 49 0
457 203 0
458 44 1
459 296 1
460 71 1
461 77 0
462 267 1
463 166 1
464 105 1
465 243 1
466 225 0
467 170 1
468 34 1
469 262 1
470 212 1
471 207 1
472 120 1
473 130 0
474 119 1
475 238 0
476 28 1
477 105 0
478 86 1
479 205 1
480 186 1
481 162 0
482 236 1
483 19 0
484 110 1
485 110 1
486 50 0
487 282 1
488 24 1
489 35 0
490 83 0
491 283 1
492 236 1
493 105 0
494 7 1
495 111 1
496 54 1
497 253 1
498 202 1
499 209 1
500 201 0
501 32 0
502 285 1
503 71 1
504 272 1
505 50 1
506 27 0
507 165 1
508 18 1
509 131 1
510 178 1
511 167 1
512 112 1
513 120 0
514 40 0
515 25 0
516 297 1
517 91 0
518 270 1
519 239 1
520 268 1
521 245 1
522 220 1
523 155 1
524 279 1
525 161 1
526 177 1
527 287 1
528 46 1
529 252 1
530 84 0
531 226 1
532 234 0
533 10 0
534 178 1
535 42 1
536 136 0
537 37 1
538 296 0
539 243 1
540 76 1
541 78 1
542 81 1
543 88 0
544 121 0
545 111 0
546 216 1
547 235 0
548 2 1
549 250 1
550 142 1
551 224 1
552 178 1
553 284 1
554 0 1
555 95 1
556 228 0
557 176 1
558 238 1
559 33 1
560 4 0
561 213 0
562 131 1
563 17 0
564 40 0
565 212 1
566 157 1
567 58 1
568 46 1
569 105 1
570 115 1
571 21 1
572 22 0
573 250 1
574 161 1
575 217 1
576 25 1
577 33 0
578 174 1
579 188 1
580 216 1
581 243 0
582 184 0
583 255 0
584 241 1
585 175 0
586 158 0
587 47 1
588 41 1
589 37 1
590 177 1
591 16 1
592 281 1
593 257 1
594 299 1
595 215 0
596 193 1
597 185 1
598 108 0
599 205 1
600 147 0
601 104 0
602 224 0
603 133 1
604 96 1
605 116 1
606 22 1
607 124 1
608 81 1
609 4 0
610 123 0
611 243 1
612 26 0
613 291 1
614 215 1
615 131 1
616 223 0
617 15 1
618 34 0
619 59 0
620 166 1
621 52 1
622 207 1
623 90 1
624 206 1
625 66 0
626 263 0
627 294 1
628 33 1
629 71 1
630 127 1
631 259 1
632 86 0
633 144 1
634 19 1
635 200 1
636 227 1
637 273 1
638 77 1
639 120 0
640 105 1
641 261 1
642 93 0
643 255 1
644 187 1
645 74 1
646 127 1
647 262 1
648 204 1
649 283 0
650 208 1
651 57 1
652 134 0
653 216 0
654 40 1
655 143 0
656 119 0
657 112 1
658 6 1
659 288 0
660 291 1
661 106 0
662 292 1
663 30 0
664 71 1
665 66 1
666 144 1
667 10 0
668 102 1
669 138 1
670 210 0
671 187 1
672 33 0
673 190 1
674 13 1
675 80 1
676 136 0
677 70 1
678 152 1
679 271 1
680 11 1
681 151 0
682 110 1
683 82 1
684 36 1
685 202 1
686 150 1
687 224 0
688 35 1
689 121 1
690 240 0
691 2 1
692 36 0
693 152 0
694 122 1
695 110 0
696 109 1
697 288 1
698 71 1
699 278 0
700 240 1
701 1 1
702 268 0
703 171 1
704 289 0
705 1 1
706 141 1
707 202 0
708 24 1
709 13 0
710 75 1
711 279 0
712 283 1
713 0 1
714 235 0
715 109 1
716 157 1
717 161 0
718 235 1
719 77 1
720 221 1
721 48 0
722 30 0
723 188 1
724 203 0
725 150 1
726 224 1
727 59 1
728 293 1
729 209 0
730 286 1
731 248 1
732 26 0
733 166 0
734 38 1
735 132 1
736 270 1
737 271 1
738 279 1
739 2 1
740 8 1
741 56 1
742 230 1
743 87 1
744 123 1
745 47 1
746 211 0
747 149 1
748 52 1
749 147 0
750 206 0
751 300 1
752 58 1
753 123 1
754 76 0
755 166 1
756 278 0
757 215 1
758 286 1
759 27 1
760 195 0
761 63 0
762 17 0
763 293 1
764 176 0
765 59 1
766 67 0
767 257 0
768 226 1
769 161 0
770 155 0
771 285 1
772 146 0
773 187 1
774 99 1
775 137 1
776 237 1
777 299 1
778 62 1
779 222 1
780 78 1
781 269 1
782 237 0
783 220 1
784 204 1
785 113 0
786 255 0
787 37 0
788 246 1
789 232 1
790 137 1
791 238 0
792 168 0
793 226 1
794 124 1
795 65 1
796 77 1
797 297 0
798 158 0
799 176 1
800 145 0
801 17 1
802 34 0
803 200 0
804 228 1
805 224 0
806 48 0
807 36 1
808 295 1
809 94 1
810 57 1
811 269 1
812 91 1
813 148 1
814 80 1
815 259 0
816 11 1
817 273 1
818 178 0
819 275 1
820 152 0
821 67 1
822 257 1
823 115 0
824 263 1
825 68 1
826 215 0
827 154 0
828 252 0
829 255 0
830 274 1
831 154 1
832 36 1
833 229 0
834 197 1
835 217 1
836 300 0
837 197 1
838 286 1
839 156 1
840 118 1
841 218 1
842 159 0
843 289 0
844 272 1
845 39 1
846 54 1
847 179 1
848 218 0
849 203 1
850 259 0
851 61 0
852 2 1
853 163 1
854 219 1
855 134 1
856 140 1
857 268 0
858 21 1
859 58 1
860 148 1
861 135 0
862 189 1
863 140 0
864 69 1
865 170 0
866 112 1
867 133 1
868 137 0
869 300 1
870 212 0
871 291 1
872 134 0
873 0 1
874 163 1
875 45 0
876 105 1
877 110 1
878 143 1
879 49 1
880 243 1
881 88 1
882 47 0
883 66 1
884 166 1
885 138 0
886 148 0
887 78 0
888 285 1
889 35 0
890 35 0
891 55 0
892 160 0
893 32 1
894 13 1
895 113 0
896 199 1
897 208 1
898 20 1
899 279 1
900 238 1
901 161 0
902 143 0
903 16 1
904 216 0
905 172 0
906 31 1
907 40 1
908 239 1
909 142 0
910 103 1
911 157 1
912 3 1
913 147 0
914 237 0
915 158 0
916 139 1
917 209 0
918 157 1
919 6 1
920 175 0
921 23 1
922 252 1
923 45 0
924 84 1
925 143 1
926 291 1
927 88 1
928 263 1
929 267 1
930 258 1
931 272 0
932 92 0
933 27 1
934 253 1
935 271 1
936 110 1
937 283 1
938 255 0
939 201 1
940 62 1
941 124 0
942 242 0
943 296 1
944 44 1
945 1 1
946 34 1
947 47 1
948 0 0
949 274 0
950 255 1
951 80 1
952 135 0
953 24 0
954 288 0
955 77 1
956 218 1
957 51 1
958 11 1
959 11 1
960 206 0
961 6 0
962 185 1
963 266 0
964 275 1
965 87 1
966 81 1
967 192 1
968 127 1
969 255 1
970 140 0
971 11 0
972 181 0
973 216 0
974 7 1
975 197 1
976 190 1
977 103 1
978 154 0
979 157 0
980 205 0
981 255 1
982 59 1
983 151 1
984 61 1
985 148 1
986 136 1
987 208 1
988 171 1
989 107 1
990 0 1
991 41 0
992 155 1
993 162 1
994 212 1
995 284 0
996 212 1
997 51 1
998 84 1
999 4 1
1000 6 1
1001 296 1
1002 209 0
1003 56 1
1004 277 0
1005 208 1
1006 115 1
1007 115 1
1008 41 1
1009 125 1
1010 244 1
1011 267 1
1012 46 1
1013 24 0
1014 168 0
1015 224 0
1016 129 1
1017 214 1
1018 72 0
1019 66 1
1020 31 0
1021 24 1
1022 120 1
1023 14 0
1024 13 1
1025 11 0
1026 197 1
1027 10 1
1028 296 1
1029 271 1
1030 11 1
1031 287 1
1032 12 0
1033 126 1
1034 120 0
1035 132 1
1036 13 1
1037 247 1
1038 193 1
1039 244 1
1040 300 1
1041 60 1
1042 234 1
1043 37 0
1044 2 1
1045 41 1
1046 100 1
1047 51 1
1048 178 1
1049 196 1
1050 218 1
1051 46 1
1052 81 1
1053 64 1
1054 204 1
1055 77 1
1056 213 1
1057 47 0
1058 106 0
1059 273 0
1060 291 0
1061 270 1
1062 241 0
1063 152 0
1064 97 0
1065 13 1
1066 223 0
1067 194 0
1068 1 0
1069 227 1
1070 165 1
1071 56 0
1072 90 0
1073 172 0
1074 86 1
1075 153 1
1076 107 0
1077 116 1
1078 143 1
1079 63 1
1080 162 1
1081 152 0
1082 34 0
1083 37 0
1084 254 0
1085 190 1
1086 216 1
1087 195 1
1088 248 0
1089 101 0
1090 108 0
1091 59 1
1092 75 1
1093 161 1
1094 40 1
1095 56 1
1096 250 1
1097 236 1
1098 204 1
1099 269 1
1100 185 1
1101 275 1
1102 1 1
1103 56 1
1104 133 1
1105 233 1
1106 59 1
1107 105 1
1108 116 0
1109 251 1
1110 140 1
1111 257 1
1112 63 0
1113 22 1
1114 63 1
1115 72 1
1116 46 1
1117 248 0
1118 113 1
1119 246 1
1120 58 1
1121 135 1
1122 119 1
1123 149 1
1124 156 1
1125 289 0
1126 255 1
1127 33 1
1128 36 0
1129 284 0
1130 193 0
1131 195 0
1132 50 1
1133 236 1
1134 94 1
1135 57 1
1136 258 1
1137 167 1
1138 30 0
1139 209 0
1140 65 1
1141 79 1
1142 91 0
1143 36 1
1144 66 0
1145 74 1
1146 273 1
1147 147 1
1148 60 0
1149 134 0
1150 162 1
1151 205 1
1152 31 0
1153 93 0
1154 36 0
1155 146 0
1156 147 0
1157 18 1
1158 288 1
1159 264 0
1160 272 0
1161 262 1
1162 205 1
1163 215 0
1164 89 1
1165 16 0
1166 188 1
1167 268 1
1168 191 1
1169 180 0
1170 10 1
1171 227 0
1172 200 1
1173 295 1
1174 198 1
1175 139 1
1176 194 1
1177 11 0
1178 107 0
1179 11 1
1180 224 1
1181 45 1
1182 147 1
1183 280 1
1184 221 1
1185 111 1
1186 134 1
1187 288 0
1188 181 0
1189 170 1
1190 188 0
1191 145 1
1192 6 0
1193 128 1
1194 31 0
1195 209 0
1196 65 1
1197 14 1
1198 114 1
1199 96 1
1200 102 0
1201 216 1
1202 194 1
1203 270 1
1204 184 0
1205 101 0
1206 45 0
1207 102 1
1208 102 0
1209 63 1
1210 268 0
1211 286 1
1212 124 1
1213 142 1
1214 243 1
1215 222 1
1216 93 0
1217 281 0
1218 289 1
1219 9 1
1220 236 1
1221 142 1
1222 56 1
1223 231 1
1224 20 1
1225 138 1
1226 215 1
1227 218 1
1228 71 1
1229 174 0
1230 195 0
1231 8 0
1232 131 1
1233 224 1
1234 86 1
1235 190 1
1236 293 0
1237 252 1
1238 122 1
1239 53 1
1240 124 1
1241 79 1
1242 263 1
1243 275 1
1244 255 1
1245 298 0
1246 143 1
1247 87 1
1248 192 1
1249 93 1
1250 142 1
1251 249 1
1252 162 0
1253 30 1
1254 280 1
1255 76 0
1256 173 1
1257 40 1
1258 101 1
1259 68 0
1260 112 0
1261 155 0
1262 269 1
1263 229 1
1264 150 1
1265 36 1
1266 152 1
1267 25 1
1268 82 0
1269 248 0
1270 37 0
1271 113 0
1272 127 1
1273 296 1
1274 117 1
1275 183 0
1276 77 1
1277 82 0
1278 228 1
1279 103 0
1280 230 0
1281 268 1
1282 72 0
1283 45 1
1284 247 1
1285 164 1
1286 265 1
1287 143 1
1288 79 0
1289 269 0
1290 99 1
1291 74 1
1292 137 1
1293 119 1
1294 64 0
1295 40 1
1296 61 1
1297 274 1
1298 199 1
1299 237 0
1300 260 1
1301 77 1
1302 27 1
1303 265 1
1304 257 1
1305 252 1
1306 283 0
1307 130 1
1308 79 0
1309 31 1
1310 172 1
1311 85 0
1312 277 1
1313 15 0
1314 26 1
1315 269 1
1316 2 1
1317 108 0
1318 216 0
1319 84 0
1320 153 1
1321 126 1
1322 259 0
1323 101 1
1324 206 0
1325 129 1
1326 101 0
1327 208 1
1328 223 0
1329 202 1
1330 125 1
1331 133 1
1332 166 0
1333 54 1
1334 212 0
1335 151 0
1336 72 0
1337 148 1
1338 183 0
1339 17 1
1340 30 0
1341 114 0
1342 9 1
1343 159 0
1344 194 1
1345 79 0
1346 231 1
1347 293 1
1348 102 0
1349 126 0
1350 83 0
1351 78 1
1352 153 1
1353 185 1
1354 74 0
1355 72 1
1356 247 1
1357 236 1
1358 156 1
1359 86 0
1360 104 1
1361 216 1
1362 76 1
1363 29 1
1364 153 1
1365 142 1
1366 30 1
1367 90 1
1368 44 1
1369 167 1
1370 75 1
1371 223 1
1372 73 0
1373 176 1
1374 151 1
1375 178 1
1376 126 1
1377 187 0
1378 200 1
1379 279 1
1380 270 0
1381 289 1
1382 290 1
1383 132 0
1384 253 0
1385 152 1
1386 187 0
1387 299 0
1388 79 1
1389 138 1
1390 135 1
1391 82 0
1392 58 1
1393 9 1
1394 83 1
1395 260 1
1396 108 0
1397 1 1
1398 277 0
1399 80 0
1400 29 1
1401 205 1
1402 153 1
1403 176 1
1404 25 1
1405 60 0
1406 279 1
1407 18 0
1408 9 1
1409 192 1
1410 266 0
1411 145 1
1412 299 0
1413 69 0
1414 177 1
1415 101 0
1416 228 1
1417 71 0
1418 158 0
1419 210 1
1420 210 1
1421 242 1
1422 61 1
1423 173 1
1424 186 0
1425 112 0
1426 165 1
1427 174 1
1428 1 1
1429 86 1
1430 239 1
1431 284 1
1432 142 1
1433 144 0
1434 1 1
1435 131 0
1436 273 1
1437 98 0
1438 282 1
1439 1 1
1440 284 1
1441 268 1
1442 270 0
1443 261 0
1444 282 1
1445 47 1
1446 132 1
1447 34 0
1448 85 1
1449 273 1
1450 180 0
1451 195 0
1452 125 1
1453 134 1
1454 161 0
1455 223 0
1456 199 1
1457 191 1
1458 280 1
1459 36 1
1460 97 1
1461 78 0
1462 114 1
1463 203 0
1464 188 1
1465 183 1
1466 177 0
1467 220 0
1468 18 1
1469 6 0
1470 87 1
1471 273 1
1472 67 1
1473 51 1
1474 213 1
1475 154 0
1476 121 0
1477 188 1
1478 242 1
1479 32 0
1480 163 1
1481 146 1
1482 293 1
1483 241 0
1484 16 0
1485 139 1
1486 74 0
1487 237 1
1488 223 1
1489 86 1
1490 275 1
1491 94 1
1492 70 0
1493 279 1
1494 270 0
1495 90 0
1496 226 0
1497 71 1
1498 250 1
1499 126 1
1500 156 1
1501 217 1
1502 274 1
1503 20 1
1504 91 1
1505 282 1
1506 295 0
1507 109 0
1508 256 0
1509 25 0
1510 47 1
1511 6 0
1512 249 1
1513 88 0
1514 236 1
1515 61 1
1516 77 0
1517 271 1
1518 132 0
1519 196 1
1520 45 1
1521 237 1
1522 151 1
1523 2 0
1524 81 1
1525 30 1
1526 40 0
1527 299 1
1528 262 1
1529 135 0
1530 148 1
1531 290 1
1532 124 1
1533 224 1
1534 200 1
1535 76 1
1536 246 1
1537 183 0
1538 6 0
1539 151 1
1540 111 0
1541 114 1
1542 117 1
1543 38 0
1544 46 0
1545 276 1
1546 19 1
1547 118 1
1548 123 0
1549 297 0
1550 110 1
1551 165 0
1552 84 0
1553 101 1
1554 132 0
1555 24 1
1556 32 1
1557 293 0
1558 149 1
1559 176 0
1560 154 1
1561 88 1
1562 264 1
1563 265 1
1564 196 0
1565 6 1
1566 282 1
1567 11 1
1568 118 0
1569 53 0
1570 263 1
1571 90 0
1572 165 1
1573 92 0
1574 63 1
1575 106 1
1576 18 1
1577 38 1
1578 48 1
1579 17 1
1580 212 1
1581 148 0
1582 144 1
1583 207 1
1584 119 1
1585 160 1
1586 235 0
1587 25 1
1588 283 0
1589 10 0
1590 284 0
1591 211 1
1592 259 0
1593 233 1
1594 200 1
1595 98 1
1596 171 0
1597 202 1
1598 253 0
1599 226 0
1600 215 0
1601 101 0
1602 235 1
1603 198 0
1604 142 1
1605 211 1
1606 223 1
1607 76 0
1608 18 1
1609 86 0
1610 207 1
1611 176 1
1612 78 0
1613 41 0
1614 83 1
1615 50 1
1616 201 1
1617 95 1
1618 125 0
1619 250 1
1620 99 1
1621 41 1
1622 230 0
1623 151 1
1624 74 1
1625 12 1
1626 69 1
1627 256 1
1628 214 0
1629 76 1
1630 163 1
1631 243 1
1632 177 0
1633 96 0
1634 280 0
1635 218 0
1636 154 0
1637 99 1
1638 75 0
1639 178 1
1640 136 1
1641 78 1
1642 77 1
1643 1 0
1644 229 1
1645 185 0
1646 154 0
1647 52 1
1648 113 0
1649 281 0
1650 142 0
1651 119 1
1652 156 1
1653 277 1
1654 117 1
1655 278 1
1656 293 1
1657 106 0
1658 38 0
1659 258 1
1660 135 1
1661 257 0
1662 218 1
1663 268 0
1664 106 1
1665 21 1
1666 95 1
1667 142 1
1668 58 1
1669 80 0
1670 222 1
1671 76 0
1672 62 1
1673 182 1
1674 240 0
1675 265 0
1676 180 0
1677 11 1
1678 179 0
1679 26 1
1680 175 1
1681 130 0
1682 189 1
1683 170 1
1684 39 1
1685 20 1
1686 6 1
1687 72 0
1688 177 0
1689 66 1
1690 292 0
1691 139 1
1692 201 1
1693 217 1
1694 77 0
1695 12 1
1696 241 1
1697 222 1
1698 63 0
1699 274 0
1700 290 1
1701 261 1
1702 289 1
1703 263 1
1704 185 1
1705 180 1
1706 259 1
1707 46 1
1708 67 1
1709 188 1
1710 105 1
1711 96 1
1712 292 0
1713 123 1
1714 7 0
1715 55 0
1716 289 1
1717 243 0
1718 299 1
1719 289 1
1720 132 1
1721 258 1
1722 85 0
1723 199 1
1724 165 1
1725 296 0
1726 184 1
1727 264 0
1728 8 1
1729 129 0
1730 81 1
1731 262 1
1732 149 0
1733 193 1
1734 257 0
1735 229 1
1736 299 0
1737 128 1
1738 87 0
1739 235 1
1740 260 1
1741 222 1
1742 220 0
1743 217 1
1744 170 1
1745 193 1
1746 128 1
1747 269 1
1748 206 1
1749 22 1
1750 292 1
1751 199 1
1752 85 1
1753 21 1
1754 200 1
1755 73 1
1756 134 1
1757 201 1
1758 79 0
1759 231 0
1760 61 1
1761 149 0
1762 125 1
1763 114 1
1764 228 0
1765 141 1
1766 35 1
1767 157 1
1768 214 0
1769 191 1
1770 82 0
1771 171 1
1772 157 1
1773 168 0
1774 137 1
1775 134 0
1776 120 1
1777 285 1
1778 48 1
1779 224 0
1780 133 1
1781 92 0
1782 2 1
1783 187 1
1784 24 1
1785 227 0
1786 189 0
1787 221 0
1788 168 0
1789 231 0
1790 136 0
1791 101 0
1792 245 1
1793 201 0
1794 134 1
1795 167 1
1796 138 1
1797 84 1
1798 106 0
1799 254 1
1800 196 0
1801 135 1
1802 227 0
1803 79 0
1804 41 0
1805 49 1
1806 272 1
1807 83 1
1808 185 1
1809 106 1
1810 57 0
1811 286 1
1812 130 1
1813 234 0
1814 239 1
1815 264 1
1816 267 0
1817 168 0
1818 102 1
1819 237 1
1820 205 1
1821 271 1
1822 85 1
1823 290 0
1824 286 1
1825 289 0
1826 267 0
1827 137 1
1828 190 0
1829 281 0
1830 156 0
1831 162 1
1832 292 1
1833 265 1
1834 226 0
1835 136 1
1836 136 0
1837 154 1
1838 108 1
1839 190 1
1840 137 0
1841 85 1
1842 299 1
1843 149 1
1844 242 1
1845 216 0
1846 23 0
1847 118 0
1848 4 1
1849 6 0
1850 283 1
1851 208 1
1852 197 1
1853 288 0
1854 153 0
1855 47 1
1856 254 1
1857 94 1
1858 3 1
1859 39 1
1860 271 1
1861 189 1
1862 230 1
1863 207 0
1864 88 1
1865 62 1
1866 4 0
1867 87 1
1868 30 1
1869 104 0
1870 151 1
1871 173 1
1872 232 0
1873 204 1
1874 108 1
1875 77 1
1876 146 0
1877 271 1
1878 222 0
1879 259 1
1880 38 1
1881 229 0
1882 290 1
1883 142 1
1884 289 1
1885 151 1
1886 45 1
1887 142 0
1888 189 1
1889 110 0
1890 238 1
1891 24 1
1892 51 0
1893 57 1
1894 120 1
1895 182 1
1896 234 1
1897 48 1
1898 74 1
1899 140 1
1900 33 0
1901 151 1
1902 264 0
1903 3 1
1904 38 1
1905 98 1
1906 199 1
1907 7 0
1908 14 1
1909 223 0
1910 278 1
1911 191 1
1912 163 1
1913 82 1
1914 26 1
1915 250 1
1916 162 0
1917 86 1
1918 42 1
1919 227 0
1920 101 0
1921 4 0
1922 96 1
1923 249 1
1924 275 1
1925 194 1
1926 174 1
1927 112 0
1928 221 0
1929 224 1
1930 65 1
1931 255 1
1932 273 1
1933 0 1
1934 278 0
1935 43 1
1936 253 0
1937 26 1
1938 258 1
1939 108 1
1940 44 1
1941 81 1
1942 285 1
1943 205 1
1944 36 1
1945 101 0
1946 250 0
1947 277 0
1948 244 1
1949 135 1
1950 153 1
1951 248 1
1952 124 0
1953 1 1
1954 147 0
1955 211 1
1956 9 1
1957 7 1
1958 83 1
1959 149 1
1960 238 0
1961 118 1
1962 204 1
1963 7 0
1964 269 0
1965 267 1
1966 269 0
1967 74 1
1968 86 0
1969 71 0
1970 134 1
1971 73 1
1972 121 1
1973 86 0
1974 191 1
1975 272 1
1976 134 0
1977 214 0
1978 132 1
1979 83 1
1980 11 0
1981 120 0
1982 214 1
1983 271 1
1984 219 1
1985 233 1
1986 171 0
1987 145 1
1988 284 1
1989 195 1
1990 115 1
1991 201 1
1992 204 1
1993 235 0
1994 233 1
1995 33 0
1996 17 1
1997 70 1
1998 247 1
1999 230 1
2000 281 1
2001 65 1
2002 65 1
2003 91 1
2004 38 1
2005 121 1
2006 49 1
2007 50 1
2008 33 1
2009 186 1
2010 253 1
2011 107 1
2012 271 1
2013 149 1
2014 116 1
2015 230 0
2016 139 0
2017 145 1
2018 102 1
2019 151 1
2020 119 1
2021 294 1
2022 192 1
2023 69 0
2024 278 1
2025 89 1
2026 123 1
2027 97 1
2028 222 0
2029 158 1
2030 223 0
2031 32 0
2032 280 0
2033 163 1
2034 11 0
2035 221 1
2036 185 1
2037 299 1
2038 156 0
2039 200 0
2040 272 0
2041 262 1
2042 33 0
2043 85 0
2044 203 1
2045 292 1
2046 228 1
2047 135 1
2048 99 1
2049 288 1
2050 159 0
2051 189 1
2052 20 1
2053 18 1
2054 204 1
2055 208 1
2056 54 1
2057 167 1
2058 125 0
2059 41 1
2060 144 0
2061 152 1
2062 255 0
2063 279 1
2064 132 0
2065 61 1
2066 123 1
2067 233 1
2068 35 0
2069 218 1
2070 66 1
2071 11 0
2072 192 1
2073 157 1
2074 130 0
2075 44 1
2076 181 1
2077 294 1
2078 30 0
2079 87 1
2080 187 1
2081 102 1
2082 47 1
2083 51 0
2084 234 0
2085 271 1
2086 293 1
2087 18 1
2088 160 1
2089 151 1
2090 23 1
2091 161 1
2092 290 1
2093 288 1
2094 75 1
2095 80 0
2096 172 1
2097 170 1
2098 165 1
2099 251 1
2100 37 0
2101 246 1
2102 153 1
2103 164 1
2104 88 1
2105 150 1
2106 107 1
2107 14 0
2108 114 0
2109 15 1
2110 275 1
2111 49 0
2112 227 0
2113 264 1
2114 288 0
2115 37 1
2116 33 1
2117 253 1
2118 195 1
2119 46 0
2120 28 1
2121 94 1
2122 206 1
2123 182 0
2124 259 1
2125 108 1
2126 292 1
2127 278 1
2128 224 1
2129 208 1
2130 52 1
2131 184 1
2132 176 0
2133 170 0
2134 151 0
2135 2 1
2136 111 1
2137 15 0
2138 104 1
2139 236 1
2140 42 0
2141 193 1
2142 98 0
2143 150 1
2144 8 0
2145 181 0
2146 200 0
2147 45 0
2148 100 0
2149 43 1
2150 80 1
2151 79 0
2152 41 1
2153 55 0
2154 189 0
2155 105 1
2156 232 1
2157 214 1
2158 117 1
2159 250 0
2160 69 0
2161 84 0
2162 94 1
2163 293 1
2164 243 1
2165 42 1
2166 280 0
2167 111 0
2168 114 0
2169 114 1
2170 55 0
2171 183 1
2172 115 1
2173 165 0
2174 159 1
2175 255 0
2176 143 1
2177 145 1
2178 66 1
2179 28 0
2180 20 0
2181 280 0
2182 91 1
2183 20 0
2184 207 1
2185 106 0
2186 201 1
2187 147 1
2188 34 0
2189 196 1
2190 24 1
2191 19 0
2192 87 1
2193 2 1
2194 149 1
2195 162 1
2196 300 1
2197 169 1
2198 182 0
2199 194 1
2200 170 0
2201 197 1
2202 289 0
2203 34 1
2204 254 0
2205 115 1
2206 279 1
2207 94 1
2208 248 0
2209 117 0
2210 24 0
2211 215 1
2212 70 0
2213 12 0
2214 170 1
2215 187 1
2216 206 1
2217 59 0
2218 76 1
2219 115 0
2220 222 0
2221 257 1
2222 13 1
2223 164 0
2224 95 1
2225 256 1
2226 209 0
2227 42 1
2228 152 1
2229 128 0
2230 261 1
2231 261 0
2232 47 1
2233 207 1
2234 11 1
2235 102 0
2236 201 1
2237 82 0
2238 58 1
2239 124 1
2240 176 1
2241 172 0
2242 199 0
2243 262 1
2244 268 0
2245 272 0
2246 53 1
2247 292 1
2248 200 1
2249 172 1
2250 170 1
2251 43 1
2252 33 0
2253 234 0
2254 270 0
2255 194 0
2256 85 0
2257 127 0
2258 228 1
2259 234 0
2260 76 1
2261 21 1
2262 85 1
2263 178 1
2264 110 1
2265 43 0
2266 23 1
2267 248 0
2268 161 0
2269 97 1
2270 187 1
2271 173 1
2272 204 1
2273 104 1
2274 287 1
2275 225 1
2276 140 0
2277 140 1
2278 158 1
2279 107 0
2280 15 1
2281 94 1
2282 186 0
2283 44 1
2284 121 0
2285 125 0
2286 280 1
2287 178 1
2288 196 1
2289 263 1
2290 217 1
2291 244 1
2292 83 0
2293 179 0
2294 49 1
2295 55 1
2296 86 0
2297 52 0
2298 88 1
2299 268 0
2300 85 1
2301 166 0
2302 289 0
2303 196 1
2304 224 1
2305 65 1
2306 296 0
2307 95 1
2308 290 0
2309 166 1
2310 209 0
2311 51 1
2312 268 1
2313 165 1
2314 150 0
2315 214 0
2316 122 1
2317 198 0
2318 20 1
2319 243 0
2320 201 1
2321 283 1
2322 214 1
2323 121 0
2324 249 1
2325 190 1
2326 156 1
2327 300 1
2328 295 0
2329 128 1
2330 194 0
2331 277 0
2332 69 1
2333 24 1
2334 217 0
2335 283 1
2336 224 0
2337 161 1
2338 189 1
2339 290 1
2340 218 0
2341 193 1
2342 70 0
2343 95 1
2344 255 0
2345 106 1
2346 162 1
2347 114 0
2348 206 1
2349 269 1
2350 54 0
2351 137 1
2352 62 1
2353 65 1
2354 229 1
2355 287 0
2356 132 0
2357 117 1
2358 270 1
2359 215 1
2360 32 1
2361 22 1
2362 1 1
2363 73 0
2364 172 1
2365 227 1
2366 191 1
2367 154 0
2368 260 1
2369 102 1
2370 222 1
2371 232 0
2372 166 0
2373 205 0
2374 210 0
2375 258 0
2376 288 1
2377 136 1
2378 13 1
2379 93 1
2380 200 1
2381 61 1
2382 282 0
2383 192 1
2384 31 1
2385 26 1
2386 281 1
2387 205 1
2388 255 0
2389 179 1
2390 128 1
2391 106 1
2392 65 0
2393 2 1
2394 99 0
2395 214 0
2396 64 1
2397 238 1
2398 87 1
2399 184 0
2400 20 1
2401 19 1
2402 116 1
2403 44 1
2404 284 0
2405 235 1
2406 60 0
2407 124 1
2408 180 1
2409 153 1
2410 171 1
2411 176 0
2412 239 1
2413 229 0
2414 140 0
2415 143 0
2416 271 1
2417 110 1
2418 36 0
2419 105 1
2420 27 0
2421 79 0
2422 28 0
2423 110 1
2424 279 1
2425 136 1
2426 279 1
2427 83 1
2428 23 1
2429 243 1
2430 21 1
2431 273 0
2432 147 1
2433 276 0
2434 187 1
2435 202 0
2436 18 1
2437 199 1
2438 81 1
2439 153 0
2440 221 0
2441 208 1
2442 198 1
2443 66 1
2444 149 1
2445 84 0
2446 293 1
2447 59 0
2448 88 1
2449 21 1
2450 13 1
2451 86 1
2452 101 0
2453 276 1
2454 243 1
2455 242 1
2456 65 1
2457 62 0
2458 288 1
2459 184 1
2460 86 1
2461 256 1
2462 223 0
2463 167 1
2464 248 1
2465 133 1
2466 9 1
2467 190 1
2468 153 1
2469 242 1
2470 294 0
2471 258 1
2472 232 0
2473 22 1
2474 46 1
2475 4 1
2476 21 0
2477 109 1
2478 225 1
2479 152 1
2480 112 1
2481 281 1
2482 153 1
2483 181 1
2484 285 0
2485 49 1
2486 255 1
2487 287 1
2488 225 1
2489 3 1
2490 112 1
2491 1 0
2492 217 0
2493 275 0
2494 34 0
2495 212 1
2496 60 1
2497 217 1
2498 10 1
2499 167 0
2500 169 1
2501 172 1
2502 172 0
2503 157 1
2504 115 0
2505 266 1
2506 116 1
2507 208 1
2508 276 0
2509 123 1
2510 8 0
2511 106 1
2512 124 0
2513 231 0
2514 69 0
2515 28 0
2516 263 1
2517 9 1
2518 6 1
2519 180 1
2520 275 0
2521 195 0
2522 10 0
2523 73 1
2524 285 1
2525 246 1
2526 78 1
2527 260 0
2528 272 1
2529 235 1
2530 187 0
2531 278 1
2532 111 0
2533 182 1
2534 51 1
2535 187 0
2536 104 0
2537 66 0
2538 184 0
2539 300 0
2540 233 1
2541 59 1
2542 194 0
2543 162 0
2544 107 1
2545 155 0
2546 8 1
2547 41 0
2548 267 1
2549 237 1
2550 233 0
2551 294 0
2552 103 1
2553 299 0
2554 96 1
2555 104 1
2556 140 0
2557 289 1
2558 131 1
2559 97 1
2560 195 1
2561 130 1
2562 282 1
2563 272 1
2564 42 1
2565 267 1
2566 229 1
2567 158 1
2568 268 0
2569 269 1
2570 103 0
2571 40 0
2572 185 1
2573 175 1
2574 76 1
2575 151 1
2576 172 1
2577 123 1
2578 49 1
2579 51 0
2580 200 0
2581 213 0
2582 226 0
2583 59 0
2584 177 1
2585 154 0
2586 48 1
2587 121 1
2588 70 1
2589 95 1
2590 217 1
2591 15 1
2592 176 0
2593 192 1
2594 131 1
2595 215 1
2596 209 0
2597 58 1
2598 148 0
2599 174 1
2600 93 1
2601 202 1
2602 68 0
2603 273 0
2604 19 1
2605 234 0
2606 263 1
2607 274 1
2608 36 0
2609 263 1
2610 5 1
2611 148 1
2612 254 1
2613 246 1
2614 272 0
2615 23 1
2616 95 0
2617 103 1
2618 198 1
2619 1 0
2620 41 1
2621 50 1
2622 133 1
2623 290 1
2624 87 1
2625 286 1
2626 27 0
2627 256 0
2628 237 1
2629 281 1
2630 270 1
2631 170 1
2632 127 0
2633 178 1
2634 196 0
2635 139 1
2636 12 1
2637 139 1
2638 163 0
2639 212 1
2640 29 1
2641 241 1
2642 178 0
2643 235 1
2644 297 1
2645 272 1
2646 168 1
2647 280 0
2648 13 1
2649 269 1
2650 235 1
2651 44 1
2652 246 1
2653 290 1
2654 260 1
2655 257 1
2656 246 1
2657 243 1
2658 42 1
2659 188 1
2660 92 1
2661 254 1
2662 199 1
2663 153 1
2664 289 1
2665 19 0
2666 126 1
2667 67 0
2668 195 0
2669 129 0
2670 104 1
2671 92 0
2672 232 0
2673 123 0
2674 212 1
2675 211 0
2676 67 1
2677 111 1
2678 244 1
2679 76 1
2680 283 1
2681 52 0
2682 56 0
2683 130 1
2684 124 1
2685 3 1
2686 243 1
2687 177 0
2688 27 1
2689 295 1
2690 259 1
2691 142 1
2692 216 0
2693 241 1
2694 115 1
2695 40 1
2696 260 0
2697 104 0
2698 161 1
2699 165 1
2700 91 1
2701 112 1
2702 161 1
2703 105 1
2704 288 1
2705 77 0
2706 203 1
2707 169 1
2708 120 1
2709 278 1
2710 25 1
2711 282 1
2712 9 1
2713 199 0
2714 218 1
2715 104 0
2716 130 1
2717 240 1
2718 153 1
2719 129 1
2720 41 0
2721 284 1
2722 124 1
2723 11 1
2724 161 1
2725 77 1
2726 205 1
2727 68 0
2728 41 1
2729 33 1
2730 230 1
2731 165 0
2732 252 0
2733 249 1
2734 46 1
2735 143 0
2736 283 0
2737 281 0
2738 177 0
2739 198 1
2740 179 0
2741 172 1
2742 231 0
2743 247 1
2744 157 1
2745 129 1
2746 65 0
2747 94 1
2748 47 0
2749 70 1
2750 69 0
2751 130 1
2752 237 0
2753 107 0
2754 0 1
2755 151 0
2756 228 1
2757 212 1
2758 213 1
2759 28 1
2760 86 0
2761 104 1
2762 99 1
2763 66 1
2764 139 0
2765 138 0
2766 247 1
2767 210 1
2768 226 1
2769 297 0
2770 271 1
2771 54 0
2772 69 1
2773 255 1
2774 21 1
2775 249 1
2776 37 0
2777 106 0
2778 199 0
2779 130 1
2780 257 1
2781 145 1
2782 184 1
2783 34 0
2784 19 1
2785 286 1
2786 26 1
2787 86 1
2788 153 0
2789 275 1
2790 170 1
2791 180 1
2792 224 1
2793 190 1
2794 106 0
2795 58 0
2796 287 0
2797 163 1
2798 206 1
2799 179 1
2800 126 1
2801 164 1
2802 50 1
2803 145 1
2804 188 1
2805 26 1
2806 291 0
2807 162 1
2808 89 1
2809 235 0
2810 71 1
2811 206 1
2812 145 0
2813 76 0
2814 163 0
2815 225 1
2816 16 1
2817 39 0
2818 288 0
2819 270 1
2820 253 1
2821 131 1
2822 48 1
2823 55 1
2824 45 1
2825 281 1
2826 232 1
2827 123 1
2828 152 0
2829 75 1
2830 102 1
2831 202 0
2832 89 1
2833 134 1
2834 75 0
2835 150 1
2836 297 0
2837 220 1
2838 224 0
2839 130 1
2840 265 1
2841 84 1
2842 245 1
2843 221 1
2844 4 0
2845 8 1
2846 246 0
2847 123 1
2848 152 1
2849 258 1
2850 8 1
2851 203 1
2852 38 0
2853 298 1
2854 47 1
2855 179 1
2856 186 1
2857 106 1
2858 68 1
2859 175 1
2860 221 0
2861 78 1
2862 43 1
2863 98 1
2864 107 1
2865 70 0
2866 113 1
2867 69 1
2868 294 1
2869 10 0
2870 143 0
2871 251 1
2872 49 1
2873 108 0
2874 281 1
2875 89 1
2876 64 1
2877 16 1
2878 266 1
2879 251 0
2880 69 0
2881 188 1
2882 192 1
2883 231 1
2884 221 1
2885 175 1
2886 78 0
2887 291 1
2888 130 1
2889 194 0
2890 279 0
2891 261 1
2892 47 0
2893 150 1
2894 240 0
2895 34 0
2896 19 0
2897 190 1
2898 76 1
2899 96 0
2900 259 1
2901 9 1
2902 44 1
2903 61 1
2904 46 1
2905 182 1
2906 187 1
2907 267 0
2908 268 1
2909 146 0
2910 115 1
2911 215 1
2912 51 1
2913 45 0
2914 122 0
2915 22 0
2916 9 0
2917 14 0
2918 281 0
2919 125 0
2920 280 1
2921 200 1
2922 298 1
2923 300 1
2924 231 1
2925 120 1
2926 24 0
2927 181 1
2928 36 0
2929 101 1
2930 266 1
2931 136 0
2932 104 1
2933 278 0
2934 174 0
2935 260 0
2936 257 1
2937 270 1
2938 274 1
2939 167 1
2940 62 1
2941 199 1
2942 270 0
2943 60 0
2944 204 1
2945 10 1
2946 182 1
2947 92 0
2948 194 1
2949 219 0
2950 19 0
2951 171 1
2952 286 1
2953 179 0
2954 57 1
2955 111 0
2956 32 1
2957 154 1
2958 288 1
2959 155 1
2960 273 1
2961 8 1
2962 261 1
2963 39 0
2964 68 1
2965 120 1
2966 84 0
2967 12 1
2968 28 0
2969 226 1
2970 185 0
2971 102 1
2972 245 1
2973 117 1
2974 119 1
2975 72 1
2976 85 0
2977 145 0
2978 131 1
2979 47 1
2980 39 1
2981 185 1
2982 107 1
2983 141 1
2984 286 0
2985 119 0
2986 0 1
2987 36 1
2988 126 1
2989 127 1
2990 22 1
2991 236 1
2992 280 1
2993 51 0
2994 162 0
2995 157 0
2996 214 1
2997 273 1
2998 136 0
2999 54 0
3000 77 1
3001 240 1
3002 93 0
3003 272 1
3004 26 1
3005 63 0
3006 298 0
3007 156 1
3008 27 1
3009 235 1
3010 254 1
3011 38 0
3012 81 1
3013 137 1
3014 21 1
3015 236 1
3016 12 0
3017 124 1
3018 100 0
3019 223 0
3020 143 1
3021 175 1
3022 233 1
3023 15 1
3024 135 1
3025 46 1
3026 40 0
3027 153 0
3028 293 0
3029 236 1
3030 78 1
3031 9 1
3032 45 0
3033 94 0
3034 128 0
3035 221 0
3036 252 1
3037 60 0
3038 273 1
3039 93 0
3040 24 1
3041 93 1
3042 122 0
3043 83 1
3044 185 1
3045 26 0
3046 189 1
3047 2 0
3048 67 1
3049 278 0
3050 112 1
3051 115 1
3052 191 0
3053 197 1
3054 250 1
3055 168 1
3056 77 1
3057 236 1
3058 155 1
3059 263 0
3060 286 0
3061 252 1
3062 273 1
3063 5 1
3064 299 0
3065 235 1
3066 78 0
3067 72 0
3068 173 1
3069 29 1
3070 207 0
3071 294 1
3072 157 1
3073 183 1
3074 145 1
3075 250 0
3076 82 1
3077 253 1
3078 103 0
3079 43 1
3080 190 0
3081 110 1
3082 226 1
3083 135 1
3084 99 0
3085 119 1
3086 10 0
3087 289 1
3088 240 1
3089 78 1
3090 214 0
3091 164 0
3092 178 1
3093 249 0
3094 274 1
3095 281 1
3096 168 1
3097 29 0
3098 221 0
3099 142 1
3100 279 0
3101 24 1
3102 272 1
3103 54 0
3104 82 1
3105 246 1
3106 109 1
3107 190 0
3108 124 1
3109 216 1
3110 78 0
3111 159 1
3112 235 1
3113 239 1
3114 1 1
3115 123 0
3116 239 1
3117 218 1
3118 109 1
