4710
1 186 0
2 215 0
3 535 1
4 492 1
5 521 1
6 327 1
7 459 0
8 126 1
9 526 1
10 436 0
11 168 1
12 429 1
13 530 1
14 223 1
15 635 1
16 602 0
17 558 0
18 667 1
19 56 1
20 142 1
21 473 0
22 119 1
23 437 1
24 324 1
25 470 1
26 26 0
27 680 0
28 373 1
29 270 1
30 381 1
31 125 0
32 327 1
33 5 0
34 529 1
35 357 0
36 395 0
37 45 1
38 667 1
39 364 1
40 350 1
41 108 1
42 378 1
43 284 0
44 51 0
45 99 1
46 60 1
47 168 1
48 512 1
49 286 1
50 539 1
51 70 0
52 378 1
53 201 1
54 202 1
55 392 0
56 456 1
57 380 1
58 41 1
59 489 1
60 519 1
61 129 0
62 417 0
63 571 1
64 75 1
65 327 1
66 556 0
67 453 1
68 665 1
69 183 0
70 124 1
71 171 0
72 529 0
73 319 0
74 668 1
75 115 0
76 149 1
77 123 1
78 145 0
79 551 0
80 455 0
81 288 0
82 28 1
83 150 0
84 300 1
85 464 1
86 514 1
87 456 0
88 91 1
89 365 0
90 336 0
91 151 1
92 328 1
93 107 1
94 421 1
95 695 1
96 137 1
97 93 1
98 628 1
99 311 1
100 29 0
101 104 0
102 163 1
103 338 0
104 240 1
105 618 0
106 88 0
107 117 0
108 496 1
109 343 0
110 183 1
111 699 1
112 225 1
113 90 1
114 639 1
115 686 1
116 82 1
117 664 1
118 407 1
119 104 1
120 611 1
121 128 0
122 243 1
123 568 1
124 622 0
125 410 0
126 1 0
127 30 1
128 105 1
129 136 0
130 126 0
131 165 0
132 516 0
133 58 1
134 37 0
135 324 0
136 336 0
137 99 1
138 150 1
139 71 1
140 331 0
141 330 1
142 494 1
143 163 1
144 481 1
145 96 1
146 573 0
147 268 1
148 695 1
149 66 1
150 640 0
151 284 1
152 142 1
153 307 1
154 656 1
155 518 1
156 312 1
157 72 0
158 509 1
159 310 1
160 687 1
161 501 1
162 272 0
163 555 0
164 699 1
165 604 1
166 311 1
167 367 1
168 328 1
169 350 0
170 658 1
171 24 1
172 469 1
173 681 0
174 484 1
175 172 1
176 150 1
177 485 0
178 499 1
179 142 1
180 413 1
181 590 0
182 690 0
183 81 1
184 536 1
185 55 1
186 204 1
187 369 0
188 176 1
189 555 1
190 642 1
191 584 0
192 305 0
193 667 1
194 313 0
195 54 1
196 459 0
197 202 1
198 506 1
199 221 1
200 168 1
201 289 1
202 508 1
203 498 1
204 308 0
205 248 1
206 533 1
207 648 0
208 654 1
209 546 0
210 329 1
211 446 1
212 697 0
213 690 1
214 233 1
215 297 1
216 92 1
217 225 1
218 696 0
219 188 0
220 529 1
221 160 1
222 21 1
223 104 1
224 327 0
225 548 1
226 2 1
227 197 1
228 243 1
229 502 1
230 3 1
231 481 0
232 138 1
233 451 0
234 334 0
235 592 1
236 527 1
237 129 0
238 464 1
239 129 1
240 335 1
241 200 1
242 271 1
243 489 1
244 188 1
245 595 1
246 544 1
247 590 1
248 140 1
249 269 1
250 432 1
251 242 0
252 517 1
253 261 1
254 209 1
255 525 1
256 367 1
257 334 0
258 26 0
259 57 0
260 568 0
261 558 0
262 86 1
263 546 1
264 394 0
265 152 0
266 429 1
267 690 1
268 370 1
269 680 1
270 93 0
271 27 1
272 286 1
273 155 1
274 90 1
275 679 0
276 469 0
277 674 1
278 41 1
279 233 1
280 88 1
281 166 1
282 384 1
283 217 0
284 560 0
285 237 1
286 459 0
287 18 1
288 383 0
289 358 0
290 537 1
291 583 1
292 478 1
293 314 1
294 529 1
295 559 0
296 538 1
297 588 0
298 333 1
299 581 1
300 58 0
301 299 1
302 139 1
303 563 1
304 94 1
305 447 1
306 162 1
307 390 1
308 491 0
309 215 0
310 157 1
311 391 0
312 251 0
313 521 1
314 140 0
315 230 1
316 125 0
317 16 1
318 602 1
319 239 0
320 404 1
321 80 0
322 621 0
323 262 1
324 79 1
325 185 1
326 4 1
327 383 1
328 459 1
329 444 1
330 211 1
331 250 0
332 260 1
333 205 1
334 449 0
335 311 1
336 34 1
337 475 1
338 314 1
339 368 0
340 118 1
341 82 0
342 582 0
343 530 1
344 274 1
345 393 1
346 553 1
347 274 1
348 513 0
349 277 1
350 375 1
351 19 1
352 432 1
353 517 1
354 135 0
355 591 1
356 343 1
357 528 1
358 591 0
359 18 1
360 236 1
361 255 1
362 658 0
363 204 1
364 461 1
365 185 1
366 673 1
367 151 0
368 150 1
369 603 1
370 306 1
371 539 1
372 620 1
373 326 1
374 177 1
375 281 1
376 360 1
377 655 1
378 518 1
379 242 1
380 396 1
381 21 1
382 84 1
383 227 0
384 140 1
385 672 1
386 230 1
387 547 1
388 330 0
389 114 0
390 122 1
391 524 1
392 535 1
393 404 1
394 243 1
395 86 0
396 678 1
397 462 1
398 583 0
399 448 0
400 424 0
401 622 1
402 535 1
403 257 1
404 247 0
405 276 1
406 218 1
407 303 0
408 33 0
409 559 0
410 106 1
411 520 0
412 508 0
413 298 1
414 576 1
415 415 0
416 71 1
417 559 1
418 410 1
419 224 0
420 639 0
421 478 1
422 53 1
423 514 0
424 89 1
425 667 1
426 623 1
427 431 1
428 222 1
429 275 0
430 379 1
431 154 1
432 631 1
433 357 0
434 281 1
435 603 1
436 533 0
437 681 1
438 615 1
439 125 1
440 322 0
441 351 0
442 32 1
443 281 1
444 415 1
445 108 1
446 699 0
447 697 1
448 276 0
449 577 1
450 387 0
451 382 1
452 466 0
453 260 1
454 311 1
455 386 1
456 630 0
457 483 0
458 576 0
459 520 0
460 225 1
461 539 1
462 190 0
463 460 1
464 343 1
465 628 1
466 421 0
467 555 1
468 125 0
469 570 0
470 653 1
471 522 1
472 50 1
473 697 1
474 126 1
475 371 1
476 49 1
477 28 0
478 198 1
479 310 1
480 277 1
481 176 1
482 152 1
483 187 0
484 299 1
485 166 0
486 617 1
487 135 0
488 598 1
489 595 1
490 405 0
491 528 1
492 628 1
493 693 0
494 497 1
495 272 1
496 145 0
497 225 1
498 83 1
499 27 1
500 621 1
501 634 0
502 334 1
503 659 0
504 657 1
505 561 1
506 272 1
507 116 1
508 550 1
509 82 1
510 17 1
511 573 1
512 406 1
513 64 1
514 663 1
515 172 0
516 437 0
517 28 1
518 480 0
519 456 1
520 541 1
521 252 1
522 311 1
523 617 1
524 83 0
525 112 0
526 506 0
527 567 0
528 389 1
529 154 1
530 175 1
531 541 1
532 38 1
533 136 1
534 556 1
535 560 0
536 514 1
537 114 1
538 86 0
539 439 0
540 335 0
541 421 1
542 690 1
543 109 1
544 373 1
545 335 1
546 195 1
547 613 0
548 198 1
549 355 0
550 93 0
551 56 1
552 633 0
553 186 1
554 658 0
555 340 0
556 81 1
557 190 0
558 350 0
559 54 1
560 564 0
561 24 1
562 19 0
563 444 0
564 138 1
565 576 1
566 619 1
567 443 1
568 256 0
569 175 0
570 311 1
571 112 1
572 29 1
573 68 1
574 602 1
575 7 1
576 116 1
577 677 0
578 272 1
579 657 1
580 125 1
581 397 1
582 618 0
583 353 0
584 374 1
585 693 1
586 648 1
587 530 0
588 559 0
589 660 1
590 324 1
591 380 0
592 302 1
593 180 1
594 383 0
595 40 1
596 123 1
597 157 1
598 31 0
599 520 1
600 490 1
601 391 1
602 70 1
603 567 0
604 271 1
605 543 1
606 99 1
607 488 0
608 186 1
609 32 1
610 410 1
611 530 0
612 663 1
613 179 1
614 649 1
615 551 1
616 664 1
617 330 1
618 615 0
619 115 1
620 481 0
621 234 0
622 487 0
623 587 0
624 143 1
625 542 1
626 144 1
627 539 1
628 663 1
629 253 0
630 169 1
631 504 0
632 499 0
633 319 0
634 635 1
635 53 1
636 150 1
637 602 1
638 462 1
639 610 1
640 560 1
641 611 1
642 429 0
643 416 1
644 621 1
645 305 0
646 379 1
647 528 1
648 547 0
649 45 1
650 187 1
651 351 0
652 386 1
653 426 1
654 194 0
655 206 1
656 392 0
657 364 0
658 20 0
659 666 0
660 354 0
661 337 1
662 684 0
663 212 1
664 617 1
665 465 1
666 508 1
667 45 1
668 522 0
669 495 1
670 259 0
671 376 0
672 271 1
673 225 0
674 272 1
675 689 0
676 66 1
677 112 1
678 96 0
679 33 1
680 186 0
681 270 1
682 68 1
683 341 1
684 239 0
685 363 0
686 290 1
687 602 0
688 231 0
689 457 0
690 471 1
691 583 1
692 225 1
693 40 1
694 472 1
695 334 0
696 25 1
697 652 0
698 372 1
699 439 1
700 583 1
701 561 0
702 142 1
703 339 1
704 44 1
705 330 0
706 694 1
707 657 0
708 360 0
709 692 0
710 376 0
711 90 1
712 535 1
713 98 0
714 641 0
715 270 1
716 640 1
717 301 1
718 200 0
719 609 0
720 340 1
721 363 1
722 604 1
723 6 1
724 623 1
725 549 0
726 630 1
727 304 1
728 286 1
729 125 1
730 391 1
731 507 1
732 131 1
733 19 1
734 353 1
735 27 1
736 319 1
737 481 1
738 468 0
739 639 1
740 638 1
741 294 1
742 580 0
743 486 1
744 452 1
745 698 0
746 610 1
747 79 1
748 66 0
749 525 0
750 178 1
751 566 1
752 548 1
753 172 1
754 286 1
755 159 0
756 600 1
757 397 1
758 503 1
759 251 1
760 398 1
761 154 1
762 206 1
763 503 1
764 484 1
765 297 1
766 333 1
767 460 1
768 114 0
769 497 0
770 197 1
771 229 0
772 13 1
773 334 0
774 414 1
775 375 1
776 286 1
777 26 1
778 216 1
779 369 1
780 309 0
781 115 1
782 433 0
783 276 0
784 113 1
785 400 0
786 486 1
787 163 1
788 8 1
789 316 1
790 382 1
791 140 0
792 126 0
793 65 1
794 299 1
795 646 1
796 553 1
797 3 0
798 242 1
799 134 1
800 110 1
801 269 1
802 615 1
803 396 1
804 382 1
805 651 0
806 461 0
807 337 1
808 561 1
809 381 1
810 288 0
811 220 1
812 693 0
813 428 0
814 108 1
815 42 1
816 396 1
817 266 1
818 500 1
819 387 0
820 432 1
821 550 1
822 33 0
823 80 1
824 193 1
825 54 1
826 544 1
827 623 1
828 651 1
829 73 1
830 365 0
831 581 1
832 183 0
833 677 1
834 414 0
835 469 1
836 307 0
837 491 1
838 111 1
839 387 0
840 636 1
841 239 1
842 320 1
843 471 1
844 118 1
845 634 1
846 264 1
847 697 1
848 267 1
849 35 1
850 490 0
851 432 1
852 429 1
853 590 0
854 247 1
855 449 1
856 322 1
857 268 0
858 455 1
859 366 0
860 36 0
861 660 1
862 420 1
863 504 1
864 83 1
865 121 1
866 497 0
867 427 0
868 228 1
869 370 1
870 198 1
871 263 0
872 260 1
873 616 1
874 23 0
875 192 1
876 35 0
877 663 0
878 262 1
879 595 1
880 460 1
881 676 0
882 173 1
883 87 1
884 173 1
885 481 1
886 29 1
887 344 0
888 180 1
889 609 1
890 147 1
891 566 1
892 559 1
893 242 1
894 601 1
895 71 0
896 458 1
897 222 0
898 55 0
899 90 1
900 371 1
901 203 0
902 220 1
903 142 0
904 412 1
905 207 0
906 458 1
907 194 0
908 358 1
909 590 1
910 26 1
911 73 0
912 465 1
913 21 1
914 209 1
915 200 1
916 286 0
917 433 1
918 556 1
919 510 0
920 231 1
921 128 0
922 546 0
923 458 1
924 210 0
925 465 1
926 67 1
927 326 1
928 438 1
929 505 1
930 62 0
931 132 0
932 561 1
933 307 0
934 197 1
935 138 1
936 439 1
937 570 1
938 192 1
939 642 1
940 433 1
941 243 1
942 550 1
943 485 0
944 520 1
945 540 1
946 447 0
947 383 0
948 294 1
949 330 0
950 563 1
951 220 1
952 338 1
953 192 1
954 22 1
955 385 0
956 694 1
957 408 0
958 102 1
959 284 1
960 87 1
961 657 0
962 402 1
963 448 1
964 86 1
965 640 0
966 151 1
967 556 1
968 554 1
969 472 0
970 182 0
971 88 0
972 237 0
973 20 1
974 294 1
975 414 1
976 582 1
977 369 1
978 315 1
979 584 0
980 499 1
981 654 1
982 136 1
983 592 1
984 558 0
985 323 1
986 521 0
987 369 1
988 360 0
989 2 1
990 147 1
991 489 1
992 239 0
993 617 0
994 275 0
995 11 1
996 478 0
997 177 1
998 476 0
999 361 0
1000 433 1
1001 527 0
1002 699 1
1003 616 0
1004 39 1
1005 467 0
1006 486 0
1007 367 1
1008 566 0
1009 335 1
1010 237 1
1011 519 1
1012 312 0
1013 234 1
1014 217 1
1015 574 1
1016 31 1
1017 508 1
1018 51 0
1019 542 1
1020 647 0
1021 276 1
1022 169 1
1023 63 0
1024 531 0
1025 480 1
1026 197 0
1027 388 1
1028 296 1
1029 201 0
1030 669 1
1031 616 0
1032 82 0
1033 182 1
1034 302 0
1035 223 0
1036 90 1
1037 135 1
1038 46 1
1039 447 0
1040 202 0
1041 249 0
1042 528 1
1043 513 0
1044 163 1
1045 90 0
1046 394 1
1047 436 0
1048 584 1
1049 609 0
1050 400 1
1051 39 1
1052 235 1
1053 50 0
1054 526 1
1055 462 1
1056 178 0
1057 579 0
1058 253 0
1059 434 1
1060 11 1
1061 305 1
1062 136 1
1063 334 0
1064 265 0
1065 510 1
1066 132 1
1067 607 1
1068 176 1
1069 101 1
1070 60 0
1071 182 1
1072 27 1
1073 396 0
1074 58 1
1075 454 0
1076 107 0
1077 627 0
1078 101 1
1079 567 1
1080 260 1
1081 635 1
1082 531 1
1083 212 1
1084 653 0
1085 162 1
1086 328 0
1087 251 1
1088 10 1
1089 241 0
1090 381 0
1091 290 1
1092 54 1
1093 336 1
1094 82 1
1095 126 0
1096 33 1
1097 187 0
1098 57 1
1099 24 1
1100 164 0
1101 23 1
1102 134 1
1103 301 1
1104 525 0
1105 366 1
1106 689 0
1107 147 1
1108 326 0
1109 503 1
1110 140 1
1111 355 0
1112 448 0
1113 190 1
1114 546 1
1115 667 1
1116 4 0
1117 108 1
1118 568 1
1119 435 1
1120 555 1
1121 51 0
1122 210 1
1123 191 1
1124 135 1
1125 548 0
1126 381 1
1127 600 1
1128 351 0
1129 634 1
1130 60 1
1131 664 1
1132 43 0
1133 355 0
1134 633 1
1135 456 1
1136 496 1
1137 636 1
1138 310 0
1139 146 0
1140 275 1
1141 324 1
1142 350 1
1143 85 0
1144 619 0
1145 655 0
1146 224 1
1147 196 1
1148 144 1
1149 330 0
1150 246 0
1151 170 0
1152 45 0
1153 352 1
1154 386 1
1155 405 1
1156 644 0
1157 221 0
1158 407 1
1159 600 1
1160 629 1
1161 458 0
1162 79 0
1163 572 0
1164 110 1
1165 604 0
1166 440 1
1167 2 0
1168 485 1
1169 446 1
1170 304 1
1171 437 0
1172 333 1
1173 148 0
1174 569 0
1175 671 0
1176 208 1
1177 256 1
1178 688 1
1179 662 0
1180 483 1
1181 59 0
1182 245 0
1183 161 0
1184 172 0
1185 657 1
1186 211 1
1187 330 1
1188 657 1
1189 37 1
1190 678 1
1191 628 0
1192 41 0
1193 625 0
1194 465 0
1195 433 0
1196 58 1
1197 623 1
1198 310 1
1199 89 0
1200 144 1
1201 412 0
1202 593 1
1203 200 0
1204 520 1
1205 528 1
1206 549 1
1207 137 1
1208 641 0
1209 224 0
1210 254 1
1211 258 0
1212 54 1
1213 219 0
1214 418 1
1215 299 1
1216 506 1
1217 218 0
1218 205 1
1219 401 1
1220 411 0
1221 128 0
1222 686 1
1223 455 1
1224 83 0
1225 89 1
1226 89 1
1227 253 1
1228 680 1
1229 111 1
1230 384 1
1231 414 1
1232 26 1
1233 42 0
1234 107 0
1235 561 1
1236 125 1
1237 231 0
1238 10 1
1239 494 1
1240 117 0
1241 583 0
1242 382 1
1243 653 0
1244 213 1
1245 214 0
1246 80 1
1247 241 0
1248 164 0
1249 338 1
1250 331 1
1251 242 1
1252 645 1
1253 324 1
1254 63 1
1255 202 1
1256 306 0
1257 691 0
1258 374 1
1259 656 1
1260 161 1
1261 638 0
1262 402 1
1263 348 0
1264 66 0
1265 442 0
1266 642 1
1267 459 1
1268 61 1
1269 696 1
1270 506 0
1271 456 0
1272 435 0
1273 254 1
1274 544 1
1275 302 0
1276 532 0
1277 551 1
1278 571 1
1279 404 0
1280 489 0
1281 639 0
1282 282 1
1283 472 1
1284 86 1
1285 619 1
1286 118 1
1287 157 1
1288 275 1
1289 115 1
1290 225 0
1291 277 1
1292 109 0
1293 595 1
1294 631 0
1295 222 1
1296 446 1
1297 456 1
1298 164 0
1299 524 0
1300 148 1
1301 294 1
1302 272 1
1303 272 1
1304 467 1
1305 119 1
1306 409 1
1307 354 1
1308 128 1
1309 255 1
1310 550 0
1311 631 1
1312 242 1
1313 477 1
1314 68 1
1315 108 1
1316 198 1
1317 87 1
1318 307 1
1319 469 1
1320 503 0
1321 371 0
1322 588 1
1323 486 0
1324 276 0
1325 227 0
1326 122 1
1327 26 0
1328 699 1
1329 223 1
1330 258 0
1331 588 1
1332 187 1
1333 530 1
1334 639 1
1335 172 1
1336 492 1
1337 106 1
1338 22 1
1339 549 1
1340 86 1
1341 576 0
1342 387 0
1343 26 1
1344 558 1
1345 58 1
1346 581 1
1347 328 1
1348 74 0
1349 14 0
1350 62 0
1351 456 1
1352 335 1
1353 234 0
1354 60 1
1355 107 1
1356 464 0
1357 355 1
1358 37 1
1359 142 1
1360 83 0
1361 468 0
1362 146 0
1363 337 1
1364 559 0
1365 387 1
1366 142 1
1367 475 0
1368 310 1
1369 286 0
1370 397 1
1371 517 1
1372 528 0
1373 617 1
1374 158 1
1375 66 0
1376 259 1
1377 509 1
1378 235 1
1379 230 0
1380 102 0
1381 16 1
1382 213 1
1383 174 1
1384 106 1
1385 194 1
1386 306 1
1387 117 0
1388 639 0
1389 152 0
1390 93 1
1391 642 0
1392 205 1
1393 513 1
1394 202 1
1395 687 0
1396 661 1
1397 1 0
1398 648 1
1399 150 1
1400 239 0
1401 9 1
1402 111 1
1403 680 0
1404 312 0
1405 452 0
1406 503 1
1407 361 1
1408 450 0
1409 52 1
1410 371 1
1411 257 0
1412 348 1
1413 111 1
1414 37 1
1415 654 1
1416 361 1
1417 274 1
1418 242 1
1419 126 1
1420 539 1
1421 564 1
1422 425 1
1423 502 1
1424 4 1
1425 280 1
1426 46 1
1427 160 1
1428 400 1
1429 142 1
1430 288 1
1431 319 0
1432 212 1
1433 25 1
1434 148 1
1435 460 0
1436 182 1
1437 329 1
1438 2 0
1439 386 1
1440 137 0
1441 534 1
1442 109 1
1443 30 0
1444 569 1
1445 551 1
1446 573 0
1447 258 0
1448 64 0
1449 539 1
1450 586 1
1451 503 1
1452 76 0
1453 127 0
1454 567 0
1455 237 1
1456 633 0
1457 492 0
1458 217 0
1459 155 1
1460 300 1
1461 547 0
1462 177 0
1463 259 1
1464 692 1
1465 57 1
1466 2 1
1467 647 1
1468 144 0
1469 461 0
1470 192 0
1471 168 1
1472 221 1
1473 471 1
1474 87 1
1475 280 0
1476 86 1
1477 13 1
1478 536 1
1479 109 1
1480 674 1
1481 559 0
1482 27 0
1483 360 1
1484 184 0
1485 335 1
1486 424 1
1487 258 1
1488 615 1
1489 688 0
1490 261 0
1491 542 1
1492 0 1
1493 62 1
1494 431 1
1495 517 0
1496 338 1
1497 687 1
1498 334 1
1499 140 1
1500 72 1
1501 651 1
1502 582 1
1503 594 0
1504 392 1
1505 653 1
1506 302 1
1507 452 1
1508 655 1
1509 291 1
1510 138 1
1511 244 1
1512 88 1
1513 445 1
1514 334 1
1515 544 0
1516 665 1
1517 355 1
1518 6 1
1519 497 1
1520 283 1
1521 503 1
1522 550 0
1523 492 1
1524 221 1
1525 191 1
1526 495 1
1527 439 1
1528 423 1
1529 457 1
1530 526 0
1531 465 1
1532 250 1
1533 490 0
1534 522 1
1535 258 1
1536 190 1
1537 295 0
1538 468 0
1539 697 1
1540 475 0
1541 653 1
1542 229 1
1543 458 1
1544 333 1
1545 10 0
1546 670 0
1547 650 1
1548 200 1
1549 80 1
1550 180 0
1551 431 1
1552 399 1
1553 563 0
1554 419 1
1555 612 1
1556 354 1
1557 69 0
1558 562 1
1559 687 1
1560 196 0
1561 354 0
1562 229 0
1563 538 1
1564 196 1
1565 55 1
1566 408 1
1567 200 1
1568 118 0
1569 578 0
1570 228 1
1571 335 1
1572 508 1
1573 617 1
1574 385 1
1575 169 0
1576 207 1
1577 199 1
1578 279 1
1579 318 0
1580 107 1
1581 456 1
1582 312 1
1583 74 0
1584 476 1
1585 419 0
1586 46 0
1587 39 0
1588 612 0
1589 528 0
1590 165 1
1591 330 1
1592 672 1
1593 261 1
1594 18 1
1595 483 0
1596 556 1
1597 244 1
1598 652 0
1599 51 1
1600 26 1
1601 584 1
1602 130 0
1603 79 0
1604 184 0
1605 491 0
1606 209 1
1607 174 1
1608 102 0
1609 37 1
1610 466 1
1611 1 1
1612 211 1
1613 643 1
1614 167 1
1615 43 0
1616 222 0
1617 417 0
1618 307 1
1619 698 1
1620 8 1
1621 293 1
1622 62 0
1623 550 1
1624 354 1
1625 40 1
1626 559 1
1627 46 0
1628 438 0
1629 538 0
1630 289 1
1631 250 1
1632 114 1
1633 467 1
1634 616 1
1635 365 1
1636 406 1
1637 141 1
1638 425 1
1639 388 1
1640 31 0
1641 351 1
1642 469 1
1643 113 1
1644 691 1
1645 416 1
1646 686 1
1647 395 1
1648 85 0
1649 673 1
1650 79 0
1651 77 1
1652 296 1
1653 557 0
1654 362 0
1655 404 1
1656 125 1
1657 435 0
1658 605 0
1659 405 1
1660 653 0
1661 481 1
1662 239 1
1663 191 0
1664 491 1
1665 630 0
1666 655 0
1667 660 0
1668 226 1
1669 577 1
1670 215 0
1671 433 1
1672 489 1
1673 539 0
1674 170 1
1675 594 1
1676 670 0
1677 214 1
1678 4 1
1679 138 1
1680 21 1
1681 669 0
1682 77 1
1683 380 1
1684 599 1
1685 496 1
1686 538 1
1687 58 1
1688 2 1
1689 325 0
1690 446 1
1691 447 1
1692 47 1
1693 77 1
1694 518 0
1695 698 0
1696 437 1
1697 516 1
1698 49 1
1699 421 0
1700 605 1
1701 366 1
1702 51 1
1703 375 1
1704 626 0
1705 530 0
1706 525 1
1707 88 1
1708 543 1
1709 76 1
1710 686 1
1711 201 0
1712 194 1
1713 389 0
1714 518 1
1715 496 1
1716 632 1
1717 320 0
1718 40 0
1719 492 0
1720 300 0
1721 643 1
1722 204 0
1723 150 0
1724 501 0
1725 408 1
1726 604 1
1727 362 0
1728 232 1
1729 647 0
1730 466 0
1731 626 1
1732 58 1
1733 137 1
1734 698 1
1735 369 1
1736 404 1
1737 576 1
1738 647 1
1739 655 0
1740 8 1
1741 236 1
1742 577 0
1743 315 0
1744 254 0
1745 312 1
1746 310 0
1747 570 1
1748 241 1
1749 71 0
1750 89 1
1751 689 1
1752 204 1
1753 553 0
1754 347 0
1755 52 1
1756 323 1
1757 572 1
1758 492 0
1759 462 1
1760 54 0
1761 219 0
1762 69 1
1763 184 0
1764 249 1
1765 1 1
1766 147 1
1767 283 0
1768 312 1
1769 107 1
1770 96 0
1771 619 1
1772 52 1
1773 224 1
1774 130 1
1775 43 1
1776 365 1
1777 152 1
1778 503 1
1779 196 1
1780 196 0
1781 694 0
1782 492 1
1783 299 1
1784 17 1
1785 367 1
1786 322 1
1787 137 1
1788 77 1
1789 371 1
1790 500 0
1791 696 1
1792 280 0
1793 600 0
1794 638 1
1795 440 0
1796 446 0
1797 630 1
1798 316 1
1799 646 1
1800 392 1
1801 51 1
1802 52 0
1803 541 1
1804 153 0
1805 490 1
1806 230 1
1807 272 1
1808 87 1
1809 197 0
1810 421 0
1811 160 0
1812 676 1
1813 10 1
1814 624 1
1815 229 0
1816 575 1
1817 483 1
1818 620 1
1819 209 1
1820 688 0
1821 180 1
1822 638 1
1823 332 1
1824 76 0
1825 51 1
1826 71 1
1827 270 1
1828 57 0
1829 491 1
1830 541 0
1831 603 0
1832 453 1
1833 496 1
1834 163 1
1835 52 0
1836 157 1
1837 126 0
1838 136 0
1839 120 1
1840 592 0
1841 162 1
1842 138 1
1843 163 1
1844 165 1
1845 482 0
1846 128 0
1847 27 1
1848 375 0
1849 559 1
1850 528 1
1851 446 1
1852 295 1
1853 232 1
1854 482 1
1855 96 1
1856 128 1
1857 339 1
1858 143 1
1859 67 1
1860 61 1
1861 70 0
1862 538 1
1863 375 0
1864 620 0
1865 356 1
1866 298 1
1867 38 0
1868 674 0
1869 629 1
1870 228 1
1871 131 0
1872 435 1
1873 379 1
1874 577 0
1875 490 1
1876 447 0
1877 432 0
1878 110 1
1879 651 0
1880 493 0
1881 236 1
1882 409 1
1883 289 1
1884 149 1
1885 291 0
1886 395 1
1887 338 1
1888 497 0
1889 313 0
1890 616 1
1891 465 1
1892 268 1
1893 253 1
1894 456 1
1895 14 1
1896 115 1
1897 97 1
1898 676 1
1899 511 1
1900 208 0
1901 655 0
1902 677 1
1903 185 1
1904 311 1
1905 301 1
1906 206 0
1907 42 0
1908 567 1
1909 153 1
1910 103 1
1911 177 0
1912 569 0
1913 194 1
1914 264 1
1915 124 0
1916 260 1
1917 527 0
1918 525 1
1919 164 0
1920 115 0
1921 515 1
1922 684 1
1923 95 0
1924 457 1
1925 327 1
1926 20 1
1927 231 1
1928 382 1
1929 588 1
1930 583 1
1931 570 0
1932 91 0
1933 532 1
1934 166 1
1935 204 1
1936 463 1
1937 54 0
1938 181 1
1939 451 1
1940 2 0
1941 102 0
1942 187 0
1943 65 1
1944 211 1
1945 668 0
1946 117 1
1947 389 1
1948 692 1
1949 429 1
1950 370 0
1951 591 1
1952 257 1
1953 337 0
1954 399 1
1955 680 0
1956 471 1
1957 28 1
1958 20 1
1959 681 1
1960 350 1
1961 629 0
1962 92 1
1963 280 1
1964 143 1
1965 547 0
1966 94 1
1967 403 1
1968 688 1
1969 393 0
1970 281 1
1971 241 1
1972 212 0
1973 163 1
1974 667 0
1975 615 0
1976 246 1
1977 389 1
1978 314 1
1979 27 0
1980 130 1
1981 575 1
1982 466 1
1983 180 1
1984 471 1
1985 142 0
1986 3 0
1987 257 1
1988 256 0
1989 447 1
1990 17 1
1991 145 1
1992 358 1
1993 53 1
1994 107 0
1995 33 0
1996 108 1
1997 217 0
1998 492 1
1999 328 1
2000 575 1
2001 72 1
2002 457 0
2003 245 1
2004 353 0
2005 541 1
2006 658 1
2007 85 0
2008 124 1
2009 592 0
2010 372 1
2011 72 0
2012 138 1
2013 506 1
2014 291 0
2015 650 1
2016 209 1
2017 348 0
2018 655 0
2019 284 0
2020 189 1
2021 679 1
2022 416 0
2023 615 0
2024 355 1
2025 376 1
2026 585 0
2027 111 1
2028 495 0
2029 410 0
2030 356 0
2031 557 1
2032 686 0
2033 135 1
2034 403 1
2035 249 1
2036 150 1
2037 40 1
2038 597 0
2039 11 1
2040 615 1
2041 584 1
2042 593 1
2043 127 0
2044 217 1
2045 474 1
2046 501 1
2047 590 1
2048 141 1
2049 428 0
2050 201 1
2051 588 0
2052 510 1
2053 522 0
2054 36 1
2055 264 1
2056 677 0
2057 55 1
2058 447 1
2059 258 0
2060 172 1
2061 537 0
2062 668 1
2063 461 1
2064 209 1
2065 257 0
2066 319 1
2067 366 0
2068 378 1
2069 141 0
2070 325 1
2071 669 1
2072 157 1
2073 325 0
2074 207 1
2075 569 1
2076 69 1
2077 504 1
2078 590 0
2079 451 1
2080 607 1
2081 662 0
2082 306 1
2083 660 1
2084 668 1
2085 551 1
2086 111 1
2087 200 1
2088 545 1
2089 326 1
2090 562 0
2091 35 0
2092 206 1
2093 120 1
2094 257 1
2095 500 0
2096 32 1
2097 695 1
2098 242 1
2099 475 0
2100 513 1
2101 260 1
2102 300 0
2103 346 1
2104 438 1
2105 654 0
2106 471 1
2107 231 1
2108 681 1
2109 379 1
2110 527 1
2111 7 0
2112 94 0
2113 502 0
2114 414 1
2115 303 1
2116 208 1
2117 456 1
2118 475 1
2119 410 1
2120 378 0
2121 514 1
2122 353 0
2123 280 0
2124 154 1
2125 178 1
2126 138 0
2127 145 1
2128 644 1
2129 173 0
2130 528 1
2131 37 1
2132 491 0
2133 149 1
2134 200 1
2135 632 1
2136 223 1
2137 29 1
2138 97 0
2139 516 1
2140 420 1
2141 536 0
2142 483 1
2143 395 0
2144 232 1
2145 237 0
2146 648 0
2147 402 1
2148 373 1
2149 309 0
2150 563 0
2151 604 1
2152 293 1
2153 419 0
2154 546 1
2155 245 1
2156 533 1
2157 277 0
2158 215 1
2159 348 1
2160 692 1
2161 112 0
2162 465 1
2163 531 1
2164 670 1
2165 315 1
2166 686 1
2167 223 1
2168 457 1
2169 121 0
2170 482 1
2171 22 1
2172 52 1
2173 389 1
2174 271 1
2175 318 0
2176 227 1
2177 355 1
2178 549 0
2179 434 1
2180 83 1
2181 504 0
2182 574 0
2183 349 0
2184 123 1
2185 239 1
2186 593 0
2187 525 1
2188 13 1
2189 364 1
2190 556 1
2191 152 0
2192 17 0
2193 380 1
2194 450 1
2195 386 1
2196 468 1
2197 603 0
2198 371 1
2199 278 1
2200 478 1
2201 155 1
2202 79 1
2203 468 0
2204 499 0
2205 682 1
2206 419 1
2207 591 0
2208 94 1
2209 607 1
2210 689 1
2211 530 1
2212 637 1
2213 404 1
2214 289 1
2215 558 1
2216 500 0
2217 591 0
2218 146 0
2219 276 1
2220 96 1
2221 453 1
2222 545 1
2223 556 1
2224 67 0
2225 88 1
2226 209 0
2227 119 1
2228 656 1
2229 58 1
2230 506 1
2231 618 1
2232 82 1
2233 641 1
2234 473 0
2235 326 0
2236 628 1
2237 537 0
2238 576 1
2239 565 1
2240 309 0
2241 305 1
2242 24 1
2243 269 1
2244 247 0
2245 531 1
2246 396 0
2247 663 1
2248 410 1
2249 158 0
2250 275 1
2251 358 1
2252 565 0
2253 129 1
2254 193 1
2255 537 1
2256 99 1
2257 624 1
2258 18 1
2259 409 1
2260 125 1
2261 623 1
2262 141 1
2263 451 0
2264 96 0
2265 491 1
2266 394 1
2267 178 0
2268 497 1
2269 153 1
2270 453 1
2271 96 0
2272 589 0
2273 433 0
2274 518 1
2275 477 1
2276 686 1
2277 616 1
2278 592 1
2279 282 1
2280 428 0
2281 115 0
2282 375 0
2283 534 1
2284 205 0
2285 314 0
2286 434 0
2287 115 1
2288 35 1
2289 382 0
2290 294 1
2291 496 0
2292 13 1
2293 11 1
2294 231 0
2295 349 1
2296 520 1
2297 234 1
2298 361 0
2299 520 0
2300 512 1
2301 677 1
2302 149 1
2303 21 1
2304 245 0
2305 37 1
2306 16 1
2307 424 1
2308 549 0
2309 390 1
2310 181 0
2311 191 0
2312 107 0
2313 501 1
2314 647 1
2315 487 1
2316 59 1
2317 310 1
2318 160 0
2319 544 1
2320 187 1
2321 549 0
2322 18 1
2323 688 1
2324 312 1
2325 99 1
2326 569 1
2327 251 1
2328 169 0
2329 597 0
2330 677 1
2331 179 1
2332 300 0
2333 549 1
2334 273 1
2335 318 1
2336 427 1
2337 420 1
2338 196 1
2339 465 1
2340 239 1
2341 606 0
2342 308 1
2343 389 1
2344 514 1
2345 197 1
2346 274 1
2347 681 1
2348 318 1
2349 486 1
2350 376 0
2351 655 1
2352 27 0
2353 2 1
2354 236 1
2355 336 1
2356 636 1
2357 187 1
2358 4 1
2359 173 1
2360 466 1
2361 463 1
2362 351 0
2363 66 1
2364 578 0
2365 164 0
2366 261 1
2367 511 1
2368 99 1
2369 116 1
2370 432 1
2371 414 1
2372 299 1
2373 65 1
2374 630 1
2375 426 1
2376 365 1
2377 437 0
2378 237 0
2379 289 1
2380 508 0
2381 523 1
2382 177 0
2383 115 1
2384 451 1
2385 215 1
2386 288 0
2387 156 1
2388 682 0
2389 494 0
2390 65 1
2391 309 0
2392 562 1
2393 51 0
2394 1 0
2395 368 1
2396 246 1
2397 336 1
2398 129 1
2399 303 1
2400 286 1
2401 215 1
2402 599 0
2403 65 1
2404 46 1
2405 494 1
2406 81 1
2407 145 1
2408 453 1
2409 195 0
2410 689 1
2411 568 1
2412 358 1
2413 110 1
2414 259 1
2415 367 1
2416 383 1
2417 572 1
2418 407 1
2419 315 1
2420 650 1
2421 16 0
2422 364 0
2423 278 0
2424 510 1
2425 24 1
2426 489 1
2427 34 0
2428 401 0
2429 635 1
2430 161 1
2431 658 1
2432 490 1
2433 430 1
2434 621 0
2435 650 0
2436 459 0
2437 206 0
2438 431 1
2439 545 1
2440 410 1
2441 40 1
2442 65 0
2443 500 0
2444 674 1
2445 427 1
2446 342 1
2447 283 1
2448 368 0
2449 329 0
2450 363 1
2451 464 1
2452 549 0
2453 549 1
2454 607 1
2455 522 1
2456 415 1
2457 517 0
2458 393 1
2459 247 1
2460 205 1
2461 655 0
2462 664 1
2463 132 1
2464 556 1
2465 378 1
2466 345 1
2467 645 0
2468 265 0
2469 627 1
2470 189 0
2471 489 1
2472 617 1
2473 386 1
2474 228 1
2475 130 0
2476 364 1
2477 585 0
2478 477 1
2479 264 0
2480 630 1
2481 309 1
2482 237 1
2483 622 1
2484 201 1
2485 126 1
2486 451 1
2487 448 0
2488 526 1
2489 283 1
2490 371 0
2491 92 1
2492 651 0
2493 667 0
2494 146 1
2495 366 0
2496 326 0
2497 504 0
2498 381 1
2499 517 1
2500 428 0
2501 578 1
2502 11 1
2503 304 1
2504 612 1
2505 196 1
2506 452 1
2507 75 1
2508 570 1
2509 284 0
2510 274 0
2511 246 0
2512 229 0
2513 616 0
2514 629 0
2515 98 1
2516 529 1
2517 688 1
2518 454 1
2519 530 1
2520 331 1
2521 405 0
2522 619 0
2523 640 1
2524 523 1
2525 659 1
2526 631 1
2527 302 1
2528 559 0
2529 375 1
2530 257 1
2531 145 1
2532 601 1
2533 231 1
2534 30 1
2535 173 0
2536 391 1
2537 598 1
2538 359 1
2539 405 1
2540 366 0
2541 584 1
2542 173 1
2543 610 0
2544 9 0
2545 673 1
2546 211 1
2547 657 1
2548 8 0
2549 468 0
2550 401 0
2551 553 0
2552 124 1
2553 159 1
2554 593 1
2555 118 1
2556 532 1
2557 9 0
2558 341 0
2559 342 1
2560 356 1
2561 221 1
2562 37 1
2563 132 1
2564 518 0
2565 85 0
2566 145 1
2567 67 0
2568 541 1
2569 206 0
2570 243 1
2571 145 1
2572 479 0
2573 385 1
2574 377 1
2575 74 0
2576 494 0
2577 53 1
2578 77 1
2579 30 1
2580 389 0
2581 570 0
2582 205 1
2583 409 1
2584 317 0
2585 84 1
2586 391 0
2587 240 1
2588 140 1
2589 46 1
2590 105 1
2591 155 0
2592 568 1
2593 584 0
2594 698 0
2595 145 1
2596 181 1
2597 527 0
2598 106 1
2599 188 1
2600 303 1
2601 587 1
2602 257 0
2603 469 0
2604 54 1
2605 367 1
2606 88 1
2607 211 1
2608 183 0
2609 207 1
2610 313 0
2611 22 1
2612 520 1
2613 484 0
2614 237 0
2615 653 1
2616 396 1
2617 138 1
2618 121 1
2619 351 0
2620 27 1
2621 638 0
2622 693 1
2623 528 1
2624 549 1
2625 510 0
2626 692 1
2627 109 1
2628 685 1
2629 43 0
2630 18 1
2631 366 0
2632 141 1
2633 521 1
2634 168 1
2635 41 1
2636 495 0
2637 615 1
2638 282 1
2639 268 1
2640 631 1
2641 598 0
2642 367 1
2643 39 0
2644 206 1
2645 27 0
2646 231 0
2647 91 1
2648 503 1
2649 87 0
2650 389 0
2651 471 0
2652 260 1
2653 276 1
2654 281 1
2655 278 1
2656 379 1
2657 439 0
2658 336 0
2659 552 1
2660 561 1
2661 219 0
2662 577 1
2663 69 1
2664 527 1
2665 656 1
2666 588 1
2667 4 1
2668 265 0
2669 143 1
2670 580 1
2671 211 1
2672 50 1
2673 459 1
2674 429 1
2675 533 1
2676 494 1
2677 139 0
2678 118 1
2679 356 1
2680 668 0
2681 465 1
2682 343 0
2683 158 1
2684 201 0
2685 59 1
2686 327 1
2687 646 1
2688 524 1
2689 519 1
2690 168 1
2691 149 1
2692 160 1
2693 486 1
2694 101 1
2695 376 1
2696 211 0
2697 230 0
2698 63 0
2699 67 1
2700 294 1
2701 651 1
2702 0 0
2703 602 1
2704 302 1
2705 231 1
2706 378 1
2707 36 1
2708 120 1
2709 117 1
2710 270 0
2711 443 1
2712 240 1
2713 640 0
2714 666 1
2715 20 0
2716 438 1
2717 485 0
2718 20 1
2719 416 1
2720 412 1
2721 396 1
2722 327 0
2723 81 1
2724 560 1
2725 273 1
2726 296 0
2727 215 0
2728 293 1
2729 292 0
2730 468 1
2731 123 1
2732 588 1
2733 249 1
2734 599 1
2735 535 1
2736 612 1
2737 554 1
2738 268 1
2739 443 0
2740 438 0
2741 410 0
2742 336 0
2743 23 1
2744 234 0
2745 493 1
2746 79 0
2747 360 1
2748 677 1
2749 28 0
2750 27 1
2751 340 1
2752 398 1
2753 331 1
2754 434 1
2755 95 0
2756 242 1
2757 359 1
2758 584 0
2759 112 1
2760 149 0
2761 272 0
2762 673 1
2763 500 0
2764 146 0
2765 131 1
2766 695 0
2767 266 1
2768 422 1
2769 360 1
2770 124 0
2771 481 1
2772 566 1
2773 549 1
2774 126 1
2775 172 0
2776 170 1
2777 260 1
2778 528 1
2779 550 0
2780 40 0
2781 453 1
2782 604 0
2783 580 0
2784 68 1
2785 636 1
2786 453 1
2787 163 1
2788 314 1
2789 373 0
2790 429 1
2791 320 1
2792 441 0
2793 498 1
2794 92 1
2795 548 1
2796 329 1
2797 471 1
2798 472 1
2799 165 1
2800 196 1
2801 185 1
2802 274 1
2803 572 1
2804 664 1
2805 481 1
2806 242 1
2807 596 1
2808 285 1
2809 557 1
2810 43 1
2811 661 1
2812 159 1
2813 363 1
2814 387 1
2815 624 1
2816 233 0
2817 137 0
2818 610 1
2819 396 0
2820 407 0
2821 572 1
2822 34 0
2823 237 1
2824 164 1
2825 148 0
2826 652 0
2827 32 1
2828 145 0
2829 194 1
2830 375 1
2831 20 0
2832 229 1
2833 568 0
2834 320 1
2835 318 1
2836 45 0
2837 129 0
2838 112 0
2839 550 1
2840 461 1
2841 483 1
2842 259 1
2843 676 1
2844 515 1
2845 540 1
2846 442 1
2847 403 1
2848 19 0
2849 566 1
2850 687 1
2851 518 0
2852 528 0
2853 263 1
2854 467 1
2855 368 0
2856 263 1
2857 246 1
2858 271 1
2859 378 1
2860 697 1
2861 582 0
2862 232 1
2863 14 1
2864 9 1
2865 42 1
2866 218 1
2867 181 0
2868 112 0
2869 290 1
2870 10 1
2871 412 1
2872 413 1
2873 248 0
2874 484 1
2875 376 0
2876 449 1
2877 373 1
2878 147 1
2879 384 1
2880 573 0
2881 153 1
2882 591 0
2883 441 1
2884 382 0
2885 35 0
2886 141 1
2887 270 1
2888 557 1
2889 691 1
2890 48 1
2891 275 1
2892 229 1
2893 479 0
2894 93 1
2895 685 1
2896 194 1
2897 57 1
2898 76 0
2899 89 1
2900 133 1
2901 303 1
2902 23 1
2903 432 1
2904 543 0
2905 525 1
2906 243 0
2907 694 1
2908 506 1
2909 454 1
2910 241 1
2911 565 1
2912 30 1
2913 521 0
2914 24 1
2915 169 0
2916 338 1
2917 35 1
2918 498 1
2919 545 1
2920 343 1
2921 690 1
2922 228 1
2923 664 1
2924 609 0
2925 85 1
2926 157 0
2927 587 0
2928 176 1
2929 598 1
2930 623 1
2931 661 0
2932 692 1
2933 75 0
2934 615 1
2935 589 0
2936 47 1
2937 298 1
2938 15 1
2939 461 1
2940 132 1
2941 227 1
2942 648 1
2943 81 1
2944 127 1
2945 80 0
2946 350 0
2947 463 0
2948 341 1
2949 590 1
2950 215 1
2951 668 1
2952 510 1
2953 690 1
2954 680 1
2955 601 1
2956 298 0
2957 553 1
2958 547 1
2959 127 0
2960 217 1
2961 176 0
2962 401 0
2963 515 0
2964 82 0
2965 603 1
2966 336 1
2967 12 0
2968 441 1
2969 275 0
2970 605 1
2971 137 1
2972 609 0
2973 54 1
2974 77 1
2975 583 0
2976 540 1
2977 467 0
2978 152 1
2979 40 1
2980 291 1
2981 136 1
2982 667 1
2983 225 1
2984 454 1
2985 434 1
2986 280 1
2987 15 1
2988 14 0
2989 99 0
2990 554 1
2991 691 1
2992 42 1
2993 240 1
2994 344 1
2995 185 1
2996 375 1
2997 14 1
2998 73 1
2999 355 1
3000 343 1
3001 338 0
3002 660 1
3003 265 1
3004 26 0
3005 371 1
3006 347 1
3007 275 1
3008 272 1
3009 340 1
3010 247 0
3011 3 1
3012 298 1
3013 417 0
3014 560 1
3015 502 0
3016 313 1
3017 278 0
3018 646 1
3019 552 1
3020 360 1
3021 553 0
3022 37 0
3023 1 1
3024 247 1
3025 529 1
3026 166 1
3027 20 1
3028 153 1
3029 439 1
3030 113 0
3031 520 1
3032 381 1
3033 304 1
3034 247 1
3035 452 0
3036 532 1
3037 67 1
3038 189 1
3039 331 0
3040 409 1
3041 534 0
3042 297 0
3043 643 1
3044 444 1
3045 68 1
3046 623 1
3047 436 1
3048 291 1
3049 236 0
3050 196 1
3051 598 0
3052 597 0
3053 50 1
3054 33 1
3055 126 1
3056 693 1
3057 621 1
3058 666 1
3059 193 1
3060 398 1
3061 420 1
3062 301 1
3063 229 1
3064 348 1
3065 431 1
3066 57 1
3067 177 1
3068 446 0
3069 344 0
3070 60 1
3071 525 1
3072 430 0
3073 344 1
3074 614 1
3075 411 1
3076 250 1
3077 85 0
3078 439 0
3079 596 1
3080 232 1
3081 236 1
3082 261 1
3083 548 1
3084 92 0
3085 91 0
3086 115 0
3087 205 1
3088 667 1
3089 547 0
3090 690 0
3091 346 1
3092 542 1
3093 396 1
3094 351 1
3095 673 1
3096 224 0
3097 477 0
3098 74 1
3099 646 1
3100 671 0
3101 318 0
3102 258 0
3103 236 1
3104 677 0
3105 260 0
3106 494 1
3107 512 0
3108 642 1
3109 69 0
3110 652 1
3111 481 0
3112 403 1
3113 267 1
3114 36 1
3115 95 1
3116 554 0
3117 246 1
3118 389 0
3119 339 1
3120 18 1
3121 485 0
3122 109 1
3123 300 1
3124 657 0
3125 649 1
3126 564 0
3127 391 1
3128 141 1
3129 349 0
3130 475 0
3131 337 1
3132 310 1
3133 442 0
3134 669 1
3135 517 1
3136 284 1
3137 651 1
3138 204 1
3139 50 1
3140 73 1
3141 375 0
3142 34 1
3143 356 0
3144 328 0
3145 504 0
3146 602 0
3147 585 0
3148 176 0
3149 211 1
3150 13 1
3151 285 0
3152 86 1
3153 295 1
3154 640 1
3155 56 1
3156 497 0
3157 102 1
3158 102 1
3159 158 1
3160 616 1
3161 138 1
3162 104 1
3163 30 0
3164 502 1
3165 182 1
3166 25 1
3167 265 1
3168 157 1
3169 6 1
3170 206 1
3171 415 0
3172 646 0
3173 138 1
3174 276 0
3175 82 1
3176 410 1
3177 315 0
3178 243 1
3179 551 1
3180 343 0
3181 561 0
3182 501 1
3183 85 1
3184 139 0
3185 512 0
3186 154 1
3187 652 0
3188 44 0
3189 300 1
3190 690 1
3191 270 1
3192 55 1
3193 367 1
3194 383 1
3195 496 0
3196 251 0
3197 0 1
3198 88 0
3199 467 0
3200 176 1
3201 176 1
3202 658 1
3203 34 0
3204 522 0
3205 628 1
3206 321 1
3207 213 0
3208 235 1
3209 278 1
3210 98 0
3211 250 0
3212 37 1
3213 6 1
3214 487 1
3215 657 1
3216 205 0
3217 598 0
3218 414 1
3219 319 1
3220 419 1
3221 49 1
3222 49 0
3223 20 1
3224 294 1
3225 355 1
3226 525 1
3227 345 0
3228 307 1
3229 292 1
3230 430 1
3231 362 1
3232 534 0
3233 403 1
3234 344 1
3235 637 0
3236 573 0
3237 407 0
3238 552 1
3239 359 1
3240 26 0
3241 142 0
3242 224 1
3243 566 1
3244 443 1
3245 230 0
3246 559 0
3247 413 1
3248 304 1
3249 94 0
3250 291 1
3251 316 0
3252 169 1
3253 391 0
3254 603 0
3255 319 0
3256 216 0
3257 84 1
3258 400 1
3259 424 1
3260 260 1
3261 621 1
3262 698 0
3263 665 1
3264 451 1
3265 402 0
3266 242 0
3267 510 0
3268 194 1
3269 36 1
3270 403 0
3271 178 1
3272 420 1
3273 512 1
3274 365 1
3275 568 1
3276 342 1
3277 197 1
3278 276 1
3279 94 0
3280 373 0
3281 525 1
3282 667 0
3283 630 1
3284 141 0
3285 410 0
3286 625 1
3287 617 0
3288 303 1
3289 69 1
3290 666 0
3291 197 0
3292 32 1
3293 101 1
3294 160 1
3295 640 0
3296 144 1
3297 600 1
3298 405 0
3299 425 1
3300 100 1
3301 544 0
3302 176 0
3303 674 1
3304 190 1
3305 203 0
3306 286 1
3307 69 1
3308 399 1
3309 78 0
3310 365 1
3311 545 0
3312 88 1
3313 622 1
3314 580 1
3315 492 1
3316 87 1
3317 310 1
3318 249 1
3319 347 1
3320 481 1
3321 352 0
3322 556 0
3323 537 1
3324 591 1
3325 115 1
3326 238 1
3327 67 1
3328 559 1
3329 423 0
3330 92 1
3331 572 1
3332 156 0
3333 596 1
3334 620 1
3335 602 1
3336 398 1
3337 620 1
3338 676 1
3339 662 1
3340 372 1
3341 276 0
3342 190 0
3343 540 1
3344 88 0
3345 93 1
3346 84 0
3347 361 1
3348 300 1
3349 402 1
3350 104 1
3351 225 1
3352 559 1
3353 209 0
3354 602 1
3355 554 0
3356 401 1
3357 641 1
3358 78 0
3359 245 1
3360 350 0
3361 348 1
3362 455 1
3363 278 0
3364 570 0
3365 580 1
3366 437 1
3367 629 0
3368 403 1
3369 435 0
3370 462 1
3371 185 1
3372 25 1
3373 359 0
3374 60 0
3375 422 1
3376 242 1
3377 296 0
3378 383 1
3379 205 0
3380 8 1
3381 228 1
3382 496 1
3383 194 1
3384 448 0
3385 657 1
3386 371 1
3387 678 1
3388 573 1
3389 652 1
3390 393 1
3391 496 1
3392 597 0
3393 237 1
3394 271 1
3395 534 1
3396 132 1
3397 177 0
3398 523 1
3399 280 1
3400 604 1
3401 87 1
3402 684 1
3403 124 0
3404 7 1
3405 642 0
3406 603 1
3407 640 1
3408 135 1
3409 80 0
3410 71 1
3411 138 0
3412 280 1
3413 436 1
3414 290 1
3415 680 0
3416 558 0
3417 622 0
3418 588 1
3419 3 0
3420 275 1
3421 600 0
3422 688 0
3423 130 1
3424 169 0
3425 681 1
3426 429 1
3427 200 0
3428 586 0
3429 266 0
3430 257 1
3431 523 1
3432 617 0
3433 261 1
3434 96 1
3435 553 1
3436 362 1
3437 2 1
3438 597 1
3439 625 1
3440 648 0
3441 62 1
3442 178 1
3443 539 1
3444 352 0
3445 545 1
3446 655 0
3447 177 1
3448 417 0
3449 682 1
3450 155 1
3451 338 1
3452 592 1
3453 319 1
3454 77 1
3455 159 1
3456 302 0
3457 555 1
3458 636 1
3459 149 1
3460 104 1
3461 502 1
3462 514 0
3463 236 0
3464 21 1
3465 197 1
3466 357 1
3467 297 1
3468 480 1
3469 494 0
3470 464 1
3471 35 1
3472 326 0
3473 151 1
3474 436 1
3475 307 1
3476 446 1
3477 52 1
3478 544 1
3479 96 1
3480 110 0
3481 346 1
3482 433 1
3483 320 0
3484 164 1
3485 222 1
3486 219 1
3487 148 1
3488 451 1
3489 564 1
3490 204 0
3491 28 0
3492 585 0
3493 515 0
3494 672 1
3495 448 0
3496 660 0
3497 1 1
3498 342 1
3499 210 1
3500 39 1
3501 436 1
3502 294 1
3503 560 0
3504 639 0
3505 386 1
3506 48 0
3507 398 1
3508 99 1
3509 516 0
3510 428 0
3511 306 1
3512 510 1
3513 234 1
3514 233 1
3515 112 1
3516 481 1
3517 135 0
3518 188 0
3519 274 1
3520 571 0
3521 423 1
3522 526 1
3523 6 1
3524 486 1
3525 149 1
3526 238 1
3527 206 1
3528 214 0
3529 505 1
3530 489 1
3531 172 0
3532 221 1
3533 346 1
3534 454 1
3535 689 1
3536 32 1
3537 397 1
3538 137 1
3539 484 1
3540 529 0
3541 593 1
3542 540 0
3543 420 0
3544 692 0
3545 502 0
3546 447 1
3547 203 0
3548 433 1
3549 530 0
3550 74 1
3551 117 1
3552 535 0
3553 666 1
3554 522 1
3555 199 1
3556 688 1
3557 571 0
3558 191 1
3559 35 1
3560 668 1
3561 268 1
3562 664 1
3563 536 1
3564 626 1
3565 341 1
3566 337 0
3567 107 1
3568 425 0
3569 144 0
3570 128 1
3571 50 1
3572 435 0
3573 96 1
3574 212 0
3575 414 0
3576 122 0
3577 48 0
3578 58 1
3579 240 1
3580 402 1
3581 685 1
3582 492 0
3583 211 1
3584 470 0
3585 616 1
3586 302 1
3587 166 1
3588 40 0
3589 268 1
3590 546 1
3591 586 0
3592 268 0
3593 359 0
3594 123 1
3595 463 0
3596 633 1
3597 565 1
3598 693 1
3599 95 0
3600 584 1
3601 513 0
3602 131 1
3603 528 1
3604 545 0
3605 576 0
3606 230 1
3607 664 1
3608 153 1
3609 429 1
3610 527 1
3611 253 0
3612 93 1
3613 490 0
3614 347 0
3615 1 1
3616 50 1
3617 21 1
3618 645 1
3619 656 1
3620 645 1
3621 487 1
3622 51 1
3623 430 1
3624 379 0
3625 632 1
3626 504 1
3627 270 0
3628 304 0
3629 136 0
3630 99 0
3631 486 1
3632 256 1
3633 86 1
3634 509 1
3635 297 0
3636 179 1
3637 386 0
3638 687 1
3639 39 0
3640 428 1
3641 176 1
3642 158 1
3643 434 1
3644 660 1
3645 170 0
3646 465 0
3647 664 1
3648 616 0
3649 527 0
3650 396 1
3651 485 1
3652 512 0
3653 411 0
3654 440 1
3655 470 1
3656 574 1
3657 4 1
3658 546 0
3659 251 1
3660 66 1
3661 169 1
3662 529 1
3663 4 0
3664 335 1
3665 324 1
3666 108 0
3667 211 0
3668 432 1
3669 573 0
3670 677 0
3671 492 1
3672 442 0
3673 188 1
3674 540 1
3675 94 1
3676 312 1
3677 589 1
3678 548 0
3679 39 1
3680 577 1
3681 519 1
3682 76 1
3683 59 0
3684 257 1
3685 681 0
3686 427 1
3687 389 1
3688 575 1
3689 610 1
3690 468 1
3691 473 0
3692 572 0
3693 526 1
3694 407 1
3695 208 0
3696 533 1
3697 423 0
3698 514 0
3699 570 1
3700 566 0
3701 609 0
3702 630 1
3703 67 1
3704 328 1
3705 372 1
3706 287 1
3707 481 0
3708 659 0
3709 184 1
3710 476 1
3711 651 1
3712 24 1
3713 371 1
3714 156 1
3715 61 1
3716 549 0
3717 72 1
3718 421 1
3719 436 1
3720 421 0
3721 297 0
3722 405 0
3723 168 0
3724 689 1
3725 31 1
3726 197 1
3727 227 1
3728 509 1
3729 364 0
3730 596 0
3731 292 1
3732 0 1
3733 225 1
3734 107 1
3735 622 0
3736 374 1
3737 537 0
3738 602 0
3739 596 0
3740 662 1
3741 358 1
3742 61 0
3743 685 0
3744 88 1
3745 140 1
3746 380 1
3747 429 1
3748 400 1
3749 254 0
3750 372 1
3751 336 0
3752 548 0
3753 277 0
3754 331 1
3755 495 0
3756 100 1
3757 605 1
3758 342 1
3759 336 0
3760 544 1
3761 18 1
3762 360 0
3763 57 1
3764 6 0
3765 568 1
3766 639 1
3767 576 1
3768 530 1
3769 391 0
3770 327 1
3771 59 1
3772 643 1
3773 346 0
3774 159 1
3775 320 1
3776 611 0
3777 380 1
3778 238 1
3779 484 1
3780 200 1
3781 227 1
3782 160 1
3783 231 0
3784 410 1
3785 457 0
3786 412 0
3787 69 1
3788 85 1
3789 93 1
3790 550 1
3791 399 1
3792 203 1
3793 32 0
3794 120 1
3795 291 1
3796 472 1
3797 216 1
3798 74 1
3799 76 1
3800 522 1
3801 126 1
3802 501 1
3803 42 0
3804 63 1
3805 282 1
3806 0 1
3807 374 0
3808 517 1
3809 249 1
3810 527 1
3811 562 1
3812 359 1
3813 384 0
3814 678 1
3815 522 1
3816 445 1
3817 186 1
3818 295 1
3819 285 1
3820 667 1
3821 423 0
3822 306 0
3823 475 0
3824 108 0
3825 213 0
3826 565 0
3827 538 0
3828 306 1
3829 413 0
3830 135 1
3831 236 1
3832 335 1
3833 280 1
3834 255 1
3835 441 0
3836 37 0
3837 494 0
3838 262 1
3839 619 1
3840 446 1
3841 609 0
3842 360 1
3843 139 1
3844 123 1
3845 403 1
3846 240 1
3847 139 1
3848 667 1
3849 506 1
3850 437 0
3851 597 1
3852 565 1
3853 422 1
3854 113 0
3855 102 1
3856 625 0
3857 474 0
3858 611 1
3859 557 1
3860 618 0
3861 293 1
3862 504 1
3863 185 1
3864 456 1
3865 146 0
3866 544 0
3867 271 0
3868 39 1
3869 688 0
3870 638 0
3871 164 0
3872 254 0
3873 454 0
3874 4 0
3875 200 1
3876 175 0
3877 384 1
3878 529 1
3879 451 0
3880 166 1
3881 630 1
3882 93 0
3883 571 1
3884 499 0
3885 437 0
3886 102 1
3887 606 0
3888 145 1
3889 673 1
3890 275 1
3891 528 1
3892 270 1
3893 582 1
3894 386 0
3895 537 1
3896 535 0
3897 166 1
3898 122 0
3899 365 0
3900 201 0
3901 663 1
3902 308 1
3903 263 1
3904 381 1
3905 359 1
3906 14 0
3907 163 1
3908 3 1
3909 536 0
3910 683 1
3911 546 1
3912 294 1
3913 51 0
3914 354 1
3915 93 1
3916 123 1
3917 462 0
3918 78 1
3919 641 0
3920 566 1
3921 20 1
3922 639 1
3923 316 0
3924 381 0
3925 484 1
3926 679 1
3927 487 1
3928 496 1
3929 445 1
3930 559 0
3931 158 1
3932 595 1
3933 566 0
3934 250 1
3935 586 1
3936 259 1
3937 300 0
3938 394 1
3939 444 1
3940 373 0
3941 43 1
3942 164 1
3943 229 1
3944 522 0
3945 262 1
3946 513 1
3947 516 1
3948 645 1
3949 534 1
3950 493 1
3951 615 1
3952 631 0
3953 554 0
3954 283 1
3955 4 1
3956 131 1
3957 461 0
3958 30 1
3959 559 1
3960 117 0
3961 538 0
3962 146 1
3963 491 1
3964 340 1
3965 590 1
3966 350 0
3967 337 1
3968 172 1
3969 210 0
3970 641 1
3971 17 1
3972 565 0
3973 672 1
3974 73 1
3975 600 1
3976 106 0
3977 273 1
3978 396 1
3979 496 0
3980 694 0
3981 169 1
3982 344 1
3983 229 1
3984 149 1
3985 28 1
3986 105 1
3987 468 0
3988 128 1
3989 18 1
3990 424 0
3991 392 0
3992 661 1
3993 83 0
3994 334 1
3995 394 0
3996 417 1
3997 672 0
3998 674 0
3999 334 1
4000 92 1
4001 671 1
4002 560 1
4003 472 1
4004 483 1
4005 189 1
4006 13 0
4007 38 0
4008 304 0
4009 637 1
4010 304 1
4011 267 1
4012 651 0
4013 539 1
4014 45 1
4015 354 0
4016 536 1
4017 91 1
4018 216 1
4019 536 1
4020 657 1
4021 207 0
4022 211 0
4023 250 1
4024 671 1
4025 606 1
4026 122 1
4027 54 0
4028 16 0
4029 152 1
4030 67 0
4031 503 1
4032 131 1
4033 451 1
4034 609 1
4035 498 1
4036 616 1
4037 689 0
4038 556 1
4039 247 1
4040 182 1
4041 407 0
4042 478 1
4043 683 1
4044 355 1
4045 8 1
4046 93 1
4047 629 1
4048 405 1
4049 175 1
4050 271 1
4051 333 1
4052 131 0
4053 619 1
4054 318 1
4055 667 0
4056 472 1
4057 409 1
4058 288 1
4059 198 1
4060 679 0
4061 669 0
4062 18 0
4063 52 1
4064 430 1
4065 342 0
4066 201 0
4067 340 0
4068 53 1
4069 472 1
4070 579 1
4071 476 1
4072 265 1
4073 54 0
4074 30 0
4075 100 1
4076 459 0
4077 538 0
4078 667 1
4079 656 1
4080 118 1
4081 550 1
4082 577 1
4083 255 0
4084 603 0
4085 606 0
4086 70 1
4087 133 1
4088 20 1
4089 493 0
4090 592 0
4091 363 0
4092 267 1
4093 432 0
4094 244 1
4095 236 1
4096 139 1
4097 285 0
4098 430 0
4099 252 1
4100 172 1
4101 115 1
4102 145 1
4103 182 1
4104 40 1
4105 519 0
4106 174 1
4107 436 1
4108 688 1
4109 128 0
4110 10 0
4111 46 1
4112 604 1
4113 470 1
4114 475 1
4115 119 0
4116 485 1
4117 494 1
4118 86 0
4119 399 1
4120 104 0
4121 212 0
4122 4 1
4123 172 0
4124 269 1
4125 376 1
4126 117 1
4127 33 1
4128 205 0
4129 507 1
4130 130 1
4131 80 1
4132 312 0
4133 149 1
4134 551 1
4135 678 0
4136 218 0
4137 538 1
4138 442 1
4139 367 0
4140 614 0
4141 595 0
4142 466 0
4143 357 0
4144 36 0
4145 104 0
4146 243 1
4147 385 0
4148 211 1
4149 407 1
4150 686 0
4151 322 1
4152 179 1
4153 30 1
4154 474 1
4155 237 1
4156 593 1
4157 24 1
4158 365 1
4159 86 1
4160 699 1
4161 171 0
4162 528 1
4163 98 0
4164 146 0
4165 254 1
4166 494 1
4167 92 0
4168 340 1
4169 47 0
4170 124 1
4171 106 1
4172 21 0
4173 680 0
4174 665 1
4175 392 0
4176 410 1
4177 206 0
4178 176 1
4179 429 1
4180 566 1
4181 59 0
4182 315 1
4183 486 0
4184 427 1
4185 373 1
4186 422 1
4187 21 1
4188 63 1
4189 434 0
4190 372 0
4191 692 1
4192 295 1
4193 624 1
4194 259 1
4195 398 1
4196 641 0
4197 487 1
4198 214 1
4199 364 1
4200 411 1
4201 644 0
4202 518 0
4203 28 1
4204 271 0
4205 61 1
4206 194 1
4207 178 0
4208 7 1
4209 564 0
4210 60 1
4211 545 1
4212 477 0
4213 411 1
4214 209 1
4215 84 0
4216 265 0
4217 205 0
4218 146 1
4219 268 1
4220 301 1
4221 512 1
4222 686 1
4223 436 0
4224 397 1
4225 413 1
4226 167 1
4227 459 1
4228 42 1
4229 635 1
4230 398 1
4231 476 0
4232 200 0
4233 351 0
4234 519 1
4235 215 1
4236 401 1
4237 67 0
4238 322 1
4239 533 1
4240 408 0
4241 476 1
4242 504 1
4243 672 1
4244 10 1
4245 554 0
4246 231 1
4247 676 1
4248 463 1
4249 229 1
4250 398 1
4251 7 1
4252 75 0
4253 487 0
4254 182 1
4255 568 1
4256 567 1
4257 618 1
4258 185 1
4259 674 1
4260 649 1
4261 360 1
4262 310 1
4263 215 1
4264 115 0
4265 660 1
4266 492 1
4267 65 0
4268 347 0
4269 417 1
4270 324 1
4271 24 1
4272 235 1
4273 319 1
4274 684 1
4275 219 1
4276 273 0
4277 418 1
4278 367 1
4279 108 1
4280 530 1
4281 600 0
4282 341 1
4283 494 1
4284 669 0
4285 273 1
4286 102 1
4287 89 1
4288 391 1
4289 209 1
4290 1 1
4291 461 1
4292 460 1
4293 309 0
4294 264 1
4295 214 1
4296 90 0
4297 569 1
4298 383 1
4299 175 1
4300 27 1
4301 97 1
4302 198 1
4303 618 0
4304 594 1
4305 265 1
4306 160 0
4307 473 0
4308 357 1
4309 351 0
4310 104 1
4311 168 1
4312 283 0
4313 230 0
4314 553 1
4315 470 1
4316 306 0
4317 314 1
4318 206 1
4319 395 1
4320 664 0
4321 300 0
4322 291 0
4323 196 0
4324 308 0
4325 174 1
4326 565 1
4327 59 1
4328 532 0
4329 267 1
4330 298 1
4331 570 0
4332 57 1
4333 410 0
4334 568 1
4335 517 1
4336 369 1
4337 108 0
4338 343 0
4339 213 1
4340 456 1
4341 516 1
4342 30 1
4343 621 0
4344 620 0
4345 552 0
4346 378 0
4347 124 1
4348 58 1
4349 699 1
4350 243 1
4351 611 1
4352 86 0
4353 177 0
4354 628 1
4355 533 1
4356 77 1
4357 157 1
4358 681 1
4359 275 0
4360 571 1
4361 121 0
4362 550 1
4363 685 1
4364 383 0
4365 687 0
4366 105 1
4367 690 0
4368 375 0
4369 620 1
4370 9 1
4371 292 1
4372 408 1
4373 499 1
4374 132 1
4375 291 0
4376 353 0
4377 405 1
4378 261 1
4379 416 1
4380 131 1
4381 22 1
4382 606 1
4383 427 0
4384 484 1
4385 189 1
4386 557 1
4387 185 1
4388 382 1
4389 107 1
4390 210 1
4391 123 1
4392 415 0
4393 371 1
4394 675 1
4395 73 1
4396 94 0
4397 342 0
4398 412 0
4399 586 0
4400 172 1
4401 295 0
4402 8 0
4403 447 1
4404 616 1
4405 510 1
4406 405 1
4407 293 0
4408 65 0
4409 248 0
4410 507 0
4411 298 1
4412 569 0
4413 207 0
4414 465 1
4415 630 1
4416 473 1
4417 120 0
4418 157 1
4419 476 0
4420 574 0
4421 503 1
4422 523 1
4423 3 1
4424 517 0
4425 233 1
4426 573 1
4427 379 1
4428 76 1
4429 23 0
4430 283 1
4431 632 0
4432 331 0
4433 142 0
4434 223 1
4435 14 1
4436 357 1
4437 132 1
4438 219 0
4439 373 0
4440 387 0
4441 665 1
4442 591 1
4443 154 1
4444 534 1
4445 661 0
4446 435 0
4447 326 0
4448 249 0
4449 8 1
4450 539 1
4451 174 0
4452 296 0
4453 528 1
4454 594 1
4455 156 1
4456 261 1
4457 693 0
4458 618 1
4459 423 0
4460 477 1
4461 22 1
4462 430 0
4463 279 1
4464 421 0
4465 57 1
4466 66 1
4467 608 1
4468 142 1
4469 330 1
4470 243 0
4471 470 1
4472 59 1
4473 412 1
4474 611 1
4475 430 0
4476 672 1
4477 601 1
4478 405 1
4479 687 1
4480 224 0
4481 539 0
4482 579 1
4483 652 1
4484 489 0
4485 211 1
4486 220 0
4487 140 0
4488 597 1
4489 409 1
4490 139 1
4491 349 1
4492 196 0
4493 667 1
4494 35 1
4495 180 1
4496 150 1
4497 1 0
4498 620 0
4499 355 1
4500 388 1
4501 593 0
4502 152 0
4503 492 0
4504 189 0
4505 162 1
4506 645 1
4507 440 1
4508 366 0
4509 195 1
4510 513 1
4511 264 1
4512 547 0
4513 297 1
4514 371 1
4515 328 1
4516 671 0
4517 271 1
4518 10 0
4519 324 0
4520 570 0
4521 680 1
4522 451 1
4523 109 1
4524 280 0
4525 123 1
4526 283 1
4527 361 1
4528 653 0
4529 50 1
4530 610 1
4531 687 1
4532 356 0
4533 308 1
4534 626 1
4535 170 1
4536 572 1
4537 616 0
4538 23 1
4539 592 0
4540 481 1
4541 0 0
4542 555 0
4543 347 1
4544 623 1
4545 436 1
4546 533 1
4547 19 1
4548 285 0
4549 8 1
4550 413 1
4551 464 1
4552 481 1
4553 60 1
4554 405 1
4555 411 0
4556 120 1
4557 555 1
4558 377 0
4559 87 0
4560 52 1
4561 287 1
4562 398 1
4563 227 1
4564 86 0
4565 651 1
4566 18 1
4567 236 1
4568 96 1
4569 608 1
4570 401 1
4571 292 1
4572 184 1
4573 100 1
4574 502 1
4575 162 1
4576 162 0
4577 44 1
4578 208 0
4579 147 1
4580 262 1
4581 94 0
4582 667 1
4583 385 1
4584 79 0
4585 169 1
4586 613 1
4587 57 1
4588 213 0
4589 111 1
4590 648 0
4591 174 1
4592 175 0
4593 274 1
4594 245 1
4595 129 1
4596 672 1
4597 240 1
4598 6 1
4599 155 0
4600 371 1
4601 169 1
4602 238 1
4603 686 1
4604 687 1
4605 71 0
4606 522 1
4607 197 1
4608 67 1
4609 532 1
4610 344 1
4611 424 1
4612 489 1
4613 408 1
4614 42 1
4615 184 0
4616 492 1
4617 301 1
4618 183 0
4619 86 1
4620 536 0
4621 257 0
4622 555 1
4623 508 1
4624 377 0
4625 539 1
4626 455 0
4627 491 1
4628 380 1
4629 192 1
4630 519 1
4631 439 1
4632 334 1
4633 645 0
4634 480 1
4635 140 0
4636 190 1
4637 127 1
4638 304 0
4639 272 1
4640 429 0
4641 307 1
4642 679 1
4643 32 0
4644 602 1
4645 537 1
4646 205 1
4647 336 1
4648 621 1
4649 508 1
4650 313 1
4651 321 1
4652 346 1
4653 305 1
4654 537 0
4655 235 0
4656 293 1
4657 206 1
4658 93 1
4659 388 1
4660 67 0
4661 20 0
4662 654 1
4663 415 1
4664 90 0
4665 580 1
4666 324 1
4667 511 0
4668 651 0
4669 376 0
4670 145 1
4671 358 1
4672 606 1
4673 468 0
4674 406 0
4675 299 1
4676 686 1
4677 349 1
4678 128 0
4679 120 0
4680 44 1
4681 226 0
4682 203 1
4683 642 0
4684 457 1
4685 398 1
4686 381 0
4687 645 0
4688 224 1
4689 440 1
4690 326 1
4691 556 0
4692 511 1
4693 405 1
4694 26 0
4695 462 1
4696 679 0
4697 590 0
4698 329 1
4699 640 1
4700 302 0
4701 141 1
4702 698 0
4703 575 1
4704 256 0
4705 152 1
4706 659 1
4707 346 0
4708 670 1
4709 14 0
4710 30 1
