3562
1 4 0
2 211 1
3 73 0
4 144 0
5 169 0
6 205 1
7 169 0
8 208 1
9 162 1
10 130 1
11 272 1
12 273 1
13 236 0
14 205 1
15 241 0
16 84 1
17 24 1
18 195 1
19 244 1
20 172 1
21 93 0
22 107 0
23 103 1
24 122 1
25 78 1
26 184 1
27 62 0
28 21 1
29 92 1
30 229 1
31 159 0
32 15 0
33 191 1
34 213 1
35 131 0
36 81 0
37 63 1
38 69 1
39 86 1
40 14 1
41 240 1
42 98 1
43 24 0
44 251 0
45 277 1
46 168 1
47 162 0
48 202 1
49 258 0
50 89 0
51 34 0
52 196 1
53 9 0
54 128 1
55 252 0
56 56 1
57 272 1
58 163 0
59 137 0
60 131 0
61 195 0
62 151 1
63 65 0
64 11 0
65 1 1
66 226 0
67 135 0
68 65 0
69 269 0
70 104 1
71 267 1
72 101 0
73 179 1
74 204 1
75 47 0
76 99 1
77 149 1
78 181 1
79 117 1
80 119 1
81 226 1
82 86 1
83 68 0
84 88 1
85 208 0
86 160 1
87 2 1
88 33 1
89 175 1
90 148 1
91 155 1
92 46 1
93 11 0
94 169 1
95 139 1
96 247 1
97 217 0
98 26 1
99 135 0
100 273 1
101 238 0
102 187 1
103 62 1
104 4 1
105 40 1
106 42 0
107 195 1
108 150 0
109 249 1
110 53 1
111 191 0
112 53 1
113 216 0
114 275 0
115 58 0
116 278 1
117 68 1
118 51 1
119 268 0
120 233 0
121 72 0
122 153 1
123 14 1
124 124 0
125 274 1
126 19 1
127 60 1
128 173 0
129 230 1
130 210 1
131 83 0
132 166 1
133 254 0
134 147 1
135 206 1
136 198 0
137 23 1
138 196 0
139 23 0
140 233 0
141 148 0
142 62 1
143 189 1
144 203 1
145 52 1
146 75 0
147 270 0
148 151 1
149 110 1
150 132 1
151 260 0
152 30 0
153 49 1
154 186 1
155 198 0
156 20 1
157 40 0
158 273 0
159 182 1
160 17 1
161 189 1
162 234 0
163 199 1
164 1 0
165 266 0
166 61 1
167 113 1
168 42 0
169 182 1
170 100 1
171 16 0
172 95 0
173 67 0
174 218 0
175 144 1
176 134 1
177 261 1
178 25 0
179 122 1
180 137 0
181 92 0
182 146 1
183 153 1
184 232 1
185 67 0
186 16 0
187 35 0
188 140 1
189 61 1
190 70 0
191 244 1
192 121 1
193 223 1
194 265 1
195 104 1
196 33 1
197 250 1
198 266 1
199 19 1
200 108 1
201 199 0
202 102 1
203 168 1
204 54 1
205 182 1
206 85 0
207 194 1
208 18 1
209 216 0
210 63 0
211 54 0
212 167 1
213 208 0
214 145 1
215 17 1
216 178 1
217 27 1
218 100 1
219 104 1
220 75 0
221 144 0
222 81 0
223 230 1
224 55 0
225 248 1
226 134 1
227 147 0
228 43 0
229 170 0
230 165 1
231 23 1
232 54 1
233 137 1
234 110 1
235 242 1
236 177 1
237 209 0
238 24 1
239 223 0
240 253 0
241 130 1
242 209 1
243 57 1
244 214 1
245 23 1
246 66 0
247 22 1
248 176 1
249 207 1
250 50 1
251 54 1
252 135 1
253 137 1
254 3 1
255 171 0
256 267 1
257 12 1
258 160 1
259 29 0
260 230 0
261 122 1
262 178 0
263 66 0
264 168 0
265 8 1
266 91 1
267 28 1
268 190 1
269 36 1
270 175 1
271 31 1
272 22 0
273 151 1
274 260 1
275 207 1
276 97 1
277 86 1
278 269 1
279 279 1
280 76 0
281 238 1
282 214 1
283 45 1
284 82 0
285 179 0
286 85 1
287 0 1
288 51 1
289 8 1
290 263 0
291 169 1
292 126 0
293 4 1
294 57 0
295 133 1
296 154 1
297 234 0
298 5 0
299 73 1
300 156 0
301 277 1
302 259 1
303 67 1
304 10 0
305 271 0
306 154 1
307 2 0
308 277 1
309 189 1
310 155 0
311 119 0
312 61 1
313 259 0
314 146 1
315 86 1
316 167 0
317 262 0
318 154 0
319 105 1
320 268 1
321 88 0
322 117 0
323 216 0
324 243 1
325 97 1
326 96 1
327 75 1
328 151 0
329 88 1
330 249 0
331 250 1
332 52 1
333 143 1
334 141 1
335 21 1
336 206 0
337 63 1
338 132 0
339 154 1
340 266 0
341 142 1
342 118 0
343 170 1
344 134 1
345 217 1
346 15 1
347 168 1
348 279 0
349 275 0
350 209 1
351 129 0
352 56 1
353 107 1
354 53 1
355 213 1
356 95 0
357 50 0
358 223 1
359 132 1
360 60 0
361 41 1
362 116 0
363 144 1
364 171 1
365 183 0
366 15 0
367 97 0
368 154 0
369 191 1
370 116 1
371 245 1
372 128 1
373 74 0
374 165 0
375 9 1
376 138 1
377 233 0
378 192 1
379 18 0
380 28 0
381 45 1
382 164 0
383 47 1
384 64 0
385 176 1
386 226 1
387 41 0
388 84 0
389 74 1
390 186 1
391 56 0
392 279 0
393 160 1
394 249 1
395 204 1
396 244 1
397 254 1
398 255 1
399 94 1
400 122 0
401 150 1
402 273 0
403 71 1
404 171 0
405 188 1
406 160 0
407 49 1
408 185 1
409 279 1
410 38 0
411 12 1
412 246 0
413 58 1
414 150 1
415 257 0
416 5 1
417 203 0
418 180 1
419 4 1
420 69 0
421 76 1
422 87 1
423 250 1
424 53 1
425 7 1
426 31 0
427 23 0
428 218 1
429 147 0
430 97 0
431 154 1
432 111 1
433 99 0
434 281 1
435 225 1
436 227 0
437 161 0
438 77 0
439 237 1
440 28 1
441 153 1
442 196 1
443 201 1
444 121 0
445 14 0
446 121 1
447 253 1
448 244 1
449 107 0
450 105 1
451 176 1
452 216 0
453 16 0
454 117 0
455 142 1
456 148 0
457 69 1
458 268 1
459 58 1
460 201 1
461 259 0
462 240 0
463 138 1
464 233 1
465 28 1
466 159 1
467 253 1
468 191 1
469 106 1
470 173 0
471 104 1
472 58 0
473 33 1
474 240 0
475 85 0
476 27 1
477 132 0
478 224 1
479 52 1
480 165 1
481 96 0
482 148 0
483 137 0
484 269 0
485 16 1
486 73 1
487 199 0
488 158 1
489 177 1
490 119 0
491 208 1
492 256 1
493 131 1
494 261 1
495 238 1
496 127 1
497 119 1
498 265 1
499 265 1
500 149 1
501 130 1
502 52 1
503 5 1
504 75 1
505 191 1
506 94 1
507 58 0
508 40 0
509 62 1
510 237 1
511 95 0
512 216 0
513 222 1
514 121 1
515 170 1
516 137 1
517 76 1
518 212 1
519 50 0
520 263 1
521 132 1
522 223 0
523 7 1
524 245 1
525 146 0
526 20 1
527 147 1
528 39 1
529 86 0
530 225 0
531 13 1
532 140 0
533 202 0
534 170 0
535 222 1
536 76 0
537 90 0
538 128 0
539 213 0
540 31 0
541 223 0
542 252 1
543 83 0
544 109 1
545 33 1
546 9 0
547 65 0
548 68 1
549 83 1
550 169 1
551 254 1
552 243 1
553 196 1
554 238 0
555 112 0
556 69 1
557 116 0
558 142 1
559 194 1
560 88 1
561 236 1
562 207 1
563 178 1
564 218 1
565 96 1
566 149 0
567 215 0
568 64 0
569 63 0
570 53 1
571 154 1
572 161 1
573 26 1
574 188 1
575 137 1
576 30 1
577 23 0
578 256 1
579 95 1
580 45 1
581 93 1
582 192 1
583 101 0
584 20 1
585 141 1
586 204 0
587 128 0
588 215 0
589 250 1
590 238 1
591 48 0
592 60 1
593 88 0
594 137 1
595 22 1
596 25 1
597 241 1
598 75 1
599 56 0
600 156 1
601 169 1
602 142 0
603 93 0
604 101 0
605 129 1
606 31 0
607 258 1
608 114 0
609 204 0
610 112 1
611 84 1
612 275 1
613 219 0
614 35 0
615 95 1
616 122 1
617 202 1
618 211 1
619 271 1
620 153 0
621 20 0
622 161 1
623 141 1
624 275 1
625 244 0
626 222 1
627 175 1
628 235 1
629 215 1
630 37 1
631 112 0
632 225 1
633 73 0
634 191 1
635 117 1
636 260 1
637 112 1
638 66 1
639 132 1
640 248 0
641 97 0
642 5 1
643 268 1
644 35 1
645 229 1
646 95 0
647 96 1
648 237 0
649 125 1
650 97 1
651 141 1
652 98 0
653 146 1
654 156 1
655 156 1
656 236 0
657 176 1
658 176 1
659 132 1
660 228 1
661 149 0
662 2 0
663 80 1
664 279 1
665 35 1
666 98 0
667 33 1
668 80 1
669 11 1
670 107 1
671 224 1
672 71 0
673 235 1
674 212 1
675 255 0
676 28 1
677 132 0
678 232 0
679 201 1
680 0 1
681 256 1
682 64 1
683 227 0
684 119 0
685 177 1
686 56 1
687 220 1
688 169 0
689 239 1
690 191 1
691 191 1
692 267 1
693 182 0
694 186 1
695 164 0
696 271 1
697 2 0
698 78 1
699 275 1
700 119 1
701 73 1
702 8 1
703 167 1
704 118 1
705 210 1
706 268 1
707 111 1
708 92 1
709 120 1
710 260 1
711 182 1
712 5 1
713 166 1
714 279 0
715 212 1
716 48 0
717 155 1
718 162 0
719 167 1
720 28 1
721 171 1
722 146 0
723 200 1
724 159 1
725 167 1
726 188 0
727 250 0
728 116 1
729 209 1
730 225 0
731 25 0
732 7 1
733 195 1
734 85 1
735 99 0
736 107 1
737 61 1
738 68 1
739 141 1
740 232 1
741 228 0
742 26 0
743 264 1
744 262 0
745 120 1
746 194 1
747 61 1
748 258 1
749 21 1
750 268 1
751 108 1
752 256 0
753 278 1
754 80 0
755 201 1
756 164 1
757 33 1
758 275 1
759 197 1
760 70 1
761 256 0
762 112 1
763 117 0
764 224 0
765 15 1
766 191 1
767 22 0
768 156 1
769 207 1
770 89 1
771 131 0
772 137 1
773 240 1
774 44 1
775 249 1
776 122 0
777 244 1
778 192 1
779 187 0
780 149 0
781 277 1
782 189 1
783 156 1
784 183 0
785 232 0
786 4 1
787 39 0
788 178 1
789 272 1
790 152 1
791 202 1
792 46 1
793 91 1
794 107 1
795 236 1
796 131 1
797 247 1
798 114 0
799 102 0
800 0 1
801 151 0
802 65 0
803 146 1
804 120 1
805 49 0
806 173 1
807 129 1
808 279 1
809 107 1
810 148 1
811 10 1
812 157 1
813 36 1
814 244 1
815 218 1
816 190 1
817 180 0
818 74 1
819 149 1
820 260 1
821 48 1
822 31 1
823 88 1
824 261 0
825 132 1
826 52 1
827 125 1
828 51 1
829 199 1
830 231 1
831 121 0
832 19 0
833 259 1
834 210 0
835 151 1
836 189 1
837 271 1
838 241 1
839 181 0
840 136 1
841 281 1
842 38 1
843 49 0
844 150 0
845 248 1
846 248 1
847 171 0
848 253 1
849 225 1
850 206 1
851 234 0
852 159 0
853 266 1
854 233 0
855 203 1
856 60 0
857 140 1
858 191 1
859 120 1
860 88 1
861 22 0
862 38 1
863 118 1
864 273 0
865 123 0
866 89 1
867 107 0
868 230 1
869 230 0
870 120 1
871 133 1
872 4 1
873 212 1
874 113 1
875 118 0
876 69 1
877 119 1
878 266 0
879 49 1
880 232 1
881 252 1
882 111 1
883 151 0
884 101 1
885 105 1
886 183 1
887 52 1
888 94 1
889 247 1
890 179 1
891 272 0
892 89 1
893 220 0
894 211 0
895 195 1
896 24 0
897 64 1
898 107 0
899 274 1
900 179 1
901 11 0
902 200 0
903 200 1
904 192 1
905 83 1
906 114 0
907 270 0
908 260 1
909 208 1
910 128 1
911 1 0
912 83 0
913 153 1
914 145 1
915 48 0
916 106 1
917 55 0
918 270 1
919 182 1
920 3 1
921 270 1
922 134 0
923 252 1
924 116 1
925 21 1
926 97 1
927 262 1
928 234 1
929 21 0
930 142 0
931 4 0
932 61 1
933 205 1
934 111 1
935 162 0
936 235 1
937 164 0
938 272 0
939 132 0
940 109 0
941 215 1
942 40 1
943 37 1
944 192 1
945 236 0
946 59 1
947 233 1
948 96 0
949 34 0
950 57 1
951 40 1
952 210 1
953 244 1
954 202 1
955 239 1
956 180 1
957 168 1
958 232 1
959 144 1
960 127 1
961 127 1
962 204 1
963 172 0
964 30 0
965 158 1
966 267 0
967 244 1
968 266 1
969 46 1
970 18 1
971 12 0
972 107 1
973 136 1
974 250 0
975 132 1
976 30 1
977 215 1
978 201 1
979 116 1
980 175 1
981 182 1
982 122 1
983 6 1
984 68 0
985 89 0
986 55 0
987 217 1
988 214 1
989 84 0
990 3 1
991 211 1
992 125 1
993 131 1
994 249 1
995 71 1
996 172 1
997 235 1
998 116 1
999 197 1
1000 11 1
1001 203 1
1002 251 1
1003 92 1
1004 143 1
1005 17 1
1006 42 1
1007 111 1
1008 22 1
1009 7 1
1010 139 1
1011 277 0
1012 50 1
1013 188 1
1014 121 1
1015 0 1
1016 39 1
1017 62 1
1018 275 0
1019 124 1
1020 195 1
1021 0 0
1022 233 1
1023 269 0
1024 217 1
1025 108 1
1026 5 0
1027 250 1
1028 52 1
1029 85 0
1030 191 1
1031 238 0
1032 154 1
1033 170 0
1034 106 1
1035 1 1
1036 232 0
1037 189 1
1038 258 1
1039 89 1
1040 36 1
1041 131 1
1042 20 0
1043 243 0
1044 119 0
1045 178 1
1046 278 1
1047 122 0
1048 86 1
1049 15 1
1050 102 1
1051 75 1
1052 163 0
1053 236 1
1054 92 1
1055 196 1
1056 174 1
1057 101 1
1058 9 1
1059 130 1
1060 255 0
1061 235 1
1062 26 1
1063 52 0
1064 233 0
1065 168 1
1066 162 0
1067 37 1
1068 158 0
1069 115 1
1070 182 1
1071 28 0
1072 7 0
1073 200 0
1074 56 1
1075 224 0
1076 7 0
1077 213 1
1078 253 1
1079 9 1
1080 128 1
1081 121 1
1082 3 0
1083 266 1
1084 83 1
1085 62 1
1086 60 1
1087 57 0
1088 84 0
1089 231 1
1090 169 1
1091 102 1
1092 68 1
1093 74 1
1094 162 1
1095 108 0
1096 193 1
1097 231 1
1098 39 1
1099 8 1
1100 246 1
1101 105 0
1102 24 0
1103 25 1
1104 1 1
1105 182 1
1106 79 1
1107 279 0
1108 250 0
1109 51 0
1110 88 0
1111 3 0
1112 186 1
1113 128 1
1114 32 1
1115 279 0
1116 70 1
1117 168 1
1118 128 0
1119 135 1
1120 31 1
1121 231 0
1122 252 1
1123 121 1
1124 233 1
1125 214 1
1126 129 0
1127 252 1
1128 35 0
1129 258 0
1130 30 1
1131 142 1
1132 7 1
1133 127 0
1134 153 1
1135 196 1
1136 162 1
1137 158 0
1138 238 0
1139 216 1
1140 103 1
1141 92 1
1142 16 1
1143 265 0
1144 25 1
1145 197 1
1146 78 0
1147 88 0
1148 18 0
1149 152 1
1150 60 1
1151 220 0
1152 143 1
1153 218 0
1154 26 0
1155 153 1
1156 232 0
1157 225 1
1158 241 1
1159 164 1
1160 31 1
1161 254 0
1162 1 1
1163 126 1
1164 140 1
1165 54 1
1166 276 1
1167 4 1
1168 235 1
1169 102 1
1170 24 1
1171 255 1
1172 151 1
1173 88 1
1174 271 0
1175 241 1
1176 196 1
1177 276 1
1178 138 1
1179 148 1
1180 49 1
1181 61 1
1182 59 0
1183 113 1
1184 84 1
1185 69 1
1186 121 0
1187 230 0
1188 105 1
1189 33 0
1190 220 1
1191 260 1
1192 69 1
1193 263 1
1194 25 1
1195 69 0
1196 196 0
1197 49 0
1198 274 1
1199 63 1
1200 28 0
1201 118 1
1202 107 1
1203 140 0
1204 102 1
1205 238 1
1206 29 1
1207 107 1
1208 189 0
1209 170 0
1210 82 1
1211 152 1
1212 234 1
1213 115 1
1214 14 1
1215 235 1
1216 242 0
1217 192 0
1218 69 0
1219 211 1
1220 19 1
1221 76 1
1222 102 1
1223 11 1
1224 67 1
1225 19 1
1226 71 1
1227 9 1
1228 22 1
1229 113 0
1230 166 0
1231 12 0
1232 2 0
1233 126 1
1234 51 0
1235 107 1
1236 155 0
1237 51 1
1238 162 1
1239 62 0
1240 175 1
1241 29 0
1242 184 1
1243 133 0
1244 27 1
1245 176 1
1246 178 1
1247 253 1
1248 256 1
1249 252 0
1250 17 1
1251 28 0
1252 57 1
1253 226 0
1254 5 1
1255 100 1
1256 234 1
1257 9 1
1258 100 1
1259 208 1
1260 39 1
1261 254 1
1262 154 1
1263 116 1
1264 186 0
1265 18 0
1266 242 1
1267 241 0
1268 271 0
1269 170 1
1270 56 1
1271 106 1
1272 49 0
1273 78 1
1274 190 0
1275 142 0
1276 38 1
1277 29 1
1278 271 1
1279 184 1
1280 95 1
1281 243 1
1282 180 1
1283 6 1
1284 252 1
1285 95 1
1286 96 0
1287 249 1
1288 249 1
1289 227 1
1290 195 1
1291 37 0
1292 133 1
1293 7 1
1294 75 0
1295 162 1
1296 112 1
1297 90 0
1298 190 0
1299 112 1
1300 204 1
1301 118 1
1302 60 1
1303 96 0
1304 277 0
1305 117 1
1306 275 1
1307 6 0
1308 84 0
1309 45 0
1310 206 1
1311 261 1
1312 194 1
1313 261 0
1314 98 1
1315 194 0
1316 232 1
1317 185 0
1318 49 0
1319 251 1
1320 119 1
1321 99 0
1322 104 0
1323 34 1
1324 120 1
1325 279 0
1326 150 1
1327 226 1
1328 261 0
1329 97 1
1330 230 0
1331 244 0
1332 255 1
1333 54 1
1334 11 0
1335 212 1
1336 256 1
1337 174 0
1338 68 0
1339 199 1
1340 220 1
1341 164 1
1342 105 0
1343 84 1
1344 246 0
1345 26 1
1346 191 1
1347 170 1
1348 68 1
1349 118 1
1350 112 0
1351 210 1
1352 225 0
1353 164 0
1354 176 0
1355 131 0
1356 142 1
1357 203 0
1358 53 1
1359 196 1
1360 119 1
1361 8 1
1362 210 1
1363 57 1
1364 267 1
1365 9 1
1366 88 1
1367 183 1
1368 186 0
1369 256 1
1370 11 0
1371 195 1
1372 50 1
1373 265 0
1374 268 1
1375 268 1
1376 119 0
1377 279 1
1378 37 1
1379 190 0
1380 94 0
1381 120 1
1382 69 1
1383 146 0
1384 234 1
1385 54 1
1386 158 1
1387 49 1
1388 161 1
1389 244 0
1390 211 0
1391 116 1
1392 157 1
1393 173 0
1394 32 1
1395 149 0
1396 281 1
1397 241 1
1398 224 0
1399 256 0
1400 89 1
1401 71 1
1402 73 1
1403 174 1
1404 84 1
1405 246 1
1406 17 1
1407 207 0
1408 58 1
1409 232 0
1410 113 0
1411 217 1
1412 234 0
1413 45 1
1414 145 1
1415 216 1
1416 125 1
1417 132 0
1418 58 1
1419 14 0
1420 93 1
1421 20 1
1422 273 1
1423 216 1
1424 190 1
1425 72 1
1426 198 0
1427 66 1
1428 48 1
1429 258 0
1430 208 1
1431 11 1
1432 130 0
1433 113 1
1434 168 1
1435 262 1
1436 38 1
1437 89 0
1438 160 1
1439 224 1
1440 121 0
1441 22 0
1442 169 1
1443 120 0
1444 63 1
1445 275 0
1446 153 1
1447 254 0
1448 148 0
1449 189 0
1450 144 1
1451 159 1
1452 102 1
1453 143 1
1454 135 1
1455 263 0
1456 33 1
1457 158 0
1458 23 1
1459 1 1
1460 240 0
1461 221 1
1462 281 1
1463 113 1
1464 142 0
1465 45 1
1466 54 0
1467 187 1
1468 102 0
1469 1 1
1470 280 1
1471 144 1
1472 199 1
1473 97 0
1474 163 1
1475 104 0
1476 26 1
1477 165 1
1478 100 0
1479 37 1
1480 162 1
1481 179 0
1482 5 1
1483 238 0
1484 278 1
1485 277 1
1486 86 1
1487 104 1
1488 91 0
1489 90 1
1490 165 1
1491 26 1
1492 102 1
1493 148 1
1494 51 1
1495 95 1
1496 268 1
1497 13 1
1498 8 1
1499 244 1
1500 72 1
1501 77 1
1502 242 1
1503 94 1
1504 34 0
1505 239 1
1506 28 1
1507 40 1
1508 39 0
1509 265 1
1510 24 0
1511 236 0
1512 216 1
1513 147 1
1514 14 1
1515 92 0
1516 213 0
1517 177 1
1518 70 1
1519 157 1
1520 105 0
1521 235 0
1522 244 0
1523 128 1
1524 113 0
1525 91 0
1526 53 0
1527 11 1
1528 91 1
1529 143 0
1530 64 1
1531 193 1
1532 56 1
1533 100 0
1534 10 0
1535 94 1
1536 22 0
1537 113 0
1538 254 1
1539 199 1
1540 217 0
1541 87 1
1542 201 1
1543 122 0
1544 53 0
1545 116 1
1546 152 1
1547 112 1
1548 262 1
1549 198 1
1550 120 1
1551 251 0
1552 57 1
1553 59 0
1554 189 1
1555 192 1
1556 132 0
1557 259 1
1558 242 0
1559 275 1
1560 16 0
1561 130 0
1562 215 1
1563 26 1
1564 104 1
1565 49 1
1566 166 1
1567 18 0
1568 248 1
1569 116 0
1570 200 1
1571 143 0
1572 238 0
1573 33 1
1574 153 1
1575 75 1
1576 1 1
1577 269 1
1578 97 1
1579 62 1
1580 169 1
1581 8 1
1582 62 0
1583 208 1
1584 182 0
1585 115 1
1586 214 0
1587 83 1
1588 30 1
1589 232 0
1590 7 1
1591 2 0
1592 162 0
1593 157 1
1594 216 1
1595 257 1
1596 194 0
1597 20 1
1598 88 1
1599 217 1
1600 66 1
1601 20 1
1602 174 1
1603 101 0
1604 84 1
1605 37 1
1606 223 0
1607 32 1
1608 242 1
1609 227 1
1610 58 1
1611 75 1
1612 117 1
1613 159 1
1614 187 1
1615 125 0
1616 224 1
1617 183 0
1618 45 0
1619 184 0
1620 200 1
1621 153 1
1622 192 1
1623 176 1
1624 24 0
1625 124 1
1626 255 0
1627 198 1
1628 226 0
1629 160 0
1630 35 1
1631 34 0
1632 14 1
1633 239 1
1634 152 0
1635 121 1
1636 12 0
1637 211 1
1638 177 1
1639 152 1
1640 159 1
1641 215 1
1642 193 1
1643 155 1
1644 71 0
1645 132 0
1646 252 0
1647 229 1
1648 33 1
1649 257 1
1650 259 1
1651 187 1
1652 88 1
1653 57 1
1654 154 1
1655 48 1
1656 135 0
1657 95 1
1658 45 1
1659 47 1
1660 217 0
1661 87 1
1662 277 1
1663 103 0
1664 153 1
1665 78 0
1666 107 0
1667 266 1
1668 100 1
1669 43 1
1670 183 1
1671 217 0
1672 5 1
1673 229 0
1674 214 1
1675 30 1
1676 38 1
1677 268 1
1678 84 1
1679 208 0
1680 99 1
1681 231 0
1682 271 1
1683 52 1
1684 189 0
1685 208 1
1686 186 0
1687 272 0
1688 38 1
1689 105 1
1690 78 1
1691 51 0
1692 185 1
1693 81 0
1694 58 1
1695 156 0
1696 227 1
1697 82 1
1698 253 1
1699 169 1
1700 161 1
1701 114 0
1702 103 1
1703 121 0
1704 188 0
1705 258 1
1706 227 1
1707 100 1
1708 211 1
1709 50 1
1710 54 1
1711 145 1
1712 244 1
1713 147 1
1714 226 1
1715 240 1
1716 276 1
1717 104 0
1718 110 0
1719 34 1
1720 34 1
1721 147 0
1722 184 1
1723 42 1
1724 11 1
1725 100 0
1726 162 0
1727 278 1
1728 56 0
1729 205 1
1730 42 1
1731 38 1
1732 168 1
1733 211 0
1734 164 1
1735 159 1
1736 188 1
1737 110 0
1738 135 0
1739 203 0
1740 40 1
1741 212 0
1742 131 1
1743 191 1
1744 216 1
1745 120 0
1746 142 1
1747 226 0
1748 97 0
1749 171 1
1750 51 1
1751 109 0
1752 4 1
1753 261 1
1754 167 1
1755 218 1
1756 135 1
1757 274 0
1758 222 1
1759 104 1
1760 162 1
1761 65 1
1762 179 1
1763 264 0
1764 97 1
1765 187 1
1766 133 0
1767 37 1
1768 30 0
1769 141 1
1770 130 1
1771 269 0
1772 90 1
1773 114 1
1774 94 1
1775 119 1
1776 25 1
1777 142 1
1778 125 1
1779 130 0
1780 142 1
1781 234 0
1782 196 1
1783 277 1
1784 151 1
1785 5 0
1786 10 1
1787 129 1
1788 253 1
1789 63 1
1790 112 0
1791 186 1
1792 230 1
1793 60 0
1794 104 0
1795 160 1
1796 158 1
1797 172 0
1798 248 0
1799 162 1
1800 100 0
1801 263 1
1802 92 1
1803 143 0
1804 217 0
1805 62 1
1806 252 0
1807 118 1
1808 227 1
1809 137 1
1810 19 0
1811 14 1
1812 274 1
1813 114 1
1814 218 1
1815 221 1
1816 27 1
1817 79 1
1818 244 1
1819 115 1
1820 78 1
1821 160 1
1822 76 1
1823 112 1
1824 106 0
1825 71 1
1826 129 1
1827 168 0
1828 67 1
1829 11 1
1830 141 1
1831 187 1
1832 85 1
1833 220 1
1834 139 1
1835 92 0
1836 163 1
1837 62 1
1838 180 1
1839 260 1
1840 6 0
1841 62 1
1842 212 1
1843 189 1
1844 163 1
1845 148 1
1846 84 1
1847 55 1
1848 183 1
1849 81 1
1850 46 1
1851 54 1
1852 75 1
1853 98 1
1854 222 1
1855 192 0
1856 272 1
1857 83 1
1858 135 1
1859 65 1
1860 55 1
1861 116 1
1862 130 0
1863 173 1
1864 164 0
1865 218 1
1866 78 1
1867 2 1
1868 106 0
1869 273 0
1870 42 0
1871 275 1
1872 87 1
1873 31 0
1874 213 1
1875 102 1
1876 241 1
1877 272 1
1878 40 0
1879 53 1
1880 67 1
1881 212 1
1882 261 0
1883 163 1
1884 179 0
1885 63 1
1886 269 1
1887 118 0
1888 279 0
1889 161 1
1890 178 1
1891 129 1
1892 64 0
1893 91 0
1894 214 1
1895 174 0
1896 279 1
1897 223 1
1898 250 1
1899 207 0
1900 122 1
1901 19 1
1902 259 1
1903 115 1
1904 5 1
1905 117 1
1906 122 1
1907 252 1
1908 229 1
1909 9 1
1910 69 1
1911 25 1
1912 219 0
1913 256 1
1914 216 1
1915 268 1
1916 102 0
1917 97 0
1918 75 0
1919 268 1
1920 71 0
1921 195 1
1922 0 1
1923 97 1
1924 91 1
1925 41 0
1926 154 1
1927 159 1
1928 178 0
1929 212 1
1930 247 1
1931 100 1
1932 203 0
1933 78 1
1934 206 1
1935 8 0
1936 169 1
1937 120 1
1938 233 1
1939 49 1
1940 188 1
1941 66 0
1942 21 1
1943 85 1
1944 9 1
1945 244 1
1946 145 1
1947 255 1
1948 56 1
1949 209 1
1950 48 1
1951 189 1
1952 3 1
1953 183 1
1954 109 1
1955 142 1
1956 187 1
1957 222 1
1958 16 1
1959 59 1
1960 186 1
1961 145 1
1962 230 1
1963 262 0
1964 33 1
1965 131 1
1966 56 0
1967 95 0
1968 212 1
1969 159 1
1970 161 0
1971 269 1
1972 24 0
1973 207 1
1974 99 0
1975 279 1
1976 220 1
1977 199 1
1978 192 1
1979 37 1
1980 18 1
1981 171 1
1982 140 0
1983 280 1
1984 195 0
1985 110 0
1986 255 0
1987 73 0
1988 170 1
1989 37 1
1990 197 1
1991 137 1
1992 108 1
1993 235 1
1994 97 1
1995 107 1
1996 92 0
1997 267 1
1998 128 1
1999 20 1
2000 5 1
2001 194 0
2002 91 1
2003 189 1
2004 129 1
2005 113 1
2006 124 0
2007 111 1
2008 168 1
2009 114 0
2010 270 1
2011 244 1
2012 82 0
2013 244 1
2014 77 1
2015 48 1
2016 259 0
2017 206 1
2018 91 0
2019 194 0
2020 203 1
2021 265 1
2022 140 0
2023 209 1
2024 91 1
2025 156 0
2026 195 0
2027 23 0
2028 145 1
2029 2 1
2030 114 1
2031 169 1
2032 156 0
2033 23 0
2034 71 1
2035 185 1
2036 108 1
2037 38 1
2038 127 1
2039 139 1
2040 221 1
2041 162 1
2042 211 1
2043 275 1
2044 35 0
2045 14 1
2046 191 1
2047 172 1
2048 141 0
2049 30 1
2050 209 1
2051 136 1
2052 248 1
2053 148 1
2054 72 0
2055 176 1
2056 97 1
2057 9 1
2058 105 0
2059 100 0
2060 212 1
2061 7 0
2062 162 1
2063 187 1
2064 171 1
2065 97 1
2066 83 1
2067 280 1
2068 272 1
2069 7 1
2070 15 1
2071 219 1
2072 103 1
2073 71 1
2074 231 1
2075 67 1
2076 219 0
2077 214 0
2078 50 0
2079 267 1
2080 269 1
2081 252 0
2082 248 0
2083 266 1
2084 46 1
2085 233 1
2086 39 1
2087 38 1
2088 117 1
2089 2 1
2090 214 1
2091 91 0
2092 8 1
2093 182 0
2094 75 1
2095 144 1
2096 182 1
2097 279 0
2098 14 0
2099 37 1
2100 51 1
2101 200 1
2102 92 0
2103 166 1
2104 280 1
2105 72 1
2106 101 1
2107 81 1
2108 119 1
2109 33 1
2110 13 1
2111 121 1
2112 224 1
2113 208 0
2114 178 1
2115 95 1
2116 98 1
2117 184 0
2118 183 1
2119 196 0
2120 100 1
2121 112 1
2122 149 1
2123 244 1
2124 254 1
2125 46 1
2126 172 1
2127 45 1
2128 82 0
2129 217 1
2130 80 1
2131 139 1
2132 257 1
2133 233 1
2134 256 0
2135 272 1
2136 133 0
2137 277 0
2138 161 1
2139 134 1
2140 166 0
2141 264 1
2142 211 0
2143 35 1
2144 144 0
2145 203 1
2146 146 1
2147 268 1
2148 249 0
2149 143 1
2150 17 1
2151 230 1
2152 101 0
2153 229 1
2154 46 1
2155 259 0
2156 125 1
2157 201 1
2158 201 1
2159 212 1
2160 138 1
2161 152 0
2162 59 0
2163 55 1
2164 222 1
2165 113 1
2166 196 1
2167 253 1
2168 151 0
2169 209 1
2170 146 1
2171 60 1
2172 10 1
2173 123 1
2174 215 1
2175 138 1
2176 51 0
2177 5 1
2178 11 0
2179 0 1
2180 55 1
2181 122 0
2182 40 1
2183 267 1
2184 227 1
2185 253 1
2186 177 0
2187 227 0
2188 225 1
2189 48 0
2190 268 0
2191 94 1
2192 59 0
2193 12 0
2194 238 0
2195 22 1
2196 272 0
2197 263 1
2198 171 1
2199 86 1
2200 238 0
2201 3 0
2202 89 1
2203 252 1
2204 163 0
2205 56 1
2206 69 1
2207 119 1
2208 182 0
2209 63 1
2210 7 0
2211 82 0
2212 163 1
2213 174 1
2214 175 1
2215 246 1
2216 36 0
2217 197 1
2218 130 0
2219 22 1
2220 50 0
2221 93 0
2222 161 0
2223 112 1
2224 275 1
2225 64 1
2226 193 1
2227 145 1
2228 74 0
2229 272 0
2230 16 1
2231 246 1
2232 136 1
2233 255 0
2234 193 1
2235 210 1
2236 6 1
2237 13 0
2238 166 1
2239 161 0
2240 233 0
2241 25 1
2242 22 0
2243 83 1
2244 207 0
2245 211 0
2246 242 1
2247 139 1
2248 268 1
2249 12 0
2250 41 1
2251 6 1
2252 245 0
2253 147 1
2254 9 1
2255 221 0
2256 183 1
2257 250 1
2258 66 1
2259 167 1
2260 271 1
2261 79 0
2262 203 1
2263 259 1
2264 196 1
2265 165 1
2266 212 1
2267 148 1
2268 123 1
2269 237 1
2270 253 1
2271 238 1
2272 219 0
2273 157 1
2274 122 0
2275 141 1
2276 2 1
2277 274 1
2278 22 1
2279 258 1
2280 172 1
2281 251 1
2282 245 1
2283 210 0
2284 277 0
2285 150 1
2286 138 1
2287 267 1
2288 177 0
2289 10 0
2290 48 0
2291 128 1
2292 23 1
2293 119 1
2294 21 1
2295 59 1
2296 170 1
2297 228 1
2298 9 1
2299 152 0
2300 118 0
2301 185 1
2302 273 1
2303 263 1
2304 177 1
2305 185 1
2306 76 1
2307 140 1
2308 15 0
2309 222 1
2310 5 0
2311 161 1
2312 173 1
2313 173 1
2314 197 1
2315 119 1
2316 209 1
2317 154 0
2318 56 1
2319 18 1
2320 59 1
2321 41 1
2322 98 0
2323 30 1
2324 22 1
2325 81 1
2326 183 1
2327 281 1
2328 1 0
2329 189 1
2330 79 1
2331 95 0
2332 262 1
2333 71 1
2334 35 0
2335 202 0
2336 225 0
2337 26 1
2338 220 0
2339 87 0
2340 241 1
2341 134 1
2342 62 0
2343 81 0
2344 170 1
2345 125 1
2346 160 1
2347 189 1
2348 120 1
2349 108 1
2350 0 0
2351 113 1
2352 67 1
2353 200 0
2354 128 1
2355 112 1
2356 38 0
2357 93 1
2358 244 1
2359 95 1
2360 26 1
2361 33 1
2362 23 1
2363 258 1
2364 64 0
2365 162 0
2366 259 0
2367 223 1
2368 279 1
2369 196 1
2370 78 0
2371 76 1
2372 137 0
2373 149 1
2374 276 0
2375 96 1
2376 261 0
2377 207 1
2378 215 0
2379 9 1
2380 200 1
2381 277 1
2382 29 1
2383 19 1
2384 223 1
2385 15 1
2386 106 0
2387 0 0
2388 192 1
2389 206 1
2390 259 1
2391 207 0
2392 82 1
2393 105 1
2394 247 0
2395 228 1
2396 218 1
2397 140 1
2398 23 1
2399 137 0
2400 238 1
2401 197 1
2402 175 1
2403 169 1
2404 280 0
2405 272 1
2406 115 1
2407 77 1
2408 193 1
2409 145 1
2410 229 1
2411 188 0
2412 178 1
2413 62 1
2414 69 1
2415 165 1
2416 1 0
2417 20 0
2418 211 1
2419 193 1
2420 216 1
2421 116 1
2422 30 1
2423 110 1
2424 26 1
2425 32 1
2426 279 1
2427 138 1
2428 131 1
2429 95 1
2430 263 1
2431 158 1
2432 206 1
2433 22 1
2434 19 1
2435 62 1
2436 263 1
2437 148 1
2438 235 1
2439 99 1
2440 164 1
2441 234 1
2442 215 1
2443 270 0
2444 86 0
2445 265 0
2446 208 1
2447 195 0
2448 252 1
2449 267 1
2450 15 1
2451 88 1
2452 89 1
2453 153 1
2454 145 0
2455 22 1
2456 33 0
2457 189 1
2458 143 1
2459 31 1
2460 193 1
2461 229 1
2462 20 1
2463 184 0
2464 224 1
2465 58 1
2466 81 1
2467 99 1
2468 33 1
2469 145 1
2470 223 1
2471 205 1
2472 7 1
2473 224 0
2474 154 1
2475 30 1
2476 66 1
2477 49 1
2478 53 0
2479 222 1
2480 52 1
2481 31 1
2482 77 1
2483 236 1
2484 33 1
2485 220 1
2486 199 1
2487 164 0
2488 120 1
2489 221 0
2490 225 1
2491 204 1
2492 161 1
2493 241 1
2494 136 1
2495 74 1
2496 112 1
2497 254 0
2498 167 1
2499 231 1
2500 240 1
2501 40 1
2502 245 0
2503 160 1
2504 242 0
2505 222 1
2506 0 1
2507 273 0
2508 262 1
2509 26 1
2510 132 1
2511 238 0
2512 69 1
2513 84 1
2514 69 1
2515 20 1
2516 135 0
2517 116 0
2518 196 1
2519 114 1
2520 25 0
2521 137 1
2522 63 0
2523 120 1
2524 79 1
2525 93 0
2526 43 1
2527 38 1
2528 123 1
2529 213 0
2530 21 1
2531 219 1
2532 225 0
2533 119 1
2534 194 1
2535 227 1
2536 151 1
2537 178 0
2538 211 1
2539 123 1
2540 26 0
2541 84 1
2542 129 0
2543 114 1
2544 109 1
2545 95 0
2546 211 0
2547 151 1
2548 164 1
2549 12 1
2550 153 0
2551 229 1
2552 186 1
2553 33 1
2554 5 1
2555 56 1
2556 236 0
2557 33 1
2558 195 0
2559 200 1
2560 124 1
2561 17 0
2562 191 0
2563 140 1
2564 88 0
2565 151 0
2566 255 1
2567 59 0
2568 155 1
2569 208 0
2570 181 0
2571 123 1
2572 55 1
2573 83 0
2574 167 1
2575 136 0
2576 228 1
2577 277 0
2578 185 1
2579 144 0
2580 151 1
2581 28 0
2582 43 0
2583 149 0
2584 113 1
2585 222 0
2586 271 1
2587 12 1
2588 16 1
2589 90 1
2590 29 1
2591 57 1
2592 30 1
2593 46 0
2594 52 1
2595 71 1
2596 135 1
2597 193 1
2598 120 1
2599 172 0
2600 67 1
2601 109 0
2602 253 1
2603 247 1
2604 218 1
2605 103 1
2606 214 1
2607 155 1
2608 145 1
2609 43 1
2610 255 1
2611 52 0
2612 146 1
2613 150 1
2614 237 1
2615 81 0
2616 84 1
2617 224 1
2618 245 0
2619 43 1
2620 109 1
2621 10 0
2622 239 1
2623 82 1
2624 231 0
2625 232 1
2626 104 1
2627 245 1
2628 111 1
2629 99 0
2630 86 1
2631 234 1
2632 235 1
2633 159 1
2634 162 1
2635 243 1
2636 213 1
2637 177 1
2638 70 1
2639 136 1
2640 35 1
2641 88 0
2642 167 1
2643 253 1
2644 30 1
2645 277 0
2646 183 1
2647 219 1
2648 271 0
2649 267 0
2650 163 0
2651 5 1
2652 132 0
2653 128 1
2654 91 1
2655 86 1
2656 147 0
2657 129 1
2658 158 0
2659 244 1
2660 171 1
2661 237 1
2662 51 0
2663 73 1
2664 135 1
2665 56 1
2666 150 1
2667 256 0
2668 175 0
2669 135 0
2670 162 1
2671 43 1
2672 46 0
2673 275 1
2674 273 1
2675 257 1
2676 58 1
2677 31 1
2678 182 0
2679 14 0
2680 26 1
2681 197 0
2682 277 1
2683 110 1
2684 205 1
2685 19 1
2686 49 0
2687 260 1
2688 98 0
2689 95 1
2690 140 0
2691 117 0
2692 78 1
2693 240 0
2694 117 1
2695 228 1
2696 121 1
2697 184 1
2698 247 0
2699 151 1
2700 122 1
2701 121 1
2702 96 1
2703 130 1
2704 70 1
2705 217 1
2706 160 1
2707 272 0
2708 132 1
2709 217 1
2710 68 1
2711 43 1
2712 172 1
2713 170 1
2714 104 1
2715 240 1
2716 74 1
2717 261 0
2718 110 1
2719 16 0
2720 198 1
2721 254 1
2722 3 0
2723 247 1
2724 58 0
2725 249 1
2726 210 1
2727 179 1
2728 101 1
2729 170 0
2730 254 1
2731 13 0
2732 72 1
2733 81 1
2734 247 1
2735 227 1
2736 48 1
2737 172 1
2738 26 1
2739 265 0
2740 184 0
2741 142 1
2742 106 1
2743 145 0
2744 40 1
2745 277 0
2746 93 0
2747 272 0
2748 215 1
2749 280 0
2750 101 1
2751 276 1
2752 6 1
2753 133 1
2754 168 0
2755 117 1
2756 280 0
2757 115 1
2758 232 0
2759 176 1
2760 225 1
2761 216 1
2762 111 1
2763 66 1
2764 142 1
2765 89 1
2766 153 1
2767 44 0
2768 46 1
2769 192 1
2770 226 1
2771 217 1
2772 152 1
2773 193 1
2774 174 0
2775 238 0
2776 122 0
2777 232 1
2778 28 1
2779 74 0
2780 12 1
2781 279 1
2782 178 1
2783 256 0
2784 150 1
2785 90 1
2786 273 0
2787 183 1
2788 154 0
2789 109 0
2790 259 1
2791 28 0
2792 169 0
2793 128 1
2794 208 1
2795 232 1
2796 83 1
2797 249 1
2798 202 1
2799 69 1
2800 254 0
2801 97 0
2802 262 1
2803 252 1
2804 238 1
2805 113 0
2806 76 1
2807 178 0
2808 265 1
2809 25 0
2810 227 1
2811 61 1
2812 137 1
2813 87 1
2814 115 0
2815 60 1
2816 179 0
2817 197 1
2818 88 1
2819 12 1
2820 179 1
2821 124 0
2822 62 1
2823 83 0
2824 46 0
2825 168 1
2826 16 1
2827 234 1
2828 121 1
2829 142 0
2830 127 1
2831 188 1
2832 79 0
2833 116 1
2834 204 1
2835 76 1
2836 117 1
2837 7 1
2838 154 1
2839 156 0
2840 199 1
2841 191 0
2842 203 1
2843 18 0
2844 47 0
2845 142 0
2846 14 1
2847 63 0
2848 153 0
2849 56 1
2850 239 0
2851 108 1
2852 266 0
2853 185 1
2854 139 1
2855 270 0
2856 33 1
2857 136 1
2858 187 1
2859 210 0
2860 179 1
2861 274 0
2862 52 1
2863 150 1
2864 167 1
2865 212 1
2866 272 1
2867 131 1
2868 18 1
2869 258 0
2870 26 1
2871 78 1
2872 7 1
2873 228 1
2874 232 1
2875 12 0
2876 91 1
2877 255 1
2878 205 1
2879 280 0
2880 195 0
2881 215 1
2882 113 1
2883 23 1
2884 244 1
2885 221 1
2886 177 1
2887 194 0
2888 163 1
2889 29 0
2890 160 0
2891 175 1
2892 191 1
2893 113 0
2894 69 1
2895 137 0
2896 186 1
2897 167 0
2898 280 0
2899 149 1
2900 53 1
2901 163 0
2902 37 1
2903 278 0
2904 147 1
2905 177 0
2906 281 1
2907 142 0
2908 16 1
2909 170 1
2910 231 0
2911 67 0
2912 28 1
2913 153 1
2914 6 1
2915 133 1
2916 254 1
2917 153 0
2918 22 1
2919 73 1
2920 107 1
2921 274 1
2922 118 1
2923 162 1
2924 39 1
2925 151 0
2926 75 1
2927 125 1
2928 34 0
2929 276 1
2930 163 1
2931 245 0
2932 74 1
2933 77 0
2934 197 0
2935 63 0
2936 197 0
2937 62 0
2938 121 0
2939 99 1
2940 206 1
2941 81 1
2942 118 1
2943 249 1
2944 67 0
2945 270 1
2946 234 1
2947 15 1
2948 213 1
2949 202 0
2950 39 0
2951 84 1
2952 252 1
2953 202 0
2954 20 0
2955 183 0
2956 270 1
2957 157 1
2958 53 0
2959 55 0
2960 231 1
2961 0 0
2962 209 1
2963 75 1
2964 254 0
2965 133 1
2966 192 1
2967 180 1
2968 227 1
2969 117 1
2970 51 1
2971 55 1
2972 147 0
2973 10 1
2974 269 1
2975 253 0
2976 40 1
2977 267 1
2978 202 1
2979 186 1
2980 201 1
2981 50 0
2982 187 1
2983 205 1
2984 194 0
2985 244 1
2986 204 1
2987 217 0
2988 162 0
2989 203 1
2990 156 0
2991 233 1
2992 146 1
2993 28 1
2994 142 1
2995 37 1
2996 183 0
2997 104 0
2998 181 0
2999 85 1
3000 213 0
3001 270 0
3002 64 1
3003 137 1
3004 14 1
3005 241 0
3006 233 1
3007 85 1
3008 60 0
3009 242 0
3010 259 1
3011 195 1
3012 16 1
3013 181 1
3014 190 1
3015 154 1
3016 245 0
3017 188 1
3018 280 1
3019 118 1
3020 34 0
3021 183 0
3022 201 1
3023 229 1
3024 245 1
3025 45 1
3026 186 1
3027 246 1
3028 121 1
3029 263 0
3030 275 1
3031 14 1
3032 277 1
3033 130 1
3034 111 1
3035 220 1
3036 258 1
3037 63 0
3038 185 1
3039 89 0
3040 199 1
3041 234 1
3042 239 0
3043 169 1
3044 276 0
3045 254 1
3046 3 1
3047 158 1
3048 53 1
3049 138 0
3050 254 1
3051 242 0
3052 61 1
3053 58 0
3054 33 1
3055 258 1
3056 213 1
3057 199 1
3058 58 1
3059 181 0
3060 168 0
3061 254 1
3062 71 1
3063 33 0
3064 68 1
3065 7 1
3066 111 1
3067 135 1
3068 204 1
3069 0 1
3070 272 1
3071 51 1
3072 186 1
3073 92 1
3074 200 1
3075 161 1
3076 76 0
3077 189 1
3078 195 0
3079 204 1
3080 44 1
3081 168 1
3082 43 0
3083 192 0
3084 146 1
3085 67 1
3086 101 1
3087 57 1
3088 233 1
3089 115 0
3090 4 0
3091 170 1
3092 60 0
3093 92 0
3094 165 1
3095 101 1
3096 90 1
3097 229 1
3098 222 1
3099 32 1
3100 265 0
3101 222 0
3102 82 0
3103 236 1
3104 11 0
3105 118 0
3106 278 0
3107 242 1
3108 230 0
3109 243 0
3110 280 0
3111 187 0
3112 263 0
3113 87 1
3114 206 1
3115 221 0
3116 82 1
3117 206 1
3118 91 1
3119 199 1
3120 162 1
3121 49 1
3122 187 1
3123 146 1
3124 275 0
3125 113 1
3126 102 1
3127 227 0
3128 85 0
3129 151 1
3130 15 0
3131 131 0
3132 184 1
3133 262 1
3134 79 1
3135 27 1
3136 78 1
3137 49 0
3138 232 1
3139 266 1
3140 235 1
3141 81 0
3142 262 0
3143 70 1
3144 204 0
3145 6 1
3146 244 1
3147 249 1
3148 124 1
3149 139 1
3150 273 1
3151 95 1
3152 38 0
3153 199 0
3154 272 1
3155 78 1
3156 213 1
3157 212 0
3158 50 1
3159 190 0
3160 154 1
3161 56 1
3162 52 1
3163 262 0
3164 184 1
3165 176 0
3166 81 1
3167 177 1
3168 67 0
3169 254 1
3170 278 1
3171 147 0
3172 142 1
3173 266 0
3174 78 1
3175 28 1
3176 20 1
3177 213 0
3178 107 0
3179 45 1
3180 109 0
3181 185 1
3182 211 1
3183 175 0
3184 107 1
3185 132 1
3186 198 0
3187 176 1
3188 74 0
3189 182 0
3190 198 0
3191 182 1
3192 227 1
3193 223 1
3194 239 1
3195 276 1
3196 207 1
3197 122 1
3198 124 0
3199 211 0
3200 162 1
3201 198 0
3202 272 0
3203 0 0
3204 116 0
3205 82 1
3206 257 0
3207 251 1
3208 27 1
3209 118 1
3210 178 1
3211 198 1
3212 157 0
3213 104 0
3214 267 1
3215 95 1
3216 27 0
3217 90 0
3218 36 1
3219 15 0
3220 205 1
3221 185 0
3222 225 1
3223 246 1
3224 278 1
3225 169 0
3226 127 1
3227 141 0
3228 55 0
3229 148 1
3230 144 1
3231 52 1
3232 186 1
3233 53 1
3234 164 1
3235 25 0
3236 29 0
3237 131 1
3238 228 1
3239 157 1
3240 178 1
3241 262 0
3242 276 0
3243 240 1
3244 231 1
3245 236 1
3246 281 0
3247 129 0
3248 80 1
3249 58 1
3250 183 1
3251 196 0
3252 225 1
3253 49 0
3254 73 1
3255 45 1
3256 182 1
3257 138 1
3258 78 1
3259 158 1
3260 134 1
3261 267 1
3262 50 1
3263 251 1
3264 15 1
3265 24 0
3266 42 1
3267 274 1
3268 198 1
3269 20 1
3270 179 1
3271 172 1
3272 236 0
3273 188 0
3274 57 1
3275 206 0
3276 108 1
3277 257 1
3278 238 1
3279 220 1
3280 185 1
3281 247 1
3282 115 1
3283 76 1
3284 145 0
3285 234 0
3286 25 0
3287 55 0
3288 85 1
3289 157 1
3290 26 0
3291 197 0
3292 138 1
3293 225 1
3294 262 0
3295 212 1
3296 58 1
3297 42 1
3298 281 1
3299 137 0
3300 78 1
3301 120 0
3302 146 0
3303 228 1
3304 136 1
3305 169 1
3306 50 1
3307 161 0
3308 121 1
3309 214 1
3310 267 1
3311 199 0
3312 186 0
3313 218 1
3314 224 1
3315 262 0
3316 27 0
3317 270 0
3318 207 1
3319 269 1
3320 253 1
3321 20 0
3322 106 0
3323 141 1
3324 3 1
3325 47 0
3326 82 1
3327 33 1
3328 139 1
3329 35 1
3330 120 0
3331 34 1
3332 262 1
3333 254 1
3334 172 1
3335 46 1
3336 262 1
3337 96 0
3338 248 0
3339 246 1
3340 28 1
3341 172 0
3342 190 0
3343 242 1
3344 252 1
3345 275 1
3346 158 0
3347 239 0
3348 264 0
3349 122 1
3350 34 0
3351 161 1
3352 235 0
3353 33 1
3354 212 1
3355 102 1
3356 223 1
3357 147 1
3358 62 0
3359 43 1
3360 250 0
3361 124 0
3362 277 1
3363 128 0
3364 156 1
3365 278 1
3366 69 1
3367 137 1
3368 65 0
3369 87 1
3370 100 1
3371 101 1
3372 47 1
3373 37 1
3374 6 1
3375 74 0
3376 116 1
3377 32 1
3378 143 1
3379 21 0
3380 62 0
3381 208 1
3382 40 1
3383 86 1
3384 166 1
3385 33 1
3386 13 1
3387 172 0
3388 247 0
3389 102 1
3390 221 1
3391 160 1
3392 25 1
3393 31 1
3394 217 1
3395 186 1
3396 216 1
3397 61 0
3398 39 1
3399 12 0
3400 184 1
3401 55 1
3402 44 1
3403 190 1
3404 19 0
3405 194 0
3406 119 1
3407 160 0
3408 129 1
3409 30 1
3410 175 0
3411 276 1
3412 192 0
3413 230 1
3414 66 1
3415 20 1
3416 152 1
3417 98 0
3418 98 1
3419 69 0
3420 231 1
3421 222 1
3422 200 0
3423 144 0
3424 223 0
3425 43 1
3426 255 0
3427 22 0
3428 24 1
3429 48 1
3430 77 0
3431 273 0
3432 7 1
3433 7 0
3434 242 1
3435 155 0
3436 272 1
3437 192 0
3438 59 1
3439 169 1
3440 94 1
3441 194 1
3442 182 0
3443 165 1
3444 120 1
3445 161 1
3446 145 1
3447 77 0
3448 105 0
3449 122 0
3450 93 0
3451 190 1
3452 236 0
3453 205 0
3454 19 1
3455 159 0
3456 236 1
3457 113 0
3458 220 0
3459 207 1
3460 74 1
3461 120 0
3462 170 1
3463 236 1
3464 145 1
3465 273 0
3466 217 1
3467 185 1
3468 146 1
3469 262 0
3470 64 1
3471 211 1
3472 142 1
3473 19 0
3474 252 0
3475 217 1
3476 244 0
3477 196 1
3478 48 0
3479 272 1
3480 90 1
3481 14 1
3482 27 1
3483 60 1
3484 172 1
3485 270 1
3486 111 1
3487 188 1
3488 105 1
3489 130 1
3490 16 0
3491 120 0
3492 267 1
3493 257 1
3494 48 0
3495 160 1
3496 24 1
3497 95 1
3498 238 1
3499 88 0
3500 59 1
3501 84 0
3502 140 1
3503 220 1
3504 275 1
3505 254 0
3506 66 0
3507 134 0
3508 273 0
3509 18 1
3510 220 0
3511 110 1
3512 2 1
3513 228 1
3514 225 1
3515 20 0
3516 257 0
3517 37 0
3518 172 1
3519 12 1
3520 257 1
3521 107 1
3522 8 0
3523 26 1
3524 0 1
3525 253 0
3526 154 1
3527 46 0
3528 218 0
3529 261 1
3530 173 1
3531 96 1
3532 181 1
3533 264 1
3534 40 0
3535 169 1
3536 192 0
3537 271 1
3538 99 1
3539 200 1
3540 205 0
3541 115 1
3542 184 0
3543 98 1
3544 86 1
3545 0 0
3546 223 1
3547 57 0
3548 161 1
3549 126 1
3550 180 1
3551 81 0
3552 153 0
3553 10 0
3554 232 1
3555 215 1
3556 246 1
3557 165 0
3558 209 1
3559 201 1
3560 272 1
3561 136 1
3562 230 1
