7534
1 406 1
2 595 1
3 615 1
4 252 1
5 461 1
6 507 1
7 19 1
8 566 1
9 506 1
10 456 1
11 8 0
12 549 0
13 90 1
14 123 1
15 215 1
16 202 1
17 578 1
18 407 1
19 656 1
20 82 1
21 213 1
22 159 1
23 57 0
24 404 1
25 570 1
26 606 0
27 140 1
28 193 1
29 50 0
30 481 1
31 605 1
32 207 0
33 545 1
34 209 1
35 337 1
36 575 0
37 625 1
38 527 0
39 524 1
40 310 0
41 48 1
42 58 1
43 584 0
44 291 0
45 439 1
46 220 0
47 648 1
48 612 1
49 106 1
50 99 0
51 50 1
52 58 1
53 601 1
54 422 1
55 452 1
56 476 0
57 160 1
58 561 1
59 529 0
60 19 0
61 9 0
62 397 0
63 411 1
64 235 0
65 87 1
66 576 0
67 73 0
68 5 1
69 283 1
70 184 1
71 351 1
72 429 1
73 259 1
74 448 1
75 355 0
76 269 1
77 323 1
78 85 1
79 611 1
80 315 1
81 528 0
82 28 0
83 590 1
84 340 0
85 204 0
86 674 1
87 376 1
88 131 1
89 605 1
90 616 1
91 111 0
92 388 0
93 487 1
94 361 1
95 115 1
96 437 1
97 633 1
98 308 1
99 371 1
100 609 1
101 364 1
102 323 1
103 218 1
104 440 1
105 98 0
106 168 1
107 197 0
108 516 1
109 223 0
110 423 0
111 619 0
112 45 0
113 390 1
114 179 0
115 66 1
116 402 0
117 584 1
118 107 1
119 244 1
120 11 1
121 668 1
122 423 0
123 608 0
124 62 1
125 330 0
126 361 1
127 410 0
128 585 1
129 376 0
130 626 0
131 65 1
132 616 1
133 138 1
134 517 0
135 464 1
136 596 1
137 579 1
138 510 1
139 471 1
140 531 1
141 250 0
142 134 0
143 363 1
144 101 0
145 676 0
146 373 1
147 268 1
148 455 1
149 226 1
150 660 0
151 564 0
152 462 1
153 107 1
154 36 0
155 58 1
156 572 1
157 652 1
158 289 1
159 490 1
160 267 1
161 181 1
162 292 1
163 15 1
164 599 1
165 104 1
166 251 1
167 347 1
168 68 1
169 70 1
170 98 0
171 544 0
172 309 1
173 441 1
174 44 1
175 52 1
176 610 1
177 145 0
178 299 0
179 162 0
180 273 0
181 670 0
182 550 1
183 301 0
184 536 1
185 595 1
186 244 1
187 369 1
188 296 1
189 215 0
190 382 1
191 524 0
192 245 1
193 407 1
194 573 1
195 634 1
196 579 0
197 562 1
198 26 1
199 261 0
200 428 1
201 389 0
202 508 1
203 418 0
204 208 1
205 208 1
206 93 1
207 648 0
208 594 0
209 626 1
210 9 1
211 526 1
212 397 1
213 230 1
214 593 1
215 177 1
216 412 0
217 205 1
218 516 0
219 108 1
220 449 1
221 380 1
222 241 1
223 624 0
224 467 0
225 388 1
226 342 1
227 257 1
228 643 0
229 482 1
230 43 1
231 641 1
232 418 1
233 311 0
234 534 1
235 172 1
236 607 0
237 589 1
238 644 0
239 69 1
240 295 1
241 100 1
242 11 1
243 569 1
244 588 1
245 275 1
246 224 1
247 150 0
248 20 1
249 89 1
250 72 1
251 602 1
252 557 0
253 41 1
254 109 1
255 145 0
256 567 1
257 234 0
258 346 1
259 297 0
260 368 1
261 78 1
262 426 1
263 426 0
264 434 1
265 192 1
266 649 1
267 250 1
268 370 1
269 240 1
270 273 1
271 627 1
272 246 0
273 355 0
274 50 1
275 39 1
276 289 1
277 74 1
278 641 0
279 353 1
280 208 1
281 646 1
282 404 0
283 577 0
284 380 1
285 317 0
286 139 1
287 558 0
288 63 1
289 298 1
290 77 0
291 403 0
292 198 1
293 274 1
294 169 0
295 299 1
296 238 1
297 428 1
298 353 1
299 481 0
300 78 0
301 579 1
302 679 0
303 603 1
304 434 0
305 47 0
306 302 1
307 70 1
308 671 1
309 275 0
310 37 0
311 411 1
312 31 0
313 661 0
314 100 1
315 310 1
316 325 0
317 396 0
318 282 0
319 259 0
320 284 0
321 420 0
322 501 1
323 22 1
324 579 1
325 525 1
326 64 1
327 83 1
328 159 1
329 224 1
330 271 1
331 310 1
332 360 1
333 665 1
334 89 1
335 551 1
336 294 1
337 575 1
338 654 0
339 608 1
340 638 1
341 362 1
342 582 0
343 670 1
344 254 1
345 193 0
346 493 1
347 314 1
348 273 0
349 137 1
350 415 1
351 479 0
352 172 0
353 17 1
354 35 0
355 571 1
356 143 1
357 568 1
358 571 0
359 658 1
360 516 0
361 415 0
362 418 1
363 504 0
364 221 0
365 245 1
366 393 1
367 411 0
368 290 1
369 583 1
370 246 1
371 319 1
372 600 1
373 306 0
374 637 1
375 381 0
376 200 1
377 675 0
378 38 1
379 502 1
380 76 0
381 641 1
382 664 1
383 227 1
384 120 1
385 472 0
386 350 1
387 627 1
388 190 1
389 634 1
390 282 0
391 364 0
392 195 1
393 164 1
394 603 1
395 366 1
396 478 0
397 342 0
398 443 1
399 608 1
400 444 1
401 122 1
402 255 0
403 257 1
404 67 1
405 336 0
406 418 1
407 23 0
408 253 1
409 39 0
410 46 0
411 600 1
412 348 1
413 178 0
414 576 0
415 675 1
416 251 0
417 199 1
418 610 1
419 144 1
420 539 1
421 218 1
422 373 0
423 634 1
424 429 1
425 547 1
426 143 1
427 191 1
428 602 1
429 475 1
430 219 1
431 454 1
432 331 1
433 297 1
434 301 0
435 3 1
436 113 0
437 181 0
438 335 1
439 305 0
440 2 0
441 431 0
442 512 0
443 381 1
444 55 1
445 548 0
446 519 1
447 617 1
448 296 0
449 177 1
450 547 1
451 502 0
452 146 1
453 340 0
454 11 1
455 566 1
456 10 1
457 583 0
458 556 1
459 20 0
460 205 1
461 79 1
462 210 0
463 640 0
464 123 1
465 168 0
466 61 1
467 395 1
468 545 0
469 10 0
470 573 1
471 442 1
472 510 1
473 297 0
474 246 1
475 191 0
476 629 1
477 368 1
478 158 0
479 410 1
480 337 0
481 16 1
482 312 1
483 607 1
484 339 0
485 606 1
486 257 1
487 135 1
488 458 0
489 475 1
490 365 1
491 348 1
492 128 1
493 473 1
494 237 0
495 312 0
496 525 1
497 165 0
498 483 0
499 207 0
500 581 0
501 374 0
502 374 0
503 119 1
504 557 0
505 601 1
506 452 1
507 556 0
508 50 1
509 482 0
510 297 0
511 53 0
512 186 0
513 44 0
514 183 1
515 132 1
516 257 1
517 668 1
518 80 1
519 656 0
520 21 1
521 72 1
522 591 1
523 117 1
524 43 1
525 672 1
526 586 1
527 227 1
528 9 1
529 634 1
530 395 0
531 21 1
532 338 1
533 476 0
534 116 1
535 120 1
536 94 0
537 354 0
538 566 0
539 519 1
540 135 1
541 141 1
542 430 1
543 429 1
544 513 1
545 375 1
546 215 1
547 73 1
548 278 1
549 35 1
550 193 1
551 276 0
552 93 0
553 166 1
554 38 1
555 460 1
556 261 0
557 510 1
558 290 1
559 194 1
560 644 1
561 224 1
562 159 0
563 604 0
564 38 1
565 576 1
566 539 0
567 263 0
568 676 1
569 355 1
570 51 1
571 632 0
572 609 1
573 68 1
574 42 0
575 87 0
576 576 1
577 57 0
578 352 1
579 237 1
580 365 1
581 237 0
582 178 0
583 473 1
584 674 0
585 633 0
586 28 0
587 230 1
588 239 1
589 600 1
590 304 1
591 160 1
592 62 0
593 0 0
594 623 1
595 420 0
596 243 1
597 277 1
598 351 1
599 340 0
600 90 1
601 391 1
602 70 0
603 627 1
604 111 1
605 463 1
606 299 1
607 488 1
608 586 1
609 392 1
610 470 1
611 30 0
612 663 0
613 199 1
614 249 1
615 551 1
616 24 1
617 330 1
618 75 1
619 275 0
620 441 0
621 474 1
622 427 1
623 167 1
624 643 1
625 182 1
626 564 1
627 339 0
628 263 1
629 73 1
630 269 1
631 44 1
632 79 1
633 259 1
634 395 0
635 213 1
636 210 0
637 642 0
638 162 1
639 290 0
640 560 0
641 431 1
642 429 1
643 56 1
644 501 0
645 525 0
646 499 1
647 128 1
648 7 1
649 605 1
650 667 1
651 431 0
652 146 0
653 26 1
654 394 1
655 306 1
656 532 0
657 464 0
658 20 1
659 166 1
660 394 1
661 357 1
662 324 0
663 112 1
664 617 1
665 605 1
666 48 1
667 545 1
668 622 0
669 375 1
670 79 0
671 356 0
672 611 1
673 85 0
674 532 1
675 89 1
676 6 1
677 332 1
678 676 1
679 533 1
680 226 1
681 410 1
682 8 1
683 341 1
684 39 1
685 583 0
686 590 0
687 602 1
688 271 1
689 217 0
690 131 0
691 243 1
692 625 0
693 340 1
694 212 1
695 554 0
696 525 1
697 32 0
698 432 1
699 99 1
700 283 1
701 461 0
702 262 0
703 459 1
704 264 1
705 530 1
706 174 1
707 277 0
708 540 0
709 612 1
710 556 0
711 510 1
712 515 1
713 678 1
714 661 1
715 610 0
716 100 0
717 201 1
718 520 1
719 89 1
720 400 1
721 243 1
722 584 1
723 566 1
724 203 1
725 389 1
726 50 1
727 224 0
728 506 1
729 25 0
730 191 1
731 367 1
732 91 0
733 399 1
734 293 1
735 587 1
736 299 0
737 461 0
738 288 0
739 519 1
740 38 1
741 314 1
742 320 1
743 526 1
744 632 0
745 378 1
746 250 0
747 179 0
748 506 1
749 145 1
750 258 1
751 6 0
752 628 1
753 632 1
754 6 1
755 599 1
756 20 1
757 557 1
758 643 0
759 231 1
760 18 1
761 354 1
762 546 0
763 483 1
764 304 1
765 237 1
766 553 1
767 440 0
768 454 1
769 57 1
770 57 1
771 249 1
772 633 1
773 34 1
774 274 1
775 255 1
776 66 0
777 306 1
778 336 1
779 49 0
780 609 1
781 395 1
782 273 1
783 176 0
784 293 0
785 380 0
786 506 0
787 43 1
788 628 1
789 376 0
790 342 0
791 260 1
792 306 1
793 85 1
794 419 1
795 346 0
796 293 1
797 23 0
798 642 1
799 614 0
800 50 0
801 349 1
802 135 1
803 336 1
804 342 0
805 51 1
806 281 1
807 157 0
808 621 1
809 421 1
810 248 1
811 580 1
812 573 1
813 428 1
814 548 1
815 662 1
816 676 1
817 346 0
818 340 0
819 87 1
820 332 1
821 430 0
822 193 1
823 520 1
824 573 0
825 494 0
826 644 0
827 3 1
828 191 1
829 393 1
830 665 1
831 401 1
832 323 1
833 537 1
834 494 1
835 409 1
836 507 0
837 631 0
838 491 0
839 27 1
840 476 1
841 399 1
842 660 1
843 171 1
844 578 0
845 654 1
846 4 1
847 417 1
848 187 0
849 55 1
850 90 1
851 572 1
852 369 1
853 490 1
854 187 0
855 309 1
856 102 1
857 168 1
858 175 0
859 126 1
860 96 1
861 380 1
862 220 1
863 44 0
864 263 1
865 281 0
866 437 1
867 567 0
868 568 1
869 50 1
870 638 1
871 483 1
872 260 0
873 16 1
874 183 1
875 252 0
876 115 0
877 123 1
878 622 0
879 615 0
880 140 0
881 176 0
882 133 1
883 447 0
884 313 1
885 521 1
886 49 0
887 204 0
888 40 0
889 489 0
890 107 0
891 246 1
892 439 0
893 302 1
894 281 1
895 331 1
896 198 1
897 62 1
898 315 0
899 650 1
900 71 1
901 643 1
902 560 0
903 302 0
904 132 1
905 567 1
906 598 1
907 334 0
908 118 1
909 610 1
910 66 1
911 13 0
912 385 0
913 341 1
914 329 0
915 520 0
916 546 1
917 393 1
918 396 1
919 90 1
920 551 1
921 88 1
922 406 1
923 18 1
924 250 1
925 245 1
926 507 0
927 326 0
928 78 0
929 105 1
930 42 1
931 552 1
932 301 1
933 207 0
934 577 1
935 418 0
936 19 1
937 110 1
938 672 1
939 142 0
940 373 0
941 303 1
942 390 0
943 285 1
944 360 1
945 620 1
946 207 1
947 183 1
948 374 1
949 270 1
950 303 1
951 40 1
952 258 0
953 492 0
954 22 1
955 365 1
956 214 1
957 468 1
958 362 1
959 264 1
960 207 0
961 317 0
962 442 1
963 668 1
964 506 0
965 280 0
966 11 0
967 196 0
968 214 1
969 392 0
970 642 0
971 248 0
972 617 0
973 100 0
974 534 1
975 214 1
976 442 0
977 349 1
978 95 0
979 84 1
980 339 1
981 474 1
982 556 1
983 492 1
984 678 1
985 623 0
986 281 1
987 9 0
988 100 0
989 262 0
990 347 1
991 569 1
992 199 1
993 57 1
994 575 0
995 511 0
996 378 1
997 457 1
998 296 0
999 641 1
1000 473 1
1001 127 1
1002 519 1
1003 36 0
1004 119 1
1005 447 0
1006 646 1
1007 447 0
1008 446 0
1009 75 1
1010 517 0
1011 319 1
1012 212 0
1013 214 0
1014 237 1
1015 674 0
1016 631 0
1017 528 0
1018 131 1
1019 282 1
1020 607 1
1021 36 1
1022 129 1
1023 483 1
1024 51 1
1025 660 1
1026 337 1
1027 528 1
1028 396 1
1029 121 1
1030 109 1
1031 536 1
1032 662 1
1033 402 1
1034 142 0
1035 363 1
1036 350 0
1037 515 1
1038 626 1
1039 247 1
1040 622 1
1041 309 1
1042 528 1
1043 573 0
1044 643 0
1045 70 1
1046 554 1
1047 556 1
1048 184 1
1049 649 0
1050 580 0
1051 139 0
1052 475 1
1053 50 1
1054 166 1
1055 162 0
1056 398 0
1057 259 1
1058 373 0
1059 234 0
1060 591 0
1061 25 0
1062 656 1
1063 194 1
1064 605 0
1065 230 0
1066 112 1
1067 627 1
1068 216 1
1069 201 1
1070 40 1
1071 362 1
1072 27 1
1073 556 1
1074 518 1
1075 354 0
1076 287 1
1077 87 1
1078 281 0
1079 167 0
1080 60 0
1081 455 1
1082 511 0
1083 632 1
1084 273 0
1085 302 0
1086 388 1
1087 71 1
1088 350 1
1089 561 1
1090 481 0
1091 490 1
1092 614 0
1093 96 1
1094 602 0
1095 166 1
1096 533 1
1097 27 1
1098 217 1
1099 284 1
1100 4 1
1101 123 1
1102 314 1
1103 1 0
1104 565 1
1105 46 1
1106 669 1
1107 327 1
1108 306 1
1109 563 1
1110 560 0
1111 635 1
1112 288 1
1113 650 1
1114 386 1
1115 187 0
1116 584 1
1117 528 1
1118 248 0
1119 75 1
1120 155 0
1121 371 0
1122 530 0
1123 491 1
1124 315 0
1125 128 1
1126 41 0
1127 480 1
1128 491 1
1129 154 1
1130 320 0
1131 204 1
1132 523 0
1133 315 0
1134 453 0
1135 96 1
1136 256 1
1137 496 1
1138 230 1
1139 6 1
1140 555 1
1141 484 0
1142 90 1
1143 245 1
1144 479 1
1145 395 1
1146 484 0
1147 216 1
1148 524 1
1149 290 1
1150 666 0
1151 650 1
1152 45 0
1153 92 1
1154 646 0
1155 565 0
1156 104 1
1157 181 1
1158 527 0
1159 520 1
1160 569 0
1161 318 0
1162 579 1
1163 572 1
1164 130 1
1165 464 0
1166 440 1
1167 102 1
1168 645 1
1169 506 0
1170 164 1
1171 197 1
1172 633 0
1173 208 1
1174 549 1
1175 551 1
1176 28 1
1177 556 0
1178 468 1
1179 222 1
1180 503 1
1181 459 1
1182 185 1
1183 621 1
1184 372 0
1185 377 1
1186 31 1
1187 550 1
1188 17 1
1189 337 0
1190 678 1
1191 68 0
1192 141 0
1193 505 1
1194 265 1
1195 273 1
1196 478 0
1197 223 1
1198 230 1
1199 429 0
1200 484 1
1201 332 0
1202 573 1
1203 500 0
1204 280 1
1205 348 0
1206 109 0
1207 177 1
1208 361 0
1209 604 1
1210 474 1
1211 458 0
1212 674 0
1213 679 0
1214 38 0
1215 19 1
1216 426 1
1217 358 0
1218 425 1
1219 101 0
1220 631 1
1221 48 1
1222 186 1
1223 55 0
1224 523 1
1225 109 1
1226 49 1
1227 333 1
1228 440 1
1229 11 0
1230 504 1
1231 194 0
1232 126 0
1233 442 1
1234 347 1
1235 321 1
1236 185 1
1237 231 1
1238 210 1
1239 534 1
1240 137 0
1241 243 1
1242 402 0
1243 653 1
1244 653 0
1245 514 1
1246 440 1
1247 601 1
1248 324 1
1249 438 1
1250 651 1
1251 162 1
1252 65 0
1253 144 1
1254 423 1
1255 202 1
1256 386 1
1257 491 1
1258 214 0
1259 16 1
1260 321 0
1261 538 1
1262 302 0
1263 648 1
1264 566 1
1265 362 1
1266 102 1
1267 439 1
1268 661 0
1269 316 1
1270 326 1
1271 156 1
1272 155 0
1273 14 1
1274 304 1
1275 302 0
1276 432 1
1277 451 0
1278 491 1
1279 424 1
1280 569 1
1281 659 0
1282 502 1
1283 32 1
1284 66 1
1285 79 1
1286 58 1
1287 297 1
1288 75 0
1289 455 0
1290 85 1
1291 197 1
1292 109 1
1293 315 1
1294 131 1
1295 42 0
1296 166 0
1297 436 1
1298 184 1
1299 344 1
1300 8 1
1301 514 1
1302 532 1
1303 152 0
1304 187 1
1305 179 1
1306 429 1
1307 534 1
1308 88 1
1309 75 0
1310 230 0
1311 111 1
1312 562 1
1313 257 1
1314 208 0
1315 188 1
1316 218 0
1317 27 0
1318 27 0
1319 549 0
1320 403 0
1321 231 1
1322 168 0
1323 306 0
1324 256 1
1325 347 1
1326 242 1
1327 626 1
1328 199 0
1329 63 0
1330 678 1
1331 368 1
1332 147 0
1333 30 1
1334 319 0
1335 132 1
1336 372 0
1337 66 1
1338 322 1
1339 669 1
1340 626 1
1341 256 0
1342 667 0
1343 186 0
1344 278 0
1345 338 1
1346 501 0
1347 108 0
1348 294 1
1349 14 0
1350 462 1
1351 656 0
1352 255 0
1353 14 1
1354 160 1
1355 347 1
1356 84 0
1357 295 1
1358 677 1
1359 2 1
1360 603 0
1361 168 1
1362 366 1
1363 137 0
1364 159 1
1365 467 0
1366 42 1
1367 95 1
1368 230 1
1369 66 1
1370 537 1
1371 497 1
1372 208 1
1373 437 1
1374 338 0
1375 226 1
1376 99 0
1377 429 1
1378 415 1
1379 190 1
1380 462 1
1381 516 1
1382 293 1
1383 674 1
1384 466 1
1385 234 0
1386 346 1
1387 137 1
1388 459 1
1389 632 1
1390 333 1
1391 122 0
1392 445 1
1393 513 1
1394 182 0
1395 627 0
1396 1 1
1397 341 1
1398 268 0
1399 10 0
1400 139 0
1401 249 0
1402 591 1
1403 360 1
1404 152 1
1405 232 1
1406 363 1
1407 661 1
1408 650 0
1409 52 1
1410 391 0
1411 117 0
1412 208 1
1413 431 1
1414 537 1
1415 274 1
1416 301 1
1417 354 1
1418 102 0
1419 326 0
1420 219 1
1421 484 1
1422 105 1
1423 582 1
1424 24 1
1425 100 1
1426 506 1
1427 0 0
1428 420 0
1429 382 1
1430 488 0
1431 19 1
1432 372 0
1433 65 1
1434 408 1
1435 600 1
1436 142 1
1437 529 1
1438 62 0
1439 66 1
1440 257 0
1441 374 0
1442 129 1
1443 670 1
1444 549 1
1445 571 1
1446 93 1
1447 338 1
1448 284 1
1449 259 1
1450 666 1
1451 383 0
1452 456 0
1453 247 1
1454 407 1
1455 477 0
1456 353 1
1457 492 0
1458 417 1
1459 95 1
1460 600 0
1461 387 1
1462 577 0
1463 479 1
1464 192 0
1465 617 1
1466 662 0
1467 307 1
1468 424 1
1469 21 1
1470 612 0
1471 8 1
1472 541 0
1473 511 1
1474 47 0
1475 180 1
1476 466 1
1477 533 1
1478 356 1
1479 289 0
1480 134 1
1481 599 1
1482 547 1
1483 300 0
1484 524 1
1485 315 0
1486 564 1
1487 358 1
1488 15 1
1489 448 0
1490 541 0
1491 582 1
1492 260 1
1493 562 1
1494 511 1
1495 357 0
1496 398 1
1497 507 1
1498 374 0
1499 300 1
1500 192 0
1501 291 1
1502 2 0
1503 374 1
1504 32 0
1505 633 0
1506 642 1
1507 92 1
1508 35 0
1509 31 1
1510 18 1
1511 384 1
1512 408 1
1513 425 0
1514 634 0
1515 64 1
1516 405 0
1517 95 1
1518 326 1
1519 297 1
1520 483 1
1521 123 0
1522 530 1
1523 412 0
1524 61 1
1525 431 1
1526 575 1
1527 239 0
1528 643 1
1529 277 1
1530 326 1
1531 65 1
1532 570 0
1533 330 0
1534 502 0
1535 318 1
1536 70 0
1537 495 1
1538 528 1
1539 357 0
1540 415 1
1541 413 1
1542 669 0
1543 358 1
1544 253 1
1545 550 1
1546 170 1
1547 630 1
1548 520 1
1549 20 1
1550 100 0
1551 391 1
1552 99 0
1553 643 0
1554 179 1
1555 152 1
1556 174 1
1557 649 1
1558 282 0
1559 667 1
1560 156 1
1561 434 1
1562 89 1
1563 258 1
1564 536 1
1565 15 1
1566 488 1
1567 0 1
1568 358 1
1569 278 1
1570 28 1
1571 195 1
1572 188 0
1573 237 0
1574 365 1
1575 69 0
1576 507 1
1577 39 1
1578 79 1
1579 398 0
1580 447 1
1581 316 1
1582 12 1
1583 34 0
1584 576 1
1585 99 0
1586 486 1
1587 679 1
1588 332 1
1589 208 0
1590 205 0
1591 410 1
1592 652 0
1593 501 1
1594 618 1
1595 283 0
1596 376 1
1597 384 1
1598 532 1
1599 631 1
1600 346 1
1601 224 1
1602 90 0
1603 19 0
1604 204 1
1605 311 0
1606 249 1
1607 314 1
1608 362 0
1609 17 0
1610 226 0
1611 301 1
1612 91 1
1613 183 0
1614 167 1
1615 243 0
1616 482 1
1617 537 1
1618 307 1
1619 58 1
1620 528 1
1621 113 1
1622 282 0
1623 190 1
1624 434 1
1625 560 0
1626 379 1
1627 326 0
1628 58 1
1629 158 1
1630 389 0
1631 610 1
1632 614 0
1633 507 1
1634 216 1
1635 625 1
1636 126 0
1637 161 0
1638 485 1
1639 668 1
1640 431 1
1641 91 1
1642 49 0
1643 473 1
1644 671 1
1645 76 1
1646 226 1
1647 315 0
1648 345 0
1649 273 0
1650 579 1
1651 497 0
1652 276 1
1653 177 1
1654 202 1
1655 64 0
1656 585 1
1657 635 0
1658 445 1
1659 485 1
1660 253 1
1661 561 1
1662 439 1
1663 511 0
1664 211 1
1665 410 0
1666 195 1
1667 560 1
1668 206 1
1669 297 1
1670 95 1
1671 233 1
1672 389 1
1673 379 0
1674 490 0
1675 334 0
1676 490 0
1677 414 0
1678 284 0
1679 98 1
1680 221 1
1681 349 1
1682 57 1
1683 80 1
1684 159 0
1685 416 1
1686 58 0
1687 678 1
1688 582 1
1689 345 1
1690 306 1
1691 327 1
1692 87 0
1693 237 0
1694 178 1
1695 58 1
1696 37 1
1697 136 1
1698 509 1
1699 101 0
1700 465 1
1701 666 1
1702 231 1
1703 35 1
1704 106 0
1705 270 1
1706 125 1
1707 528 1
1708 403 0
1709 456 1
1710 166 1
1711 301 1
1712 114 0
1713 169 1
1714 398 1
1715 356 0
1716 532 0
1717 580 1
1718 200 1
1719 512 1
1720 60 0
1721 463 0
1722 444 0
1723 270 0
1724 141 0
1725 68 1
1726 304 1
1727 382 1
1728 552 1
1729 107 1
1730 566 0
1731 326 1
1732 678 1
1733 117 0
1734 458 0
1735 249 1
1736 604 1
1737 576 0
1738 87 1
1739 535 0
1740 508 1
1741 536 1
1742 37 0
1743 295 0
1744 534 1
1745 52 1
1746 610 1
1747 30 1
1748 221 1
1749 551 0
1750 649 1
1751 389 0
1752 24 1
1753 133 0
1754 67 0
1755 212 1
1756 463 1
1757 452 1
1758 52 1
1759 282 1
1760 214 1
1761 199 0
1762 329 0
1763 624 1
1764 249 1
1765 421 1
1766 487 0
1767 663 0
1768 32 1
1769 367 1
1770 656 1
1771 419 1
1772 392 1
1773 4 0
1774 130 1
1775 223 1
1776 365 0
1777 232 1
1778 523 0
1779 436 0
1780 416 1
1781 54 0
1782 52 0
1783 479 1
1784 577 1
1785 607 0
1786 362 1
1787 57 1
1788 537 0
1789 391 0
1790 220 1
1791 76 1
1792 100 1
1793 600 1
1794 358 1
1795 460 1
1796 406 0
1797 190 1
1798 296 1
1799 286 1
1800 452 0
1801 491 0
1802 432 0
1803 81 1
1804 353 1
1805 150 1
1806 150 1
1807 352 1
1808 407 0
1809 617 1
1810 501 0
1811 180 1
1812 656 0
1813 430 1
1814 104 1
1815 209 1
1816 675 1
1817 563 0
1818 440 1
1819 589 1
1820 308 0
1821 560 0
1822 158 1
1823 452 1
1824 376 1
1825 651 1
1826 531 0
1827 170 0
1828 137 1
1829 651 1
1830 381 0
1831 543 0
1832 73 1
1833 676 1
1834 263 1
1835 372 1
1836 517 1
1837 646 1
1838 356 1
1839 560 1
1840 552 0
1841 122 1
1842 298 1
1843 103 1
1844 85 1
1845 422 1
1846 128 1
1847 587 0
1848 455 0
1849 459 1
1850 488 1
1851 226 0
1852 275 1
1853 192 0
1854 482 1
1855 556 1
1856 348 1
1857 79 1
1858 163 1
1859 147 0
1860 1 0
1861 330 1
1862 598 0
1863 75 1
1864 140 1
1865 156 1
1866 558 1
1867 18 1
1868 574 0
1869 529 0
1870 28 1
1871 51 1
1872 275 1
1873 639 0
1874 57 1
1875 430 0
1876 547 1
1877 612 1
1878 190 1
1879 31 0
1880 413 0
1881 576 0
1882 569 0
1883 189 1
1884 549 1
1885 31 0
1886 315 1
1887 18 0
1888 637 1
1889 93 1
1890 636 0
1891 625 1
1892 348 1
1893 33 1
1894 436 1
1895 614 1
1896 675 0
1897 77 1
1898 296 1
1899 91 0
1900 48 0
1901 615 0
1902 77 1
1903 145 1
1904 611 0
1905 601 1
1906 506 1
1907 262 1
1908 167 0
1909 33 0
1910 103 1
1911 517 1
1912 349 0
1913 534 1
1914 604 1
1915 4 1
1916 620 1
1917 207 1
1918 445 0
1919 604 0
1920 335 1
1921 135 1
1922 264 0
1923 335 1
1924 437 1
1925 227 1
1926 80 1
1927 511 1
1928 402 1
1929 268 1
1930 183 1
1931 170 1
1932 211 0
1933 12 1
1934 346 1
1935 224 1
1936 463 0
1937 34 1
1938 501 1
1939 351 1
1940 482 0
1941 542 1
1942 387 1
1943 185 1
1944 611 0
1945 308 1
1946 597 1
1947 109 1
1948 472 0
1949 529 1
1950 610 0
1951 11 0
1952 177 1
1953 57 1
1954 159 1
1955 0 1
1956 51 1
1957 268 1
1958 660 1
1959 421 1
1960 650 1
1961 449 1
1962 272 1
1963 440 1
1964 423 1
1965 627 1
1966 234 1
1967 363 1
1968 428 1
1969 153 1
1970 21 1
1971 421 0
1972 312 0
1973 383 1
1974 207 1
1975 75 0
1976 46 0
1977 489 1
1978 274 0
1979 127 0
1980 410 1
1981 115 0
1982 586 1
1983 120 1
1984 91 1
1985 242 0
1986 43 1
1987 57 1
1988 416 1
1989 647 1
1990 437 1
1991 545 1
1992 438 1
1993 673 1
1994 347 1
1995 473 0
1996 68 1
1997 337 1
1998 132 1
1999 308 1
2000 475 0
2001 632 1
2002 277 1
2003 65 1
2004 193 1
2005 381 0
2006 498 1
2007 305 0
2008 344 1
2009 32 1
2010 292 1
2011 512 1
2012 158 1
2013 206 0
2014 371 0
2015 130 1
2016 129 0
2017 428 0
2018 515 1
2019 164 1
2020 269 0
2021 659 1
2022 536 0
2023 215 1
2024 455 0
2025 636 1
2026 625 1
2027 171 1
2028 255 1
2029 10 1
2030 636 1
2031 537 0
2032 646 1
2033 235 0
2034 523 1
2035 509 1
2036 10 0
2037 200 1
2038 517 1
2039 491 1
2040 535 0
2041 104 1
2042 533 1
2043 327 0
2044 397 0
2045 54 1
2046 221 1
2047 310 1
2048 621 0
2049 668 1
2050 561 1
2051 448 1
2052 50 1
2053 182 1
2054 256 1
2055 604 1
2056 57 1
2057 335 1
2058 47 1
2059 18 1
2060 192 1
2061 117 1
2062 408 1
2063 601 1
2064 589 0
2065 557 1
2066 279 1
2067 106 1
2068 38 0
2069 641 1
2070 25 0
2071 149 1
2072 337 0
2073 545 1
2074 467 1
2075 149 1
2076 509 1
2077 264 0
2078 310 0
2079 331 0
2080 647 0
2081 562 0
2082 406 0
2083 320 1
2084 148 1
2085 611 0
2086 591 0
2087 0 0
2088 565 1
2089 506 1
2090 302 0
2091 75 1
2092 666 0
2093 240 1
2094 397 0
2095 260 1
2096 652 1
2097 355 0
2098 2 1
2099 15 1
2100 573 0
2101 620 1
2102 580 1
2103 606 1
2104 358 1
2105 434 1
2106 151 1
2107 111 1
2108 41 0
2109 179 0
2110 667 1
2111 547 1
2112 454 1
2113 82 0
2114 514 1
2115 223 1
2116 468 1
2117 636 0
2118 655 1
2119 450 1
2120 58 1
2121 314 0
2122 33 0
2123 220 1
2124 394 1
2125 258 1
2126 158 1
2127 85 1
2128 644 1
2129 133 0
2130 8 1
2131 77 1
2132 391 1
2133 589 1
2134 340 1
2135 572 1
2136 563 1
2137 609 0
2138 377 1
2139 416 0
2140 420 1
2141 216 1
2142 543 1
2143 255 0
2144 212 1
2145 177 1
2146 488 0
2147 442 0
2148 33 0
2149 309 0
2150 583 1
2151 644 0
2152 153 1
2153 679 1
2154 466 1
2155 365 1
2156 153 0
2157 657 1
2158 75 1
2159 268 1
2160 492 0
2161 252 1
2162 445 1
2163 371 0
2164 110 1
2165 595 1
2166 626 0
2167 223 1
2168 197 0
2169 501 0
2170 382 1
2171 62 0
2172 512 1
2173 169 0
2174 271 1
2175 618 1
2176 627 1
2177 255 0
2178 629 1
2179 614 1
2180 243 0
2181 624 1
2182 154 0
2183 289 0
2184 263 0
2185 79 1
2186 593 1
2187 245 0
2188 53 1
2189 204 1
2190 596 0
2191 152 0
2192 77 1
2193 0 1
2194 650 0
2195 86 1
2196 208 0
2197 403 0
2198 71 1
2199 458 1
2200 418 0
2201 595 1
2202 679 1
2203 628 0
2204 319 0
2205 122 0
2206 39 1
2207 651 1
2208 554 1
2209 567 1
2210 329 1
2211 610 1
2212 557 1
2213 644 0
2214 89 1
2215 578 1
2216 280 1
2217 31 1
2218 526 0
2219 76 1
2220 556 0
2221 273 0
2222 345 1
2223 456 1
2224 87 0
2225 488 1
2226 189 1
2227 19 1
2228 496 1
2229 438 1
2230 406 1
2231 158 1
2232 22 1
2233 581 0
2234 593 1
2235 586 1
2236 48 1
2237 257 0
2238 296 1
2239 485 1
2240 249 1
2241 545 1
2242 584 1
2243 249 1
2244 547 1
2245 51 0
2246 216 0
2247 23 0
2248 270 1
2249 658 1
2250 455 0
2251 398 1
2252 65 1
2253 89 1
2254 433 1
2255 617 1
2256 59 1
2257 184 1
2258 238 1
2259 109 1
2260 185 1
2261 123 0
2262 241 1
2263 511 0
2264 496 1
2265 311 1
2266 374 0
2267 518 0
2268 557 1
2269 673 1
2270 373 1
2271 56 1
2272 29 1
2273 13 0
2274 418 1
2275 117 1
2276 26 1
2277 196 0
2278 132 0
2279 522 0
2280 388 1
2281 515 0
2282 55 0
2283 394 0
2284 25 1
2285 114 1
2286 614 1
2287 575 0
2288 155 1
2289 102 1
2290 454 1
2291 496 0
2292 333 1
2293 491 0
2294 591 1
2295 29 1
2296 360 1
2297 254 1
2298 641 1
2299 220 1
2300 652 1
2301 257 0
2302 249 1
2303 421 0
2304 485 1
2305 297 1
2306 616 0
2307 484 1
2308 549 0
2309 350 0
2310 501 1
2311 631 1
2312 667 0
2313 341 0
2314 47 1
2315 487 1
2316 639 1
2317 350 0
2318 640 0
2319 484 0
2320 487 1
2321 449 1
2322 638 1
2323 308 0
2324 292 1
2325 159 1
2326 229 1
2327 591 0
2328 189 0
2329 37 0
2330 557 0
2331 679 1
2332 460 1
2333 469 1
2334 313 1
2335 58 1
2336 247 1
2337 160 1
2338 376 0
2339 585 1
2340 319 1
2341 526 1
2342 48 1
2343 509 1
2344 434 0
2345 217 1
2346 134 1
2347 21 0
2348 438 1
2349 206 1
2350 636 1
2351 615 0
2352 387 0
2353 282 1
2354 436 1
2355 496 0
2356 676 1
2357 367 0
2358 524 0
2359 153 0
2360 486 1
2361 463 1
2362 331 1
2363 406 1
2364 38 1
2365 584 1
2366 621 1
2367 71 1
2368 359 0
2369 156 1
2370 412 1
2371 614 1
2372 59 1
2373 325 1
2374 370 1
2375 606 1
2376 465 0
2377 117 1
2378 617 0
2379 629 1
2380 328 1
2381 523 1
2382 117 0
2383 215 1
2384 11 1
2385 335 1
2386 88 1
2387 576 1
2388 442 0
2389 474 0
2390 445 0
2391 309 1
2392 662 0
2393 91 1
2394 141 1
2395 448 0
2396 446 1
2397 356 0
2398 629 1
2399 103 1
2400 6 1
2401 255 1
2402 579 1
2403 665 0
2404 246 1
2405 474 1
2406 181 1
2407 665 1
2408 273 0
2409 635 0
2410 669 1
2411 628 1
2412 438 1
2413 190 0
2414 619 1
2415 347 0
2416 603 1
2417 592 1
2418 627 1
2419 35 1
2420 230 0
2421 76 1
2422 484 1
2423 318 0
2424 10 1
2425 364 1
2426 549 1
2427 434 0
2428 361 1
2429 15 1
2430 661 1
2431 118 1
2432 30 1
2433 150 0
2434 481 1
2435 170 0
2436 439 1
2437 186 0
2438 51 0
2439 65 1
2440 650 0
2441 60 1
2442 485 1
2443 20 1
2444 54 0
2445 467 0
2446 142 1
2447 363 1
2448 488 0
2449 149 1
2450 443 0
2451 64 0
2452 309 0
2453 189 1
2454 627 1
2455 422 1
2456 555 1
2457 437 1
2458 593 1
2459 527 1
2460 365 1
2461 555 0
2462 644 1
2463 552 0
2464 496 1
2465 358 0
2466 85 0
2467 205 1
2468 545 1
2469 627 1
2470 649 1
2471 409 1
2472 597 1
2473 206 0
2474 368 1
2475 350 1
2476 664 1
2477 305 1
2478 337 1
2479 144 0
2480 70 0
2481 29 1
2482 117 0
2483 422 1
2484 501 1
2485 346 1
2486 611 1
2487 188 1
2488 666 1
2489 103 1
2490 191 1
2491 152 1
2492 551 0
2493 547 1
2494 506 0
2495 106 0
2496 386 1
2497 604 0
2498 241 1
2499 357 1
2500 588 1
2501 278 0
2502 651 1
2503 664 1
2504 52 1
2505 56 0
2506 412 0
2507 35 0
2508 410 1
2509 364 1
2510 594 1
2511 6 1
2512 349 0
2513 676 1
2514 149 1
2515 398 1
2516 249 0
2517 448 1
2518 334 0
2519 50 1
2520 391 1
2521 245 1
2522 59 0
2523 280 1
2524 183 1
2525 579 1
2526 51 1
2527 142 1
2528 259 1
2529 55 0
2530 237 1
2531 465 1
2532 321 1
2533 451 0
2534 410 1
2535 233 1
2536 351 0
2537 118 1
2538 79 1
2539 625 1
2540 106 1
2541 104 1
2542 173 0
2543 430 1
2544 129 1
2545 33 1
2546 131 1
2547 597 1
2548 348 1
2549 428 1
2550 61 0
2551 73 1
2552 204 1
2553 439 0
2554 333 1
2555 418 1
2556 652 1
2557 469 1
2558 641 0
2559 322 0
2560 576 1
2561 201 1
2562 597 0
2563 352 1
2564 358 1
2565 345 1
2566 505 1
2567 447 1
2568 481 0
2569 186 0
2570 463 0
2571 445 1
2572 319 1
2573 325 0
2574 197 0
2575 114 1
2576 194 1
2577 673 0
2578 177 0
2579 250 0
2580 189 1
2581 570 1
2582 205 1
2583 469 1
2584 417 1
2585 564 1
2586 451 0
2587 380 0
2588 180 1
2589 666 0
2590 545 1
2591 215 0
2592 288 0
2593 44 0
2594 298 1
2595 65 1
2596 81 1
2597 247 1
2598 166 0
2599 588 0
2600 563 1
2601 527 1
2602 417 0
2603 169 1
2604 254 1
2605 167 0
2606 128 1
2607 51 1
2608 463 1
2609 627 1
2610 133 0
2611 442 1
2612 520 0
2613 244 1
2614 597 1
2615 333 0
2616 496 1
2617 558 0
2618 281 1
2619 151 1
2620 627 1
2621 398 0
2622 573 1
2623 108 1
2624 289 1
2625 310 0
2626 492 1
2627 509 1
2628 505 0
2629 83 1
2630 98 1
2631 646 1
2632 341 1
2633 21 1
2634 188 1
2635 221 0
2636 235 0
2637 635 1
2638 262 0
2639 228 0
2640 671 1
2641 38 1
2642 227 1
2643 559 1
2644 366 0
2645 347 1
2646 251 1
2647 251 0
2648 583 1
2649 407 0
2650 189 1
2651 651 1
2652 440 1
2653 296 1
2654 541 0
2655 318 1
2656 679 1
2657 79 1
2658 96 1
2659 152 1
2660 601 1
2661 119 1
2662 557 0
2663 509 1
2664 387 1
2665 296 0
2666 608 1
2667 64 1
2668 65 1
2669 263 1
2670 500 1
2671 331 1
2672 130 1
2673 599 1
2674 369 0
2675 433 0
2676 314 0
2677 79 1
2678 538 0
2679 396 1
2680 568 0
2681 565 1
2682 23 1
2683 58 1
2684 181 1
2685 439 0
2686 647 1
2687 246 1
2688 244 1
2689 619 0
2690 108 1
2691 649 1
2692 540 1
2693 486 1
2694 381 1
2695 516 0
2696 511 1
2697 510 1
2698 223 1
2699 367 1
2700 634 1
2701 151 1
2702 640 1
2703 442 1
2704 562 0
2705 11 1
2706 498 1
2707 156 1
2708 580 1
2709 77 1
2710 590 1
2711 423 1
2712 60 1
2713 20 0
2714 566 1
2715 560 1
2716 258 1
2717 185 1
2718 300 0
2719 296 1
2720 72 0
2721 596 1
2722 287 1
2723 121 1
2724 460 0
2725 213 0
2726 536 1
2727 535 1
2728 633 1
2729 72 1
2730 8 1
2731 103 1
2732 408 0
2733 229 1
2734 659 0
2735 635 1
2736 152 1
2737 494 1
2738 368 1
2739 243 1
2740 558 0
2741 390 1
2742 156 1
2743 203 1
2744 674 1
2745 373 1
2746 99 0
2747 140 1
2748 637 1
2749 408 1
2750 87 1
2751 540 1
2752 658 1
2753 551 1
2754 34 1
2755 495 0
2756 442 1
2757 199 0
2758 324 1
2759 452 1
2760 549 1
2761 192 0
2762 493 1
2763 220 0
2764 446 1
2765 131 1
2766 55 1
2767 646 1
2768 642 0
2769 380 1
2770 504 1
2771 461 0
2772 146 0
2773 609 1
2774 126 1
2775 532 1
2776 270 1
2777 260 0
2778 248 1
2779 150 1
2780 300 1
2781 293 1
2782 144 1
2783 260 1
2784 648 0
2785 656 1
2786 453 1
2787 483 1
2788 34 1
2789 133 1
2790 409 0
2791 580 1
2792 581 1
2793 378 0
2794 512 0
2795 588 1
2796 129 0
2797 231 0
2798 332 0
2799 125 1
2800 196 1
2801 645 1
2802 154 1
2803 312 1
2804 604 0
2805 221 1
2806 302 1
2807 76 1
2808 25 0
2809 97 1
2810 303 1
2811 541 0
2812 79 1
2813 323 1
2814 327 1
2815 584 1
2816 293 1
2817 237 1
2818 190 1
2819 636 1
2820 187 1
2821 192 0
2822 594 1
2823 437 1
2824 44 1
2825 348 1
2826 412 1
2827 652 0
2828 45 1
2829 94 1
2830 615 1
2831 640 1
2832 549 1
2833 548 0
2834 620 1
2835 598 1
2836 425 0
2837 489 0
2838 252 1
2839 150 1
2840 101 1
2841 643 1
2842 579 1
2843 196 1
2844 655 1
2845 60 0
2846 162 1
2847 563 0
2848 219 1
2849 386 1
2850 127 0
2851 158 1
2852 288 1
2853 83 1
2854 87 1
2855 28 1
2856 603 0
2857 446 1
2858 351 1
2859 318 1
2860 677 0
2861 662 1
2862 272 0
2863 614 1
2864 169 1
2865 522 1
2866 498 1
2867 41 1
2868 392 1
2869 390 0
2870 230 1
2871 412 1
2872 153 0
2873 528 0
2874 564 1
2875 576 0
2876 289 1
2877 593 1
2878 167 1
2879 244 1
2880 593 1
2881 633 1
2882 511 1
2883 261 1
2884 542 0
2885 575 1
2886 261 1
2887 670 1
2888 357 1
2889 111 1
2890 428 0
2891 675 1
2892 309 0
2893 599 1
2894 53 1
2895 5 0
2896 674 1
2897 377 1
2898 376 1
2899 49 1
2900 353 1
2901 203 1
2902 123 1
2903 92 0
2904 583 1
2905 465 0
2906 83 0
2907 114 1
2908 666 1
2909 614 1
2910 621 0
2911 5 1
2912 450 1
2913 441 1
2914 84 0
2915 129 1
2916 178 1
2917 115 1
2918 398 0
2919 525 0
2920 283 0
2921 250 0
2922 388 1
2923 504 1
2924 269 1
2925 285 1
2926 377 0
2927 147 0
2928 416 0
2929 38 1
2930 143 1
2931 1 0
2932 372 1
2933 495 1
2934 195 1
2935 9 0
2936 267 1
2937 38 1
2938 495 1
2939 221 1
2940 172 0
2941 167 1
2942 668 1
2943 441 0
2944 647 1
2945 520 1
2946 390 0
2947 303 1
2948 381 1
2949 470 1
2950 75 1
2951 248 1
2952 610 1
2953 190 0
2954 20 1
2955 381 1
2956 238 0
2957 613 1
2958 607 0
2959 247 1
2960 597 1
2961 556 0
2962 481 0
2963 135 0
2964 42 0
2965 503 1
2966 276 1
2967 332 1
2968 101 0
2969 375 1
2970 125 1
2971 57 1
2972 369 1
2973 334 1
2974 237 1
2975 63 1
2976 540 0
2977 207 1
2978 672 0
2979 140 0
2980 11 1
2981 576 1
2982 587 1
2983 365 0
2984 494 1
2985 554 1
2986 560 1
2987 175 1
2988 474 1
2989 419 1
2990 154 1
2991 611 1
2992 422 0
2993 100 0
2994 224 1
2995 65 1
2996 75 1
2997 394 1
2998 613 1
2999 415 1
3000 563 1
3001 238 1
3002 220 1
3003 565 1
3004 666 1
3005 471 1
3006 107 0
3007 155 1
3008 412 1
3009 560 0
3010 367 1
3011 63 1
3012 458 1
3013 297 1
3014 280 1
3015 562 0
3016 193 0
3017 478 0
3018 406 1
3019 172 1
3020 540 1
3021 533 1
3022 237 1
3023 241 1
3024 7 1
3025 349 0
3026 66 1
3027 560 1
3028 613 1
3029 659 0
3030 633 0
3031 120 1
3032 661 0
3033 304 1
3034 27 1
3035 652 1
3036 312 1
3037 407 1
3038 129 1
3039 391 1
3040 89 0
3041 254 0
3042 217 0
3043 423 0
3044 184 0
3045 108 1
3046 263 0
3047 156 1
3048 571 0
3049 376 1
3050 256 1
3051 358 0
3052 597 1
3053 310 0
3054 53 1
3055 606 0
3056 633 0
3057 41 0
3058 186 0
3059 193 1
3060 58 1
3061 380 1
3062 401 1
3063 309 1
3064 188 1
3065 211 0
3066 97 1
3067 77 1
3068 526 1
3069 484 1
3070 280 1
3071 465 1
3072 590 1
3073 404 1
3074 34 1
3075 211 1
3076 90 0
3077 285 1
3078 319 1
3079 656 1
3080 472 1
3081 16 0
3082 501 1
3083 328 0
3084 352 1
3085 671 0
3086 415 1
3087 185 1
3088 27 0
3089 167 1
3090 250 1
3091 26 1
3092 162 0
3093 576 0
3094 651 1
3095 53 1
3096 484 1
3097 77 0
3098 34 1
3099 526 1
3100 411 1
3101 338 1
3102 38 0
3103 216 1
3104 177 0
3105 0 1
3106 634 1
3107 512 1
3108 82 0
3109 469 1
3110 152 1
3111 241 1
3112 463 1
3113 7 1
3114 596 1
3115 75 1
3116 114 1
3117 346 1
3118 129 0
3119 219 1
3120 138 1
3121 605 0
3122 669 0
3123 80 1
3124 37 1
3125 549 1
3126 264 0
3127 571 0
3128 301 1
3129 289 1
3130 175 0
3131 417 1
3132 650 1
3133 442 1
3134 389 0
3135 277 1
3136 624 1
3137 491 0
3138 384 1
3139 430 1
3140 313 1
3141 355 0
3142 154 1
3143 496 0
3144 568 1
3145 544 0
3146 342 0
3147 225 1
3148 236 1
3149 411 1
3150 393 1
3151 345 1
3152 506 1
3153 15 0
3154 600 0
3155 376 1
3156 617 1
3157 2 1
3158 42 0
3159 418 1
3160 476 1
3161 418 1
3162 564 0
3163 450 1
3164 502 1
3165 362 0
3166 485 0
3167 425 0
3168 57 0
3169 266 1
3170 206 1
3171 635 1
3172 566 0
3173 658 1
3174 456 1
3175 282 1
3176 550 0
3177 135 0
3178 663 1
3179 171 1
3180 383 1
3181 21 1
3182 561 0
3183 245 1
3184 79 1
3185 212 1
3186 474 0
3187 172 0
3188 124 1
3189 160 0
3190 290 1
3191 450 1
3192 335 0
3193 467 1
3194 363 0
3195 676 1
3196 491 1
3197 0 1
3198 208 1
3199 607 1
3200 76 0
3201 316 0
3202 178 1
3203 654 1
3204 382 1
3205 628 0
3206 321 1
3207 153 1
3208 175 1
3209 38 1
3210 578 1
3211 350 0
3212 477 1
3213 506 1
3214 467 1
3215 37 1
3216 445 1
3217 158 1
3218 34 1
3219 119 0
3220 139 1
3221 409 1
3222 209 1
3223 180 1
3224 374 1
3225 115 0
3226 125 0
3227 405 1
3228 7 1
3229 352 0
3230 410 1
3231 82 1
3232 614 0
3233 543 1
3234 244 1
3235 257 1
3236 473 1
3237 587 1
3238 292 0
3239 259 0
3240 306 1
3241 2 1
3242 584 1
3243 226 1
3244 383 1
3245 130 1
3246 159 0
3247 33 0
3248 324 0
3249 614 1
3250 431 1
3251 16 0
3252 49 0
3253 651 1
3254 563 0
3255 199 1
3256 476 0
3257 364 0
3258 480 1
3259 164 1
3260 360 0
3261 41 1
3262 378 1
3263 485 0
3264 651 0
3265 462 1
3266 482 1
3267 370 1
3268 274 1
3269 616 0
3270 443 0
3271 218 0
3272 80 1
3273 492 1
3274 365 1
3275 488 1
3276 142 0
3277 437 1
3278 476 1
3279 414 1
3280 533 1
3281 465 0
3282 547 0
3283 610 0
3284 241 0
3285 170 1
3286 425 0
3287 117 1
3288 163 1
3289 129 1
3290 586 1
3291 317 1
3292 212 0
3293 441 1
3294 60 1
3295 200 0
3296 244 1
3297 120 1
3298 565 0
3299 125 1
3300 340 0
3301 4 1
3302 556 1
3303 334 0
3304 50 1
3305 183 1
3306 146 1
3307 429 1
3308 319 1
3309 238 0
3310 365 1
3311 165 1
3312 168 1
3313 42 1
3314 80 1
3315 52 0
3316 207 1
3317 250 1
3318 49 1
3319 547 1
3320 241 1
3321 352 1
3322 296 1
3323 617 0
3324 291 1
3325 315 0
3326 358 1
3327 587 1
3328 639 1
3329 323 1
3330 412 0
3331 332 1
3332 176 1
3333 576 1
3334 360 0
3335 622 1
3336 238 1
3337 180 1
3338 396 1
3339 342 0
3340 292 0
3341 536 1
3342 330 1
3343 240 1
3344 8 0
3345 73 1
3346 4 1
3347 361 1
3348 180 0
3349 22 1
3350 444 1
3351 205 1
3352 259 0
3353 409 1
3354 502 1
3355 534 0
3356 601 1
3357 381 1
3358 578 0
3359 285 1
3360 250 1
3361 328 1
3362 635 1
3363 178 1
3364 10 0
3365 420 0
3366 37 1
3367 329 1
3368 203 1
3369 15 0
3370 2 1
3371 565 1
3372 5 1
3373 599 1
3374 80 1
3375 362 0
3376 562 1
3377 456 0
3378 443 1
3379 525 1
3380 28 1
3381 228 0
3382 636 0
3383 234 1
3384 488 0
3385 57 1
3386 671 1
3387 158 1
3388 633 1
3389 452 1
3390 153 0
3391 236 0
3392 17 1
3393 297 1
3394 391 1
3395 234 0
3396 152 1
3397 357 1
3398 83 0
3399 140 1
3400 584 1
3401 127 0
3402 564 1
3403 444 0
3404 107 1
3405 422 0
3406 223 0
3407 40 1
3408 415 1
3409 20 1
3410 351 0
3411 418 0
3412 460 1
3413 356 1
3414 430 1
3415 180 1
3416 438 1
3417 102 0
3418 208 0
3419 583 1
3420 635 1
3421 320 0
3422 48 0
3423 290 1
3424 569 1
3425 461 0
3426 309 0
3427 360 0
3428 166 0
3429 506 1
3430 277 1
3431 123 1
3432 57 0
3433 101 0
3434 516 1
3435 453 0
3436 202 1
3437 522 1
3438 197 1
3439 585 0
3440 188 1
3441 622 1
3442 438 1
3443 459 1
3444 212 1
3445 265 0
3446 35 1
3447 397 1
3448 357 1
3449 102 1
3450 375 0
3451 538 1
3452 392 1
3453 19 1
3454 257 1
3455 419 1
3456 162 1
3457 135 1
3458 536 1
3459 269 1
3460 624 1
3461 302 1
3462 114 1
3463 496 1
3464 261 1
3465 537 1
3466 217 1
3467 277 1
3468 520 1
3469 134 0
3470 644 0
3471 415 1
3472 106 1
3473 471 1
3474 336 1
3475 327 1
3476 466 1
3477 132 1
3478 264 1
3479 116 1
3480 290 1
3481 226 1
3482 113 1
3483 180 1
3484 544 1
3485 602 0
3486 59 1
3487 508 0
3488 631 0
3489 424 0
3490 104 1
3491 568 0
3492 445 1
3493 215 1
3494 392 0
3495 428 0
3496 600 0
3497 381 1
3498 222 1
3499 410 1
3500 619 0
3501 596 0
3502 414 1
3503 460 1
3504 339 1
3505 526 0
3506 148 1
3507 78 1
3508 179 1
3509 496 1
3510 368 1
3511 446 1
3512 90 1
3513 194 0
3514 453 0
3515 272 1
3516 1 1
3517 135 0
3518 228 1
3519 654 1
3520 671 1
3521 203 1
3522 106 0
3523 606 0
3524 446 1
3525 49 1
3526 538 0
3527 166 1
3528 514 1
3529 5 1
3530 29 1
3531 552 0
3532 81 0
3533 446 0
3534 474 1
3535 69 1
3536 112 1
3537 477 0
3538 297 0
3539 504 1
3540 569 1
3541 493 1
3542 240 1
3543 120 1
3544 212 0
3545 362 0
3546 147 0
3547 143 0
3548 113 1
3549 410 1
3550 74 1
3551 117 1
3552 495 0
3553 406 1
3554 62 0
3555 599 0
3556 528 1
3557 251 1
3558 391 0
3559 35 1
3560 368 1
3561 588 1
3562 504 1
3563 616 0
3564 386 1
3565 141 1
3566 17 1
3567 647 1
3568 45 1
3569 624 1
3570 348 0
3571 610 1
3572 275 0
3573 156 0
3574 552 1
3575 334 0
3576 462 1
3577 628 0
3578 38 0
3579 520 1
3580 102 1
3581 205 1
3582 112 0
3583 631 0
3584 290 0
3585 136 1
3586 182 1
3587 26 0
3588 120 1
3589 188 0
3590 246 1
3591 106 1
3592 508 1
3593 59 1
3594 363 1
3595 163 1
3596 433 1
3597 585 1
3598 413 1
3599 575 1
3600 304 0
3601 533 1
3602 651 1
3603 8 1
3604 485 0
3605 636 0
3606 590 1
3607 504 1
3608 413 1
3609 29 1
3610 207 0
3611 433 0
3612 433 1
3613 250 1
3614 67 0
3615 61 0
3616 50 1
3617 601 1
3618 345 1
3619 536 1
3620 125 0
3621 627 1
3622 171 1
3623 70 1
3624 79 1
3625 552 1
3626 164 0
3627 670 1
3628 644 1
3629 636 1
3630 259 1
3631 146 1
3632 356 0
3633 626 0
3634 549 1
3635 597 1
3636 39 1
3637 326 1
3638 187 0
3639 539 1
3640 368 0
3641 296 1
3642 38 1
3643 194 1
3644 400 1
3645 330 0
3646 465 1
3647 584 1
3648 416 0
3649 587 1
3650 76 1
3651 25 1
3652 112 1
3653 71 1
3654 620 1
3655 310 1
3656 214 0
3657 584 1
3658 86 0
3659 551 1
3660 546 1
3661 209 0
3662 549 1
3663 344 0
3664 515 1
3665 444 1
3666 628 1
3667 451 1
3668 12 0
3669 233 1
3670 197 1
3671 132 1
3672 342 1
3673 408 0
3674 560 1
3675 234 0
3676 352 1
3677 629 1
3678 428 0
3679 379 1
3680 417 0
3681 599 0
3682 356 1
3683 299 1
3684 637 1
3685 321 1
3686 267 0
3687 309 1
3688 235 1
3689 230 0
3690 188 0
3691 413 1
3692 652 1
3693 506 1
3694 527 1
3695 408 0
3696 93 1
3697 503 0
3698 314 1
3699 10 0
3700 526 1
3701 169 0
3702 530 1
3703 467 1
3704 388 0
3705 72 0
3706 227 1
3707 181 1
3708 39 0
3709 344 1
3710 636 1
3711 151 1
3712 144 0
3713 371 1
3714 96 1
3715 601 1
3716 329 1
3717 352 0
3718 441 0
3719 136 0
3720 581 0
3721 597 0
3722 565 0
3723 328 1
3724 529 1
3725 491 1
3726 617 1
3727 407 1
3728 489 1
3729 284 1
3730 96 1
3731 272 0
3732 40 1
3733 605 1
3734 507 1
3735 502 1
3736 14 1
3737 537 1
3738 262 1
3739 376 0
3740 602 0
3741 598 0
3742 21 1
3743 365 0
3744 168 1
3745 160 1
3746 600 1
3747 9 1
3748 120 1
3749 314 1
3750 292 1
3751 356 0
3752 428 1
3753 77 0
3754 271 0
3755 675 1
3756 640 0
3757 605 1
3758 662 1
3759 236 0
3760 4 0
3761 158 1
3762 20 1
3763 437 0
3764 526 0
3765 88 0
3766 79 0
3767 316 1
3768 530 1
3769 391 1
3770 167 1
3771 59 1
3772 43 0
3773 406 1
3774 19 0
3775 600 1
3776 231 0
3777 500 0
3778 118 1
3779 264 0
3780 200 1
3781 527 0
3782 540 0
3783 531 0
3784 430 1
3785 257 0
3786 372 1
3787 469 1
3788 45 1
3789 313 0
3790 30 0
3791 639 1
3792 183 1
3793 512 1
3794 460 1
3795 11 1
3796 192 1
3797 556 1
3798 574 0
3799 316 1
3800 522 0
3801 666 1
3802 81 0
3803 502 1
3804 523 0
3805 62 0
3806 240 1
3807 134 1
3808 97 1
3809 469 1
3810 487 1
3811 282 1
3812 339 1
3813 604 0
3814 438 0
3815 302 1
3816 5 1
3817 366 1
3818 615 0
3819 85 0
3820 67 1
3821 203 0
3822 466 0
3823 475 1
3824 48 1
3825 313 1
3826 65 1
3827 278 1
3828 626 1
3829 253 0
3830 315 1
3831 536 1
3832 35 1
3833 280 0
3834 155 1
3835 301 1
3836 257 0
3837 274 1
3838 162 1
3839 479 0
3840 206 0
3841 489 0
3842 580 0
3843 419 0
3844 163 1
3845 103 1
3846 420 1
3847 119 1
3848 607 1
3849 426 1
3850 637 0
3851 177 0
3852 425 0
3853 2 1
3854 393 1
3855 542 1
3856 465 1
3857 614 1
3858 311 1
3859 637 1
3860 218 1
3861 273 1
3862 444 1
3863 285 1
3864 536 1
3865 326 1
3866 504 1
3867 451 1
3868 19 1
3869 28 1
3870 678 1
3871 204 1
3872 114 1
3873 574 0
3874 364 1
3875 220 1
3876 335 1
3877 284 1
3878 629 0
3879 471 1
3880 346 1
3881 170 0
3882 493 0
3883 291 1
3884 139 1
3885 117 0
3886 82 0
3887 346 0
3888 205 0
3889 493 0
3890 515 1
3891 88 1
3892 270 0
3893 142 1
3894 6 0
3895 577 1
3896 475 0
3897 266 0
3898 562 0
3899 545 1
3900 621 1
3901 583 1
3902 48 1
3903 643 1
3904 361 0
3905 439 1
3906 234 0
3907 663 1
3908 643 1
3909 596 0
3910 483 1
3911 66 1
3912 434 0
3913 311 1
3914 634 0
3915 633 0
3916 583 1
3917 342 1
3918 658 1
3919 501 0
3920 506 0
3921 280 1
3922 659 0
3923 436 1
3924 261 1
3925 464 0
3926 39 1
3927 87 1
3928 56 1
3929 405 1
3930 319 0
3931 458 1
3932 215 0
3933 46 1
3934 170 0
3935 406 1
3936 679 1
3937 480 1
3938 14 1
3939 344 1
3940 333 0
3941 83 0
3942 404 1
3943 589 0
3944 442 1
3945 342 1
3946 673 0
3947 176 1
3948 665 0
3949 274 0
3950 513 0
3951 575 1
3952 431 1
3953 234 1
3954 483 1
3955 464 1
3956 451 0
3957 381 1
3958 590 0
3959 379 1
3960 477 0
3961 178 0
3962 586 1
3963 551 1
3964 320 1
3965 470 0
3966 570 0
3967 537 1
3968 612 0
3969 510 0
3970 541 1
3971 297 0
3972 585 0
3973 232 1
3974 33 1
3975 40 1
3976 526 1
3977 173 0
3978 316 1
3979 196 0
3980 614 1
3981 109 1
3982 224 1
3983 569 1
3984 609 0
3985 188 1
3986 565 1
3987 528 1
3988 228 1
3989 158 1
3990 564 1
3991 92 0
3992 161 1
3993 163 0
3994 54 1
3995 434 1
3996 217 1
3997 492 1
3998 254 1
3999 214 1
4000 652 0
4001 271 1
4002 80 1
4003 72 1
4004 623 1
4005 569 0
4006 173 1
4007 238 1
4008 544 0
4009 557 1
4010 504 1
4011 587 0
4012 471 1
4013 99 1
4014 525 0
4015 654 1
4016 36 1
4017 651 1
4018 236 0
4019 296 0
4020 17 0
4021 7 0
4022 591 0
4023 270 0
4024 391 1
4025 246 0
4026 202 0
4027 554 0
4028 296 1
4029 592 1
4030 287 0
4031 383 1
4032 131 1
4033 311 1
4034 269 1
4035 418 1
4036 536 1
4037 349 1
4038 416 1
4039 647 1
4040 382 1
4041 87 0
4042 238 1
4043 323 1
4044 615 1
4045 548 0
4046 673 0
4047 289 1
4048 605 1
4049 235 1
4050 271 0
4051 353 1
4052 271 0
4053 319 1
4054 258 0
4055 7 1
4056 372 1
4057 289 0
4058 608 1
4059 338 1
4060 39 1
4061 509 0
4062 458 1
4063 452 0
4064 590 1
4065 322 0
4066 661 0
4067 180 1
4068 313 0
4069 132 1
4070 659 1
4071 276 0
4072 105 1
4073 154 1
4074 370 1
4075 320 1
4076 19 1
4077 58 0
4078 267 1
4079 476 1
4080 518 0
4081 230 1
4082 537 1
4083 495 1
4084 103 0
4085 486 1
4086 510 0
4087 433 0
4088 520 1
4089 393 1
4090 272 0
4091 363 1
4092 607 1
4093 512 1
4094 124 0
4095 116 1
4096 299 1
4097 205 1
4098 630 0
4099 72 1
4100 392 0
4101 135 1
4102 385 0
4103 582 1
4104 220 0
4105 179 0
4106 74 1
4107 656 1
4108 28 0
4109 68 1
4110 670 0
4111 666 0
4112 404 0
4113 190 0
4114 635 1
4115 279 0
4116 565 1
4117 314 1
4118 46 0
4119 239 0
4120 384 1
4121 632 1
4122 24 1
4123 332 1
4124 289 0
4125 76 1
4126 457 0
4127 313 0
4128 125 0
4129 407 1
4130 510 0
4131 300 0
4132 292 1
4133 409 1
4134 151 1
4135 478 1
4136 258 1
4137 58 1
4138 102 0
4139 207 1
4140 534 1
4141 415 1
4142 346 0
4143 237 1
4144 296 1
4145 424 1
4146 523 1
4147 265 0
4148 531 0
4149 347 1
4150 386 1
4151 282 0
4152 319 1
4153 670 0
4154 474 1
4155 557 0
4156 353 0
4157 384 0
4158 85 1
4159 106 1
4160 459 1
4161 251 1
4162 448 1
4163 438 1
4164 126 1
4165 174 1
4166 674 1
4167 92 1
4168 540 1
4169 607 0
4170 24 0
4171 406 1
4172 521 1
4173 140 0
4174 605 1
4175 52 1
4176 650 1
4177 6 0
4178 436 1
4179 589 1
4180 166 1
4181 139 1
4182 155 0
4183 346 1
4184 187 0
4185 93 0
4186 502 0
4187 461 1
4188 483 1
4189 14 1
4190 592 1
4191 112 1
4192 115 1
4193 44 1
4194 179 1
4195 178 1
4196 461 1
4197 507 0
4198 294 1
4199 504 0
4200 191 1
4201 564 1
4202 418 0
4203 228 1
4204 11 0
4205 501 1
4206 54 1
4207 358 1
4208 347 0
4209 464 1
4210 100 1
4211 65 1
4212 577 1
4213 371 1
4214 489 0
4215 544 0
4216 665 1
4217 565 1
4218 646 1
4219 368 1
4220 101 1
4221 452 0
4222 546 0
4223 196 0
4224 277 0
4225 613 1
4226 367 1
4227 259 1
4228 442 1
4229 455 1
4230 18 0
4231 676 0
4232 620 1
4233 151 1
4234 419 1
4235 435 1
4236 581 1
4237 547 0
4238 82 1
4239 533 1
4240 468 1
4241 56 1
4242 464 0
4243 292 0
4244 10 0
4245 94 1
4246 131 1
4247 456 0
4248 523 0
4249 529 1
4250 318 0
4251 527 0
4252 235 0
4253 667 1
4254 202 1
4255 548 1
4256 307 1
4257 18 1
4258 665 1
4259 614 1
4260 249 1
4261 320 0
4262 670 1
4263 195 1
4264 575 1
4265 520 1
4266 72 0
4267 305 1
4268 507 0
4269 497 1
4270 4 1
4271 444 1
4272 35 0
4273 19 1
4274 644 0
4275 439 1
4276 533 0
4277 338 0
4278 47 1
4279 228 1
4280 450 1
4281 580 1
4282 181 1
4283 574 0
4284 369 1
4285 333 1
4286 502 1
4287 429 0
4288 431 1
4289 429 1
4290 401 1
4291 481 0
4292 140 0
4293 649 0
4294 544 0
4295 554 0
4296 10 1
4297 29 1
4298 403 0
4299 495 1
4300 187 0
4301 337 0
4302 118 1
4303 418 0
4304 534 1
4305 265 0
4306 100 0
4307 253 1
4308 77 1
4309 171 0
4310 164 1
4311 128 0
4312 243 0
4313 110 0
4314 633 1
4315 610 1
4316 626 0
4317 574 1
4318 226 0
4319 615 0
4320 224 0
4321 80 0
4322 11 1
4323 436 1
4324 428 1
4325 454 1
4326 525 1
4327 639 1
4328 612 0
4329 607 1
4330 418 1
4331 450 1
4332 677 1
4333 430 1
4334 528 0
4335 177 1
4336 309 1
4337 268 1
4338 463 0
4339 153 1
4340 376 0
4341 676 1
4342 510 0
4343 181 1
4344 320 1
4345 72 0
4346 518 0
4347 424 1
4348 58 1
4349 59 0
4350 283 1
4351 531 1
4352 366 1
4353 657 1
4354 568 0
4355 233 0
4356 57 0
4357 357 0
4358 481 1
4359 75 1
4360 391 0
4361 181 0
4362 670 1
4363 65 1
4364 523 1
4365 507 1
4366 105 0
4367 590 1
4368 95 1
4369 620 1
4370 569 1
4371 672 0
4372 148 1
4373 259 0
4374 632 1
4375 71 1
4376 353 0
4377 445 0
4378 601 0
4379 136 1
4380 251 1
4381 442 1
4382 66 1
4383 147 0
4384 664 0
4385 569 1
4386 557 1
4387 245 1
4388 102 0
4389 527 1
4390 30 1
4391 143 1
4392 595 1
4393 471 1
4394 35 1
4395 153 1
4396 314 1
4397 642 1
4398 12 1
4399 286 1
4400 492 1
4401 295 0
4402 608 1
4403 267 1
4404 236 1
4405 510 0
4406 585 0
4407 393 1
4408 305 1
4409 208 0
4410 407 0
4411 498 1
4412 149 1
4413 167 1
4414 185 0
4415 30 1
4416 373 1
4417 240 1
4418 57 1
4419 76 1
4420 494 1
4421 303 1
4422 303 1
4423 643 1
4424 497 1
4425 13 0
4426 533 0
4427 139 1
4428 36 0
4429 163 0
4430 503 0
4431 92 0
4432 391 0
4433 242 0
4434 583 1
4435 614 1
4436 97 1
4437 412 0
4438 679 1
4439 73 1
4440 547 1
4441 465 0
4442 471 1
4443 274 1
4444 654 1
4445 601 1
4446 375 1
4447 546 1
4448 89 0
4449 408 1
4450 299 1
4451 134 0
4452 196 1
4453 668 1
4454 114 0
4455 436 1
4456 21 1
4457 253 0
4458 18 1
4459 63 1
4460 157 1
4461 342 1
4462 550 1
4463 619 0
4464 61 1
4465 377 0
4466 306 1
4467 628 1
4468 122 1
4469 570 1
4470 423 1
4471 90 1
4472 419 1
4473 552 1
4474 191 1
4475 430 1
4476 472 1
4477 201 1
4478 45 0
4479 47 0
4480 104 0
4481 339 1
4482 679 1
4483 232 1
4484 649 1
4485 231 0
4486 320 1
4487 580 0
4488 537 0
4489 369 1
4490 259 1
4491 269 1
4492 636 0
4493 267 1
4494 355 0
4495 660 1
4496 610 1
4497 61 1
4498 480 1
4499 475 1
4500 288 1
4501 33 1
4502 92 1
4503 412 1
4504 129 1
4505 422 1
4506 645 1
4507 440 0
4508 226 1
4509 475 0
4510 213 1
4511 104 1
4512 647 0
4513 497 0
4514 331 1
4515 88 1
4516 191 1
4517 291 1
4518 350 1
4519 104 1
4520 550 1
4521 60 1
4522 411 1
4523 309 1
4524 400 1
4525 283 1
4526 303 1
4527 501 1
4528 553 1
4529 590 1
4530 610 0
4531 567 1
4532 416 1
4533 148 0
4534 626 1
4535 310 1
4536 652 1
4537 76 1
4538 63 1
4539 212 1
4540 361 1
4541 140 1
4542 75 1
4543 127 1
4544 23 1
4545 576 1
4546 333 1
4547 499 1
4548 385 0
4549 28 1
4550 93 0
4551 444 0
4552 581 0
4553 320 1
4554 225 1
4555 171 1
4556 220 1
4557 315 1
4558 17 0
4559 667 1
4560 352 0
4561 547 1
4562 218 0
4563 627 1
4564 206 1
4565 551 1
4566 58 1
4567 236 1
4568 156 1
4569 348 1
4570 281 1
4571 32 1
4572 24 1
4573 540 0
4574 662 0
4575 82 1
4576 282 0
4577 84 1
4578 188 1
4579 167 1
4580 302 1
4581 14 0
4582 227 1
4583 65 1
4584 679 1
4585 509 1
4586 253 0
4587 397 1
4588 633 1
4589 191 0
4590 528 1
4591 14 1
4592 95 0
4593 374 1
4594 425 1
4595 549 1
4596 452 0
4597 280 1
4598 6 1
4599 255 0
4600 631 1
4601 29 0
4602 498 0
4603 226 1
4604 427 1
4605 131 1
4606 562 1
4607 277 0
4608 667 1
4609 132 1
4610 384 1
4611 204 0
4612 309 0
4613 28 1
4614 22 1
4615 64 0
4616 112 1
4617 601 1
4618 263 1
4619 126 0
4620 436 0
4621 157 1
4622 275 1
4623 168 1
4624 277 0
4625 419 0
4626 175 1
4627 11 1
4628 300 1
4629 672 1
4630 619 0
4631 39 1
4632 574 0
4633 405 1
4634 660 0
4635 40 1
4636 110 1
4637 607 0
4638 504 1
4639 392 0
4640 269 1
4641 507 0
4642 499 1
4643 672 1
4644 302 1
4645 57 1
4646 465 0
4647 36 0
4648 481 1
4649 388 1
4650 293 1
4651 621 1
4652 626 1
4653 405 1
4654 517 1
4655 295 1
4656 673 1
4657 166 0
4658 513 1
4659 228 0
4660 567 0
4661 120 1
4662 254 0
4663 455 0
4664 470 1
4665 260 0
4666 464 1
4667 231 0
4668 71 1
4669 476 1
4670 625 1
4671 438 0
4672 86 1
4673 48 1
4674 506 1
4675 479 0
4676 306 1
4677 489 1
4678 628 1
4679 360 0
4680 44 1
4681 246 1
4682 143 1
4683 662 1
4684 177 0
4685 418 1
4686 421 1
4687 485 0
4688 524 1
4689 300 1
4690 426 1
4691 616 0
4692 571 0
4693 485 1
4694 306 1
4695 2 0
4696 659 1
4697 50 0
4698 469 1
4699 80 0
4700 362 1
4701 641 1
4702 418 1
4703 355 1
4704 596 1
4705 612 1
4706 499 1
4707 266 1
4708 590 1
4709 654 0
4710 110 0
4711 566 1
4712 649 1
4713 635 1
4714 520 1
4715 277 1
4716 277 0
4717 49 1
4718 429 0
4719 277 1
4720 124 1
4721 7 0
4722 502 1
4723 206 0
4724 89 1
4725 500 0
4726 581 0
4727 32 1
4728 194 1
4729 182 1
4730 574 0
4731 108 1
4732 18 0
4733 58 0
4734 306 1
4735 664 1
4736 417 1
4737 246 1
4738 8 0
4739 395 1
4740 377 0
4741 169 0
4742 601 1
4743 21 0
4744 613 0
4745 21 0
4746 663 1
4747 551 0
4748 158 1
4749 192 1
4750 137 1
4751 640 0
4752 591 1
4753 537 0
4754 403 1
4755 441 1
4756 467 1
4757 250 1
4758 557 1
4759 247 0
4760 347 1
4761 190 1
4762 269 0
4763 627 0
4764 544 1
4765 637 0
4766 59 1
4767 300 1
4768 547 1
4769 314 0
4770 282 0
4771 114 0
4772 558 1
4773 202 1
4774 381 1
4775 246 1
4776 462 1
4777 123 1
4778 370 1
4779 223 0
4780 82 0
4781 660 0
4782 521 0
4783 664 1
4784 437 1
4785 403 1
4786 373 1
4787 533 1
4788 627 1
4789 7 1
4790 120 1
4791 248 1
4792 562 1
4793 506 1
4794 314 1
4795 359 1
4796 654 1
4797 409 1
4798 491 1
4799 628 1
4800 11 0
4801 32 0
4802 614 1
4803 509 1
4804 492 1
4805 81 1
4806 514 1
4807 387 0
4808 445 1
4809 520 0
4810 6 1
4811 219 0
4812 410 1
4813 220 1
4814 214 0
4815 342 0
4816 392 0
4817 354 1
4818 131 0
4819 79 0
4820 316 1
4821 299 0
4822 234 0
4823 418 1
4824 643 1
4825 502 1
4826 330 1
4827 502 0
4828 541 1
4829 26 0
4830 211 1
4831 45 1
4832 486 1
4833 674 1
4834 327 1
4835 304 1
4836 658 1
4837 113 1
4838 354 0
4839 83 1
4840 533 1
4841 287 1
4842 498 0
4843 668 0
4844 152 1
4845 179 0
4846 126 1
4847 583 0
4848 495 1
4849 421 1
4850 394 0
4851 657 0
4852 520 1
4853 584 1
4854 365 0
4855 384 1
4856 316 0
4857 146 1
4858 653 0
4859 366 0
4860 20 1
4861 105 1
4862 641 0
4863 630 0
4864 457 1
4865 343 1
4866 288 0
4867 544 1
4868 283 0
4869 195 1
4870 180 1
4871 611 1
4872 315 1
4873 503 0
4874 84 1
4875 158 0
4876 478 1
4877 675 1
4878 272 1
4879 640 1
4880 189 0
4881 222 1
4882 495 1
4883 479 1
4884 279 1
4885 491 1
4886 318 1
4887 21 1
4888 244 1
4889 113 1
4890 586 1
4891 178 1
4892 408 1
4893 568 0
4894 671 1
4895 602 1
4896 575 0
4897 659 0
4898 527 1
4899 361 1
4900 196 0
4901 458 0
4902 210 1
4903 339 1
4904 196 1
4905 656 1
4906 597 1
4907 230 0
4908 199 0
4909 69 1
4910 390 0
4911 372 1
4912 432 1
4913 548 0
4914 553 1
4915 406 0
4916 17 1
4917 328 0
4918 408 1
4919 554 1
4920 312 1
4921 450 1
4922 556 0
4923 298 0
4924 671 1
4925 139 1
4926 104 1
4927 411 1
4928 478 1
4929 8 1
4930 380 0
4931 164 1
4932 342 1
4933 496 1
4934 480 1
4935 418 1
4936 93 1
4937 638 0
4938 189 1
4939 470 1
4940 368 0
4941 177 1
4942 184 1
4943 73 1
4944 59 1
4945 77 0
4946 367 1
4947 580 1
4948 54 1
4949 396 1
4950 640 1
4951 262 0
4952 323 1
4953 319 0
4954 349 1
4955 436 0
4956 462 0
4957 382 1
4958 394 1
4959 372 1
4960 408 1
4961 85 1
4962 11 1
4963 420 1
4964 254 1
4965 343 0
4966 271 0
4967 564 1
4968 18 1
4969 298 0
4970 313 1
4971 404 1
4972 411 1
4973 614 1
4974 305 0
4975 451 0
4976 628 0
4977 552 1
4978 265 1
4979 576 1
4980 301 1
4981 350 0
4982 588 1
4983 358 1
4984 438 1
4985 293 1
4986 454 1
4987 590 1
4988 548 0
4989 183 1
4990 575 0
4991 79 1
4992 362 1
4993 354 1
4994 117 1
4995 212 0
4996 105 1
4997 183 1
4998 117 0
4999 492 1
5000 390 1
5001 370 1
5002 547 0
5003 222 0
5004 549 1
5005 462 1
5006 232 1
5007 159 1
5008 365 1
5009 287 1
5010 507 1
5011 645 1
5012 253 1
5013 497 0
5014 561 1
5015 669 1
5016 287 0
5017 180 1
5018 256 0
5019 314 1
5020 0 0
5021 313 0
5022 510 0
5023 572 1
5024 49 0
5025 294 0
5026 422 1
5027 360 1
5028 407 1
5029 110 0
5030 231 1
5031 304 1
5032 75 1
5033 416 1
5034 78 1
5035 328 0
5036 19 1
5037 56 1
5038 305 1
5039 469 1
5040 551 1
5041 654 0
5042 214 1
5043 160 0
5044 255 1
5045 101 1
5046 242 1
5047 68 1
5048 209 0
5049 520 1
5050 408 0
5051 111 0
5052 1 1
5053 21 0
5054 539 0
5055 404 1
5056 317 1
5057 23 1
5058 584 1
5059 344 0
5060 326 0
5061 390 1
5062 43 1
5063 629 1
5064 135 0
5065 284 1
5066 381 1
5067 587 1
5068 306 1
5069 432 1
5070 162 0
5071 575 0
5072 406 1
5073 74 1
5074 654 1
5075 341 1
5076 55 0
5077 612 0
5078 382 0
5079 95 1
5080 222 1
5081 125 1
5082 647 1
5083 177 1
5084 384 1
5085 311 1
5086 85 1
5087 89 0
5088 549 1
5089 673 0
5090 453 1
5091 567 0
5092 130 1
5093 479 1
5094 252 1
5095 93 1
5096 145 1
5097 269 0
5098 674 1
5099 258 1
5100 375 1
5101 116 1
5102 519 1
5103 15 0
5104 368 1
5105 655 1
5106 86 0
5107 394 1
5108 233 0
5109 600 0
5110 511 1
5111 151 1
5112 656 1
5113 641 1
5114 58 1
5115 221 0
5116 404 1
5117 509 1
5118 543 1
5119 504 1
5120 276 0
5121 117 1
5122 214 1
5123 323 1
5124 448 1
5125 677 0
5126 2 1
5127 128 0
5128 313 1
5129 501 1
5130 52 1
5131 677 1
5132 253 1
5133 571 1
5134 223 1
5135 92 1
5136 67 1
5137 606 0
5138 465 0
5139 472 1
5140 366 1
5141 385 1
5142 362 1
5143 90 1
5144 474 1
5145 238 1
5146 379 1
5147 174 1
5148 614 1
5149 620 0
5150 333 0
5151 528 1
5152 539 1
5153 553 1
5154 577 1
5155 430 0
5156 559 1
5157 503 0
5158 649 0
5159 660 1
5160 249 1
5161 162 0
5162 326 1
5163 452 0
5164 147 1
5165 289 1
5166 170 1
5167 73 0
5168 337 0
5169 225 1
5170 36 1
5171 369 1
5172 112 1
5173 453 0
5174 529 0
5175 397 1
5176 525 0
5177 599 1
5178 641 0
5179 304 1
5180 637 0
5181 460 1
5182 475 1
5183 580 1
5184 224 0
5185 238 0
5186 101 0
5187 472 1
5188 671 0
5189 39 1
5190 552 1
5191 492 1
5192 188 1
5193 184 1
5194 655 0
5195 129 1
5196 146 1
5197 483 1
5198 187 1
5199 498 1
5200 381 1
5201 416 0
5202 664 1
5203 440 0
5204 326 1
5205 240 1
5206 107 0
5207 211 1
5208 208 0
5209 189 1
5210 76 0
5211 668 0
5212 653 0
5213 588 1
5214 599 0
5215 316 1
5216 462 1
5217 654 1
5218 4 1
5219 38 1
5220 213 0
5221 145 1
5222 203 0
5223 361 1
5224 625 1
5225 466 1
5226 61 1
5227 668 1
5228 542 1
5229 491 1
5230 174 1
5231 81 0
5232 603 1
5233 19 0
5234 470 1
5235 130 0
5236 207 1
5237 68 0
5238 505 1
5239 565 1
5240 172 1
5241 215 0
5242 422 0
5243 564 0
5244 523 1
5245 65 1
5246 374 1
5247 270 0
5248 74 1
5249 224 1
5250 218 1
5251 163 1
5252 375 1
5253 580 0
5254 405 0
5255 266 1
5256 561 1
5257 555 1
5258 429 1
5259 588 1
5260 134 0
5261 586 1
5262 544 1
5263 677 0
5264 465 1
5265 226 0
5266 192 1
5267 300 1
5268 494 1
5269 383 0
5270 538 0
5271 669 1
5272 323 1
5273 595 1
5274 175 1
5275 640 1
5276 222 0
5277 561 1
5278 42 1
5279 449 1
5280 523 1
5281 254 1
5282 257 0
5283 475 1
5284 499 0
5285 163 0
5286 20 1
5287 521 0
5288 312 0
5289 31 1
5290 556 1
5291 540 1
5292 538 1
5293 609 1
5294 43 1
5295 24 1
5296 373 1
5297 474 1
5298 578 1
5299 446 0
5300 193 1
5301 371 1
5302 505 0
5303 301 0
5304 392 0
5305 496 1
5306 324 0
5307 111 1
5308 521 0
5309 380 0
5310 418 1
5311 323 1
5312 555 1
5313 487 1
5314 131 1
5315 595 1
5316 55 0
5317 282 1
5318 242 1
5319 442 1
5320 235 1
5321 647 0
5322 359 1
5323 359 0
5324 119 0
5325 509 0
5326 463 1
5327 394 0
5328 13 1
5329 664 0
5330 198 0
5331 213 1
5332 609 0
5333 558 1
5334 398 0
5335 678 0
5336 322 1
5337 258 1
5338 44 1
5339 626 1
5340 548 0
5341 446 1
5342 351 1
5343 542 0
5344 105 1
5345 381 1
5346 170 0
5347 301 1
5348 282 1
5349 143 0
5350 243 1
5351 379 0
5352 659 1
5353 311 1
5354 318 0
5355 59 0
5356 456 0
5357 389 1
5358 409 0
5359 363 1
5360 523 1
5361 562 1
5362 404 1
5363 537 0
5364 658 1
5365 431 0
5366 14 0
5367 530 0
5368 383 1
5369 569 0
5370 162 0
5371 207 1
5372 198 1
5373 617 1
5374 41 1
5375 186 0
5376 110 1
5377 321 1
5378 547 1
5379 392 0
5380 52 1
5381 618 0
5382 570 0
5383 60 1
5384 374 1
5385 167 1
5386 321 1
5387 219 1
5388 164 1
5389 191 0
5390 201 0
5391 641 1
5392 61 0
5393 17 1
5394 333 1
5395 325 1
5396 298 1
5397 452 1
5398 475 0
5399 334 1
5400 77 0
5401 450 1
5402 69 1
5403 110 1
5404 569 0
5405 182 1
5406 422 1
5407 146 0
5408 169 1
5409 411 0
5410 318 1
5411 80 0
5412 191 1
5413 420 1
5414 660 1
5415 28 1
5416 321 0
5417 456 1
5418 339 1
5419 367 1
5420 611 0
5421 63 1
5422 436 1
5423 156 0
5424 670 1
5425 300 1
5426 495 1
5427 668 1
5428 657 1
5429 416 1
5430 355 1
5431 15 1
5432 114 1
5433 258 1
5434 101 1
5435 426 1
5436 238 0
5437 385 1
5438 443 1
5439 472 1
5440 300 1
5441 613 1
5442 217 1
5443 417 1
5444 74 0
5445 153 0
5446 342 1
5447 170 0
5448 384 1
5449 654 1
5450 118 1
5451 518 1
5452 82 1
5453 223 0
5454 637 1
5455 23 0
5456 659 0
5457 669 1
5458 302 0
5459 392 1
5460 432 1
5461 549 1
5462 457 0
5463 424 0
5464 340 0
5465 519 1
5466 671 1
5467 6 1
5468 324 1
5469 342 1
5470 244 0
5471 283 1
5472 66 0
5473 293 1
5474 550 1
5475 616 1
5476 294 1
5477 270 1
5478 397 0
5479 105 1
5480 156 0
5481 387 1
5482 173 0
5483 644 1
5484 367 1
5485 651 0
5486 416 1
5487 579 0
5488 398 1
5489 594 0
5490 621 1
5491 443 1
5492 80 0
5493 179 0
5494 471 1
5495 406 0
5496 100 1
5497 519 1
5498 250 0
5499 642 1
5500 535 1
5501 421 1
5502 611 0
5503 370 0
5504 257 0
5505 342 1
5506 7 0
5507 306 0
5508 11 0
5509 564 1
5510 385 1
5511 174 0
5512 147 1
5513 502 0
5514 370 1
5515 79 1
5516 142 0
5517 240 1
5518 12 1
5519 19 1
5520 215 0
5521 340 1
5522 338 0
5523 53 1
5524 195 1
5525 576 1
5526 651 1
5527 129 0
5528 84 0
5529 259 1
5530 159 1
5531 551 1
5532 30 1
5533 119 1
5534 594 0
5535 184 0
5536 371 0
5537 647 1
5538 234 0
5539 251 0
5540 509 1
5541 73 0
5542 217 1
5543 470 0
5544 25 1
5545 628 0
5546 260 0
5547 358 1
5548 356 1
5549 206 1
5550 359 0
5551 16 1
5552 659 0
5553 80 1
5554 4 0
5555 259 0
5556 350 1
5557 186 0
5558 279 1
5559 61 1
5560 578 0
5561 233 1
5562 254 0
5563 322 1
5564 133 1
5565 624 1
5566 110 1
5567 415 1
5568 496 1
5569 47 1
5570 570 1
5571 205 0
5572 382 0
5573 552 1
5574 112 1
5575 30 1
5576 367 1
5577 593 0
5578 599 1
5579 295 0
5580 635 1
5581 290 0
5582 624 0
5583 579 1
5584 137 1
5585 132 1
5586 676 0
5587 140 0
5588 473 1
5589 104 0
5590 497 1
5591 212 0
5592 142 0
5593 550 1
5594 105 0
5595 538 0
5596 22 0
5597 678 0
5598 598 1
5599 407 1
5600 396 0
5601 634 1
5602 621 1
5603 644 1
5604 530 1
5605 616 0
5606 75 0
5607 277 0
5608 146 0
5609 150 0
5610 609 1
5611 183 0
5612 29 1
5613 598 0
5614 80 1
5615 426 0
5616 608 1
5617 61 1
5618 219 1
5619 29 1
5620 646 0
5621 162 1
5622 666 0
5623 258 1
5624 330 0
5625 255 1
5626 289 0
5627 83 1
5628 620 0
5629 10 1
5630 70 1
5631 113 1
5632 10 1
5633 293 0
5634 624 0
5635 43 0
5636 31 1
5637 503 0
5638 516 0
5639 21 1
5640 233 0
5641 171 0
5642 587 1
5643 34 1
5644 128 1
5645 164 1
5646 225 0
5647 621 1
5648 323 0
5649 209 0
5650 172 1
5651 49 1
5652 330 0
5653 645 1
5654 249 0
5655 77 1
5656 7 1
5657 198 1
5658 375 1
5659 314 0
5660 20 1
5661 445 1
5662 627 1
5663 353 1
5664 237 1
5665 410 1
5666 7 1
5667 486 1
5668 76 0
5669 375 1
5670 310 0
5671 0 1
5672 573 1
5673 104 0
5674 174 1
5675 643 1
5676 88 0
5677 313 1
5678 668 1
5679 178 1
5680 293 0
5681 507 1
5682 111 1
5683 381 0
5684 509 0
5685 257 0
5686 401 0
5687 329 0
5688 200 0
5689 435 1
5690 44 1
5691 569 1
5692 0 0
5693 592 0
5694 61 1
5695 637 1
5696 422 1
5697 526 1
5698 522 1
5699 337 0
5700 175 1
5701 363 1
5702 44 1
5703 616 1
5704 190 1
5705 490 1
5706 514 1
5707 112 1
5708 454 1
5709 246 1
5710 411 1
5711 613 0
5712 541 0
5713 431 1
5714 430 1
5715 607 0
5716 3 1
5717 119 0
5718 46 1
5719 35 1
5720 170 1
5721 344 1
5722 98 0
5723 391 1
5724 224 1
5725 132 1
5726 162 1
5727 661 0
5728 269 1
5729 150 1
5730 501 0
5731 369 1
5732 663 1
5733 168 1
5734 415 0
5735 139 0
5736 602 1
5737 463 1
5738 3 0
5739 444 0
5740 4 1
5741 55 1
5742 514 0
5743 613 1
5744 320 0
5745 674 1
5746 457 0
5747 263 1
5748 172 1
5749 343 1
5750 507 1
5751 238 1
5752 157 1
5753 449 0
5754 67 0
5755 259 0
5756 662 1
5757 662 1
5758 222 1
5759 471 1
5760 296 1
5761 301 1
5762 22 1
5763 386 1
5764 315 0
5765 526 0
5766 403 0
5767 444 0
5768 657 1
5769 592 0
5770 172 1
5771 541 0
5772 358 0
5773 523 1
5774 55 1
5775 188 1
5776 652 1
5777 297 1
5778 245 1
5779 61 1
5780 477 1
5781 447 1
5782 544 0
5783 633 0
5784 170 1
5785 438 1
5786 589 1
5787 496 0
5788 567 1
5789 41 0
5790 526 1
5791 166 0
5792 462 1
5793 237 1
5794 210 0
5795 331 0
5796 629 1
5797 632 0
5798 183 1
5799 207 1
5800 322 1
5801 567 1
5802 9 1
5803 372 1
5804 595 1
5805 390 1
5806 514 1
5807 555 1
5808 211 1
5809 195 1
5810 154 1
5811 173 1
5812 497 1
5813 341 0
5814 582 1
5815 97 1
5816 386 0
5817 201 1
5818 240 1
5819 163 1
5820 306 0
5821 340 1
5822 302 0
5823 308 0
5824 72 1
5825 679 1
5826 221 0
5827 74 0
5828 170 1
5829 463 1
5830 156 1
5831 42 1
5832 545 1
5833 1 1
5834 136 0
5835 4 0
5836 462 1
5837 326 0
5838 304 0
5839 469 1
5840 201 1
5841 346 1
5842 386 1
5843 205 1
5844 581 1
5845 245 1
5846 422 1
5847 216 1
5848 402 0
5849 137 0
5850 126 1
5851 44 0
5852 358 1
5853 544 1
5854 68 1
5855 230 0
5856 418 0
5857 436 1
5858 61 0
5859 425 1
5860 502 1
5861 444 1
5862 150 0
5863 276 1
5864 69 1
5865 155 1
5866 554 0
5867 527 0
5868 314 1
5869 86 1
5870 469 1
5871 396 0
5872 637 0
5873 204 0
5874 537 1
5875 405 1
5876 363 1
5877 348 0
5878 21 1
5879 130 1
5880 357 0
5881 158 1
5882 356 0
5883 336 1
5884 141 1
5885 245 1
5886 483 1
5887 9 1
5888 665 1
5889 203 0
5890 458 1
5891 626 1
5892 649 0
5893 527 1
5894 239 1
5895 504 1
5896 134 1
5897 573 1
5898 412 1
5899 353 0
5900 396 1
5901 483 1
5902 303 0
5903 512 1
5904 322 0
5905 3 1
5906 387 0
5907 242 1
5908 116 1
5909 90 1
5910 491 1
5911 17 1
5912 449 1
5913 181 1
5914 11 0
5915 54 1
5916 197 1
5917 480 1
5918 94 1
5919 661 1
5920 220 1
5921 516 1
5922 357 1
5923 156 1
5924 465 1
5925 22 0
5926 33 0
5927 646 1
5928 501 1
5929 536 0
5930 426 1
5931 112 1
5932 320 1
5933 315 1
5934 97 1
5935 574 0
5936 576 1
5937 116 1
5938 234 0
5939 472 0
5940 263 1
5941 39 1
5942 405 1
5943 651 0
5944 25 0
5945 482 1
5946 291 1
5947 266 1
5948 251 1
5949 90 1
5950 622 1
5951 537 1
5952 267 1
5953 517 1
5954 670 1
5955 264 1
5956 675 1
5957 422 1
5958 182 1
5959 370 1
5960 93 0
5961 531 0
5962 511 1
5963 60 0
5964 443 1
5965 303 0
5966 134 1
5967 649 0
5968 559 1
5969 519 1
5970 115 1
5971 675 0
5972 280 1
5973 254 1
5974 554 1
5975 669 1
5976 540 1
5977 96 1
5978 382 1
5979 199 0
5980 306 0
5981 403 1
5982 279 1
5983 459 1
5984 50 0
5985 28 1
5986 402 0
5987 19 1
5988 184 1
5989 336 1
5990 89 0
5991 578 0
5992 590 1
5993 618 1
5994 23 0
5995 310 0
5996 383 1
5997 515 1
5998 150 1
5999 13 1
6000 464 0
6001 238 1
6002 488 0
6003 613 1
6004 403 1
6005 603 1
6006 340 1
6007 186 1
6008 368 0
6009 287 1
6010 5 1
6011 594 1
6012 374 1
6013 116 1
6014 595 1
6015 597 0
6016 595 1
6017 438 0
6018 156 1
6019 268 1
6020 514 1
6021 116 0
6022 12 0
6023 168 0
6024 171 1
6025 645 1
6026 116 0
6027 309 1
6028 308 1
6029 79 1
6030 427 0
6031 474 1
6032 575 1
6033 617 1
6034 477 1
6035 355 0
6036 268 0
6037 229 1
6038 646 0
6039 406 1
6040 45 0
6041 185 1
6042 122 0
6043 396 1
6044 112 1
6045 397 1
6046 88 1
6047 73 0
6048 296 1
6049 460 1
6050 640 1
6051 148 0
6052 607 1
6053 254 1
6054 95 1
6055 582 1
6056 223 0
6057 597 0
6058 454 0
6059 519 1
6060 534 1
6061 298 0
6062 171 1
6063 478 1
6064 679 1
6065 305 1
6066 266 1
6067 60 1
6068 151 0
6069 638 1
6070 166 0
6071 130 1
6072 499 1
6073 478 0
6074 234 0
6075 585 0
6076 169 1
6077 582 0
6078 319 1
6079 1 1
6080 383 0
6081 150 1
6082 80 1
6083 162 0
6084 269 0
6085 222 1
6086 404 1
6087 569 0
6088 145 0
6089 242 1
6090 429 1
6091 211 0
6092 222 1
6093 131 1
6094 238 1
6095 604 0
6096 311 1
6097 591 1
6098 581 1
6099 367 1
6100 490 0
6101 477 1
6102 135 0
6103 183 1
6104 606 0
6105 403 1
6106 444 1
6107 145 1
6108 471 1
6109 400 0
6110 281 0
6111 524 0
6112 143 1
6113 48 1
6114 253 0
6115 86 1
6116 197 0
6117 151 1
6118 122 0
6119 356 1
6120 631 1
6121 147 0
6122 565 1
6123 381 0
6124 314 1
6125 259 1
6126 171 1
6127 252 0
6128 410 0
6129 231 0
6130 587 1
6131 600 0
6132 73 0
6133 181 0
6134 277 0
6135 668 1
6136 489 1
6137 623 0
6138 301 1
6139 604 0
6140 170 1
6141 274 0
6142 286 0
6143 272 1
6144 570 0
6145 552 1
6146 564 1
6147 455 1
6148 415 1
6149 26 1
6150 366 1
6151 112 0
6152 22 0
6153 423 1
6154 124 0
6155 2 0
6156 402 0
6157 380 1
6158 547 1
6159 448 1
6160 347 1
6161 108 1
6162 665 0
6163 61 1
6164 263 1
6165 29 1
6166 526 1
6167 678 0
6168 69 1
6169 64 1
6170 512 0
6171 232 1
6172 215 0
6173 666 1
6174 328 0
6175 393 1
6176 627 1
6177 650 1
6178 256 1
6179 630 0
6180 543 1
6181 341 1
6182 121 1
6183 130 1
6184 504 0
6185 128 0
6186 4 1
6187 442 1
6188 36 0
6189 47 1
6190 55 1
6191 231 1
6192 261 1
6193 359 0
6194 106 1
6195 228 1
6196 161 1
6197 231 1
6198 101 1
6199 217 1
6200 299 1
6201 262 0
6202 450 0
6203 267 1
6204 197 1
6205 171 0
6206 626 0
6207 551 1
6208 477 0
6209 468 1
6210 412 1
6211 424 1
6212 459 1
6213 47 1
6214 80 1
6215 358 0
6216 355 1
6217 427 1
6218 390 0
6219 612 1
6220 73 1
6221 456 1
6222 251 1
6223 651 1
6224 429 0
6225 631 1
6226 200 0
6227 606 1
6228 95 1
6229 284 1
6230 663 0
6231 299 1
6232 455 1
6233 463 1
6234 356 0
6235 497 1
6236 244 1
6237 193 1
6238 600 1
6239 415 0
6240 347 1
6241 383 1
6242 485 1
6243 143 0
6244 27 1
6245 500 1
6246 390 0
6247 348 0
6248 37 0
6249 75 0
6250 272 1
6251 15 1
6252 37 1
6253 75 0
6254 116 1
6255 50 1
6256 48 1
6257 627 1
6258 487 1
6259 178 0
6260 518 1
6261 525 1
6262 669 0
6263 138 0
6264 69 1
6265 163 0
6266 657 0
6267 601 0
6268 258 1
6269 395 1
6270 230 1
6271 582 1
6272 623 0
6273 556 1
6274 492 1
6275 264 0
6276 604 1
6277 303 1
6278 47 1
6279 491 1
6280 526 1
6281 202 1
6282 25 1
6283 261 1
6284 416 0
6285 402 1
6286 166 1
6287 117 0
6288 577 0
6289 539 1
6290 599 1
6291 593 1
6292 529 1
6293 308 0
6294 530 1
6295 436 1
6296 645 1
6297 496 1
6298 378 1
6299 18 1
6300 478 0
6301 80 1
6302 340 1
6303 625 0
6304 62 1
6305 499 1
6306 223 1
6307 248 1
6308 501 0
6309 520 1
6310 419 1
6311 471 0
6312 659 1
6313 119 1
6314 237 1
6315 343 0
6316 173 0
6317 551 1
6318 493 1
6319 623 1
6320 596 1
6321 409 1
6322 599 0
6323 84 1
6324 278 1
6325 643 1
6326 625 0
6327 275 1
6328 594 1
6329 154 1
6330 276 0
6331 58 1
6332 114 1
6333 27 1
6334 41 1
6335 355 1
6336 156 1
6337 96 1
6338 487 0
6339 495 0
6340 657 1
6341 655 1
6342 85 1
6343 399 0
6344 389 1
6345 22 1
6346 116 1
6347 178 0
6348 433 1
6349 29 0
6350 47 1
6351 431 1
6352 214 0
6353 151 1
6354 452 1
6355 530 1
6356 297 1
6357 223 1
6358 500 1
6359 253 1
6360 241 0
6361 618 1
6362 227 1
6363 459 0
6364 194 1
6365 454 1
6366 65 0
6367 190 0
6368 477 0
6369 596 0
6370 52 1
6371 550 1
6372 17 0
6373 476 1
6374 460 1
6375 471 1
6376 69 1
6377 122 1
6378 526 0
6379 149 1
6380 390 1
6381 27 1
6382 425 1
6383 351 0
6384 302 0
6385 343 1
6386 586 1
6387 449 0
6388 51 1
6389 185 0
6390 591 1
6391 277 1
6392 257 1
6393 22 1
6394 173 1
6395 569 0
6396 519 1
6397 82 1
6398 429 0
6399 231 1
6400 573 1
6401 150 1
6402 532 1
6403 19 1
6404 589 1
6405 159 0
6406 604 1
6407 353 1
6408 579 0
6409 157 1
6410 419 1
6411 379 1
6412 258 0
6413 267 1
6414 639 0
6415 611 1
6416 266 1
6417 76 1
6418 425 0
6419 574 1
6420 43 1
6421 26 1
6422 233 1
6423 572 1
6424 627 0
6425 629 0
6426 520 1
6427 369 0
6428 534 0
6429 106 1
6430 327 1
6431 218 1
6432 543 1
6433 584 0
6434 133 1
6435 494 1
6436 403 0
6437 567 1
6438 92 1
6439 384 1
6440 382 1
6441 150 0
6442 406 0
6443 193 1
6444 220 1
6445 626 0
6446 81 1
6447 333 0
6448 203 1
6449 232 1
6450 587 1
6451 257 1
6452 439 0
6453 562 0
6454 349 1
6455 187 1
6456 344 0
6457 145 0
6458 601 0
6459 330 0
6460 383 0
6461 433 1
6462 314 1
6463 281 1
6464 67 1
6465 46 1
6466 304 1
6467 28 1
6468 321 1
6469 210 1
6470 48 1
6471 593 1
6472 480 1
6473 334 1
6474 13 1
6475 287 1
6476 134 1
6477 53 0
6478 678 1
6479 157 0
6480 591 0
6481 591 0
6482 380 0
6483 22 1
6484 401 1
6485 435 1
6486 503 1
6487 586 0
6488 22 1
6489 576 0
6490 649 0
6491 304 0
6492 95 0
6493 423 1
6494 435 1
6495 582 1
6496 657 1
6497 434 1
6498 304 1
6499 122 1
6500 10 1
6501 91 1
6502 649 1
6503 136 1
6504 661 1
6505 579 1
6506 88 1
6507 54 0
6508 305 0
6509 21 1
6510 123 0
6511 408 1
6512 289 1
6513 201 0
6514 491 1
6515 363 0
6516 624 1
6517 206 1
6518 195 1
6519 328 1
6520 119 0
6521 127 0
6522 304 0
6523 134 0
6524 276 1
6525 542 0
6526 631 1
6527 243 0
6528 177 1
6529 25 1
6530 511 1
6531 490 1
6532 586 1
6533 664 1
6534 103 0
6535 150 1
6536 412 0
6537 429 0
6538 203 1
6539 390 1
6540 591 1
6541 622 0
6542 267 1
6543 654 0
6544 501 1
6545 432 1
6546 132 0
6547 531 0
6548 3 0
6549 12 1
6550 20 0
6551 328 0
6552 311 1
6553 85 1
6554 384 1
6555 58 1
6556 471 0
6557 29 0
6558 58 0
6559 374 1
6560 427 1
6561 84 0
6562 113 1
6563 469 1
6564 323 0
6565 94 1
6566 643 0
6567 520 1
6568 243 0
6569 534 1
6570 272 1
6571 667 1
6572 465 0
6573 674 1
6574 444 1
6575 276 1
6576 367 0
6577 622 1
6578 168 1
6579 469 1
6580 213 1
6581 579 1
6582 50 0
6583 196 1
6584 216 0
6585 666 0
6586 514 1
6587 296 1
6588 414 1
6589 16 1
6590 658 0
6591 114 1
6592 524 0
6593 19 0
6594 469 0
6595 249 1
6596 116 0
6597 51 0
6598 440 0
6599 205 0
6600 169 1
6601 209 0
6602 588 0
6603 176 1
6604 667 0
6605 246 0
6606 356 1
6607 55 1
6608 417 0
6609 85 0
6610 435 0
6611 633 1
6612 355 1
6613 590 1
6614 676 0
6615 515 0
6616 178 0
6617 41 1
6618 293 1
6619 154 0
6620 153 1
6621 118 1
6622 632 1
6623 582 0
6624 120 1
6625 192 1
6626 194 1
6627 170 0
6628 22 1
6629 536 0
6630 68 1
6631 55 1
6632 160 0
6633 78 1
6634 58 1
6635 54 0
6636 376 0
6637 465 0
6638 217 0
6639 314 1
6640 99 1
6641 636 1
6642 524 0
6643 586 0
6644 208 1
6645 308 1
6646 5 0
6647 267 1
6648 205 0
6649 619 0
6650 193 0
6651 91 1
6652 589 1
6653 642 1
6654 668 0
6655 336 0
6656 527 1
6657 124 1
6658 419 1
6659 662 0
6660 344 1
6661 520 1
6662 399 0
6663 259 1
6664 197 1
6665 611 0
6666 615 1
6667 152 0
6668 452 1
6669 523 1
6670 134 1
6671 400 0
6672 343 1
6673 226 1
6674 299 0
6675 454 0
6676 371 1
6677 609 1
6678 274 0
6679 566 0
6680 131 1
6681 53 1
6682 265 0
6683 463 0
6684 615 0
6685 349 1
6686 357 0
6687 604 1
6688 210 0
6689 656 0
6690 358 1
6691 344 1
6692 45 0
6693 12 1
6694 335 0
6695 534 1
6696 141 1
6697 405 1
6698 537 1
6699 315 0
6700 367 1
6701 414 1
6702 478 1
6703 618 1
6704 488 0
6705 389 1
6706 216 0
6707 641 1
6708 71 0
6709 324 1
6710 424 1
6711 65 0
6712 510 1
6713 291 1
6714 531 1
6715 583 1
6716 335 0
6717 136 1
6718 656 0
6719 13 1
6720 412 1
6721 376 1
6722 199 1
6723 506 0
6724 182 1
6725 549 0
6726 73 1
6727 364 1
6728 405 1
6729 14 1
6730 326 1
6731 347 1
6732 235 1
6733 666 1
6734 301 0
6735 421 1
6736 145 1
6737 278 1
6738 198 0
6739 488 0
6740 678 1
6741 51 1
6742 292 0
6743 526 1
6744 136 1
6745 145 1
6746 458 1
6747 316 1
6748 40 1
6749 649 0
6750 598 1
6751 119 1
6752 251 0
6753 280 1
6754 373 1
6755 22 1
6756 318 1
6757 187 1
6758 361 1
6759 371 0
6760 446 1
6761 152 1
6762 73 0
6763 534 1
6764 514 0
6765 456 1
6766 86 1
6767 368 1
6768 37 0
6769 659 1
6770 353 1
6771 654 1
6772 498 1
6773 345 0
6774 68 0
6775 421 0
6776 424 1
6777 355 1
6778 105 1
6779 612 0
6780 584 1
6781 116 1
6782 579 1
6783 72 1
6784 197 1
6785 347 1
6786 348 1
6787 413 0
6788 227 0
6789 642 1
6790 666 0
6791 426 1
6792 149 1
6793 652 0
6794 182 0
6795 619 1
6796 588 1
6797 501 0
6798 412 1
6799 424 1
6800 240 1
6801 223 1
6802 29 1
6803 498 1
6804 458 1
6805 296 1
6806 37 1
6807 598 0
6808 143 0
6809 185 1
6810 91 0
6811 27 1
6812 604 0
6813 360 1
6814 165 0
6815 9 0
6816 620 1
6817 57 1
6818 612 1
6819 97 1
6820 209 1
6821 26 1
6822 435 0
6823 176 1
6824 259 1
6825 519 1
6826 102 1
6827 223 1
6828 267 0
6829 234 1
6830 7 1
6831 582 0
6832 219 1
6833 340 1
6834 388 0
6835 541 1
6836 23 1
6837 587 1
6838 384 1
6839 101 1
6840 61 1
6841 186 1
6842 360 0
6843 62 1
6844 312 1
6845 252 0
6846 156 0
6847 563 0
6848 539 1
6849 399 0
6850 662 1
6851 588 0
6852 572 0
6853 336 1
6854 194 1
6855 664 1
6856 123 1
6857 292 0
6858 452 1
6859 430 1
6860 267 1
6861 20 1
6862 582 1
6863 672 1
6864 128 1
6865 560 1
6866 396 1
6867 539 1
6868 579 1
6869 437 0
6870 378 0
6871 221 1
6872 464 1
6873 304 1
6874 484 1
6875 64 1
6876 353 0
6877 367 0
6878 541 0
6879 440 1
6880 495 1
6881 523 0
6882 404 0
6883 500 1
6884 450 1
6885 397 0
6886 551 0
6887 521 1
6888 196 1
6889 443 0
6890 496 0
6891 71 1
6892 465 0
6893 169 1
6894 542 1
6895 187 1
6896 674 1
6897 569 1
6898 284 1
6899 22 1
6900 391 1
6901 627 1
6902 229 1
6903 470 1
6904 358 1
6905 297 0
6906 486 0
6907 216 1
6908 552 0
6909 341 1
6910 186 1
6911 92 1
6912 302 0
6913 451 1
6914 114 1
6915 257 1
6916 636 1
6917 641 0
6918 418 0
6919 355 1
6920 409 1
6921 143 1
6922 213 0
6923 230 1
6924 488 1
6925 372 1
6926 163 1
6927 599 1
6928 189 1
6929 116 1
6930 35 1
6931 129 1
6932 450 1
6933 48 0
6934 394 0
6935 29 1
6936 248 0
6937 211 0
6938 275 1
6939 163 1
6940 77 0
6941 629 1
6942 63 0
6943 450 1
6944 110 1
6945 427 1
6946 3 0
6947 8 1
6948 519 1
6949 386 1
6950 204 0
6951 229 1
6952 459 1
6953 530 1
6954 625 0
6955 9 0
6956 420 1
6957 7 1
6958 251 1
6959 607 1
6960 639 1
6961 379 1
6962 231 1
6963 288 1
6964 189 1
6965 48 1
6966 282 1
6967 590 0
6968 461 1
6969 540 1
6970 325 1
6971 45 1
6972 253 0
6973 420 0
6974 253 1
6975 186 1
6976 21 0
6977 47 1
6978 18 0
6979 620 0
6980 74 0
6981 472 1
6982 10 1
6983 163 1
6984 14 1
6985 622 0
6986 445 1
6987 404 1
6988 592 0
6989 523 0
6990 363 0
6991 122 1
6992 339 1
6993 382 0
6994 249 1
6995 564 1
6996 182 0
6997 296 1
6998 611 0
6999 536 1
7000 355 1
7001 157 1
7002 210 1
7003 11 1
7004 578 1
7005 585 1
7006 179 0
7007 519 0
7008 621 1
7009 68 0
7010 415 0
7011 257 1
7012 54 1
7013 662 1
7014 205 1
7015 355 1
7016 612 1
7017 297 1
7018 267 0
7019 10 1
7020 586 0
7021 171 1
7022 494 0
7023 476 1
7024 655 1
7025 497 1
7026 242 1
7027 180 1
7028 373 0
7029 25 0
7030 552 1
7031 75 1
7032 638 1
7033 499 1
7034 552 0
7035 134 1
7036 296 1
7037 287 1
7038 188 1
7039 290 0
7040 373 0
7041 426 1
7042 607 1
7043 655 1
7044 640 0
7045 494 1
7046 677 1
7047 189 1
7048 133 1
7049 52 1
7050 262 0
7051 207 0
7052 493 1
7053 413 1
7054 451 1
7055 589 0
7056 4 0
7057 631 0
7058 6 1
7059 527 1
7060 350 1
7061 351 1
7062 103 1
7063 303 1
7064 293 1
7065 114 1
7066 415 1
7067 305 1
7068 136 0
7069 653 0
7070 615 1
7071 603 1
7072 515 1
7073 294 1
7074 352 1
7075 360 0
7076 482 1
7077 243 0
7078 316 1
7079 14 1
7080 646 1
7081 356 0
7082 321 1
7083 481 1
7084 445 1
7085 237 1
7086 82 1
7087 191 0
7088 587 1
7089 310 1
7090 498 1
7091 27 1
7092 575 0
7093 630 1
7094 560 0
7095 13 1
7096 516 1
7097 228 1
7098 647 0
7099 487 0
7100 357 1
7101 664 1
7102 630 1
7103 100 0
7104 532 1
7105 669 1
7106 273 0
7107 395 0
7108 158 0
7109 124 1
7110 181 0
7111 566 0
7112 122 1
7113 46 0
7114 16 1
7115 246 1
7116 323 1
7117 556 1
7118 278 1
7119 2 1
7120 259 0
7121 97 1
7122 560 1
7123 317 1
7124 29 0
7125 78 1
7126 322 0
7127 651 1
7128 630 1
7129 278 1
7130 296 1
7131 212 1
7132 628 1
7133 84 0
7134 617 1
7135 101 0
7136 630 0
7137 345 0
7138 563 1
7139 550 1
7140 295 1
7141 547 1
7142 464 1
7143 125 1
7144 409 1
7145 253 1
7146 121 1
7147 388 1
7148 427 0
7149 167 1
7150 430 1
7151 305 0
7152 212 1
7153 84 1
7154 504 0
7155 560 1
7156 326 1
7157 480 1
7158 11 1
7159 268 1
7160 73 1
7161 189 1
7162 52 0
7163 135 1
7164 241 1
7165 587 1
7166 316 1
7167 244 0
7168 54 1
7169 495 0
7170 26 1
7171 549 1
7172 548 1
7173 334 0
7174 19 1
7175 43 1
7176 189 1
7177 31 1
7178 1 0
7179 464 0
7180 341 0
7181 657 1
7182 328 1
7183 377 0
7184 294 1
7185 133 0
7186 441 0
7187 545 1
7188 648 0
7189 612 0
7190 547 1
7191 503 1
7192 79 0
7193 41 1
7194 573 1
7195 66 1
7196 620 0
7197 636 1
7198 9 0
7199 395 1
7200 526 0
7201 369 1
7202 146 0
7203 340 1
7204 178 0
7205 653 1
7206 119 0
7207 653 1
7208 75 0
7209 22 0
7210 391 1
7211 627 0
7212 4 0
7213 344 1
7214 108 1
7215 61 1
7216 203 1
7217 666 1
7218 409 1
7219 336 0
7220 343 1
7221 633 0
7222 531 1
7223 533 1
7224 493 1
7225 447 1
7226 516 0
7227 280 1
7228 41 1
7229 150 1
7230 428 0
7231 528 0
7232 386 1
7233 174 1
7234 586 1
7235 574 1
7236 564 1
7237 584 1
7238 198 1
7239 214 1
7240 58 1
7241 87 1
7242 119 1
7243 31 1
7244 57 0
7245 181 0
7246 136 1
7247 309 0
7248 417 1
7249 381 1
7250 186 0
7251 444 1
7252 547 1
7253 230 0
7254 403 0
7255 628 1
7256 169 1
7257 99 1
7258 148 1
7259 320 0
7260 183 0
7261 562 1
7262 275 1
7263 34 0
7264 547 1
7265 79 1
7266 564 1
7267 548 1
7268 489 1
7269 369 0
7270 414 0
7271 673 0
7272 97 1
7273 63 0
7274 95 0
7275 194 1
7276 628 1
7277 470 1
7278 141 0
7279 532 1
7280 113 0
7281 614 1
7282 200 1
7283 300 1
7284 452 0
7285 221 1
7286 179 0
7287 89 0
7288 50 0
7289 138 0
7290 407 0
7291 296 1
7292 281 1
7293 195 0
7294 463 1
7295 175 0
7296 532 1
7297 445 1
7298 335 0
7299 613 1
7300 607 0
7301 165 0
7302 240 0
7303 127 1
7304 278 0
7305 308 1
7306 469 1
7307 656 1
7308 562 1
7309 237 0
7310 92 0
7311 666 1
7312 265 1
7313 548 1
7314 242 1
7315 27 1
7316 507 0
7317 20 0
7318 318 1
7319 101 0
7320 412 1
7321 217 1
7322 205 0
7323 16 0
7324 238 1
7325 50 0
7326 410 1
7327 146 0
7328 212 1
7329 596 1
7330 367 1
7331 496 1
7332 560 0
7333 5 1
7334 535 0
7335 539 1
7336 260 0
7337 212 0
7338 143 1
7339 297 0
7340 227 1
7341 583 1
7342 256 1
7343 633 0
7344 615 1
7345 115 1
7346 238 0
7347 240 1
7348 319 1
7349 61 0
7350 95 0
7351 313 1
7352 422 1
7353 13 1
7354 498 1
7355 138 0
7356 402 0
7357 555 1
7358 514 1
7359 318 1
7360 122 1
7361 367 1
7362 364 1
7363 223 1
7364 596 1
7365 49 0
7366 501 1
7367 111 1
7368 632 1
7369 0 0
7370 178 1
7371 368 0
7372 603 1
7373 430 1
7374 623 1
7375 630 0
7376 502 1
7377 170 1
7378 116 0
7379 614 1
7380 422 1
7381 468 1
7382 90 1
7383 359 1
7384 575 1
7385 237 1
7386 242 1
7387 526 1
7388 40 0
7389 219 0
7390 89 1
7391 473 0
7392 359 1
7393 523 1
7394 229 1
7395 380 1
7396 185 1
7397 639 0
7398 619 1
7399 62 0
7400 421 1
7401 331 1
7402 96 1
7403 445 0
7404 198 0
7405 672 1
7406 153 1
7407 71 1
7408 301 1
7409 180 1
7410 244 1
7411 118 1
7412 472 1
7413 577 0
7414 267 1
7415 669 1
7416 131 1
7417 416 1
7418 370 0
7419 108 0
7420 165 1
7421 599 1
7422 310 0
7423 575 1
7424 329 1
7425 206 0
7426 379 1
7427 323 1
7428 274 0
7429 454 0
7430 604 1
7431 295 1
7432 636 0
7433 28 0
7434 85 0
7435 510 0
7436 661 0
7437 313 1
7438 164 1
7439 94 0
7440 28 1
7441 259 0
7442 498 1
7443 579 1
7444 547 1
7445 378 1
7446 541 1
7447 399 1
7448 577 1
7449 567 1
7450 436 1
7451 104 1
7452 571 1
7453 580 1
7454 371 0
7455 421 1
7456 39 1
7457 127 0
7458 327 1
7459 374 1
7460 677 0
7461 538 0
7462 618 1
7463 228 1
7464 557 1
7465 369 0
7466 385 0
7467 602 1
7468 635 0
7469 203 1
7470 368 1
7471 598 1
7472 370 1
7473 137 1
7474 496 0
7475 84 1
7476 456 1
7477 224 1
7478 71 1
7479 101 1
7480 439 1
7481 5 1
7482 135 0
7483 164 1
7484 301 1
7485 161 1
7486 57 1
7487 142 0
7488 677 1
7489 316 0
7490 535 1
7491 179 1
7492 86 0
7493 449 1
7494 47 0
7495 530 1
7496 84 1
7497 375 1
7498 335 0
7499 54 1
7500 651 1
7501 243 0
7502 295 1
7503 199 1
7504 536 0
7505 530 1
7506 660 1
7507 446 1
7508 176 0
7509 97 0
7510 509 0
7511 453 1
7512 355 1
7513 5 0
7514 560 1
7515 264 1
7516 147 1
7517 432 1
7518 84 1
7519 479 1
7520 339 1
7521 76 0
7522 102 0
7523 259 1
7524 482 0
7525 245 1
7526 47 0
7527 649 0
7528 167 1
7529 30 1
7530 585 0
7531 451 1
7532 673 1
7533 240 0
7534 26 1
