3783
1 298 0
2 481 0
3 171 1
4 730 0
5 633 0
6 47 0
7 81 1
8 406 1
9 568 0
10 660 0
11 350 1
12 191 1
13 796 0
14 475 1
15 607 1
16 518 1
17 334 0
18 793 0
19 378 1
20 716 1
21 67 0
22 749 0
23 45 0
24 324 1
25 694 1
26 488 0
27 232 1
28 345 1
29 270 1
30 787 1
31 783 0
32 75 1
33 845 1
34 39 0
35 77 1
36 45 0
37 59 0
38 541 1
39 490 0
40 112 0
41 514 1
42 770 1
43 550 1
44 191 1
45 351 1
46 844 0
47 700 1
48 792 0
49 328 1
50 455 0
51 252 1
52 798 1
53 565 1
54 664 1
55 14 1
56 50 1
57 646 1
58 545 0
59 475 1
60 309 0
61 255 0
62 501 1
63 613 0
64 187 1
65 789 0
66 10 1
67 537 0
68 623 0
69 687 1
70 698 1
71 479 1
72 501 0
73 109 1
74 738 0
75 199 1
76 681 1
77 11 1
78 803 1
79 285 1
80 105 0
81 50 0
82 532 0
83 318 1
84 230 1
85 128 0
86 248 0
87 92 1
88 273 1
89 211 1
90 56 0
91 599 1
92 258 0
93 583 1
94 505 0
95 345 0
96 235 1
97 121 1
98 376 0
99 339 1
100 715 1
101 804 1
102 345 0
103 128 0
104 492 1
105 170 1
106 144 1
107 803 1
108 650 1
109 735 1
110 547 1
111 307 1
112 15 0
113 90 1
114 261 1
115 392 1
116 292 0
117 356 1
118 757 1
119 650 1
120 219 1
121 338 1
122 5 1
123 36 1
124 90 1
125 228 1
126 267 1
127 814 1
128 357 1
129 192 0
130 728 1
131 11 1
132 320 0
133 198 1
134 247 0
135 744 1
136 84 1
137 99 0
138 640 0
139 15 0
140 177 1
141 638 0
142 172 1
143 121 1
144 649 1
145 418 1
146 167 1
147 814 1
148 191 1
149 836 0
150 276 1
151 298 1
152 100 1
153 573 1
154 782 0
155 742 1
156 102 0
157 674 1
158 271 1
159 198 1
160 379 0
161 837 1
162 440 1
163 429 0
164 349 1
165 464 1
166 283 1
167 255 0
168 678 1
169 518 0
170 812 1
171 836 1
172 203 0
173 583 1
174 722 1
175 788 1
176 668 0
177 65 0
178 233 0
179 156 1
180 175 1
181 478 1
182 46 1
183 235 0
184 102 1
185 601 1
186 554 0
187 369 1
188 386 1
189 625 0
190 26 0
191 626 1
192 725 1
193 219 1
194 579 0
195 810 1
196 389 1
197 482 1
198 562 1
199 431 1
200 742 1
201 849 1
202 32 1
203 470 1
204 462 1
205 66 0
206 71 1
207 578 1
208 654 0
209 294 0
210 567 1
211 404 0
212 809 0
213 662 0
214 751 1
215 451 1
216 666 1
217 351 1
218 80 1
219 510 0
220 333 1
221 426 1
222 539 1
223 594 0
224 341 1
225 114 0
226 408 0
227 281 1
228 551 1
229 26 0
230 577 1
231 481 1
232 194 1
233 605 0
234 194 0
235 88 0
236 107 1
237 325 1
238 58 1
239 381 0
240 223 1
241 578 1
242 159 1
243 265 0
244 342 1
245 553 1
246 40 0
247 702 1
248 532 0
249 633 1
250 838 1
251 648 1
252 629 0
253 9 0
254 433 1
255 357 1
256 31 1
257 558 0
258 334 1
259 295 1
260 386 1
261 12 0
262 548 1
263 784 1
264 562 0
265 222 1
266 555 1
267 32 0
268 384 1
269 288 0
270 555 0
271 13 1
272 244 1
273 295 1
274 790 1
275 525 1
276 833 1
277 142 1
278 769 1
279 23 0
280 760 1
281 418 1
282 510 1
283 63 1
284 616 0
285 251 1
286 515 1
287 298 1
288 355 1
289 484 1
290 453 1
291 737 0
292 86 1
293 230 0
294 221 0
295 727 1
296 748 0
297 714 1
298 11 1
299 693 0
300 646 1
301 215 0
302 727 1
303 213 1
304 500 0
305 643 1
306 246 0
307 656 1
308 799 1
309 705 0
310 535 0
311 419 1
312 139 1
313 227 1
314 574 0
315 48 0
316 405 1
317 674 1
318 294 1
319 631 0
320 124 1
321 164 1
322 341 1
323 220 1
324 247 1
325 577 0
326 774 1
327 481 0
328 669 0
329 458 1
330 169 1
331 26 1
332 288 1
333 247 1
334 127 1
335 647 0
336 692 1
337 139 1
338 48 0
339 466 1
340 678 1
341 348 1
342 456 1
343 782 0
344 78 1
345 785 1
346 287 0
347 92 1
348 51 1
349 305 1
350 487 0
351 677 0
352 180 1
353 629 1
354 569 0
355 647 1
356 679 1
357 262 0
358 241 0
359 676 1
360 824 1
361 815 1
362 812 0
363 834 0
364 517 0
365 311 1
366 631 0
367 725 0
368 220 1
369 309 1
370 12 1
371 329 0
372 368 1
373 242 1
374 51 1
375 323 0
376 66 0
377 403 1
378 462 0
379 158 1
380 186 0
381 525 1
382 728 1
383 45 1
384 42 0
385 154 1
386 706 0
387 15 1
388 344 0
389 100 0
390 570 1
391 664 1
392 101 1
393 54 1
394 845 1
395 814 1
396 76 0
397 266 1
398 275 1
399 168 1
400 60 1
401 496 1
402 199 1
403 257 1
404 163 1
405 332 1
406 50 1
407 639 0
408 481 0
409 839 1
410 176 1
411 44 0
412 802 0
413 326 1
414 16 0
415 541 1
416 211 0
417 237 1
418 88 1
419 224 1
420 121 1
421 254 1
422 823 1
423 570 0
424 733 1
425 317 1
426 749 0
427 431 1
428 796 1
429 191 0
430 645 0
431 406 1
432 309 0
433 413 1
434 407 1
435 43 1
436 463 1
437 93 1
438 461 1
439 153 1
440 490 1
441 519 1
442 102 1
443 477 0
444 247 0
445 374 1
446 671 0
447 165 1
448 570 0
449 773 1
450 485 0
451 46 0
452 508 0
453 652 0
454 73 0
455 456 1
456 546 1
457 343 0
458 590 1
459 86 0
460 29 1
461 147 1
462 386 1
463 222 1
464 161 0
465 474 0
466 351 1
467 135 1
468 783 0
469 122 1
470 9 0
471 690 1
472 218 1
473 473 1
474 518 1
475 63 1
476 413 1
477 518 0
478 646 1
479 296 1
480 151 0
481 848 0
482 684 1
483 509 0
484 187 1
485 740 1
486 603 0
487 751 1
488 150 1
489 777 1
490 447 1
491 486 1
492 320 0
493 805 0
494 161 0
495 314 1
496 411 1
497 85 1
498 685 0
499 125 1
500 495 0
501 214 0
502 712 0
503 337 0
504 853 0
505 71 0
506 370 1
507 452 1
508 102 1
509 320 1
510 45 1
511 699 1
512 336 1
513 92 0
514 649 0
515 186 0
516 353 1
517 784 1
518 760 0
519 344 0
520 527 0
521 476 1
522 367 0
523 127 0
524 727 1
525 126 1
526 352 1
527 623 0
528 151 1
529 126 1
530 203 0
531 485 1
532 108 1
533 38 1
534 682 0
535 168 1
536 192 1
537 646 1
538 114 1
539 299 0
540 615 1
541 29 1
542 522 0
543 319 1
544 639 1
545 13 1
546 153 1
547 669 1
548 184 0
549 523 1
550 359 0
551 616 1
552 731 1
553 382 1
554 700 0
555 102 1
556 501 1
557 92 0
558 784 1
559 236 1
560 4 1
561 682 1
562 19 0
563 542 1
564 474 1
565 464 1
566 297 0
567 779 0
568 760 1
569 413 1
570 507 1
571 462 1
572 771 0
573 572 1
574 112 1
575 665 0
576 452 0
577 397 1
578 384 1
579 69 0
580 545 0
581 355 1
582 30 0
583 535 0
584 836 0
585 791 0
586 4 1
587 768 1
588 223 0
589 16 1
590 688 1
591 576 1
592 568 1
593 152 0
594 453 0
595 474 1
596 25 0
597 381 1
598 381 0
599 240 0
600 280 1
601 853 0
602 700 1
603 329 1
604 523 0
605 529 1
606 421 1
607 768 0
608 620 0
609 606 0
610 536 0
611 488 0
612 327 1
613 11 0
614 201 1
615 341 0
616 552 1
617 36 1
618 377 1
619 591 1
620 229 0
621 528 1
622 767 1
623 181 1
624 633 1
625 752 1
626 284 1
627 147 1
628 649 1
629 589 0
630 533 1
631 602 0
632 541 0
633 753 1
634 397 0
635 235 1
636 276 1
637 672 1
638 476 0
639 722 1
640 56 0
641 695 1
642 401 1
643 346 0
644 271 0
645 193 0
646 407 0
647 430 0
648 827 0
649 283 1
650 215 1
651 267 1
652 428 1
653 804 0
654 208 0
655 430 1
656 686 1
657 0 0
658 384 0
659 554 1
660 676 1
661 1 0
662 82 0
663 324 1
664 155 0
665 549 1
666 396 1
667 255 0
668 172 1
669 145 0
670 147 1
671 40 1
672 117 1
673 337 0
674 510 1
675 675 0
676 178 1
677 686 1
678 502 0
679 439 0
680 158 1
681 298 0
682 222 1
683 649 1
684 29 1
685 293 1
686 640 0
687 280 1
688 497 0
689 653 1
690 779 0
691 611 1
692 421 0
693 488 1
694 724 0
695 726 0
696 333 0
697 582 1
698 848 1
699 467 1
700 443 0
701 323 1
702 240 1
703 381 1
704 492 1
705 162 0
706 778 1
707 769 1
708 486 1
709 538 1
710 726 1
711 384 1
712 829 1
713 154 0
714 739 1
715 116 1
716 528 1
717 805 1
718 438 1
719 777 1
720 760 0
721 741 0
722 128 1
723 300 1
724 455 1
725 241 0
726 644 1
727 780 1
728 132 1
729 713 0
730 825 0
731 717 0
732 663 1
733 663 1
734 395 0
735 447 1
736 795 1
737 257 1
738 510 0
739 807 1
740 666 0
741 686 0
742 90 1
743 346 1
744 816 1
745 488 1
746 428 0
747 681 1
748 290 0
749 609 1
750 346 1
751 258 0
752 786 1
753 480 1
754 342 1
755 677 1
756 628 0
757 5 1
758 391 1
759 335 1
760 804 1
761 658 1
762 444 1
763 741 1
764 246 0
765 815 1
766 823 1
767 26 1
768 128 1
769 343 1
770 211 1
771 19 1
772 69 0
773 222 0
774 624 1
775 207 1
776 650 1
777 348 0
778 622 0
779 369 0
780 1 0
781 731 1
782 797 0
783 850 0
784 659 0
785 666 1
786 24 0
787 373 1
788 834 0
789 554 1
790 298 1
791 574 0
792 168 0
793 583 0
794 551 0
795 198 0
796 553 1
797 647 0
798 228 1
799 568 1
800 502 0
801 297 1
802 335 1
803 620 1
804 536 1
805 315 1
806 601 0
807 323 0
808 351 1
809 829 0
810 274 0
811 724 1
812 497 1
813 470 1
814 556 1
815 28 0
816 564 1
817 0 1
818 514 0
819 485 1
820 460 1
821 424 0
822 229 0
823 122 0
824 193 1
825 628 0
826 642 1
827 441 1
828 287 1
829 157 0
830 365 0
831 441 1
832 29 0
833 369 1
834 456 1
835 133 0
836 195 0
837 393 1
838 699 1
839 275 1
840 6 0
841 631 0
842 796 1
843 205 1
844 524 0
845 466 1
846 796 0
847 235 0
848 743 0
849 763 1
850 728 1
851 656 0
852 849 0
853 618 0
854 835 1
855 127 0
856 336 0
857 30 0
858 371 0
859 632 0
860 722 0
861 324 1
862 546 1
863 154 1
864 433 1
865 51 0
866 231 1
867 749 1
868 172 1
869 314 1
870 800 0
871 389 1
872 470 0
873 686 1
874 779 0
875 276 1
876 833 1
877 705 1
878 430 1
879 231 0
880 194 0
881 690 1
882 383 1
883 45 1
884 369 1
885 103 1
886 71 1
887 722 1
888 306 1
889 777 1
890 413 1
891 272 1
892 195 1
893 312 0
894 377 1
895 29 1
896 220 1
897 390 1
898 699 1
899 678 1
900 189 1
901 777 0
902 668 0
903 72 1
904 594 0
905 599 0
906 444 0
907 670 0
908 512 1
909 534 0
910 796 0
911 731 1
912 801 1
913 161 1
914 97 1
915 130 0
916 160 1
917 671 0
918 94 0
919 342 0
920 133 1
921 842 0
922 476 1
923 486 1
924 56 0
925 171 1
926 249 0
927 410 0
928 564 0
929 113 1
930 804 1
931 342 1
932 421 0
933 209 0
934 421 1
935 474 1
936 33 1
937 402 1
938 514 1
939 768 0
940 573 1
941 817 0
942 382 1
943 289 1
944 338 0
945 148 1
946 769 1
947 523 1
948 168 1
949 246 0
950 801 1
951 290 1
952 576 0
953 738 1
954 120 0
955 77 1
956 8 1
957 786 0
958 662 1
959 606 1
960 17 0
961 559 1
962 640 1
963 518 1
964 478 1
965 668 0
966 25 1
967 654 0
968 190 1
969 108 1
970 336 1
971 522 0
972 349 1
973 734 1
974 70 0
975 428 1
976 512 0
977 145 0
978 609 1
979 500 1
980 821 1
981 52 1
982 542 1
983 718 1
984 390 0
985 561 1
986 157 1
987 341 0
988 808 1
989 58 0
990 833 0
991 237 1
992 743 1
993 183 1
994 191 1
995 249 1
996 268 0
997 275 1
998 154 0
999 207 0
1000 111 1
1001 541 0
1002 391 1
1003 168 0
1004 375 1
1005 495 1
1006 836 1
1007 115 0
1008 384 1
1009 741 1
1010 251 1
1011 127 0
1012 438 1
1013 724 1
1014 665 1
1015 406 0
1016 115 1
1017 438 0
1018 247 1
1019 122 1
1020 227 1
1021 122 1
1022 743 0
1023 329 1
1024 783 0
1025 242 1
1026 477 1
1027 94 1
1028 772 0
1029 47 0
1030 165 1
1031 630 1
1032 796 1
1033 56 0
1034 92 0
1035 811 1
1036 314 1
1037 653 0
1038 564 0
1039 601 0
1040 594 1
1041 67 1
1042 360 0
1043 527 1
1044 373 1
1045 132 1
1046 422 1
1047 212 0
1048 248 1
1049 553 1
1050 820 1
1051 53 1
1052 837 0
1053 484 1
1054 106 1
1055 434 1
1056 346 1
1057 187 1
1058 57 1
1059 378 1
1060 683 1
1061 487 1
1062 668 1
1063 740 1
1064 363 0
1065 650 1
1066 468 1
1067 733 1
1068 680 1
1069 269 1
1070 844 1
1071 756 1
1072 475 1
1073 312 0
1074 198 1
1075 482 1
1076 471 0
1077 403 0
1078 815 1
1079 595 1
1080 246 1
1081 47 1
1082 489 1
1083 436 1
1084 415 1
1085 372 1
1086 678 1
1087 741 1
1088 612 1
1089 227 1
1090 283 1
1091 108 1
1092 824 1
1093 434 1
1094 194 0
1095 504 0
1096 691 1
1097 425 1
1098 603 1
1099 766 0
1100 836 0
1101 569 1
1102 806 1
1103 231 1
1104 49 1
1105 646 1
1106 437 1
1107 357 1
1108 536 1
1109 587 1
1110 238 0
1111 565 1
1112 308 0
1113 526 0
1114 392 0
1115 345 1
1116 116 1
1117 430 0
1118 764 0
1119 757 1
1120 513 1
1121 415 1
1122 574 0
1123 751 0
1124 835 1
1125 380 1
1126 241 0
1127 418 0
1128 477 1
1129 606 0
1130 46 0
1131 762 0
1132 281 0
1133 355 1
1134 269 0
1135 274 1
1136 202 0
1137 272 1
1138 2 0
1139 426 0
1140 779 0
1141 450 1
1142 168 0
1143 715 0
1144 353 1
1145 179 1
1146 812 1
1147 686 0
1148 550 0
1149 554 1
1150 694 0
1151 142 1
1152 787 0
1153 212 1
1154 708 0
1155 167 1
1156 714 1
1157 193 1
1158 757 0
1159 68 0
1160 769 1
1161 780 1
1162 583 1
1163 236 1
1164 194 1
1165 492 1
1166 34 0
1167 324 1
1168 443 1
1169 152 1
1170 444 1
1171 325 1
1172 207 1
1173 582 1
1174 821 0
1175 615 1
1176 292 0
1177 4 1
1178 548 0
1179 424 0
1180 301 0
1181 171 0
1182 91 1
1183 427 1
1184 550 1
1185 349 1
1186 169 0
1187 694 1
1188 587 1
1189 611 1
1190 342 1
1191 684 1
1192 307 1
1193 779 1
1194 199 0
1195 139 1
1196 660 1
1197 105 1
1198 324 0
1199 803 1
1200 382 0
1201 286 1
1202 243 1
1203 74 0
1204 548 1
1205 654 1
1206 451 0
1207 795 1
1208 319 0
1209 154 1
1210 464 1
1211 412 1
1212 852 1
1213 415 1
1214 320 1
1215 467 1
1216 786 1
1217 400 0
1218 149 0
1219 275 1
1220 677 1
1221 128 0
1222 560 1
1223 427 0
1224 307 0
1225 61 1
1226 145 1
1227 435 1
1228 260 0
1229 713 0
1230 608 1
1231 554 1
1232 474 1
1233 840 0
1234 93 1
1235 715 1
1236 461 1
1237 315 0
1238 430 1
1239 564 1
1240 593 1
1241 779 1
1242 368 0
1243 275 1
1244 605 1
1245 480 0
1246 710 1
1247 171 1
1248 528 1
1249 100 0
1250 667 1
1251 662 0
1252 323 1
1253 814 0
1254 259 1
1255 762 1
1256 544 1
1257 131 1
1258 318 0
1259 82 1
1260 665 0
1261 554 1
1262 136 1
1263 852 1
1264 276 1
1265 680 0
1266 432 0
1267 613 1
1268 5 1
1269 780 1
1270 492 0
1271 386 1
1272 645 0
1273 366 1
1274 194 0
1275 428 1
1276 280 0
1277 775 0
1278 123 1
1279 474 1
1280 265 1
1281 737 1
1282 58 1
1283 724 1
1284 464 0
1285 451 1
1286 608 0
1287 409 1
1288 625 1
1289 633 0
1290 617 1
1291 95 1
1292 459 0
1293 707 0
1294 183 1
1295 376 1
1296 628 1
1297 540 1
1298 150 1
1299 20 1
1300 330 1
1301 840 1
1302 580 0
1303 608 1
1304 565 1
1305 441 1
1306 843 1
1307 620 1
1308 800 1
1309 549 1
1310 802 0
1311 701 0
1312 578 1
1313 533 1
1314 68 1
1315 612 1
1316 296 1
1317 731 1
1318 265 0
1319 497 1
1320 391 0
1321 553 0
1322 14 1
1323 346 1
1324 794 1
1325 213 0
1326 360 0
1327 712 0
1328 573 0
1329 83 1
1330 216 1
1331 434 1
1332 565 1
1333 782 1
1334 191 1
1335 200 1
1336 758 1
1337 232 1
1338 344 1
1339 3 1
1340 744 1
1341 296 1
1342 401 0
1343 460 0
1344 670 0
1345 156 1
1346 385 0
1347 62 1
1348 172 0
1349 196 1
1350 664 1
1351 92 1
1352 545 1
1353 486 1
1354 298 0
1355 443 1
1356 100 0
1357 439 1
1358 163 1
1359 16 0
1360 713 0
1361 384 0
1362 762 1
1363 589 1
1364 685 0
1365 569 0
1366 576 1
1367 209 1
1368 380 0
1369 426 1
1370 579 1
1371 13 0
1372 24 1
1373 575 1
1374 746 0
1375 416 1
1376 763 1
1377 243 0
1378 641 1
1379 146 1
1380 158 1
1381 114 1
1382 647 0
1383 272 1
1384 414 0
1385 852 1
1386 838 0
1387 89 0
1388 835 0
1389 320 1
1390 401 1
1391 726 1
1392 807 1
1393 499 0
1394 342 1
1395 337 1
1396 507 1
1397 505 1
1398 46 1
1399 598 0
1400 15 1
1401 723 1
1402 125 1
1403 8 1
1404 746 0
1405 228 1
1406 335 1
1407 851 0
1408 464 1
1409 276 1
1410 413 1
1411 453 1
1412 460 0
1413 615 0
1414 275 1
1415 360 1
1416 473 1
1417 414 0
1418 312 1
1419 98 1
1420 21 0
1421 746 1
1422 551 1
1423 768 0
1424 634 1
1425 238 0
1426 74 0
1427 384 1
1428 190 1
1429 310 0
1430 22 1
1431 151 1
1432 170 1
1433 487 1
1434 134 1
1435 810 1
1436 182 0
1437 511 1
1438 716 0
1439 288 1
1440 739 1
1441 814 1
1442 613 0
1443 618 1
1444 737 1
1445 663 0
1446 139 1
1447 524 1
1448 526 1
1449 791 0
1450 12 1
1451 209 0
1452 720 0
1453 197 1
1454 539 1
1455 349 1
1456 283 1
1457 632 1
1458 777 0
1459 239 1
1460 720 1
1461 813 0
1462 9 0
1463 315 1
1464 34 1
1465 589 1
1466 394 0
1467 241 1
1468 788 1
1469 237 1
1470 318 1
1471 168 1
1472 165 1
1473 37 1
1474 591 0
1475 266 1
1476 450 1
1477 587 1
1478 102 1
1479 389 0
1480 548 0
1481 307 0
1482 69 0
1483 598 1
1484 380 0
1485 601 0
1486 816 1
1487 818 1
1488 839 0
1489 464 0
1490 527 1
1491 304 1
1492 350 0
1493 706 0
1494 333 1
1495 713 0
1496 366 0
1497 365 0
1498 838 1
1499 686 0
1500 338 1
1501 581 1
1502 596 1
1503 552 1
1504 672 1
1505 429 0
1506 162 1
1507 592 0
1508 165 1
1509 235 1
1510 810 1
1511 650 0
1512 508 1
1513 151 1
1514 642 1
1515 250 0
1516 665 0
1517 551 1
1518 524 1
1519 259 0
1520 535 1
1521 811 1
1522 816 1
1523 604 1
1524 263 0
1525 625 0
1526 327 1
1527 789 1
1528 101 1
1529 597 0
1530 442 1
1531 17 1
1532 96 0
1533 784 1
1534 88 1
1535 356 0
1536 148 1
1537 715 1
1538 132 0
1539 361 1
1540 699 1
1541 9 0
1542 803 1
1543 402 0
1544 403 0
1545 794 0
1546 264 1
1547 244 0
1548 774 1
1549 374 0
1550 488 0
1551 25 1
1552 189 1
1553 17 0
1554 601 1
1555 234 1
1556 760 1
1557 13 1
1558 436 1
1559 29 1
1560 686 1
1561 830 0
1562 299 0
1563 580 1
1564 518 0
1565 475 0
1566 100 0
1567 60 1
1568 636 1
1569 4 0
1570 704 1
1571 223 0
1572 606 1
1573 589 0
1574 777 1
1575 421 1
1576 837 1
1577 829 1
1578 741 0
1579 626 1
1580 779 1
1581 806 0
1582 18 0
1583 438 0
1584 462 1
1585 307 1
1586 74 1
1587 193 1
1588 38 1
1589 262 0
1590 795 1
1591 694 1
1592 350 1
1593 331 1
1594 494 1
1595 161 0
1596 598 1
1597 692 0
1598 498 1
1599 541 1
1600 236 0
1601 542 0
1602 774 1
1603 261 0
1604 58 0
1605 43 1
1606 601 1
1607 48 0
1608 676 0
1609 583 1
1610 606 1
1611 253 1
1612 127 1
1613 237 0
1614 615 1
1615 1 0
1616 292 1
1617 431 1
1618 797 1
1619 418 1
1620 610 0
1621 125 1
1622 468 1
1623 578 0
1624 676 1
1625 124 1
1626 321 1
1627 172 1
1628 592 1
1629 468 1
1630 583 1
1631 474 1
1632 408 0
1633 481 0
1634 14 1
1635 477 0
1636 630 1
1637 127 1
1638 775 1
1639 52 1
1640 283 1
1641 295 0
1642 553 1
1643 323 1
1644 271 1
1645 38 1
1646 532 0
1647 269 1
1648 687 0
1649 561 0
1650 65 1
1651 595 0
1652 786 1
1653 333 1
1654 698 1
1655 698 1
1656 685 0
1657 1 0
1658 731 1
1659 69 1
1660 387 0
1661 397 0
1662 743 0
1663 275 1
1664 687 1
1665 672 1
1666 291 0
1667 842 1
1668 282 0
1669 325 1
1670 831 0
1671 377 0
1672 433 1
1673 441 1
1674 828 1
1675 706 1
1676 12 1
1677 550 0
1678 186 0
1679 726 1
1680 77 0
1681 165 1
1682 105 1
1683 716 0
1684 599 1
1685 762 0
1686 356 1
1687 632 1
1688 58 0
1689 493 1
1690 124 0
1691 517 1
1692 719 0
1693 161 0
1694 308 0
1695 194 0
1696 703 1
1697 754 1
1698 637 0
1699 589 1
1700 73 1
1701 352 1
1702 177 1
1703 613 0
1704 598 1
1705 516 1
1706 847 1
1707 4 1
1708 641 1
1709 34 1
1710 448 0
1711 481 1
1712 712 1
1713 375 1
1714 392 1
1715 272 0
1716 2 1
1717 166 1
1718 26 1
1719 786 0
1720 426 1
1721 741 1
1722 22 1
1723 402 0
1724 305 1
1725 758 1
1726 58 1
1727 320 1
1728 162 0
1729 661 1
1730 200 1
1731 290 0
1732 828 1
1733 753 1
1734 754 0
1735 19 1
1736 404 1
1737 16 1
1738 45 1
1739 235 1
1740 372 1
1741 250 0
1742 773 1
1743 595 1
1744 660 0
1745 760 1
1746 730 0
1747 332 1
1748 171 1
1749 99 0
1750 187 0
1751 521 0
1752 148 1
1753 287 1
1754 473 0
1755 668 1
1756 785 1
1757 670 0
1758 30 1
1759 56 1
1760 208 1
1761 821 0
1762 531 0
1763 58 1
1764 655 1
1765 43 0
1766 399 0
1767 703 1
1768 620 1
1769 135 0
1770 782 1
1771 479 0
1772 262 1
1773 812 1
1774 830 1
1775 253 0
1776 225 1
1777 516 0
1778 643 1
1779 728 1
1780 126 1
1781 680 1
1782 730 1
1783 467 1
1784 59 1
1785 129 1
1786 70 0
1787 95 1
1788 49 1
1789 749 0
1790 192 0
1791 458 0
1792 616 1
1793 320 0
1794 820 1
1795 244 0
1796 236 0
1797 742 0
1798 848 0
1799 2 1
1800 476 0
1801 289 0
1802 10 1
1803 149 1
1804 685 0
1805 210 0
1806 440 0
1807 566 1
1808 59 1
1809 1 0
1810 351 0
1811 118 1
1812 564 1
1813 94 0
1814 610 1
1815 5 0
1816 477 1
1817 49 1
1818 802 1
1819 671 0
1820 366 1
1821 782 0
1822 820 0
1823 402 1
1824 650 0
1825 51 1
1826 43 0
1827 130 1
1828 547 1
1829 435 1
1830 569 1
1831 785 1
1832 5 0
1833 804 0
1834 303 0
1835 836 1
1836 773 1
1837 140 1
1838 528 1
1839 764 1
1840 340 1
1841 596 0
1842 502 1
1843 261 1
1844 221 1
1845 748 1
1846 408 0
1847 377 1
1848 53 1
1849 615 1
1850 94 1
1851 544 1
1852 631 0
1853 22 1
1854 496 1
1855 754 0
1856 142 1
1857 367 1
1858 493 1
1859 235 1
1860 719 1
1861 168 0
1862 202 1
1863 81 1
1864 18 0
1865 6 1
1866 564 0
1867 374 1
1868 380 1
1869 41 1
1870 578 0
1871 5 1
1872 561 1
1873 29 1
1874 395 1
1875 308 0
1876 517 1
1877 782 1
1878 292 1
1879 245 0
1880 829 1
1881 796 0
1882 801 1
1883 275 1
1884 107 1
1885 473 1
1886 381 1
1887 800 1
1888 245 0
1889 537 1
1890 364 1
1891 171 0
1892 716 0
1893 141 0
1894 232 0
1895 714 1
1896 31 1
1897 265 1
1898 242 0
1899 553 1
1900 250 1
1901 305 0
1902 775 1
1903 843 0
1904 227 0
1905 77 1
1906 766 1
1907 742 1
1908 595 1
1909 783 0
1910 663 1
1911 429 1
1912 569 1
1913 796 1
1914 628 1
1915 432 1
1916 792 0
1917 779 1
1918 259 1
1919 150 0
1920 689 1
1921 347 0
1922 600 1
1923 375 1
1924 513 1
1925 439 1
1926 342 1
1927 287 0
1928 102 0
1929 140 0
1930 849 1
1931 24 1
1932 455 1
1933 770 0
1934 236 1
1935 470 0
1936 295 0
1937 796 0
1938 447 0
1939 507 1
1940 16 0
1941 676 0
1942 355 1
1943 541 0
1944 463 1
1945 458 1
1946 523 1
1947 515 1
1948 804 0
1949 233 1
1950 622 0
1951 381 1
1952 61 0
1953 477 1
1954 35 1
1955 8 0
1956 471 0
1957 658 1
1958 188 1
1959 555 1
1960 420 1
1961 503 0
1962 36 0
1963 462 1
1964 843 0
1965 421 1
1966 668 1
1967 193 1
1968 520 1
1969 631 1
1970 71 1
1971 731 1
1972 842 1
1973 639 1
1974 275 0
1975 97 1
1976 624 1
1977 179 1
1978 34 1
1979 41 1
1980 606 0
1981 29 1
1982 536 1
1983 544 1
1984 163 0
1985 758 1
1986 479 1
1987 47 1
1988 564 1
1989 643 1
1990 297 0
1991 75 0
1992 610 0
1993 851 1
1994 289 1
1995 61 0
1996 626 0
1997 833 0
1998 562 1
1999 510 1
2000 239 1
2001 478 1
2002 443 1
2003 455 1
2004 605 0
2005 387 0
2006 378 0
2007 239 1
2008 110 0
2009 172 0
2010 400 1
2011 688 1
2012 572 1
2013 604 1
2014 585 1
2015 524 1
2016 69 0
2017 82 0
2018 67 1
2019 60 1
2020 175 1
2021 721 1
2022 304 1
2023 811 0
2024 467 1
2025 208 0
2026 487 0
2027 433 0
2028 229 1
2029 4 1
2030 692 1
2031 179 1
2032 70 0
2033 667 1
2034 193 0
2035 809 1
2036 570 1
2037 68 1
2038 177 0
2039 683 0
2040 279 1
2041 52 0
2042 453 1
2043 365 1
2044 63 1
2045 642 1
2046 291 1
2047 786 0
2048 477 1
2049 498 1
2050 845 1
2051 308 1
2052 524 1
2053 830 1
2054 526 1
2055 740 1
2056 215 0
2057 111 0
2058 671 1
2059 496 1
2060 116 1
2061 635 1
2062 500 1
2063 769 1
2064 685 0
2065 187 1
2066 137 1
2067 632 1
2068 266 1
2069 757 1
2070 661 0
2071 137 1
2072 829 0
2073 815 0
2074 725 1
2075 527 1
2076 13 0
2077 518 1
2078 394 1
2079 31 1
2080 117 1
2081 172 0
2082 838 1
2083 310 1
2084 682 0
2085 313 1
2086 251 1
2087 760 1
2088 699 0
2089 144 1
2090 450 1
2091 805 1
2092 374 1
2093 246 1
2094 173 0
2095 388 1
2096 620 1
2097 793 1
2098 634 1
2099 125 1
2100 835 1
2101 470 1
2102 160 1
2103 584 1
2104 368 0
2105 94 1
2106 793 1
2107 427 0
2108 639 1
2109 477 1
2110 345 0
2111 497 0
2112 696 0
2113 110 1
2114 204 1
2115 457 1
2116 68 1
2117 666 0
2118 573 1
2119 606 1
2120 518 0
2121 52 1
2122 745 1
2123 42 1
2124 672 1
2125 738 1
2126 530 1
2127 523 1
2128 336 1
2129 243 1
2130 262 1
2131 849 1
2132 43 1
2133 807 1
2134 452 1
2135 828 1
2136 405 0
2137 575 0
2138 755 1
2139 222 1
2140 406 1
2141 130 0
2142 735 0
2143 703 1
2144 680 0
2145 27 0
2146 186 0
2147 668 0
2148 79 1
2149 239 1
2150 451 1
2151 772 0
2152 489 0
2153 671 1
2154 504 1
2155 357 0
2156 393 0
2157 263 1
2158 411 1
2159 740 0
2160 328 1
2161 574 0
2162 185 1
2163 13 1
2164 404 1
2165 189 1
2166 714 0
2167 251 0
2168 849 1
2169 9 0
2170 356 1
2171 680 1
2172 248 0
2173 543 0
2174 201 1
2175 290 1
2176 591 1
2177 313 0
2178 647 0
2179 434 1
2180 97 0
2181 322 1
2182 126 1
2183 307 1
2184 767 0
2185 15 1
2186 201 1
2187 413 1
2188 55 1
2189 378 0
2190 780 1
2191 180 1
2192 73 1
2193 688 1
2194 338 1
2195 64 1
2196 286 1
2197 393 1
2198 231 1
2199 782 1
2200 534 0
2201 785 1
2202 639 1
2203 454 1
2204 695 1
2205 346 0
2206 41 1
2207 409 1
2208 290 0
2209 229 0
2210 759 1
2211 334 1
2212 805 0
2213 852 1
2214 821 1
2215 698 1
2216 724 1
2217 507 1
2218 244 1
2219 598 0
2220 334 0
2221 831 0
2222 741 1
2223 738 1
2224 753 1
2225 200 0
2226 531 1
2227 245 1
2228 656 1
2229 58 0
2230 170 1
2231 520 1
2232 656 0
2233 67 1
2234 529 0
2235 256 1
2236 26 0
2237 509 0
2238 744 1
2239 215 1
2240 631 1
2241 697 1
2242 220 1
2243 185 0
2244 331 0
2245 41 0
2246 270 1
2247 789 1
2248 4 0
2249 242 0
2250 793 1
2251 792 1
2252 733 1
2253 3 1
2254 235 1
2255 537 0
2256 757 0
2257 568 1
2258 592 0
2259 395 0
2260 391 0
2261 819 1
2262 267 1
2263 3 0
2264 152 1
2265 323 0
2266 744 0
2267 304 0
2268 833 1
2269 517 1
2270 649 0
2271 474 1
2272 99 1
2273 195 1
2274 336 1
2275 155 1
2276 420 1
2277 658 0
2278 270 1
2279 352 1
2280 176 1
2281 31 1
2282 207 0
2283 814 1
2284 37 0
2285 524 1
2286 196 1
2287 633 0
2288 581 1
2289 256 0
2290 812 0
2291 790 1
2292 657 1
2293 459 1
2294 525 0
2295 13 1
2296 758 1
2297 38 0
2298 627 0
2299 422 0
2300 848 1
2301 621 0
2302 485 0
2303 609 1
2304 623 0
2305 275 0
2306 548 1
2307 354 1
2308 199 1
2309 796 0
2310 41 1
2311 695 0
2312 247 0
2313 305 1
2314 3 0
2315 809 1
2316 213 0
2317 436 1
2318 370 1
2319 180 0
2320 327 0
2321 115 1
2322 60 0
2323 744 1
2324 676 0
2325 253 1
2326 765 1
2327 181 0
2328 99 0
2329 303 1
2330 607 0
2331 347 0
2332 104 0
2333 59 1
2334 245 1
2335 738 0
2336 819 1
2337 112 0
2338 840 0
2339 409 0
2340 813 1
2341 774 1
2342 28 1
2343 277 0
2344 836 0
2345 477 1
2346 232 1
2347 681 0
2348 24 1
2349 80 1
2350 250 1
2351 235 0
2352 335 0
2353 366 1
2354 474 1
2355 378 0
2356 832 1
2357 551 1
2358 648 0
2359 257 1
2360 802 1
2361 491 0
2362 99 0
2363 640 1
2364 452 0
2365 640 1
2366 79 1
2367 189 0
2368 617 1
2369 130 1
2370 600 1
2371 64 1
2372 201 1
2373 709 1
2374 714 0
2375 20 0
2376 365 1
2377 843 1
2378 223 1
2379 835 1
2380 620 1
2381 649 1
2382 37 1
2383 633 0
2384 787 1
2385 285 0
2386 666 1
2387 506 1
2388 234 0
2389 256 1
2390 723 0
2391 757 0
2392 58 1
2393 93 1
2394 645 0
2395 228 0
2396 820 1
2397 630 0
2398 255 0
2399 51 1
2400 566 0
2401 845 1
2402 809 1
2403 639 1
2404 130 0
2405 284 0
2406 319 0
2407 481 1
2408 327 1
2409 783 1
2410 773 0
2411 778 0
2412 428 1
2413 12 1
2414 357 1
2415 17 0
2416 523 0
2417 572 0
2418 631 1
2419 791 1
2420 524 1
2421 30 0
2422 532 0
2423 614 1
2424 356 0
2425 248 1
2426 825 0
2427 160 1
2428 121 1
2429 229 1
2430 483 1
2431 672 1
2432 504 0
2433 24 1
2434 19 0
2435 188 0
2436 431 1
2437 780 1
2438 123 0
2439 363 1
2440 354 1
2441 754 1
2442 177 1
2443 850 0
2444 604 1
2445 777 0
2446 720 1
2447 633 1
2448 256 1
2449 651 1
2450 13 1
2451 212 0
2452 451 1
2453 801 0
2454 803 1
2455 200 1
2456 191 1
2457 629 0
2458 533 1
2459 667 1
2460 121 1
2461 641 1
2462 580 1
2463 482 1
2464 472 0
2465 630 0
2466 513 1
2467 323 1
2468 251 0
2469 809 0
2470 581 0
2471 503 0
2472 505 1
2473 288 1
2474 298 0
2475 592 0
2476 210 1
2477 655 1
2478 71 0
2479 166 0
2480 686 1
2481 547 1
2482 55 1
2483 580 0
2484 411 1
2485 630 1
2486 815 0
2487 182 1
2488 806 1
2489 45 1
2490 819 1
2491 64 1
2492 287 1
2493 359 1
2494 272 1
2495 296 1
2496 592 0
2497 574 0
2498 129 1
2499 223 1
2500 106 1
2501 74 1
2502 403 0
2503 52 0
2504 850 1
2505 0 0
2506 4 0
2507 509 0
2508 178 1
2509 774 0
2510 540 1
2511 680 1
2512 453 1
2513 196 1
2514 825 1
2515 518 1
2516 543 0
2517 268 1
2518 118 0
2519 572 1
2520 541 0
2521 447 1
2522 31 1
2523 108 0
2524 117 1
2525 785 0
2526 617 1
2527 330 1
2528 405 0
2529 193 1
2530 341 1
2531 453 1
2532 573 0
2533 371 1
2534 436 1
2535 75 0
2536 55 0
2537 794 1
2538 625 0
2539 545 0
2540 324 1
2541 794 1
2542 481 0
2543 428 0
2544 191 0
2545 533 1
2546 603 1
2547 811 0
2548 372 1
2549 160 1
2550 541 1
2551 203 1
2552 152 1
2553 201 0
2554 439 1
2555 790 1
2556 616 1
2557 121 1
2558 271 1
2559 524 1
2560 440 1
2561 389 0
2562 583 0
2563 636 1
2564 798 0
2565 57 0
2566 425 1
2567 599 1
2568 527 1
2569 626 1
2570 817 0
2571 145 1
2572 563 1
2573 217 1
2574 209 0
2575 690 1
2576 214 1
2577 109 1
2578 819 1
2579 170 0
2580 81 0
2581 766 0
2582 611 1
2583 479 1
2584 583 1
2585 644 0
2586 83 1
2587 520 0
2588 574 1
2589 144 1
2590 749 1
2591 827 1
2592 330 0
2593 178 0
2594 222 1
2595 453 1
2596 699 1
2597 205 1
2598 148 1
2599 258 1
2600 205 0
2601 671 0
2602 355 1
2603 329 1
2604 222 0
2605 129 1
2606 578 0
2607 351 0
2608 309 0
2609 599 1
2610 271 1
2611 106 1
2612 688 0
2613 820 1
2614 265 0
2615 107 0
2616 396 1
2617 152 1
2618 387 1
2619 827 1
2620 349 1
2621 120 0
2622 329 0
2623 500 1
2624 395 1
2625 440 0
2626 692 1
2627 53 1
2628 251 1
2629 757 0
2630 368 1
2631 380 0
2632 183 1
2633 787 1
2634 532 1
2635 573 0
2636 257 0
2637 349 1
2638 436 1
2639 618 1
2640 365 0
2641 38 1
2642 269 0
2643 123 0
2644 360 1
2645 307 0
2646 161 1
2647 763 1
2648 615 1
2649 185 1
2650 851 1
2651 569 1
2652 722 1
2653 234 0
2654 183 1
2655 530 0
2656 575 1
2657 145 1
2658 784 1
2659 636 0
2660 295 1
2661 289 0
2662 171 1
2663 195 1
2664 289 0
2665 474 1
2666 532 1
2667 788 0
2668 377 1
2669 829 1
2670 538 1
2671 379 1
2672 344 0
2673 375 1
2674 793 1
2675 813 0
2676 494 1
2677 209 1
2678 818 1
2679 846 1
2680 178 1
2681 787 1
2682 49 1
2683 382 1
2684 159 1
2685 381 1
2686 257 1
2687 352 0
2688 678 1
2689 393 1
2690 154 1
2691 247 1
2692 118 1
2693 584 1
2694 255 0
2695 460 1
2696 561 1
2697 538 1
2698 385 1
2699 431 0
2700 672 1
2701 637 0
2702 112 0
2703 70 0
2704 8 1
2705 679 1
2706 210 1
2707 204 0
2708 652 1
2709 411 1
2710 760 0
2711 611 0
2712 660 1
2713 472 1
2714 610 0
2715 6 0
2716 256 1
2717 751 1
2718 48 1
2719 430 0
2720 678 0
2721 466 0
2722 327 0
2723 487 1
2724 0 0
2725 427 0
2726 310 1
2727 621 1
2728 727 0
2729 432 0
2730 538 1
2731 305 1
2732 476 0
2733 557 0
2734 417 1
2735 829 0
2736 388 1
2737 400 1
2738 506 1
2739 359 0
2740 326 1
2741 536 1
2742 364 1
2743 23 1
2744 668 1
2745 115 1
2746 163 1
2747 416 1
2748 747 1
2749 434 0
2750 377 1
2751 676 1
2752 244 1
2753 751 1
2754 504 1
2755 403 0
2756 312 0
2757 737 0
2758 514 1
2759 308 0
2760 485 1
2761 804 1
2762 113 1
2763 682 1
2764 734 0
2765 565 1
2766 65 0
2767 294 1
2768 128 1
2769 206 0
2770 572 1
2771 733 1
2772 90 0
2773 101 1
2774 770 1
2775 326 1
2776 226 1
2777 568 0
2778 766 1
2779 718 1
2780 782 1
2781 299 1
2782 86 0
2783 426 1
2784 54 0
2785 118 1
2786 761 1
2787 51 0
2788 132 0
2789 849 0
2790 79 0
2791 698 1
2792 721 1
2793 162 1
2794 78 1
2795 674 0
2796 455 0
2797 247 0
2798 836 1
2799 151 1
2800 700 0
2801 787 1
2802 638 1
2803 852 0
2804 384 1
2805 89 1
2806 438 1
2807 162 0
2808 593 1
2809 333 1
2810 351 1
2811 801 0
2812 397 0
2813 13 1
2814 261 1
2815 540 0
2816 681 0
2817 109 1
2818 582 1
2819 382 0
2820 225 0
2821 824 1
2822 776 1
2823 363 0
2824 458 1
2825 456 1
2826 120 1
2827 32 1
2828 845 1
2829 166 0
2830 333 1
2831 608 1
2832 327 0
2833 750 1
2834 96 0
2835 416 0
2836 143 1
2837 255 1
2838 644 0
2839 704 1
2840 461 0
2841 203 1
2842 833 1
2843 368 1
2844 529 1
2845 470 1
2846 512 0
2847 417 0
2848 89 0
2849 412 1
2850 715 0
2851 630 1
2852 486 0
2853 193 0
2854 775 0
2855 648 0
2856 473 1
2857 358 0
2858 481 1
2859 546 1
2860 655 0
2861 414 0
2862 512 1
2863 546 0
2864 415 1
2865 56 0
2866 204 0
2867 405 1
2868 112 1
2869 360 1
2870 766 0
2871 664 0
2872 399 1
2873 108 1
2874 288 0
2875 432 1
2876 211 0
2877 527 0
2878 217 1
2879 594 1
2880 573 1
2881 55 1
2882 731 1
2883 7 1
2884 452 1
2885 147 1
2886 645 1
2887 144 1
2888 249 0
2889 341 1
2890 300 1
2891 751 0
2892 159 1
2893 381 1
2894 163 1
2895 279 0
2896 166 1
2897 659 1
2898 188 0
2899 33 1
2900 427 1
2901 275 1
2902 261 1
2903 656 1
2904 795 1
2905 441 0
2906 187 1
2907 148 1
2908 282 1
2909 118 1
2910 45 1
2911 327 1
2912 2 0
2913 255 0
2914 192 1
2915 225 1
2916 716 1
2917 231 1
2918 190 0
2919 27 0
2920 301 0
2921 746 1
2922 326 1
2923 230 0
2924 693 1
2925 323 1
2926 745 1
2927 97 1
2928 176 0
2929 332 1
2930 35 1
2931 381 1
2932 328 1
2933 145 1
2934 769 1
2935 169 1
2936 159 0
2937 830 0
2938 225 1
2939 363 0
2940 678 0
2941 73 1
2942 606 1
2943 711 1
2944 771 0
2945 668 1
2946 140 1
2947 827 1
2948 201 1
2949 506 0
2950 663 0
2951 458 1
2952 6 1
2953 578 1
2954 764 0
2955 419 0
2956 774 1
2957 427 1
2958 57 1
2959 827 1
2960 721 1
2961 50 1
2962 107 0
2963 725 0
2964 390 1
2965 673 1
2966 322 1
2967 292 1
2968 105 1
2969 807 0
2970 227 0
2971 851 1
2972 259 0
2973 68 1
2974 833 1
2975 415 0
2976 806 1
2977 103 1
2978 614 0
2979 740 0
2980 599 0
2981 598 1
2982 107 0
2983 519 0
2984 300 1
2985 476 1
2986 238 1
2987 799 1
2988 168 1
2989 85 0
2990 302 0
2991 243 1
2992 112 0
2993 562 1
2994 568 1
2995 395 1
2996 277 1
2997 504 0
2998 423 1
2999 845 1
3000 35 1
3001 520 1
3002 86 0
3003 41 1
3004 726 1
3005 651 0
3006 627 0
3007 429 0
3008 510 0
3009 130 0
3010 709 1
3011 661 1
3012 788 0
3013 641 1
3014 728 1
3015 474 1
3016 369 0
3017 306 0
3018 730 1
3019 104 1
3020 598 1
3021 777 1
3022 65 1
3023 505 1
3024 737 1
3025 193 1
3026 306 1
3027 118 0
3028 559 1
3029 845 0
3030 785 1
3031 590 1
3032 605 1
3033 150 0
3034 639 1
3035 354 0
3036 280 1
3037 25 1
3038 147 1
3039 191 1
3040 311 0
3041 16 1
3042 633 1
3043 251 0
3044 164 1
3045 166 0
3046 707 0
3047 520 1
3048 193 1
3049 334 1
3050 70 1
3051 486 1
3052 359 1
3053 820 1
3054 187 1
3055 784 0
3056 665 1
3057 509 1
3058 204 1
3059 53 1
3060 272 1
3061 588 0
3062 245 0
3063 831 1
3064 194 1
3065 417 1
3066 393 1
3067 9 0
3068 684 0
3069 652 1
3070 256 0
3071 763 1
3072 528 0
3073 512 1
3074 572 0
3075 495 1
3076 54 1
3077 239 0
3078 607 1
3079 8 0
3080 652 0
3081 460 1
3082 723 1
3083 338 1
3084 568 1
3085 819 0
3086 843 1
3087 37 1
3088 541 1
3089 645 1
3090 508 1
3091 374 1
3092 640 1
3093 256 1
3094 225 1
3095 589 1
3096 84 0
3097 463 0
3098 788 1
3099 632 1
3100 209 1
3101 472 1
3102 720 0
3103 110 1
3104 453 1
3105 792 1
3106 312 0
3107 64 1
3108 320 0
3109 615 1
3110 708 1
3111 817 1
3112 669 0
3113 141 1
3114 498 1
3115 375 0
3116 764 1
3117 176 1
3118 627 1
3119 185 1
3120 312 0
3121 457 0
3122 683 1
3123 846 1
3124 111 0
3125 89 1
3126 228 0
3127 153 0
3128 603 0
3129 41 1
3130 461 0
3131 225 1
3132 534 1
3133 148 1
3134 81 1
3135 657 1
3136 704 1
3137 287 1
3138 176 1
3139 78 0
3140 157 1
3141 501 1
3142 468 1
3143 552 1
3144 342 0
3145 588 1
3146 280 1
3147 445 1
3148 484 1
3149 267 1
3150 321 1
3151 229 0
3152 702 0
3153 99 1
3154 66 0
3155 560 0
3156 469 0
3157 732 1
3158 256 0
3159 424 1
3160 294 1
3161 796 0
3162 118 1
3163 534 1
3164 250 1
3165 686 0
3166 389 1
3167 13 0
3168 703 1
3169 510 0
3170 290 0
3171 387 0
3172 548 0
3173 236 0
3174 696 0
3175 796 1
3176 88 0
3177 105 1
3178 271 1
3179 327 1
3180 105 1
3181 239 0
3182 221 1
3183 127 1
3184 489 0
3185 358 1
3186 0 0
3187 78 1
3188 156 1
3189 622 1
3190 368 0
3191 508 1
3192 573 1
3193 787 1
3194 523 0
3195 636 0
3196 419 1
3197 518 0
3198 522 1
3199 229 1
3200 428 0
3201 330 1
3202 602 1
3203 370 1
3204 116 1
3205 152 0
3206 97 1
3207 87 1
3208 543 1
3209 54 0
3210 280 1
3211 236 1
3212 107 1
3213 734 1
3214 669 1
3215 181 0
3216 821 1
3217 66 1
3218 190 1
3219 599 1
3220 699 1
3221 791 0
3222 805 0
3223 6 0
3224 168 1
3225 831 0
3226 21 1
3227 541 1
3228 237 0
3229 152 1
3230 780 0
3231 544 1
3232 114 0
3233 711 1
3234 316 1
3235 735 1
3236 601 1
3237 351 1
3238 90 1
3239 317 1
3240 418 0
3241 100 1
3242 756 1
3243 692 1
3244 457 0
3245 440 1
3246 447 1
3247 525 0
3248 10 1
3249 136 1
3250 109 1
3251 736 0
3252 813 1
3253 657 0
3254 715 0
3255 431 0
3256 538 1
3257 112 1
3258 442 1
3259 704 1
3260 64 0
3261 677 1
3262 544 1
3263 343 1
3264 731 1
3265 150 1
3266 620 0
3267 90 0
3268 390 1
3269 22 0
3270 137 0
3271 654 1
3272 378 1
3273 386 1
3274 841 0
3275 260 0
3276 650 0
3277 687 0
3278 556 1
3279 164 0
3280 779 1
3281 791 1
3282 471 1
3283 518 0
3284 169 0
3285 382 1
3286 387 1
3287 253 1
3288 219 0
3289 125 1
3290 22 1
3291 505 1
3292 718 1
3293 283 1
3294 762 1
3295 248 1
3296 32 1
3297 502 1
3298 461 1
3299 635 1
3300 100 1
3301 208 0
3302 470 1
3303 646 1
3304 246 1
3305 413 1
3306 552 1
3307 335 0
3308 651 1
3309 106 1
3310 211 1
3311 517 1
3312 788 0
3313 748 0
3314 580 1
3315 296 1
3316 87 1
3317 562 1
3318 235 1
3319 641 1
3320 397 1
3321 268 1
3322 514 0
3323 635 1
3324 367 1
3325 17 1
3326 490 1
3327 823 1
3328 825 1
3329 213 1
3330 764 1
3331 502 1
3332 408 1
3333 680 1
3334 690 1
3335 644 1
3336 62 0
3337 452 0
3338 662 1
3339 158 0
3340 120 0
3341 24 0
3342 834 1
3343 428 0
3344 228 0
3345 751 1
3346 546 0
3347 137 1
3348 734 0
3349 262 1
3350 678 1
3351 197 0
3352 111 1
3353 587 1
3354 28 0
3355 218 1
3356 191 0
3357 277 1
3358 484 1
3359 371 1
3360 742 1
3361 852 0
3362 791 1
3363 782 0
3364 346 1
3365 636 0
3366 367 0
3367 181 1
3368 753 1
3369 645 1
3370 784 0
3371 325 0
3372 501 0
3373 541 1
3374 578 0
3375 114 0
3376 326 1
3377 170 0
3378 495 0
3379 205 0
3380 414 1
3381 158 0
3382 216 1
3383 530 1
3384 378 0
3385 167 1
3386 455 1
3387 678 1
3388 489 0
3389 358 1
3390 547 0
3391 804 1
3392 709 0
3393 531 0
3394 467 1
3395 338 0
3396 118 0
3397 79 1
3398 229 1
3399 574 1
3400 324 1
3401 311 0
3402 628 1
3403 152 0
3404 749 0
3405 600 1
3406 253 1
3407 710 1
3408 65 0
3409 458 1
3410 393 1
3411 684 0
3412 686 1
3413 240 0
3414 766 0
3415 64 0
3416 96 0
3417 286 1
3418 28 1
3419 381 1
3420 219 1
3421 614 0
3422 72 1
3423 704 1
3424 127 0
3425 793 1
3426 499 1
3427 550 1
3428 656 1
3429 518 0
3430 145 1
3431 75 1
3432 351 0
3433 359 1
3434 194 1
3435 427 1
3436 138 1
3437 156 1
3438 51 0
3439 471 0
3440 564 1
3441 216 1
3442 304 0
3443 665 1
3444 828 0
3445 69 1
3446 305 0
3447 485 0
3448 753 1
3449 430 0
3450 1 0
3451 632 0
3452 438 0
3453 473 0
3454 189 1
3455 61 0
3456 624 1
3457 233 1
3458 314 0
3459 429 0
3460 622 1
3461 656 1
3462 766 0
3463 124 1
3464 525 1
3465 29 1
3466 805 1
3467 59 1
3468 844 1
3469 396 1
3470 16 0
3471 203 1
3472 4 1
3473 109 1
3474 604 1
3475 125 1
3476 306 1
3477 570 0
3478 586 1
3479 278 1
3480 642 1
3481 178 1
3482 363 1
3483 376 1
3484 164 1
3485 656 0
3486 499 0
3487 92 0
3488 689 1
3489 340 1
3490 134 1
3491 812 1
3492 641 1
3493 53 1
3494 616 1
3495 756 1
3496 156 1
3497 267 0
3498 566 1
3499 266 1
3500 809 1
3501 58 0
3502 322 1
3503 476 0
3504 723 0
3505 722 1
3506 552 0
3507 692 1
3508 603 1
3509 838 1
3510 470 1
3511 40 1
3512 90 1
3513 416 1
3514 345 1
3515 658 1
3516 145 1
3517 149 1
3518 384 1
3519 750 1
3520 711 0
3521 381 1
3522 568 1
3523 20 1
3524 234 1
3525 807 0
3526 14 1
3527 724 1
3528 424 0
3529 155 1
3530 363 1
3531 340 0
3532 193 1
3533 122 1
3534 384 1
3535 101 0
3536 760 0
3537 775 1
3538 95 1
3539 792 0
3540 193 1
3541 551 1
3542 8 0
3543 560 1
3544 832 1
3545 348 1
3546 69 1
3547 119 1
3548 447 0
3549 110 1
3550 508 0
3551 467 0
3552 87 1
3553 36 1
3554 578 0
3555 759 0
3556 114 1
3557 249 1
3558 23 0
3559 679 1
3560 794 0
3561 590 0
3562 132 0
3563 396 1
3564 346 1
3565 75 1
3566 841 0
3567 415 1
3568 201 0
3569 256 1
3570 674 1
3571 820 0
3572 617 1
3573 180 0
3574 170 1
3575 36 0
3576 304 0
3577 244 1
3578 730 1
3579 534 1
3580 416 0
3581 223 1
3582 422 1
3583 477 1
3584 484 1
3585 672 0
3586 288 1
3587 362 1
3588 124 0
3589 86 1
3590 672 1
3591 530 0
3592 142 0
3593 807 0
3594 809 0
3595 365 1
3596 367 1
3597 775 1
3598 497 1
3599 683 1
3600 402 0
3601 555 1
3602 411 1
3603 136 0
3604 853 1
3605 100 0
3606 468 1
3607 188 1
3608 69 1
3609 23 0
3610 23 0
3611 519 1
3612 247 1
3613 574 1
3614 109 1
3615 141 1
3616 176 1
3617 595 1
3618 29 1
3619 516 1
3620 99 0
3621 95 1
3622 765 1
3623 696 0
3624 673 1
3625 128 1
3626 378 1
3627 480 1
3628 234 1
3629 640 0
3630 729 1
3631 248 0
3632 18 0
3633 156 1
3634 845 0
3635 325 1
3636 683 0
3637 176 1
3638 827 1
3639 823 0
3640 8 1
3641 736 0
3642 746 1
3643 406 1
3644 688 0
3645 842 1
3646 493 1
3647 132 0
3648 350 1
3649 807 1
3650 354 1
3651 681 1
3652 92 1
3653 173 0
3654 146 0
3655 106 0
3656 364 0
3657 788 1
3658 476 1
3659 755 1
3660 52 1
3661 267 1
3662 249 1
3663 326 1
3664 811 1
3665 212 0
3666 682 1
3667 743 0
3668 166 1
3669 111 0
3670 453 1
3671 590 0
3672 330 0
3673 468 1
3674 260 1
3675 262 1
3676 382 1
3677 127 1
3678 198 1
3679 501 1
3680 3 0
3681 715 1
3682 146 1
3683 731 1
3684 61 1
3685 625 0
3686 329 1
3687 725 1
3688 281 1
3689 736 1
3690 832 1
3691 123 0
3692 68 1
3693 386 0
3694 827 1
3695 670 0
3696 141 1
3697 787 1
3698 654 1
3699 724 1
3700 776 1
3701 623 1
3702 252 1
3703 305 1
3704 104 1
3705 344 0
3706 581 0
3707 691 1
3708 841 1
3709 310 1
3710 504 1
3711 791 0
3712 52 1
3713 203 1
3714 534 1
3715 691 0
3716 87 1
3717 226 1
3718 225 1
3719 142 1
3720 113 1
3721 535 1
3722 223 1
3723 490 1
3724 843 0
3725 171 1
3726 197 1
3727 409 0
3728 103 1
3729 350 1
3730 204 1
3731 488 1
3732 42 1
3733 631 1
3734 639 0
3735 720 0
3736 654 1
3737 593 1
3738 168 0
3739 358 1
3740 424 0
3741 652 1
3742 761 1
3743 265 1
3744 214 0
3745 42 1
3746 198 1
3747 709 1
3748 638 0
3749 632 1
3750 778 1
3751 322 1
3752 170 1
3753 725 0
3754 415 1
3755 621 0
3756 758 1
3757 731 1
3758 20 1
3759 70 0
3760 152 1
3761 46 0
3762 766 1
3763 715 0
3764 636 1
3765 120 1
3766 261 1
3767 408 1
3768 628 1
3769 41 0
3770 509 1
3771 423 1
3772 475 1
3773 598 1
3774 691 1
3775 124 1
3776 51 1
3777 464 0
3778 196 1
3779 638 1
3780 88 0
3781 787 0
3782 594 1
3783 175 1
