472
1 214 0
2 119 1
3 595 0
4 284 1
5 213 1
6 79 1
7 63 1
8 6 1
9 514 1
10 684 1
11 344 1
12 133 1
13 406 0
14 307 1
15 595 1
16 234 0
17 186 0
18 535 1
19 268 0
20 746 1
21 389 0
22 647 1
23 681 0
24 492 1
25 658 0
26 330 0
27 316 1
28 61 1
29 486 1
30 353 1
31 489 1
32 363 1
33 221 1
34 333 1
35 233 0
36 655 1
37 421 1
38 355 1
39 472 1
40 50 1
41 180 0
42 650 1
43 484 1
44 95 1
45 719 0
46 524 1
47 676 0
48 400 1
49 302 1
50 667 1
51 734 0
52 438 1
53 737 0
54 10 1
55 560 0
56 496 0
57 80 1
58 113 0
59 373 1
60 7 1
61 701 1
62 53 0
63 699 1
64 27 0
65 107 1
66 456 1
67 533 0
68 109 1
69 203 0
70 232 1
71 583 1
72 381 1
73 391 1
74 104 1
75 343 0
76 733 1
77 327 1
78 173 1
79 159 1
80 543 0
81 536 1
82 748 1
83 410 1
84 92 0
85 256 1
86 658 1
87 692 1
88 19 1
89 409 1
90 724 0
91 279 1
92 312 1
93 399 1
94 509 1
95 687 1
96 61 1
97 569 0
98 44 1
99 543 0
100 469 0
101 100 0
102 515 1
103 278 1
104 392 0
105 702 1
106 720 1
107 729 0
108 464 1
109 395 1
110 159 1
111 543 1
112 57 1
113 310 1
114 607 1
115 282 1
116 170 1
117 316 0
118 95 1
119 500 0
120 563 1
121 120 1
122 295 1
123 428 0
124 90 1
125 610 0
126 17 0
127 514 0
128 17 1
129 624 0
130 194 1
131 577 0
132 568 1
133 330 1
134 5 1
135 28 0
136 144 0
137 727 0
138 638 1
139 75 1
140 91 1
141 618 1
142 354 0
143 227 1
144 429 1
145 636 0
146 633 1
147 628 0
148 623 1
149 742 0
150 664 1
151 476 0
152 154 0
153 123 0
154 112 1
155 398 0
156 524 0
157 716 0
158 621 1
159 530 0
160 671 1
161 189 1
162 132 0
163 259 1
164 291 1
165 664 0
166 243 0
167 639 0
168 500 0
169 470 1
170 242 1
171 456 1
172 761 1
173 161 1
174 228 1
175 184 1
176 734 0
177 317 0
178 111 0
179 498 1
180 453 1
181 234 0
182 458 1
183 373 1
184 152 0
185 447 0
186 228 1
187 441 0
188 548 0
189 123 1
190 530 0
191 552 1
192 725 1
193 243 1
194 725 0
195 114 1
196 419 1
197 750 1
198 502 1
199 713 1
200 80 1
201 689 0
202 176 1
203 174 1
204 204 1
205 16 1
206 245 1
207 516 1
208 314 1
209 322 1
210 17 1
211 330 1
212 425 1
213 190 1
214 677 0
215 457 1
216 580 1
217 705 1
218 388 1
219 760 1
220 53 0
221 608 0
222 221 1
223 548 0
224 399 0
225 92 0
226 182 1
227 493 1
228 739 1
229 6 1
230 103 1
231 689 1
232 486 1
233 359 1
234 26 0
235 344 1
236 7 1
237 421 1
238 592 0
239 45 1
240 715 1
241 284 0
242 559 0
243 381 1
244 740 0
245 467 1
246 492 1
247 42 0
248 708 0
249 729 1
250 396 1
251 94 1
252 541 1
253 273 0
254 1 1
255 237 1
256 455 1
257 490 0
258 578 1
259 65 0
260 136 1
261 274 0
262 610 1
263 482 1
264 762 1
265 164 1
266 397 0
267 78 1
268 54 0
269 184 1
270 309 1
271 51 0
272 626 1
273 699 0
274 694 1
275 635 0
276 577 1
277 738 1
278 145 1
279 617 1
280 544 1
281 582 1
282 320 1
283 757 1
284 652 0
285 473 1
286 283 1
287 242 0
288 751 0
289 586 0
290 581 1
291 387 0
292 646 1
293 458 1
294 457 1
295 215 1
296 374 0
297 56 0
298 333 1
299 349 1
300 674 0
301 59 1
302 267 0
303 339 1
304 522 1
305 575 1
306 662 1
307 374 1
308 603 0
309 255 1
310 425 1
311 175 1
312 143 1
313 9 1
314 728 0
315 338 1
316 461 1
317 68 0
318 382 1
319 623 0
320 612 0
321 120 0
322 677 0
323 738 1
324 607 1
325 453 0
326 340 1
327 707 1
328 139 0
329 240 1
330 355 0
331 382 0
332 660 0
333 61 0
334 137 1
335 59 1
336 398 1
337 179 0
338 314 1
339 64 1
340 426 0
341 66 0
342 22 0
343 126 1
344 6 1
345 669 0
346 225 1
347 54 1
348 17 0
349 401 0
350 439 0
351 183 1
352 280 0
353 25 1
354 559 1
355 391 1
356 651 0
357 628 1
358 107 1
359 474 1
360 400 1
361 519 0
362 710 1
363 748 1
364 329 1
365 521 0
366 125 1
367 123 1
368 706 1
369 639 0
370 642 1
371 723 1
372 364 1
373 78 1
374 217 0
375 629 0
376 212 1
377 119 1
378 598 1
379 526 1
380 172 1
381 213 1
382 628 1
383 343 1
384 484 1
385 712 1
386 530 0
387 531 1
388 134 0
389 242 1
390 442 1
391 248 1
392 535 1
393 92 0
394 515 1
395 174 1
396 182 1
397 626 0
398 3 0
399 256 1
400 468 1
401 490 1
402 155 0
403 5 1
404 147 1
405 684 0
406 758 1
407 119 0
408 177 1
409 539 0
410 470 1
411 660 1
412 20 1
413 338 0
414 8 0
415 511 0
416 79 0
417 755 1
418 538 0
419 164 1
420 647 1
421 150 0
422 657 1
423 450 1
424 481 1
425 43 1
426 219 1
427 479 1
428 102 0
429 667 1
430 691 1
431 270 1
432 695 0
433 241 1
434 661 0
435 435 1
436 129 1
437 465 1
438 495 0
439 497 0
440 18 0
441 39 1
442 120 1
443 521 0
444 615 1
445 16 1
446 479 1
447 189 1
448 548 0
449 161 1
450 475 0
451 270 0
452 462 1
453 268 1
454 527 0
455 406 0
456 182 0
457 63 0
458 648 1
459 568 0
460 289 1
461 683 1
462 106 0
463 460 0
464 179 1
465 380 1
466 497 1
467 539 1
468 261 0
469 390 0
470 449 0
471 210 1
472 162 1
