9045
1 24 1
2 119 1
3 105 1
4 12 1
5 53 0
6 155 0
7 17 1
8 70 0
9 146 0
10 0 1
11 178 0
12 51 1
13 60 1
14 77 1
15 105 0
16 132 1
17 190 1
18 155 1
19 72 1
20 118 1
21 151 0
22 47 0
23 165 1
24 120 0
25 44 0
26 96 0
27 132 1
28 99 1
29 40 1
30 115 1
31 147 1
32 81 0
33 173 1
34 179 1
35 77 1
36 173 0
37 51 1
38 71 0
39 12 1
40 8 1
41 114 1
42 148 1
43 186 0
44 179 1
45 163 0
46 178 1
47 88 0
48 128 1
49 170 0
50 181 0
51 20 1
52 150 1
53 121 0
54 156 1
55 20 1
56 186 1
57 8 1
58 121 1
59 61 0
60 33 0
61 75 1
62 15 1
63 145 1
64 99 1
65 59 0
66 170 0
67 115 1
68 85 0
69 21 1
70 44 1
71 145 1
72 111 1
73 45 1
74 88 0
75 79 1
76 71 0
77 135 1
78 185 0
79 31 0
80 75 1
81 112 1
82 104 1
83 46 0
84 138 1
85 104 1
86 172 1
87 152 1
88 77 1
89 61 1
90 44 1
91 155 1
92 162 0
93 3 1
94 117 1
95 51 0
96 125 1
97 113 1
98 64 1
99 159 1
100 161 0
101 124 1
102 59 1
103 162 0
104 148 1
105 170 0
106 38 1
107 109 1
108 162 0
109 95 1
110 147 0
111 147 1
112 177 0
113 176 0
114 93 1
115 118 1
116 80 0
117 134 1
118 127 1
119 144 0
120 1 1
121 142 1
122 185 0
123 174 0
124 104 1
125 174 1
126 155 0
127 4 0
128 61 1
129 182 1
130 190 1
131 149 1
132 22 1
133 84 0
134 61 1
135 166 0
136 88 1
137 35 1
138 106 1
139 167 0
140 25 0
141 8 1
142 142 1
143 187 0
144 193 0
145 98 1
146 21 1
147 6 1
148 11 0
149 128 1
150 58 0
151 2 1
152 20 1
153 159 1
154 116 0
155 78 1
156 20 1
157 62 1
158 99 1
159 40 0
160 165 0
161 155 1
162 60 1
163 99 1
164 119 0
165 12 0
166 133 1
167 63 1
168 48 1
169 148 1
170 30 1
171 46 1
172 53 1
173 81 1
174 98 1
175 118 1
176 0 1
177 191 0
178 43 0
179 66 1
180 63 1
181 80 0
182 88 0
183 23 1
184 40 1
185 41 1
186 72 1
187 183 1
188 2 1
189 145 1
190 192 1
191 104 0
192 17 1
193 187 0
194 65 0
195 156 1
196 5 1
197 64 0
198 54 0
199 165 1
200 0 1
201 99 1
202 34 1
203 132 1
204 158 1
205 4 1
206 87 1
207 24 1
208 144 0
209 32 1
210 139 0
211 78 1
212 165 1
213 172 1
214 37 0
215 53 1
216 24 1
217 43 1
218 174 1
219 156 1
220 193 1
221 164 1
222 9 0
223 58 1
224 73 1
225 38 1
226 18 0
227 97 1
228 65 1
229 14 0
230 87 0
231 7 1
232 154 0
233 165 1
234 94 1
235 14 1
236 27 0
237 47 1
238 40 0
239 59 0
240 129 0
241 66 1
242 19 1
243 71 1
244 106 0
245 55 1
246 88 1
247 172 1
248 110 0
249 117 1
250 10 1
251 166 1
252 177 0
253 9 1
254 187 0
255 71 1
256 165 0
257 10 1
258 168 1
259 137 1
260 102 1
261 14 1
262 58 1
263 172 1
264 4 1
265 112 1
266 161 1
267 114 0
268 166 1
269 102 1
270 125 1
271 149 1
272 112 0
273 83 1
274 110 1
275 101 0
276 87 1
277 76 0
278 103 1
279 53 0
280 84 0
281 184 1
282 118 1
283 131 1
284 162 0
285 117 1
286 15 0
287 58 0
288 35 1
289 20 1
290 101 1
291 97 0
292 104 1
293 74 1
294 161 1
295 183 0
296 162 0
297 38 1
298 17 0
299 45 1
300 10 1
301 13 1
302 37 0
303 153 0
304 80 1
305 151 1
306 162 1
307 110 1
308 95 0
309 81 1
310 181 0
311 49 1
312 177 1
313 103 0
314 58 1
315 114 1
316 179 1
317 94 0
318 0 1
319 29 1
320 94 1
321 2 1
322 103 1
323 130 1
324 165 0
325 1 0
326 22 1
327 41 0
328 5 1
329 68 1
330 161 0
331 66 1
332 112 1
333 37 1
334 81 1
335 127 1
336 114 1
337 39 1
338 176 0
339 28 1
340 54 1
341 40 1
342 14 1
343 16 0
344 94 1
345 17 0
346 135 0
347 142 1
348 111 0
349 167 1
350 179 1
351 41 1
352 164 1
353 57 1
354 117 1
355 33 0
356 177 1
357 182 1
358 89 1
359 144 1
360 150 1
361 113 1
362 112 1
363 146 0
364 175 0
365 155 0
366 87 1
367 129 0
368 16 0
369 137 1
370 12 1
371 111 1
372 178 1
373 120 1
374 37 0
375 125 0
376 100 1
377 19 0
378 40 1
379 176 1
380 86 1
381 51 1
382 74 1
383 165 1
384 172 1
385 158 0
386 148 1
387 113 0
388 108 1
389 140 0
390 172 1
391 6 0
392 177 1
393 158 1
394 59 0
395 174 1
396 146 1
397 60 1
398 79 0
399 50 1
400 8 0
401 176 1
402 151 1
403 29 0
404 3 1
405 78 1
406 174 1
407 187 1
408 45 1
409 115 1
410 32 0
411 118 0
412 122 1
413 138 1
414 78 0
415 65 1
416 71 0
417 111 1
418 10 0
419 28 1
420 49 1
421 122 1
422 125 1
423 54 1
424 73 1
425 143 1
426 133 0
427 23 1
428 180 0
429 3 1
430 23 1
431 146 1
432 177 1
433 123 0
434 137 1
435 69 1
436 191 1
437 83 1
438 47 1
439 33 1
440 48 1
441 159 1
442 178 1
443 111 1
444 17 1
445 30 1
446 117 0
447 69 1
448 46 0
449 157 1
450 83 1
451 44 1
452 92 1
453 138 1
454 5 1
455 66 1
456 88 1
457 103 1
458 16 0
459 104 1
460 3 0
461 9 1
462 116 1
463 90 1
464 11 1
465 20 0
466 147 0
467 43 1
468 125 0
469 186 1
470 93 1
471 118 1
472 86 1
473 187 1
474 44 1
475 71 0
476 99 0
477 102 1
478 92 0
479 52 1
480 179 0
481 66 0
482 4 1
483 179 1
484 31 1
485 0 1
486 97 1
487 111 0
488 14 1
489 93 0
490 3 1
491 40 1
492 178 1
493 123 1
494 75 0
495 48 1
496 115 0
497 127 0
498 91 1
499 183 1
500 23 1
501 52 1
502 42 1
503 45 1
504 69 1
505 177 1
506 42 1
507 174 1
508 34 1
509 98 0
510 147 0
511 103 1
512 128 0
513 56 1
514 83 0
515 148 0
516 163 0
517 96 1
518 38 0
519 2 1
520 85 0
521 114 1
522 71 0
523 21 1
524 67 1
525 82 0
526 6 0
527 151 1
528 91 1
529 94 0
530 187 1
531 149 1
532 118 1
533 102 0
534 192 1
535 132 0
536 152 0
537 78 1
538 16 0
539 69 0
540 87 1
541 37 1
542 78 0
543 29 1
544 137 1
545 17 1
546 41 1
547 27 1
548 152 1
549 183 1
550 167 1
551 102 0
552 43 0
553 90 1
554 82 1
555 76 1
556 179 1
557 64 1
558 108 1
559 100 1
560 24 1
561 116 0
562 25 1
563 158 1
564 12 1
565 2 1
566 137 1
567 173 1
568 26 1
569 107 0
570 31 0
571 146 1
572 37 0
573 142 0
574 110 1
575 65 1
576 34 1
577 133 1
578 192 1
579 105 0
580 113 1
581 185 1
582 146 1
583 39 1
584 102 1
585 149 1
586 4 1
587 84 1
588 51 1
589 54 0
590 142 1
591 36 0
592 168 1
593 104 1
594 135 1
595 172 1
596 57 0
597 173 1
598 69 1
599 50 0
600 98 1
601 111 0
602 40 1
603 77 0
604 161 1
605 187 1
606 119 1
607 26 0
608 68 0
609 62 1
610 14 0
611 192 0
612 139 1
613 143 1
614 123 0
615 119 1
616 132 0
617 64 0
618 165 1
619 3 1
620 75 1
621 176 1
622 89 1
623 157 0
624 73 1
625 166 0
626 0 1
627 93 1
628 9 1
629 87 0
630 169 1
631 94 0
632 177 1
633 19 1
634 167 1
635 21 1
636 16 1
637 112 0
638 140 1
639 68 1
640 34 0
641 41 1
642 73 1
643 42 1
644 111 1
645 21 1
646 11 0
647 62 0
648 141 1
649 77 0
650 167 1
651 97 1
652 102 1
653 28 0
654 24 0
655 2 1
656 4 1
657 156 0
658 112 1
659 94 0
660 2 1
661 179 0
662 98 0
663 8 1
664 191 0
665 93 0
666 118 1
667 21 1
668 140 0
669 9 0
670 79 1
671 92 0
672 183 1
673 95 0
674 186 0
675 127 1
676 172 1
677 136 0
678 28 1
679 55 1
680 98 0
681 124 1
682 80 0
683 177 1
684 129 1
685 187 1
686 132 0
687 32 1
688 73 0
689 91 1
690 57 1
691 189 0
692 71 0
693 46 1
694 16 1
695 124 0
696 185 1
697 136 1
698 134 0
699 93 0
700 47 1
701 17 1
702 172 1
703 169 1
704 112 0
705 52 1
706 24 1
707 73 0
708 112 1
709 128 0
710 90 1
711 48 1
712 175 0
713 20 1
714 173 1
715 118 1
716 6 1
717 73 1
718 54 1
719 165 1
720 176 1
721 9 0
722 4 0
723 36 0
724 71 1
725 179 1
726 92 1
727 110 0
728 86 1
729 123 1
730 177 1
731 87 1
732 51 1
733 37 1
734 77 1
735 11 0
736 159 0
737 1 1
738 100 1
739 19 0
740 136 1
741 6 0
742 166 1
743 42 1
744 180 1
745 186 1
746 80 1
747 21 1
748 174 1
749 171 0
750 0 1
751 52 1
752 72 1
753 62 0
754 24 1
755 83 1
756 86 1
757 63 1
758 139 1
759 179 0
760 138 0
761 90 1
762 184 1
763 91 1
764 104 1
765 91 1
766 185 1
767 70 1
768 64 0
769 41 1
770 149 1
771 117 0
772 81 1
773 96 1
774 154 0
775 19 1
776 186 0
777 186 1
778 156 1
779 15 1
780 85 0
781 105 1
782 117 0
783 74 1
784 177 1
785 10 0
786 42 1
787 169 1
788 48 1
789 150 1
790 152 1
791 170 1
792 148 1
793 189 1
794 113 0
795 44 0
796 51 0
797 15 1
798 0 1
799 156 0
800 8 1
801 177 1
802 33 0
803 174 1
804 158 1
805 153 1
806 103 0
807 129 0
808 159 0
809 101 1
810 68 1
811 16 1
812 163 1
813 94 0
814 184 1
815 80 0
816 28 1
817 176 1
818 18 0
819 77 1
820 90 1
821 160 1
822 33 1
823 56 0
824 87 1
825 76 1
826 104 1
827 81 1
828 59 1
829 43 1
830 165 1
831 109 0
832 183 1
833 123 0
834 116 1
835 51 0
836 105 0
837 139 1
838 175 1
839 71 1
840 26 0
841 159 1
842 108 1
843 139 1
844 90 1
845 84 1
846 174 0
847 189 1
848 153 1
849 39 1
850 58 0
851 150 0
852 171 1
853 42 1
854 31 1
855 89 0
856 128 1
857 56 1
858 163 0
859 144 0
860 118 1
861 182 1
862 96 0
863 64 1
864 35 0
865 65 1
866 129 0
867 59 1
868 50 0
869 126 0
870 82 0
871 7 0
872 10 0
873 188 1
874 193 1
875 100 1
876 107 0
877 83 1
878 6 1
879 193 1
880 186 1
881 132 1
882 147 0
883 95 1
884 33 1
885 147 0
886 177 0
887 66 1
888 86 1
889 35 1
890 67 0
891 70 1
892 93 1
893 52 1
894 169 0
895 9 0
896 178 1
897 150 1
898 7 1
899 132 1
900 141 1
901 23 0
902 108 1
903 52 0
904 18 1
905 147 0
906 92 1
907 0 1
908 172 1
909 24 0
910 38 1
911 49 1
912 171 1
913 23 1
914 119 1
915 152 1
916 108 0
917 125 1
918 134 1
919 84 1
920 133 1
921 44 1
922 56 1
923 150 1
924 30 0
925 183 1
926 11 0
927 154 1
928 106 1
929 101 1
930 6 1
931 160 1
932 169 1
933 71 0
934 71 0
935 2 1
936 61 0
937 170 1
938 152 1
939 86 0
940 103 1
941 119 1
942 176 1
943 37 0
944 124 1
945 182 1
946 131 1
947 179 1
948 42 0
949 84 1
950 13 1
951 124 0
952 0 0
953 60 0
954 94 1
955 75 1
956 156 1
957 52 1
958 142 1
959 160 0
960 95 1
961 137 1
962 166 0
963 8 0
964 174 0
965 62 0
966 47 1
967 130 1
968 154 0
969 134 1
970 142 1
971 54 0
972 143 1
973 48 1
974 64 1
975 98 0
976 98 1
977 127 1
978 31 0
979 146 1
980 95 1
981 66 0
982 134 1
983 124 0
984 192 0
985 145 1
986 79 1
987 179 0
988 46 1
989 182 0
990 177 1
991 11 1
992 61 0
993 19 1
994 79 0
995 99 1
996 114 1
997 57 1
998 168 1
999 145 1
1000 51 1
1001 47 0
1002 163 1
1003 26 0
1004 1 0
1005 61 1
1006 34 1
1007 193 0
1008 144 0
1009 183 1
1010 117 1
1011 71 1
1012 60 1
1013 154 1
1014 49 1
1015 134 1
1016 135 1
1017 98 1
1018 149 1
1019 54 1
1020 7 1
1021 134 0
1022 55 0
1023 5 1
1024 19 0
1025 96 1
1026 17 1
1027 42 1
1028 102 0
1029 173 1
1030 41 1
1031 186 0
1032 164 1
1033 20 1
1034 150 1
1035 75 0
1036 186 1
1037 133 1
1038 16 0
1039 181 1
1040 2 1
1041 39 1
1042 58 0
1043 159 0
1044 145 1
1045 52 1
1046 120 1
1047 36 1
1048 70 1
1049 15 1
1050 128 1
1051 51 0
1052 167 1
1053 168 1
1054 64 1
1055 86 1
1056 174 1
1057 19 0
1058 75 1
1059 66 1
1060 185 1
1061 15 0
1062 32 0
1063 136 0
1064 171 0
1065 190 1
1066 44 1
1067 159 0
1068 166 0
1069 135 1
1070 158 0
1071 36 0
1072 87 1
1073 110 1
1074 102 1
1075 186 1
1076 35 1
1077 139 0
1078 59 0
1079 37 0
1080 34 1
1081 9 1
1082 143 1
1083 30 1
1084 43 1
1085 86 1
1086 126 0
1087 145 0
1088 46 0
1089 51 1
1090 105 1
1091 176 0
1092 50 1
1093 76 0
1094 70 0
1095 14 1
1096 81 0
1097 117 1
1098 127 0
1099 80 1
1100 52 1
1101 177 1
1102 156 1
1103 133 0
1104 57 0
1105 92 1
1106 161 1
1107 43 1
1108 130 1
1109 189 1
1110 168 1
1111 173 1
1112 30 0
1113 20 0
1114 112 1
1115 67 0
1116 134 1
1117 18 0
1118 46 0
1119 39 1
1120 9 1
1121 5 1
1122 140 1
1123 55 1
1124 103 0
1125 144 1
1126 57 1
1127 66 0
1128 89 1
1129 50 0
1130 182 1
1131 168 1
1132 101 1
1133 153 1
1134 77 1
1135 184 1
1136 192 0
1137 124 1
1138 106 1
1139 82 1
1140 165 1
1141 154 0
1142 90 0
1143 115 0
1144 175 1
1145 183 1
1146 150 1
1147 26 1
1148 84 0
1149 138 1
1150 46 1
1151 116 1
1152 57 1
1153 50 1
1154 160 1
1155 47 1
1156 98 1
1157 27 0
1158 163 1
1159 42 1
1160 175 1
1161 48 1
1162 57 1
1163 122 0
1164 122 1
1165 170 1
1166 128 1
1167 80 0
1168 7 1
1169 24 1
1170 2 1
1171 167 1
1172 13 0
1173 158 1
1174 11 1
1175 189 1
1176 100 1
1177 186 1
1178 180 1
1179 38 1
1180 115 0
1181 145 1
1182 169 0
1183 169 1
1184 158 1
1185 145 1
1186 5 1
1187 130 1
1188 181 0
1189 129 1
1190 34 1
1191 52 0
1192 35 1
1193 31 0
1194 93 1
1195 193 0
1196 146 0
1197 191 1
1198 172 0
1199 99 1
1200 100 1
1201 38 0
1202 103 1
1203 124 1
1204 68 1
1205 22 1
1206 51 0
1207 171 1
1208 119 0
1209 170 1
1210 140 1
1211 94 1
1212 182 0
1213 81 1
1214 192 1
1215 37 1
1216 164 1
1217 10 0
1218 177 1
1219 97 1
1220 189 1
1221 22 1
1222 0 1
1223 1 1
1224 3 0
1225 133 1
1226 81 1
1227 103 0
1228 58 0
1229 97 1
1230 38 0
1231 90 1
1232 78 1
1233 16 0
1234 37 0
1235 175 0
1236 167 0
1237 13 1
1238 192 1
1239 88 0
1240 119 0
1241 79 1
1242 188 1
1243 137 1
1244 41 1
1245 44 1
1246 44 1
1247 23 1
1248 102 1
1249 184 1
1250 21 1
1251 106 1
1252 165 1
1253 158 0
1254 1 1
1255 100 1
1256 142 1
1257 189 1
1258 102 1
1259 58 1
1260 107 1
1261 158 1
1262 104 1
1263 80 1
1264 88 1
1265 20 0
1266 38 0
1267 167 1
1268 113 0
1269 108 1
1270 52 1
1271 168 0
1272 127 0
1273 72 1
1274 36 1
1275 48 1
1276 166 1
1277 163 0
1278 127 0
1279 150 0
1280 181 1
1281 193 1
1282 36 1
1283 164 1
1284 166 1
1285 3 1
1286 26 0
1287 153 1
1288 75 1
1289 123 1
1290 29 1
1291 189 1
1292 117 1
1293 139 1
1294 75 1
1295 134 1
1296 72 0
1297 150 1
1298 168 1
1299 192 1
1300 132 1
1301 98 0
1302 108 1
1303 52 1
1304 151 1
1305 35 1
1306 21 1
1307 50 1
1308 56 1
1309 185 1
1310 92 1
1311 127 0
1312 126 1
1313 13 1
1314 138 1
1315 174 1
1316 142 0
1317 103 1
1318 71 0
1319 173 1
1320 133 1
1321 77 1
1322 106 1
1323 94 1
1324 124 1
1325 33 1
1326 78 1
1327 54 1
1328 179 0
1329 45 1
1330 14 1
1331 68 0
1332 39 1
1333 80 1
1334 1 1
1335 6 1
1336 136 1
1337 28 1
1338 146 0
1339 145 1
1340 142 1
1341 32 1
1342 79 0
1343 166 1
1344 88 1
1345 56 0
1346 43 0
1347 60 1
1348 36 0
1349 126 1
1350 68 0
1351 172 1
1352 85 0
1353 58 1
1354 192 0
1355 47 1
1356 56 1
1357 167 1
1358 99 1
1359 68 1
1360 91 1
1361 92 1
1362 54 1
1363 85 1
1364 161 1
1365 63 1
1366 18 0
1367 45 0
1368 110 1
1369 74 0
1370 175 1
1371 55 1
1372 134 0
1373 41 1
1374 36 0
1375 96 1
1376 39 0
1377 129 1
1378 15 0
1379 52 0
1380 100 1
1381 18 1
1382 91 0
1383 156 1
1384 36 0
1385 116 0
1386 92 0
1387 183 1
1388 1 0
1389 6 0
1390 139 1
1391 32 1
1392 31 1
1393 73 1
1394 50 1
1395 157 1
1396 47 1
1397 9 1
1398 174 1
1399 80 1
1400 69 0
1401 161 1
1402 169 1
1403 0 1
1404 114 1
1405 76 0
1406 43 1
1407 105 0
1408 138 0
1409 182 1
1410 45 1
1411 145 1
1412 190 0
1413 99 1
1414 187 1
1415 54 1
1416 177 0
1417 158 0
1418 106 1
1419 190 1
1420 99 0
1421 148 1
1422 115 1
1423 150 1
1424 106 1
1425 182 1
1426 24 1
1427 178 1
1428 156 0
1429 124 0
1430 64 1
1431 81 1
1432 134 0
1433 67 0
1434 10 0
1435 6 0
1436 70 1
1437 57 1
1438 148 1
1439 112 1
1440 85 0
1441 146 1
1442 103 0
1443 64 1
1444 81 1
1445 83 1
1446 41 1
1447 126 1
1448 16 1
1449 27 1
1450 190 1
1451 3 1
1452 122 1
1453 185 0
1454 135 0
1455 71 0
1456 139 0
1457 4 0
1458 87 1
1459 175 0
1460 126 1
1461 181 1
1462 35 1
1463 149 0
1464 174 1
1465 139 1
1466 78 1
1467 43 1
1468 136 1
1469 145 1
1470 6 1
1471 38 0
1472 173 1
1473 61 0
1474 173 0
1475 36 1
1476 42 1
1477 13 1
1478 4 1
1479 191 1
1480 12 1
1481 89 1
1482 85 0
1483 160 1
1484 34 0
1485 39 0
1486 2 1
1487 182 1
1488 53 1
1489 110 1
1490 155 0
1491 72 1
1492 38 0
1493 14 1
1494 115 0
1495 155 0
1496 148 0
1497 87 0
1498 116 1
1499 128 1
1500 32 1
1501 187 1
1502 112 0
1503 144 1
1504 160 1
1505 133 0
1506 140 1
1507 58 1
1508 159 1
1509 155 1
1510 18 1
1511 142 0
1512 34 1
1513 73 1
1514 84 1
1515 168 1
1516 43 1
1517 85 1
1518 144 1
1519 61 0
1520 29 0
1521 165 1
1522 74 1
1523 22 0
1524 35 0
1525 119 1
1526 161 1
1527 87 0
1528 99 0
1529 85 1
1530 164 1
1531 107 0
1532 156 0
1533 102 1
1534 162 0
1535 84 1
1536 98 1
1537 35 0
1538 18 1
1539 145 1
1540 103 1
1541 169 0
1542 7 0
1543 134 1
1544 25 1
1545 96 0
1546 20 1
1547 8 1
1548 70 1
1549 150 1
1550 14 1
1551 97 0
1552 95 1
1553 25 1
1554 59 0
1555 162 1
1556 110 1
1557 101 1
1558 68 1
1559 157 0
1560 2 1
1561 88 1
1562 65 0
1563 132 0
1564 140 1
1565 41 1
1566 62 1
1567 8 1
1568 140 1
1569 138 1
1570 72 0
1571 35 1
1572 178 1
1573 39 1
1574 113 1
1575 13 1
1576 125 1
1577 71 1
1578 131 1
1579 66 1
1580 31 0
1581 100 1
1582 180 1
1583 184 0
1584 138 1
1585 65 0
1586 102 1
1587 133 1
1588 172 0
1589 6 1
1590 43 1
1591 140 0
1592 54 1
1593 99 0
1594 154 1
1595 65 1
1596 140 1
1597 146 1
1598 76 1
1599 187 1
1600 66 0
1601 164 1
1602 28 1
1603 189 0
1604 144 1
1605 31 1
1606 83 1
1607 96 1
1608 122 1
1609 191 0
1610 100 0
1611 69 0
1612 161 1
1613 107 0
1614 25 1
1615 191 0
1616 156 1
1617 193 1
1618 67 1
1619 58 1
1620 58 0
1621 139 1
1622 0 1
1623 18 0
1624 170 0
1625 6 0
1626 11 0
1627 184 1
1628 30 1
1629 84 0
1630 67 0
1631 80 1
1632 112 1
1633 81 1
1634 8 1
1635 131 1
1636 162 1
1637 13 1
1638 117 1
1639 86 0
1640 175 1
1641 103 1
1642 167 1
1643 99 1
1644 59 1
1645 120 1
1646 6 0
1647 23 0
1648 19 1
1649 37 0
1650 177 0
1651 27 1
1652 50 1
1653 175 0
1654 6 1
1655 128 1
1656 93 1
1657 107 1
1658 65 0
1659 131 0
1660 131 0
1661 119 1
1662 191 1
1663 189 1
1664 181 1
1665 106 0
1666 135 1
1667 178 1
1668 174 1
1669 27 1
1670 161 1
1671 101 1
1672 127 1
1673 189 0
1674 156 1
1675 184 0
1676 52 1
1677 164 1
1678 186 1
1679 128 1
1680 125 1
1681 11 0
1682 175 1
1683 186 1
1684 89 1
1685 10 0
1686 174 1
1687 178 0
1688 188 0
1689 167 1
1690 168 1
1691 177 1
1692 7 0
1693 9 1
1694 46 1
1695 106 1
1696 113 1
1697 44 1
1698 47 0
1699 117 0
1700 183 1
1701 60 0
1702 107 1
1703 139 1
1704 86 0
1705 120 0
1706 139 0
1707 86 0
1708 119 1
1709 80 0
1710 102 1
1711 143 1
1712 44 0
1713 49 1
1714 92 0
1715 96 1
1716 162 1
1717 180 1
1718 136 0
1719 172 0
1720 106 1
1721 151 1
1722 70 0
1723 132 1
1724 7 1
1725 160 1
1726 72 1
1727 64 0
1728 166 0
1729 77 1
1730 148 1
1731 80 1
1732 70 0
1733 187 0
1734 188 1
1735 103 1
1736 4 1
1737 86 0
1738 165 1
1739 69 1
1740 38 1
1741 88 0
1742 13 0
1743 95 1
1744 134 1
1745 178 1
1746 20 1
1747 138 1
1748 127 1
1749 165 1
1750 37 1
1751 155 1
1752 68 0
1753 49 1
1754 67 0
1755 146 1
1756 87 1
1757 84 1
1758 62 1
1759 20 1
1760 26 0
1761 25 1
1762 65 1
1763 70 1
1764 35 1
1765 53 0
1766 49 0
1767 47 1
1768 58 0
1769 25 0
1770 148 0
1771 99 1
1772 80 1
1773 10 1
1774 102 1
1775 79 0
1776 97 0
1777 42 1
1778 7 1
1779 94 0
1780 22 1
1781 176 1
1782 30 0
1783 57 1
1784 187 0
1785 81 0
1786 56 1
1787 51 1
1788 169 1
1789 19 0
1790 26 1
1791 74 0
1792 70 1
1793 92 1
1794 164 0
1795 182 1
1796 74 1
1797 192 1
1798 62 0
1799 60 1
1800 134 1
1801 65 1
1802 62 1
1803 67 0
1804 45 0
1805 50 0
1806 52 1
1807 130 1
1808 175 0
1809 67 0
1810 149 1
1811 138 1
1812 88 1
1813 2 1
1814 60 1
1815 73 1
1816 73 1
1817 125 1
1818 188 1
1819 107 1
1820 18 0
1821 46 1
1822 22 0
1823 60 1
1824 138 0
1825 149 0
1826 51 1
1827 186 0
1828 31 1
1829 29 1
1830 119 0
1831 155 1
1832 175 1
1833 68 0
1834 19 1
1835 78 1
1836 73 1
1837 104 1
1838 40 1
1839 98 1
1840 160 1
1841 12 1
1842 142 0
1843 91 0
1844 127 1
1845 134 0
1846 158 1
1847 113 0
1848 49 1
1849 177 1
1850 162 0
1851 102 0
1852 119 0
1853 70 0
1854 110 1
1855 78 1
1856 90 1
1857 95 1
1858 29 1
1859 81 1
1860 175 1
1861 10 1
1862 178 1
1863 147 1
1864 110 0
1865 164 1
1866 126 0
1867 182 1
1868 84 1
1869 79 1
1870 96 0
1871 77 1
1872 181 1
1873 27 1
1874 33 1
1875 40 1
1876 63 1
1877 22 1
1878 108 1
1879 15 1
1880 39 1
1881 100 1
1882 57 1
1883 85 0
1884 15 1
1885 75 1
1886 61 1
1887 166 1
1888 193 0
1889 127 1
1890 42 0
1891 175 1
1892 86 0
1893 21 1
1894 106 0
1895 88 1
1896 83 1
1897 113 1
1898 16 1
1899 149 1
1900 36 0
1901 77 0
1902 117 1
1903 79 0
1904 49 1
1905 83 0
1906 48 1
1907 130 1
1908 129 1
1909 135 1
1910 55 0
1911 55 0
1912 151 1
1913 18 1
1914 40 1
1915 134 1
1916 132 1
1917 107 0
1918 1 0
1919 106 1
1920 67 0
1921 75 1
1922 188 1
1923 55 1
1924 31 1
1925 99 1
1926 88 1
1927 159 1
1928 190 0
1929 148 1
1930 85 0
1931 46 1
1932 105 0
1933 12 1
1934 142 1
1935 90 1
1936 115 0
1937 64 1
1938 45 0
1939 167 0
1940 178 0
1941 30 0
1942 95 0
1943 53 1
1944 107 1
1945 62 1
1946 29 1
1947 149 0
1948 64 1
1949 109 1
1950 20 0
1951 155 0
1952 39 1
1953 47 1
1954 13 0
1955 28 0
1956 155 1
1957 132 1
1958 116 0
1959 83 1
1960 60 1
1961 89 1
1962 122 0
1963 92 1
1964 73 1
1965 67 0
1966 140 0
1967 31 0
1968 116 1
1969 131 1
1970 33 1
1971 61 1
1972 20 1
1973 179 1
1974 53 1
1975 99 1
1976 148 0
1977 71 1
1978 166 0
1979 131 1
1980 104 1
1981 7 0
1982 162 1
1983 98 1
1984 51 1
1985 20 1
1986 191 0
1987 13 0
1988 142 0
1989 153 1
1990 1 1
1991 177 1
1992 180 1
1993 159 1
1994 85 1
1995 65 1
1996 36 1
1997 41 0
1998 174 0
1999 88 1
2000 43 1
2001 112 0
2002 57 1
2003 185 0
2004 185 1
2005 69 1
2006 70 1
2007 75 1
2008 168 0
2009 76 0
2010 72 1
2011 116 1
2012 82 0
2013 46 1
2014 165 1
2015 90 1
2016 111 1
2017 116 0
2018 1 1
2019 42 0
2020 119 1
2021 179 0
2022 32 1
2023 179 0
2024 35 1
2025 128 0
2026 137 0
2027 83 1
2028 11 1
2029 84 0
2030 132 1
2031 59 1
2032 50 1
2033 85 1
2034 151 0
2035 43 0
2036 108 1
2037 72 1
2038 151 1
2039 15 0
2040 53 1
2041 162 1
2042 191 1
2043 83 1
2044 49 0
2045 184 1
2046 15 1
2047 164 1
2048 93 1
2049 116 1
2050 179 1
2051 60 1
2052 56 0
2053 102 1
2054 124 1
2055 68 0
2056 63 1
2057 41 1
2058 149 0
2059 68 1
2060 32 0
2061 185 1
2062 170 0
2063 113 1
2064 13 0
2065 181 0
2066 129 1
2067 154 0
2068 48 1
2069 67 0
2070 47 1
2071 23 1
2072 39 1
2073 105 1
2074 189 1
2075 193 1
2076 167 1
2077 8 1
2078 142 1
2079 81 1
2080 91 1
2081 88 1
2082 50 1
2083 80 0
2084 44 1
2085 11 1
2086 151 0
2087 70 0
2088 99 1
2089 120 1
2090 90 0
2091 183 1
2092 172 0
2093 140 1
2094 53 0
2095 144 1
2096 30 1
2097 39 1
2098 20 0
2099 113 0
2100 69 1
2101 152 0
2102 94 1
2103 152 0
2104 138 1
2105 90 0
2106 65 0
2107 97 1
2108 11 0
2109 33 1
2110 133 1
2111 77 1
2112 150 1
2113 112 0
2114 38 1
2115 37 1
2116 24 0
2117 2 1
2118 151 0
2119 114 1
2120 100 1
2121 130 0
2122 89 1
2123 144 1
2124 74 0
2125 34 1
2126 160 1
2127 45 0
2128 30 0
2129 155 1
2130 56 1
2131 109 1
2132 121 0
2133 67 0
2134 134 0
2135 108 1
2136 191 0
2137 13 1
2138 141 0
2139 56 1
2140 74 1
2141 96 0
2142 69 0
2143 25 1
2144 166 1
2145 101 1
2146 46 1
2147 172 1
2148 191 1
2149 113 1
2150 161 1
2151 106 0
2152 135 1
2153 47 0
2154 144 0
2155 165 0
2156 61 0
2157 193 1
2158 143 1
2159 98 0
2160 138 0
2161 12 1
2162 85 1
2163 91 1
2164 98 0
2165 81 1
2166 100 1
2167 91 1
2168 175 0
2169 57 1
2170 110 1
2171 84 1
2172 158 1
2173 105 1
2174 107 0
2175 90 1
2176 77 1
2177 169 0
2178 155 1
2179 112 0
2180 73 0
2181 58 1
2182 56 1
2183 21 1
2184 29 1
2185 31 0
2186 103 1
2187 179 1
2188 133 1
2189 108 0
2190 162 1
2191 160 1
2192 169 0
2193 76 1
2194 4 1
2195 190 1
2196 56 1
2197 57 0
2198 139 0
2199 18 0
2200 152 1
2201 109 0
2202 165 0
2203 62 0
2204 53 1
2205 20 1
2206 43 0
2207 1 1
2208 56 1
2209 17 1
2210 133 1
2211 72 0
2212 3 1
2213 170 0
2214 75 1
2215 112 1
2216 44 1
2217 29 0
2218 56 1
2219 182 0
2220 130 1
2221 65 0
2222 123 1
2223 60 1
2224 77 1
2225 108 1
2226 25 1
2227 75 1
2228 178 1
2229 38 0
2230 46 1
2231 156 1
2232 112 0
2233 101 1
2234 145 1
2235 18 1
2236 32 1
2237 189 1
2238 84 1
2239 75 1
2240 67 1
2241 47 1
2242 104 0
2243 183 1
2244 173 0
2245 17 0
2246 112 1
2247 177 1
2248 98 0
2249 132 0
2250 109 1
2251 0 1
2252 41 1
2253 37 1
2254 113 1
2255 27 1
2256 35 1
2257 140 0
2258 130 1
2259 97 0
2260 25 0
2261 3 0
2262 27 1
2263 101 1
2264 134 0
2265 171 0
2266 190 1
2267 58 1
2268 101 1
2269 97 0
2270 141 0
2271 68 0
2272 1 1
2273 119 1
2274 12 1
2275 109 1
2276 4 0
2277 108 0
2278 162 1
2279 24 0
2280 182 0
2281 147 0
2282 107 1
2283 150 1
2284 169 0
2285 162 1
2286 174 0
2287 161 0
2288 113 1
2289 46 0
2290 170 1
2291 162 1
2292 9 1
2293 73 1
2294 25 1
2295 75 1
2296 34 0
2297 126 1
2298 101 1
2299 90 0
2300 132 1
2301 127 1
2302 157 1
2303 27 0
2304 49 1
2305 7 0
2306 164 1
2307 68 1
2308 113 1
2309 146 1
2310 173 1
2311 85 1
2312 117 1
2313 23 0
2314 35 0
2315 35 0
2316 39 1
2317 148 1
2318 124 0
2319 12 1
2320 183 1
2321 67 1
2322 56 1
2323 128 1
2324 144 1
2325 47 1
2326 41 0
2327 133 1
2328 85 1
2329 117 1
2330 137 0
2331 155 1
2332 54 1
2333 47 1
2334 25 1
2335 92 0
2336 13 1
2337 164 1
2338 96 1
2339 173 1
2340 113 1
2341 38 1
2342 94 1
2343 181 1
2344 2 1
2345 167 0
2346 124 1
2347 57 0
2348 172 1
2349 96 1
2350 98 1
2351 79 1
2352 149 1
2353 116 1
2354 82 1
2355 160 0
2356 184 1
2357 23 1
2358 44 1
2359 3 0
2360 176 0
2361 121 1
2362 167 1
2363 24 1
2364 150 1
2365 16 0
2366 177 0
2367 101 0
2368 13 1
2369 52 0
2370 52 0
2371 158 1
2372 85 1
2373 61 1
2374 126 0
2375 44 1
2376 37 1
2377 21 1
2378 17 0
2379 23 0
2380 100 1
2381 157 1
2382 3 0
2383 19 1
2384 149 1
2385 173 0
2386 152 0
2387 112 1
2388 58 1
2389 40 1
2390 107 1
2391 99 1
2392 184 1
2393 23 1
2394 99 0
2395 110 0
2396 20 1
2397 86 0
2398 5 1
2399 101 0
2400 44 1
2401 95 1
2402 151 1
2403 107 0
2404 122 0
2405 6 1
2406 39 1
2407 47 0
2408 93 0
2409 165 1
2410 51 1
2411 66 1
2412 22 1
2413 28 1
2414 125 0
2415 181 0
2416 143 1
2417 106 1
2418 31 0
2419 49 0
2420 102 1
2421 122 0
2422 94 1
2423 38 1
2424 174 1
2425 120 0
2426 25 0
2427 102 1
2428 13 0
2429 75 1
2430 127 1
2431 48 1
2432 14 0
2433 44 1
2434 109 0
2435 4 0
2436 17 1
2437 26 0
2438 163 0
2439 167 1
2440 8 1
2441 174 1
2442 147 0
2443 16 0
2444 14 1
2445 105 1
2446 22 1
2447 85 1
2448 48 0
2449 81 0
2450 91 1
2451 42 0
2452 79 1
2453 87 1
2454 67 0
2455 192 0
2456 87 1
2457 109 1
2458 57 0
2459 7 1
2460 151 1
2461 147 0
2462 134 1
2463 144 1
2464 36 1
2465 142 0
2466 179 0
2467 103 1
2468 187 1
2469 47 1
2470 57 0
2471 135 1
2472 87 1
2473 186 1
2474 44 1
2475 150 1
2476 108 1
2477 43 1
2478 77 1
2479 98 1
2480 152 0
2481 43 0
2482 165 1
2483 136 1
2484 77 1
2485 152 1
2486 163 1
2487 20 0
2488 12 1
2489 69 1
2490 73 1
2491 120 0
2492 63 1
2493 97 1
2494 90 1
2495 122 0
2496 176 0
2497 120 1
2498 51 1
2499 45 0
2500 180 0
2501 132 0
2502 31 1
2503 8 1
2504 98 1
2505 162 1
2506 36 1
2507 155 0
2508 120 1
2509 174 0
2510 60 0
2511 0 0
2512 135 1
2513 124 1
2514 117 1
2515 184 1
2516 107 1
2517 186 1
2518 14 1
2519 116 0
2520 11 0
2521 85 0
2522 41 0
2523 82 0
2524 105 1
2525 113 1
2526 161 1
2527 76 0
2528 101 1
2529 157 1
2530 45 0
2531 127 1
2532 9 1
2533 159 0
2534 182 0
2535 69 0
2536 33 0
2537 176 1
2538 7 0
2539 105 1
2540 188 1
2541 146 1
2542 5 1
2543 192 0
2544 97 0
2545 65 1
2546 43 1
2547 163 1
2548 114 0
2549 76 1
2550 143 1
2551 37 1
2552 168 1
2553 53 0
2554 145 1
2555 28 1
2556 50 1
2557 35 1
2558 137 1
2559 30 0
2560 122 1
2561 51 1
2562 155 1
2563 152 1
2564 82 1
2565 179 1
2566 47 1
2567 9 1
2568 169 0
2569 132 0
2570 155 0
2571 193 1
2572 75 0
2573 129 1
2574 129 1
2575 120 1
2576 188 1
2577 157 1
2578 59 1
2579 160 0
2580 17 1
2581 168 1
2582 101 1
2583 149 1
2584 175 0
2585 64 1
2586 181 1
2587 16 1
2588 94 1
2589 76 1
2590 45 0
2591 149 0
2592 108 0
2593 124 1
2594 96 1
2595 177 1
2596 169 1
2597 47 1
2598 70 0
2599 148 0
2600 23 1
2601 55 1
2602 77 1
2603 135 1
2604 24 1
2605 135 1
2606 148 0
2607 43 1
2608 137 1
2609 99 1
2610 125 0
2611 88 0
2612 168 1
2613 44 1
2614 71 1
2615 157 1
2616 144 0
2617 166 0
2618 25 0
2619 5 0
2620 187 1
2621 180 1
2622 165 1
2623 6 1
2624 65 0
2625 82 1
2626 56 1
2627 31 1
2628 173 1
2629 137 0
2630 8 1
2631 12 0
2632 181 1
2633 115 1
2634 88 0
2635 123 0
2636 129 1
2637 91 1
2638 74 0
2639 76 1
2640 137 1
2641 4 1
2642 131 1
2643 91 1
2644 174 1
2645 95 0
2646 69 1
2647 75 0
2648 155 1
2649 3 1
2650 179 1
2651 193 1
2652 170 0
2653 82 1
2654 121 0
2655 58 1
2656 119 1
2657 125 0
2658 32 0
2659 102 0
2660 57 1
2661 129 1
2662 173 0
2663 51 1
2664 69 1
2665 52 1
2666 48 1
2667 36 0
2668 75 0
2669 9 0
2670 78 0
2671 1 0
2672 64 0
2673 189 1
2674 149 0
2675 171 1
2676 162 1
2677 135 0
2678 112 1
2679 144 1
2680 108 1
2681 103 1
2682 115 1
2683 116 1
2684 191 1
2685 61 0
2686 61 0
2687 142 1
2688 56 0
2689 23 1
2690 168 0
2691 87 1
2692 102 1
2693 18 1
2694 83 0
2695 136 1
2696 161 1
2697 22 0
2698 119 0
2699 141 1
2700 132 0
2701 61 1
2702 132 1
2703 186 0
2704 146 1
2705 135 1
2706 78 0
2707 124 0
2708 184 1
2709 7 1
2710 174 1
2711 5 1
2712 58 1
2713 92 1
2714 34 1
2715 34 1
2716 110 1
2717 33 0
2718 38 0
2719 172 1
2720 102 1
2721 172 1
2722 141 1
2723 101 0
2724 114 1
2725 73 0
2726 120 1
2727 103 0
2728 167 1
2729 96 0
2730 104 1
2731 41 1
2732 94 1
2733 131 1
2734 161 1
2735 185 1
2736 28 0
2737 184 1
2738 134 1
2739 103 0
2740 68 0
2741 82 1
2742 122 1
2743 107 1
2744 122 0
2745 165 0
2746 73 0
2747 180 0
2748 21 1
2749 40 0
2750 161 1
2751 186 0
2752 62 1
2753 99 1
2754 136 0
2755 57 0
2756 118 1
2757 133 1
2758 66 1
2759 10 1
2760 183 1
2761 154 1
2762 121 1
2763 98 1
2764 126 1
2765 193 1
2766 37 1
2767 24 1
2768 164 1
2769 102 1
2770 66 1
2771 51 1
2772 168 1
2773 99 1
2774 98 1
2775 96 0
2776 152 0
2777 146 0
2778 130 0
2779 24 0
2780 122 1
2781 25 0
2782 142 1
2783 192 0
2784 106 1
2785 154 0
2786 63 1
2787 31 1
2788 192 1
2789 139 1
2790 41 0
2791 52 0
2792 31 1
2793 74 0
2794 182 1
2795 92 1
2796 121 0
2797 137 1
2798 100 0
2799 51 1
2800 104 0
2801 119 1
2802 18 1
2803 72 1
2804 148 0
2805 47 0
2806 186 1
2807 56 0
2808 165 0
2809 53 1
2810 35 1
2811 3 1
2812 3 1
2813 29 1
2814 143 1
2815 50 1
2816 153 1
2817 89 1
2818 60 1
2819 188 1
2820 113 1
2821 72 1
2822 136 0
2823 191 1
2824 66 1
2825 0 0
2826 130 1
2827 192 1
2828 11 1
2829 170 0
2830 41 1
2831 76 0
2832 3 0
2833 106 1
2834 68 1
2835 140 1
2836 9 1
2837 27 0
2838 82 1
2839 186 0
2840 75 1
2841 55 1
2842 123 1
2843 78 1
2844 143 1
2845 156 1
2846 16 1
2847 53 0
2848 11 1
2849 78 1
2850 193 1
2851 0 0
2852 172 0
2853 87 0
2854 181 0
2855 142 1
2856 5 1
2857 136 1
2858 119 1
2859 2 1
2860 137 0
2861 122 1
2862 132 1
2863 40 1
2864 75 1
2865 156 1
2866 78 1
2867 17 1
2868 52 1
2869 178 1
2870 118 0
2871 164 1
2872 191 0
2873 186 0
2874 188 1
2875 54 1
2876 21 1
2877 25 1
2878 25 1
2879 36 0
2880 53 1
2881 175 1
2882 23 1
2883 55 1
2884 164 1
2885 49 0
2886 99 0
2887 80 0
2888 59 1
2889 147 0
2890 128 1
2891 119 1
2892 51 1
2893 109 1
2894 13 1
2895 111 1
2896 12 1
2897 3 0
2898 152 0
2899 111 1
2900 159 1
2901 145 1
2902 113 1
2903 28 0
2904 37 1
2905 93 1
2906 117 1
2907 184 1
2908 160 1
2909 114 0
2910 113 1
2911 45 0
2912 58 1
2913 161 1
2914 168 1
2915 7 0
2916 106 1
2917 65 1
2918 118 1
2919 65 1
2920 9 1
2921 124 1
2922 174 1
2923 164 1
2924 147 1
2925 53 1
2926 115 1
2927 193 0
2928 14 1
2929 58 1
2930 107 1
2931 183 1
2932 152 0
2933 173 1
2934 81 0
2935 35 1
2936 5 1
2937 152 1
2938 13 1
2939 59 1
2940 140 1
2941 161 1
2942 144 0
2943 103 1
2944 189 1
2945 142 1
2946 94 1
2947 55 1
2948 53 1
2949 126 1
2950 75 1
2951 160 1
2952 60 1
2953 0 0
2954 174 1
2955 167 0
2956 172 1
2957 115 1
2958 163 0
2959 83 1
2960 53 1
2961 0 0
2962 97 1
2963 69 1
2964 152 1
2965 153 0
2966 96 1
2967 48 0
2968 105 1
2969 97 0
2970 41 0
2971 73 0
2972 73 0
2973 10 1
2974 147 0
2975 135 1
2976 58 1
2977 23 1
2978 126 1
2979 108 0
2980 155 0
2981 180 1
2982 121 0
2983 147 1
2984 144 1
2985 180 1
2986 182 1
2987 139 0
2988 182 0
2989 39 1
2990 110 1
2991 11 1
2992 116 1
2993 192 1
2994 188 1
2995 129 1
2996 107 1
2997 140 0
2998 17 0
2999 129 0
3000 11 1
3001 86 1
3002 174 1
3003 189 0
3004 48 1
3005 167 0
3006 15 1
3007 133 1
3008 146 1
3009 176 1
3010 171 1
3011 29 1
3012 160 1
3013 53 1
3014 130 1
3015 12 1
3016 37 1
3017 74 1
3018 64 1
3019 48 0
3020 38 1
3021 77 0
3022 133 0
3023 53 1
3024 15 0
3025 93 0
3026 146 1
3027 138 0
3028 159 0
3029 157 1
3030 47 0
3031 104 1
3032 73 1
3033 164 1
3034 117 1
3035 184 0
3036 168 1
3037 143 0
3038 79 1
3039 127 0
3040 37 1
3041 148 0
3042 17 1
3043 163 1
3044 24 1
3045 140 1
3046 101 1
3047 90 0
3048 97 1
3049 180 0
3050 78 0
3051 110 1
3052 105 0
3053 94 0
3054 61 1
3055 146 0
3056 181 0
3057 149 1
3058 126 0
3059 115 1
3060 178 1
3061 156 0
3062 45 1
3063 127 1
3064 46 1
3065 163 1
3066 151 0
3067 45 1
3068 72 1
3069 114 1
3070 100 1
3071 99 1
3072 166 1
3073 92 1
3074 40 0
3075 117 1
3076 8 0
3077 43 1
3078 65 1
3079 130 1
3080 24 0
3081 104 0
3082 47 1
3083 106 1
3084 28 1
3085 121 0
3086 27 1
3087 21 0
3088 143 1
3089 161 0
3090 188 1
3091 142 1
3092 98 1
3093 118 1
3094 31 1
3095 143 1
3096 22 1
3097 99 0
3098 136 1
3099 124 0
3100 167 1
3101 98 1
3102 140 0
3103 62 1
3104 101 1
3105 14 0
3106 48 1
3107 160 1
3108 16 1
3109 49 1
3110 72 1
3111 165 1
3112 179 0
3113 33 1
3114 16 1
3115 25 1
3116 76 1
3117 118 1
3118 177 0
3119 113 1
3120 144 1
3121 113 0
3122 151 1
3123 78 0
3124 97 1
3125 83 1
3126 60 1
3127 133 0
3128 59 1
3129 35 1
3130 191 1
3131 193 0
3132 118 1
3133 96 0
3134 165 1
3135 119 1
3136 10 1
3137 47 1
3138 180 1
3139 4 1
3140 187 0
3141 121 0
3142 10 0
3143 32 1
3144 94 1
3145 78 1
3146 62 1
3147 99 1
3148 128 1
3149 87 0
3150 79 0
3151 149 1
3152 46 1
3153 119 1
3154 62 0
3155 178 1
3156 145 0
3157 42 0
3158 34 1
3159 158 1
3160 76 0
3161 88 0
3162 120 1
3163 124 1
3164 122 1
3165 150 1
3166 25 0
3167 31 1
3168 43 0
3169 166 1
3170 80 0
3171 29 1
3172 190 1
3173 54 1
3174 146 1
3175 26 0
3176 188 1
3177 35 1
3178 107 0
3179 165 1
3180 173 0
3181 43 1
3182 33 1
3183 139 0
3184 159 0
3185 178 1
3186 68 1
3187 138 0
3188 84 1
3189 28 1
3190 78 1
3191 62 1
3192 103 1
3193 121 1
3194 191 1
3195 180 1
3196 19 1
3197 44 1
3198 166 1
3199 125 1
3200 100 1
3201 44 1
3202 56 1
3203 100 1
3204 48 1
3205 46 0
3206 51 1
3207 5 1
3208 139 1
3209 38 1
3210 24 1
3211 176 0
3212 117 1
3213 158 0
3214 143 0
3215 89 0
3216 133 1
3217 86 1
3218 56 1
3219 71 1
3220 55 1
3221 37 0
3222 93 0
3223 128 0
3224 102 0
3225 109 1
3226 125 0
3227 37 0
3228 51 0
3229 6 1
3230 154 1
3231 112 1
3232 162 0
3233 151 0
3234 124 0
3235 63 1
3236 13 1
3237 153 0
3238 10 1
3239 79 1
3240 60 1
3241 106 1
3242 148 1
3243 168 1
3244 13 1
3245 68 1
3246 9 1
3247 129 1
3248 118 1
3249 130 1
3250 49 0
3251 96 1
3252 33 1
3253 37 0
3254 77 1
3255 89 1
3256 44 1
3257 190 1
3258 78 1
3259 132 1
3260 78 0
3261 127 0
3262 120 1
3263 193 0
3264 149 0
3265 26 1
3266 62 1
3267 128 1
3268 112 0
3269 6 1
3270 21 1
3271 66 0
3272 158 1
3273 192 0
3274 161 1
3275 2 1
3276 70 0
3277 67 1
3278 126 1
3279 168 1
3280 129 0
3281 81 0
3282 57 1
3283 154 1
3284 49 1
3285 98 1
3286 123 1
3287 71 1
3288 161 0
3289 191 1
3290 6 0
3291 41 1
3292 192 1
3293 7 0
3294 42 0
3295 74 1
3296 110 1
3297 102 1
3298 39 1
3299 77 1
3300 90 1
3301 94 1
3302 80 1
3303 168 1
3304 40 1
3305 171 1
3306 34 1
3307 185 0
3308 189 0
3309 90 1
3310 173 0
3311 143 1
3312 188 1
3313 64 0
3314 176 1
3315 56 1
3316 185 1
3317 154 1
3318 55 0
3319 181 1
3320 35 0
3321 138 1
3322 46 1
3323 35 1
3324 127 0
3325 79 1
3326 158 1
3327 3 0
3328 15 1
3329 53 0
3330 10 1
3331 4 0
3332 128 0
3333 8 1
3334 28 1
3335 82 1
3336 22 0
3337 66 0
3338 156 1
3339 44 1
3340 32 1
3341 130 1
3342 86 1
3343 16 1
3344 2 0
3345 161 0
3346 48 0
3347 15 1
3348 64 1
3349 162 0
3350 80 0
3351 23 0
3352 77 1
3353 105 1
3354 190 1
3355 62 1
3356 13 1
3357 21 1
3358 0 0
3359 69 0
3360 170 0
3361 16 0
3362 135 0
3363 68 1
3364 116 1
3365 160 0
3366 21 0
3367 39 1
3368 13 1
3369 5 1
3370 34 1
3371 101 1
3372 129 1
3373 15 1
3374 94 1
3375 66 1
3376 120 1
3377 28 1
3378 175 0
3379 1 0
3380 68 1
3381 100 1
3382 20 1
3383 122 1
3384 24 0
3385 171 1
3386 129 1
3387 168 0
3388 69 1
3389 128 1
3390 7 1
3391 168 0
3392 17 0
3393 57 1
3394 161 1
3395 96 1
3396 88 0
3397 59 1
3398 9 1
3399 76 1
3400 176 1
3401 155 1
3402 0 1
3403 110 0
3404 181 1
3405 166 0
3406 173 1
3407 184 1
3408 11 1
3409 188 0
3410 39 1
3411 142 0
3412 154 0
3413 104 1
3414 56 1
3415 66 1
3416 102 0
3417 84 1
3418 152 0
3419 39 0
3420 173 1
3421 2 1
3422 20 1
3423 82 1
3424 167 0
3425 137 0
3426 35 1
3427 136 1
3428 26 1
3429 94 1
3430 95 0
3431 55 1
3432 55 0
3433 167 1
3434 8 0
3435 87 0
3436 152 1
3437 74 0
3438 143 1
3439 137 1
3440 102 0
3441 124 1
3442 100 1
3443 67 1
3444 48 0
3445 77 1
3446 189 1
3447 81 1
3448 139 1
3449 126 1
3450 1 1
3451 70 1
3452 170 1
3453 65 1
3454 169 0
3455 103 1
3456 22 1
3457 149 1
3458 34 0
3459 117 0
3460 52 0
3461 94 0
3462 66 0
3463 160 1
3464 97 1
3465 93 0
3466 173 0
3467 119 1
3468 176 1
3469 70 1
3470 60 1
3471 163 1
3472 140 0
3473 73 1
3474 74 1
3475 59 1
3476 124 1
3477 108 1
3478 130 1
3479 70 1
3480 34 1
3481 0 1
3482 1 1
3483 30 0
3484 172 1
3485 68 0
3486 13 0
3487 56 1
3488 23 1
3489 130 0
3490 188 1
3491 30 1
3492 17 0
3493 177 1
3494 80 1
3495 116 1
3496 18 1
3497 61 0
3498 104 1
3499 64 0
3500 59 1
3501 122 1
3502 38 0
3503 28 1
3504 109 0
3505 94 1
3506 88 1
3507 90 0
3508 131 1
3509 188 1
3510 188 0
3511 66 1
3512 160 0
3513 160 1
3514 87 0
3515 88 0
3516 31 1
3517 87 1
3518 190 1
3519 66 1
3520 13 1
3521 143 1
3522 24 1
3523 142 1
3524 46 1
3525 107 1
3526 180 1
3527 114 1
3528 40 1
3529 85 0
3530 173 1
3531 14 1
3532 185 0
3533 80 1
3534 150 1
3535 27 1
3536 46 1
3537 5 1
3538 77 1
3539 32 1
3540 151 0
3541 159 1
3542 52 1
3543 152 1
3544 94 1
3545 26 0
3546 85 0
3547 17 1
3548 75 1
3549 192 0
3550 112 1
3551 63 0
3552 63 1
3553 36 1
3554 84 1
3555 131 0
3556 76 0
3557 113 1
3558 175 1
3559 155 1
3560 48 0
3561 16 1
3562 156 1
3563 144 0
3564 0 1
3565 65 1
3566 101 1
3567 77 1
3568 131 1
3569 110 0
3570 50 0
3571 190 0
3572 143 1
3573 188 1
3574 180 0
3575 68 1
3576 72 0
3577 102 0
3578 180 1
3579 68 0
3580 128 1
3581 99 1
3582 2 0
3583 5 1
3584 158 1
3585 88 0
3586 30 0
3587 74 1
3588 128 1
3589 166 0
3590 152 1
3591 84 1
3592 186 1
3593 127 1
3594 107 1
3595 93 1
3596 69 0
3597 77 1
3598 109 1
3599 139 1
3600 132 1
3601 21 1
3602 53 1
3603 10 1
3604 31 1
3605 36 1
3606 150 1
3607 82 0
3608 109 1
3609 183 1
3610 79 0
3611 191 1
3612 15 1
3613 88 1
3614 91 1
3615 131 0
3616 2 1
3617 59 1
3618 181 1
3619 104 1
3620 51 1
3621 71 1
3622 63 1
3623 146 1
3624 37 1
3625 128 1
3626 152 0
3627 132 1
3628 6 1
3629 32 0
3630 189 0
3631 188 1
3632 184 1
3633 48 0
3634 57 1
3635 59 1
3636 161 0
3637 112 1
3638 23 1
3639 71 1
3640 134 1
3641 44 0
3642 132 0
3643 128 1
3644 138 1
3645 38 1
3646 127 1
3647 126 0
3648 20 1
3649 157 1
3650 0 1
3651 55 1
3652 20 1
3653 61 1
3654 166 0
3655 166 1
3656 72 0
3657 66 0
3658 128 1
3659 145 1
3660 158 1
3661 73 1
3662 149 1
3663 142 0
3664 113 1
3665 182 1
3666 62 0
3667 143 0
3668 144 1
3669 61 1
3670 11 1
3671 156 0
3672 178 0
3673 156 0
3674 92 1
3675 184 0
3676 30 0
3677 81 1
3678 2 1
3679 89 0
3680 69 0
3681 97 0
3682 182 1
3683 149 1
3684 119 1
3685 55 1
3686 177 1
3687 81 1
3688 109 1
3689 14 0
3690 84 0
3691 191 1
3692 130 0
3693 162 1
3694 41 1
3695 116 1
3696 3 1
3697 177 1
3698 62 1
3699 58 1
3700 82 1
3701 179 0
3702 0 1
3703 95 1
3704 44 1
3705 50 1
3706 177 0
3707 111 0
3708 59 1
3709 114 0
3710 4 1
3711 17 1
3712 118 0
3713 127 0
3714 132 1
3715 101 1
3716 101 1
3717 82 1
3718 87 1
3719 144 1
3720 155 1
3721 193 0
3722 175 1
3723 58 0
3724 57 0
3725 141 1
3726 143 0
3727 3 1
3728 93 0
3729 116 1
3730 118 1
3731 114 1
3732 172 0
3733 127 1
3734 47 1
3735 130 0
3736 140 0
3737 147 1
3738 108 1
3739 96 1
3740 52 1
3741 34 0
3742 135 0
3743 131 1
3744 36 0
3745 128 1
3746 140 1
3747 179 0
3748 112 1
3749 118 0
3750 186 1
3751 168 0
3752 118 1
3753 187 1
3754 67 0
3755 133 1
3756 132 1
3757 55 1
3758 72 0
3759 170 1
3760 108 0
3761 130 1
3762 86 0
3763 107 0
3764 96 0
3765 164 0
3766 19 0
3767 154 1
3768 0 1
3769 105 1
3770 43 0
3771 55 1
3772 79 1
3773 52 0
3774 165 1
3775 128 0
3776 67 1
3777 68 1
3778 114 1
3779 92 1
3780 140 1
3781 167 1
3782 68 1
3783 165 1
3784 16 1
3785 5 0
3786 182 1
3787 103 0
3788 39 1
3789 153 1
3790 118 0
3791 23 1
3792 85 1
3793 144 0
3794 134 0
3795 85 1
3796 166 0
3797 42 0
3798 120 0
3799 44 0
3800 24 1
3801 64 0
3802 43 0
3803 14 1
3804 63 1
3805 26 1
3806 188 1
3807 172 1
3808 137 0
3809 147 0
3810 33 1
3811 26 0
3812 97 1
3813 174 1
3814 16 1
3815 28 0
3816 7 0
3817 180 1
3818 193 0
3819 67 1
3820 35 0
3821 177 0
3822 140 1
3823 171 1
3824 146 1
3825 95 1
3826 163 1
3827 52 1
3828 124 0
3829 85 0
3830 185 1
3831 114 1
3832 139 1
3833 178 0
3834 163 1
3835 135 1
3836 13 0
3837 96 1
3838 80 1
3839 171 1
3840 132 1
3841 79 1
3842 128 0
3843 35 1
3844 99 0
3845 133 1
3846 168 1
3847 89 0
3848 23 1
3849 58 1
3850 59 1
3851 125 0
3852 53 0
3853 94 1
3854 35 1
3855 34 0
3856 77 1
3857 136 1
3858 179 1
3859 133 1
3860 32 1
3861 175 0
3862 188 1
3863 53 0
3864 12 0
3865 138 0
3866 174 1
3867 11 1
3868 159 0
3869 100 0
3870 44 0
3871 102 1
3872 182 0
3873 2 1
3874 150 1
3875 58 1
3876 75 1
3877 56 1
3878 171 1
3879 87 0
3880 90 1
3881 188 0
3882 35 0
3883 37 1
3884 173 0
3885 129 1
3886 12 0
3887 14 1
3888 145 1
3889 101 1
3890 19 0
3891 86 1
3892 66 0
3893 98 1
3894 120 0
3895 161 1
3896 85 1
3897 148 1
3898 96 0
3899 183 1
3900 191 0
3901 161 0
3902 24 1
3903 71 1
3904 125 1
3905 73 1
3906 6 1
3907 41 1
3908 169 1
3909 50 1
3910 193 1
3911 174 0
3912 108 0
3913 73 1
3914 182 1
3915 81 1
3916 49 1
3917 56 0
3918 158 0
3919 45 0
3920 168 0
3921 102 1
3922 17 1
3923 180 1
3924 23 1
3925 22 1
3926 183 1
3927 169 0
3928 66 0
3929 103 1
3930 173 0
3931 168 1
3932 39 0
3933 36 1
3934 26 0
3935 28 1
3936 133 1
3937 42 1
3938 142 1
3939 10 0
3940 127 1
3941 55 1
3942 98 1
3943 81 0
3944 14 1
3945 152 1
3946 175 1
3947 150 0
3948 25 0
3949 152 1
3950 135 1
3951 113 1
3952 179 1
3953 92 1
3954 117 0
3955 160 1
3956 3 0
3957 101 0
3958 180 1
3959 133 1
3960 107 1
3961 56 1
3962 86 1
3963 43 0
3964 66 0
3965 30 1
3966 50 0
3967 15 1
3968 38 1
3969 30 1
3970 143 1
3971 75 1
3972 79 1
3973 116 1
3974 33 1
3975 0 0
3976 82 1
3977 163 1
3978 130 1
3979 20 0
3980 76 0
3981 9 0
3982 128 1
3983 29 0
3984 65 1
3985 124 0
3986 183 1
3987 30 0
3988 50 1
3989 68 1
3990 136 1
3991 30 0
3992 187 0
3993 193 1
3994 74 1
3995 126 1
3996 3 1
3997 82 1
3998 28 1
3999 100 0
4000 104 0
4001 105 0
4002 164 0
4003 30 1
4004 149 0
4005 103 0
4006 35 1
4007 116 1
4008 130 1
4009 21 0
4010 2 0
4011 161 1
4012 85 1
4013 133 1
4014 29 1
4015 76 0
4016 70 1
4017 29 1
4018 56 0
4019 188 0
4020 25 0
4021 103 0
4022 99 1
4023 152 1
4024 9 0
4025 174 1
4026 188 1
4027 14 1
4028 58 0
4029 128 1
4030 187 1
4031 89 0
4032 191 0
4033 37 1
4034 111 0
4035 192 1
4036 190 1
4037 131 1
4038 190 0
4039 193 0
4040 64 1
4041 79 1
4042 54 1
4043 7 1
4044 47 1
4045 134 1
4046 79 1
4047 165 0
4048 147 0
4049 191 0
4050 101 1
4051 135 1
4052 31 1
4053 61 0
4054 158 0
4055 161 0
4056 168 1
4057 149 0
4058 74 0
4059 76 1
4060 31 0
4061 29 0
4062 46 0
4063 182 0
4064 136 1
4065 126 1
4066 175 0
4067 74 0
4068 135 1
4069 168 1
4070 131 0
4071 190 1
4072 115 1
4073 68 1
4074 42 1
4075 178 1
4076 161 0
4077 180 0
4078 13 1
4079 8 1
4080 154 1
4081 126 1
4082 69 1
4083 15 0
4084 77 1
4085 172 1
4086 186 0
4087 119 1
4088 54 0
4089 165 1
4090 72 0
4091 37 1
4092 31 0
4093 114 0
4094 126 0
4095 62 1
4096 191 1
4097 89 1
4098 130 0
4099 140 0
4100 156 0
4101 27 0
4102 155 1
4103 124 1
4104 8 1
4105 173 0
4106 114 1
4107 54 1
4108 102 1
4109 124 1
4110 32 0
4111 54 1
4112 116 1
4113 158 1
4114 115 0
4115 193 0
4116 91 1
4117 94 0
4118 40 1
4119 129 0
4120 54 0
4121 64 1
4122 186 1
4123 54 0
4124 27 1
4125 62 1
4126 105 1
4127 151 1
4128 193 0
4129 13 0
4130 88 1
4131 126 0
4132 166 1
4133 99 0
4134 51 0
4135 190 1
4136 76 0
4137 142 1
4138 46 0
4139 97 1
4140 48 0
4141 1 1
4142 82 1
4143 49 1
4144 136 0
4145 130 0
4146 9 1
4147 77 0
4148 23 1
4149 123 1
4150 78 0
4151 48 0
4152 47 1
4153 90 1
4154 60 1
4155 35 1
4156 87 0
4157 130 1
4158 57 1
4159 52 1
4160 177 1
4161 91 1
4162 180 1
4163 168 1
4164 146 0
4165 18 0
4166 84 1
4167 180 0
4168 124 1
4169 159 1
4170 132 1
4171 160 1
4172 99 0
4173 62 1
4174 17 1
4175 24 1
4176 38 0
4177 186 0
4178 86 1
4179 161 1
4180 60 1
4181 131 1
4182 47 1
4183 16 1
4184 129 1
4185 29 1
4186 44 1
4187 27 1
4188 27 1
4189 168 0
4190 72 0
4191 44 1
4192 177 0
4193 2 1
4194 193 0
4195 170 1
4196 17 0
4197 11 0
4198 94 1
4199 170 1
4200 71 0
4201 30 0
4202 2 1
4203 192 0
4204 15 1
4205 7 1
4206 34 1
4207 132 1
4208 83 0
4209 148 1
4210 166 1
4211 77 0
4212 35 1
4213 183 0
4214 177 1
4215 92 1
4216 99 1
4217 103 1
4218 114 0
4219 192 0
4220 137 1
4221 150 0
4222 118 1
4223 122 0
4224 91 0
4225 25 0
4226 69 0
4227 53 1
4228 124 1
4229 39 1
4230 136 0
4231 30 1
4232 188 1
4233 11 1
4234 103 1
4235 171 0
4236 143 1
4237 151 0
4238 84 1
4239 9 0
4240 24 1
4241 44 0
4242 136 1
4243 132 0
4244 8 0
4245 170 1
4246 171 1
4247 54 0
4248 73 1
4249 13 1
4250 8 1
4251 91 1
4252 179 1
4253 25 1
4254 190 1
4255 178 0
4256 69 0
4257 48 1
4258 189 1
4259 74 1
4260 91 1
4261 144 0
4262 184 0
4263 101 1
4264 3 1
4265 108 0
4266 166 1
4267 97 1
4268 117 1
4269 155 1
4270 90 0
4271 2 1
4272 37 1
4273 167 0
4274 164 0
4275 97 0
4276 31 1
4277 192 0
4278 179 0
4279 18 1
4280 148 1
4281 62 0
4282 1 1
4283 140 1
4284 21 0
4285 33 0
4286 110 1
4287 139 0
4288 19 1
4289 113 1
4290 159 1
4291 179 1
4292 192 1
4293 145 1
4294 16 1
4295 34 1
4296 158 1
4297 25 0
4298 123 1
4299 79 1
4300 7 1
4301 189 1
4302 82 0
4303 4 1
4304 52 1
4305 91 0
4306 2 1
4307 75 0
4308 187 0
4309 45 0
4310 58 0
4311 108 1
4312 43 0
4313 50 1
4314 39 1
4315 50 1
4316 176 1
4317 32 0
4318 114 1
4319 167 1
4320 22 1
4321 52 1
4322 9 0
4323 152 1
4324 88 1
4325 74 0
4326 17 1
4327 103 1
4328 56 0
4329 161 1
4330 150 0
4331 10 0
4332 191 1
4333 4 0
4334 12 1
4335 19 1
4336 103 1
4337 186 1
4338 133 0
4339 177 1
4340 16 0
4341 108 0
4342 46 0
4343 27 1
4344 166 0
4345 66 1
4346 140 1
4347 62 1
4348 52 1
4349 55 0
4350 105 1
4351 33 1
4352 80 1
4353 189 1
4354 38 0
4355 175 1
4356 35 1
4357 21 0
4358 103 0
4359 53 1
4360 105 1
4361 5 1
4362 2 0
4363 189 0
4364 1 1
4365 53 1
4366 187 1
4367 54 0
4368 109 1
4369 92 1
4370 155 1
4371 70 0
4372 32 1
4373 141 0
4374 8 1
4375 17 0
4376 53 0
4377 99 1
4378 151 1
4379 172 0
4380 141 1
4381 192 1
4382 180 1
4383 13 1
4384 164 0
4385 111 0
4386 175 0
4387 185 1
4388 12 0
4389 83 1
4390 66 1
4391 3 1
4392 185 0
4393 43 0
4394 193 1
4395 35 1
4396 114 1
4397 80 0
4398 148 0
4399 64 0
4400 0 0
4401 113 1
4402 96 1
4403 123 1
4404 170 0
4405 192 0
4406 47 1
4407 29 1
4408 165 0
4409 114 0
4410 89 1
4411 44 1
4412 117 1
4413 173 0
4414 19 1
4415 124 1
4416 87 0
4417 130 0
4418 81 1
4419 160 1
4420 6 0
4421 161 1
4422 27 1
4423 153 1
4424 65 1
4425 31 1
4426 29 1
4427 99 1
4428 68 1
4429 23 0
4430 183 1
4431 42 1
4432 125 0
4433 128 1
4434 99 1
4435 4 1
4436 187 0
4437 154 1
4438 31 0
4439 81 1
4440 187 0
4441 119 1
4442 123 0
4443 102 0
4444 164 1
4445 19 1
4446 141 1
4447 164 1
4448 101 1
4449 20 0
4450 127 1
4451 174 1
4452 186 1
4453 74 1
4454 182 1
4455 182 1
4456 9 1
4457 131 1
4458 66 1
4459 191 0
4460 99 0
4461 124 0
4462 12 0
4463 119 0
4464 61 0
4465 183 1
4466 160 1
4467 48 1
4468 166 1
4469 110 0
4470 147 1
4471 70 1
4472 139 1
4473 90 0
4474 47 0
4475 48 1
4476 38 1
4477 193 1
4478 135 1
4479 33 0
4480 60 0
4481 125 0
4482 53 0
4483 178 1
4484 165 1
4485 115 1
4486 126 0
4487 142 1
4488 127 1
4489 17 0
4490 59 1
4491 61 1
4492 106 1
4493 83 1
4494 47 0
4495 178 1
4496 72 0
4497 67 1
4498 24 0
4499 19 0
4500 80 1
4501 47 1
4502 188 1
4503 146 1
4504 95 1
4505 164 1
4506 97 1
4507 58 0
4508 154 0
4509 185 1
4510 191 1
4511 176 1
4512 19 0
4513 63 0
4514 35 1
4515 166 1
4516 151 0
4517 189 1
4518 10 1
4519 6 1
4520 174 1
4521 0 1
4522 137 1
4523 21 0
4524 134 1
4525 167 1
4526 49 1
4527 69 1
4528 5 1
4529 46 1
4530 20 1
4531 23 1
4532 34 1
4533 184 1
4534 28 1
4535 18 1
4536 102 1
4537 148 0
4538 11 0
4539 76 1
4540 115 1
4541 144 0
4542 133 1
4543 167 1
4544 19 1
4545 46 1
4546 35 1
4547 79 0
4548 149 1
4549 48 1
4550 1 1
4551 182 0
4552 19 1
4553 82 1
4554 111 0
4555 43 1
4556 142 1
4557 65 1
4558 75 0
4559 87 0
4560 186 1
4561 69 1
4562 136 0
4563 31 1
4564 152 0
4565 71 0
4566 14 1
4567 190 0
4568 2 1
4569 126 1
4570 171 0
4571 14 1
4572 98 0
4573 68 0
4574 52 1
4575 74 1
4576 28 1
4577 134 1
4578 32 1
4579 123 1
4580 46 1
4581 144 0
4582 189 1
4583 157 1
4584 153 1
4585 173 1
4586 65 1
4587 51 1
4588 135 1
4589 77 0
4590 142 1
4591 100 1
4592 35 1
4593 8 1
4594 7 1
4595 185 1
4596 66 0
4597 48 1
4598 16 0
4599 187 1
4600 35 1
4601 167 1
4602 94 0
4603 132 1
4604 11 1
4605 91 0
4606 100 1
4607 63 1
4608 99 1
4609 136 1
4610 136 0
4611 28 1
4612 131 1
4613 4 1
4614 22 1
4615 184 1
4616 32 1
4617 25 1
4618 49 0
4619 30 1
4620 106 0
4621 147 1
4622 53 0
4623 82 0
4624 21 1
4625 127 1
4626 87 1
4627 101 1
4628 166 1
4629 106 0
4630 99 1
4631 113 0
4632 122 1
4633 125 1
4634 36 1
4635 166 1
4636 84 1
4637 89 1
4638 70 1
4639 158 1
4640 131 0
4641 117 0
4642 115 1
4643 110 0
4644 192 0
4645 77 1
4646 181 0
4647 96 1
4648 3 0
4649 20 0
4650 183 1
4651 49 1
4652 112 0
4653 13 1
4654 51 1
4655 141 1
4656 131 1
4657 8 1
4658 23 1
4659 136 0
4660 9 1
4661 180 0
4662 144 1
4663 167 1
4664 44 1
4665 54 1
4666 114 1
4667 169 1
4668 49 1
4669 16 1
4670 93 0
4671 150 1
4672 156 1
4673 80 1
4674 144 1
4675 69 1
4676 104 1
4677 17 0
4678 72 1
4679 70 1
4680 174 0
4681 18 1
4682 35 1
4683 188 1
4684 43 0
4685 180 1
4686 101 1
4687 35 1
4688 162 1
4689 178 0
4690 134 1
4691 6 0
4692 43 0
4693 33 1
4694 10 0
4695 100 0
4696 163 1
4697 18 0
4698 173 1
4699 150 0
4700 150 0
4701 93 1
4702 140 1
4703 183 0
4704 46 1
4705 26 1
4706 89 1
4707 158 1
4708 52 1
4709 116 1
4710 36 0
4711 52 1
4712 9 1
4713 71 1
4714 16 1
4715 139 1
4716 31 1
4717 91 0
4718 35 1
4719 85 0
4720 116 1
4721 67 0
4722 12 0
4723 78 1
4724 91 1
4725 60 1
4726 85 0
4727 0 1
4728 116 1
4729 18 1
4730 32 1
4731 38 1
4732 2 0
4733 168 0
4734 78 1
4735 52 0
4736 105 1
4737 140 0
4738 18 0
4739 49 1
4740 87 1
4741 171 1
4742 27 1
4743 7 1
4744 111 1
4745 15 0
4746 183 1
4747 141 0
4748 116 1
4749 90 1
4750 109 1
4751 64 1
4752 129 0
4753 5 1
4754 97 1
4755 125 0
4756 163 1
4757 96 1
4758 143 1
4759 7 0
4760 63 0
4761 138 0
4762 9 1
4763 39 1
4764 136 0
4765 189 1
4766 139 1
4767 134 1
4768 131 1
4769 90 1
4770 128 1
4771 86 0
4772 58 0
4773 156 1
4774 155 0
4775 68 1
4776 54 1
4777 139 0
4778 32 1
4779 57 1
4780 48 1
4781 88 1
4782 173 1
4783 2 0
4784 167 0
4785 13 1
4786 113 0
4787 67 0
4788 151 1
4789 179 1
4790 188 1
4791 70 0
4792 0 0
4793 46 1
4794 128 0
4795 135 0
4796 24 1
4797 103 0
4798 185 1
4799 176 1
4800 3 1
4801 128 1
4802 158 0
4803 29 0
4804 158 1
4805 161 1
4806 130 1
4807 135 1
4808 115 1
4809 96 1
4810 152 1
4811 93 0
4812 0 1
4813 48 0
4814 42 1
4815 84 0
4816 154 1
4817 30 1
4818 147 0
4819 167 1
4820 70 0
4821 131 1
4822 40 0
4823 70 0
4824 121 1
4825 72 1
4826 138 1
4827 190 1
4828 101 1
4829 192 0
4830 75 1
4831 57 0
4832 162 1
4833 22 1
4834 15 1
4835 94 1
4836 192 1
4837 91 1
4838 166 0
4839 127 1
4840 1 1
4841 173 0
4842 104 1
4843 146 1
4844 20 1
4845 23 1
4846 94 0
4847 127 1
4848 101 0
4849 111 1
4850 12 1
4851 135 0
4852 170 0
4853 48 1
4854 61 1
4855 170 1
4856 48 1
4857 70 1
4858 59 1
4859 98 0
4860 100 0
4861 171 0
4862 135 0
4863 190 1
4864 187 1
4865 27 1
4866 52 0
4867 16 1
4868 129 0
4869 105 1
4870 108 1
4871 121 0
4872 99 1
4873 49 1
4874 148 1
4875 106 1
4876 136 1
4877 117 1
4878 188 0
4879 182 1
4880 155 1
4881 188 0
4882 111 0
4883 171 1
4884 137 1
4885 105 0
4886 32 1
4887 77 1
4888 92 1
4889 29 1
4890 14 0
4891 164 1
4892 154 1
4893 96 1
4894 135 1
4895 70 0
4896 161 1
4897 111 1
4898 71 1
4899 59 0
4900 38 0
4901 0 1
4902 192 1
4903 135 1
4904 138 1
4905 72 1
4906 41 1
4907 170 0
4908 63 1
4909 17 0
4910 24 0
4911 102 0
4912 148 1
4913 4 1
4914 169 0
4915 40 1
4916 29 1
4917 146 1
4918 180 0
4919 52 1
4920 186 1
4921 144 1
4922 100 1
4923 96 1
4924 127 1
4925 103 0
4926 70 1
4927 11 1
4928 26 1
4929 178 0
4930 12 1
4931 76 1
4932 126 1
4933 2 0
4934 116 0
4935 104 0
4936 113 0
4937 138 0
4938 175 1
4939 52 0
4940 22 0
4941 61 1
4942 34 0
4943 179 1
4944 21 1
4945 123 1
4946 121 1
4947 136 0
4948 34 1
4949 162 1
4950 128 1
4951 60 1
4952 127 1
4953 63 0
4954 173 1
4955 84 1
4956 138 0
4957 28 1
4958 152 1
4959 100 0
4960 110 1
4961 141 0
4962 35 1
4963 86 0
4964 156 0
4965 87 0
4966 127 0
4967 134 1
4968 86 0
4969 102 0
4970 119 1
4971 66 1
4972 5 1
4973 170 0
4974 169 1
4975 71 0
4976 40 1
4977 184 1
4978 163 1
4979 78 1
4980 65 0
4981 18 1
4982 180 1
4983 186 1
4984 156 1
4985 137 0
4986 148 0
4987 12 1
4988 166 1
4989 51 1
4990 127 1
4991 161 1
4992 74 1
4993 176 1
4994 163 1
4995 38 1
4996 27 0
4997 161 0
4998 15 0
4999 20 1
5000 182 1
5001 120 1
5002 35 1
5003 30 1
5004 183 0
5005 84 1
5006 138 0
5007 23 1
5008 137 1
5009 125 1
5010 127 0
5011 9 1
5012 153 1
5013 101 1
5014 63 1
5015 13 1
5016 19 1
5017 56 1
5018 68 1
5019 124 0
5020 102 0
5021 41 0
5022 0 1
5023 128 1
5024 131 1
5025 46 1
5026 90 1
5027 152 0
5028 31 0
5029 86 1
5030 49 1
5031 14 0
5032 35 0
5033 184 1
5034 90 1
5035 94 1
5036 63 1
5037 108 1
5038 133 1
5039 69 1
5040 163 0
5041 2 1
5042 104 0
5043 42 1
5044 81 1
5045 163 1
5046 162 1
5047 66 1
5048 53 1
5049 40 1
5050 106 1
5051 11 1
5052 9 1
5053 101 0
5054 29 1
5055 80 1
5056 153 1
5057 57 1
5058 170 0
5059 132 1
5060 162 1
5061 56 1
5062 19 1
5063 1 1
5064 113 0
5065 84 0
5066 43 1
5067 191 0
5068 82 0
5069 62 1
5070 136 1
5071 109 1
5072 158 0
5073 26 1
5074 6 1
5075 125 1
5076 193 1
5077 166 1
5078 44 0
5079 153 1
5080 142 1
5081 51 0
5082 73 1
5083 171 1
5084 14 1
5085 7 0
5086 181 1
5087 113 0
5088 151 1
5089 19 1
5090 37 1
5091 193 1
5092 0 0
5093 183 1
5094 72 0
5095 69 1
5096 119 0
5097 139 0
5098 36 1
5099 88 1
5100 155 0
5101 134 0
5102 79 1
5103 155 0
5104 192 0
5105 61 1
5106 186 1
5107 134 1
5108 159 1
5109 164 0
5110 133 1
5111 185 1
5112 28 0
5113 185 1
5114 180 1
5115 49 0
5116 170 1
5117 85 1
5118 43 0
5119 26 0
5120 88 1
5121 139 1
5122 82 0
5123 135 0
5124 70 1
5125 147 0
5126 14 0
5127 2 1
5128 137 1
5129 41 1
5130 134 1
5131 5 0
5132 15 1
5133 99 1
5134 71 1
5135 162 1
5136 147 1
5137 108 0
5138 55 1
5139 144 0
5140 90 1
5141 69 0
5142 104 0
5143 14 1
5144 192 0
5145 104 1
5146 15 1
5147 176 1
5148 134 0
5149 22 1
5150 141 0
5151 104 1
5152 95 1
5153 63 0
5154 3 1
5155 16 1
5156 173 1
5157 131 1
5158 157 0
5159 192 1
5160 69 1
5161 28 1
5162 146 1
5163 48 1
5164 155 1
5165 31 0
5166 124 1
5167 131 1
5168 23 0
5169 109 1
5170 76 0
5171 53 1
5172 18 1
5173 135 1
5174 3 1
5175 71 1
5176 171 1
5177 91 0
5178 173 0
5179 144 1
5180 145 1
5181 170 1
5182 179 0
5183 162 0
5184 170 0
5185 162 1
5186 9 1
5187 104 0
5188 139 1
5189 71 0
5190 114 1
5191 150 1
5192 176 0
5193 16 0
5194 121 1
5195 29 1
5196 10 0
5197 15 1
5198 175 1
5199 66 1
5200 189 1
5201 72 0
5202 56 0
5203 94 1
5204 156 1
5205 12 1
5206 47 0
5207 163 1
5208 78 1
5209 53 1
5210 80 0
5211 12 0
5212 151 0
5213 148 1
5214 73 1
5215 152 0
5216 54 1
5217 6 1
5218 74 0
5219 108 1
5220 71 1
5221 109 1
5222 23 0
5223 17 1
5224 193 0
5225 40 1
5226 87 0
5227 38 1
5228 76 1
5229 173 1
5230 140 1
5231 23 1
5232 29 1
5233 107 0
5234 130 1
5235 74 0
5236 75 1
5237 188 1
5238 3 0
5239 67 1
5240 16 1
5241 143 0
5242 156 0
5243 144 1
5244 41 0
5245 187 1
5246 188 1
5247 178 0
5248 174 0
5249 126 1
5250 46 0
5251 113 1
5252 59 1
5253 88 0
5254 181 1
5255 60 1
5256 131 0
5257 169 1
5258 59 1
5259 132 1
5260 48 0
5261 84 0
5262 10 1
5263 193 1
5264 159 1
5265 162 0
5266 128 1
5267 66 1
5268 124 1
5269 51 1
5270 50 1
5271 49 1
5272 55 1
5273 15 1
5274 77 0
5275 16 1
5276 142 0
5277 35 1
5278 168 1
5279 11 1
5280 27 1
5281 12 1
5282 189 1
5283 83 0
5284 101 1
5285 165 1
5286 180 1
5287 7 1
5288 40 1
5289 151 1
5290 166 1
5291 110 1
5292 74 0
5293 135 1
5294 47 1
5295 178 1
5296 125 1
5297 164 1
5298 138 0
5299 108 1
5300 57 1
5301 193 1
5302 161 0
5303 147 1
5304 90 0
5305 58 1
5306 78 1
5307 45 1
5308 181 1
5309 4 1
5310 132 0
5311 43 1
5312 113 1
5313 53 1
5314 129 0
5315 165 1
5316 175 1
5317 98 1
5318 38 1
5319 18 0
5320 155 0
5321 59 0
5322 113 1
5323 189 1
5324 91 0
5325 3 1
5326 181 1
5327 156 1
5328 121 1
5329 92 1
5330 44 1
5331 111 1
5332 95 1
5333 36 0
5334 66 1
5335 2 1
5336 192 1
5337 130 0
5338 166 0
5339 80 1
5340 58 1
5341 156 1
5342 191 0
5343 80 0
5344 1 1
5345 109 1
5346 104 1
5347 133 1
5348 170 1
5349 73 1
5350 91 1
5351 133 1
5352 71 0
5353 69 0
5354 62 0
5355 41 1
5356 100 1
5357 99 1
5358 183 1
5359 149 1
5360 27 1
5361 98 1
5362 154 1
5363 5 1
5364 8 1
5365 41 1
5366 88 1
5367 56 1
5368 45 1
5369 137 0
5370 142 1
5371 33 1
5372 50 1
5373 79 1
5374 53 1
5375 92 1
5376 162 1
5377 79 1
5378 29 1
5379 186 1
5380 98 0
5381 70 1
5382 10 1
5383 152 0
5384 120 0
5385 97 0
5386 141 0
5387 179 1
5388 4 1
5389 99 1
5390 161 1
5391 71 1
5392 183 0
5393 185 1
5394 169 0
5395 183 1
5396 80 1
5397 66 0
5398 53 0
5399 80 1
5400 115 1
5401 110 1
5402 49 0
5403 188 1
5404 27 1
5405 172 1
5406 152 1
5407 186 1
5408 67 1
5409 159 1
5410 30 0
5411 50 1
5412 141 0
5413 2 0
5414 136 0
5415 108 0
5416 129 0
5417 120 0
5418 53 1
5419 99 0
5420 75 0
5421 137 1
5422 188 0
5423 174 1
5424 110 0
5425 38 1
5426 27 1
5427 118 1
5428 73 1
5429 36 1
5430 137 0
5431 73 1
5432 102 0
5433 184 1
5434 175 1
5435 104 0
5436 34 0
5437 89 1
5438 45 0
5439 24 1
5440 142 1
5441 35 1
5442 19 1
5443 139 1
5444 142 1
5445 109 1
5446 188 0
5447 26 1
5448 50 0
5449 120 1
5450 168 0
5451 88 0
5452 12 0
5453 165 1
5454 181 1
5455 81 1
5456 185 0
5457 101 0
5458 138 0
5459 104 0
5460 156 1
5461 39 1
5462 69 1
5463 182 1
5464 16 1
5465 85 0
5466 73 1
5467 126 1
5468 24 0
5469 10 1
5470 92 1
5471 9 0
5472 76 0
5473 29 1
5474 90 0
5475 40 1
5476 20 0
5477 138 1
5478 79 1
5479 143 0
5480 102 1
5481 19 0
5482 141 1
5483 128 1
5484 111 1
5485 111 1
5486 98 0
5487 155 0
5488 164 1
5489 62 1
5490 185 0
5491 47 0
5492 50 1
5493 35 1
5494 179 1
5495 158 1
5496 146 1
5497 131 1
5498 190 0
5499 192 1
5500 73 1
5501 51 0
5502 97 1
5503 148 1
5504 65 0
5505 190 0
5506 53 0
5507 2 0
5508 163 1
5509 38 1
5510 17 1
5511 104 1
5512 47 1
5513 124 0
5514 42 1
5515 19 0
5516 100 1
5517 154 1
5518 16 1
5519 67 1
5520 125 0
5521 72 0
5522 40 1
5523 149 0
5524 173 0
5525 26 1
5526 57 1
5527 27 1
5528 172 1
5529 15 1
5530 141 0
5531 69 0
5532 38 0
5533 113 1
5534 72 0
5535 70 1
5536 177 1
5537 177 1
5538 84 0
5539 161 1
5540 59 1
5541 121 1
5542 123 1
5543 154 1
5544 39 1
5545 56 1
5546 138 1
5547 162 0
5548 24 1
5549 166 0
5550 129 0
5551 96 1
5552 53 1
5553 136 1
5554 18 1
5555 3 0
5556 30 1
5557 128 0
5558 141 1
5559 189 0
5560 192 1
5561 35 1
5562 46 1
5563 54 1
5564 147 0
5565 34 0
5566 2 0
5567 129 1
5568 144 1
5569 61 0
5570 42 1
5571 173 1
5572 56 0
5573 94 0
5574 64 1
5575 52 1
5576 9 1
5577 67 0
5578 153 1
5579 187 0
5580 81 0
5581 58 1
5582 26 1
5583 7 1
5584 61 1
5585 72 1
5586 0 1
5587 110 1
5588 27 0
5589 122 0
5590 33 0
5591 150 1
5592 130 1
5593 160 1
5594 13 1
5595 64 1
5596 178 1
5597 112 0
5598 178 0
5599 181 1
5600 122 0
5601 82 1
5602 173 1
5603 114 1
5604 70 1
5605 94 0
5606 151 0
5607 15 0
5608 8 1
5609 110 1
5610 131 0
5611 49 1
5612 37 1
5613 126 1
5614 88 1
5615 128 0
5616 40 1
5617 73 1
5618 77 1
5619 89 1
5620 164 1
5621 120 1
5622 168 1
5623 14 1
5624 178 1
5625 131 1
5626 39 0
5627 165 1
5628 148 0
5629 160 0
5630 78 1
5631 55 1
5632 46 0
5633 7 0
5634 184 0
5635 139 0
5636 147 1
5637 15 1
5638 134 1
5639 37 1
5640 21 0
5641 103 1
5642 89 0
5643 72 1
5644 106 1
5645 82 1
5646 1 1
5647 171 1
5648 5 1
5649 39 1
5650 76 1
5651 83 1
5652 178 1
5653 19 0
5654 123 1
5655 105 0
5656 93 1
5657 140 0
5658 23 1
5659 160 1
5660 118 1
5661 181 0
5662 119 1
5663 101 1
5664 139 1
5665 54 1
5666 59 0
5667 180 1
5668 104 1
5669 95 0
5670 190 1
5671 112 0
5672 149 1
5673 12 0
5674 138 1
5675 41 1
5676 154 0
5677 117 0
5678 122 0
5679 138 0
5680 33 0
5681 23 1
5682 3 1
5683 3 1
5684 77 0
5685 9 1
5686 39 1
5687 97 0
5688 48 1
5689 101 1
5690 22 1
5691 55 1
5692 106 1
5693 124 1
5694 131 1
5695 163 0
5696 128 1
5697 190 1
5698 64 1
5699 41 1
5700 31 1
5701 149 0
5702 106 0
5703 128 1
5704 30 1
5705 80 1
5706 46 0
5707 98 1
5708 48 1
5709 54 1
5710 93 1
5711 17 0
5712 145 0
5713 27 1
5714 74 1
5715 91 1
5716 119 0
5717 173 1
5718 160 1
5719 53 0
5720 10 1
5721 178 1
5722 10 0
5723 143 0
5724 172 0
5725 106 0
5726 28 1
5727 33 1
5728 5 1
5729 56 0
5730 129 1
5731 53 1
5732 189 1
5733 82 0
5734 73 1
5735 87 1
5736 10 1
5737 75 1
5738 21 0
5739 12 1
5740 156 1
5741 5 1
5742 176 1
5743 31 1
5744 32 1
5745 0 0
5746 37 1
5747 19 0
5748 86 0
5749 123 1
5750 171 1
5751 112 0
5752 21 1
5753 7 1
5754 145 0
5755 169 0
5756 72 0
5757 160 1
5758 146 0
5759 169 1
5760 82 1
5761 143 1
5762 158 0
5763 86 1
5764 69 0
5765 78 0
5766 159 1
5767 162 1
5768 117 1
5769 156 1
5770 58 0
5771 45 1
5772 46 1
5773 119 1
5774 5 1
5775 46 1
5776 4 1
5777 141 1
5778 91 1
5779 147 1
5780 111 1
5781 75 1
5782 156 1
5783 191 1
5784 82 1
5785 82 1
5786 25 1
5787 76 0
5788 7 1
5789 5 1
5790 30 0
5791 34 1
5792 108 1
5793 65 1
5794 76 0
5795 33 1
5796 111 1
5797 132 1
5798 87 0
5799 87 1
5800 22 1
5801 49 1
5802 165 0
5803 54 1
5804 61 1
5805 118 0
5806 44 0
5807 121 1
5808 67 1
5809 91 1
5810 72 1
5811 5 1
5812 167 1
5813 125 1
5814 6 1
5815 97 0
5816 122 1
5817 139 1
5818 12 0
5819 5 1
5820 58 0
5821 32 1
5822 16 0
5823 188 1
5824 14 0
5825 95 0
5826 143 0
5827 138 0
5828 172 0
5829 45 0
5830 22 1
5831 76 1
5832 95 1
5833 105 0
5834 20 1
5835 48 0
5836 102 0
5837 48 0
5838 102 1
5839 135 1
5840 189 0
5841 70 1
5842 6 1
5843 123 1
5844 147 1
5845 159 1
5846 52 1
5847 116 0
5848 190 1
5849 123 1
5850 6 1
5851 156 1
5852 186 0
5853 160 1
5854 114 1
5855 144 0
5856 134 0
5857 116 1
5858 97 1
5859 187 1
5860 148 1
5861 88 1
5862 128 1
5863 22 0
5864 165 0
5865 9 1
5866 122 1
5867 147 1
5868 44 1
5869 142 1
5870 83 1
5871 136 0
5872 175 0
5873 98 0
5874 165 0
5875 191 0
5876 111 0
5877 188 1
5878 29 1
5879 38 0
5880 161 0
5881 106 0
5882 146 0
5883 138 1
5884 41 1
5885 89 0
5886 47 1
5887 81 0
5888 23 1
5889 169 1
5890 72 1
5891 176 1
5892 185 1
5893 163 1
5894 187 1
5895 82 1
5896 182 1
5897 113 1
5898 116 1
5899 65 1
5900 12 1
5901 87 1
5902 53 0
5903 22 1
5904 150 0
5905 5 1
5906 31 0
5907 18 1
5908 92 1
5909 104 1
5910 57 1
5911 109 1
5912 115 1
5913 49 0
5914 19 0
5915 0 0
5916 137 0
5917 26 0
5918 124 1
5919 7 0
5920 174 1
5921 108 1
5922 61 0
5923 162 0
5924 111 1
5925 174 0
5926 193 1
5927 82 0
5928 51 1
5929 86 1
5930 114 0
5931 36 1
5932 108 0
5933 181 0
5934 45 1
5935 180 1
5936 2 0
5937 164 0
5938 90 1
5939 86 1
5940 73 1
5941 43 1
5942 89 1
5943 121 1
5944 191 1
5945 78 0
5946 35 1
5947 102 0
5948 45 1
5949 50 0
5950 146 1
5951 49 0
5952 65 1
5953 81 0
5954 20 1
5955 30 1
5956 167 1
5957 100 1
5958 134 1
5959 70 1
5960 169 1
5961 177 1
5962 131 1
5963 22 1
5964 43 1
5965 7 1
5966 108 1
5967 13 1
5968 139 1
5969 131 1
5970 67 1
5971 187 1
5972 170 1
5973 164 1
5974 182 1
5975 47 1
5976 56 1
5977 36 1
5978 178 1
5979 39 0
5980 130 0
5981 151 1
5982 99 1
5983 21 1
5984 192 0
5985 10 1
5986 120 1
5987 167 1
5988 158 0
5989 140 1
5990 111 1
5991 44 1
5992 86 1
5993 158 1
5994 73 0
5995 32 1
5996 111 0
5997 117 1
5998 22 1
5999 189 1
6000 30 0
6001 20 1
6002 70 1
6003 115 1
6004 65 0
6005 115 0
6006 118 1
6007 18 1
6008 174 1
6009 143 1
6010 47 0
6011 192 1
6012 32 1
6013 44 1
6014 187 1
6015 9 0
6016 107 0
6017 108 1
6018 84 1
6019 146 0
6020 26 1
6021 0 1
6022 32 1
6023 22 1
6024 63 1
6025 1 1
6026 14 1
6027 137 1
6028 114 1
6029 163 1
6030 155 0
6031 64 1
6032 69 1
6033 179 1
6034 137 1
6035 171 1
6036 132 1
6037 175 1
6038 124 1
6039 46 0
6040 103 1
6041 37 1
6042 174 0
6043 32 1
6044 96 0
6045 69 1
6046 170 1
6047 59 1
6048 46 0
6049 68 1
6050 44 1
6051 20 0
6052 23 1
6053 16 0
6054 5 1
6055 74 0
6056 43 0
6057 27 1
6058 26 1
6059 179 0
6060 124 1
6061 114 1
6062 55 1
6063 80 1
6064 21 0
6065 153 1
6066 128 1
6067 176 1
6068 175 1
6069 38 1
6070 188 1
6071 156 0
6072 157 1
6073 122 1
6074 178 1
6075 175 0
6076 157 0
6077 142 1
6078 137 0
6079 55 1
6080 45 1
6081 158 0
6082 188 1
6083 130 1
6084 7 1
6085 24 1
6086 148 0
6087 101 1
6088 39 0
6089 164 0
6090 5 1
6091 193 1
6092 174 1
6093 115 1
6094 38 0
6095 144 1
6096 119 1
6097 63 0
6098 51 0
6099 151 1
6100 164 0
6101 187 1
6102 97 1
6103 99 1
6104 58 1
6105 27 1
6106 148 1
6107 159 0
6108 35 1
6109 180 0
6110 185 1
6111 92 1
6112 107 0
6113 92 1
6114 23 1
6115 150 0
6116 159 1
6117 47 1
6118 172 1
6119 66 1
6120 149 1
6121 161 1
6122 53 1
6123 37 0
6124 76 1
6125 97 1
6126 23 0
6127 46 1
6128 84 1
6129 29 1
6130 121 1
6131 36 1
6132 63 1
6133 17 1
6134 163 0
6135 140 1
6136 111 1
6137 27 1
6138 169 1
6139 188 1
6140 150 1
6141 180 1
6142 86 1
6143 106 1
6144 38 1
6145 18 1
6146 182 1
6147 181 1
6148 71 0
6149 28 1
6150 22 1
6151 92 1
6152 16 1
6153 39 0
6154 52 1
6155 104 1
6156 58 1
6157 50 1
6158 185 1
6159 182 1
6160 31 0
6161 124 0
6162 189 1
6163 5 1
6164 177 0
6165 103 1
6166 70 0
6167 74 0
6168 55 1
6169 12 0
6170 14 0
6171 178 0
6172 141 0
6173 84 1
6174 58 1
6175 97 1
6176 13 0
6177 170 0
6178 72 1
6179 72 1
6180 77 0
6181 189 1
6182 177 1
6183 168 1
6184 50 1
6185 14 1
6186 164 1
6187 70 1
6188 94 0
6189 113 1
6190 161 1
6191 175 0
6192 43 1
6193 51 1
6194 68 0
6195 104 1
6196 39 1
6197 33 1
6198 103 0
6199 123 1
6200 55 1
6201 24 1
6202 4 1
6203 5 0
6204 117 1
6205 57 0
6206 68 0
6207 61 0
6208 125 0
6209 94 1
6210 170 1
6211 78 1
6212 39 0
6213 165 0
6214 180 1
6215 36 0
6216 101 1
6217 129 1
6218 24 1
6219 10 1
6220 121 1
6221 28 0
6222 169 1
6223 169 1
6224 135 1
6225 99 0
6226 136 1
6227 60 1
6228 157 1
6229 186 1
6230 189 1
6231 53 0
6232 23 1
6233 7 1
6234 118 1
6235 57 1
6236 148 0
6237 103 1
6238 174 1
6239 157 0
6240 15 1
6241 161 1
6242 107 1
6243 129 1
6244 121 1
6245 82 1
6246 150 1
6247 18 1
6248 57 1
6249 89 1
6250 106 1
6251 155 1
6252 165 1
6253 51 1
6254 10 1
6255 128 0
6256 10 1
6257 173 0
6258 185 0
6259 56 1
6260 36 1
6261 35 1
6262 13 1
6263 34 1
6264 141 0
6265 113 1
6266 9 1
6267 175 1
6268 72 1
6269 187 1
6270 108 0
6271 170 0
6272 85 0
6273 104 1
6274 192 1
6275 188 1
6276 38 0
6277 89 1
6278 145 0
6279 55 1
6280 180 0
6281 14 1
6282 177 1
6283 37 1
6284 24 1
6285 6 1
6286 20 1
6287 185 1
6288 193 1
6289 181 1
6290 189 1
6291 161 1
6292 7 1
6293 18 0
6294 114 1
6295 112 0
6296 175 0
6297 92 0
6298 118 1
6299 82 0
6300 28 1
6301 80 0
6302 66 0
6303 87 1
6304 100 1
6305 191 0
6306 51 0
6307 190 1
6308 149 0
6309 144 0
6310 149 1
6311 37 1
6312 57 1
6313 157 1
6314 193 1
6315 57 1
6316 129 0
6317 9 1
6318 143 0
6319 1 0
6320 166 0
6321 79 1
6322 25 0
6323 16 0
6324 152 1
6325 177 1
6326 91 1
6327 173 0
6328 84 1
6329 64 1
6330 50 1
6331 44 1
6332 0 1
6333 49 1
6334 145 1
6335 127 1
6336 110 1
6337 140 1
6338 151 1
6339 115 1
6340 57 0
6341 151 1
6342 53 1
6343 37 1
6344 135 1
6345 154 0
6346 92 1
6347 38 0
6348 119 1
6349 169 1
6350 71 1
6351 187 0
6352 178 1
6353 57 1
6354 158 1
6355 112 1
6356 11 0
6357 103 0
6358 68 1
6359 135 1
6360 111 0
6361 62 1
6362 33 0
6363 35 1
6364 122 1
6365 28 0
6366 47 1
6367 50 1
6368 23 1
6369 162 0
6370 148 1
6371 136 0
6372 19 1
6373 92 1
6374 54 0
6375 159 1
6376 191 1
6377 42 0
6378 128 1
6379 117 1
6380 88 1
6381 119 1
6382 163 1
6383 163 1
6384 144 1
6385 107 1
6386 146 0
6387 127 1
6388 157 1
6389 121 1
6390 55 1
6391 51 0
6392 47 0
6393 146 0
6394 105 1
6395 101 1
6396 83 1
6397 2 1
6398 191 1
6399 107 1
6400 37 1
6401 108 0
6402 132 1
6403 151 1
6404 129 0
6405 175 0
6406 32 1
6407 171 1
6408 187 1
6409 189 1
6410 127 0
6411 159 0
6412 118 1
6413 131 1
6414 1 1
6415 191 0
6416 0 1
6417 90 0
6418 15 1
6419 162 1
6420 187 1
6421 68 1
6422 43 1
6423 166 1
6424 103 1
6425 3 1
6426 126 1
6427 115 1
6428 192 0
6429 166 1
6430 31 0
6431 166 1
6432 137 0
6433 98 1
6434 171 1
6435 36 1
6436 143 1
6437 57 1
6438 84 1
6439 24 0
6440 126 1
6441 92 1
6442 58 1
6443 43 1
6444 128 0
6445 184 1
6446 47 1
6447 125 1
6448 87 1
6449 142 0
6450 29 1
6451 97 1
6452 23 1
6453 160 1
6454 53 0
6455 97 1
6456 80 1
6457 171 1
6458 71 1
6459 0 1
6460 99 1
6461 33 1
6462 82 1
6463 71 1
6464 55 1
6465 168 1
6466 66 1
6467 124 1
6468 161 0
6469 192 1
6470 14 1
6471 133 1
6472 154 1
6473 166 0
6474 127 1
6475 99 1
6476 92 0
6477 113 1
6478 30 1
6479 83 1
6480 71 1
6481 103 0
6482 64 1
6483 94 0
6484 57 1
6485 113 1
6486 123 0
6487 34 1
6488 158 1
6489 48 1
6490 41 1
6491 58 1
6492 19 1
6493 47 1
6494 29 1
6495 2 1
6496 123 1
6497 172 1
6498 72 1
6499 86 1
6500 166 0
6501 3 1
6502 119 1
6503 178 1
6504 105 1
6505 109 1
6506 114 1
6507 86 1
6508 13 1
6509 51 1
6510 133 0
6511 144 0
6512 93 1
6513 117 1
6514 129 1
6515 163 1
6516 76 1
6517 130 1
6518 71 1
6519 146 1
6520 15 1
6521 129 1
6522 164 1
6523 130 1
6524 152 1
6525 154 1
6526 169 1
6527 21 0
6528 95 1
6529 167 1
6530 15 0
6531 132 1
6532 170 0
6533 88 0
6534 51 0
6535 158 0
6536 36 1
6537 1 0
6538 177 1
6539 52 1
6540 53 1
6541 94 1
6542 179 0
6543 30 1
6544 187 1
6545 110 0
6546 8 1
6547 161 1
6548 179 1
6549 160 0
6550 30 0
6551 102 1
6552 151 0
6553 69 0
6554 102 1
6555 138 1
6556 1 1
6557 117 0
6558 88 1
6559 0 1
6560 19 1
6561 24 1
6562 27 0
6563 139 1
6564 175 0
6565 176 1
6566 35 1
6567 140 0
6568 55 1
6569 190 0
6570 70 1
6571 181 1
6572 107 1
6573 186 0
6574 120 0
6575 18 1
6576 37 1
6577 100 0
6578 162 1
6579 11 0
6580 151 1
6581 23 1
6582 140 1
6583 48 1
6584 112 1
6585 28 0
6586 112 1
6587 122 1
6588 182 0
6589 156 1
6590 106 0
6591 116 1
6592 150 1
6593 143 0
6594 69 1
6595 131 1
6596 16 0
6597 147 1
6598 58 1
6599 27 1
6600 173 1
6601 27 1
6602 132 1
6603 52 1
6604 3 0
6605 98 1
6606 122 0
6607 121 0
6608 43 1
6609 131 1
6610 159 0
6611 7 1
6612 157 1
6613 72 1
6614 24 0
6615 59 1
6616 88 0
6617 29 0
6618 103 1
6619 16 0
6620 157 1
6621 150 0
6622 68 0
6623 98 1
6624 82 0
6625 26 1
6626 38 1
6627 90 0
6628 122 0
6629 150 1
6630 2 1
6631 83 0
6632 164 0
6633 180 0
6634 62 1
6635 180 1
6636 178 1
6637 173 1
6638 147 1
6639 160 0
6640 175 0
6641 144 1
6642 154 1
6643 82 0
6644 10 0
6645 96 0
6646 181 1
6647 165 1
6648 161 1
6649 31 1
6650 149 1
6651 51 1
6652 21 1
6653 54 0
6654 170 1
6655 138 1
6656 75 1
6657 38 1
6658 129 0
6659 180 1
6660 92 1
6661 148 1
6662 131 0
6663 99 0
6664 139 0
6665 189 1
6666 15 1
6667 162 0
6668 12 0
6669 139 1
6670 104 1
6671 74 1
6672 105 1
6673 150 0
6674 101 0
6675 48 1
6676 153 1
6677 75 0
6678 56 1
6679 122 1
6680 173 1
6681 29 0
6682 33 1
6683 159 1
6684 15 0
6685 161 1
6686 121 1
6687 40 1
6688 150 0
6689 8 1
6690 132 0
6691 184 0
6692 59 1
6693 116 1
6694 175 0
6695 178 0
6696 31 1
6697 83 1
6698 73 1
6699 43 0
6700 87 1
6701 142 1
6702 114 1
6703 176 1
6704 178 1
6705 61 1
6706 174 0
6707 77 1
6708 179 1
6709 22 1
6710 172 1
6711 55 1
6712 82 0
6713 73 1
6714 121 1
6715 111 0
6716 189 0
6717 158 0
6718 48 1
6719 113 1
6720 192 1
6721 18 1
6722 93 1
6723 14 0
6724 28 1
6725 173 1
6726 105 1
6727 144 0
6728 173 1
6729 16 1
6730 8 1
6731 49 1
6732 187 0
6733 46 1
6734 21 1
6735 137 1
6736 7 1
6737 188 1
6738 118 0
6739 114 0
6740 106 1
6741 21 1
6742 128 0
6743 138 1
6744 58 0
6745 141 1
6746 88 1
6747 4 1
6748 72 0
6749 185 1
6750 12 1
6751 175 0
6752 151 0
6753 54 1
6754 111 1
6755 156 1
6756 2 1
6757 103 1
6758 83 1
6759 105 0
6760 136 1
6761 142 1
6762 111 1
6763 108 1
6764 64 1
6765 84 1
6766 162 1
6767 30 1
6768 103 0
6769 129 0
6770 55 0
6771 172 0
6772 136 0
6773 55 1
6774 64 1
6775 35 1
6776 146 1
6777 33 1
6778 191 1
6779 54 1
6780 174 1
6781 6 1
6782 5 1
6783 130 0
6784 183 1
6785 129 1
6786 152 0
6787 35 0
6788 57 0
6789 116 0
6790 184 0
6791 124 1
6792 69 1
6793 68 1
6794 38 0
6795 191 0
6796 62 1
6797 29 0
6798 168 1
6799 176 1
6800 26 1
6801 69 0
6802 21 1
6803 140 0
6804 62 1
6805 68 0
6806 149 1
6807 56 1
6808 155 1
6809 153 0
6810 49 1
6811 13 1
6812 22 1
6813 114 1
6814 69 1
6815 21 1
6816 76 0
6817 141 1
6818 62 1
6819 109 1
6820 85 1
6821 110 1
6822 175 1
6823 126 1
6824 159 1
6825 131 0
6826 38 0
6827 61 1
6828 121 0
6829 184 1
6830 77 1
6831 154 1
6832 163 1
6833 118 1
6834 124 0
6835 155 0
6836 145 1
6837 117 1
6838 172 1
6839 131 1
6840 131 1
6841 86 1
6842 148 1
6843 164 1
6844 128 1
6845 6 1
6846 162 1
6847 161 1
6848 131 1
6849 97 1
6850 120 0
6851 138 1
6852 192 1
6853 132 1
6854 106 1
6855 176 0
6856 7 0
6857 148 1
6858 150 1
6859 36 0
6860 75 0
6861 92 1
6862 72 0
6863 110 0
6864 146 1
6865 4 1
6866 134 0
6867 11 1
6868 5 1
6869 43 1
6870 82 1
6871 89 0
6872 28 1
6873 50 1
6874 158 1
6875 130 0
6876 125 0
6877 17 0
6878 23 1
6879 74 1
6880 9 1
6881 109 0
6882 22 1
6883 82 1
6884 4 0
6885 139 0
6886 85 0
6887 109 0
6888 140 1
6889 31 1
6890 48 1
6891 143 1
6892 125 1
6893 45 1
6894 156 1
6895 57 1
6896 66 1
6897 115 1
6898 26 1
6899 116 1
6900 191 1
6901 179 1
6902 29 1
6903 130 0
6904 122 1
6905 13 1
6906 192 1
6907 84 1
6908 186 0
6909 139 1
6910 182 1
6911 120 1
6912 36 1
6913 77 1
6914 106 1
6915 89 1
6916 122 1
6917 121 1
6918 38 1
6919 189 0
6920 87 1
6921 71 0
6922 99 1
6923 76 1
6924 152 0
6925 174 1
6926 85 1
6927 63 0
6928 9 0
6929 52 1
6930 73 1
6931 25 1
6932 150 0
6933 86 1
6934 138 1
6935 23 0
6936 24 0
6937 51 1
6938 117 0
6939 17 0
6940 17 1
6941 149 1
6942 159 0
6943 92 0
6944 92 1
6945 23 1
6946 153 1
6947 100 0
6948 129 0
6949 166 1
6950 136 0
6951 39 1
6952 23 1
6953 86 0
6954 85 1
6955 149 1
6956 34 0
6957 73 0
6958 185 1
6959 101 1
6960 111 1
6961 183 1
6962 173 1
6963 114 1
6964 145 0
6965 50 0
6966 16 1
6967 116 0
6968 47 1
6969 48 0
6970 45 1
6971 37 0
6972 171 1
6973 12 1
6974 143 1
6975 52 1
6976 43 0
6977 65 1
6978 0 1
6979 128 1
6980 134 1
6981 166 1
6982 136 1
6983 59 1
6984 30 1
6985 184 1
6986 45 1
6987 154 0
6988 72 0
6989 185 1
6990 19 1
6991 144 1
6992 147 0
6993 148 1
6994 63 1
6995 98 1
6996 0 1
6997 150 0
6998 93 1
6999 60 0
7000 57 1
7001 133 1
7002 140 0
7003 59 1
7004 0 1
7005 37 1
7006 89 1
7007 17 1
7008 65 0
7009 124 1
7010 181 0
7011 193 1
7012 162 1
7013 58 1
7014 99 1
7015 53 0
7016 164 1
7017 61 1
7018 21 1
7019 192 1
7020 38 1
7021 103 0
7022 150 1
7023 104 0
7024 153 0
7025 83 1
7026 126 1
7027 62 0
7028 101 0
7029 23 1
7030 172 1
7031 159 0
7032 132 1
7033 187 0
7034 80 1
7035 42 1
7036 154 0
7037 113 1
7038 6 0
7039 0 0
7040 121 1
7041 40 0
7042 35 1
7043 15 1
7044 156 1
7045 138 1
7046 111 1
7047 17 1
7048 63 0
7049 136 1
7050 64 1
7051 129 1
7052 131 0
7053 3 0
7054 7 1
7055 165 0
7056 22 1
7057 115 1
7058 176 1
7059 189 1
7060 36 1
7061 13 1
7062 171 1
7063 3 1
7064 103 0
7065 118 1
7066 59 1
7067 125 0
7068 102 1
7069 1 1
7070 67 1
7071 171 1
7072 175 1
7073 14 1
7074 156 1
7075 36 0
7076 142 1
7077 81 0
7078 142 0
7079 94 0
7080 92 1
7081 152 1
7082 5 1
7083 81 0
7084 81 0
7085 151 0
7086 118 1
7087 171 1
7088 155 0
7089 190 1
7090 128 1
7091 179 0
7092 17 0
7093 64 1
7094 18 1
7095 145 1
7096 44 1
7097 68 0
7098 183 0
7099 91 1
7100 167 0
7101 152 1
7102 46 0
7103 58 0
7104 54 0
7105 59 1
7106 21 1
7107 127 0
7108 44 1
7109 66 1
7110 89 0
7111 174 1
7112 116 1
7113 116 0
7114 132 0
7115 44 1
7116 125 1
7117 64 0
7118 66 1
7119 112 1
7120 111 0
7121 105 1
7122 150 1
7123 167 0
7124 163 0
7125 64 1
7126 118 1
7127 59 0
7128 26 1
7129 14 1
7130 58 1
7131 4 0
7132 190 1
7133 94 1
7134 125 0
7135 51 0
7136 118 1
7137 171 1
7138 129 1
7139 76 1
7140 117 0
7141 25 1
7142 118 1
7143 143 1
7144 1 1
7145 43 1
7146 151 1
7147 110 1
7148 51 1
7149 143 0
7150 150 1
7151 87 1
7152 26 1
7153 84 1
7154 142 1
7155 188 1
7156 168 1
7157 168 1
7158 167 0
7159 104 0
7160 143 1
7161 95 1
7162 64 1
7163 181 0
7164 149 0
7165 159 1
7166 0 0
7167 114 1
7168 50 0
7169 115 1
7170 32 1
7171 191 0
7172 192 0
7173 32 1
7174 151 1
7175 7 1
7176 153 0
7177 69 1
7178 47 1
7179 6 0
7180 121 1
7181 169 1
7182 86 1
7183 81 0
7184 156 1
7185 69 0
7186 47 1
7187 129 0
7188 34 1
7189 78 1
7190 167 1
7191 153 1
7192 121 1
7193 17 0
7194 19 1
7195 38 1
7196 56 1
7197 130 1
7198 165 1
7199 147 0
7200 20 0
7201 185 1
7202 84 0
7203 174 1
7204 150 1
7205 43 0
7206 77 1
7207 183 1
7208 93 0
7209 40 0
7210 157 0
7211 121 1
7212 26 1
7213 30 0
7214 8 1
7215 187 1
7216 1 1
7217 158 1
7218 167 1
7219 138 1
7220 65 1
7221 53 1
7222 53 1
7223 81 1
7224 177 1
7225 193 0
7226 134 1
7227 28 0
7228 45 1
7229 154 0
7230 104 0
7231 144 1
7232 0 1
7233 126 1
7234 116 1
7235 30 0
7236 120 1
7237 64 0
7238 188 1
7239 60 1
7240 136 1
7241 51 1
7242 47 0
7243 39 0
7244 7 0
7245 79 1
7246 14 1
7247 151 0
7248 73 0
7249 49 1
7250 88 1
7251 110 1
7252 31 1
7253 56 1
7254 123 0
7255 130 1
7256 43 1
7257 9 1
7258 130 1
7259 116 0
7260 175 1
7261 182 1
7262 93 1
7263 138 1
7264 157 1
7265 29 1
7266 8 1
7267 128 1
7268 117 0
7269 193 1
7270 40 0
7271 111 0
7272 179 1
7273 107 1
7274 103 0
7275 120 1
7276 92 1
7277 14 0
7278 183 1
7279 154 1
7280 81 1
7281 132 1
7282 192 1
7283 62 0
7284 184 1
7285 161 0
7286 125 0
7287 113 0
7288 66 0
7289 28 0
7290 183 1
7291 188 1
7292 191 0
7293 69 0
7294 95 1
7295 1 0
7296 148 1
7297 5 1
7298 67 1
7299 1 0
7300 63 0
7301 21 1
7302 174 1
7303 167 1
7304 94 1
7305 150 0
7306 83 0
7307 160 1
7308 86 0
7309 129 0
7310 0 1
7311 32 1
7312 131 1
7313 34 1
7314 168 0
7315 61 0
7316 131 1
7317 94 0
7318 150 0
7319 25 1
7320 68 1
7321 129 1
7322 59 1
7323 100 1
7324 66 1
7325 130 1
7326 34 1
7327 148 1
7328 68 1
7329 170 1
7330 151 0
7331 14 1
7332 182 0
7333 67 1
7334 109 1
7335 57 0
7336 136 1
7337 2 1
7338 23 1
7339 15 0
7340 7 1
7341 89 1
7342 48 0
7343 13 0
7344 159 1
7345 93 1
7346 90 0
7347 72 1
7348 149 0
7349 85 1
7350 99 1
7351 175 1
7352 4 0
7353 171 1
7354 148 1
7355 50 1
7356 6 1
7357 131 1
7358 50 0
7359 104 1
7360 2 1
7361 127 0
7362 110 0
7363 39 0
7364 12 1
7365 63 0
7366 69 0
7367 21 1
7368 90 1
7369 34 1
7370 52 0
7371 134 0
7372 91 0
7373 46 1
7374 149 1
7375 24 1
7376 154 1
7377 112 1
7378 90 0
7379 4 1
7380 144 0
7381 82 0
7382 174 0
7383 27 1
7384 35 0
7385 177 1
7386 14 0
7387 80 1
7388 122 0
7389 49 0
7390 145 1
7391 97 1
7392 159 1
7393 45 0
7394 101 0
7395 92 0
7396 179 1
7397 133 1
7398 17 1
7399 98 1
7400 89 1
7401 7 1
7402 132 0
7403 11 0
7404 82 1
7405 72 0
7406 133 0
7407 73 1
7408 119 1
7409 88 1
7410 102 1
7411 74 1
7412 28 1
7413 181 0
7414 107 1
7415 159 1
7416 101 1
7417 168 1
7418 188 1
7419 162 1
7420 45 0
7421 171 1
7422 78 1
7423 145 1
7424 37 1
7425 92 0
7426 87 1
7427 33 1
7428 114 1
7429 94 1
7430 168 1
7431 93 0
7432 160 1
7433 178 1
7434 181 1
7435 32 1
7436 55 1
7437 79 1
7438 122 1
7439 70 1
7440 132 1
7441 39 1
7442 70 0
7443 141 0
7444 155 1
7445 80 1
7446 163 1
7447 139 1
7448 175 1
7449 151 1
7450 10 1
7451 128 1
7452 61 1
7453 132 1
7454 107 1
7455 83 0
7456 39 0
7457 71 1
7458 63 0
7459 162 1
7460 57 0
7461 88 0
7462 156 0
7463 90 0
7464 91 1
7465 39 0
7466 165 0
7467 100 1
7468 49 1
7469 149 0
7470 174 1
7471 136 1
7472 30 0
7473 63 1
7474 94 1
7475 52 1
7476 14 1
7477 112 1
7478 107 1
7479 47 0
7480 183 1
7481 167 1
7482 187 1
7483 54 0
7484 45 1
7485 67 1
7486 111 1
7487 108 0
7488 151 1
7489 168 1
7490 71 1
7491 137 1
7492 34 0
7493 123 1
7494 191 1
7495 14 1
7496 124 1
7497 9 1
7498 189 0
7499 28 0
7500 135 1
7501 63 1
7502 105 1
7503 61 1
7504 82 1
7505 176 1
7506 124 1
7507 106 0
7508 42 1
7509 41 1
7510 73 1
7511 87 1
7512 171 0
7513 55 1
7514 94 1
7515 10 0
7516 113 0
7517 22 1
7518 178 1
7519 149 1
7520 53 0
7521 88 1
7522 118 1
7523 77 1
7524 98 1
7525 67 0
7526 41 1
7527 43 1
7528 57 1
7529 182 1
7530 115 1
7531 121 1
7532 5 1
7533 122 1
7534 160 1
7535 117 0
7536 77 0
7537 66 1
7538 74 0
7539 30 1
7540 129 1
7541 17 1
7542 58 1
7543 57 1
7544 92 0
7545 135 0
7546 171 1
7547 45 0
7548 139 1
7549 99 1
7550 178 1
7551 60 1
7552 96 1
7553 125 1
7554 9 1
7555 16 1
7556 58 1
7557 48 1
7558 156 0
7559 35 1
7560 151 1
7561 65 1
7562 167 1
7563 45 1
7564 17 0
7565 152 1
7566 102 1
7567 125 0
7568 144 1
7569 43 0
7570 145 1
7571 31 1
7572 89 1
7573 188 1
7574 186 1
7575 169 1
7576 68 1
7577 12 1
7578 84 1
7579 21 0
7580 137 1
7581 36 1
7582 126 1
7583 111 1
7584 151 0
7585 98 1
7586 82 1
7587 46 1
7588 16 1
7589 91 1
7590 132 1
7591 85 0
7592 168 1
7593 109 0
7594 90 1
7595 27 1
7596 44 1
7597 140 1
7598 93 1
7599 116 1
7600 80 0
7601 87 0
7602 150 1
7603 7 1
7604 42 1
7605 42 1
7606 99 1
7607 176 0
7608 94 0
7609 0 1
7610 155 1
7611 85 1
7612 154 1
7613 173 1
7614 150 0
7615 104 1
7616 49 0
7617 132 1
7618 193 1
7619 40 1
7620 173 1
7621 17 1
7622 79 0
7623 148 1
7624 24 1
7625 31 1
7626 45 1
7627 182 0
7628 15 0
7629 58 1
7630 62 1
7631 8 1
7632 29 0
7633 179 1
7634 148 1
7635 66 0
7636 43 1
7637 74 1
7638 83 1
7639 35 0
7640 111 0
7641 155 1
7642 116 1
7643 161 1
7644 110 1
7645 36 1
7646 57 1
7647 152 0
7648 53 0
7649 176 1
7650 97 0
7651 69 0
7652 66 1
7653 2 1
7654 171 1
7655 190 0
7656 37 0
7657 179 1
7658 35 1
7659 24 1
7660 41 1
7661 186 1
7662 167 1
7663 118 1
7664 22 0
7665 34 0
7666 17 1
7667 0 0
7668 180 1
7669 166 0
7670 40 1
7671 114 1
7672 182 0
7673 99 1
7674 181 1
7675 38 0
7676 52 0
7677 60 1
7678 43 0
7679 52 1
7680 146 1
7681 52 0
7682 57 1
7683 114 0
7684 183 1
7685 69 0
7686 117 0
7687 40 1
7688 23 0
7689 191 1
7690 131 1
7691 100 1
7692 128 1
7693 15 1
7694 12 1
7695 104 0
7696 22 1
7697 124 1
7698 77 1
7699 185 0
7700 65 1
7701 95 0
7702 178 1
7703 156 1
7704 143 1
7705 14 1
7706 57 0
7707 3 0
7708 143 1
7709 30 1
7710 149 1
7711 182 1
7712 158 1
7713 185 1
7714 92 0
7715 107 1
7716 171 1
7717 80 1
7718 12 1
7719 31 1
7720 129 1
7721 103 0
7722 93 1
7723 111 0
7724 187 1
7725 132 1
7726 15 1
7727 54 0
7728 167 1
7729 21 0
7730 156 1
7731 157 0
7732 5 1
7733 29 1
7734 147 1
7735 168 0
7736 39 0
7737 137 0
7738 52 1
7739 43 1
7740 130 0
7741 188 1
7742 98 1
7743 187 0
7744 27 1
7745 71 1
7746 12 1
7747 58 1
7748 139 0
7749 97 0
7750 16 1
7751 42 1
7752 83 0
7753 56 1
7754 168 1
7755 114 0
7756 143 0
7757 51 0
7758 24 0
7759 53 0
7760 188 0
7761 170 0
7762 26 1
7763 85 1
7764 183 1
7765 125 1
7766 188 0
7767 189 1
7768 153 1
7769 146 0
7770 85 0
7771 99 1
7772 109 1
7773 144 1
7774 129 1
7775 119 1
7776 189 0
7777 191 0
7778 191 1
7779 54 0
7780 133 1
7781 120 1
7782 153 1
7783 138 1
7784 101 0
7785 107 1
7786 91 1
7787 89 0
7788 96 1
7789 7 0
7790 171 0
7791 23 1
7792 90 1
7793 56 0
7794 166 1
7795 9 0
7796 30 1
7797 167 1
7798 51 1
7799 163 1
7800 136 1
7801 78 1
7802 22 1
7803 101 1
7804 76 0
7805 85 1
7806 169 1
7807 88 1
7808 63 1
7809 88 1
7810 124 1
7811 75 1
7812 32 1
7813 78 0
7814 93 0
7815 103 1
7816 58 1
7817 130 1
7818 90 0
7819 67 0
7820 80 1
7821 87 1
7822 129 1
7823 183 1
7824 61 1
7825 96 1
7826 108 1
7827 79 1
7828 153 1
7829 92 1
7830 73 1
7831 150 0
7832 118 1
7833 79 1
7834 58 1
7835 48 1
7836 167 1
7837 61 1
7838 51 0
7839 163 1
7840 190 1
7841 37 1
7842 170 1
7843 180 0
7844 142 0
7845 49 0
7846 14 0
7847 86 1
7848 26 1
7849 80 1
7850 181 0
7851 90 0
7852 4 1
7853 125 1
7854 70 0
7855 102 0
7856 93 1
7857 172 1
7858 124 1
7859 66 1
7860 104 1
7861 28 1
7862 183 0
7863 185 0
7864 149 0
7865 33 0
7866 68 1
7867 92 0
7868 14 0
7869 62 1
7870 179 1
7871 86 1
7872 43 1
7873 81 1
7874 90 1
7875 175 1
7876 131 0
7877 181 0
7878 58 1
7879 69 1
7880 47 1
7881 145 1
7882 93 1
7883 56 0
7884 1 0
7885 126 1
7886 22 1
7887 127 1
7888 16 1
7889 101 1
7890 30 0
7891 169 1
7892 26 1
7893 87 1
7894 69 1
7895 160 1
7896 192 1
7897 166 1
7898 155 1
7899 133 0
7900 80 1
7901 12 1
7902 146 0
7903 163 1
7904 22 1
7905 71 0
7906 21 0
7907 148 0
7908 136 0
7909 66 0
7910 132 0
7911 62 0
7912 143 1
7913 156 1
7914 124 0
7915 64 0
7916 157 1
7917 108 0
7918 83 0
7919 139 1
7920 83 1
7921 93 1
7922 190 1
7923 86 0
7924 23 1
7925 79 1
7926 118 1
7927 27 1
7928 172 1
7929 40 1
7930 147 1
7931 175 1
7932 114 0
7933 87 1
7934 167 0
7935 44 1
7936 111 1
7937 95 1
7938 184 0
7939 174 1
7940 73 0
7941 104 1
7942 3 1
7943 192 1
7944 54 1
7945 83 1
7946 77 1
7947 179 1
7948 88 1
7949 130 0
7950 167 0
7951 52 1
7952 117 1
7953 125 1
7954 130 1
7955 55 0
7956 161 0
7957 134 1
7958 30 1
7959 145 1
7960 39 0
7961 154 1
7962 161 0
7963 49 1
7964 80 0
7965 117 1
7966 159 1
7967 71 1
7968 118 0
7969 57 1
7970 171 0
7971 191 1
7972 12 1
7973 43 1
7974 131 0
7975 62 1
7976 157 1
7977 156 1
7978 30 1
7979 180 1
7980 58 0
7981 32 0
7982 74 0
7983 167 0
7984 169 1
7985 52 0
7986 143 1
7987 152 1
7988 48 1
7989 5 0
7990 124 1
7991 25 0
7992 151 1
7993 146 1
7994 60 1
7995 161 1
7996 104 1
7997 75 1
7998 165 1
7999 111 0
8000 12 1
8001 88 1
8002 81 1
8003 52 1
8004 176 1
8005 178 1
8006 186 1
8007 128 1
8008 58 1
8009 65 0
8010 81 0
8011 104 1
8012 94 1
8013 39 1
8014 161 1
8015 74 1
8016 182 1
8017 69 1
8018 77 1
8019 68 0
8020 174 1
8021 100 0
8022 189 1
8023 50 1
8024 177 1
8025 39 0
8026 16 1
8027 184 1
8028 62 0
8029 43 1
8030 114 1
8031 70 0
8032 148 1
8033 106 1
8034 129 0
8035 25 1
8036 160 1
8037 16 0
8038 28 1
8039 76 0
8040 178 1
8041 138 1
8042 192 0
8043 44 1
8044 92 1
8045 151 0
8046 73 1
8047 176 0
8048 102 0
8049 186 0
8050 131 1
8051 81 1
8052 12 0
8053 121 0
8054 160 1
8055 114 0
8056 53 1
8057 78 0
8058 120 0
8059 174 0
8060 78 1
8061 26 1
8062 94 1
8063 112 1
8064 160 0
8065 167 0
8066 184 0
8067 63 1
8068 149 0
8069 105 1
8070 123 1
8071 0 0
8072 17 1
8073 162 1
8074 135 1
8075 152 1
8076 15 1
8077 38 1
8078 121 1
8079 111 1
8080 122 0
8081 181 0
8082 7 1
8083 49 0
8084 169 1
8085 140 1
8086 113 1
8087 81 1
8088 24 1
8089 136 0
8090 126 1
8091 46 1
8092 78 1
8093 56 0
8094 102 1
8095 155 1
8096 120 0
8097 144 1
8098 127 0
8099 152 1
8100 88 1
8101 7 1
8102 172 0
8103 72 0
8104 5 0
8105 30 0
8106 108 1
8107 13 0
8108 29 1
8109 60 1
8110 105 1
8111 162 1
8112 32 0
8113 27 0
8114 174 1
8115 2 1
8116 145 0
8117 137 1
8118 93 1
8119 59 0
8120 157 1
8121 164 1
8122 100 1
8123 126 1
8124 182 1
8125 0 1
8126 76 1
8127 59 1
8128 143 0
8129 136 1
8130 5 0
8131 59 1
8132 143 1
8133 13 1
8134 146 0
8135 141 1
8136 162 1
8137 115 1
8138 95 0
8139 65 0
8140 168 0
8141 111 1
8142 162 1
8143 27 1
8144 190 1
8145 103 1
8146 170 0
8147 85 1
8148 34 1
8149 162 1
8150 104 1
8151 30 1
8152 155 0
8153 8 1
8154 127 1
8155 8 1
8156 73 1
8157 86 0
8158 157 0
8159 87 0
8160 145 1
8161 154 1
8162 28 1
8163 48 1
8164 11 0
8165 176 1
8166 188 1
8167 122 0
8168 93 1
8169 73 1
8170 138 0
8171 62 1
8172 68 0
8173 186 1
8174 129 0
8175 184 1
8176 77 1
8177 137 1
8178 57 0
8179 101 1
8180 69 0
8181 118 1
8182 30 0
8183 146 0
8184 110 0
8185 18 0
8186 41 1
8187 133 1
8188 162 1
8189 141 1
8190 12 0
8191 112 1
8192 144 0
8193 62 1
8194 108 1
8195 138 1
8196 114 1
8197 175 0
8198 42 1
8199 136 0
8200 22 1
8201 75 1
8202 40 1
8203 107 0
8204 75 1
8205 102 1
8206 183 1
8207 44 0
8208 138 1
8209 9 0
8210 137 0
8211 164 1
8212 144 0
8213 136 1
8214 142 1
8215 80 1
8216 39 1
8217 95 1
8218 38 0
8219 84 1
8220 60 1
8221 6 1
8222 141 0
8223 116 1
8224 24 1
8225 71 1
8226 14 1
8227 153 0
8228 122 1
8229 85 1
8230 108 0
8231 102 1
8232 189 1
8233 30 0
8234 140 0
8235 81 0
8236 41 0
8237 183 1
8238 6 1
8239 135 1
8240 166 0
8241 126 0
8242 182 1
8243 78 0
8244 48 1
8245 48 1
8246 69 1
8247 173 1
8248 154 1
8249 160 0
8250 57 0
8251 169 0
8252 68 0
8253 82 1
8254 70 1
8255 39 0
8256 164 1
8257 156 1
8258 118 1
8259 3 0
8260 139 1
8261 191 1
8262 136 0
8263 141 1
8264 179 0
8265 64 1
8266 154 0
8267 9 0
8268 132 1
8269 37 1
8270 115 1
8271 113 0
8272 109 0
8273 106 1
8274 50 1
8275 1 0
8276 28 1
8277 138 1
8278 169 1
8279 128 1
8280 192 1
8281 132 1
8282 166 1
8283 48 1
8284 167 0
8285 175 0
8286 157 0
8287 42 1
8288 169 0
8289 101 1
8290 125 1
8291 149 1
8292 102 1
8293 186 1
8294 178 0
8295 166 0
8296 182 1
8297 130 0
8298 114 1
8299 127 1
8300 132 0
8301 44 1
8302 8 0
8303 36 0
8304 103 1
8305 5 1
8306 47 1
8307 57 1
8308 182 1
8309 94 1
8310 38 1
8311 17 0
8312 167 1
8313 177 1
8314 1 1
8315 109 1
8316 152 1
8317 97 1
8318 108 1
8319 139 1
8320 78 0
8321 181 1
8322 106 0
8323 142 1
8324 89 1
8325 1 0
8326 171 0
8327 22 1
8328 35 1
8329 38 0
8330 49 0
8331 103 1
8332 169 0
8333 101 0
8334 141 0
8335 35 0
8336 192 1
8337 18 1
8338 128 0
8339 66 1
8340 136 0
8341 86 1
8342 21 0
8343 193 0
8344 48 0
8345 26 1
8346 53 1
8347 39 1
8348 136 1
8349 173 1
8350 121 0
8351 170 1
8352 99 0
8353 91 1
8354 88 1
8355 186 1
8356 160 1
8357 13 0
8358 54 1
8359 105 0
8360 111 0
8361 68 1
8362 66 1
8363 188 1
8364 181 1
8365 154 1
8366 51 1
8367 96 1
8368 187 1
8369 118 1
8370 20 0
8371 109 0
8372 184 1
8373 101 1
8374 68 1
8375 15 1
8376 77 1
8377 18 1
8378 124 1
8379 20 0
8380 114 1
8381 155 1
8382 174 1
8383 56 1
8384 113 1
8385 117 1
8386 87 1
8387 53 0
8388 88 1
8389 56 1
8390 34 1
8391 10 0
8392 23 1
8393 189 0
8394 168 1
8395 0 1
8396 58 1
8397 60 1
8398 80 1
8399 74 0
8400 159 0
8401 67 1
8402 158 0
8403 129 1
8404 15 0
8405 77 1
8406 126 0
8407 95 0
8408 177 1
8409 165 1
8410 168 1
8411 46 1
8412 188 0
8413 5 0
8414 91 1
8415 9 1
8416 10 1
8417 42 1
8418 3 1
8419 155 1
8420 32 1
8421 3 1
8422 187 1
8423 175 1
8424 123 1
8425 61 1
8426 52 1
8427 63 0
8428 83 0
8429 56 0
8430 15 1
8431 99 1
8432 141 0
8433 128 1
8434 53 1
8435 32 0
8436 123 0
8437 111 1
8438 1 1
8439 26 0
8440 108 0
8441 155 0
8442 64 1
8443 141 1
8444 155 1
8445 123 0
8446 2 1
8447 3 0
8448 104 1
8449 157 1
8450 23 1
8451 111 1
8452 26 1
8453 3 1
8454 183 0
8455 86 1
8456 179 1
8457 192 1
8458 134 1
8459 64 1
8460 77 1
8461 7 1
8462 150 0
8463 91 0
8464 9 1
8465 86 1
8466 111 1
8467 113 1
8468 27 1
8469 99 0
8470 13 1
8471 48 1
8472 100 1
8473 110 1
8474 54 0
8475 71 1
8476 103 1
8477 78 1
8478 22 1
8479 182 1
8480 158 1
8481 126 0
8482 73 0
8483 81 0
8484 95 1
8485 51 1
8486 105 0
8487 103 0
8488 14 0
8489 181 0
8490 129 0
8491 67 0
8492 70 1
8493 159 1
8494 56 1
8495 57 1
8496 89 0
8497 158 1
8498 162 1
8499 3 0
8500 32 1
8501 168 0
8502 22 1
8503 84 1
8504 31 0
8505 167 0
8506 63 1
8507 66 0
8508 121 1
8509 159 1
8510 175 1
8511 3 1
8512 74 1
8513 167 1
8514 142 1
8515 168 1
8516 159 1
8517 180 1
8518 153 1
8519 152 0
8520 9 1
8521 85 1
8522 101 0
8523 73 1
8524 180 0
8525 11 1
8526 123 1
8527 166 1
8528 44 1
8529 107 1
8530 178 1
8531 35 0
8532 91 1
8533 65 1
8534 154 0
8535 170 1
8536 83 1
8537 104 1
8538 15 1
8539 146 1
8540 84 0
8541 97 1
8542 40 1
8543 78 0
8544 77 0
8545 139 1
8546 135 0
8547 139 1
8548 129 0
8549 17 1
8550 96 0
8551 121 1
8552 183 1
8553 38 1
8554 76 0
8555 134 1
8556 16 1
8557 41 1
8558 168 0
8559 8 0
8560 107 1
8561 176 1
8562 127 0
8563 80 0
8564 0 1
8565 20 1
8566 25 1
8567 143 1
8568 40 1
8569 147 1
8570 106 0
8571 145 0
8572 186 0
8573 46 1
8574 108 1
8575 80 0
8576 8 0
8577 3 0
8578 118 1
8579 66 1
8580 116 1
8581 148 1
8582 162 1
8583 24 1
8584 19 1
8585 188 1
8586 126 0
8587 115 1
8588 128 0
8589 146 1
8590 149 1
8591 192 0
8592 29 1
8593 161 0
8594 20 1
8595 5 0
8596 54 1
8597 79 1
8598 119 1
8599 94 1
8600 14 1
8601 131 0
8602 29 1
8603 126 1
8604 81 1
8605 135 0
8606 46 1
8607 62 1
8608 3 0
8609 91 1
8610 124 1
8611 155 0
8612 118 1
8613 70 0
8614 144 1
8615 49 1
8616 120 1
8617 101 1
8618 100 1
8619 113 0
8620 175 1
8621 85 1
8622 184 1
8623 164 1
8624 172 1
8625 79 0
8626 92 1
8627 22 1
8628 15 1
8629 121 1
8630 190 1
8631 121 1
8632 90 1
8633 71 0
8634 190 1
8635 111 1
8636 107 1
8637 132 1
8638 146 1
8639 153 1
8640 98 1
8641 161 0
8642 140 1
8643 74 1
8644 15 1
8645 184 0
8646 105 0
8647 127 1
8648 139 0
8649 191 0
8650 124 1
8651 47 0
8652 107 0
8653 69 1
8654 23 0
8655 117 0
8656 0 0
8657 180 0
8658 136 1
8659 36 0
8660 190 1
8661 163 0
8662 71 1
8663 103 0
8664 36 1
8665 21 0
8666 77 1
8667 65 1
8668 182 1
8669 177 1
8670 96 0
8671 67 0
8672 53 0
8673 105 0
8674 47 1
8675 82 1
8676 36 0
8677 145 1
8678 16 1
8679 58 0
8680 22 1
8681 80 1
8682 82 1
8683 23 1
8684 20 1
8685 16 1
8686 169 0
8687 15 0
8688 4 1
8689 86 1
8690 130 0
8691 95 1
8692 22 1
8693 13 1
8694 162 0
8695 153 0
8696 19 1
8697 90 0
8698 119 1
8699 106 0
8700 116 1
8701 125 1
8702 139 0
8703 181 1
8704 1 1
8705 128 0
8706 44 1
8707 37 0
8708 137 1
8709 39 1
8710 184 1
8711 96 1
8712 165 0
8713 45 1
8714 101 1
8715 37 1
8716 79 0
8717 48 1
8718 42 1
8719 35 1
8720 172 1
8721 108 1
8722 127 1
8723 23 1
8724 64 1
8725 176 1
8726 188 0
8727 192 0
8728 132 1
8729 56 0
8730 129 0
8731 191 0
8732 123 1
8733 101 0
8734 16 1
8735 77 1
8736 107 1
8737 78 1
8738 5 0
8739 45 0
8740 31 0
8741 186 0
8742 40 0
8743 119 1
8744 162 1
8745 81 1
8746 137 0
8747 175 1
8748 58 0
8749 100 0
8750 153 1
8751 2 1
8752 38 0
8753 169 0
8754 178 1
8755 175 0
8756 176 0
8757 169 1
8758 91 0
8759 64 0
8760 138 1
8761 26 1
8762 157 1
8763 15 0
8764 23 0
8765 30 0
8766 162 1
8767 45 1
8768 110 1
8769 45 0
8770 169 1
8771 110 1
8772 61 1
8773 108 0
8774 48 1
8775 147 1
8776 185 1
8777 7 1
8778 48 1
8779 105 1
8780 7 0
8781 116 1
8782 36 1
8783 43 1
8784 50 1
8785 175 0
8786 177 0
8787 177 0
8788 45 0
8789 131 1
8790 4 0
8791 20 0
8792 125 1
8793 78 1
8794 113 1
8795 179 1
8796 121 1
8797 157 0
8798 65 1
8799 172 1
8800 156 1
8801 141 1
8802 178 1
8803 118 0
8804 84 0
8805 58 0
8806 74 1
8807 17 0
8808 168 0
8809 113 0
8810 81 0
8811 75 0
8812 1 0
8813 100 0
8814 172 1
8815 183 1
8816 165 1
8817 14 1
8818 123 1
8819 113 1
8820 188 0
8821 35 1
8822 52 1
8823 7 1
8824 16 1
8825 176 1
8826 152 0
8827 168 0
8828 30 1
8829 155 1
8830 86 0
8831 77 1
8832 14 1
8833 141 1
8834 158 1
8835 84 1
8836 100 1
8837 154 1
8838 40 1
8839 46 1
8840 22 1
8841 22 0
8842 20 1
8843 3 1
8844 5 0
8845 186 1
8846 42 0
8847 17 0
8848 30 1
8849 190 1
8850 87 1
8851 81 1
8852 134 1
8853 13 1
8854 71 1
8855 164 0
8856 22 0
8857 71 1
8858 52 1
8859 154 0
8860 100 0
8861 17 1
8862 150 1
8863 0 0
8864 127 1
8865 109 1
8866 77 1
8867 75 1
8868 99 1
8869 59 0
8870 82 1
8871 5 0
8872 84 0
8873 14 0
8874 18 1
8875 0 1
8876 54 1
8877 0 1
8878 180 1
8879 59 0
8880 191 0
8881 130 1
8882 98 0
8883 87 0
8884 34 0
8885 109 1
8886 109 0
8887 22 1
8888 124 0
8889 136 0
8890 10 1
8891 0 1
8892 22 1
8893 138 0
8894 128 1
8895 118 0
8896 106 0
8897 1 0
8898 1 0
8899 142 1
8900 168 1
8901 20 0
8902 105 1
8903 18 1
8904 13 0
8905 111 1
8906 159 1
8907 150 0
8908 173 1
8909 185 1
8910 32 0
8911 101 1
8912 99 1
8913 82 0
8914 59 1
8915 69 0
8916 88 0
8917 52 0
8918 0 0
8919 163 1
8920 158 0
8921 98 0
8922 188 1
8923 172 0
8924 83 1
8925 16 1
8926 14 1
8927 59 0
8928 88 1
8929 19 1
8930 107 1
8931 116 0
8932 46 0
8933 129 1
8934 172 0
8935 187 0
8936 176 1
8937 128 0
8938 80 1
8939 144 1
8940 10 1
8941 19 1
8942 146 0
8943 137 1
8944 155 0
8945 122 1
8946 113 1
8947 3 1
8948 80 1
8949 139 1
8950 100 1
8951 63 1
8952 91 1
8953 58 1
8954 103 1
8955 10 1
8956 37 1
8957 72 0
8958 108 1
8959 158 0
8960 106 0
8961 5 1
8962 193 0
8963 118 0
8964 10 1
8965 6 0
8966 63 1
8967 126 1
8968 66 1
8969 1 1
8970 61 1
8971 151 0
8972 40 0
8973 22 0
8974 46 1
8975 86 1
8976 7 1
8977 46 0
8978 35 0
8979 19 1
8980 162 1
8981 89 0
8982 28 0
8983 120 1
8984 7 1
8985 132 1
8986 132 1
8987 36 1
8988 119 1
8989 190 1
8990 107 1
8991 186 0
8992 42 1
8993 54 1
8994 136 0
8995 184 0
8996 161 1
8997 70 0
8998 162 1
8999 24 1
9000 52 1
9001 173 1
9002 51 1
9003 31 0
9004 135 1
9005 10 0
9006 44 0
9007 162 1
9008 102 1
9009 32 1
9010 158 1
9011 83 0
9012 36 0
9013 54 1
9014 84 1
9015 42 1
9016 168 1
9017 188 0
9018 164 0
9019 65 0
9020 53 1
9021 154 0
9022 140 0
9023 52 0
9024 141 1
9025 155 1
9026 106 0
9027 98 1
9028 66 1
9029 15 1
9030 165 1
9031 154 0
9032 13 1
9033 100 1
9034 109 1
9035 151 1
9036 108 1
9037 128 1
9038 103 0
9039 165 1
9040 70 0
9041 24 0
9042 167 1
9043 187 1
9044 15 1
9045 186 1
