1294
1 256 1
2 82 1
3 157 1
4 198 1
5 241 1
6 250 0
7 4 1
8 196 1
9 36 0
10 37 1
11 203 0
12 198 1
13 5 1
14 55 1
15 82 1
16 168 1
17 243 0
18 30 1
19 70 1
20 37 1
21 102 1
22 14 1
23 31 1
24 65 0
25 15 1
26 271 1
27 134 1
28 198 1
29 32 0
30 10 1
31 132 1
32 180 1
33 173 1
34 102 0
35 182 1
36 171 0
37 171 1
38 135 1
39 140 0
40 14 0
41 192 0
42 119 0
43 81 0
44 65 1
45 169 1
46 228 0
47 126 1
48 148 0
49 90 1
50 14 1
51 7 1
52 28 1
53 243 0
54 125 0
55 252 1
56 155 1
57 23 1
58 97 1
59 62 1
60 218 0
61 255 1
62 4 0
63 53 1
64 152 0
65 19 0
66 31 0
67 96 0
68 77 1
69 239 1
70 194 0
71 213 1
72 263 1
73 95 1
74 213 0
75 122 1
76 261 0
77 221 1
78 229 1
79 33 1
80 161 1
81 148 0
82 224 0
83 269 1
84 55 0
85 247 1
86 199 1
87 197 0
88 168 1
89 148 1
90 49 1
91 11 1
92 118 1
93 191 1
94 106 0
95 184 1
96 4 1
97 205 1
98 47 1
99 129 1
100 36 1
101 223 1
102 163 1
103 23 0
104 184 1
105 184 1
106 186 1
107 159 1
108 27 0
109 252 0
110 29 0
111 146 0
112 239 1
113 6 1
114 23 1
115 133 0
116 257 0
117 167 1
118 120 0
119 223 0
120 107 0
121 9 1
122 201 0
123 197 1
124 118 1
125 235 1
126 211 1
127 198 1
128 203 0
129 80 1
130 84 1
131 158 1
132 40 0
133 233 1
134 261 1
135 65 1
136 189 1
137 260 0
138 115 1
139 218 1
140 233 1
141 253 1
142 32 1
143 93 1
144 110 1
145 61 1
146 258 0
147 135 1
148 16 0
149 59 1
150 150 1
151 116 1
152 198 0
153 55 1
154 33 1
155 147 0
156 53 1
157 37 1
158 33 1
159 65 1
160 176 0
161 81 1
162 90 0
163 205 0
164 55 1
165 128 1
166 115 1
167 143 1
168 237 1
169 98 0
170 217 1
171 136 1
172 245 1
173 100 1
174 176 1
175 165 1
176 164 0
177 114 1
178 79 1
179 233 0
180 182 1
181 212 1
182 221 0
183 81 1
184 25 1
185 55 1
186 169 1
187 257 1
188 92 1
189 163 0
190 250 1
191 220 1
192 46 1
193 268 1
194 124 1
195 131 1
196 60 0
197 202 0
198 170 1
199 67 0
200 63 1
201 37 1
202 186 1
203 246 0
204 105 1
205 17 1
206 64 1
207 242 1
208 171 1
209 252 1
210 210 0
211 201 1
212 53 1
213 151 1
214 142 1
215 17 0
216 85 0
217 36 0
218 220 1
219 20 1
220 18 1
221 153 0
222 147 1
223 209 1
224 103 1
225 86 1
226 170 0
227 183 0
228 145 1
229 173 1
230 24 1
231 236 1
232 117 1
233 269 1
234 26 0
235 263 0
236 198 1
237 143 0
238 9 0
239 136 1
240 139 1
241 25 1
242 236 0
243 132 0
244 13 1
245 140 0
246 96 1
247 163 1
248 266 1
249 150 1
250 47 1
251 81 1
252 27 1
253 191 1
254 48 0
255 21 0
256 3 0
257 96 1
258 271 1
259 92 1
260 134 0
261 194 1
262 226 1
263 42 1
264 261 1
265 110 1
266 205 1
267 25 0
268 160 1
269 141 1
270 142 0
271 139 0
272 97 0
273 1 1
274 209 1
275 252 1
276 70 1
277 44 0
278 146 0
279 114 0
280 151 0
281 187 1
282 160 1
283 189 1
284 28 1
285 272 1
286 109 0
287 60 0
288 264 1
289 29 0
290 26 1
291 142 1
292 198 1
293 265 1
294 144 1
295 223 1
296 76 0
297 252 1
298 221 1
299 28 0
300 114 1
301 19 1
302 55 1
303 157 1
304 157 0
305 118 0
306 211 1
307 152 1
308 190 0
309 96 0
310 269 0
311 230 0
312 55 1
313 52 0
314 266 1
315 125 1
316 125 1
317 58 0
318 112 0
319 99 0
320 145 1
321 52 0
322 222 1
323 108 1
324 93 1
325 73 1
326 123 0
327 33 0
328 256 0
329 199 1
330 183 1
331 229 1
332 85 0
333 233 1
334 246 1
335 66 0
336 20 1
337 90 1
338 195 1
339 109 0
340 146 0
341 250 0
342 85 1
343 47 1
344 113 1
345 190 1
346 42 0
347 204 1
348 177 1
349 53 1
350 95 1
351 12 1
352 110 1
353 230 1
354 44 0
355 192 1
356 266 1
357 59 1
358 52 0
359 18 1
360 96 0
361 206 0
362 98 1
363 267 1
364 174 0
365 24 1
366 183 1
367 130 0
368 10 0
369 197 0
370 26 0
371 245 1
372 158 0
373 242 0
374 9 0
375 120 1
376 213 1
377 116 0
378 63 1
379 186 1
380 46 1
381 252 0
382 119 1
383 122 1
384 196 1
385 56 1
386 181 1
387 113 1
388 204 0
389 149 0
390 87 0
391 62 1
392 66 0
393 82 0
394 33 1
395 240 1
396 223 0
397 182 1
398 72 0
399 70 1
400 95 1
401 90 1
402 171 0
403 215 0
404 30 1
405 59 1
406 232 1
407 16 1
408 173 0
409 27 1
410 239 0
411 30 1
412 102 1
413 130 0
414 261 1
415 170 0
416 71 1
417 104 1
418 207 1
419 217 0
420 9 1
421 226 0
422 270 1
423 10 1
424 68 0
425 121 1
426 49 1
427 95 1
428 236 1
429 198 1
430 169 1
431 196 1
432 99 1
433 210 0
434 218 1
435 15 1
436 29 1
437 212 1
438 83 0
439 69 1
440 133 1
441 57 1
442 214 0
443 78 0
444 121 0
445 17 0
446 244 0
447 130 1
448 241 1
449 122 0
450 93 0
451 158 0
452 123 1
453 22 1
454 192 1
455 85 1
456 154 1
457 252 0
458 184 1
459 16 1
460 78 0
461 196 0
462 246 0
463 138 0
464 266 0
465 145 1
466 141 1
467 226 0
468 272 1
469 199 1
470 212 1
471 116 1
472 43 1
473 60 1
474 42 1
475 133 1
476 126 1
477 42 0
478 254 1
479 58 1
480 39 1
481 78 0
482 250 1
483 173 0
484 152 1
485 40 1
486 127 1
487 184 0
488 269 1
489 126 1
490 209 1
491 31 1
492 187 0
493 161 1
494 126 0
495 160 1
496 166 1
497 218 1
498 13 1
499 265 1
500 89 1
501 256 0
502 61 1
503 260 0
504 27 1
505 113 1
506 244 1
507 25 0
508 235 0
509 215 0
510 150 1
511 125 1
512 84 1
513 204 1
514 61 1
515 263 1
516 101 0
517 112 1
518 158 1
519 92 1
520 212 0
521 21 0
522 94 0
523 85 0
524 251 0
525 161 1
526 2 1
527 189 1
528 102 1
529 56 1
530 189 0
531 58 1
532 38 0
533 52 1
534 269 0
535 126 0
536 94 0
537 135 0
538 212 1
539 117 1
540 265 1
541 190 0
542 165 1
543 242 1
544 100 1
545 174 0
546 90 0
547 179 1
548 2 1
549 68 1
550 247 1
551 224 0
552 87 1
553 130 1
554 196 1
555 88 1
556 270 0
557 71 0
558 112 0
559 173 0
560 67 0
561 101 1
562 180 1
563 157 1
564 110 0
565 198 1
566 164 1
567 170 1
568 109 1
569 21 1
570 164 1
571 238 1
572 260 1
573 68 0
574 77 1
575 56 1
576 60 0
577 173 0
578 181 1
579 167 1
580 27 1
581 264 1
582 114 0
583 59 1
584 206 1
585 0 1
586 207 1
587 131 1
588 146 0
589 37 1
590 184 1
591 240 1
592 267 1
593 229 0
594 215 0
595 82 1
596 88 1
597 178 0
598 108 0
599 170 1
600 189 0
601 139 1
602 7 1
603 189 1
604 68 1
605 249 1
606 64 1
607 96 1
608 102 1
609 123 0
610 193 0
611 159 1
612 152 0
613 228 0
614 173 1
615 173 1
616 167 0
617 85 0
618 181 0
619 199 1
620 117 1
621 101 0
622 137 0
623 258 1
624 122 1
625 10 1
626 186 0
627 196 0
628 250 1
629 197 1
630 148 1
631 112 1
632 9 0
633 88 1
634 215 1
635 39 1
636 80 1
637 259 1
638 210 1
639 183 1
640 224 0
641 247 0
642 107 0
643 220 0
644 194 0
645 235 0
646 260 1
647 129 1
648 15 1
649 59 0
650 250 1
651 162 1
652 239 1
653 146 1
654 264 1
655 108 0
656 266 0
657 98 0
658 125 1
659 57 0
660 207 1
661 134 1
662 110 1
663 191 1
664 225 1
665 227 1
666 221 0
667 3 1
668 137 1
669 236 1
670 77 0
671 89 0
672 26 0
673 43 1
674 104 0
675 87 1
676 136 0
677 105 1
678 229 1
679 243 0
680 18 1
681 256 1
682 187 1
683 26 1
684 8 1
685 69 1
686 206 0
687 28 1
688 217 1
689 128 0
690 44 0
691 233 1
692 36 1
693 26 0
694 234 1
695 173 1
696 67 1
697 218 0
698 15 1
699 194 1
700 107 0
701 253 1
702 149 1
703 17 1
704 226 1
705 15 1
706 232 1
707 195 1
708 185 1
709 132 1
710 236 1
711 125 1
712 206 1
713 28 1
714 60 1
715 116 1
716 213 0
717 224 1
718 123 0
719 56 1
720 130 1
721 90 0
722 191 0
723 230 1
724 252 1
725 122 1
726 140 0
727 262 1
728 62 0
729 167 0
730 111 1
731 178 1
732 124 1
733 159 0
734 115 1
735 195 1
736 158 1
737 208 1
738 188 0
739 51 1
740 127 0
741 126 1
742 20 1
743 213 1
744 4 1
745 222 1
746 134 1
747 184 1
748 129 1
749 105 0
750 157 1
751 90 0
752 58 0
753 263 0
754 62 1
755 12 0
756 215 0
757 201 1
758 125 1
759 62 0
760 265 0
761 133 0
762 10 1
763 258 0
764 260 0
765 129 0
766 263 1
767 187 1
768 261 0
769 21 0
770 92 0
771 257 1
772 188 1
773 159 0
774 71 0
775 186 1
776 104 1
777 208 0
778 237 1
779 271 1
780 155 1
781 241 1
782 90 0
783 66 0
784 78 0
785 1 1
786 10 0
787 93 1
788 43 1
789 239 1
790 200 1
791 196 0
792 217 1
793 163 0
794 68 0
795 149 1
796 161 1
797 241 1
798 18 1
799 57 1
800 12 1
801 10 0
802 188 0
803 221 1
804 228 1
805 91 0
806 230 0
807 204 1
808 162 1
809 227 1
810 127 1
811 52 1
812 238 0
813 267 0
814 73 1
815 224 0
816 109 1
817 252 1
818 227 0
819 128 0
820 5 0
821 81 1
822 250 1
823 136 1
824 123 1
825 96 1
826 82 1
827 266 1
828 42 0
829 31 1
830 183 1
831 217 1
832 106 1
833 61 0
834 141 1
835 259 1
836 153 1
837 253 1
838 97 1
839 142 1
840 223 1
841 71 1
842 131 0
843 226 1
844 69 1
845 32 1
846 257 1
847 144 1
848 190 1
849 168 1
850 266 1
851 222 0
852 240 0
853 149 1
854 191 1
855 29 1
856 0 0
857 191 1
858 182 1
859 177 1
860 1 1
861 247 0
862 203 1
863 238 1
864 195 1
865 51 1
866 161 0
867 224 1
868 74 0
869 209 1
870 135 1
871 151 1
872 211 1
873 140 1
874 86 1
875 115 0
876 126 1
877 89 0
878 80 1
879 49 0
880 61 1
881 81 1
882 117 1
883 94 0
884 5 0
885 201 0
886 141 0
887 148 1
888 166 1
889 217 1
890 77 1
891 83 1
892 167 0
893 4 0
894 244 1
895 267 0
896 171 1
897 271 1
898 125 1
899 97 1
900 140 0
901 14 1
902 122 0
903 233 0
904 195 1
905 11 0
906 255 1
907 75 1
908 155 1
909 268 0
910 5 1
911 31 1
912 227 0
913 210 1
914 139 0
915 81 1
916 76 1
917 160 1
918 3 0
919 230 1
920 42 1
921 198 1
922 224 1
923 45 1
924 224 1
925 234 1
926 193 1
927 151 1
928 39 1
929 99 1
930 139 0
931 202 0
932 148 1
933 13 1
934 99 0
935 222 1
936 229 1
937 38 0
938 164 1
939 159 1
940 13 1
941 89 1
942 130 1
943 226 1
944 72 1
945 92 0
946 104 0
947 26 1
948 0 1
949 148 1
950 171 1
951 241 1
952 261 1
953 52 1
954 106 1
955 140 1
956 204 1
957 198 1
958 214 0
959 102 0
960 220 0
961 97 1
962 234 0
963 49 1
964 51 1
965 206 0
966 39 1
967 94 0
968 197 0
969 52 1
970 84 1
971 39 1
972 20 0
973 76 1
974 133 1
975 120 1
976 246 0
977 5 0
978 84 0
979 185 0
980 268 0
981 101 1
982 164 0
983 207 1
984 68 1
985 8 1
986 178 1
987 40 0
988 157 0
989 177 1
990 168 0
991 244 0
992 113 0
993 92 1
994 30 0
995 221 0
996 268 0
997 205 0
998 245 0
999 137 1
1000 125 0
1001 65 0
1002 209 1
1003 245 1
1004 95 1
1005 257 0
1006 45 1
1007 3 1
1008 76 0
1009 244 1
1010 244 1
1011 148 1
1012 242 1
1013 143 0
1014 91 0
1015 126 0
1016 24 1
1017 263 1
1018 170 1
1019 199 1
1020 129 1
1021 255 0
1022 155 1
1023 77 1
1024 97 1
1025 81 1
1026 113 1
1027 52 1
1028 37 1
1029 40 0
1030 74 1
1031 217 0
1032 103 1
1033 203 1
1034 43 0
1035 265 0
1036 202 1
1037 219 1
1038 249 0
1039 188 0
1040 90 1
1041 158 1
1042 227 1
1043 30 0
1044 149 1
1045 265 1
1046 254 1
1047 65 0
1048 17 0
1049 84 1
1050 15 1
1051 249 1
1052 67 1
1053 29 1
1054 92 0
1055 133 0
1056 87 1
1057 257 1
1058 246 1
1059 49 1
1060 102 1
1061 235 1
1062 269 1
1063 40 0
1064 41 1
1065 90 1
1066 90 0
1067 145 0
1068 134 1
1069 73 1
1070 137 1
1071 7 1
1072 97 1
1073 137 1
1074 23 1
1075 83 1
1076 100 1
1077 81 0
1078 73 1
1079 126 1
1080 134 1
1081 187 0
1082 27 1
1083 254 0
1084 107 1
1085 260 0
1086 132 1
1087 195 1
1088 3 1
1089 45 1
1090 262 0
1091 24 1
1092 173 0
1093 203 1
1094 243 1
1095 105 0
1096 145 1
1097 201 1
1098 225 1
1099 206 0
1100 108 0
1101 30 0
1102 204 1
1103 70 1
1104 28 1
1105 107 1
1106 115 0
1107 252 1
1108 109 1
1109 6 1
1110 112 1
1111 201 1
1112 21 1
1113 29 0
1114 56 1
1115 177 1
1116 172 0
1117 150 1
1118 176 1
1119 183 1
1120 79 1
1121 93 0
1122 21 1
1123 226 1
1124 128 0
1125 226 1
1126 234 1
1127 96 0
1128 29 1
1129 228 1
1130 249 1
1131 139 1
1132 211 1
1133 124 0
1134 108 1
1135 190 1
1136 69 0
1137 125 1
1138 100 1
1139 237 0
1140 184 1
1141 212 1
1142 217 1
1143 127 0
1144 178 1
1145 221 1
1146 231 1
1147 175 0
1148 249 1
1149 155 1
1150 78 1
1151 16 0
1152 227 0
1153 254 0
1154 92 1
1155 27 1
1156 7 1
1157 165 1
1158 148 1
1159 215 1
1160 118 1
1161 80 0
1162 268 0
1163 117 1
1164 26 1
1165 72 1
1166 216 1
1167 268 1
1168 247 1
1169 243 1
1170 66 1
1171 87 1
1172 109 1
1173 43 1
1174 16 1
1175 55 1
1176 166 0
1177 228 0
1178 135 1
1179 4 0
1180 217 0
1181 10 1
1182 182 1
1183 203 1
1184 144 0
1185 111 1
1186 43 0
1187 29 1
1188 195 1
1189 9 0
1190 202 1
1191 89 1
1192 216 1
1193 128 0
1194 262 1
1195 258 0
1196 226 1
1197 238 1
1198 163 0
1199 180 1
1200 214 0
1201 118 0
1202 89 1
1203 137 1
1204 219 0
1205 94 0
1206 227 0
1207 116 1
1208 228 0
1209 266 1
1210 121 0
1211 167 1
1212 264 1
1213 226 1
1214 173 0
1215 61 0
1216 23 1
1217 99 0
1218 198 1
1219 268 1
1220 271 0
1221 37 0
1222 0 1
1223 140 0
1224 13 1
1225 61 1
1226 257 1
1227 225 1
1228 232 1
1229 146 0
1230 55 1
1231 120 1
1232 131 1
1233 63 1
1234 72 0
1235 218 1
1236 20 0
1237 168 1
1238 24 1
1239 137 0
1240 40 0
1241 44 0
1242 25 1
1243 16 1
1244 192 1
1245 263 0
1246 115 1
1247 199 1
1248 73 1
1249 30 1
1250 65 0
1251 88 1
1252 120 1
1253 268 1
1254 35 1
1255 55 0
1256 75 0
1257 117 1
1258 241 1
1259 103 1
1260 168 1
1261 8 1
1262 220 0
1263 257 1
1264 213 1
1265 183 1
1266 152 1
1267 109 1
1268 271 0
1269 17 1
1270 254 0
1271 253 0
1272 43 0
1273 30 1
1274 103 1
1275 190 1
1276 98 1
1277 26 1
1278 4 1
1279 82 0
1280 41 0
1281 240 1
1282 135 0
1283 66 1
1284 198 1
1285 38 0
1286 27 1
1287 108 0
1288 261 0
1289 227 0
1290 15 1
1291 235 0
1292 214 1
1293 175 1
1294 15 0
