62
1 96 0
2 25 0
3 90 1
4 82 1
5 86 1
6 47 0
7 89 1
8 81 0
9 141 0
10 131 1
11 63 0
12 49 1
13 75 1
14 88 1
15 60 1
16 132 1
17 138 0
18 137 0
19 121 1
20 72 1
21 83 1
22 9 1
23 132 0
24 49 1
25 40 1
26 11 0
27 100 1
28 48 1
29 0 0
30 1 1
31 105 1
32 72 1
33 130 1
34 29 1
35 122 1
36 0 1
37 60 1
38 72 0
39 84 0
40 15 1
41 133 1
42 68 0
43 79 1
44 111 1
45 99 1
46 140 1
47 93 1
48 142 1
49 116 1
50 24 0
51 105 1
52 138 0
53 26 0
54 52 1
55 17 1
56 66 1
57 85 0
58 86 1
59 89 0
60 99 0
61 4 0
62 87 1
