84 55
84 87 78 16 94 36 87 93 50 22 63 28 91 60 64 27 41 27 73 37 12 69 68 30 83 31 63 24 68 36 30 3 23 59 70 68 94 57 12 43 30 74 22 20 85 38 99 25 16 71 14 27 92 81 57 74 63 71 97 82 6 26 85 28 37 6 47 30 14 58 25 96 83 46 15 68 35 65 44 51 88 9 77 79
1 61
2 24 51
2 13 61
1 1
2 47 65
1 19
2 40 71
1 71
2 34 78
1 46
1 77
1 26
1 63
2 22 42
1 72
1 46
2 26 46
2 46 48
2 20 40
1 6
2 78 79
1 72
2 29 69
2 33 54
2 12 67
1 53
2 10 53
1 12
1 62
1 76
2 12 36
1 45
1 14
1 50
1 27
1 61
1 60
1 64
2 2 60
2 17 29
2 77 78
2 24 55
2 15 80
2 16 26
2 39 69
2 4 61
2 21 77
2 42 80
1 15
1 5
1 1
1 70
2 49 54
1 64
1 72
