56 86
84 87 78 16 94 36 87 93 50 22 63 28 91 60 64 27 41 27 73 37 12 69 68 30 83 31 63 24 68 36 30 3 23 59 70 68 94 57 12 43 30 74 22 20 85 38 99 25 16 71 14 27 92 81 57 74
1 19
1 18
2 5 14
2 25 34
1 26
2 13 50
2 18 31
1 24
1 29
2 8 15
1 13
1 5
1 36
2 16 51
1 5
1 1
2 19 37
1 47
2 12 43
1 43
2 34 50
1 46
1 21
1 54
1 7
2 42 50
1 44
1 18
2 18 54
2 18 20
2 40 48
1 34
2 22 51
1 44
2 1 41
2 5 54
2 12 39
1 53
2 38 53
1 12
1 6
1 20
2 12 36
1 45
1 42
1 50
1 27
1 5
1 4
1 8
2 4 30
2 1 17
2 21 22
2 24 27
2 43 52
2 44 54
2 11 13
2 4 33
2 21 49
2 14 52
1 15
1 33
1 1
1 42
2 21 54
1 8
1 16
1 28
1 30
1 7
2 51 52
1 54
1 47
1 6
2 21 36
1 52
1 45
2 48 51
1 13
1 16
1 22
2 3 30
1 50
1 25
1 43
1 26
