47 71
84 87 78 16 94 36 87 93 50 22 63 28 91 60 64 27 41 27 73 37 12 69 68 30 83 31 63 24 68 36 30 3 23 59 70 68 94 57 12 43 30 74 22 20 85 38 99
1 10
1 45
1 2
1 36
2 43 46
1 42
2 19 33
2 4 23
1 26
2 37 38
2 16 17
1 23
1 40
2 4 15
1 11
1 21
1 5
2 23 43
1 28
1 22
2 5 15
1 20
2 35 40
1 9
2 10 10
1 28
1 2
1 24
1 40
2 16 44
1 38
1 8
2 11 29
2 4 12
2 2 34
1 36
2 19 26
1 35
2 11 32
2 8 46
2 30 39
1 35
2 6 34
1 9
1 41
1 24
2 26 26
1 44
1 33
1 11
1 10
1 5
1 32
1 27
2 20 35
2 8 14
2 39 47
2 12 41
2 35 46
2 13 16
2 27 32
2 21 42
2 4 16
2 33 47
1 12
1 4
1 38
1 8
2 10 43
1 15
1 7
