62 99
84 87 78 16 94 36 87 93 50 22 63 28 91 60 64 27 41 27 73 37 12 69 68 30 83 31 63 24 68 36 30 3 23 59 70 68 94 57 12 43 30 74 22 20 85 38 99 25 16 71 14 27 92 81 57 74 63 71 97 82 6 26
1 36
1 50
1 34
2 19 26
2 16 23
1 58
1 47
2 1 8
1 3
1 51
1 20
2 1 60
1 1
1 33
2 19 19
1 51
2 5 20
1 43
2 16 36
1 60
1 27
1 28
1 1
2 20 28
1 28
1 30
2 32 62
2 16 48
2 22 34
1 38
2 49 56
1 22
2 17 19
2 19 44
2 20 57
1 39
2 54 59
1 20
1 40
1 4
2 6 38
1 13
1 22
1 4
1 21
1 59
1 60
1 16
2 8 32
2 9 21
2 1 60
2 16 41
2 19 34
2 46 56
2 3 3
2 6 43
2 25 37
2 22 50
1 23
1 27
1 25
1 24
2 9 46
1 22
1 54
1 14
1 36
1 47
2 42 51
1 14
1 49
1 30
2 34 53
1 58
1 13
2 6 33
1 15
1 42
1 56
2 34 37
1 62
1 37
1 7
1 52
1 35
1 45
1 38
1 57
1 17
1 8
2 29 37
2 6 40
2 31 38
1 5
2 24 26
2 1 30
2 47 50
1 54
1 37
