81 51
84 87 78 16 94 36 87 93 50 22 63 28 91 60 64 27 41 27 73 37 12 69 68 30 83 31 63 24 68 36 30 3 23 59 70 68 94 57 12 43 30 74 22 20 85 38 99 25 16 71 14 27 92 81 57 74 63 71 97 82 6 26 85 28 37 6 47 30 14 58 25 96 83 46 15 68 35 65 44 51 88
1 43
1 51
1 7
2 29 36
1 70
1 19
2 17 74
1 76
2 29 55
1 47
2 76 78
1 7
1 53
1 44
1 63
2 69 70
1 24
1 43
2 50 61
2 12 58
2 67 68
1 15
2 7 60
1 3
2 65 66
2 27 30
2 12 55
1 80
2 31 50
1 12
1 65
1 7
2 75 75
1 36
1 29
1 2
1 45
1 7
1 15
1 70
2 59 63
2 5 62
2 27 74
2 57 58
2 53 63
2 49 56
2 12 15
2 16 34
2 39 56
2 27 53
1 24
