42 66
84 87 78 16 94 36 87 93 50 22 63 28 91 60 64 27 41 27 73 37 12 69 68 30 83 31 63 24 68 36 30 3 23 59 70 68 94 57 12 43 30 74
2 21 36
2 3 21
2 18 37
1 8
1 9
2 33 33
1 32
2 28 33
2 6 39
1 40
2 13 36
2 4 31
1 10
1 15
2 8 15
1 13
1 33
1 22
2 2 9
1 19
1 1
2 5 23
1 19
2 29 40
1 29
2 34 36
1 4
1 35
1 26
1 21
2 22 42
1 30
1 4
2 4 26
2 4 6
2 20 40
1 6
2 36 37
1 30
2 27 29
2 12 33
2 12 25
1 11
2 10 11
1 12
1 20
1 34
2 12 36
1 3
1 14
1 8
1 27
1 19
1 18
1 22
2 2 18
2 17 29
2 35 36
2 13 24
2 15 38
2 16 26
2 27 39
2 4 19
2 21 35
2 38 42
1 15
