10 92
42 68 35 1 70 25 79 59 63 65
2 2 6
2 2 2
2 3 8
1 2
1 3
2 3 3
2 7 9
2 7 8
2 9 10
1 8
2 5 6
2 2 3
2 4 5
2 2 4
1 8
1 3
2 8 10
2 2 10
1 7
2 1 3
1 7
1 3
1 9
1 6
1 10
1 1
1 2
2 9 10
2 5 5
1 1
1 7
2 5 9
2 4 7
2 9 9
1 10
2 4 6
2 5 9
1 8
1 4
1 2
2 3 5
1 10
2 4 8
1 7
1 2
1 6
2 5 6
2 1 3
1 2
1 7
1 8
2 8 8
2 4 8
2 6 10
2 2 9
1 3
1 7
1 4
1 1
2 3 6
1 10
1 8
1 4
2 2 3
1 2
1 5
1 7
2 9 10
1 5
2 4 5
2 9 9
1 9
2 8 9
2 4 9
2 1 2
2 4 5
2 6 7
2 1 10
2 7 9
2 5 9
1 10
2 3 6
2 4 4
2 5 8
2 1 9
1 9
1 7
1 2
2 9 10
2 3 3
1 3
1 10
