96 100
42 68 35 1 70 25 79 59 63 65 6 46 82 28 62 92 96 43 28 37 92 5 3 54 93 83 22 17 19 96 48 27 72 39 70 13 68 100 36 95 4 12 23 34 74 65 42 12 54 69 48 45 63 58 38 60 24 42 30 79 17 36 91 43 89 7 41 43 65 49 47 6 91 30 71 51 7 2 94 49 30 24 85 55 57 41 67 77 32 9 45 40 27 24 38 39
1 67
2 30 34
2 32 91
1 43
2 3 90
1 30
2 45 65
1 70
2 10 22
1 83
1 42
1 84
2 23 40
2 53 87
1 46
1 47
1 4
2 10 56
2 10 96
2 66 78
2 30 63
1 87
1 51
1 94
1 37
2 24 43
1 24
1 90
1 52
2 10 51
1 20
1 63
1 85
2 64 85
1 5
2 31 54
2 3 19
1 45
2 81 84
2 20 73
2 7 22
2 11 62
2 24 33
2 57 66
2 47 69
2 65 81
1 66
2 28 63
2 22 40
2 35 52
2 49 57
1 91
1 21
1 18
2 63 74
2 7 25
1 5
1 84
1 90
1 48
2 41 53
2 43 75
1 88
1 87
1 87
2 14 18
1 37
1 90
1 51
2 36 38
2 53 61
2 57 84
1 15
2 6 86
1 58
2 8 88
1 26
1 14
1 35
2 41 46
1 42
1 90
2 9 34
1 85
2 75 92
2 9 50
2 13 23
2 12 40
2 77 80
2 62 86
1 86
2 34 60
1 63
2 9 59
2 7 67
2 21 32
1 72
2 68 82
2 49 57
1 18
