57 77
84 87 78 16 94 36 87 93 50 22 63 28 91 60 64 27 41 27 73 37 12 69 68 30 83 31 63 24 68 36 30 3 23 59 70 68 94 57 12 43 30 74 22 20 85 38 99 25 16 71 14 27 92 81 57 74 63
1 23
2 10 25
1 4
1 42
1 28
2 4 57
2 7 49
1 52
1 21
2 14 42
1 49
1 57
1 34
2 51 56
1 19
1 49
2 50 56
1 43
2 5 40
1 32
2 42 52
1 31
1 17
1 53
1 21
2 52 54
1 45
1 31
2 22 35
2 30 49
2 16 50
1 54
2 24 31
1 15
2 32 36
2 27 54
2 18 37
1 14
2 11 25
1 48
1 47
1 25
2 18 51
1 51
1 29
1 53
1 39
1 28
1 15
1 55
2 50 57
2 14 29
2 38 54
2 28 30
2 47 54
2 14 40
2 3 27
2 19 55
2 5 24
2 38 45
1 24
1 2
1 16
1 19
2 27 28
1 13
1 54
1 57
1 57
1 28
2 6 42
1 31
1 40
1 20
2 10 44
1 27
1 4
