83 88
42 68 35 1 70 25 79 59 63 65 6 46 82 28 62 92 96 43 28 37 92 5 3 54 93 83 22 17 19 96 48 27 72 39 70 13 68 100 36 95 4 12 23 34 74 65 42 12 54 69 48 45 63 58 38 60 24 42 30 79 17 36 91 43 89 7 41 43 65 49 47 6 91 30 71 51 7 2 94 49 30 24 85
1 82
1 70
1 71
1 13
2 36 59
2 17 42
1 22
2 20 74
2 28 46
1 34
1 51
1 42
2 33 66
1 20
2 35 53
1 83
1 32
1 29
2 1 54
2 18 44
1 10
1 23
1 66
2 50 80
2 4 32
2 6 29
2 48 69
1 32
1 34
1 63
1 71
2 5 79
1 52
1 37
1 10
2 34 58
1 83
1 79
1 32
2 42 43
1 83
2 4 54
2 25 51
1 54
2 53 77
2 74 81
2 15 35
2 53 72
2 12 64
2 17 21
2 17 57
2 53 83
1 74
2 1 42
2 23 68
2 11 16
2 52 62
1 62
1 43
1 10
2 39 49
2 51 55
1 9
1 27
1 27
1 50
2 64 67
2 18 62
1 53
1 71
1 73
2 48 73
1 24
1 53
1 31
2 56 62
2 5 8
2 6 13
1 21
2 17 61
1 39
2 67 73
1 45
1 77
1 53
2 20 39
1 20
1 75
