16 86
84 87 78 16 94 36 87 93 50 22 63 28 91 60 64 27
1 3
1 9
2 8 9
2 7 11
1 4
2 10 16
1 7
1 14
2 2 9
2 6 11
2 6 8
1 10
1 5
2 3 14
1 12
1 5
2 3 15
1 2
2 13 14
2 1 10
1 2
2 2 13
2 2 15
1 8
1 13
2 7 16
1 13
1 13
1 12
2 3 16
1 5
1 9
2 3 13
1 15
2 11 12
1 11
2 2 10
1 6
1 13
1 6
1 15
2 10 10
1 12
1 10
2 2 6
2 2 4
2 8 16
1 10
2 6 11
1 12
2 1 9
2 5 14
2 4 15
1 13
2 5 6
1 4
1 6
1 12
2 4 12
1 5
1 2
1 10
1 11
1 13
1 12
1 16
2 4 14
2 1 9
2 6 13
2 3 16
2 11 12
2 6 12
2 11 13
2 4 9
2 5 9
2 4 6
1 15
1 9
1 9
1 10
2 5 14
1 16
1 8
1 12
1 6
1 7
