91 91
42 68 35 1 70 25 79 59 63 65 6 46 82 28 62 92 96 43 28 37 92 5 3 54 93 83 22 17 19 96 48 27 72 39 70 13 68 100 36 95 4 12 23 34 74 65 42 12 54 69 48 45 63 58 38 60 24 42 30 79 17 36 91 43 89 7 41 43 65 49 47 6 91 30 71 51 7 2 94 49 30 24 85 55 57 41 67 77 32 9 45
2 40 57
2 12 63
1 89
2 11 85
2 46 84
1 55
1 6
1 17
2 54 80
1 6
2 2 13
1 54
1 62
1 61
2 14 87
2 41 51
1 16
1 44
1 77
2 54 81
2 3 90
2 22 83
2 16 22
1 53
1 25
1 34
1 82
2 17 18
1 81
1 63
1 23
2 38 54
1 9
1 2
1 47
2 49 86
1 6
2 3 54
2 2 29
1 58
2 13 89
2 7 79
2 24 56
2 51 64
2 8 64
2 35 63
2 49 71
2 37 89
1 32
2 11 34
2 57 91
2 13 41
2 78 85
1 67
1 50
1 85
2 51 73
2 54 89
1 8
1 65
1 83
1 4
2 47 48
2 5 87
1 36
1 79
1 64
2 22 42
1 3
1 42
1 40
2 12 58
2 47 85
2 66 71
1 54
2 25 26
1 25
2 44 59
1 30
1 3
1 32
2 5 7
1 75
1 60
2 26 48
1 28
2 68 91
2 49 71
2 43 61
2 33 48
2 35 62
