58 79
42 68 35 1 70 25 79 59 63 65 6 46 82 28 62 92 96 43 28 37 92 5 3 54 93 83 22 17 19 96 48 27 72 39 70 13 68 100 36 95 4 12 23 34 74 65 42 12 54 69 48 45 63 58 38 60 24 42
2 21 25
2 35 45
1 5
1 11
1 29
1 26
1 2
1 39
1 14
2 11 26
2 3 15
1 9
1 11
2 9 35
2 14 35
2 21 53
1 20
2 20 28
2 21 27
1 58
1 6
1 34
2 13 49
1 30
2 30 52
1 33
1 56
1 26
2 31 50
2 33 47
1 6
1 47
1 20
2 28 28
2 30 50
2 36 40
2 15 36
1 43
1 15
1 58
1 31
2 29 32
1 38
1 6
1 46
2 7 40
1 26
1 37
1 15
2 31 58
1 9
2 37 54
2 29 41
1 19
2 4 17
2 38 57
2 43 44
2 3 20
2 19 28
2 11 30
2 5 5
2 19 47
1 14
2 6 49
2 18 20
2 22 25
2 25 29
1 7
1 19
1 28
2 35 54
2 17 57
1 55
1 52
1 20
1 44
2 17 37
2 21 25
1 46
