90 63
42 68 35 1 70 25 79 59 63 65 6 46 82 28 62 92 96 43 28 37 92 5 3 54 93 83 22 17 19 96 48 27 72 39 70 13 68 100 36 95 4 12 23 34 74 65 42 12 54 69 48 45 63 58 38 60 24 42 30 79 17 36 91 43 89 7 41 43 65 49 47 6 91 30 71 51 7 2 94 49 30 24 85 55 57 41 67 77 32 9
1 40
1 74
2 9 29
1 70
2 64 66
2 25 49
1 28
1 84
1 72
2 15 83
1 70
2 4 58
1 47
1 72
1 36
2 5 76
2 81 83
1 22
1 17
1 58
2 8 88
2 34 48
2 6 90
2 12 39
1 33
1 57
1 34
1 1
2 36 43
1 60
1 18
1 4
2 3 82
1 32
1 15
1 7
2 70 79
1 5
2 54 55
2 39 49
1 9
2 18 39
2 74 79
2 1 82
2 44 65
2 36 57
2 30 81
2 29 57
2 15 29
1 30
2 33 46
2 34 34
2 58 65
2 1 69
1 49
1 87
1 72
2 9 20
2 43 43
1 53
1 60
1 48
1 72
