64 85
42 68 35 1 70 25 79 59 63 65 6 46 82 28 62 92 96 43 28 37 92 5 3 54 93 83 22 17 19 96 48 27 72 39 70 13 68 100 36 95 4 12 23 34 74 65 42 12 54 69 48 45 63 58 38 60 24 42 30 79 17 36 91 43
1 27
1 47
1 57
1 62
1 10
1 55
1 62
2 29 46
2 21 51
1 1
1 17
2 5 49
2 51 60
2 35 55
1 18
2 12 34
2 27 49
1 26
1 58
1 30
2 1 45
1 6
2 22 42
1 51
1 10
1 20
2 23 40
2 21 23
1 46
1 15
1 4
2 10 24
2 42 64
2 14 34
2 30 31
1 23
1 51
1 30
1 5
2 11 56
1 24
1 58
1 20
2 10 19
1 52
1 31
1 53
2 21 32
1 37
2 54 63
2 35 51
1 13
2 17 20
2 9 20
2 39 54
2 30 43
2 1 56
2 2 57
2 5 15
2 1 17
1 34
2 60 63
2 8 22
2 3 52
2 25 49
1 27
1 21
1 50
2 42 63
2 7 57
1 5
1 52
1 26
1 48
2 21 41
2 11 11
1 24
1 55
1 23
2 18 46
1 37
1 58
1 19
2 4 38
2 53 61
