77 90
84 87 78 16 94 36 87 93 50 22 63 28 91 60 64 27 41 27 73 37 12 69 68 30 83 31 63 24 68 36 30 3 23 59 70 68 94 57 12 43 30 74 22 20 85 38 99 25 16 71 14 27 92 81 57 74 63 71 97 82 6 26 85 28 37 6 47 30 14 58 25 96 83 46 15 68 35
1 73
1 8
1 27
1 26
1 36
2 30 37
1 75
1 64
2 16 61
1 61
2 15 75
1 8
2 41 71
1 74
1 28
1 33
1 42
2 29 77
1 65
1 25
2 11 26
2 39 69
2 20 33
1 34
2 29 44
1 37
2 22 41
2 40 54
2 5 32
1 4
2 25 31
1 5
1 27
1 13
2 33 71
1 31
1 56
1 15
1 34
1 61
1 60
1 29
2 25 58
2 29 52
2 57 70
2 20 31
2 38 43
2 9 75
2 60 62
2 5 74
2 21 63
2 3 7
1 71
1 40
1 57
1 77
2 5 56
1 22
1 30
1 63
1 65
1 7
2 2 38
1 19
1 33
1 20
2 14 29
1 66
1 45
2 2 34
1 13
1 23
1 15
2 38 58
1 71
1 32
1 43
1 47
1 34
1 3
1 45
1 59
1 50
1 30
2 25 32
2 11 52
2 23 54
1 60
2 27 61
2 13 67
