18 91
42 68 35 1 70 25 79 59 63 65 6 46 82 28 62 92 96 43
2 1 10
1 15
2 5 17
2 9 15
2 1 12
2 1 16
1 18
2 8 13
2 3 16
2 3 16
2 8 12
1 6
1 11
2 4 8
2 4 8
1 5
2 7 15
1 11
1 15
1 5
1 10
1 16
1 15
1 16
2 3 10
2 1 11
1 15
1 15
2 7 11
2 2 3
2 9 11
1 16
2 10 12
2 7 13
1 10
1 12
1 18
2 11 15
1 16
2 4 4
1 11
1 18
1 18
2 4 5
2 9 11
1 4
1 17
1 4
2 8 16
2 12 16
2 6 18
2 3 12
1 15
1 3
1 16
1 1
2 7 18
1 6
1 18
1 4
2 3 10
1 14
1 15
1 7
2 7 16
1 5
2 1 18
2 3 13
1 9
2 3 18
2 2 7
2 1 10
2 8 11
2 3 18
2 9 12
2 3 11
2 11 15
1 12
2 10 15
2 16 16
2 4 11
2 1 15
1 13
1 15
1 18
2 2 9
2 7 7
1 17
1 6
1 12
1 18
