37 72
84 87 78 16 94 36 87 93 50 22 63 28 91 60 64 27 41 27 73 37 12 69 68 30 83 31 63 24 68 36 30 3 23 59 70 68 94
1 1
1 20
2 11 26
1 9
1 6
2 2 37
1 22
1 1
2 28 30
1 26
2 20 26
2 15 15
1 23
2 32 34
2 10 20
1 3
1 17
2 11 34
1 7
1 8
1 9
2 7 12
1 14
1 23
2 16 24
1 25
2 11 34
1 21
2 1 7
1 1
1 10
1 1
1 7
2 15 16
1 27
1 5
2 9 27
2 10 20
2 12 16
1 8
2 2 21
1 21
2 33 37
2 22 37
2 22 29
1 6
2 5 16
1 11
1 9
1 15
2 6 27
1 7
1 17
1 13
1 11
1 22
1 8
1 24
2 12 23
2 18 23
2 27 37
2 5 36
2 19 27
2 8 11
2 5 35
2 10 31
2 16 30
2 14 23
1 4
1 4
1 20
1 2
