43 96
84 87 78 16 94 36 87 93 50 22 63 28 91 60 64 27 41 27 73 37 12 69 68 30 83 31 63 24 68 36 30 3 23 59 70 68 94 57 12 43 30 74 22
2 25 34
1 19
2 14 16
1 43
1 38
2 31 33
1 25
2 11 27
2 11 16
1 9
2 9 42
2 16 43
1 7
1 37
2 6 43
1 24
1 42
1 17
2 27 40
1 24
1 31
2 39 39
1 40
2 25 40
1 41
2 38 39
1 23
1 9
1 28
1 4
2 20 34
1 30
1 3
2 24 33
2 11 20
2 39 42
1 38
2 26 34
1 29
2 1 25
2 6 9
2 10 26
1 29
2 13 24
1 6
1 42
1 41
2 28 40
1 22
1 5
1 8
1 41
1 18
1 40
1 22
2 24 39
2 10 11
2 25 28
2 12 27
2 2 9
2 5 7
2 3 23
2 20 30
2 7 29
2 1 3
1 35
1 17
1 25
1 6
2 4 38
1 22
1 18
1 43
1 21
1 36
2 15 26
1 21
1 4
1 7
2 33 42
1 41
1 36
2 10 34
1 5
1 32
1 8
2 14 22
1 7
1 22
1 12
1 1
1 43
1 23
1 2
1 7
1 25
