95 43
84 87 78 16 94 36 87 93 50 22 63 28 91 60 64 27 41 27 73 37 12 69 68 30 83 31 63 24 68 36 30 3 23 59 70 68 94 57 12 43 30 74 22 20 85 38 99 25 16 71 14 27 92 81 57 74 63 71 97 82 6 26 85 28 37 6 47 30 14 58 25 96 83 46 15 68 35 65 44 51 88 9 77 79 89 85 4 52 55 100 33 61 77 69 40
1 12
1 5
2 21 81
1 89
2 23 52
1 88
1 93
1 72
1 2
2 35 71
1 45
1 50
2 3 73
2 11 87
2 73 88
1 73
2 12 81
1 34
2 55 89
2 65 73
2 56 75
1 14
2 11 25
1 29
1 66
1 82
2 51 75
1 70
1 67
1 34
1 20
1 85
1 53
1 74
2 31 38
2 48 52
2 19 73
2 68 85
2 54 66
2 21 33
2 79 84
2 17 19
2 5 62
