94 72
42 68 35 1 70 25 79 59 63 65 6 46 82 28 62 92 96 43 28 37 92 5 3 54 93 83 22 17 19 96 48 27 72 39 70 13 68 100 36 95 4 12 23 34 74 65 42 12 54 69 48 45 63 58 38 60 24 42 30 79 17 36 91 43 89 7 41 43 65 49 47 6 91 30 71 51 7 2 94 49 30 24 85 55 57 41 67 77 32 9 45 40 27 24
2 13 45
1 88
2 2 40
2 49 51
1 66
1 90
1 40
2 41 85
1 2
2 22 64
1 17
1 44
1 78
2 62 65
2 21 91
1 22
1 55
1 88
2 54 58
2 24 68
2 74 94
2 64 77
1 31
1 59
1 58
1 55
2 57 58
1 62
1 46
1 92
2 31 94
1 46
1 69
1 85
2 76 89
1 45
2 35 54
2 5 21
1 29
2 63 92
2 18 21
2 23 72
2 21 66
2 3 42
2 15 80
2 51 67
2 11 21
1 86
2 85 94
2 56 86
2 81 84
2 9 23
1 39
1 57
1 54
2 25 92
2 29 75
1 73
1 22
1 48
1 82
2 47 75
2 3 35
1 34
1 87
1 93
2 46 72
1 63
1 74
1 77
2 58 60
2 69 89
