38 100
84 87 78 16 94 36 87 93 50 22 63 28 91 60 64 27 41 27 73 37 12 69 68 30 83 31 63 24 68 36 30 3 23 59 70 68 94 57
2 17 20
2 2 4
1 22
1 29
2 15 36
1 28
1 21
2 5 15
1 36
2 3 10
2 4 33
1 28
2 23 38
2 11 26
1 14
1 21
2 14 23
1 11
1 19
1 34
2 13 18
1 19
1 11
2 31 37
1 5
2 2 5
1 13
2 4 14
1 12
1 17
1 34
1 21
2 14 16
1 26
1 12
2 16 22
2 30 30
2 12 16
1 16
2 24 31
1 34
2 13 17
2 8 35
2 18 37
1 33
2 6 11
1 10
1 28
1 6
2 18 32
1 13
1 10
1 34
1 1
1 9
1 34
1 36
2 12 38
2 29 33
2 16 19
2 9 30
2 28 35
2 2 14
2 3 27
2 19 36
2 5 5
2 26 38
1 5
1 21
1 35
1 38
2 8 9
1 32
1 16
1 38
1 38
1 9
2 6 23
1 12
1 21
1 20
2 10 25
1 8
1 23
2 13 18
1 27
1 12
1 24
2 9 30
1 30
1 7
1 17
1 24
1 5
1 19
1 34
1 17
1 23
1 14
2 29 33
