13 90
84 87 78 16 94 36 87 93 50 22 63 28 91
2 2 13
1 11
1 12
2 4 9
2 4 6
1 4
2 5 10
1 2
1 6
2 6 11
2 2 12
2 2 4
1 6
1 1
2 2 3
1 1
1 3
2 7 12
1 11
2 3 11
2 2 5
1 12
2 1 13
2 1 3
1 6
1 11
2 2 3
1 13
1 2
1 8
2 1 10
1 8
1 10
2 4 6
1 7
2 2 8
1 3
2 10 10
1 9
1 10
1 4
1 4
2 2 11
1 11
1 9
2 5 5
2 10 12
2 1 7
1 1
2 10 13
1 6
2 1 13
2 1 4
2 5 10
1 2
2 2 6
1 1
1 9
1 8
2 2 6
1 1
1 11
1 3
1 3
1 3
1 8
1 8
2 6 9
2 11 13
2 1 2
2 10 11
2 3 4
2 5 10
2 9 11
2 12 13
2 1 3
2 8 8
1 9
1 4
1 2
1 1
2 2 7
1 6
1 4
1 4
1 6
1 7
2 9 11
1 9
1 8
