19 86
84 87 78 16 94 36 87 93 50 22 63 28 91 60 64 27 41 27 73
1 11
1 9
2 8 13
1 8
2 2 7
1 18
1 5
2 15 16
2 1 17
2 2 4
1 3
1 10
2 15 17
1 9
1 2
2 5 15
1 17
2 3 10
2 4 14
1 9
2 4 19
2 7 11
1 14
1 2
2 4 14
1 11
1 19
1 15
2 13 18
1 19
1 11
2 12 18
1 5
2 2 5
1 13
2 4 14
1 12
1 17
1 15
1 2
2 14 16
1 7
1 12
2 3 16
2 11 11
2 12 16
1 16
2 5 12
1 15
2 13 17
2 8 16
2 18 18
1 14
2 6 11
1 10
1 9
1 6
2 13 18
1 13
1 10
1 15
1 1
1 9
1 15
1 17
2 12 19
2 10 14
2 16 19
2 9 11
2 9 16
2 2 14
2 3 8
2 17 19
2 5 5
2 7 19
1 5
1 2
1 16
1 19
2 8 9
1 13
1 16
1 19
1 19
1 9
2 4 6
