85 78
84 87 78 16 94 36 87 93 50 22 63 28 91 60 64 27 41 27 73 37 12 69 68 30 83 31 63 24 68 36 30 3 23 59 70 68 94 57 12 43 30 74 22 20 85 38 99 25 16 71 14 27 92 81 57 74 63 71 97 82 6 26 85 28 37 6 47 30 14 58 25 96 83 46 15 68 35 65 44 51 88 9 77 79 89
1 39
2 15 40
1 51
1 54
2 18 47
1 15
2 51 61
1 59
2 7 33
1 63
1 53
1 77
1 67
2 20 66
1 20
1 10
2 58 63
2 32 66
2 3 38
1 53
2 6 82
1 29
2 14 15
2 5 23
2 5 56
1 24
2 1 15
1 69
1 1
1 17
2 20 61
1 85
1 7
1 34
1 25
1 15
1 3
1 84
2 11 83
2 22 68
2 49 78
2 50 63
2 31 79
2 6 13
2 54 84
2 32 54
2 25 67
2 19 69
1 72
1 60
1 79
1 40
2 7 48
1 54
1 84
1 25
1 46
1 51
2 10 40
1 25
1 48
1 3
2 75 81
1 12
1 74
2 17 84
1 6
1 67
1 61
2 57 71
1 76
1 37
1 32
1 66
1 22
1 54
1 8
1 40
