75 82
84 87 78 16 94 36 87 93 50 22 63 28 91 60 64 27 41 27 73 37 12 69 68 30 83 31 63 24 68 36 30 3 23 59 70 68 94 57 12 43 30 74 22 20 85 38 99 25 16 71 14 27 92 81 57 74 63 71 97 82 6 26 85 28 37 6 47 30 14 58 25 96 83 46 15
2 15 60
2 38 51
1 52
1 39
1 4
2 30 50
1 61
1 19
2 2 38
1 70
2 46 71
1 29
2 48 52
1 43
1 53
1 2
1 12
2 15 16
1 45
1 55
2 68 73
2 7 51
2 43 53
1 48
2 37 66
1 9
2 29 75
2 30 33
2 45 46
1 59
2 25 41
1 24
1 71
1 52
2 6 30
1 15
1 17
1 44
1 60
1 25
1 63
1 19
2 3 41
2 8 62
2 29 63
2 25 33
2 9 71
2 38 61
2 54 69
2 4 37
2 5 27
2 14 39
1 57
1 5
1 4
1 70
2 18 22
1 19
1 9
1 75
1 51
1 16
2 15 30
1 70
1 43
1 23
2 5 31
1 12
1 4
2 19 47
1 41
1 12
1 31
2 31 62
1 6
1 12
1 52
1 66
1 17
1 9
1 13
1 75
