88 98
42 68 35 1 70 25 79 59 63 65 6 46 82 28 62 92 96 43 28 37 92 5 3 54 93 83 22 17 19 96 48 27 72 39 70 13 68 100 36 95 4 12 23 34 74 65 42 12 54 69 48 45 63 58 38 60 24 42 30 79 17 36 91 43 89 7 41 43 65 49 47 6 91 30 71 51 7 2 94 49 30 24 85 55 57 41 67 77
2 49 85
2 60 75
2 15 67
1 50
2 52 82
2 1 3
1 74
1 82
1 6
2 65 85
1 22
2 82 86
1 51
1 10
1 4
2 72 87
2 71 85
1 46
1 63
1 44
2 56 74
2 34 56
2 22 74
2 22 79
1 87
1 51
1 46
1 21
2 19 72
1 24
1 34
1 60
2 82 83
1 84
1 47
1 21
2 56 69
1 21
2 54 71
2 19 43
1 5
2 28 33
2 9 44
2 46 55
2 11 22
2 16 49
2 9 58
2 7 53
2 9 65
1 50
2 28 55
2 14 88
2 4 11
2 33 57
1 19
1 85
1 58
2 26 31
2 39 57
1 61
1 68
1 2
1 32
2 9 61
2 11 83
1 80
1 31
1 47
2 10 38
1 85
1 58
1 27
2 68 78
2 53 85
2 60 65
1 47
2 30 86
1 26
2 32 56
1 26
1 78
1 11
2 65 86
1 34
1 26
2 1 2
1 5
2 3 84
2 9 50
2 21 71
2 16 36
2 37 56
2 14 22
1 14
2 42 52
1 39
2 3 25
2 39 75
