10 93
84 87 78 16 94 36 87 93 50 22
1 8
1 10
2 1 7
1 3
1 2
1 8
2 1 3
1 4
2 6 10
1 3
1 10
2 4 7
2 3 10
2 2 10
1 8
1 5
2 1 4
1 2
1 7
2 1 3
1 2
2 5 6
2 6 7
1 10
2 5 8
2 3 6
1 8
1 5
2 1 8
1 7
1 9
1 4
2 5 10
1 1
1 9
2 3 7
1 5
2 1 6
1 9
2 2 8
1 8
1 3
1 2
1 7
2 6 10
1 10
1 10
2 8 8
2 2 6
2 8 8
1 8
2 6 7
1 4
2 5 9
2 3 10
2 1 10
1 9
2 1 10
1 4
1 6
1 2
2 6 10
1 5
1 2
1 4
1 5
1 5
1 8
1 4
2 6 8
2 3 7
2 8 9
2 5 8
2 6 9
2 6 8
2 9 9
2 2 9
2 5 7
2 4 4
1 7
1 5
1 9
1 10
2 7 8
1 4
1 4
1 10
1 6
1 1
2 5 10
1 10
1 3
1 8
