29 74
42 68 35 1 70 25 79 59 63 65 6 46 82 28 62 92 96 43 28 37 92 5 3 54 93 83 22 17 19
2 6 25
2 14 26
1 3
2 6 13
2 3 3
2 13 25
2 8 27
1 28
1 9
2 13 28
2 9 27
1 21
2 6 16
1 5
1 11
1 29
1 26
1 2
1 10
1 14
2 11 26
2 3 15
1 9
1 11
2 6 9
2 6 14
2 21 24
1 20
2 20 28
2 21 27
1 29
1 6
1 5
2 13 20
1 1
2 1 23
1 4
1 27
1 26
2 2 21
2 4 18
1 6
1 18
1 20
2 28 28
2 1 21
2 7 11
2 7 15
1 14
1 15
1 29
1 2
2 3 29
1 9
1 6
1 17
2 7 11
1 26
1 8
1 15
2 2 29
1 9
2 8 25
2 12 29
1 19
2 4 17
2 9 28
2 14 15
2 3 20
2 19 28
2 1 11
2 5 5
2 18 19
1 14
