80 61
84 87 78 16 94 36 87 93 50 22 63 28 91 60 64 27 41 27 73 37 12 69 68 30 83 31 63 24 68 36 30 3 23 59 70 68 94 57 12 43 30 74 22 20 85 38 99 25 16 71 14 27 92 81 57 74 63 71 97 82 6 26 85 28 37 6 47 30 14 58 25 96 83 46 15 68 35 65 44 51
2 9 77
1 29
1 44
2 35 80
1 21
1 9
2 13 67
1 15
2 11 76
1 59
2 18 42
1 38
1 13
1 22
1 47
2 10 26
1 60
1 10
2 18 38
2 2 36
2 8 48
1 58
2 6 27
1 44
2 9 65
2 30 53
2 20 31
1 29
2 21 70
1 4
1 6
1 12
2 36 60
1 5
1 2
1 74
1 75
1 45
1 28
1 64
2 46 68
2 17 73
2 29 38
2 35 48
2 59 76
2 38 76
2 29 59
2 9 52
2 5 57
2 4 54
1 47
1 25
1 9
1 10
2 37 78
1 64
1 24
1 60
1 6
1 71
2 60 75
