70 48
42 68 35 1 70 25 79 59 63 65 6 46 82 28 62 92 96 43 28 37 92 5 3 54 93 83 22 17 19 96 48 27 72 39 70 13 68 100 36 95 4 12 23 34 74 65 42 12 54 69 48 45 63 58 38 60 24 42 30 79 17 36 91 43 89 7 41 43 65 49
1 6
1 10
1 21
1 22
2 30 49
2 5 5
1 11
1 27
2 5 59
2 54 57
2 19 49
1 40
2 4 36
2 25 49
1 48
1 34
1 52
2 33 45
1 20
2 34 58
1 47
1 62
1 26
2 35 66
2 13 51
1 2
1 37
1 28
2 18 68
2 34 38
2 20 36
2 2 29
1 53
1 67
1 34
1 61
2 3 46
1 60
1 28
1 44
2 33 52
1 2
1 65
1 47
2 30 49
1 55
2 45 54
2 9 29
