68 81
42 68 35 1 70 25 79 59 63 65 6 46 82 28 62 92 96 43 28 37 92 5 3 54 93 83 22 17 19 96 48 27 72 39 70 13 68 100 36 95 4 12 23 34 74 65 42 12 54 69 48 45 63 58 38 60 24 42 30 79 17 36 91 43 89 7 41 43
1 5
1 6
1 66
1 51
1 26
2 13 46
2 13 31
1 9
1 33
2 13 61
2 11 36
2 3 51
1 14
2 6 40
2 11 61
1 38
1 54
1 58
2 33 65
1 50
2 2 66
1 51
1 50
1 52
2 3 60
2 15 17
1 10
1 27
1 32
2 50 56
2 10 48
2 2 54
2 14 35
1 31
1 35
1 26
1 17
2 24 63
1 36
1 2
1 24
2 30 67
1 24
1 59
1 41
2 12 13
1 5
2 43 54
2 35 59
1 49
2 57 60
2 33 44
2 31 42
2 34 63
2 1 32
2 14 65
2 5 19
2 37 61
1 38
2 63 68
2 34 64
2 7 24
2 37 41
1 23
1 9
1 50
2 59 62
2 5 27
1 53
1 40
1 10
1 4
2 41 49
2 19 51
1 64
1 3
1 59
2 10 18
1 45
1 54
1 55
