71 97
84 87 78 16 94 36 87 93 50 22 63 28 91 60 64 27 41 27 73 37 12 69 68 30 83 31 63 24 68 36 30 3 23 59 70 68 94 57 12 43 30 74 22 20 85 38 99 25 16 71 14 27 92 81 57 74 63 71 97 82 6 26 85 28 37 6 47 30 14 58 25
2 38 52
1 55
1 33
2 27 42
1 67
1 27
1 16
2 4 52
1 56
1 42
2 33 64
1 42
2 24 26
1 62
2 5 27
1 19
1 59
1 54
1 4
2 10 19
1 13
1 4
2 45 56
2 8 37
2 9 31
1 34
2 38 71
1 42
2 31 63
2 10 45
2 13 14
1 32
2 5 62
1 63
1 58
1 44
2 53 54
1 31
1 8
1 45
1 39
1 10
1 5
1 34
2 6 63
2 24 56
2 38 45
2 10 25
2 48 53
2 34 61
2 28 40
2 7 13
2 9 47
2 13 26
1 71
1 61
1 71
1 41
2 15 43
1 27
1 66
1 58
1 23
1 27
2 59 71
1 61
1 54
1 11
2 11 26
1 46
1 15
2 19 29
1 44
1 7
1 56
2 4 70
1 23
1 63
1 60
1 30
1 52
1 69
1 26
1 35
1 67
1 9
2 27 61
2 18 27
2 33 67
1 36
2 59 66
2 14 29
2 18 41
1 18
1 68
1 5
1 33
