7 99
42 68 35 1 70 25 79
1 6
1 1
2 7 7
2 2 7
1 5
1 3
1 4
2 6 7
2 6 7
2 2 6
2 1 3
1 6
2 4 5
2 5 5
2 3 6
2 2 5
1 5
1 1
2 1 4
2 5 6
1 4
2 1 2
1 7
1 4
1 4
1 6
1 3
1 7
1 1
2 2 7
2 5 5
1 4
1 6
2 3 5
2 1 5
2 5 7
1 5
2 1 4
2 4 7
1 6
1 6
1 3
2 3 5
1 6
2 2 6
1 5
1 6
1 5
2 3 7
2 2 6
1 2
1 2
1 7
2 4 5
2 3 6
2 1 6
2 1 2
1 4
1 4
1 6
1 5
2 3 4
1 4
1 7
1 2
2 3 5
1 2
1 2
1 5
2 2 7
1 6
2 3 5
2 1 2
1 2
2 5 6
2 2 7
2 3 7
2 1 2
2 1 1
2 7 7
2 1 7
2 2 5
1 4
2 4 6
2 1 7
2 6 6
2 1 1
1 4
1 1
1 1
2 2 3
2 5 5
1 1
1 2
1 6
1 4
2 5 6
2 3 5
1 1
