87 65
42 68 35 1 70 25 79 59 63 65 6 46 82 28 62 92 96 43 28 37 92 5 3 54 93 83 22 17 19 96 48 27 72 39 70 13 68 100 36 95 4 12 23 34 74 65 42 12 54 69 48 45 63 58 38 60 24 42 30 79 17 36 91 43 89 7 41 43 65 49 47 6 91 30 71 51 7 2 94 49 30 24 85 55 57 41 67
1 12
1 67
2 6 14
2 24 50
1 49
2 49 57
2 79 85
1 58
1 6
1 63
2 20 42
1 1
2 1 52
1 62
1 27
1 84
2 2 79
2 33 47
1 64
1 47
1 49
2 28 86
2 1 21
2 36 69
2 15 36
1 72
1 15
1 58
1 31
2 3 58
1 9
1 6
1 46
2 36 40
1 26
1 66
1 73
2 31 58
1 38
2 37 54
2 12 58
1 48
2 33 75
2 28 38
2 43 73
2 20 32
2 48 57
2 30 69
2 5 63
2 47 48
1 72
2 64 78
2 49 76
2 22 83
2 54 58
1 7
1 48
1 57
2 6 83
2 28 46
1 26
1 81
1 78
1 15
2 8 17
