80 90
42 68 35 1 70 25 79 59 63 65 6 46 82 28 62 92 96 43 28 37 92 5 3 54 93 83 22 17 19 96 48 27 72 39 70 13 68 100 36 95 4 12 23 34 74 65 42 12 54 69 48 45 63 58 38 60 24 42 30 79 17 36 91 43 89 7 41 43 65 49 47 6 91 30 71 51 7 2 94 49
2 5 64
1 37
1 7
1 12
1 65
2 44 67
2 19 39
1 50
2 34 76
2 59 65
1 58
1 74
1 62
2 33 45
1 70
2 54 58
1 67
1 42
1 36
2 55 56
2 53 71
1 62
1 47
1 68
2 8 58
2 48 74
2 30 66
2 62 79
1 23
1 67
1 14
1 21
2 43 56
1 40
1 58
1 4
2 3 42
1 52
1 15
1 37
2 69 80
1 5
2 15 54
2 19 19
1 29
2 49 68
2 4 9
2 22 71
2 14 75
2 17 56
2 41 50
2 37 79
2 49 65
1 50
2 63 76
2 24 54
2 35 68
2 1 9
1 59
1 37
1 2
2 10 79
2 23 73
1 53
1 20
1 58
1 32
2 9 37
2 43 75
1 56
1 7
1 7
2 30 34
1 5
1 42
1 3
2 20 22
2 53 77
2 36 73
1 31
2 22 70
1 42
2 24 56
1 26
1 46
1 67
2 73 78
1 10
1 42
2 50 57
