16 100
42 68 35 1 70 25 79 59 63 65 6 46 82 28 62 92
2 7 12
1 8
1 15
2 5 15
2 7 13
2 8 15
2 3 14
1 4
2 7 12
2 4 11
2 9 10
2 14 16
1 12
1 7
2 6 12
2 10 14
1 13
2 3 15
1 11
1 15
1 9
1 14
1 10
1 7
1 14
2 13 14
2 3 5
1 1
1 1
2 1 5
2 3 12
2 3 7
1 2
2 2 12
2 1 11
1 10
1 10
1 14
2 1 13
1 6
2 6 10
1 3
1 10
1 4
2 7 8
2 5 7
1 14
1 15
1 4
2 8 10
2 10 16
2 2 14
2 14 15
1 7
1 3
1 14
1 5
2 8 11
1 8
1 10
1 4
2 3 10
1 4
1 15
1 5
2 5 16
1 5
2 6 15
2 3 3
1 13
2 1 4
2 4 9
2 6 7
2 11 14
2 1 8
2 2 9
2 5 15
2 1 1
1 2
2 12 15
2 6 8
2 3 4
2 1 9
1 11
1 5
1 2
2 10 15
2 7 9
1 5
1 4
1 10
1 16
2 5 9
2 11 11
1 8
1 7
1 7
2 2 14
1 5
1 10
