45 81
42 68 35 1 70 25 79 59 63 65 6 46 82 28 62 92 96 43 28 37 92 5 3 54 93 83 22 17 19 96 48 27 72 39 70 13 68 100 36 95 4 12 23 34 74
1 22
2 29 39
2 15 38
2 13 35
2 22 35
1 32
2 6 43
1 2
1 33
1 14
1 1
1 25
1 6
1 7
2 10 39
2 10 20
1 6
1 42
2 25 29
2 12 29
2 9 29
1 25
2 19 21
2 4 25
1 28
1 39
1 27
2 15 38
1 25
2 4 13
1 2
1 27
1 36
2 5 31
2 36 38
1 22
1 17
1 13
2 8 43
2 3 34
2 6 45
2 12 39
1 33
1 12
1 34
1 1
2 36 43
1 15
1 18
1 4
2 3 37
1 32
1 15
1 7
2 25 34
1 5
2 9 10
2 4 39
1 9
2 18 39
2 29 34
2 1 37
2 20 44
2 12 36
2 30 36
2 12 29
2 15 29
1 30
2 1 33
2 34 34
2 13 20
2 1 24
1 4
1 42
1 27
2 9 20
2 43 43
1 8
1 15
1 3
1 27
