61 70
42 68 35 1 70 25 79 59 63 65 6 46 82 28 62 92 96 43 28 37 92 5 3 54 93 83 22 17 19 96 48 27 72 39 70 13 68 100 36 95 4 12 23 34 74 65 42 12 54 69 48 45 63 58 38 60 24 42 30 79 17
2 13 48
1 34
1 37
1 18
1 16
1 20
1 40
1 53
2 11 49
2 8 51
1 7
1 57
2 18 48
2 39 44
2 6 15
1 55
2 6 15
2 13 13
1 9
1 15
1 20
2 24 41
1 35
2 19 35
1 14
1 12
1 30
2 20 49
2 23 36
1 45
1 59
1 59
2 13 53
2 27 60
2 1 4
2 5 60
1 18
1 57
1 5
1 47
2 9 36
1 16
1 42
1 18
2 4 16
1 44
1 42
1 22
2 20 21
1 24
2 38 54
2 1 6
1 7
2 8 41
2 5 36
2 37 43
2 60 61
2 26 53
2 4 44
2 20 46
2 3 29
1 36
2 7 24
2 9 44
2 2 35
2 7 8
1 31
1 33
1 32
2 11 59
