97 60
42 68 35 1 70 25 79 59 63 65 6 46 82 28 62 92 96 43 28 37 92 5 3 54 93 83 22 17 19 96 48 27 72 39 70 13 68 100 36 95 4 12 23 34 74 65 42 12 54 69 48 45 63 58 38 60 24 42 30 79 17 36 91 43 89 7 41 43 65 49 47 6 91 30 71 51 7 2 94 49 30 24 85 55 57 41 67 77 32 9 45 40 27 24 38 39 19
1 38
2 76 81
2 7 74
1 10
1 52
1 75
2 56 61
1 10
2 54 54
1 28
1 44
1 46
2 55 85
2 25 94
1 64
1 96
1 68
2 63 86
2 12 66
2 8 83
2 59 69
1 21
1 56
1 21
1 28
2 7 42
1 55
1 71
1 82
2 14 65
1 10
1 63
1 38
2 17 92
1 41
2 54 79
2 3 35
1 6
2 43 80
2 11 77
2 52 94
2 9 19
2 21 51
2 12 37
2 4 32
2 17 48
1 18
2 14 92
2 85 87
2 21 36
2 77 78
1 23
1 9
1 53
2 41 74
2 6 52
1 71
1 27
1 73
1 81
