74 84
42 68 35 1 70 25 79 59 63 65 6 46 82 28 62 92 96 43 28 37 92 5 3 54 93 83 22 17 19 96 48 27 72 39 70 13 68 100 36 95 4 12 23 34 74 65 42 12 54 69 48 45 63 58 38 60 24 42 30 79 17 36 91 43 89 7 41 43 65 49 47 6 91 30
1 33
1 22
2 20 71
2 35 49
1 1
1 51
2 39 73
2 2 59
2 5 61
1 64
2 24 36
2 59 61
1 66
1 2
1 64
2 55 63
1 58
2 34 66
1 11
1 60
1 8
2 35 50
2 45 65
1 70
1 55
1 28
2 16 26
2 4 4
2 30 72
2 24 65
1 59
1 53
1 60
1 13
2 28 41
1 70
1 40
1 46
2 46 51
1 6
1 51
1 9
2 38 43
1 65
2 54 73
2 1 41
1 15
2 24 29
2 7 62
2 29 54
2 22 43
2 66 69
2 29 70
2 7 33
2 9 57
1 50
2 14 69
2 60 62
2 11 34
2 41 49
1 33
1 39
1 38
2 5 38
2 17 49
1 9
1 56
1 58
1 50
2 23 65
2 45 71
1 2
1 3
1 3
2 18 48
1 17
1 52
1 37
2 2 32
2 61 69
2 44 57
1 69
2 8 28
1 8
