87 80
84 87 78 16 94 36 87 93 50 22 63 28 91 60 64 27 41 27 73 37 12 69 68 30 83 31 63 24 68 36 30 3 23 59 70 68 94 57 12 43 30 74 22 20 85 38 99 25 16 71 14 27 92 81 57 74 63 71 97 82 6 26 85 28 37 6 47 30 14 58 25 96 83 46 15 68 35 65 44 51 88 9 77 79 89 85 4
2 51 71
1 25
1 7
2 14 56
1 49
2 28 77
1 23
2 85 87
1 16
1 68
1 65
1 69
2 3 79
1 42
1 34
2 40 59
2 19 45
2 4 59
1 48
2 3 85
1 84
2 54 65
2 42 54
2 36 70
1 38
2 16 71
1 33
1 26
1 76
2 48 48
1 24
1 35
1 2
1 18
1 31
1 87
1 28
2 2 24
2 50 62
2 44 69
2 39 70
2 27 53
2 31 74
2 57 66
2 34 67
2 56 78
2 45 77
1 27
1 11
1 34
1 70
2 9 64
1 70
1 72
1 6
1 57
1 28
2 45 87
1 49
1 4
1 50
2 31 77
1 33
1 46
2 53 64
1 41
1 66
1 73
2 5 28
1 63
1 63
1 46
1 60
1 14
1 69
1 25
1 66
1 52
1 45
2 42 68
