48 70
42 68 35 1 70 25 79 59 63 65 6 46 82 28 62 92 96 43 28 37 92 5 3 54 93 83 22 17 19 96 48 27 72 39 70 13 68 100 36 95 4 12 23 34 74 65 42 12
2 5 12
1 23
2 22 44
2 26 46
1 29
2 15 19
1 11
1 15
1 41
1 46
1 10
1 39
1 46
2 45 46
2 35 37
1 33
1 33
2 1 5
2 3 44
2 35 39
1 34
2 12 34
2 1 43
1 10
1 42
1 30
2 17 45
1 22
2 10 22
1 35
1 42
1 36
2 23 40
2 5 39
1 46
1 47
1 4
2 8 10
2 10 48
2 18 30
2 15 30
1 39
1 3
1 46
1 37
2 24 43
1 24
1 42
1 4
2 3 10
1 20
1 15
1 37
2 16 37
1 5
2 6 31
2 3 19
1 45
2 33 36
2 20 25
2 7 22
2 11 14
2 24 33
2 9 18
2 21 47
2 17 33
1 18
2 15 28
2 22 40
2 4 35
