64 99
84 87 78 16 94 36 87 93 50 22 63 28 91 60 64 27 41 27 73 37 12 69 68 30 83 31 63 24 68 36 30 3 23 59 70 68 94 57 12 43 30 74 22 20 85 38 99 25 16 71 14 27 92 81 57 74 63 71 97 82 6 26 85 28
1 42
1 34
2 34 61
2 2 63
1 24
1 29
2 16 23
1 29
1 45
1 60
2 48 51
1 21
1 25
2 3 29
1 63
2 59 60
1 59
2 18 42
1 6
1 61
1 54
1 63
2 10 58
1 60
1 26
2 22 50
2 50 52
2 48 56
1 42
2 38 59
1 12
2 9 17
2 37 62
2 31 36
1 29
2 6 37
1 52
1 6
1 12
2 36 60
1 37
1 18
1 10
1 43
1 45
1 28
1 48
2 14 52
2 9 17
2 22 29
2 35 48
2 28 59
2 12 54
2 27 29
2 36 57
2 37 57
2 20 54
1 15
1 25
1 57
1 58
2 53 62
1 32
1 56
1 12
1 6
1 7
2 43 44
1 22
1 63
1 54
2 5 60
1 20
1 21
2 35 48
1 37
1 16
1 22
2 3 62
1 42
1 49
1 51
1 42
1 9
1 11
1 22
1 25
1 5
1 28
2 13 15
2 28 46
2 3 38
1 5
2 14 48
2 5 64
2 21 46
1 8
1 51
1 45
