35 67
84 87 78 16 94 36 87 93 50 22 63 28 91 60 64 27 41 27 73 37 12 69 68 30 83 31 63 24 68 36 30 3 23 59 70
2 9 22
2 3 30
2 15 27
1 18
1 10
2 4 16
1 22
1 2
2 26 33
1 32
2 5 21
2 6 32
1 5
2 8 20
2 3 11
1 3
1 15
2 1 8
1 27
1 19
1 29
2 30 30
1 26
1 29
2 12 23
1 5
2 1 26
1 29
2 8 27
1 18
1 28
1 12
1 7
2 1 35
1 30
1 25
2 18 33
2 6 32
2 13 33
1 13
2 1 2
1 9
2 20 29
2 5 33
2 5 11
1 4
2 10 11
1 19
1 6
1 27
2 1 5
1 10
1 7
1 29
1 20
1 5
1 18
1 29
2 16 18
2 3 22
2 8 14
2 3 20
2 29 31
2 16 33
2 4 34
2 19 32
2 7 35
