36 79
42 68 35 1 70 25 79 59 63 65 6 46 82 28 62 92 96 43 28 37 92 5 3 54 93 83 22 17 19 96 48 27 72 39 70 13
2 8 20
1 12
2 3 22
2 21 22
2 29 30
2 11 33
2 8 22
2 22 26
1 5
2 7 15
1 11
1 15
1 5
1 10
1 34
1 15
1 34
2 10 21
2 1 11
1 33
1 33
2 25 29
2 3 20
2 11 27
1 34
2 10 12
2 25 31
1 10
1 30
1 18
2 29 33
1 34
2 22 22
1 11
1 18
1 36
2 4 23
2 27 29
1 22
1 35
1 4
2 8 34
2 12 34
2 6 18
2 3 30
1 15
1 3
1 34
1 1
2 7 36
1 24
1 18
1 4
2 3 10
1 32
1 15
1 25
2 16 25
1 5
2 18 19
2 3 31
1 9
2 21 36
2 20 25
2 10 19
2 11 26
2 21 36
2 9 30
2 11 21
2 29 33
1 30
2 15 28
2 16 34
2 4 11
2 1 33
1 31
1 33
1 18
2 2 27
