26 83
42 68 35 1 70 25 79 59 63 65 6 46 82 28 62 92 96 43 28 37 92 5 3 54 93 83
2 11 23
2 14 17
2 21 24
1 6
2 6 15
2 19 22
2 11 20
2 16 18
1 16
1 7
2 16 18
2 18 22
1 19
2 13 23
1 25
1 25
1 3
1 16
1 22
1 11
1 6
2 13 26
2 9 13
1 11
1 19
2 19 23
2 5 14
2 11 25
1 24
2 20 24
2 7 19
1 16
1 6
1 4
2 15 15
1 6
2 2 26
1 15
1 10
1 22
2 1 22
2 15 25
1 16
1 5
1 12
2 2 16
2 12 16
2 18 22
2 9 16
1 1
1 25
1 8
1 17
2 17 18
1 16
1 24
1 10
2 12 15
1 22
1 15
1 21
2 8 23
1 19
2 2 3
2 3 15
1 19
2 11 26
2 1 20
2 4 11
2 12 25
2 8 25
2 9 24
2 19 23
2 11 11
1 6
2 21 24
2 18 26
2 2 13
2 7 13
1 15
1 11
1 20
2 8 25
