36 89
84 87 78 16 94 36 87 93 50 22 63 28 91 60 64 27 41 27 73 37 12 69 68 30 83 31 63 24 68 36 30 3 23 59 70 68
2 17 32
1 34
2 10 12
1 14
1 21
2 30 31
1 20
1 9
2 15 15
1 14
2 10 33
2 18 21
1 22
2 1 30
2 10 19
1 16
1 33
2 8 15
1 25
1 33
1 16
2 20 27
1 25
1 1
2 29 35
1 31
2 11 28
1 11
2 6 22
1 34
1 17
1 26
1 27
2 6 34
1 24
1 34
2 14 34
2 12 22
2 4 32
1 6
2 6 7
1 12
2 21 29
2 18 21
2 12 19
1 17
2 5 22
1 12
1 2
1 16
2 12 12
1 9
1 2
1 2
1 27
1 25
1 24
1 16
2 14 36
2 5 17
2 18 29
2 12 31
2 8 27
2 2 4
2 15 21
2 16 25
2 21 29
2 8 18
1 15
1 17
1 13
1 34
2 1 30
1 4
1 12
1 24
1 30
1 7
2 3 12
1 22
1 7
1 26
2 5 28
1 24
1 13
2 4 23
1 5
1 36
1 34
