25 81
42 68 35 1 70 25 79 59 63 65 6 46 82 28 62 92 96 43 28 37 92 5 3 54 93
1 22
1 19
2 2 23
2 14 20
1 18
2 11 20
2 12 23
2 15 24
2 4 12
1 23
1 13
2 10 13
2 5 17
1 17
2 16 18
1 7
1 18
1 24
1 6
1 5
1 1
1 2
2 5 24
2 5 10
1 16
1 2
2 9 20
2 2 24
2 14 19
1 5
2 9 16
2 5 9
1 3
1 24
1 22
2 23 25
1 5
2 23 24
1 12
1 12
1 6
2 6 25
2 1 3
1 17
1 17
1 8
2 8 13
2 4 13
2 10 21
2 9 22
1 23
1 7
1 14
1 1
2 6 13
1 10
1 13
1 9
2 3 17
1 17
1 25
1 22
2 24 25
1 10
2 4 10
2 14 19
1 14
2 4 18
2 9 24
2 11 22
2 14 15
2 11 17
2 1 25
2 7 24
2 9 25
1 10
2 3 21
2 19 19
2 13 15
2 1 24
1 19
