19 80
42 68 35 1 70 25 79 59 63 65 6 46 82 28 62 92 96 43 28
1 16
1 8
2 8 14
2 2 16
2 10 14
2 6 8
1 18
2 12 15
2 5 11
2 4 10
2 1 17
1 12
1 2
2 12 16
2 14 18
1 5
2 18 19
1 11
1 13
1 1
1 18
1 4
1 18
1 18
2 3 15
2 5 12
1 4
1 5
2 13 16
2 3 19
2 7 12
1 16
2 8 13
2 19 19
1 13
1 1
1 6
2 2 16
1 16
2 6 13
1 9
1 4
1 12
2 1 14
2 7 10
1 13
1 2
1 5
2 14 15
2 14 14
2 12 18
2 12 16
1 1
1 14
1 17
1 8
2 3 10
1 14
1 18
1 5
2 12 14
1 13
1 8
1 18
2 1 8
1 13
2 4 16
2 9 9
1 8
2 5 12
2 6 7
2 4 9
2 14 15
2 12 17
2 5 6
2 17 18
2 8 12
1 6
2 4 4
2 16 18
