66 94
84 87 78 16 94 36 87 93 50 22 63 28 91 60 64 27 41 27 73 37 12 69 68 30 83 31 63 24 68 36 30 3 23 59 70 68 94 57 12 43 30 74 22 20 85 38 99 25 16 71 14 27 92 81 57 74 63 71 97 82 6 26 85 28 37 6
1 58
2 1 24
2 16 43
1 22
1 3
2 8 21
1 49
1 15
1 58
2 8 15
1 31
1 31
2 5 17
1 61
2 59 64
1 41
2 52 60
1 52
1 17
1 44
1 9
2 40 66
1 54
1 58
2 22 26
2 28 36
2 20 22
1 12
2 18 55
1 48
2 11 63
2 51 54
2 43 60
1 59
2 47 64
1 60
1 38
1 46
2 60 66
1 9
1 56
1 26
1 45
1 61
1 60
1 40
2 14 36
2 29 41
2 24 59
2 31 42
2 21 38
2 20 64
2 27 51
2 49 52
2 21 41
2 14 18
1 27
1 29
1 13
1 22
2 1 60
1 22
1 30
1 30
1 54
1 7
2 57 60
1 52
1 55
1 20
2 40 47
1 66
1 1
2 34 35
1 35
1 12
1 4
2 14 49
1 60
1 21
1 43
1 36
1 23
1 3
1 34
1 15
1 61
1 30
2 21 47
2 22 30
2 23 32
1 5
2 50 60
2 34 35
