86 78
42 68 35 1 70 25 79 59 63 65 6 46 82 28 62 92 96 43 28 37 92 5 3 54 93 83 22 17 19 96 48 27 72 39 70 13 68 100 36 95 4 12 23 34 74 65 42 12 54 69 48 45 63 58 38 60 24 42 30 79 17 36 91 43 89 7 41 43 65 49 47 6 91 30 71 51 7 2 94 49 30 24 85 55 57 41
1 67
2 3 79
2 31 58
2 37 39
1 54
2 18 70
2 1 75
1 46
1 26
1 34
2 7 67
1 68
2 8 24
1 79
1 46
1 82
2 6 9
2 3 13
1 86
1 35
1 62
2 34 72
2 62 76
2 52 68
2 41 56
1 59
1 73
1 74
1 41
2 15 22
1 82
1 70
1 34
2 77 86
1 58
1 1
1 39
2 1 66
1 61
2 5 54
2 17 75
1 5
2 31 38
2 38 53
2 14 35
2 24 55
2 16 49
2 4 47
2 9 81
2 1 33
1 16
2 14 23
2 68 84
2 40 75
2 3 53
1 83
1 17
1 60
2 60 73
2 5 59
1 81
1 14
1 74
1 86
2 13 65
2 35 55
1 18
1 29
1 71
2 28 54
1 23
1 38
1 3
2 24 46
2 11 29
2 2 49
1 17
2 38 60
