82 81
42 68 35 1 70 25 79 59 63 65 6 46 82 28 62 92 96 43 28 37 92 5 3 54 93 83 22 17 19 96 48 27 72 39 70 13 68 100 36 95 4 12 23 34 74 65 42 12 54 69 48 45 63 58 38 60 24 42 30 79 17 36 91 43 89 7 41 43 65 49 47 6 91 30 71 51 7 2 94 49 30 24
1 29
1 33
1 79
2 53 69
2 8 27
2 47 55
1 52
2 38 78
2 57 73
1 38
1 22
1 20
2 29 49
1 8
2 14 76
1 43
1 60
1 52
2 40 77
2 45 81
1 50
1 27
1 30
2 22 50
2 38 70
2 22 54
2 1 32
1 27
1 37
1 14
1 81
2 16 67
1 46
1 38
1 6
2 24 77
1 42
1 27
1 5
2 43 76
1 49
2 54 61
2 15 59
1 17
2 39 58
2 16 49
2 43 44
2 3 18
2 73 76
2 2 19
2 3 69
2 21 75
1 56
2 67 80
2 60 76
2 30 41
2 27 69
1 59
1 35
1 30
2 48 53
2 7 55
1 75
1 72
1 56
1 42
2 11 51
2 11 49
1 48
1 15
1 49
2 22 62
1 65
1 70
1 73
2 18 42
2 13 23
2 53 74
1 51
2 56 68
1 36
