21 83
84 87 78 16 94 36 87 93 50 22 63 28 91 60 64 27 41 27 73 37 12
1 13
2 3 6
1 14
2 6 20
1 4
1 18
2 2 8
2 16 17
2 13 15
1 11
1 3
2 16 18
1 8
1 9
2 12 12
1 11
2 7 12
2 6 18
1 19
2 13 15
2 4 10
1 10
1 15
2 8 15
1 13
1 12
1 1
2 2 9
1 19
1 1
2 2 5
1 19
2 8 19
1 8
2 13 15
1 4
1 14
1 5
1 21
2 1 21
1 9
1 4
2 4 5
2 4 6
2 19 20
1 6
2 15 16
1 9
2 6 8
2 12 12
2 4 12
1 11
2 10 11
1 12
1 20
1 13
2 12 15
1 3
1 14
1 8
1 6
1 19
1 18
1 1
2 2 18
2 8 17
2 14 15
2 3 13
2 15 17
2 5 16
2 6 18
2 4 19
2 14 21
2 17 21
1 15
1 5
1 1
1 7
2 7 12
1 1
1 9
1 21
1 9
