27 89
84 87 78 16 94 36 87 93 50 22 63 28 91 60 64 27 41 27 73 37 12 69 68 30 83 31 63
2 11 11
2 1 19
1 6
2 11 26
2 17 25
2 3 10
1 5
1 3
2 3 22
1 11
1 9
2 24 24
1 23
2 1 15
2 3 9
1 13
2 3 19
2 1 19
1 16
1 24
2 8 15
1 16
1 24
1 7
2 2 9
1 16
1 19
2 17 20
1 22
2 1 2
1 20
2 22 24
1 7
1 26
1 17
1 9
2 15 16
1 24
1 16
2 7 23
2 4 12
2 13 14
1 15
2 6 7
1 3
2 11 12
2 3 27
2 1 12
1 26
2 4 23
1 12
1 11
1 7
2 21 21
1 9
1 2
1 2
1 18
1 7
1 15
1 16
2 5 9
2 5 8
2 20 27
2 3 4
2 9 26
2 2 22
2 12 15
2 7 16
2 2 12
2 26 27
1 24
1 8
1 4
1 7
2 10 21
1 13
1 3
1 6
1 21
1 7
2 3 12
1 13
1 7
1 26
2 19 23
1 15
1 22
2 14 22
