69 65
84 87 78 16 94 36 87 93 50 22 63 28 91 60 64 27 41 27 73 37 12 69 68 30 83 31 63 24 68 36 30 3 23 59 70 68 94 57 12 43 30 74 22 20 85 38 99 25 16 71 14 27 92 81 57 74 63 71 97 82 6 26 85 28 37 6 47 30 14
2 16 16
1 13
1 52
1 42
2 44 60
1 58
1 24
1 19
2 14 57
1 19
1 40
2 2 59
1 64
2 19 50
1 65
2 7 18
1 19
1 8
1 26
1 60
2 9 67
1 54
1 46
2 16 41
2 1 57
2 35 46
1 15
2 7 48
1 24
2 26 45
2 48 51
2 1 39
1 47
2 2 40
1 15
1 11
1 22
2 12 57
1 24
1 23
1 20
1 54
1 64
1 39
1 31
2 2 51
2 29 50
2 5 39
2 16 60
2 12 14
2 28 68
2 12 21
2 31 40
2 5 57
2 18 26
1 15
1 53
1 67
1 16
2 9 37
1 64
1 9
1 12
1 6
1 58
